kinase|substrate_motif|ksf2_pred
Q13131|Q13232_LIGATNPAD|0.0
Q13131|Q13232_LIHGSDSVE|0.0
Q13131|Q13232_DSVESARRE|0.001
Q13131|O00746_VRHGSGGPS|0.02
Q13131|O00746_GPSWTRERT|0.002
Q13131|O00746_LAEHYQDLR|0.0
Q13131|O00746_ALIRYMSSG|0.006
Q13131|O00746_IRYMSSGPV|0.235
Q13131|O00746_VWEGYNVVR|0.428
Q13131|O00746_VIHASDSVE|0.559
Q13131|O75414_VAPDSIRGS|0.014
Q13131|Q13287_MKFLSVETP|0.002
Q13131|Q13287_SKVPYEIQK|0.0
Q13131|Q13287_VPLNSGVRF|0.583
Q13131|Q13287_KLELSFSKS|0.0
Q13131|Q13287_ELSFSKSRN|0.012
Q13131|Q13287_YDRQSGSAV|0.479
Q13131|Q13287_RQSGSAVIT|0.248
Q13131|Q13287_SAVITFVEI|0.0
Q13131|Q13287_TVSPYTEIH|0.879
Q13131|Q9HAN9_NSEKTEVVL|0.048
Q13131|Q9HAN9_GTGRYTVVK|0.454
Q13131|Q9HAN9_VGDAYKKKG|0.001
Q13131|Q9HAN9_LIPAYHRVI|0.235
Q13131|Q9HAN9_KLEASDCDH|0.0
Q13131|Q9BZQ4_ETTKTHVIL|0.0
Q13131|Q9BZQ4_FNPITKGHI|0.04
Q13131|Q9BZQ4_ILRKYKNNI|0.0
Q13131|Q9BZQ4_HVVDYLSQP|0.139
Q13131|Q9BZQ4_PVIDYILKS|0.004
Q13131|Q96T66_QTGMYQVIQ|0.539
Q13131|Q96T66_PVNDTYGKK|0.53
Q13131|Q9HBL8_MPEKYVGQN|0.0
Q13131|P30419_HEHCSDCEN|0.0
Q13131|P30419_PANDTGAKK|0.0
Q13131|P30419_KEKGSETDS|0.0
Q13131|P30419_KGSETDSAQ|0.001
Q13131|P30419_SETDSAQDQ|0.0
Q13131|P30419_ASKRSYQFW|0.0
Q13131|P30419_YWHRSLNPR|0.0
Q13131|P30419_SRNMTMQRT|0.003
Q13131|P30419_RPMETKDIP|0.0
Q13131|P30419_YNVHTQTPL|0.0
Q13131|O60551_EDSESAASQ|0.0
Q13131|O60551_EKPNSGGTK|0.148
Q13131|O60551_NSGGTKSDS|0.721
Q13131|O60551_GGTKSDSAS|0.965
Q13131|O60551_TKSDSASDS|0.989
Q13131|O60551_SDSASDSQE|0.805
Q13131|O60551_VGFISAIPA|0.419
Q13131|O60551_FQAVYTAGV|0.005
Q13131|O60551_YWHRSLNPR|0.482
Q13131|Q9HB89_VTALSVERY|0.0
Q13131|Q9HB89_SVERYVAVV|0.0
Q13131|Q9HB89_LQARSMVTR|0.0
Q13131|Q9HB89_RSMVTRAHV|0.609
Q13131|Q9GZQ4_SRTNYQSFH|0.005
Q13131|Q9UPW5_RREMTAKGS|0.0
Q13131|Q9UPW5_TAKGSTGME|0.0
Q13131|Q9UPW5_AKGSTGMEI|0.0
Q13131|Q9UPW5_GRRVSFLVT|0.527
Q13131|Q9UPW5_IGPFSKKNS|0.0
Q13131|Q9UPW5_QSLKSVTNI|0.0
Q13131|Q9UPW5_LKSVTNIKL|0.0
Q13131|Q9UPW5_SCKVTSPTT|0.458
Q13131|Q9UPW5_NVGDYEPSA|0.0
Q13131|Q16517_VFRYSLQKL|0.0
Q13131|P40261___MESGFTS|0.564
Q13131|P40261_SKDTYLSHF|0.209
Q13131|P40261_YLEKYYKFG|0.023
Q13131|P40261_LEKYYKFGS|0.002
Q13131|P40261_HSAESQILK|0.63
Q13131|P40261_AFDWSPVVT|0.49
Q13131|P40261_PVVTYVCDL|0.323
Q13131|P40261_LKSSYYMIG|0.0
Q13131|P40261_KSSYYMIGE|0.454
Q13131|P29475_SGKQSPTKN|0.0
Q13131|P29475_KEIDTTSTY|0.0
Q13131|P29475_IDTTSTYQL|0.0
Q13131|P29475_NHVKYATNK|0.0
Q13131|P29475_DNSRYNILE|0.187
Q13131|P29475_VWKGTNGTP|0.031
Q13131|P29475_ILYATETGK|0.773
Q13131|P29475_YATETGKSQ|0.0
Q13131|P29475_VSSYSDSQK|0.055
Q13131|P29475_SYSDSQKSS|0.523
Q13131|P29475_NVRFSVFGL|0.783
Q13131|P29475_CGDVTMAAD|0.085
Q13131|P29475_QGKLSAEDA|0.0
Q13131|P29475_GVFISRMRD|0.605
Q13131|Q13423_RVALSPAGV|0.0
Q13131|Q13423_EVLASDLVV|0.0
Q13131|Q13423_KTSGTLISF|0.0
Q13131|Q13423_HKGITHIGY|0.0
Q13131|Q13423_THIGYTDLP|0.0
Q13131|Q13423_HIGYTDLPS|0.0
Q13131|Q13423_SRMATQAST|0.0
Q13131|Q13423_SNNITKLLK|0.0
Q13131|Q13423_KDNFYFDVK|0.0
Q13131|Q13423_FPAPTPKNI|0.0
Q13131|Q13423_LAQMSGAMA|0.0
Q13131|Q13423_GLLKSAPLL|0.784
Q13131|Q13423_AKAQYPIAD|0.0
Q13131|Q9H6W3_PQPHSGSVL|0.34
Q13131|Q9H6W3_PHSGSVLAL|0.004
Q13131|Q9H6W3_RSVVSRMAA|0.327
Q13131|Q9H6W3_AALRTQTLP|0.0
Q13131|Q9H6W3_QTLPSENSE|0.681
Q13131|Q9H6W3_PSENSEESR|0.0
Q13131|Q9H6W3_NSEESRVES|0.0
Q13131|Q9H6W3_SRVESTADD|0.106
Q13131|Q9H6W3_NRIPSSRRR|0.394
Q13131|Q9H6W3_RIPSSRRRA|0.291
Q13131|Q9ULX3_REVVTEIRD|0.507
Q13131|Q9ULX3_RDKATRRRL|0.579
Q13131|Q9ULX3_PLPEYVRLV|0.498
Q13131|Q9ULX3_PPQETEKGH|0.028
Q13131|Q9ULX3_GGWITPSNI|0.035
Q13131|Q9ULX3_RVFCSHCGN|0.422
Q13131|Q9ULX3_CGNKTLKKV|0.0
Q13131|Q9ULX3_RGLRYSLPT|0.001
Q13131|Q9ULX3_YSLPTPKGG|0.0
Q13131|Q9ULX3_KGGKYAINP|0.0
Q13131|Q9ULX3_NPHLTEDQR|0.0
Q13131|Q9ULX3_ARQKTNVFA|0.461
Q13131|Q9ULX3_FAPDYIAGV|0.0
Q13131|Q9ULX3_QVRDSTLGA|0.005
Q13131|Q9ULX3_NPNASRKKF|0.0
Q13131|O60393_KRELTRGQK|0.001
Q13131|O60393_KRSYSPAPG|0.027
Q13131|O60393_SARATHNPV|0.001
Q13131|O60393_KKTRTLYRS|0.147
Q13131|O60393_TLYRSDQLE|0.388
Q13131|O60393_TVGVTPQRI|0.001
Q13131|O60393_QRVVTPPLF|0.0
Q13131|O60393_PPLFSPPPV|0.0
Q13131|Q9Y3T9_LAELTVDEF|0.008
Q13131|Q9Y3T9_PQAETREAR|0.971
Q13131|Q9Y3T9_GKKNSVPVT|0.433
Q13131|Q9Y3T9_SVPVTVAMV|0.144
Q13131|Q9Y3T9_MLQPSSSPL|0.183
Q13131|Q9Y3T9_RNAMTTRKK|0.938
Q13131|Q9Y3T9_LTLEYLHSQ|0.824
Q13131|Q9Y3T9_REEGTPLTL|0.428
Q13131|Q9Y3T9_GTPLTLYYS|0.422
Q13131|Q9Y3T9_PLTLYYSHW|0.014
Q13131|Q9Y3T9_TLYYSHWRK|0.498
Q13131|Q9Y3T9_QLEISGKER|0.986
Q13131|Q8WTT2_FKQQSTLKK|0.0
Q13131|Q8WTT2_KQQSTLKKY|0.0
Q13131|Q8WTT2_GQRVSFLTR|0.639
Q13131|Q8WTT2_RDLSSSEPV|0.02
Q13131|Q8WTT2_IIDKYEKIP|0.0
Q13131|Q8WTT2_IKDKSGIIP|0.0
Q13131|Q8WTT2_LVIVSLMEL|0.001
Q13131|Q8WTT2_ITPSYKIRP|0.0
Q13131|Q8WTT2_EKRKSLSRM|0.552
Q13131|Q8WTT2_LKLHTETLN|0.0
Q13131|Q8WTT2_LHTETLNIV|0.004
Q13131|Q8WTT2_LIKRYSSEV|0.001
Q13131|Q8WTT2_DFTKYLKTS|0.0
Q13131|Q9BVI4_VRTCSRLFG|0.0
Q13131|Q9BVI4_EMVMTGSQG|0.203
Q13131|Q9BVI4_VMTGSQGAT|0.276
Q13131|Q9BVI4_WEGNYLFPR|0.0
Q13131|Q9BVI4_QFREYLDYD|0.0
Q13131|Q9Y239_PVSRYTQQL|0.0
Q13131|Q9Y239_QRLQSLWAT|0.02
Q13131|Q9Y239_LTARTGIEV|0.005
Q13131|Q9Y239_KNKITSEGG|0.0
Q13131|Q9Y239_NKITSEGGK|0.678
Q13131|Q9HC29_LDLATVKAN|0.495
Q13131|Q9HC29_SRFLSTYDG|0.0
Q13131|Q9HC29_RFLSTYDGA|0.0
Q13131|Q9HC29_TDPTSVQTL|0.0
Q13131|Q9HC29_RKVVTSRPA|0.262
Q13131|Q9HC29_KVVTSRPAA|0.0
Q13131|Q9HC29_LQETSALHG|0.038
Q13131|Q9HC29_SWMVSKCHQ|0.514
Q13131|Q9HC29_WLIRSLYEM|0.447
Q13131|Q9HC29_IRSLYEMQE|0.0
Q13131|Q9HC29_LKKNSSLKI|0.0
Q13131|Q9HC29_KKNSSLKIL|0.0
Q13131|Q9HC29_LRGNTFSLE|0.003
Q13131|Q9HC29_GNTFSLEEV|0.038
Q13131|Q13253_FWPRYVKVG|0.0
Q13131|Q9NQC3_PAFKYQFVR|0.005
Q13131|Q9NQC3_SWDPSPVSS|0.0
Q13131|Q9NQC3_PSPVSSTVP|0.0
Q13131|Q9NQC3_SPVSSTVPA|0.299
Q13131|Q9NQC3_PVSSTVPAP|0.0
Q13131|Q9NQC3_VPAPSPLSA|0.349
Q13131|Q9NQC3_PSPLSAAAV|0.0
Q13131|Q9NQC3_AAAVSPSKL|0.609
Q13131|Q9NQC3_PASVSPQAE|0.0
Q13131|Q9NQC3_EPVWTPPAP|0.561
Q13131|Q9NQC3_ETAASLPSL|0.471
Q13131|Q9NQC3_EKAKTLLID|0.0
Q13131|Q9NQC3_MREEYADFK|0.0
Q13131|Q9NQC3_SNLESKVDK|0.728
Q13131|Q9NQC3_SFPSTPEGI|0.493
Q13131|Q9NQC3_SSVNYESIK|0.001
Q13131|Q9NQC3_NPPPYEEAM|0.0
Q13131|Q9NQC3_DFSDYSEMA|0.0
Q13131|Q9NQC3_KQDETVMLV|0.488
Q13131|Q9NQC3_TSFESMIEY|0.74
Q13131|Q9NQC3_SMIEYENKE|0.0
Q13131|Q9NQC3_VSTLSKKEK|0.699
Q13131|Q9NQC3_STAVYSNDD|0.013
Q13131|Q9NQC3_PTLISSKTD|0.0
Q13131|Q9NQC3_ISSKTDSFS|0.052
Q13131|Q9NQC3_SKTDSFSKL|0.313
Q13131|Q9NQC3_LAREYTDLE|0.005
Q13131|Q9NQC3_PHDLSLKNI|0.0
Q13131|Q9NQC3_NGSATSKVL|0.016
Q13131|Q9NQC3_GSATSKVLL|0.618
Q13131|Q9NQC3_DRSPSAIFS|0.668
Q13131|Q9NQC3_AIQKSDEGH|0.005
Q13131|Q9NQC3_ISLFSVPVI|0.0
Q13131|Q9NQC3_QIDHYLGLA|0.0
Q13131|Q9NQC3-2_KRRGSSGSV|0.07
Q13131|Q9NQC3-2_RRGSSGSVV|0.0
Q13131|Q9BSC4_YDLRSDKPL|0.382
Q13131|Q9BSC4_KMGIYYIPV|0.436
Q13131|Q9BSC4_MGIYYIPVL|0.005
Q13131|Q9BSC4_HLIGSPFLR|0.0
Q13131|Q9BSC4_VDEESEEFR|0.436
Q13131|Q9BSC4_EGKPSDAES|0.605
Q13131|Q9BSC4_SDAESSESS|0.044
Q13131|Q9BSC4_DAESSESSD|0.244
Q13131|Q9BSC4_ESSESSDDE|0.335
Q13131|Q9BSC4_SSESSDDEK|0.567
Q13131|Q9BSC4_KPQFYEIKA|0.133
Q13131|Q9BSC4_SFKDSATKQ|0.71
Q13131|Q9BSC4_TLSVSDTTV|0.677
Q13131|Q9BSC4_RLRRSAGHL|0.533
Q13131|Q9BSC4_KRGRSFH__|0.633
Q13131|Q9H8H0_DSGRTVILY|0.0
Q13131|Q9H8H0_TVILYKVSD|0.133
Q13131|Q9H8H0_LYKVSDQKP|0.165
Q13131|Q9H8H0_LGSWSVKQG|0.076
Q13131|Q9H8H0_YRILSVQGT|0.581
Q13131|Q9H8H0_ETVISDEEV|0.502
Q13131|Q9H8H0_QMFNSRILT|0.0
Q13131|Q9H8H0_KIEVSLQPE|0.055
Q13131|Q9H8H0_KQLLSTIMK|0.436
Q13131|Q9H8H0_QLLSTIMKD|0.007
Q13131|Q9H8H0_IMKDSEKHI|0.0
Q13131|Q9H8H0_HSAYSETFL|0.022
Q13131|Q9H8H0_AYSETFLLP|0.0
Q13131|O94818_WCLRTYGDS|0.0
Q13131|O94818_CLRTYGDSG|0.0
Q13131|O94818_TRKKYERIV|0.0
Q13131|O94818_NLSDSPLSA|0.0
Q13131|O94818_RENGSKSPA|0.0
Q13131|O94818_NGSKSPAHS|0.0
Q13131|O94818_HSYSSYDSG|0.0
Q13131|O94818_SYSSYDSGK|0.0
Q13131|O94818_SSYDSGKNE|0.0
Q13131|Q96MY1_ASSLSPSQD|0.0
Q13131|Q96MY1_SRVKYGVKT|0.043
Q13131|Q96MY1_YGVKTTPES|0.0
Q13131|Q96MY1_KMNDSEGMD|0.594
Q13131|Q96MY1_HSRDSAAIT|0.0
Q13131|Q96MY1_SAAITHSTY|0.0
Q13131|Q96MY1_STTPTPTPS|0.0
Q13131|Q96MY1_QLSPTEISA|0.001
Q13131|O00567_LLLETHLPS|0.247
Q13131|O00567_THLPSKKKK|0.0
Q13131|O00567_GLGHSYSRA|0.663
Q13131|O00567_EWYGYHFPE|0.0
Q13131|O00567_DNATYCRLA|0.0
Q13131|O00567_IESFSSRVV|0.0
Q13131|O00567_SLSEYRQSL|0.029
Q13131|O00567_AGSLTNLAK|0.407
Q13131|O00567_LALASSENS|0.518
Q13131|O00567_ALASSENSS|0.652
Q13131|O00567_SSENSSSTP|0.0
Q13131|O00567_CEEMSEKPK|0.009
Q13131|O00567_MEDPSISFS|0.318
Q13131|O00567_DPSISFSKP|0.146
Q13131|O00567_AGSTSIPKR|0.283
Q13131|O00567_AGHRSGSKK|0.501
Q13131|O00567_VGKSSSKKK|0.0
Q13131|O00567_FHKASQED_|0.549
Q13131|Q9H6R4_ALEGTGKEG|0.499
Q13131|Q9H6R4_SRKRTLAEP|0.241
Q13131|Q9H6R4_RKIHTTMSG|0.892
Q13131|Q9H6R4_SLRDTAASL|0.512
Q13131|Q9H6R4_DTAASLRLE|0.001
Q13131|Q9H6R4_LFLVSTFDW|0.008
Q13131|Q9H6R4_QAVDSPAAS|0.0
Q13131|Q9H6R4_SPAASFCRG|0.0
Q13131|Q9H6R4_QPGPSSLMP|0.0
Q13131|Q9UMY1_LTFASAQAE|0.0
Q13131|Q9UMY1_EKLTTASQT|0.589
Q13131|Q9UMY1_VQSVSQNKS|0.001
Q13131|Q9UMY1_QNKSYLAVR|0.395
Q13131|Q76FK4_FGEVSDVEI|0.0
Q13131|Q76FK4_AVPGTEVPG|0.0
Q13131|Q76FK4_AQKRTCDSI|0.0
Q13131|Q76FK4_PVPVSDTQK|0.0
Q13131|Q76FK4_TTQPSINES|0.001
Q13131|Q76FK4_HKLHSLIGL|0.0
Q13131|Q76FK4_KVKNSTEFS|0.0
Q13131|Q76FK4_TKKTSFKNR|0.0
Q13131|Q76FK4_NCELSDHCI|0.0
Q13131|Q76FK4_EDTKSDGPE|0.0
Q13131|Q76FK4_FDRGSKSPK|0.0
Q13131|Q76FK4_RGSKSPKTP|0.0
Q13131|Q76FK4_KSPKTPTGL|0.0
Q13131|Q76FK4_PSIISMEDG|0.0
Q13131|Q76FK4_MEDGSPYVN|0.0
Q13131|Q76FK4_LGEVTPCQH|0.0
Q13131|Q76FK4_TTFESQDRK|0.0
Q13131|Q76FK4_KNPISRPLE|0.0
Q13131|Q76FK4_FDKDSCHST|0.0
Q13131|Q76FK4_KTEASQEER|0.0
Q13131|Q76FK4_KEEGTPWNE|0.0
Q13131|Q76FK4_GSNMSRNSW|0.0
Q13131|Q5SY16__MADSGLLL|0.134
Q13131|Q5SY16_TATPSPIPS|0.0
Q13131|Q5SY16_SPIPSPTPA|0.0
Q13131|Q5SY16_PTPASEPES|0.0
Q13131|Q5SY16_SEPESEPEL|0.0
Q13131|Q5SY16_FVQESPTPQ|0.0
Q13131|Q5SY16_NYENYIDIV|0.0
Q13131|Q5SY16_DIVKYVFSA|0.0
Q13131|Q5SY16_IRLLSPSHV|0.0
Q13131|Q5SY16_PVEFTGHKL|0.396
Q13131|Q5SY16_THILYAVNA|0.495
Q13131|Q9NY12_NKVPYFNAP|0.35
Q13131|Q9NY12_NAPVYLENK|0.362
Q13131|Q9NY12_LRDFYFSVK|0.589
Q13131|Q9NY12_YIDPYKLLP|0.515
Q13131|Q9NX24_TRKLYKCIK|0.365
Q13131|Q14978_FAKATGATQ|0.0
Q13131|Q14978_ATGATQQDA|0.0
Q13131|Q14978_LDIYSFWLK|0.0
Q13131|Q14978_AAKASESSS|0.125
Q13131|Q14978_SESSSSEES|0.0
Q13131|Q14978_SSEESSDDD|0.0
Q13131|Q14978_ITPVTVKAQ|0.387
Q13131|Q14978_GKAASSSSS|0.0
Q13131|Q14978_KAASSSSSS|0.0
Q13131|Q14978_AASSSSSSS|0.0
Q13131|Q14978_ASSSSSSSS|0.003
Q13131|Q14978_SSSSSSSSS|0.0
Q13131|Q14978_SSSSSSSSD|0.0
Q13131|Q14978_KPGPYSSVP|0.0
Q13131|Q14978_PGPYSSVPP|0.536
Q13131|Q14978_GPYSSVPPP|0.225
Q13131|Q14978_VPPPSAPPP|0.0
Q13131|Q14978_DESDSSSEE|0.0
Q13131|Q14978_KAAESSSDS|0.0
Q13131|Q14978_DEAPSKPAG|0.003
Q13131|Q14978_KPAGTTKNS|0.001
Q13131|Q14978_PAGTTKNSS|0.0
Q13131|Q14978_EEEKTKKMV|0.0
Q13131|Q14978_SRDSSSDSD|0.0
Q13131|Q14978_SSSDSDSSS|0.0
Q13131|Q14978_DSDSSSSEE|0.0
Q13131|Q14978_SDSSSSEEE|0.0
Q13131|Q14978_IEVDSRVAD|0.747
Q13131|Q14978_VLKFTKGKS|0.524
Q13131|Q14978_TKGKSFRHE|0.613
Q13131|Q14978_RHEKTKKKR|0.0
Q13131|Q14978_KRGSYRGGS|0.019
Q13131|Q14978_VQVNSIKFD|0.612
Q13131|Q5C9Z4_GPGGSQGRV|0.0
Q13131|Q5C9Z4_KKDGSSSVP|0.0
Q13131|Q5C9Z4_DGLDYILGA|0.0
Q13131|Q5C9Z4_DGDITDKSL|0.001
Q13131|Q5C9Z4_PNMASISGQ|0.16
Q13131|Q5C9Z4_KLIGTFTEK|0.0
Q13131|Q5C9Z4_IGTFTEKDI|0.0
Q13131|Q5C9Z4_TEAQTKASG|0.0
Q13131|Q5C9Z4_QLVGTVSSK|0.0
Q13131|Q5C9Z4_SLSLSILKV|0.06
Q13131|Q15155_GVQVSLRNT|0.001
Q13131|Q15155_LPGDYEILA|0.0
Q13131|Q15155_KEHLYFETV|0.0
Q13131|Q15155_EQAFYTYDT|0.0
Q13131|Q15155_QAFYTYDTS|0.0
Q13131|Q15155_YTYDTSSPS|0.0
Q13131|Q15155_PSILTLTAI|0.0
Q13131|Q15155_KGASSPLIT|0.012
Q13131|Q15155_GPLHSDLEY|0.0
Q13131|Q15155_SDLEYTVTS|0.0
Q13131|Q15155_DGENYVVLL|0.0
Q13131|Q15155_PRSQYDYIL|0.0
Q13131|Q15155_SQYDYILPQ|0.0
Q13131|Q15155_TAVGYHKHI|0.0
Q13131|Q15155_ASDNSGPED|0.0
Q13131|Q5JPE7_LPGDYEILA|0.0
Q13131|Q5JPE7_KEHLYFETV|0.0
Q13131|Q5JPE7_EQAFYTYDT|0.0
Q13131|Q5JPE7_QAFYTYDTS|0.0
Q13131|Q5JPE7_YTYDTSSPS|0.0
Q13131|Q5JPE7_PSILTLTAI|0.0
Q13131|Q5JPE7_KGASSPLIT|0.001
Q13131|Q5JPE7_GPLHSDLEY|0.0
Q13131|Q5JPE7_SDLEYTVTS|0.0
Q13131|Q5JPE7_DGENYVVLL|0.0
Q13131|Q5JPE7_PRSQYDYIL|0.0
Q13131|Q5JPE7_SQYDYILPQ|0.0
Q13131|Q5JPE7_TAVGYHKHI|0.0
Q13131|Q5JPE7_GQAASDNSG|0.198
Q13131|P69849_GVQVSLRNT|0.0
Q13131|P69849_LPGDYEILA|0.0
Q13131|P69849_KEHLYFETV|0.0
Q13131|P69849_RFPDTVKQM|0.0
Q13131|P69849_EQAFYTYDT|0.0
Q13131|P69849_QAFYTYDTS|0.0
Q13131|P69849_YTYDTSSPS|0.0
Q13131|P69849_PSILTLTAI|0.0
Q13131|P69849_KGASSPLIT|0.0
Q13131|P69849_GPLHSDLEY|0.0
Q13131|P69849_SDLEYTVTS|0.0
Q13131|P69849_DGENYVVLL|0.0
Q13131|P69849_GQAASDNSG|0.0
Q13131|P69849_ASDNSGPED|0.0
Q13131|Q15233_PPDITEEEM|0.0
Q13131|Q15233_SASLTVRNL|0.682
Q13131|Q15233_CSEGSFLLT|0.672
Q13131|Q15233_GSFEYEYAM|0.0
Q13131|Q15233_FEYEYAMRW|0.0
Q13131|Q15233_GFKGTFPDA|0.331
Q13131|Q15233_VPAGTPAPP|0.457
Q13131|Q15233_PGPATMMPD|0.522
Q13131|Q15233_LTPPTTERF|0.0
Q13131|Q15233_KRRRY____|0.017
Q13131|P78316_RRKASGAPA|0.0
Q13131|P78316_AKANSNPFE|0.0
Q13131|P78316_LLKEYKERD|0.0
Q13131|P78316_RFGEYNSNM|0.507
Q13131|P78316_GEYNSNMSP|0.0
Q13131|P78316_QTLLSHKTP|0.101
Q13131|P78316_KTPKSENRD|0.56
Q13131|P78316_KPDAYDMMV|0.391
Q13131|P78316_PKHMSADDL|0.123
Q13131|P78316_RRLLSYKDG|0.564
Q13131|P78316_RLLSYKDGK|0.491
Q13131|P78316_EQRQTPGKG|0.493
Q13131|P78316_LKLFTPRLV|0.0
Q13131|P46087_SDENSKRLS|0.373
Q13131|P46087_PKGISAGAV|0.402
Q13131|P46087_GAVQTAGKK|0.307
Q13131|P46087_KGPQSLFNA|0.352
Q13131|P46087_PAPGSDEEE|0.0
Q13131|P46087_EEEDSEEDG|0.0
Q13131|P46087_YGADSNSED|0.0
Q13131|P46087_ADSNSEDEE|0.0
Q13131|P46087_VTPESGPPK|0.002
Q13131|P46087_EEGRSRSEY|0.018
Q13131|P46087_GRSRSEYLN|0.018
Q13131|P46087_IISHYDGRQ|0.216
Q13131|P46087_TATPTNVDL|0.003
Q13131|P46087_VIPKSENSS|0.0
Q13131|P46087_KSENSSQPA|0.0
Q13131|P46087_SENSSQPAK|0.0
Q13131|P46087_SFQDSSQPA|0.0
Q13131|P46087_LKQRSPKLQ|0.052
Q13131|P46087_TDTQTPAVL|0.288
Q13131|P46087_SPSKTQATL|0.385
Q13131|P46087_PQPPTVSPI|0.108
Q13131|P46087_KKSQSRGNS|0.489
Q13131|P46087_SRGNSQLLL|0.514
Q13131|Q9Y2X3_TSVGYAIFK|0.0
Q13131|Q9Y2X3_KLNLSCIHS|0.005
Q13131|Q9Y2X3_RGIRSQMDG|0.0
Q13131|Q9Y2X3_GLAHSLSRY|0.436
Q13131|Q9Y2X3_AHSLSRYRL|0.0
Q13131|Q9Y2X3_ELNNYIMRC|0.0
Q13131|Q9Y2X3_SEYRTQLYE|0.0
Q13131|Q9Y2X3_RTQLYEYLQ|0.0
Q13131|Q9Y2X3_DTPKYGLIY|0.0
Q13131|Q9Y2X3_YGLIYHASL|0.0
Q13131|Q9Y2X3_IYHASLVGQ|0.144
Q13131|Q9Y2X3_FGEDSSSAM|0.091
Q13131|Q9Y2X3_ARLRTLEDR|0.0
Q13131|Q9Y2X3_IRKISGTGK|0.071
Q13131|Q9Y2X3_KTEKYEHKS|0.0
Q13131|Q9Y2X3_PSGDSTLPT|0.0
Q13131|Q9Y2X3_SGDSTLPTC|0.37
Q13131|Q9Y2X3_STLPTCSKK|0.015
Q13131|Q86U38_GAKGSGRPL|0.519
Q13131|Q86U38_PAPDSHPHL|0.0
Q13131|Q86U38_HPHLSPEAL|0.0
Q13131|Q86U38_RLLGSAAEE|0.003
Q13131|Q86U38_RGSQSSEAQ|0.0
Q13131|Q86U38_EAQKTPAQE|0.0
Q13131|Q86U38_AILTSPSVT|0.0
Q13131|Q86U38_LTSPSVTRK|0.0
Q13131|Q86U38_RALNSILED|0.304
Q13131|Q8N5I9_KPKASPSCS|0.0
Q13131|Q8N5I9_CSSPTRDSS|0.0
Q13131|Q8N5I9_SRKTSTLQT|0.0
Q13131|Q8N5I9_SSEESSQDS|0.0
Q13131|Q8N5I9_SEESSQDSS|0.0
Q13131|Q8TDY8_RCVATNSAR|0.0
Q13131|Q8TDY8_PGPFSRLQD|0.0
Q13131|Q8TDY8_PPAGTGQTL|0.0
Q13131|Q8TDY8_PDRLTCLPE|0.0
Q13131|Q8TDY8_PLGASPGLP|0.0
Q13131|O75052_MPSKTKYNL|0.0
Q13131|O75052_SKTKYNLVD|0.277
Q13131|O75052_KKEWTWDES|0.0
Q13131|O75052_QDPIYRIFY|0.0
Q13131|O75052_GRQLTGAER|0.002
Q13131|O75052_ASTATAEET|0.0
Q13131|O75052_KEGGSHTGS|0.167
Q13131|O75052_ELKLSGQNA|0.486
Q13131|O75052_LLEITFRSG|0.0
Q13131|Q9Y314_AGAVYTYHE|0.395
Q13131|Q9Y314_GAVYTYHEK|0.665
Q13131|Q9Y314_AVYTYHEKK|0.368
Q13131|Q9Y314_DTAASGYGT|0.273
Q13131|Q9Y314_AASGYGTQN|0.0
Q13131|Q9Y314_KQRGTRREE|0.849
Q13131|Q9Y314_VGPPSKDKD|0.52
Q13131|Q9Y314_MSDLTPVHF|0.76
Q13131|Q9Y314_VGLITRSER|0.013
Q13131|Q9Y314_LITRSERYV|0.945
Q13131|Q9Y314_GFAGSGVKL|0.924
Q13131|Q8IVI9_KKRKSLDNE|0.0
Q13131|Q8IVI9_KLMVSTKKH|0.101
Q13131|Q8IVI9_LMVSTKKHE|0.0
Q13131|Q8IVI9_TENKSEFLL|0.0
Q13131|Q8IVI9_MLKTYSSTS|0.0
Q13131|Q8IVI9_KTYSSTSSF|0.0
Q13131|Q8IVI9_YSSTSSFSD|0.0
Q13131|Q8IVI9_HTHSYVKIS|0.0
Q13131|Q8IVI9_PGSSTPAPG|0.0
Q13131|Q8IVI9_CKALYSFQA|0.0
Q13131|Q8IVI9_KALYSFQAR|0.011
Q13131|Q8IVI9_WWFGSLNGK|0.0
Q13131|Q8IVI9-4_GKCVSDLRY|0.0
Q13131|A5YKK6_LDSLSLALS|0.0
Q13131|A5YKK6_VDNLTKKNY|0.186
Q13131|A5YKK6_SGIWSDGKD|0.0
Q13131|A5YKK6_RRCPSILGG|0.004
Q13131|A5YKK6_SIGGSAAPH|0.0
Q13131|A5YKK6_AAPHTQSMQ|0.0
Q13131|A5YKK6_EANSYFQRI|0.0
Q13131|A5YKK6_KGLVTYMAL|0.018
Q13131|A5YKK6_LALRYVLEA|0.0
Q13131|A5YKK6_TVAKTVTVT|0.0
Q13131|A5YKK6_AKTVTVTRP|0.0
Q13131|A5YKK6_VTRPTGVSF|0.0
Q13131|A5YKK6_SINTTNIDT|0.0
Q13131|A5YKK6_QELLYVVPF|0.0
Q13131|A5YKK6_KIAMTTCEQ|0.0
Q13131|A5YKK6_IAMTTCEQI|0.0
Q13131|A5YKK6_FALDSEESR|0.0
Q13131|A5YKK6_KRLATEFEL|0.289
Q13131|A5YKK6_VVVLSRNSR|0.742
Q13131|A5YKK6_RAYGSPWCN|0.712
Q13131|A5YKK6_VRSNYEAMI|0.0
Q13131|A5YKK6_QASEYDDPP|0.0
Q13131|A5YKK6_LKTRSPVTF|0.387
Q13131|A5YKK6_VTFLSDLRS|0.041
Q13131|A5YKK6_TEGRYLFLN|0.038
Q13131|A5YKK6-4_RYKTYYCLS|0.001
Q13131|A5YKK6-4_FFFVYIWHW|0.0
Q13131|Q9NZN8_EGVDSDYHD|0.269
Q13131|Q9NZN8_VDSDYHDEN|0.0
Q13131|Q9NZN8_DENMYYSQS|0.001
Q13131|Q9NZN8_ENMYYSQSS|0.0
Q13131|Q9NZN8_NMYYSQSSM|0.002
Q13131|Q9NZN8_YYSQSSMFP|0.0
Q13131|Q9NZN8_YSQSSMFPH|0.273
Q13131|Q9NZN8_DMLASPSTS|0.133
Q13131|Q9NZN8_SPSTSGQLS|0.0
Q13131|Q9NZN8_SGQLSQFGA|0.0
Q13131|Q9NZN8_MRGMSNNTP|0.48
Q13131|Q9NZN8_QLNRSLSQG|0.779
Q13131|Q9NZN8_LSQGTQLPS|0.0
Q13131|Q9NZN8_TQLPSHVTP|0.0
Q13131|Q9NZN8_HVTPTTGVP|0.0
Q13131|Q9NZN8_VTPTTGVPT|0.0
Q13131|Q9NZN8_MMNHSQVGQ|0.0
Q13131|Q9NZN8_SRTNSMSSS|0.988
Q13131|Q9NZN8_TNSMSSSGL|0.356
Q13131|Q9NZN8_SGNPTPLIN|0.003
Q13131|Q9NZN8_GRAPYVGMV|0.175
Q13131|Q9NZN8_KDPTSSNDD|0.0
Q13131|Q9NZN8_DPTSSNDDS|0.0
Q13131|Q9NZN8_SNLNTSGKT|0.001
Q13131|Q9NZN8_NLNTSGKTT|0.531
Q13131|Q9NZN8_TSGKTTSST|0.0
Q13131|Q9NZN8_LNLNSPENL|0.0
Q13131|Q9NZN8_PENLYPKFA|0.0
Q13131|Q9NZN8_RDWRYHKEE|0.0
Q13131|Q9NZN8_RVWITRAPG|0.521
Q13131|Q9NZN8_KTNTYERGT|0.0
Q13131|Q9NZN8_RGTYYFFDC|0.0
Q13131|O75175_TSPPSHSHM|0.519
Q13131|O75175_KRGRSTDSE|0.773
Q13131|O75175_DSEVSQSPA|0.0
Q13131|O75175_NPPPSTSKE|0.0
Q13131|O75175_PPPSTSKEP|0.0
Q13131|O75175_PPSTSKEPS|0.0
Q13131|O75175_VNPPSSPTP|0.0
Q13131|O75175_PEPLSSLKS|0.014
Q13131|O75175_NPCPTPPYH|0.0
Q13131|O75175_TKAQYLAAK|0.0
Q13131|O75175_FEYRYLEDR|0.0
Q13131|P46531_QAGYSGRNC|0.468
Q13131|P46531_GSIVYLEID|0.259
Q13131|P46531_LKNASDGAL|0.995
Q13131|P46531_GGLETGNSE|0.674
Q13131|P46531_QTDRTGETA|0.45
Q13131|P46531_RTGETALHL|0.016
Q13131|P46531_RYSRSDAAK|0.365
Q13131|P46531_LLEASADAN|0.697
Q13131|P46531_RNRATDLDA|0.516
Q13131|P46531_MHDGTTPLI|0.513
Q13131|P46531_HDGTTPLIL|0.484
Q13131|P46531_REGSYETAK|0.0
Q13131|P46531_NRDITDHMD|0.479
Q13131|P46531_NLVRSPQLH|0.503
Q13131|P46531_TPTLSPPLC|0.446
Q13131|P46531_SPNGYLGSL|0.015
Q13131|P46531_GYLGSLKPG|0.336
Q13131|P46531_VRKPSSKGL|0.549
Q13131|P46531_VPNQYNPLR|0.419
Q13131|P46531_PDQWSSSSP|0.506
Q13131|P46531_DQWSSSSPH|0.475
Q13131|P46531_QWSSSSPHS|0.525
Q13131|P46531_WSSSSPHSN|0.446
Q13131|Q04721_DRVASFSCM|0.958
Q13131|Q04721_VVSESLTPE|0.0
Q13131|Q04721_RKHGSLWLP|0.007
Q13131|Q04721_RRDASNHKR|0.392
Q13131|Q04721_SVQVSEANL|0.005
Q13131|Q04721_PDGCTPLML|0.464
Q13131|Q04721_LMLASLRGG|0.446
Q13131|Q04721_NRDITDHMD|0.003
Q13131|Q04721_GPNRSFLSL|0.968
Q13131|Q04721_TMPTSLPNL|0.467
Q13131|Q04721_DAKGSRRKK|0.521
Q13131|Q04721_RRKKSLSEK|0.646
Q13131|Q04721_KKSLSEKVQ|0.283
Q13131|Q04721_LPTMYQIPE|0.252
Q13131|Q04721_ILPAYHPFP|0.012
Q13131|Q04721_GKYPTPPSQ|0.387
Q13131|Q04721_PTPPSQHSY|0.52
Q13131|Q04721_NMQVYA___|0.358
Q13131|Q9UM47_DPCHSGPCA|0.447
Q13131|Q9UM47_GPDCSLPDP|0.022
Q13131|Q9UM47_DPCLSSPCA|0.0
Q13131|Q9UM47_PCLSSPCAH|0.412
Q13131|Q9UM47_GARCSVGPD|0.0
Q13131|Q9UM47_RNGGTCRQS|0.001
Q13131|Q9UM47_QPDGYECRC|0.121
Q13131|Q9UM47_CPPGYTGLR|0.424
Q13131|Q9UM47_KREHSTLWF|0.516
Q13131|Q9UM47_REHSTLWFP|0.0
Q13131|Q9UM47_PEGFSLHKD|0.496
Q13131|Q9UM47_AKGESLMGE|0.001
Q13131|Q9UM47_LAARYARAD|0.06
Q13131|Q9UM47_ADGSTALIL|0.762
Q13131|Q9UM47_SGPRSPPGP|0.191
Q13131|Q99466_PCPPSFCSK|0.72
Q13131|Q99466_PSFCSKRGR|0.853
Q13131|Q99466_VGSFSCLCP|0.004
Q13131|Q99466_CACLSGYGG|0.032
Q13131|Q99466_LGEDSIGLK|0.449
Q13131|A8MTQ0___MPSPRPR|0.552
Q13131|A8MTQ0_RPRGSPPPA|0.454
Q13131|A8MTQ0_LDEPSSSSI|0.004
Q13131|Q6P988_CDSRYDTMR|0.648
Q13131|Q6P988_PACLSHEII|0.0
Q13131|Q6P988_KASKTPLKG|0.755
Q13131|Q6P988_HLVDSCPWP|0.009
Q13131|P48745_GMGFSTRVT|0.602
Q13131|P48745_MGFSTRVTN|0.552
Q13131|P48745_EFQCSPGQI|0.0
Q13131|P51513_VLIPSYAAG|0.429
Q13131|P51513_LIPSYAAGS|0.461
Q13131|P51513_RIKQTLPSS|0.86
Q13131|P51513_QTLPSSPTT|0.203
Q13131|P51513_PSSPTTTKS|0.418
Q13131|P51513_TTKSSPSDP|0.03
Q13131|P51513_VVTVSGEPE|0.283
Q13131|P51513_NRKVTITGT|0.186
Q13131|Q9UNW9_RPLETPPEV|0.0
Q13131|Q9UNW9_VLIPSYAAG|0.036
Q13131|Q9UNW9_LIPSYAAGS|0.369
Q13131|Q9UNW9_NRRVTITGS|0.0
Q13131|Q9UNW9_TITGSPAAT|0.0
Q13131|Q9UNW9_SQRVTYEQG|0.001
Q13131|Q9Y5S8_ILGSTLACA|0.0
Q13131|Q9Y5S8_FLRGTCSFC|0.081
Q13131|Q9Y5S8_FCSRTLRKQ|0.022
Q13131|Q9Y5S8_NPIQSRNTT|0.775
Q13131|Q9Y5S8_VRGQTEESM|0.881
Q13131|Q9Y5S8_QTEESMNES|0.0
Q13131|Q9Y5S8_SMNESHPRK|0.0
Q13131|Q9Y5S8_PVILYICER|0.0
Q13131|Q9Y5S8_KVVITKVVM|0.47
Q13131|Q9Y5S8_FEQQYSPIP|0.0
Q13131|Q9Y5S8_NNLLTSLEQ|0.869
Q13131|Q9Y5S8_NLLTSLEQE|0.0
Q13131|Q9Y5S8_GFLNYRLFL|0.0
Q13131|Q9Y5S8_DNEFSTIAT|0.0
Q13131|Q9NPH5_NRPDYVNIQ|0.668
Q13131|Q96PH1_NLLPSKVTH|0.0
Q13131|Q96PH1-4_RPDWSKVFQ|0.0
Q13131|Q86UR1_HDARSLIMD|0.0
Q13131|Q86UR1_ADLSSLRAL|0.0
Q13131|Q86UR1_VAQHSYSAQ|0.013
Q13131|Q86UR1_RLPRSQQGD|0.0
Q13131|Q8IXT1_FLLASVLAL|0.0
Q13131|Q8IXT1_SSFIYPSCQ|0.0
Q13131|Q8IXT1_FIYPSCQKC|0.0
Q13131|Q8IXT1_VSKRSNCPK|0.142
Q13131|Q8IXT1_PKCGSTGES|0.477
Q13131|Q8IXT1_KCGSTGESG|0.0
Q13131|Q8IXT1_SNTKSFHSA|0.746
Q13131|Q8IXT1_KSFHSAVEI|0.01
Q13131|Q8IXT1_KGNLSPSVE|0.0
Q13131|Q8IXT1_NLSPSVEKE|0.472
Q13131|Q8IXT1_VEKESQPDN|0.0
Q13131|Q8IXT1_VEAVSVNHN|0.0
Q13131|Q8IXT1_SALSSSSKD|0.013
Q13131|Q8IXT1_ALSSSSKDL|0.0
Q13131|Q8IXT1_LSSSSKDLE|0.0
Q13131|Q8IXT1_NQDDSFTIC|0.739
Q13131|Q8IXT1_TLCNSPNRS|0.0
Q13131|Q8IXT1_RSAWSPELF|0.0
Q13131|Q8IXT1_PELFS____|0.0
Q13131|Q8NFA2_TLKETFPVE|0.0
Q13131|Q8NFA2_LGQASLDAP|0.0
Q13131|Q8NFA2_AGRLSIHSL|0.578
Q13131|Q8NFA2_LSIHSLEAQ|0.019
Q13131|Q8NFA2_FPEPSQATA|0.0
Q13131|Q8NFA2_PSQATAPPP|0.0
Q13131|Q8NFA2_PTVPTRPSP|0.057
Q13131|Q8NFA2_PTRPSPGAI|0.004
Q13131|Q6NXP6_KLQLTDFVS|0.0
Q13131|P00491_EWLLSHTKH|0.21
Q13131|P00491_IICGSGLGG|0.516
Q13131|P00491_LGGLTDKLT|0.0
Q13131|P00491_AYDRTMRQR|0.653
Q13131|P00491_QRALSTWKQ|0.079
Q13131|P00491_RALSTWKQM|0.229
Q13131|P00491_FSLITNKVI|0.0
Q13131|P00491_VIMDYESLE|0.272
Q13131|P00491_PDKAS____|0.742
Q13131|Q6P499_DPRAYFKTK|0.0
Q13131|Q6P499_PFEPYISMD|0.0
Q13131|Q6P499_ELKASFSYG|0.0
Q13131|Q6P499_KASFSYGAL|0.0
Q13131|Q6P499_ASFSYGALE|0.0
Q13131|Q9NZP6_HSVPTPRPF|0.0
Q13131|Q9NZP6_PAMPSTHSQ|0.0
Q13131|Q9NZP6_PSTHSQAGC|0.0
Q13131|Q9NZP6_PPPSSLGLP|0.0
Q13131|Q9NZP6_DKTETMTNS|0.0
Q13131|Q9NZP6_TETMTNSSI|0.0
Q13131|Q9NZP6_DRRPTTTSS|0.0
Q13131|Q99742_SGGGSEVKC|0.0
Q13131|Q99742_SVSSSSSSS|0.0
Q13131|Q99742_VSSSSSSSS|0.0
Q13131|Q99742_SSSSSSSSS|0.0
Q13131|Q99742_SSSSSSSSL|0.0
Q13131|Q99743_MDKTTVLEK|0.47
Q13131|Q99743_GKGKSCCYR|0.426
Q13131|Q99743_KDKGSSLEP|0.446
Q13131|Q99743_EPTSTPTKL|0.449
Q13131|Q99743_LLRESSVIS|0.49
Q13131|Q99743_RLLLSQPIQ|0.251
Q13131|Q99743_MMPGSCDAR|0.436
Q13131|Q8IXF0__MAPTKPSF|0.0
Q13131|Q8IXF0_PTKPSFQQD|0.0
Q13131|Q8IXF0_QQDPSRRER|0.0
Q13131|Q8IXF0_AHLGSHILQ|0.763
Q13131|Q8IXF0_HILQSLDGF|0.0
Q13131|Q8IXF0_SNPEYKDTP|0.0
Q13131|Q8IXF0_PEKTSESSE|0.0
Q13131|Q8IXF0_SDSESDSKD|0.0
Q13131|Q8IXF0_DDGHSSSNP|0.051
Q13131|Q8IXF0_SNPDSRDSD|0.0
Q13131|Q8IXF0_ESPYSMTKP|0.0
Q13131|Q14207_SQRKSTTLS|0.008
Q13131|Q14207_SGPHSTIRN|0.0
Q13131|Q14207_GPHSTIRNF|0.0
Q13131|Q14207_SQISTSIQK|0.0
Q13131|Q14207_KAFKTAVPT|0.0
Q13131|Q14207_SQDTSLTGK|0.455
Q13131|Q14207_NSNDTVKLK|0.002
Q13131|Q14207_NFHGSKSSD|0.0
Q13131|Q14207_SSDSSEVHK|0.023
Q13131|Q14207_KSENSQEPS|0.449
Q13131|Q14207_NNFSTPPRQ|0.0
Q13131|Q14207_RNAVSFPNL|0.17
Q13131|Q14207_ILSKSESAI|0.0
Q13131|Q14207_ISRHTTIRE|0.0
Q13131|Q14207_SRHTTIRET|0.0
Q13131|Q14207_KVSPTEIVL|0.688
Q13131|Q14207_NELCSDVER|0.544
Q13131|Q14207_QGTSSNNKN|0.0
Q13131|Q14207_KNVLSVGTA|0.617
Q13131|Q14207_RLADSSDLP|0.001
Q13131|Q14207_LADSSDLPV|0.0
Q13131|Q14207_SRRFSEDSS|0.713
Q13131|Q14207_SRTTSATPL|0.0
Q13131|Q8NG41_AGLLSGLRR|0.0
Q13131|P48146_AVDHYNIFS|0.318
Q13131|P48146_FSSIYFLAV|0.005
Q13131|P48146_SVDRYLVVL|0.269
Q13131|O15118_LQFLSRCPS|0.0
Q13131|O15118_FVSEYTPID|0.0
Q13131|O15118_VDLWSAPSS|0.0
Q13131|O15118_WSAPSSQAR|0.0
Q13131|O15118_SAPSSQARL|0.0
Q13131|O15118_LEKEYFDQH|0.0
Q13131|O15118_KNSYSPLLL|0.0
Q13131|Q9UHC9_LSNVSCLSN|0.0
Q13131|Q9UHC9_PKNFSGILD|0.0
Q13131|Q9UHC9_YSSWSRVMV|0.187
Q13131|Q9UHC9_AVGMSVEFV|0.0
Q13131|Q9UHC9_AKEATISMG|0.013
Q13131|Q9UHC9_YVNHSFEGS|0.0
Q13131|P61916_LLALSTAAQ|0.367
Q13131|P61916_KDCGSVDGV|0.477
Q13131|P61916_QKDKTYSYL|0.005
Q13131|P61916_KDKTYSYLN|0.309
Q13131|P61916_DKTYSYLNK|0.433
Q13131|P61916_VKSEYPSIK|0.0
Q13131|Q9NQX5_SGHSTPPLP|0.0
Q13131|Q9NQX5_APRISPGDQ|0.0
Q13131|Q9NQX5_RLAQSAEMY|0.0
Q13131|Q9NQX5_SAEMYHYQH|0.0
Q13131|Q9NQX5_EMYHYQHQR|0.0
Q13131|Q9NQX5_LPAPSSPPA|0.095
Q13131|Q8NDH3_SRHNSPSAA|0.012
Q13131|Q8NDH3_FGGIYGVGK|0.442
Q13131|Q8NDH3_TGGLSIKGK|0.52
Q13131|Q8NDH3_IHLLYSGKT|0.053
Q13131|P55786_LLVFSRSSR|0.083
Q13131|P55786_RRLHSLGLA|0.95
Q13131|P55786_YRSKYTTPS|0.0
Q13131|P55786_RSKYTTPSG|0.001
Q13131|P55786_SKYTTPSGE|0.0
Q13131|P55786_YTTPSGEVR|0.467
Q13131|P55786_GEVRYAAVT|0.592
Q13131|P55786_RVALSNMNV|0.278
Q13131|P55786_FYKDYFNVP|0.0
Q13131|P55786_TYRETALLI|0.678
Q13131|P55786_GMNMYLTKF|0.376
Q13131|P55786_NMYLTKFQQ|0.614
Q13131|P55786_RTQYSSAML|0.343
Q13131|P55786_IRDLSLPPV|0.0
Q13131|P55786_NDLFSLARA|0.541
Q13131|P55786_KDVFSPIGE|0.0
Q13131|P55786_RSPVYLTVL|0.343
Q13131|P55786_VLGATLLPD|0.025
Q13131|P55786_AFFESHPAP|0.0
Q13131|P55786_SIHQYLLQR|0.022
Q13131|P55786_QRKASPPTV|0.902
Q13131|A6NEC2_LLVFSRSSR|0.0
Q13131|A6NEC2_RRLHSLGLA|0.747
Q13131|A6NEC2_YRSKYTTPS|0.0
Q13131|A6NEC2_RSKYTTPSG|0.001
Q13131|A6NEC2_SKYTTPSGE|0.0
Q13131|A6NEC2_YTTPSGEVR|0.409
Q13131|A6NEC2_GEVRYAAVT|0.006
Q13131|A6NEC2_FYKDYFNVP|0.0
Q13131|A6NEC2_TYRETALLI|0.342
Q13131|A6NEC2_GMNMYLTKF|0.26
Q13131|A6NEC2_NMYLTKFQQ|0.314
Q13131|Q9GZQ6_MRRVYTTVL|0.509
Q13131|Q9GZQ6_RVYTTVLFS|0.0
Q13131|Q9GZQ6_FSHIYLAPL|0.0
Q13131|Q9GZQ6_IVVMYARIA|0.0
Q13131|Q9Y5X5_RRALSVQQR|0.0
Q13131|Q9Y5X5_GPAWSGSLE|0.0
Q13131|Q9Y5X5_AWSGSLEWS|0.0
Q13131|Q9Y5X5_IMSPSAVML|0.0
Q13131|Q9Y5X5_PMEAYALKA|0.0
Q13131|Q9Y5X5_LKAKSHVLI|0.0
Q13131|Q9Y5X5_VLINTSNQL|0.502
Q13131|Q9Y5X5_LINTSNQLV|0.574
Q13131|Q9Y5X5_LYRKSAEKP|0.586
Q13131|O15259_GLAVTISRE|0.475
Q13131|O15259_AVTISRENI|0.632
Q13131|O15259_GTIRSRPSR|0.185
Q13131|O15259_RSRPSRISL|0.818
Q13131|O15259_IRSNSASPD|0.536
Q13131|O15259_ELGISYIRN|0.0
Q13131|O15259_YQIMTMRRQ|0.483
Q13131|O15259_MSLQSTDLI|0.76
Q13131|Q7Z494_LLRNSFRRG|0.561
Q13131|Q7Z494_LLGASFKST|0.0
Q13131|Q7Z494_AKLDTENKR|0.63
Q13131|Q7Z494_SIRESMAND|0.0
Q13131|Q7Z494_RVAQSLHQL|0.012
Q13131|Q7Z494_AEQLYKQAL|0.0
Q13131|Q7Z494_DNARTLNEL|0.0
Q13131|Q7Z494_PKHPSVATA|0.0
Q13131|Q7Z494_PSVATALVN|0.0
Q13131|Q7Z494_SRHSSSGDT|0.748
Q13131|Q7Z494_KTAHSPNVF|0.001
Q13131|O75161_DVALTRSAS|0.289
Q13131|O75161_TRSASFSRK|0.0
Q13131|O75161_SASFSRKVV|0.0
Q13131|O75161_SSKTSSGSQ|0.0
Q13131|O75161_FSLGSEEHL|0.0
Q13131|O75161_RKPPTSPSS|0.0
Q13131|O75161_KPPTSPSSP|0.0
Q13131|O75161_PTSPSSPPA|0.276
Q13131|O75161_TSPSSPPAP|0.001
Q13131|O75161_APQNSPVGP|0.0
Q13131|O75161_QLAASPRSP|0.0
Q13131|O75161_ASPRSPTQH|0.0
Q13131|O75161_PPSRSRVIS|0.0
Q13131|O75161_LAQQSVRTQ|0.003
Q13131|O75161_ASGPSPEIK|0.0
Q13131|O75161_VIIYSDRWL|0.0
Q13131|O75161_KRITYTNPY|0.236
Q13131|O75161_NPYPSRRTF|0.004
Q13131|O75161_FREDSFQVG|0.0
Q13131|O60500_DNGLTLTCE|0.104
Q13131|O60500_GLTLTCEAF|0.453
Q13131|O60500_CEAFSEAFT|0.0
Q13131|O60500_LNVKYPAQK|0.179
Q13131|O60500_VSSFYRLNV|0.754
Q13131|O60500_HRILSSGAL|0.064
Q13131|O60500_RILSSGALH|0.43
Q13131|O60500_LWNVTRADD|0.73
Q13131|Q9NP85_VVQEYERVI|0.0
Q13131|Q9NP85_DAICYYRME|0.0
Q13131|Q9NP85_AICYYRMEN|0.0
Q13131|Q9NP85_LAHVSKAVQ|0.0
Q13131|Q9NP85_GLQHSLAVE|0.0
Q13131|Q9NP85_EKAASESLR|0.0
Q13131|Q9NP85_AEILSGTPA|0.0
Q13131|Q9UND3_SLCTSYLCV|0.0
Q13131|Q9UND3_SFLKTIFPS|0.0
Q13131|Q9UND3_EDIFTLWRQ|0.0
Q13131|Q9UND3_ECLLYPLPP|0.0
Q13131|Q9UND3_PLPPSADDN|0.0
Q13131|Q9UND3_DNLKTPPEC|0.0
Q13131|E9PIF3_ECLLYPLPP|0.0
Q13131|E9PIF3_PLPPSADDN|0.0
Q13131|F8WFD2_ECLLYPLPP|0.0
Q13131|F8WFD2_PLPPSADDN|0.0
Q13131|E9PJI5_ECLLYPLPP|0.0
Q13131|E9PJI5_PLPPSADDN|0.0
Q13131|P0DM63_ECLLYPLPP|0.0
Q13131|P0DM63_PLPPSADDN|0.0
Q13131|E5RHQ5_DNIKTTAER|0.004
Q13131|E5RHQ5_NIKTTAERL|0.0
Q13131|E5RHQ5_VEPSSPEPK|0.0
Q13131|Q92617_RHVETKVRA|0.001
Q13131|Q92617_ERQLTPLPP|0.0
Q13131|Q92617_VEPSSPEPK|0.002
Q13131|C9JG80_VEPSSPEPK|0.0
Q13131|O75200_RHVETKVRA|0.0
Q13131|A6NHN6_RAWRSNRSR|0.0
Q13131|A6NHN6_RSNRSRQKG|0.296
Q13131|A6NHN6_KGLRSICMH|0.0
Q13131|A6NHN6_RHVETKVRA|0.0
Q13131|A6NHN6_HAPKTN___|0.0
Q13131|Q92617-6_DVEPSSPEP|0.0
Q13131|Q92617-6_VEPSSPEPK|0.0
Q13131|Q9BXD5_VNGTTGEGL|0.0
Q13131|Q9BXD5_GEGLSLSVS|0.0
Q13131|Q9BXD5_GLSLSVSER|0.0
Q13131|Q9BXD5_LGKKTNQML|0.423
Q13131|Q9BXD5_AKLKSLDFL|0.0
Q13131|Q8TAT6__MAESIIIR|0.434
Q13131|Q8TAT6_RITATKRET|0.398
Q13131|Q8TAT6_ETAATFLKK|0.36
Q13131|Q8TAT6_ITASSNKSL|0.994
Q13131|Q8TAT6_SSNKSLNLL|0.998
Q13131|Q8TAT6_EIDQYLSKQ|0.523
Q13131|Q8TAT6_FDEDYLNHL|0.431
Q13131|Q8TAT6_IRKLTGGAD|0.519
Q13131|Q8TAT6_QHFGYLYGR|0.84
Q13131|Q8TAT6_VAAIYEPPQ|0.454
Q13131|Q8TAT6_MCRLSPDGH|0.594
Q13131|P06748_TLKMSVQPT|0.954
Q13131|P06748_SVQPTVSLG|0.772
Q13131|P06748_SGKRSAPGG|0.844
Q13131|P06748_PGGGSKVPQ|0.851
Q13131|P06748_NAQKSNQNG|0.442
Q13131|P06748_NGKDSKPSS|0.773
Q13131|P06748_QWRKSL___|0.951
Q13131|P06748-2_ADKDYHFKV|0.593
Q13131|P06748-2_SGKRSAPGG|0.646
Q13131|Q86SE8_QERRTWTFR|0.0
Q13131|Q86SE8_SLQASVLPM|0.027
Q13131|O75607_MAAGTAAAL|0.569
Q13131|O75607_LKSGSGPVR|0.0
Q13131|O75607_PVRITGRHQ|0.174
Q13131|Q6UXI9_FDLMYIGGK|0.0
Q13131|Q6UXI9_SLGQYQCSS|0.004
Q13131|Q6UXI9_QYQCSSFAR|0.0
Q13131|Q6UXI9_YQCSSFARC|0.0
Q13131|Q6UXI9_PRQPSNDLF|0.0
Q13131|P01160_NSFRY____|0.0
Q13131|P16860_PGSASDLET|0.001
Q13131|P16860_REVATEGIR|0.0
Q13131|P16860_RAPRSPKMV|0.003
Q13131|Q8WTW4_SSFVSMEES|0.018
Q13131|Q8WTW4_SPGTTVRDL|0.005
Q13131|Q12980_AASNTGDHA|0.005
Q13131|Q12980_QDGDSRFSD|0.127
Q13131|Q12980_REAPTMILF|0.352
Q13131|Q12980_EGPQSPFHH|0.003
Q13131|Q6W5P4_YSFKTEQLI|0.0
Q13131|Q6W5P4_VLFSTWRRK|0.476
Q13131|Q6W5P4_GKLCSSYNR|0.142
Q13131|Q6W5P4_KLCSSYNRG|0.39
Q13131|Q6W5P4_LCSSYNRGL|0.162
Q13131|Q6W5P4_RGLISKAKI|0.575
Q13131|Q15818_MGDLSRTPA|0.39
Q13131|Q15818_LEQYSRLNS|0.019
Q13131|Q15818_NLAPYHPIK|0.493
Q13131|P47972_GAQDSPAPG|0.0
Q13131|P47972_PAPGSRFVC|0.0
Q13131|P47972_GAGATGKDT|0.0
Q13131|P47972_LPLRTNYLY|0.0
Q13131|O95502_RFLCTPLAA|0.0
Q13131|O95502_AACPSGAQQ|0.0
Q13131|O95502_LLLQSTAEQ|0.0
Q13131|O95502_LLQSTAEQL|0.0
Q13131|O95502_TGLHSKMDQ|0.0
Q13131|O95502_IRNNYMYAR|0.0
Q13131|O95502_NNYMYARVR|0.018
Q13131|Q9HCQ7_IKMSTPAVN|0.0
Q13131|Q9HCQ7_RFGRTTTAK|0.104
Q13131|Q9HCQ7_FGRTTTAKS|0.0
Q13131|Q9HCQ7_GRTTTAKSV|0.001
Q13131|P01303_DMARYYSAL|0.483
Q13131|P01303_MARYYSALR|0.0
Q13131|P01303_ARYYSALRH|0.352
Q13131|P01303_ALRHYINLI|0.0
Q13131|P01303_ETLISDLLM|0.0
Q13131|P01303_LMRESTENV|0.91
Q13131|P25929_RDDDYETIA|0.0
Q13131|P25929_DDYETIAMS|0.584
Q13131|P25929_IAMSTMHTD|0.0
Q13131|P25929_STMHTDVSK|0.0
Q13131|P25929_HTDVSKTSL|0.0
Q13131|P49146_SIYGTVYSL|0.0
Q13131|P49146_DAIHSEVSV|0.0
Q13131|P50391___MNTSHLL|0.0
Q13131|P50391__MNTSHLLA|0.0
Q13131|P50391_LLPKSPQGE|0.0
Q13131|P50391_GENRSKPLG|0.0
Q13131|Q15761_TLHPSKKSG|0.114
Q13131|P15559_VLAHSERTS|1.0
Q13131|P15559_TSFNYAMKE|0.001
Q13131|P15559_ESDLYAMNF|0.569
Q13131|P15559_ANFQYPAES|0.369
Q13131|P15559_SVLAYKEGH|0.448
Q13131|P15559_GEFAYTYAA|0.271
Q13131|P15559_FAYTYAAMY|0.023
Q13131|P15559_YAAMYDKGP|0.469
Q13131|P15559_KFGLSVGHH|0.735
Q13131|P16083_SFNGSLKNV|0.056
Q13131|P51843_APEATLGPC|0.0
Q13131|P51843_CWGCSCGSD|0.027
Q13131|P51843_CSCGSDPGV|0.0
Q13131|P51843_RRRETGGNE|0.0
Q13131|P51843_LPVPTLQHH|0.0
Q13131|P51843_RKVPSASQV|0.454
Q13131|P51843_VPSASQVQA|0.0
Q13131|P51843_KCFLSKCWS|0.0
Q13131|P20393_SPSSSSSSS|0.156
Q13131|P20393_PSSSSSSSS|0.004
Q13131|P20393_SSSSSSSSS|0.267
Q13131|P20393_ANHASGSPP|0.608
Q13131|P20393_PTHVYAAPE|0.513
Q13131|P20393_VRFASLFNV|0.601
Q13131|Q14995_CSMKTSKSS|0.005
Q13131|Q14995_SMKTSKSSA|0.779
Q13131|Q14995_KTSKSSAPG|0.002
Q13131|Q14995_TSKSSAPGM|0.685
Q13131|Q14995_APGMTKSHS|0.005
Q13131|Q14995_IEMQSAMKT|0.523
Q13131|Q14995_NIMHYPNGH|0.24
Q13131|Q96RI1_PEEWYSPGI|0.429
Q13131|Q96RI1_AETLYQGET|0.631
Q13131|Q96RI1_RIRNSGISD|0.012
Q13131|Q96RI1_NSGISDEYI|0.002
Q13131|Q96RI1_EMLMSWRVN|0.988
Q13131|Q14994_EDQISLLKG|0.585
Q13131|P13056_HDGSTPSKV|0.0
Q13131|P13056_LQLLTDNSP|0.0
Q13131|P13056_LNVHYIGES|0.0
Q13131|P49116_ISTDSAVAS|0.574
Q13131|P49116_QVVEYCVVC|0.0
Q13131|P49116_KALNTTDSS|0.118
Q13131|P49116_DSSSSPSLA|0.162
Q13131|P49116_SSSPSLADG|0.282
Q13131|P49116_RDQSTPIIE|0.515
Q13131|P49116_GPLLSDTHV|0.011
Q13131|P49116_IGNVSIDSI|0.309
Q13131|Q86WQ0_LNRNTRQFG|0.0
Q13131|Q9Y466_AGSTSRILD|0.675
Q13131|Q9Y466_VPTHSGSEL|0.421
Q13131|Q9Y466_ISPSTIEEV|0.493
Q13131|Q9Y5X4_ALMSSTVAA|0.0
Q13131|Q9Y5X4_RRLIYRCQV|0.405
Q13131|P10589_GAPHTPQTP|0.0
Q13131|P10589_HTPQTPGQP|0.0
Q13131|P10589_GAPATPGTA|0.031
Q13131|P10589_GPPGSGQSQ|0.005
Q13131|P10589_RRNLTYTCR|0.0
Q13131|P10589_EPYPTSRYG|0.0
Q13131|P10589_ALEEYVRSQ|0.0
Q13131|P10589_TPIETLIRD|0.0
Q13131|P24468_GAPHTPQTP|0.537
Q13131|P24468_RRNLSYTCR|0.59
Q13131|P24468_ALEEYVRSQ|0.079
Q13131|P24468_TPIETLIRD|0.143
Q13131|P43354_YSTGYDVKP|0.085
Q13131|P43354_YYKPSSPPT|0.659
Q13131|P43354_SSPPTPTTP|0.097
Q13131|P43354_LSLFSFKQS|0.0
Q13131|P43354_SPPGTPVSS|0.017
Q13131|P43354_TQVPSPPSR|0.343
Q13131|P43354_PSRGSPSNE|0.297
Q13131|P43354_RGSPSNEGL|0.474
Q13131|P43354_ACQHYGVRT|0.247
Q13131|P43354_YGVRTCEGC|0.237
Q13131|P43354_EVVRTDSLK|0.469
Q13131|P43354_SKPKSPQEP|0.05
Q13131|P43354_SPPVSLISA|0.062
Q13131|Q92570_VQAQYSPSP|0.057
Q13131|Q92570_YSSEYTTEI|0.432
Q13131|Q92570_EVVRTDSLK|0.53
Q13131|Q92570_VRTDSLKGR|0.785
Q13131|Q92570_LNLQSLNLD|0.525
Q13131|Q92570_LACLSALSM|0.466
Q13131|O00482_DRHGSPIPA|0.768
Q13131|O00482_FFKRTVQNN|0.607
Q13131|O00482_DYDRSPFVT|0.539
Q13131|O00482_PFVTSPISM|0.138
Q13131|O00482_QNCWSELLI|0.391
Q13131|Q9Y5V3_ARPKSAFKV|0.0
Q13131|Q9Y5V3_QNATTKGPN|0.0
Q13131|Q9Y5V3_VYDFSQAHN|0.0
Q13131|Q9Y5V3_PNAAYDFSQ|0.0
Q13131|Q9Y5V3_AYDFSQAAT|0.0
Q13131|Q9Y5V3_GPNATYNFS|0.0
Q13131|Q9Y5V3_PNATYNFSQ|0.0
Q13131|Q9Y5V3_NFSQSLNAN|0.0
Q13131|Q9Y5V3_SRPKTPFKA|0.491
Q13131|Q9Y5V3_LAAGTWRSA|0.002
Q13131|Q9Y5V3_WQNQTARQT|0.0
Q13131|Q9Y5V3_TARQTPPAR|0.002
Q13131|Q9Y5V3_PARQSPPAR|0.0
Q13131|Q9Y5V3_NSRASQNPG|0.0
Q13131|Q9Y5V3_KLVKYLMLK|0.0
Q13131|Q9Y5V3_IIREYTDVY|0.0
Q13131|Q9Y5V3_GNRASEAVL|0.0
Q13131|Q9Y5V3_NPPEYEFLW|0.0
Q13131|Q9Y5V3_WGLRSYHET|0.007
Q13131|Q9Y5V3_SYHETSKMK|0.0
Q13131|Q9Y5V3_YHETSKMKV|0.0
Q13131|Q86VF7_QKKPYCHAH|0.0
Q13131|Q86VF7_NNTFTSVYH|0.0
Q13131|Q86VF7_NTFTSVYHT|0.0
Q13131|Q86VF7_FTSVYHTPL|0.0
Q13131|Q86VF7_EARKSLGEE|0.376
Q13131|Q86VF7_YTEDYEQPR|0.0
Q13131|Q86VF7_RGKGSFPAM|0.257
Q13131|Q86VF7_ISRFSTVVD|0.0
Q13131|Q86VF7_SRFSTVVDT|0.0
Q13131|Q86VF7_TVVDTPELL|0.0
Q13131|Q86VF7_PAMITPAYQ|0.0
Q13131|Q86VF7_HELASDIKY|0.0
Q13131|Q86VF7_SDIKYRQDF|0.0
Q13131|Q86VF7_TLTPSYQTA|0.0
Q13131|Q86VF7_LTPSYQTAM|0.0
Q13131|Q86VF7_NYRQSIDKL|0.495
Q13131|Q86VF7_YGLQSELQY|0.0
Q13131|Q86VF7_QARISYTQA|0.0
Q13131|Q86VF7_ARISYTQAV|0.0
Q13131|Q86VF7_SFKYTAVTD|0.0
Q13131|Q86VF7_YHKFTALPE|0.0
Q13131|Q86VF7-3_SENKYKENY|0.0
Q13131|Q7Z6K4____MSQAEL|0.0
Q13131|P01111_TIEDSYRKQ|0.598
Q13131|P01111_IEDSYRKQV|0.45
Q13131|P01111_GQEEYSAMR|0.553
Q13131|P01111_TSAKTRQGV|0.675
Q13131|P01111_EDAFYTLVR|0.662
Q13131|P01111_DAFYTLVRE|0.737
Q13131|Q96F24_QSPLSQKYS|0.732
Q13131|Q96F24_DTLLYLLQQ|0.255
Q13131|Q96F24_LQQKSEPAE|0.022
Q13131|Q96F24_LMELSEDIL|0.607
Q13131|Q9UHY1_QTVLSSGSD|0.791
Q13131|Q9UHY1_EEEESEDES|0.0
Q13131|Q9UHY1_FITEYMSSG|0.006
Q13131|Q9UHY1_VAPDTINNH|0.184
Q13131|Q9UHY1_NHVKTCREE|0.714
Q13131|Q9UHY1_NMDTSAVLA|0.888
Q13131|Q9UHY1_VVPPSVKTP|0.435
Q13131|Q9UHY1_VTVSS____|0.591
Q13131|Q9NSY0_REDESEDES|0.825
Q13131|Q9NSY0_DDLRSPIRA|0.448
Q13131|Q9NSY0_QWRYSEVSF|0.996
Q13131|Q9NSY0_QKAKTPTPE|0.579
Q13131|Q9NSY0_EPFDSETRK|0.154
Q13131|Q92823_PKNRTVYKN|0.317
Q13131|Q92823_NRTVYKNFE|0.282
Q13131|Q92823_QLKLSPYVN|0.443
Q13131|Q92823_KLSPYVNYS|0.489
Q13131|Q92823_ASEQYLTKA|0.0
Q13131|Q92823_HLQGYRIYY|0.336
Q13131|Q92823_EDDGTFGEY|0.571
Q13131|Q92823_TFGEYSDAE|0.202
Q13131|Q92823_FGEYSDAED|0.357
Q13131|Q92823_KKEDSDDSL|0.625
Q13131|Q92823_DSDDSLVDY|0.588
Q13131|Q92823_NEDGSFIGQ|0.517
Q13131|Q92823_SEAPSPVNA|0.015
Q13131|O43847_NKAKSTCSC|0.0
Q13131|O43847_KAKSTCSCP|0.0
Q13131|O43847_KSTCSCPDL|0.881
Q13131|O43847_EIVKSPSDP|0.02
Q13131|O43847_VKSPSDPKQ|0.0
Q13131|O43847_VDSEYQLAR|0.0
Q13131|O43847_ETLDTLEKW|0.0
Q13131|O43847_VTVYYQSGT|0.0
Q13131|O43847_VYYQSGTRS|0.004
Q13131|O43847_YQSGTRSLR|0.481
Q13131|O43847_CRNTSGILG|0.151
Q13131|O43847_EEFLSSFEE|0.0
Q13131|O43847_EFLSSFEEK|0.003
Q13131|O43847-2_ARKKTTEKQ|0.0
Q13131|O43847-2_RKKTTEKQQ|0.0
Q13131|O43847-2_QQLQSLFLL|0.0
Q13131|O43847-2_FLLWSKLTD|0.0
Q13131|O43847-2_TRNLYGVVG|0.0
Q13131|Q9H7Z3_SHLKSESSD|0.498
Q13131|Q9H7Z3_LKSESSDES|0.0
Q13131|Q9H7Z3_KSESSDESD|0.0
Q13131|Q9H7Z3_SSDESDTNK|0.503
Q13131|Q9H7Z3_GVAISSKTE|0.001
Q13131|Q9H7Z3_VAISSKTEP|0.384
Q13131|Q9H7Z3_EVMKSPGLY|0.461
Q13131|Q9H7Z3_WEPSTLVKE|0.172
Q13131|Q9H7Z3_KVFDTALGM|0.481
Q13131|Q16656_AAVATGKKR|0.522
Q13131|Q16656_HVFESNPSI|0.427
Q13131|Q16656_KLRATLDEY|0.151
Q13131|Q16656_TLDEYTTRV|0.002
Q13131|Q16656_LDEYTTRVG|0.49
Q13131|Q16656_CISPSKPNP|0.7
Q13131|Q16236_SSIPSMEKE|0.897
Q13131|Q16236_VGNCSPHFL|0.446
Q13131|Q16236_NSMPSPATL|0.39
Q13131|Q16236_PSVASPEHS|0.443
Q13131|Q16236_GLSDSEVEE|0.624
Q13131|Q16236_QCENTPEKE|0.001
Q13131|Q16236_KDKHSSRLE|0.515
Q13131|Q16236_KKQLSTLYL|0.989
Q13131|Q16236_KQLSTLYLE|0.721
Q13131|Q16236_LSTLYLEVF|0.54
Q13131|Q02297_TSSSTSTST|0.0
Q13131|Q02297_SSSTSTSTT|0.002
Q13131|Q02297_RLNGTGGPR|0.434
Q13131|Q02297_RECNSFLRH|0.778
Q13131|Q02297_ETPDSYRDS|0.448
Q13131|Q02297_TPDSYRDSP|0.404
Q13131|Q02297_SYRDSPHSE|0.49
Q13131|Q02297_HSERYVSAM|0.697
Q13131|Q02297_PARMSPVDF|0.921
Q13131|Q02297_EDEEYETTQ|0.438
Q13131|Q02297_TTQEYEPAQ|0.418
Q13131|Q02297-9_LKEDSRYIF|0.0
Q13131|O14511_GRCSSYSDS|0.0
Q13131|O14511_CSSYSDSSS|0.0
Q13131|O14511_SDSSSSSSE|0.0
Q13131|O14511_SSSSSERSS|0.0
Q13131|O14511_SERSSSSSS|0.0
Q13131|O14511_ERSSSSSSS|0.0
Q13131|O14511_RSSSSSSSS|0.0
Q13131|O14511_SSSSSSSSS|0.0
Q13131|O14511_SSSSSSSSE|0.0
Q13131|O14511_SESGSSSRS|0.0
Q13131|O14511_SGSSSRSSS|0.0
Q13131|O14511_RNQRYIFFL|0.0
Q13131|O14511_IRIKYGNGR|0.0
Q13131|O14511_GRKNSRLQF|0.275
Q13131|O14511_SKCNSPACV|0.0
Q13131|O14511_PYHDSVDSL|0.0
Q13131|O14511_DSVDSLRDS|0.0
Q13131|O14511_LSLSSGSGG|0.0
Q13131|P56975_PFFLSKPSS|0.0
Q13131|P56975_LSKPSSFPK|0.0
Q13131|P56975_NRISTRLTT|0.501
Q13131|P56975_AASSSSSSS|0.0
Q13131|P56975_ASSSSSSSS|0.065
Q13131|P56975_SSSSSSSSS|0.0
Q13131|P56975_SSSSSSSSA|0.0
Q13131|P56975_SEEVYQRQV|0.0
Q13131|P56975_NGKSYSLKA|0.151
Q13131|P56975_SLKASSTMA|0.0
Q13131|P56975_GLEETCLQM|0.0
Q13131|P56975-3_KFYTTTYST|0.0
Q13131|P56975-3_TTYSTERSE|0.0
Q13131|Q13352_PVKRSLKLD|0.626
Q13131|Q13352_SVITYSPTT|0.0
Q13131|Q13352_RNGLSNEKR|0.537
Q13131|Q13352_HPSLTESKE|0.0
Q13131|Q13352-5_HDFRSLQHL|0.0
Q13131|Q9BQI9_LHKDSADLL|0.598
Q13131|Q9BQI9_KTSRTEIPA|0.532
Q13131|Q9NQ35_IHKDSADLL|0.0
Q13131|Q9NQ35_EKNLSLGLQ|0.033
Q13131|Q7Z2Y5_GRRNSFIGT|0.331
Q13131|Q7Z2Y5_IGTPYWMAP|0.0
Q13131|Q7Z2Y5_HVVESLTRH|0.0
Q13131|Q7Z2Y5_VESLTRHLT|0.0
Q13131|Q7Z2Y5_TRHLTGIIK|0.0
Q13131|Q7Z2Y5_RAKSSWRPE|0.0
Q13131|Q7Z2Y5_SSPPYSTID|0.0
Q13131|Q7Z2Y5_SPPYSTIDQ|0.0
Q13131|Q7Z2Y5_VGKISPPVY|0.0
Q13131|Q7Z2Y5_SPPVYLTNE|0.0
Q13131|Q7Z2Y5_EWVGYNALS|0.0
Q13131|Q7Z2Y5_VNNNYYEAP|0.0
Q13131|Q7Z2Y5_NNNYYEAPS|0.056
Q13131|Q7Z2Y5_KEEAYRGYG|0.0
Q13131|Q7Z2Y5_ERRGSEGDG|0.0
Q13131|Q7Z2Y5_EENCSETDG|0.0
Q13131|Q7Z2Y5_VNPLYVSPA|0.012
Q13131|Q7Z2Y5_KADITKLIR|0.016
Q13131|Q7Z2Y5_CIDQSADSE|0.0
Q13131|Q7Z2Y5_QSADSEGDY|0.0
Q13131|Q9NWW6_QPPDSPGYF|0.0
Q13131|P54845_PGPPTASLG|0.0
Q13131|P54845_SVPPSPTFS|0.0
Q13131|P54845_PPSPTFSEP|0.0
Q13131|P54845_ALGLSPEEA|0.002
Q13131|Q8IXM6_LALKSPRAL|0.0
Q13131|Q8IXM6_AFLLTLYLG|0.0
Q13131|Q8IXM6_LLTLYLGLA|0.464
Q13131|Q9NPD7_SMANYPQGL|0.0
Q13131|O14786_KCGDTIKIE|0.0
Q13131|O14786_GYPHSYHPS|0.0
Q13131|O14786_SYHPSEKCE|0.0
Q13131|O14786_SVLQSSVSE|0.0
Q13131|O14786_ASSQYSTNW|0.011
Q13131|O14786_SRLNYPENG|0.0
Q13131|O14786_ENGWTPGED|0.0
Q13131|O14786_PGEDSYREW|0.0
Q13131|O14786_GEDSYREWI|0.198
Q13131|O14786_TKKKYYVKT|0.0
Q13131|O14786_KKKYYVKTY|0.413
Q13131|O14786_YVKTYKIDV|0.204
Q13131|O14786_IDVSSNGED|0.353
Q13131|O14786_DYPCSGMLG|0.0
Q13131|O14786_DSQITSSNQ|0.0
Q13131|O14786_SNNGSDWKM|0.0
Q13131|O14786_KIDETGSTP|0.0
Q13131|O14786_NTQSTYSEA|0.0
Q13131|O14786_QSTYSEA__|0.434
Q13131|O60462_DNGWTPNLD|0.029
Q13131|O60462_VDLGTPKTV|0.323
Q13131|O60462_GKGRSGEIA|0.474
Q13131|O60462-5_KTDHSITYK|0.0
Q13131|O60462-5_TYKTSHYTN|0.0
Q13131|O60462-5_KTSHYTNGA|0.0
Q13131|Q86YC3_GNALTEDMA|0.0
Q13131|Q86YC3_QNLSSLRSV|0.0
Q13131|Q86YC3_WAMVTCNLS|0.0
Q13131|Q9GZP1_PEADSHVEV|0.0
Q13131|Q9GZP1_EQQLSPIFR|0.0
Q13131|Q9GZP1_FRNASGQSW|0.627
Q13131|Q9GZP1_QSWFSPPAS|0.0
Q13131|Q9GZP1_SPPASPFGQ|0.0
Q13131|Q9GZP1_PFGQSSVQT|0.0
Q13131|Q9ULB1_LMLHTGKSA|0.574
Q13131|Q9ULB1_AEVQSTAGV|0.528
Q13131|Q9ULB1_EVQSTAGVK|0.0
Q13131|Q9ULB1_GVKPSCSKE|0.0
Q13131|Q9ULB1_KPSCSKETA|0.0
Q13131|Q9ULB1_ILMATTSRD|0.0
Q13131|Q9ULB1_MATTSRDSA|0.0
Q13131|Q9ULB1_KSDLYIGGV|0.0
Q13131|Q9ULB1_GGQITYKWP|0.0
Q13131|Q9ULB1_GKPPTKEPI|0.0
Q13131|Q9ULB1_ESRNYISNS|0.404
Q13131|Q9ULB1_KDKEYYV__|0.0
Q13131|Q9ULB1-3_LRQHSGIGH|0.0
Q13131|Q9P2S2_LMLHTGKSA|0.445
Q13131|Q9P2S2_GGAGSHSSA|0.0
Q13131|Q9P2S2_AGSHSSAQR|0.0
Q13131|Q9P2S2_GSHSSAQRA|0.0
Q13131|Q9P2S2_LDMGSGGIK|0.0
Q13131|Q9P2S2_LRASSRKVN|0.0
Q13131|Q9P2S2_GRKGSISVN|0.0
Q13131|Q9P2S2_AEDVSLRFM|0.0
Q13131|Q9P2S2_LRFMSQRAY|0.0
Q13131|Q9P2S2_SQRAYGLMM|0.0
Q13131|Q9P2S2_LMMATTSRE|0.0
Q13131|Q9P2S2_MATTSRESA|0.0
Q13131|Q9P2S2_TSRESADTL|0.0
Q13131|Q9P2S2_ESADTLRLE|0.0
Q13131|Q9P2S2_MKGNSDKPV|0.0
Q13131|Q9P2S2_QRIPYRLGR|0.0
Q13131|Q9P2S2_DMATTIMET|0.0
Q13131|Q9P2S2_TIMETTTTM|0.0
Q13131|Q9P2S2_RRGRSPTLR|0.0
Q13131|Q9P2S2_TTLLSPRKP|0.0
Q13131|Q9P2S2_QSRNYISNS|0.0
Q13131|Q9P2S2_KDKEYYV__|0.0
Q13131|Q9Y4C0_SGTISVNSR|0.04
Q13131|Q9Y4C0_ISVNSRRTP|0.085
Q13131|Q9Y4C0_IDGRSKNIR|0.0
Q13131|Q9Y4C0_AGVKSSCSR|0.25
Q13131|Q9Y4C0_GVKSSCSRM|0.299
Q13131|Q9Y4C0_SQRAYGLLV|0.0
Q13131|Q9Y4C0_RRGKSLKLT|0.495
Q13131|Q9Y4C0_SLKLTVDDD|0.0
Q13131|Q9Y4C0_AQGMYSNLP|0.0
Q13131|Q9Y4C0_QGMYSNLPK|0.539
Q13131|Q9Y4C0_KLVASRDGF|0.0
Q13131|Q9Y4C0_APSITLPPT|0.0
Q13131|Q9Y4C0_RPLLTIIET|0.0
Q13131|Q9Y4C0_PLITSPMFR|0.483
Q13131|Q9Y4C0_VPGASEVIR|0.0
Q13131|Q9HDB5_HARRSPPRR|0.0
Q13131|Q9HDB5_SIYRSPVSL|0.0
Q13131|Q9HDB5-2_SAECSSDDE|0.0
Q13131|Q9HDB5-2_AECSSDDED|0.0
Q13131|Q9HDB5-2_ECEPSTGRS|0.0
Q13131|Q9HDB5-2_CEPSTGRSA|0.0
Q13131|O60506_LDEIYVAGL|0.0
Q13131|O60506_LVAHSDLDE|0.697
Q13131|O60506_VQNKSAFLC|0.058
Q13131|O60506_EKQGTKVAD|0.0
Q13131|O60506_KVADSSKGP|0.572
Q13131|O60506_VADSSKGPD|0.4
Q13131|O60506_ERTGYTLDV|0.251
Q13131|O60506_TLDVTTGQR|0.469
Q13131|O60506_GQRKYGGPP|0.0
Q13131|O60506_AVKLYNNHE|0.0
Q13131|O60506_PKSKTKEQI|0.033
Q13131|O60506_DVILYHQPD|0.055
Q13131|O60506_CFLEYEDHK|0.0
Q13131|O60506_NLANTVTEE|0.724
Q13131|O60506_EKAFSQFGK|0.0
Q13131|O60506_MYDDYYYYG|0.0
Q13131|O60506_YDDYYYYGP|0.0
Q13131|O60506_DYYYYGPPH|0.403
Q13131|O60506_DYYGYDYHN|0.201
Q13131|O60506_YGYDYHNYR|0.0
Q13131|O60506_YEDPYYGYE|0.0
Q13131|O60506_PYYGYEDFQ|0.497
Q13131|O60506_GAAPSRGRG|0.0
Q13131|O60506_RAGYSQRGG|0.182
Q13131|O60506_GGPGSARGV|0.559
Q13131|O60506_KADGYNQPD|0.188
Q13131|O60506_NQPDSKRRQ|0.819
Q13131|O60506_KRRQTNNQN|0.687
Q13131|O60506_GGDHSGNYG|0.475
Q13131|O60506_NQEFYQDTF|0.0
Q13131|P82970_KRTSSSRKM|0.0
Q13131|P82970_RTSSSRKMK|0.062
Q13131|Q96L73_CTSLSPGGP|0.0
Q13131|Q96L73_EQDSTPESR|0.0
Q13131|Q96L73_GAVKSPFLP|0.246
Q13131|Q96L73_LAPQTETQK|0.0
Q13131|Q96L73_KKKSTPLKY|0.0
Q13131|Q96L73_CRICSDPLI|0.0
Q13131|Q96L73_IKLDSEEDM|0.453
Q13131|Q96L73_TGSNTAPGS|0.001
Q13131|Q96L73_SNGDSLLGL|0.014
Q13131|Q96L73_GTETSQVNL|0.0
Q13131|Q96L73_NDALSPKFN|0.0
Q13131|Q96L73_NEECSLKCC|0.0
Q13131|Q96L73_DTKGSPLAS|0.0
Q13131|Q96L73_KTRDSSDIE|0.0
Q13131|Q96L73_TRDSSDIET|0.0
Q13131|Q96L73_SDIETAVVK|0.0
Q13131|Q96L73_NLVSYRSPG|0.0
Q13131|Q96L73_VSYRSPGRG|0.0
Q13131|Q96L73_CSTNSPVGV|0.0
Q13131|Q96L73_KVLVSGGST|0.0
Q13131|Q96L73_STHNSEKKG|0.16
Q13131|Q96L73_MVKNTVNRK|0.325
Q13131|Q96L73_ERGGSLRGG|0.273
Q13131|Q96L73_SVMNSENDE|0.0
Q13131|Q96L73_PEHRTPSAS|0.0
Q13131|Q96L73_HRTPSASIL|0.0
Q13131|Q96L73_KSSASIGDM|0.103
Q13131|Q96L73_IPSLTPQAE|0.0
Q13131|Q96L73_PAVRSEKKR|0.519
Q13131|Q96L73_VDENSLIST|0.0
Q13131|Q96L73_APEVSPRPA|0.0
Q13131|Q96L73_ENGITESCA|0.0
Q13131|Q96L73_ATSYSKDFG|0.0
Q13131|Q96L73_EIPGSEGEL|0.0
Q13131|Q96L73_MPHRTATSP|0.38
Q13131|Q96L73_RTATSPKET|0.0
Q13131|Q96L73_PNHFTPRRG|0.0
Q13131|Q96L73_RVFPYMEGD|0.0
Q13131|Q96L73_VQIFTADLS|0.0
Q13131|Q96L73_TADLSEIPR|0.0
Q13131|Q96L73_ARIRYAQEH|0.0
Q13131|Q96L73_EHDITNFYM|0.0
Q13131|Q96L73_ERTDSRPQP|0.0
Q13131|Q96L73_SDKPSPVTS|0.008
Q13131|Q96L73_RLDKSIGAA|0.492
Q13131|Q96L73_PRPQSLEKT|0.005
Q13131|Q96L73_LEKTSVPTG|0.0
Q13131|Q96L73_TSVPTGLRL|0.033
Q13131|Q96L73_PHQVTPQAD|0.0
Q13131|Q96L73_VLESSSWPA|0.0
Q13131|Q96L73_LESSSWPAS|0.0
Q13131|Q96L73_SGRASAGAE|0.0
Q13131|Q96L73_TTEQSPWAL|0.0
Q13131|Q9Y4D2_KVVISIRGT|0.631
Q13131|Q9Y4D2_SIRGTLSPK|0.004
Q13131|Q9Y4D2_LTDLTGDAE|0.0
Q13131|Q9Y4D2_IVGATKCIP|0.039
Q13131|Q9Y4D2_CIPKSELPE|0.0
Q13131|Q9Y4D2_SSVRSKSQS|0.184
Q13131|Q9Y4D2_VRSKSQSEM|0.837
Q13131|Q9Y4D2_SKSQSEMSL|0.0
Q13131|Q9Y4D2_QSEMSLEGF|0.512
Q13131|Q9Y4D2_GRLLSPVVA|0.544
Q13131|Q9Y4D2_SRRSSGFRS|0.538
Q13131|Q9Y4D2_SIRGSPSLH|0.346
Q13131|Q9Y4D2_LAADSLSKH|0.012
Q13131|Q9Y4D2_SGGVTPERP|0.332
Q13131|Q9Y4D2_EGPKSPSQQ|0.001
Q13131|Q9Y4D2_IRTSTPTGH|0.038
Q13131|Q9Y4D2_GHGASPAKQ|0.0
Q13131|Q15738_RTHLTEDTP|0.002
Q13131|Q15738_GDLCSRQDL|0.825
Q13131|Q15738_FHCASPPPS|0.544
Q13131|Q15738_TSSASVIFE|0.003
Q13131|Q15738_EDLPYAMKP|0.633
Q13131|Q15738_SRILTGLNY|0.831
Q13131|Q15738_TGLNYEAPK|0.403
Q13131|Q15738_KAMGYQPLV|0.449
Q13131|Q15738_QPLVTMDDA|0.609
Q13131|P46459_PNHRYTFTL|0.0
Q13131|P46459_LQKKSIDSN|0.979
Q13131|P46459_KSIDSNPYD|0.317
Q13131|P46459_DSNPYDTDK|0.041
Q13131|P46459_NPYDTDKMA|0.005
Q13131|P46459_AMDPSILKG|0.473
Q13131|P46459_GEPATGKRQ|0.023
Q13131|P46459_YVGESEANI|0.001
Q13131|P46459_KQRGSMAGS|0.435
Q13131|P46459_GVHDTVVNQ|0.39
Q13131|P46459_NQLLSKIDG|0.931
Q13131|P46459_TKNFSGAEL|0.861
Q13131|P46459_EKAESLQVT|0.447
Q13131|P46459_NSDRTPLVS|0.506
Q13131|P46459_GPPHSGKTA|0.406
Q13131|P46459_IKICSPDKM|0.655
Q13131|P46459_RLLDYVPIG|0.487
Q13131|P46459_KERTTIAQQ|0.284
Q13131|P46459_LIEMSLQMD|0.13
Q13131|P46459_MDPEYRVRK|0.0
Q13131|P46459_EEGASPLDF|0.65
Q13131|Q9UNZ2_GTAPSDNRV|0.266
Q13131|Q9UNZ2_DNRVTSFRD|0.806
Q13131|Q9UNZ2_GQRFYAGGS|0.542
Q13131|Q9UNZ2_YAGGSERSG|0.576
Q13131|Q9UNZ2_AGGGYRLGA|0.554
Q13131|Q9UNZ2_KLWKSGFSL|0.931
Q13131|Q9UNZ2_DESQTLKEA|0.081
Q13131|Q9UNZ2-5_EGQRSRFYA|0.0
Q13131|Q9Y328_VPLITPLEV|0.001
Q13131|Q9Y328_TRTEYQPEQ|0.0
Q13131|Q9Y328_CIPASLDAY|0.0
Q13131|Q9Y328_RSRFYTVIS|0.0
Q13131|Q9Y328_VISHYSVAK|0.075
Q13131|Q9Y328_ISHYSVAKQ|0.0
Q13131|Q96IY1_QALVSATPR|0.0
Q13131|Q96IY1_LVSATPRED|0.0
Q13131|Q96IY1_ENFITQIET|0.0
Q13131|Q96IY1_TQIETTPTE|0.0
Q13131|Q96IY1_INLDT____|0.001
Q13131|Q92636_QLQLYSKER|0.0
Q13131|Q92636_FSQVYFIKE|0.0
Q13131|Q92636_PRRITPKFK|0.0
Q13131|Q92636_FKSLSQTSS|0.0
Q13131|Q92636_SMADSPGEE|0.0
Q13131|Q92636_PGEESFEDL|0.0
Q13131|Q92636_EESKTLAWN|0.0
Q13131|Q92636_WNNITKLQL|0.0
Q13131|Q92636_LHEHYKIHK|0.0
Q13131|Q92636_VFTTSQDST|0.0
Q13131|Q92636_LKMFSKESK|0.0
Q13131|Q92636_NMALSSCLL|0.0
Q13131|Q92636_VKVWSGVPA|0.0
Q13131|Q92636-2_GRAGSGRGS|0.0
Q13131|Q8WV22_MGVMTDVHR|0.0
Q13131|Q8WV22_GVLKSNKKS|0.0
Q13131|Q8WV22_SNKKSLRSR|0.166
Q13131|Q96MF7_LALQSKNSD|0.0
Q13131|Q96MF7_DIRKSDLIQ|0.681
Q13131|Q9NXX6_TRSRSRSRS|0.193
Q13131|Q9NXX6_SRSRSRSPL|0.513
Q13131|Q9NXX6_SRSRSPLSP|0.0
Q13131|Q9NXX6_RSPLSPRSR|0.01
Q13131|Q9NXX6_LSPRSRRGS|0.0
Q13131|Q9NXX6_MDPASLEAE|0.0
Q13131|Q9NXX6_RMEESHQEA|0.004
Q13131|Q9NXX6_HQEATEKEV|0.0
Q13131|Q6X4W1_SRQGSKECP|0.766
Q13131|Q6X4W1_ERMYSVDRV|0.741
Q13131|Q6X4W1_VFRGYAERK|0.604
Q13131|Q6X4W1_SRSWSDPTP|0.273
Q13131|Q6X4W1_KADTSHDSR|0.187
Q13131|Q6X4W1_SRQHSKLLD|0.324
Q13131|Q6X4W1-3_ENLFSFQTA|0.0
Q13131|Q08J23_FEHYYQELK|0.0
Q13131|Q08J23_PLPATLRIT|0.0
Q13131|Q08J23_TLRITGYKS|0.507
Q13131|Q08J23_RITGYKSHA|0.041
Q13131|Q08J23_TGYKSHAKE|0.002
Q13131|Q08J23_LAWHTNLSR|0.518
Q13131|Q08J23_QFLVSETES|0.008
Q13131|Q08J23_LVSETESGN|0.0
Q13131|Q08J23_QEAVSMIPP|0.0
Q13131|Q08J23_AAPGSKTTQ|0.0
Q13131|Q08J23_KRLSSPCIM|0.0
Q13131|Q08J23_NHDASSIPR|0.0
Q13131|Q08J23_HDASSIPRL|0.0
Q13131|Q08J23_SGDGTMRKN|0.001
Q13131|Q08J23_LLEKSEGAL|0.312
Q13131|Q08J23_LADVSNELP|0.048
Q13131|Q08J23_ETRESTQLS|0.589
Q13131|Q08J23_EGKPTDPSK|0.099
Q13131|Q08J23_LESPSFTGT|0.004
Q13131|Q08J23_SPSFTGTGD|0.222
Q13131|Q08J23_KRQLYMVSK|0.815
Q13131|Q08J23_LYMVSKELR|0.586
Q13131|Q08J23_QEGIYTLYP|0.0
Q13131|Q08J23_PFINSRIIT|0.0
Q13131|Q08J23_SRIITVSME|0.001
Q13131|Q08J23_IITVSMEDV|0.007
Q13131|Q08J23_SSETYSQAK|0.119
Q13131|Q9H649_YHTLSQGSL|0.505
Q13131|Q9H649_LKKYYLLNA|0.292
Q13131|Q9H649_VIKVSELDG|0.01
Q13131|Q9H649_SHDFTFAPT|0.0
Q13131|Q9H649_TFAPTGQEC|0.0
Q13131|Q96CB9_VDLATVPRR|0.006
Q13131|Q96CB9_KILHSYVPE|0.465
Q13131|Q96CB9_ILHSYVPEE|0.369
Q13131|Q96P11_VKQLYALVC|0.582
Q13131|Q96P11_KVLVYELLL|0.519
Q13131|Q96P11_HRGVSRNED|0.961
Q13131|Q96P11_CLRASPETT|0.511
Q13131|Q96P11-2_QAKASAPER|0.174
Q13131|Q3KNT7_AGTPSPVRL|0.114
Q13131|Q63ZY6_PGAGTPSPV|0.014
Q13131|Q63ZY6_AGTPSPVRL|0.117
Q13131|Q63ZY6_QAKASAPER|0.559
Q13131|Q8TEA1_GIRMTEPVY|0.0
Q13131|Q8TEA1_PSFDSVLPR|0.0
Q13131|Q8TEA1_VLPRYLFLQ|0.0
Q13131|Q8NE18_SQLTSLPLS|0.0
Q13131|Q8NE18_MSILTNNNT|0.0
Q13131|Q8NE18_TNNNTSKVF|0.0
Q13131|Q8NE18_NNNTSKVFV|0.0
Q13131|Q8NE18_LPLCSLKEI|0.0
Q13131|Q8NE18_PQKNTAQVG|0.0
Q13131|Q9P121_IVQVSPKIV|0.0
Q13131|Q9P121_QSGDYECSA|0.0
Q13131|P20783_VKENYQSTL|0.446
Q13131|P20783_QQRRYNSPR|0.323
Q13131|P20783_RRYNSPRVL|0.0
Q13131|P20783_LMEDYVGSP|0.001
Q13131|P20783_RRKRYAEHK|0.539
Q13131|P20783_KTSQTYVRA|0.016
Q13131|P20783-2_NKVMSILFY|0.0
Q13131|P34130_LPSCSLPIL|0.0
Q13131|P34130_RRGVSETAP|0.0
Q13131|Q8TCD5_DKVASVYEA|0.005
Q13131|Q8TCD5_VASVYEAPG|0.062
Q13131|Q8TCD5_LLSWSDNWR|0.003
Q13131|Q9BXI3_AKIFYDNLA|0.001
Q13131|Q9BXI3_TIAVSSRAL|0.589
Q13131|Q9BXI3_IAVSSRALF|0.03
Q13131|Q9BXI3_GVEEYVRYQ|0.0
Q13131|Q9BXI3_QKKFYSKGL|0.0
Q13131|Q9BXI3_KKFYSKGLR|0.0
Q13131|Q96P26_TIRIYIHMC|0.0
Q13131|Q96P26_TKAPSIDEP|0.0
Q13131|Q96P26_DEPRSRNTS|0.0
Q13131|Q96P26_RSRNTSAKL|0.0
Q13131|Q96P26_PSSSTSSRT|0.0
Q13131|Q96P26_AYWASMRSF|0.0
Q13131|Q96P26_ASMRSFYEK|0.0
Q13131|Q96P26-2_SNQGSQESS|0.0
Q13131|P49902___MSTSWSD|0.45
Q13131|P49902__MSTSWSDR|0.842
Q13131|P49902_RREAYHRVF|0.2
Q13131|P49902_NCPRYTSCE|0.452
Q13131|P49902_DLFMSYRSM|0.829
Q13131|P49902_PLLLSRMKE|0.483
Q13131|P49902_LDSSSNERP|0.473
Q13131|P49902_IKKVTHDMD|0.881
Q13131|P49902_GMMGSLFRS|0.473
Q13131|P49902_TRNRTSVDF|0.147
Q13131|P49902_KDTDYKRHQ|0.519
Q13131|Q5TFE4_AQHFSLAAC|0.0
Q13131|Q5TFE4_KHFLSDTGM|0.0
Q13131|Q5TFE4_RVVDYLTKL|0.0
Q13131|Q5TFE4_LKKMTGKPE|0.0
Q13131|Q5TFE4_KKGKYEGPK|0.0
Q13131|Q9H0P0_KRCPTCHNI|0.0
Q13131|Q9H0P0_VKVVSNFMD|0.0
Q13131|Q9H0P0_DFDETGVLK|0.0
Q13131|Q9H0P0_ALRNTEYFN|0.0
Q13131|Q9H0P0_LLGDSQGDL|0.604
Q13131|Q9H0P0-1____MTNQES|0.0
Q13131|Q969T7_CPSSYNILD|0.064
Q13131|Q969T7_LLHHYYPIE|0.0
Q13131|Q969T7_LHHYYPIEI|0.0
Q13131|Q969T7_DPHRTVKEK|0.0
Q13131|Q9H857_HNPTYFSRR|0.0
Q13131|Q9H857_GCMKTPFLG|0.0
Q13131|Q9H857-2_PEVCSLLNP|0.0
Q13131|Q9H857-2_PAAIYANNE|0.0
Q13131|Q9H857-2_NNEISLRDV|0.0
Q13131|Q86UY8_YGKSSHGNT|0.0
Q13131|Q86UY8_KGMSYIVGK|0.001
Q13131|Q86UY8_KGQIYKQGN|0.0
Q13131|Q86UY8_QGNLYEFLK|0.0
Q13131|Q86YG4_EILRYTYDP|0.0
Q13131|Q86YG4_RPWRSYFDL|0.005
Q13131|Q86YG4_PWRSYFDLI|0.0
Q13131|Q86YG4_MDILYIGDH|0.824
Q13131|P21589_GPLASQISG|0.867
Q13131|P21589_ASQISGLYL|0.061
Q13131|P21589_ISGLYLPYK|0.18
Q13131|P21589_PEDPSIKAD|0.008
Q13131|P21589_LRHDSGDQD|0.957
Q13131|Q9NPB1_KEMASLQNT|0.0
Q13131|Q9NPB1_SLQNTDVFI|0.0
Q13131|Q9NPB1_TRDKTVVSA|0.0
Q13131|Q96AB6_KKHPSPAHT|0.01
Q13131|Q14973_LGNGTYKGE|0.0
Q13131|Q14973_GNGTYKGED|0.0
Q13131|Q8IY17_MRKVSQSTS|0.748
Q13131|Q8IY17_KVSQSTSSL|0.0
Q13131|Q8IY17_SQSTSSLVD|0.0
Q13131|Q8IY17_LVDTSVSAT|0.0
Q13131|Q8IY17_DTSVSATSR|0.0
Q13131|Q8IY17_SVSATSRPR|0.0
Q13131|Q8IY17_IQKETPTLQ|0.0
Q13131|Q8IY17_QRTVSARAA|0.0
Q13131|Q8IY17_VEAFSAVFT|0.0
Q13131|Q8IY17_PGLPTRTSP|0.0
Q13131|Q8IY17_PVRGSKRMV|0.001
Q13131|Q8IY17_RMVSTSATD|0.003
Q13131|Q8IY17_STSATDEPR|0.0
Q13131|Q8IY17_FDMAYERGR|0.0
Q13131|Q8IY17_RISVSLQEE|0.0
Q13131|Q8IY17_GACEYSYCE|0.0
Q13131|Q8IY17_PFGPYQGRQ|0.028
Q13131|Q8IY17_GRLRSVIQR|0.0
Q13131|Q8IY17_QPRATTVHA|0.0
Q13131|Q8IY17_PRATTVHAV|0.0
Q13131|Q8IY17_LPEGTLGHI|0.0
Q13131|Q8IY17_LLLNSDIIR|0.0
Q13131|Q8IY17_QTDASLTPW|0.0
Q13131|Q8IY17_DASLTPWTV|0.0
Q13131|Q8IY17_LTPWTVRCL|0.0
Q13131|Q8IY17_FSRRSPAKL|0.0
Q13131|Q8IY17_LHELYEKVF|0.0
Q13131|Q8IY17_ARVLTGNTI|0.0
Q13131|Q8IY17_LTGNTIALV|0.0
Q13131|Q8IY17_MDGGYINNL|0.005
Q13131|Q8IY17_LAFPSSGFT|0.0
Q13131|Q8IY17_AFPSSGFTD|0.0
Q13131|Q8IY17_SSGFTDLAE|0.0
Q13131|Q8IY17_AEIVSRIEP|0.0
Q13131|Q8IY17_IEPPTSYVS|0.0
Q13131|Q8IY17_TSYVSDGCA|0.0
Q13131|Q8IY17_DGEESDCLT|0.0
Q13131|Q8IY17_SDCLTEYEE|0.0
Q13131|Q8IY17_DEGGSPEGA|0.0
Q13131|Q8IY17_PEGASPSTA|0.0
Q13131|Q8IY17_GASPSTASE|0.0
Q13131|Q8IY17_EEEKSILRQ|0.0
Q13131|Q8IY17-2_APLQTGMVL|0.0
Q13131|Q8IY17-2_AVVVTAVLI|0.0
Q13131|P78549___MCSPQES|0.529
Q13131|P78549_MLTRSRSLG|0.902
Q13131|P78549_TRSRSLGPG|0.964
Q13131|P78549_RKSHSPVKR|0.597
Q13131|P78549_QVLLSLMLS|0.659
Q13131|P78549_LMLSSQTKD|0.464
Q13131|P78549_KDQVTAGAM|0.725
Q13131|P78549_ARGLTVDSI|0.951
Q13131|P78549_LTVDSILQT|0.527
Q13131|P78549_TDDATLGKL|0.399
Q13131|P78549_GKLIYPVGF|0.44
Q13131|Q5VVY1_LCRHSMSFI|0.117
Q13131|Q5VVY1_RHSMSFILH|0.022
Q13131|Q5VVY1_AKLFYQEVP|0.186
Q13131|Q5VVY1_EVPATEEGM|0.288
Q13131|O95631_CKEGYYRDM|0.003
Q13131|O95631_KEGYYRDMG|0.0
Q13131|O95631_NMKKYCKKD|0.0
Q13131|O00634_EVLASSTCG|0.354
Q13131|O00634_LASSTCGRP|0.001
Q13131|O00634_GRPATRACD|0.0
Q13131|Q9HB63_QLKITNLRV|0.0
Q13131|Q9HB63_VLKSTKLKI|0.0
Q13131|Q9Y2I2_HLARYFYAI|0.0
Q13131|Q9Y2I2_ARYFYAISD|0.0
Q13131|Q9Y2I2_FYAISDIKV|0.0
Q13131|Q9Y2I2_NLHATVCVY|0.0
Q13131|Q9Y2I2_TVCVYDNSK|0.0
Q13131|Q9Y2I2_VYDNSKLTC|0.0
Q13131|Q9Y2I2-4_IPKGTANTC|0.0
Q13131|Q96CW9_LPHGSPNAC|0.0
Q13131|Q9BSD7_HVFLTGPPG|0.806
Q13131|Q9BSD7_VDGFYTEEV|0.399
Q13131|Q9BSD7_DGFYTEEVR|0.847
Q13131|Q9BSD7_VFNVTKENR|0.435
Q13131|P30990_RKIPYILKR|0.566
Q13131|P30990_PRRPYILKR|0.542
Q13131|P30990_KRDSYYY__|0.008
Q13131|P30990_RDSYYY___|0.008
Q13131|P30990_DSYYY____|0.0
Q13131|P30989_RKADSVSSN|0.788
Q13131|P30989_ADSVSSNHT|0.142
Q13131|P30989_DSVSSNHTL|0.678
Q13131|P30989_SSNATRETL|0.0
Q13131|P30989_RETLY____|0.0
Q13131|O95665___METSSPR|0.0
Q13131|O95665_PRPSSNPGL|0.0
Q13131|O95665_GNALSAHVV|0.0
Q13131|O95665_RSLLTPRRT|0.0
Q13131|O60285_KGELYDYIS|0.0
Q13131|O60285_ELYDYISER|0.536
Q13131|O60285_YDYISERRR|0.015
Q13131|O60285_LAKPTTSEV|0.0
Q13131|O60285_VLLPSSPEA|0.0
Q13131|O60285_SPKQSATMP|0.005
Q13131|O60285_DVMGSSIPS|0.0
Q13131|O60285_VTSHSLSCR|0.0
Q13131|O60285_SHSLSCRRK|0.001
Q13131|O60285_AEGLSRSYS|0.043
Q13131|O60285_RSCVSAENF|0.621
Q13131|Q9H093_GLIKSPKPL|0.001
Q13131|Q9H093_EFLETLGKG|0.0
Q13131|Q9H093_RGDLYDYIS|0.002
Q13131|Q9H093_DLYDYISER|0.007
Q13131|Q9H093_YDYISERQQ|0.0
Q13131|Q9H093_SNGAYREPP|0.0
Q13131|Q9H093_GYYSSPEPS|0.0
Q13131|Q9H093_LSSESFDQL|0.0
Q13131|P53384_RLCASGAGA|0.0
Q13131|P53384_GAGATPDTA|0.0
Q13131|P53384_NLHQSKEEN|0.417
Q13131|P53384_NLISS____|0.0
Q13131|Q9Y5Y2_RRELTFCRK|0.066
Q13131|Q9Y5Y2_EFPGSPAFA|0.0
Q13131|Q8TB37_DVDVYGPSV|0.44
Q13131|Q8TB37_VQNMSVFQC|0.0
Q13131|Q02818_PATESPDTG|0.0
Q13131|Q02818_ESPDTGLYY|0.0
Q13131|Q02818_DVLETDGHF|0.433
Q13131|Q02818_EDIKSGKLS|0.0
Q13131|Q02818_DLAQYDAAH|0.0
Q13131|Q02818_ERRRYLESL|0.003
Q13131|Q02818_RYLESLGEE|0.0
Q13131|Q02818_EFLASTQRK|0.76
Q13131|Q02818_EGWETVEMH|0.0
Q13131|Q02818_HPAYTEEEL|0.0
Q13131|P80303_HPVESAKIE|0.0
Q13131|P80303_DTGLYYDEY|0.001
Q13131|P80303_TGLYYDEYL|0.0
Q13131|P80303_DVLETDKHF|0.0
Q13131|P80303_HHVRTKLDE|0.0
Q13131|P80303_AKLDSLQDI|0.443
Q13131|P80303_DKFESTDLD|0.0
Q13131|P80303_KAATSDLEH|0.0
Q13131|P80303_DLEHYDKTR|0.467
Q13131|P80303_LEKVYDPKN|0.0
Q13131|P80303_QQFFTEEEL|0.0
Q13131|P80303_QKLEYHQVI|0.003
Q13131|Q9H1E3_SDYGSSKKK|0.268
Q13131|Q9H1E3_VGRPTASKA|0.283
Q13131|Q9H1E3_ASKASKEKT|0.52
Q13131|Q9Y266_LITQTFSHH|0.008
Q13131|Q9Y266_AKSETSGPQ|0.722
Q13131|Q9Y266_KSETSGPQI|0.552
Q13131|Q9Y266_PEINTKKIN|0.0
Q13131|Q9Y266_SDLDSETRS|0.92
Q13131|Q9Y266_EKMMYDQRQ|0.596
Q13131|Q9Y266_GLPTSDEQK|0.805
Q13131|Q96RS6_IMNLTVMLD|0.064
Q13131|Q96RS6_FRLPTDLTA|0.004
Q13131|Q96RS6_PTDLTACDN|0.0
Q13131|Q96RS6_DEDISEKIK|0.0
Q13131|Q96RS6_LIRDSAQCA|0.0
Q13131|Q96RS6_NTLKTTHVV|0.002
Q13131|Q96RS6_TLKTTHVVN|0.0
Q13131|Q96RS6_QYLFSVIVD|0.0
Q13131|Q96RS6-2_LQGWSMPAV|0.0
Q13131|Q8WVJ2____MSAPFE|0.0
Q13131|Q8WVJ2_HVALSVGGR|0.289
Q13131|Q8WVJ2_KLFDSTIAD|0.0
Q13131|Q8WVJ2_LESEYAADP|0.0
Q13131|Q8WVJ2_QRKLTLERF|0.857
Q13131|Q8WVJ2_GFDFSGAEI|0.553
Q13131|Q8WVJ2_ISGNYTKGG|0.376
Q13131|Q8WVJ2_SGNYTKGGP|0.0
Q13131|Q8WVJ2_GPDFSNLEK|0.0
Q13131|Q8IVD9_LRHPSDRMG|0.334
Q13131|Q8IVD9_INTESSLWS|0.0
Q13131|Q8IVD9_KVGEYWWNA|0.009
Q13131|Q8IVD9_LTFDYHQKL|0.627
Q13131|Q9NXR1_RPSSTSVPL|0.602
Q13131|Q9NXR1_GLDTSCRWL|0.261
Q13131|Q9NXR1-1_DSGKTFSSE|0.005
Q13131|Q9NXR1-1_GKTFSSEEE|0.0
Q13131|Q9NXR1-1_KTFSSEEEE|0.0
Q13131|Q9NXR1-1_AFLESELDE|0.0
Q13131|Q9NXR1-1_NLLESVQRL|0.0
Q13131|Q9NXR1-1_QATGSVPST|0.0
Q13131|Q9NXR1-1_GSVPSTPIA|0.0
Q13131|Q9NXR1-1_HRGPSSSLN|0.001
Q13131|Q9NXR1-1_RGPSSSLNT|0.0
Q13131|Q9NXR1-1_GPSSSLNTP|0.0
Q13131|Q9NXR1-1_NTPGSFRRG|0.0
Q13131|Q9NXR1-1_GLDDSTGGT|0.0
Q13131|Q9NXR1-1_LDDSTGGTP|0.0
Q13131|Q9NXR1-1_RNLVYDQSP|0.0
Q13131|Q9NXR1-1_SPNRTGGPA|0.0
Q13131|Q9NXR1-1_GGPASGRSS|0.0
Q13131|Q9NXR1-1_ASGRSSKNR|0.001
Q13131|Q9NXR1-1_RRPSSTSVP|0.0
Q13131|Q9NXR1-1_RPSSTSVPL|0.0
Q13131|Q9NXR1-1_PSSTSVPLG|0.0
Q13131|P36639_ASRLYTLVL|0.023
Q13131|P36639_ILDYTLREV|0.604
Q13131|Q8NFP7_QTRTYDPEG|0.017
Q13131|Q8NFP7_VREVYEEAG|0.495
Q13131|Q96G61_QTRTYDPEG|0.3
Q13131|Q96G61_VREVYEEAG|0.637
Q13131|Q96G61_TNGNSMAPS|0.012
Q13131|Q96G61_SMAPSSPDS|0.469
Q13131|Q96G61_MAPSSPDSD|0.417
Q13131|Q96G61_SSPDSDP__|0.479
Q13131|Q9BQG2_KRNNSDWLL|0.869
Q13131|Q9BQG2_CQLNYTDIK|0.297
Q13131|Q9BQG2_DIKDYLAQP|0.408
Q13131|Q86X67_NVAGSKRVC|0.155
Q13131|Q86X67_PKGMYSALA|0.456
Q13131|O95848_RCAASPYLR|0.0
Q13131|O95848_RFPGSLAAV|0.471
Q13131|Q9NV35_VVVTSCKHP|0.0
Q13131|Q9NV35_VGAGSFQLP|0.0
Q13131|Q9NV35_EKENYHYVT|0.0
Q13131|Q9NV35_YHYVTILMK|0.323
Q13131|Q96DE0_VAHFYAKRL|0.53
Q13131|Q96DE0_AKRLTLEEL|0.588
Q13131|Q9BRJ7____MSTAAV|0.441
Q13131|Q9BRJ7___MSTAAVP|0.0
Q13131|Q9BRJ7_LKQISRVEA|0.0
Q13131|Q9BRJ7_TEADYLSSH|0.153
Q13131|P0C025_HLGRTPPPC|0.457
Q13131|P0C025_PPCKSAAYL|0.637
Q13131|Q6ZVK8_WYPRTSLPT|0.0
Q13131|Q6ZVK8_YPRTSLPTP|0.0
Q13131|A8MXV4____MSSSLR|0.538
Q13131|A8MXV4_ANFASLSDL|0.001
Q13131|A8MXV4_HRIVTYHRH|0.009
Q13131|A8MXV4_RIVTYHRHL|0.042
Q13131|P50583_IHHWTPPKG|0.097
Q13131|P50583_ALRETQEEA|0.0
Q13131|P50583_EHQAYRWLG|0.001
Q13131|O95989_FRSESEEEV|0.124
Q13131|O95989_KVLQYHKPV|0.462
Q13131|O95989_VATTYSVSA|0.0
Q13131|Q9NZJ9_VREVYEEAG|0.018
Q13131|Q9NZJ9_KLGCSPANG|0.0
Q13131|Q9NZJ9_NGNSTVPSL|0.0
Q13131|Q9NZJ9_STVPSLPDN|0.001
Q13131|Q9UKK9_NGKQYIISE|0.422
Q13131|Q9UKK9_QYIISEELI|0.478
Q13131|Q9UKK9_PTGKTRTWE|0.899
Q13131|Q9UKK9_RTWESVKRT|0.822
Q13131|Q9UKK9_RKEQTADGV|0.883
Q13131|Q9UKK9_VLQRTLHYE|0.553
Q13131|P53370_FGGISVRLA|0.287
Q13131|P0C024____MSRLGL|0.675
Q13131|P0C024_RLRKYDIGG|0.936
Q13131|P0C024_IGGKYSHLP|0.0
Q13131|P0C024_GGKYSHLPY|0.0
Q13131|P0C024_SHLPYNKYS|0.108
Q13131|P0C024_PYNKYSVLL|0.007
Q13131|P0C024_HLLFTVRSE|0.0
Q13131|P0C024_DDAATALRE|0.007
Q13131|P0C024_VPLAYFLHP|0.029
Q13131|P0C024_QHYVTRLGH|0.484
Q13131|Q8WV74_LAGATARLR|0.273
Q13131|Q8WV74_VPLCSVRGV|0.0
Q13131|Q9BW91_RTSPYPGSK|0.0
Q13131|Q9BW91_KNGLYEIEN|0.501
Q13131|Q9BW91_KRDSSGNKI|0.91
Q13131|Q9BW91_HKLFSQDHL|0.882
Q13131|Q9BW91_KLKLYASHS|0.565
Q13131|Q9BW91_KLYASHSQF|0.542
Q13131|Q16795_AAAQSRVVR|0.0
Q13131|Q16795_GRMGSQVII|0.734
Q13131|Q16795_IVKPSDIFG|0.001
Q13131|Q16795_GIQATPLEL|0.0
Q13131|Q9BZD4_KNDLYPNPK|0.0
Q13131|Q9BZD4_FKQLSDGIQ|0.0
Q13131|Q9BZD4_QEGNSQKKS|0.0
Q13131|Q9BZD4_EIQESLKTK|0.0
Q13131|Q9BZD4_ESLKTKIVD|0.0
Q13131|Q9BZD4_ESDESELKK|0.0
Q13131|Q9BZD4_RGAVYERVT|0.0
Q13131|Q9BZD4_FKMST____|0.0
Q13131|Q9UHK0_RHQKSFNPA|0.0
Q13131|Q9UHK0_ELDCSFTAH|0.193
Q13131|Q9UHK0_IKLDTPEEI|0.0
Q13131|Q9UHK0_RRKNYPTLA|0.149
Q13131|Q9UHK0_GAVLTTTQY|0.0
Q13131|Q9UHK0_AVTGSGSHL|0.596
Q13131|Q9UHK0_KPQHSVIPK|0.585
Q13131|Q9UHK0_PKSPSQDVK|0.562
Q13131|Q68CJ6_ALKEYEKLE|0.0
Q13131|Q68CJ6_EKLESRTRR|0.0
Q13131|Q68CJ6_LSNTYQKLI|0.0
Q13131|Q68CJ6_ESKNYEELL|0.0
Q13131|Q68CJ6_ALVVTKMDK|0.0
Q13131|Q68CJ6_QEKMTEIGI|0.0
Q13131|Q14980_RKHPSSPEC|0.928
Q13131|Q14980_KHPSSPECL|0.475
Q13131|Q14980_VLEGSELEL|0.0
Q13131|Q14980_LYHSTMSSK|0.0
Q13131|Q14980_MSSKSPRDW|0.338
Q13131|Q14980_PSTCSSTFP|0.0
Q13131|Q14980_EMLETERGQ|0.279
Q13131|Q14980_QQLATAAEE|0.001
Q13131|Q14980_EREASLRER|0.0
Q13131|Q14980_EARDSAQTS|0.0
Q13131|Q14980_DSAQTSVTQ|0.006
Q13131|Q14980_SAQTSVTQA|0.0
Q13131|Q14980_HTAESECEQ|0.0
Q13131|Q14980_QETASRELV|0.897
Q13131|Q14980_ALMESQGQQ|0.0
Q13131|Q14980_KEHASGSGA|0.0
Q13131|Q14980_HASGSGAQS|0.295
Q13131|Q14980_SGAQSEAAG|0.0
Q13131|Q14980_EQADSLERS|0.582
Q13131|Q14980_SLERSLEAE|0.598
Q13131|Q14980_VQDHSKAED|0.0
Q13131|Q14980_NSLISSLEE|0.625
Q13131|Q14980_SLISSLEEE|0.659
Q13131|Q14980_AETASNSAR|0.0
Q13131|Q14980_ADAETRLAE|0.0
Q13131|Q14980_LEVMTAKYE|0.539
Q13131|Q14980_QGGESQQEA|0.0
Q13131|Q14980_FQVATDALK|0.007
Q13131|Q14980_QPDGTSVPG|0.729
Q13131|Q14980_IPARSQAPL|0.819
Q13131|Q14980_RKTRSARRR|0.604
Q13131|Q14980_IINITMTKK|0.376
Q13131|Q14980_NITMTKKLD|0.534
Q13131|Q14980_LRATSSTQS|0.996
Q13131|Q14980_GYRPTTRSS|0.618
Q13131|Q14980_YRPTTRSSA|0.227
Q13131|Q14980_PTTRSSARR|0.824
Q13131|Q14980_QAGVSSGAP|0.049
Q13131|Q14980_PGRNSFYMG|0.82
Q13131|Q14980_RNSFYMGTC|0.0
Q13131|Q14980_PHLKTCYPL|0.0
Q13131|Q14980_YPLESRPSL|0.0
Q13131|Q14980_LSLGTITDE|0.0
Q13131|Q14980_LGTITDEEM|0.63
Q13131|Q14980_GRKQSTTEA|0.882
Q13131|Q14980_RKQSTTEAQ|0.011
Q13131|Q14980_KQSTTEAQK|0.015
Q13131|Q14980_ASAATAAAI|0.0
Q13131|P49757_KKDVYVPEA|0.527
Q13131|P49757_HQWQTDEEG|0.0
Q13131|P49757_VLWVSADGL|0.484
Q13131|P49757_DASRTTFTR|0.0
Q13131|P49757_RTTFTREGS|0.001
Q13131|P49757_NTAPSPSSP|0.0
Q13131|P49757_PSSPTSPTS|0.088
Q13131|P49757_PTSPTSDAT|0.0
Q13131|P49757_SDATTSLEM|0.0
Q13131|P49757_FPALSQKMS|0.799
Q13131|P49757_VAPQSPTFQ|0.001
Q13131|P49757_LEEVSKSVR|0.552
Q13131|P49757_VRQQTFPHY|0.008
Q13131|P49757_SKQRTNPSP|0.76
Q13131|P49757-2_NTAPSPSSP|0.0
Q13131|P49757-2_SQKMSPFKR|0.0
Q13131|P49757-2_VAPQSPTFQ|0.0
Q13131|P49757-2_PQSPTFQGT|0.0
Q13131|P49757-2_TFQGTEWGQ|0.0
Q13131|P49757-2_SGAASPGLF|0.0
Q13131|P49757-3_NTAPSPSSP|0.0
Q13131|P49757-3_SQKMSPFKR|0.0
Q13131|P49757-3_VRQQTFPHY|0.0
Q13131|Q9Y6R0_KLRQSLRRR|0.488
Q13131|Q9Y6R0_ECGVTAAFD|0.0
Q13131|Q9Y6R0_PATTSPGEK|0.0
Q13131|Q9Y6R0_FPALSQKNS|0.239
Q13131|Q9Y6R0_SQKNSPFKR|0.0
Q13131|Q9Y6R0_GHKRTPSEA|0.0
Q13131|P57740_EVTRTARKQ|0.575
Q13131|P57740_NFGNTTPRN|0.269
Q13131|P57740_SSQRSGLFT|0.472
Q13131|P57740_TEPHSITED|0.019
Q13131|P57740_VSRATPGLQ|0.08
Q13131|P57740_DRIQSALEE|0.0
Q13131|P57740_ASEKTVVEA|0.0
Q13131|P57740_AKSVYWENT|0.0
Q13131|P57740_SYVGSVRPL|0.184
Q13131|P57740_RPLVTELDP|0.0
Q13131|P57740_NQEHYHIVQ|0.001
Q13131|P57740_KFLASKKHE|0.0
Q13131|Q8WUM0_VGRRSSLSS|0.854
Q13131|Q8WUM0_HHSITESVN|0.283
Q13131|Q8WUM0_SITESVNYD|0.686
Q13131|Q8WUM0_EDTYTEAFV|0.192
Q13131|Q8WUM0_YSFLTAVQG|0.132
Q13131|Q8WUM0_SFILSSSGS|0.036
Q13131|Q8WUM0_GRKVSSLFG|0.803
Q13131|Q8WUM0_RKVSSLFGI|0.0
Q13131|Q8WUM0_LDDSSEKHA|0.204
Q13131|Q8WUM0_RWAESVPEE|0.185
Q13131|Q8WUM0_YEIPSNLTP|0.444
Q13131|Q8WUM0_KEPEYVPWT|0.0
Q13131|Q8WUM0_NRERYDNLE|0.504
Q13131|Q8WUM0_ANMETRYFA|0.0
Q13131|Q8WUM0_AKKKTLLGL|0.056
Q13131|Q8WUM0_AALASDFSE|0.871
Q13131|Q8WUM0_QLNLSAMPV|0.825
Q13131|Q8WUM0_MPVLTAPQL|0.535
Q13131|Q8WUM0_RANEYDFKK|0.812
Q13131|Q8WUM0_RDNWSSSDG|0.048
Q13131|Q8WUM0_DNWSSSDGK|0.465
Q13131|Q8WUM0_NWSSSDGKD|0.034
Q13131|Q8WUM0_ANYEYYVQG|0.248
Q13131|P49790_WLQRYFNKN|0.861
Q13131|P49790_CSCSTDTSE|0.002
Q13131|P49790_SSNITDGRI|0.779
Q13131|P49790_SLHRSHLNF|0.708
Q13131|P49790_HLNFSMLES|0.947
Q13131|P49790_SMLESPALH|0.646
Q13131|P49790_HCQPSTSSA|0.562
Q13131|P49790_NISTTSGFS|0.875
Q13131|P49790_TSGFSSRAS|0.91
Q13131|P49790_SGFSSRASD|0.853
Q13131|P49790_DKDITVSKN|0.465
Q13131|P49790_AFNLSAFGT|0.802
Q13131|P49790_SLGNSSILK|0.742
Q13131|P49790_LGNSSILKT|0.939
Q13131|P49790_SILKTSQLG|0.944
Q13131|P49790_ILKTSQLGD|0.989
Q13131|P49790_DSPFYPGKT|0.157
Q13131|P49790_AVRQSKLRN|0.969
Q13131|P49790_RNTPYQAPV|0.588
Q13131|P49790_SAQSYGVTS|0.013
Q13131|P49790_RILQSLEKM|0.958
Q13131|P49790_GIDITDFQA|0.474
Q13131|P49790_VDSQYPPVQ|0.503
Q13131|P49790_PKPVSIATN|0.008
Q13131|P49790_ATNRSVYFK|0.61
Q13131|P49790_NRSVYFKPS|0.439
Q13131|P49790_YFKPSLTPS|0.771
Q13131|P49790_SLTPSGEFR|0.909
Q13131|P49790_EQRESGFSY|0.463
Q13131|P49790_ESGFSYPNF|0.002
Q13131|P49790_AAQPTATSP|0.001
Q13131|P49790_SFSSSGIGF|0.453
Q13131|P49790_LKAGSSWQC|0.433
Q13131|P49790_SPRDTAKQT|0.8
Q13131|P49790_KTTLSASGT|0.87
Q13131|P49790_TLSASGTGF|0.892
Q13131|P49790_VACETPKPG|0.737
Q13131|P49790_SAASSSFKF|0.0
Q13131|P49790_AASSSFKFG|0.011
Q13131|P49790_PVSLTPFQF|0.302
Q13131|P49790_SENKSSFNL|0.579
Q13131|P49790_ENKSSFNLG|0.964
Q13131|P49790_FNLGTIETK|0.501
Q13131|P49790_GTIETKSAS|0.0
Q13131|P49790_ASLPSASVF|0.007
Q13131|P49790_VTSTSLVFG|0.88
Q13131|P49790_KNVFSSSGT|0.821
Q13131|P49790_VFSSSGTSF|0.913
Q13131|O75694___MPSSLLG|0.841
Q13131|O75694_PASTSAAAL|0.0
Q13131|O75694_DKIITPLNK|0.001
Q13131|O75694_PITDSPVVV|0.079
Q13131|O75694_SAQGSLMFH|0.0
Q13131|O75694_RIFKSGNRE|0.515
Q13131|O75694_LDRNSQFAG|0.062
Q13131|O75694_QVDLSNVCA|0.108
Q13131|O75694_QVRFYEGVV|0.082
Q13131|O75694_LLWRYYEKN|0.0
Q13131|O75694_LWRYYEKNR|0.001
Q13131|O75694_EKNRSFSNA|0.86
Q13131|O75694_NRSFSNAAR|0.0
Q13131|O75694_ARVLSRLAD|0.126
Q13131|O75694_QRQYSHHSS|0.0
Q13131|Q12769_FVELSGAER|0.0
Q13131|Q12769_KLPPYDIPG|0.0
Q13131|Q12769_PREMYLQSL|0.0
Q13131|Q12769_MYLQSLFTP|0.002
Q13131|Q12769_QSLFTPGQF|0.0
Q13131|Q12769_PGQFTNEAL|0.0
Q13131|Q12769_MDYETEVEM|0.0
Q13131|Q12769_LLLSYYLIK|0.0
Q13131|Q12769_LLSYYLIKW|0.0
Q13131|Q12769_CQAASEVGK|0.0
Q13131|Q12769_EIVSTPRLQ|0.0
Q13131|Q12769_IRPEYAWIV|0.0
Q13131|Q12769_KLPLTPVFE|0.0
Q13131|Q5SRE5_CVRSSRELW|0.0
Q13131|Q5SRE5_RELWTILLG|0.0
Q13131|Q5SRE5_LLGRSALRE|0.0
Q13131|Q5SRE5_LRELSQIEA|0.0
Q13131|Q5SRE5_YKPPSPSSA|0.0
Q13131|Q5SRE5_FEELYKTEA|0.0
Q13131|Q5SRE5_GQLGSTQSQ|0.0
Q13131|Q5SRE5_MLPSYHKWR|0.339
Q13131|Q5SRE5_DAFLTRLQS|0.0
Q13131|Q5SRE5_TRLQSKIED|0.0
Q13131|Q5SRE5_DSMETDDCS|0.0
Q13131|Q5SRE5_TDDCSRSRH|0.0
Q13131|Q5SRE5_ASRKSLDAP|0.0
Q13131|Q5SRE5_ENCFYLLIS|0.0
Q13131|Q92621_QKASTEGVA|0.115
Q13131|Q92621_RKEVSDLIK|0.502
Q13131|Q92621_GLQATVRLA|0.51
Q13131|Q92621_EPPISLRRD|0.0
Q13131|Q92621_IGELYKKNP|0.281
Q13131|Q92621_DSVQYRHLP|0.41
Q13131|Q92621_ELLKTLAAF|0.0
Q13131|Q92621_QLDTYAPFP|0.05
Q13131|Q92621_INPRTKKAD|0.425
Q13131|Q92621_NIARYLYHG|0.37
Q13131|Q92621_ARYLYHGNT|0.117
Q13131|Q92621_YHGNTNPEL|0.0
Q13131|Q92621_THDQSISQK|0.7
Q13131|Q92621_LEEGSELEK|0.001
Q13131|Q92621_VKPYSDGEG|0.616
Q13131|Q92621_LRGQTVCNV|0.558
Q13131|Q92621_DRIVSVDKQ|0.003
Q13131|Q92621_CQDVSAGSL|0.004
Q13131|Q8TEM1_TRELYLEDS|0.0
Q13131|Q8TEM1_ADRFSDSHN|0.003
Q13131|Q8TEM1_PSYISEMEK|0.0
Q13131|Q8TEM1_KQGDTILVS|0.0
Q13131|Q8TEM1_TILVSGMKT|0.361
Q13131|Q8TEM1_KGVMTTGSD|0.0
Q13131|Q8TEM1_GVMTTGSDI|0.045
Q13131|Q8TEM1_VKVAYQEAR|0.0
Q13131|Q8TEM1_EIGKTVKAY|0.438
Q13131|Q8TEM1_TVKAYVRVL|0.071
Q13131|Q8TEM1_SGQLYGLAR|0.606
Q13131|Q8TEM1_QILMSPNSY|0.0
Q13131|Q8TEM1_MSPNSYIKL|0.351
Q13131|Q8TEM1_SPNSYIKLQ|0.005
Q13131|Q8TEM1_IKLQTNRDG|0.201
Q13131|Q8TEM1_AASLSYRVL|0.028
Q13131|Q8TEM1_IGTSTIEVI|0.0
Q13131|Q8TEM1_YLRVSMSPV|0.504
Q13131|Q8TEM1_LEVKSGSPA|0.369
Q13131|Q8TEM1_VKSGSPAVL|0.001
Q13131|Q5VU65_REIVTDHEL|0.0
Q13131|Q5VU65_VILVSGIRT|0.0
Q13131|Q5VU65_VIVTTKGVV|0.0
Q13131|Q5VU65_DNFSSLMLE|0.0
Q13131|Q5VU65_DVKETFSLV|0.0
Q13131|Q5VU65_LVEGSGYFL|0.0
Q13131|Q5VU65_ILRATTIGQ|0.0
Q13131|Q5VU65_LRATTIGQT|0.0
Q13131|Q5VU65_IGQTTLVAI|0.0
Q13131|Q5VU65_MGRKYTSTP|0.0
Q13131|Q5VU65_GRKYTSTPR|0.0
Q13131|Q5VU65_RKYTSTPRH|0.0
Q13131|Q5VU65_KYTSTPRHI|0.0
Q13131|Q5VU65_LKLHTNREG|0.001
Q13131|Q5VU65_GNKNYTYMA|0.0
Q13131|Q5VU65_IEPDTKLTF|0.0
Q13131|P35658_SVCWSPKGK|0.0
Q13131|P35658_GTLETSPDV|0.0
Q13131|P35658_TLETSPDVV|0.0
Q13131|P35658_RQHHYYLSY|0.009
Q13131|P35658_EPPSYSSGS|0.0
Q13131|P35658_PSYSSGSDS|0.0
Q13131|P35658_YSSGSDSSK|0.453
Q13131|P35658_SGSDSSKAA|0.0
Q13131|P35658_GSDSSKAAP|0.0
Q13131|P35658_SLAPTPAAS|0.0
Q13131|P35658_TPAASPVAP|0.0
Q13131|P35658_PPSTSAVKV|0.0
Q13131|P35658_KPAASGPLS|0.0
Q13131|P35658_LSHPTPLSA|0.028
Q13131|P35658_PTPLSAPPS|0.001
Q13131|P35658_APPSSVPLK|0.083
Q13131|P35658_SPVPSMVQK|0.0
Q13131|P35658_PQAKSLQPA|0.0
Q13131|P35658_RDSGYLHLL|0.0
Q13131|P35658_LDPKSEAQL|0.0
Q13131|P35658_PERETLFNT|0.0
Q13131|P35658_HSFDSDLES|0.0
Q13131|P35658_SHTKSLPKV|0.003
Q13131|P35658_TAPASLSRS|0.217
Q13131|P35658_LSQRYYEDL|0.0
Q13131|P35658_QSLESEDAR|0.0
Q13131|P35658_DARTSCKDD|0.354
Q13131|P35658_SIQPSLLPH|0.0
Q13131|P35658_ATSASKIIP|0.0
Q13131|P35658_VNTLTESTL|0.0
Q13131|P35658_TLTESTLKN|0.0
Q13131|P35658_TAMGSSVPY|0.001
Q13131|P35658_AKQGSLINS|0.513
Q13131|P35658_SLINSLKPS|0.058
Q13131|P35658_PSGPTPASG|0.001
Q13131|P35658_GQLSSGDKA|0.478
Q13131|P35658_SKPSYEAIP|0.0
Q13131|P35658_IPESSPPSG|0.0
Q13131|P35658_ASNTTPGEP|0.006
Q13131|P35658_ETPPSKLGE|0.0
Q13131|P35658_LGSFSGLRV|0.336
Q13131|P35658_NKASSTSLT|0.005
Q13131|P35658_SLTSTQPTK|0.144
Q13131|P35658_LFGNSGAKT|0.0
Q13131|P35658_FASSSFGEQ|0.0
Q13131|P35658_GTFSSGGGS|0.0
Q13131|P35658_GSVASQGFG|0.0
Q13131|P35658_APAFTSPLG|0.0
Q13131|P35658-2_PPSTSAVKV|0.0
Q13131|P35658-2_APPMSPFSS|0.0
Q13131|P35658-3_APPSSVPLK|0.0
Q13131|P35658-3_SVLPSPSAG|0.0
Q13131|P35658-3_SAGRSAQGS|0.0
Q13131|P35658-3_QGSSSPVPS|0.0
Q13131|P35658-4_PPSTSAVKV|0.0
Q13131|P35658-4_APPMSPFSS|0.0
Q13131|P35658-4_APPSSVPLK|0.0
Q13131|P35658-4_SVLPSPSAG|0.0
Q13131|P35658-4_SAGRSAQGS|0.0
Q13131|P35658-4_QGSSSPVPS|0.0
Q13131|Q8NFH5_HKDKSGAPP|0.503
Q13131|Q8NFH5_VRSIYDDIS|0.542
Q13131|Q8NFH5_TPLTSRRQP|0.533
Q13131|Q8NFH5_LVGVTSTPG|0.006
Q13131|Q8NFH5_GTGQSMFSP|0.723
Q13131|Q8NFH5_VMESSDRCA|0.644
Q13131|Q8NFH5_RCALSSPSL|0.838
Q13131|Q8NFH5_LSSPSLAFT|0.649
Q13131|Q8NFH5_PPIKTLGTP|0.661
Q13131|Q8NFH5_PRISTMRPL|0.852
Q13131|Q8NFH5_KASTSDYQV|0.957
Q13131|Q8NFH5_STSDYQVIS|0.501
Q13131|Q8NFH5_YQVISDRQT|0.904
Q13131|Q8NFH3_SLLPSRSLS|0.0
Q13131|Q9UKX7_LVVPSGGGR|0.53
Q13131|Q9UKX7_GGRFSGFGS|0.572
Q13131|Q9UKX7_SGFGSGAGG|0.402
Q13131|Q9UKX7_VAFGSLAAN|0.698
Q13131|Q9UKX7_TNGDSQQPS|0.0
Q13131|Q9UKX7_QPSSSGLAS|0.0
Q13131|Q9UKX7_LCDLTPIFK|0.0
Q13131|Q9UKX7_QHGNSGRNS|0.841
Q13131|Q9UKX7_SLFGSTKLQ|0.0
Q13131|Q9UKX7_LFGSTKLQQ|0.378
Q13131|Q9UKX7_MEVASEKKT|0.0
Q13131|Q9UKX7_SLGATSASF|0.058
Q13131|Q9UKX7_LGATSASFN|0.534
Q13131|Q9UKX7_KVDSSVLGS|0.036
Q13131|Q9UKX7_SVLGSLSSV|0.437
Q13131|Q9UKX7_GSLSSVPLT|0.905
Q13131|Q9UKX7_SVPLTGFSF|0.0
Q13131|Q9UKX7_LTGFSFSPG|0.617
Q13131|Q9UKX7_AEGDSGECK|0.366
Q13131|Q7Z3B4_KAVGYSCMP|0.002
Q13131|Q7Z3B4_AVGYSCMPS|0.0
Q13131|Q7Z3B4_SCMPSNKDE|0.006
Q13131|Q7Z3B4_TEIRSQQQQ|0.63
Q13131|Q7Z3B4_RTELSPAQI|0.646
Q13131|Q7Z3B4_DNPDSEKLI|0.002
Q13131|Q7Z3B4_SEERYYIDA|0.0
Q13131|Q7Z3B4_EERYYIDAD|0.549
Q13131|Q7Z3B4_GGVFS____|0.001
Q13131|P37198____MSGFNF|0.629
Q13131|P37198_FTFGTAKTA|0.481
Q13131|P37198_ATATTTSSS|0.0
Q13131|P37198_SGTIYLQHA|0.082
Q13131|P37198_REKTYKLAE|0.013
Q13131|P37198_PADTSDPLQ|0.02
Q13131|P37198_EQERSFRIT|0.0
Q13131|P37198_SFRITFD__|0.0
Q13131|Q9BW27_DGEPTVTLI|0.035
Q13131|Q9BW27_DVDVYSQIL|0.517
Q13131|Q9BW27_DEELTGKSR|0.588
Q13131|Q9BW27_KSRKSQLVR|0.497
Q13131|Q9BW27_DLMRTMPIL|0.397
Q13131|Q9BW27_MPILSPGNT|0.0
Q13131|Q9BW27_SPGNTQTLT|0.002
Q13131|Q9BW27_TQTLTELEL|0.0
Q13131|Q9BW27_TFATSPHLE|0.0
Q13131|Q9BW27_KELLSNWYH|0.008
Q13131|Q9BW27_SHNLYFGSN|0.017
Q13131|Q9BW27_ADAASLLLS|0.0
Q13131|Q9BW27_AEQTYELMR|0.424
Q13131|Q9BW27_VHGESDTEQ|0.669
Q13131|Q9BW27_GESDTEQLQ|0.34
Q13131|Q9BW27_IREGSLEGS|0.647
Q13131|Q99567_PQTPTNVII|0.0
Q13131|Q99567_AEEESLVLN|0.0
Q13131|Q99567_GRAYTASLG|0.177
Q13131|Q99567_AYTASLGET|0.0
Q13131|Q99567_DPFDSDFSC|0.0
Q13131|Q99567_KFLGSDEED|0.456
Q13131|Q99567_QELSTEQKC|0.0
Q13131|Q99567_WPLLSTVHP|0.397
Q13131|Q99567_PLLSTVHPA|0.032
Q13131|Q99567_ETPDSFEKH|0.0
Q13131|Q99567_LEDLSYCRE|0.0
Q13131|Q99567_LPVLSDSER|0.131
Q13131|Q99567_MKKDYQQQK|0.006
Q13131|Q8N1F7___MDTEGFG|0.676
Q13131|Q8N1F7_ERLRSRTLT|0.277
Q13131|Q8N1F7_LRSRTLTRT|0.937
Q13131|Q8N1F7_TSQETADVK|0.326
Q13131|Q8N1F7_NALLSAIEE|0.493
Q13131|Q8N1F7_MAEEYHRES|0.518
Q13131|Q8N1F7_FTQESEPSY|0.615
Q13131|Q8N1F7_ESEPSYISD|0.35
Q13131|Q8N1F7_SEPSYISDV|0.338
Q13131|Q8N1F7_PSYISDVGP|0.773
Q13131|Q8N1F7_IEMAYARQI|0.754
Q13131|Q8N1F7_ARQIYIYNE|0.42
Q13131|Q8N1F7_VKQMTDVLL|0.285
Q13131|Q8N1F7_DVLLTPATD|0.719
Q13131|Q8N1F7_GEFKTWFQE|0.0
Q13131|Q8N1F7_DRRLSPATE|0.802
Q13131|Q8N1F7_KRAVYCIIG|0.464
Q13131|Q8N1F7_KTEDYLWLK|0.0
Q13131|Q8N1F7_RLTLSQFQK|0.951
Q13131|Q8N1F7_EALQYFYFL|0.757
Q13131|Q8N1F7_DEKDSQGEN|0.944
Q13131|Q8N1F7_LRCVSELVI|0.54
Q13131|Q8N1F7_DKFTSDTKP|0.553
Q13131|Q8N1F7_NKVASVAEN|0.392
Q13131|Q8N1F7_NKLLSPVVP|0.654
Q13131|Q8N1F7_VPQISAPQS|0.672
Q13131|Q8N1F7_SAPQSNKER|0.006
Q13131|Q8N1F7_LNQESVEER|0.923
Q13131|Q8N1F7_NILFTQFKR|0.86
Q13131|Q8N1F7_SPSSSSRPQ|0.033
Q13131|Q8N1F7_PSSSSRPQR|0.655
Q13131|Q8N1F7_EDRDSQLRS|0.343
Q13131|P52948_FNPPTGTDT|0.0
Q13131|P52948_PPTGTDTMV|0.0
Q13131|P52948_TGTDTMVKA|0.73
Q13131|P52948_KAGVSTNIS|0.77
Q13131|P52948_HQCITAMKE|0.443
Q13131|P52948_SLTYSPFGD|0.0
Q13131|P52948_PFGDSPLFR|0.64
Q13131|P52948_RLKPTNPAA|0.666
Q13131|P52948_QKALTTPTH|0.695
Q13131|P52948_LTTPTHYKL|0.56
Q13131|P52948_TPTHYKLTP|0.489
Q13131|P52948_HYKLTPRPA|0.797
Q13131|P52948_ALQTTGTAK|0.901
Q13131|P52948_MPKKSIKKL|0.716
Q13131|P52948_SPSEYPENG|0.358
Q13131|P52948_GERFSFLSK|0.991
Q13131|P52948_FSFLSKPVD|0.158
Q13131|P52948_GDEDSLVSH|0.642
Q13131|P52948_VSHFYTNPI|0.506
Q13131|P52948_GNKHSNSNS|0.981
Q13131|P52948_SVDDTIVAL|0.758
Q13131|P52948_GLEGSSEET|0.497
Q13131|P52948_FHDESLQDD|0.645
Q13131|P52948_IENNSYHMH|0.482
Q13131|P52948_TKVGYYTIP|0.22
Q13131|P52948_KVGYYTIPS|0.481
Q13131|P52948_VGYYTIPSM|0.591
Q13131|P52948_YTIPSMDDL|0.73
Q13131|P52948_ADINYEGRL|0.469
Q13131|P52948_LEAVSRKQG|0.672
Q13131|P52948_HPSKTSTKK|0.875
Q13131|P52948_LPPASQTTP|0.58
Q13131|P52948_IMKASLLTD|0.761
Q13131|P52948_DQRFSRLPS|0.634
Q13131|P52948_SKADTSQEI|0.9
Q13131|P52948_PISASHSSK|0.728
Q13131|P52948_SASHSSKTR|0.82
Q13131|P52948_QSKFTSGAF|0.808
Q13131|P52948_SKFTSGAFL|0.898
Q13131|P52948_FLSPSVSVQ|0.729
Q13131|P52948_PRAASLMNI|0.723
Q13131|P52948_PLTESPFKV|0.667
Q13131|P52948_LEKLSLRQR|0.513
Q13131|P52948_DMKLYQTPL|0.268
Q13131|P52948_EPREYIQIL|0.112
Q13131|P52948_GKRISEACS|0.886
Q13131|P52948_ALLLSQFVG|0.636
Q13131|P52948_LLKLYSDRH|0.355
Q13131|P52948_SDRHYDLNQ|0.583
Q13131|P52948_DPLDYRLSW|0.49
Q13131|P52948_INENYDYLK|0.435
Q13131|P52948_DWETSGLVY|0.622
Q13131|P52948_PPDRTSDST|0.213
Q13131|P52948_PDRTSDSTP|0.834
Q13131|P52948_RTSDSTPDP|0.693
Q13131|P52948_TSDSTPDPQ|0.478
Q13131|P52948_DELRSLTQS|0.48
Q13131|P52948_LRSLTQSYL|0.614
Q13131|P52948-2_SLTYSPFGD|0.0
Q13131|P52948-2_PFGDSPLFR|0.0
Q13131|P52948-2_QKALTTPTH|0.011
Q13131|P52948-2_DDEPSLANG|0.001
Q13131|P52948-2_MPKKSIKKL|0.472
Q13131|P52948-2_VFKVSHFSK|0.015
Q13131|P52948-2_RTSDSTPDP|0.001
Q13131|P52948-2_DELRSLTQS|0.0
Q13131|P52948-6_PRAASLMNI|0.0
Q13131|Q9BVL2_LQHEYAAPA|0.0
Q13131|Q9BVL2_APADYFRIL|0.0
Q13131|Q9BVL2_KWQNTPRVT|0.0
Q13131|O15504_NPFASLSPD|0.533
Q13131|O15504_MFSVYSPVK|0.593
Q13131|O15504_FSVYSPVKK|0.154
Q13131|O15504_SLNISTKVA|0.795
Q13131|O15504_SSFGSPGFS|0.336
Q13131|O60356_EDEDSSLDE|0.809
Q13131|O60356_DEDSSLDES|0.818
Q13131|O60356_RKGRTKREA|0.005
Q13131|O60356_AAANTNRPS|0.011
Q13131|O60356_TNRPSPGGH|0.517
Q13131|P22736_AQYGTPAPS|0.648
Q13131|P22736_TPAPSPGPR|0.021
Q13131|P22736_DHLASDPLT|0.739
Q13131|P22736_SDPLTPEFI|0.826
Q13131|P22736_CSAPSPSTP|0.313
Q13131|P22736_FFSFSPPTG|0.303
Q13131|P22736_FSPPTGPSP|0.0
Q13131|P22736_SLAQSPLKL|0.614
Q13131|P22736_TKARSGAPG|0.736
Q13131|P22736_APGGSEGRC|0.32
Q13131|P22736_EVVRTDSLK|0.571
Q13131|P22736_PPDASPANL|0.611
Q13131|Q96E22_CRAASAAVL|0.003
Q13131|Q96E22_PRGGSCLAA|0.0
Q13131|Q96E22_CSKYSPEFA|0.0
Q13131|Q9BXS6_EELDSLKYS|0.309
Q13131|Q9BXS6_NLRATKLLK|0.866
Q13131|Q9BXS6_QQNHSEIKI|0.537
Q13131|Q9BXS6_GNRDSKVPS|0.272
Q13131|Q9BXS6_SKVPSEGKK|0.491
Q13131|Q9BXS6_KKSLYTDES|0.0
Q13131|Q9BXS6_YTDESSKPG|0.001
Q13131|Q9BXS6_TDESSKPGK|0.003
Q13131|Q9BXS6_RTAITTPNF|0.493
Q13131|Q9BXS6_GGVRTPVPP|0.0
Q13131|Q9BXS6_SQRRSQGRS|0.651
Q13131|Q9BXS6_CGPASQSTL|0.007
Q13131|Q9BXS6_PASQSTLGL|0.0
Q13131|Q9BXS6_ASQSTLGLK|0.032
Q13131|Q9BXS6_SLKRSAISA|0.041
Q13131|Q9BXS6_GVRFSAATK|0.534
Q13131|Q9BXS6_EHKRSLTKT|0.001
Q13131|Q9BXS6_KRSLTKTPA|0.007
Q13131|Q9BXS6_ITGNSAAVI|0.518
Q13131|Q9BXS6_PFKLTTEAT|0.0
Q13131|Q9BXS6_TTEATQTPV|0.204
Q13131|Q9BXS6_KASLSRPLN|0.673
Q13131|Q9BXS6_KENNYLNQH|0.131
Q13131|P61970_PTPDSCIIS|0.521
Q13131|Q86Y26_VKVKTEGGS|0.0
Q13131|Q86Y26_TEGGSAEPS|0.0
Q13131|Q86Y26_LGDRSKISK|0.09
Q13131|Q86Y26_RSKISKDVY|0.0
Q13131|Q86Y26_RRHLSQSPD|0.0
Q13131|Q86Y26_HLSQSPDTE|0.0
Q13131|Q86Y26_PVLRSLARL|0.385
Q13131|Q86Y26_LRANSPPLR|0.284
Q13131|Q86Y26_PPLRSKENQ|0.051
Q13131|O15381_QYLTSNKCG|0.033
Q13131|O15381_KCGKYVDIG|0.452
Q13131|O15381_GVLASDLQR|0.496
Q13131|O15381_QRVYSIDYG|0.742
Q13131|O15381_LKNLTELED|0.152
Q13131|O15381_QRETTSSTP|0.682
Q13131|O15381_ETTSSTPRI|0.824
Q13131|O15381_TTSSTPRIS|0.007
Q13131|O15381_IPLKTPAKD|0.537
Q13131|O15381_FIDKTPSVK|0.779
Q13131|O15381_DKTPSVKKD|0.918
Q13131|O15381_HPEVYHHLG|0.373
Q13131|O15381_LLNMYVGES|0.427
Q13131|O15381_ARQKSGNEK|0.939
Q13131|O15381_KKVRSSISK|0.455
Q13131|O15381_KVRSSISKK|0.501
Q13131|O15381_RSSISKKDQ|0.944
Q13131|Q149M9_SLLSSEDRE|0.0
Q13131|Q149M9_GIGKTALMC|0.0
Q13131|Q149M9_VDGFTLLAI|0.0
Q13131|Q149M9_ERYLSGSER|0.001
Q13131|Q149M9_YLSGSERAK|0.0
Q13131|Q149M9_KKLITLPLV|0.0
Q13131|Q149M9_SLLYTELLA|0.0
Q13131|Q149M9_QEKFTIWDG|0.0
Q13131|Q149M9_WDGGSKNPA|0.0
Q13131|Q149M9_GKLVTGFSN|0.0
Q13131|Q149M9_FSNGSISLV|0.0
Q13131|Q149M9_NGSISLVSS|0.0
Q13131|Q149M9_ISLVSSKGD|0.0
Q13131|Q149M9_SLVSSKGDR|0.404
Q13131|Q149M9_VASASPQSS|0.002
Q13131|Q149M9_INCMSLSKC|0.0
Q13131|Q149M9_RIIPTTSGF|0.0
Q13131|Q149M9_TRHGYLIRE|0.017
Q13131|Q9ULI1_LRPKSEMLR|0.0
Q13131|Q9ULI1_EMLRSNRNA|0.0
Q13131|Q9ULI1_YILPSKAGH|0.0
Q13131|Q9ULI1_TGPESDPVV|0.0
Q13131|Q9ULI1_EEDNYIELI|0.0
Q13131|Q9ULI1_QKLVSRALG|0.0
Q13131|Q9ULI1_VKNVTLLVW|0.0
Q13131|Q9ULI1_LGVWSGGRR|0.0
Q13131|Q9ULI1_HRKMSELLY|0.052
Q13131|Q9ULI1_SELLYHLTR|0.0
Q13131|Q9ULI1_DGPKYCSIV|0.0
Q13131|Q9ULI1_GFTLSANHA|0.0
Q13131|Q9ULI1_GEIIYSLDG|0.0
Q13131|Q9ULI1_TGSITKKFC|0.0
Q13131|Q9ULI1_HNSCYERVC|0.0
Q13131|Q9ULI1_ERVCSALEA|0.0
Q13131|Q9UBU9_FRWKYGEGN|0.124
Q13131|Q9UBU9_DVAMSDAQD|0.522
Q13131|Q9UBU9_PRVRYNPYT|0.238
Q13131|Q9UBU9_RYNPYTTRP|0.349
Q13131|Q9UBU9_YNPYTTRPN|0.0
Q13131|Q9UBU9_NPYTTRPNR|0.0
Q13131|Q9UBU9_RRGDTWHDR|0.007
Q13131|Q9UBU9_RIHVTVRRD|0.161
Q13131|Q9UBU9_SVPFTPIEF|0.0
Q13131|Q9UBU9_NRRISIIIN|0.599
Q13131|Q9UBU9_RYDGSQQAL|0.003
Q13131|Q9UBU9_LNRRSCMAA|0.0
Q13131|Q9UBU9_ILNLSGNEL|0.124
Q13131|Q9UBU9_MPAPTPSSS|0.362
Q13131|Q9UBU9_SPVPTLSPE|0.0
Q13131|Q9UBU9_VPTLSPEQQ|0.028
Q13131|Q9GZY0_HTPYSIRCE|0.0
Q13131|Q9GZY0_ERKMSQNTQ|0.164
Q13131|Q9GZY0_TQDGYTRNW|0.149
Q13131|Q9GZY0_SYKIYDDEN|0.001
Q13131|Q9GZY0_STAPYSVKN|0.0
Q13131|Q9GZY0_KENFTGSET|0.022
Q13131|Q9H4D5_FGIKYNEKW|0.0
Q13131|Q9H4D5_LKDPYLRGE|0.003
Q13131|Q9H1B4_KENFTGSET|0.258
Q13131|Q6DKJ4____MSGFLE|0.001
Q13131|Q6DKJ4_GEVITRQGR|0.56
Q13131|P58417_NGGKSELLK|0.0
Q13131|P58417_NLLITGKIV|0.005
Q13131|O95156_VCPDYNYHS|0.0
Q13131|O95156_PDYNYHSET|0.0
Q13131|O95156_SETPYLSSG|0.0
Q13131|O95157_WGDFYSNIK|0.0
Q13131|O95157_GDFYSNIKT|0.0
Q13131|O95157_AKICSRDHA|0.0
Q13131|O95157_DHAQSSATW|0.0
Q13131|O95157_QSSATWSCS|0.0
Q13131|O95157_PDYNYHSDT|0.0
Q13131|O95157_PYYPSG___|0.0
Q13131|Q9NPJ8_LDKATLIWN|0.0
Q13131|Q9NPJ8_GNAVSGLDA|0.547
Q13131|Q9NPJ8-3_RSHWSQGDR|0.0
Q13131|Q9NPJ8-3_EEVVTPTLP|0.0
Q13131|Q6ZVC0_RDIASLRRS|0.0
Q13131|Q6ZVC0_STKLSMVGP|0.0
Q13131|Q6ZVC0_ETPPSKKAG|0.0
Q13131|Q6ZVC0_ADSDSEESE|0.0
Q13131|Q6ZVC0_GDGVSRLPV|0.532
Q13131|Q6ZVC0_DKAVSYTMV|0.1
Q13131|Q6ZVC0_KAVSYTMVY|0.0
Q13131|Q6ZVC0_AVSYTMVYS|0.0
Q13131|Q6ZVC0_GCLASPHSL|0.0
Q13131|Q6ZVC0_PLWTYPATA|0.0
Q13131|Q6ZVC0_TYPATAAGL|0.0
Q13131|Q6ZVC0_RKVLYGGRK|0.479
Q13131|Q6ZVC0_GGSRTALPI|0.182
Q13131|Q6ZVC0_VVLHTPRPC|0.007
Q13131|Q9P242_GMKAYDGLV|0.002
Q13131|Q9P242_PHPCSSGFS|0.0
Q13131|Q9P242_LSTSSETVS|0.0
Q13131|Q9P242_TSSETVSST|0.0
Q13131|Q9P242_STAASKSGK|0.0
Q13131|Q9P242_KSGKTPERT|0.001
Q13131|Q9P242_TPERTEASA|0.0
Q13131|Q9P242_PRPHSDEYS|0.119
Q13131|Q9P242_TQLSTSFDE|0.0
Q13131|Q9P242_QLSTSFDET|0.0
Q13131|Q9P242_EEPVYIEMV|0.0
Q13131|Q9P242_SEAVYEEMK|0.0
Q13131|Q9P242_HSCSSQCAT|0.0
Q13131|Q9P242_SQCATPTVP|0.0
Q13131|Q9P242_ESPLTPLEV|0.0
Q13131|Q9P242_PAGASPSTL|0.0
Q13131|Q9P242_ALSSSPPPP|0.0
Q13131|Q9P242_YRTQSPHGY|0.0
Q13131|Q9P242_KSHSTSPSP|0.0
Q13131|Q9P242_SHSTSPSPV|0.0
Q13131|Q9P242_STSPSPVSM|0.0
Q13131|Q9P242_GRSLTPLSL|0.42
Q13131|Q9P242_LTPLSLKRP|0.0
Q13131|Q9P242_SLSRSSPSV|0.0
Q13131|Q9P242_RSSPSVPHS|0.0
Q13131|Q9P242_VPHSTPRPV|0.0
Q13131|Q9P242_PRPVSQDGA|0.0
Q13131|Q9P242_AAVNTYGAA|0.0
Q13131|Q9P242_AVNTYGAAP|0.0
Q13131|Q9P242_SRSRTPTSP|0.012
Q13131|Q9P242_SRTPTSPLE|0.041
Q13131|Q9P242_RTPTSPLEE|0.0
Q13131|Q9P242_LLRKSSSGR|0.068
Q13131|Q9P242_LRKSSSGRR|0.0
Q13131|Q9P242_RKSSSGRRS|0.014
Q13131|Q9P242_VRSHSTEPL|0.0
Q13131|Q9P242_LGRCSVSPT|0.0
Q13131|Q9P242_RCSVSPTLL|0.003
Q13131|Q9P242_KLGRSASTS|0.0
Q13131|Q9P242_GRSASTSGV|0.014
Q13131|Q9P242_RSASTSGVP|0.0
Q13131|Q9P242_VPPPSVTPL|0.0
Q13131|Q9P242_PPSVTPLRQ|0.0
Q13131|Q9P242_SQVPSSLAN|0.0
Q13131|Q9P2P1_FMVQTKSKP|0.478
Q13131|Q9P2P1_PLAPTKPTA|0.0
Q13131|Q9P2P1_TLALSSKHQ|0.014
Q13131|Q9P2P1_LAEETDGII|0.0
Q13131|Q9P2P1_GIIVTNEQI|0.0
Q13131|Q9P2P1_ILMNSSKKL|0.556
Q13131|Q9P2P1_LMNSSKKLM|0.475
Q13131|Q9P2P1_NRLLTPAAS|0.0
Q13131|Q9P2P1_TPAASMPRF|0.0
Q13131|Q9P2P1_ISLTSGLSS|0.0
Q13131|Q9P2P1_TSGLSSLPF|0.024
Q13131|Q9P2P1_LFAVTVDTL|0.0
Q13131|Q9P2P1_VTVDTLAKQ|0.0
Q13131|Q9P2P1_VLLLSLPRN|0.536
Q13131|Q9P2P1_RNGSSAKWV|0.213
Q13131|Q9P2P1_AKSGTPLSF|0.0
Q13131|Q9Y5A7_AKQYSDRLE|0.82
Q13131|Q9Y5A7_NLLETRLHI|0.124
Q13131|Q9Y5A7_LQENYIKIV|0.414
Q13131|Q9Y5A7_EMTPYLDIA|0.169
Q13131|Q9Y5A7_IANQTGRSI|0.44
Q13131|Q9Y5A7_QTGRSIRIP|0.68
Q13131|Q9Y5A7_LAMGYHEKG|0.356
Q13131|Q9Y5A7_DVEAYEYLN|0.326
Q13131|Q9Y5A7_NRQESPSQE|0.512
Q13131|Q9Y5A7_EDMETEAVN|0.0
Q13131|Q9GZU5_LELLYLDRN|0.0
Q13131|Q9GZU5_VPCASPGSV|0.0
Q13131|Q9GZU5_ASPGSVAGL|0.002
Q13131|Q9GZU5_LSQVTFGRS|0.0
Q13131|Q9Y530___MASSLNE|0.505
Q13131|P00973_CFRGSSYPV|0.39
Q13131|P00973_FRGSSYPVC|0.67
Q13131|P00973_ERAFSVKFE|0.0
Q13131|P00973_QLCIYWTKY|0.0
Q13131|P00973_DPRRYQKYG|0.205
Q13131|P00973_QKYGYIGTH|0.001
Q13131|P00973-2_NWDGSPVSS|0.0
Q13131|P29728_EGVRTVLEL|0.733
Q13131|P29728_EQIDSAVNI|0.854
Q13131|P29728_CFRQSTAKI|0.319
Q13131|P29728_LKTGSDADL|0.905
Q13131|P29728_VFHNSLKSY|0.873
Q13131|P29728_KSYTSQKNE|0.231
Q13131|P29728_PRVLSFSLK|0.92
Q13131|P29728_VLSFSLKSK|0.378
Q13131|Q9Y6K5_RAGCSGLGH|0.0
Q13131|Q9Y6K5_TPENSKSLN|0.767
Q13131|Q9Y6K5_ENSKSLNAV|0.04
Q13131|Q9Y6K5_LNAVYPRAG|0.0
Q13131|Q9Y6K5_VHKASRVSK|0.466
Q13131|Q9Y6K5_CFTDYKDQG|0.12
Q13131|Q9Y6K5_CFRNSPIKV|0.337
Q13131|Q15646_EQRGYPDFN|0.599
Q13131|Q15646_RTRGYSGLQ|0.876
Q13131|Q15646_LFPAS____|0.433
Q13131|P04181_TSVATKKTV|0.0
Q13131|P04181_QGPPTSDDI|0.004
Q13131|P04181_GAHNYHPLP|0.343
Q13131|P04181_GKGIYLWDV|0.477
Q13131|P04181_FLSSYSAVN|0.788
Q13131|P04181_VLGEYEEYI|0.0
Q13131|P04181_EYEEYITKL|0.019
Q13131|P04181_KLFNYHKVL|0.116
Q13131|P04181_LAVDYENVR|0.58
Q13131|P04181_MKLPSDVVT|0.384
Q13131|P54368_SSESSRVSL|0.56
Q13131|P54368_SSRVSLHCC|0.482
Q13131|P54368_LPEGSKDSF|0.655
Q13131|P54368_FERESSGEE|0.099
Q13131|P54368_ERESSGEEE|0.7
Q13131|Q9UMX2_LPRCYKSIT|0.064
Q13131|Q9UMX2_RCYKSITYK|0.296
Q13131|Q9UMX2_YKSITYKEE|0.0
Q13131|Q9UMX2_RAFSYMGFE|0.0
Q13131|Q9H668_KLQETIEQK|0.0
Q13131|Q9H668_YRKVYDQPF|0.004
Q13131|Q9BQ15_LTKGYASVF|0.0
Q13131|Q9BQ15_NPEYSTQQA|0.0
Q13131|Q9BQ15_QPNHTPAGP|0.327
Q13131|Q9BQ15_PPGPSSNPV|0.004
Q13131|Q9BQ15_SNPVSNGKE|0.092
Q13131|Q9NY56_NLEATFTFM|0.914
Q13131|Q9NY56_EATFTFMRE|0.639
Q13131|Q9NY56-4_AFSNTRQPP|0.0
Q13131|Q9NPH6_RKGLSEEDI|0.0
Q13131|Q5VST9_DGDLYRLTI|0.169
Q13131|Q5VST9_DSGQYVCRA|0.004
Q13131|Q5VST9_RVGGSPRPA|0.247
Q13131|Q5VST9_GAPASPPST|0.431
Q13131|Q5VST9_ASPPSTGTR|0.0
Q13131|Q5VST9_TGTRTCTVT|0.0
Q13131|Q5VST9_HARLSCYVT|0.554
Q13131|Q5VST9_PKPETVWKK|0.001
Q13131|Q5VST9_RHVVYEDAQ|0.14
Q13131|Q5VST9_EVPASLHGA|0.05
Q13131|Q5VST9_EVQASAGRR|0.699
Q13131|Q5VST9_AYQLSVQGL|0.967
Q13131|Q5VST9_GQRVSFRLH|0.034
Q13131|Q5VST9_GKKLSSSSK|0.389
Q13131|Q5VST9_KKLSSSSKV|0.329
Q13131|Q5VST9_KLSSSSKVG|0.044
Q13131|Q5VST9_KLSSSSKVR|0.993
Q13131|Q5VST9_LSSSSKVRM|0.342
Q13131|Q5VST9_LSSSSKVRI|0.3
Q13131|Q5VST9_LSSSSKVRV|0.655
Q13131|Q5VST9_EGVHTSARL|0.468
Q13131|Q5VST9_GVHTSARLV|0.635
Q13131|Q5VST9_WFKGSQELQ|0.828
Q13131|Q5VST9_RRTCSTMTG|0.09
Q13131|Q5VST9_PLSPSEKFK|0.0
Q13131|Q5VST9_VGGKTVGSS|0.599
Q13131|Q5VST9_RCELSRAGT|0.253
Q13131|Q5VST9_EEKGTAVFT|0.362
Q13131|Q5VST9_TAVFTCKTE|0.001
Q13131|Q5VST9_RLTISALEK|0.405
Q13131|Q5VST9_YHVLTLRQL|0.726
Q13131|Q5VST9_ALKDSGTIY|0.455
Q13131|Q5VST9_PSVFSRELT|0.0
Q13131|Q5VST9_KDGKTLRGS|0.511
Q13131|Q5VST9_DAAEYSCVC|0.001
Q13131|Q5VST9_AAEYSCVCG|0.0
Q13131|Q5VST9_RHQESIEGA|0.988
Q13131|Q5VST9_GQERTSATL|0.491
Q13131|Q5VST9_QERTSATLT|0.631
Q13131|Q5VST9_RTSATLTIR|0.0
Q13131|Q5VST9_SATLTIRAL|0.0
Q13131|Q5VST9_SAMLTVRAL|0.81
Q13131|Q5VST9_TEGATAVLR|0.001
Q13131|Q5VST9_KGHETLRDG|0.001
Q13131|Q5VST9_SAMLTVRAM|0.934
Q13131|Q5VST9_WRKGSETLR|0.064
Q13131|Q5VST9_GDRYSLRQD|0.208
Q13131|Q5VST9_TRLQSLEQE|0.996
Q13131|Q5VST9_GNHASSAQL|0.038
Q13131|Q5VST9_NHASSAQLT|0.326
Q13131|Q5VST9_KRRMSREPT|0.951
Q13131|Q5VST9_SREPTLDSI|0.995
Q13131|Q5VST9_PTLDSISEL|0.961
Q13131|Q5VST9_LDSISELPE|0.008
Q13131|Q5VST9_SEGYSTADE|0.654
Q13131|Q5VST9_EGYSTADEL|0.762
Q13131|Q5VST9_SHTSSDDES|0.977
Q13131|Q5VST9_LGDPSMDKA|0.475
Q13131|Q5VST9_SEAESSSGG|0.0
Q13131|Q5VST9_QGYLSSREQ|0.323
Q13131|Q5VST9_GYLSSREQE|0.004
Q13131|Q5VST9_TESTTDEGQ|0.0
Q13131|Q5VST9_PGGDSDEDS|0.24
Q13131|Q5VST9_EDSKTPSAS|0.274
Q13131|Q5VST9_RLKLSPEWG|0.154
Q13131|Q5VST9_VVVSTAIQE|0.535
Q13131|Q5VST9_LEQAYAVVS|0.014
Q13131|Q5VST9_TDTVSYVFR|0.0
Q13131|Q5VST9_MMKLSSIDL|0.43
Q13131|Q5VST9_MKLSSIDLN|0.999
Q13131|Q5VST9_QIRWYKDGA|0.001
Q13131|Q5VST9_SEPRSGLLV|0.969
Q13131|Q5VST9_KGVVTEAEV|0.398
Q13131|Q5VST9_LVMRSIPEL|0.505
Q13131|Q5VST9_GPPDSPSLG|0.098
Q13131|Q5VST9_ARAKSLPPS|0.931
Q13131|Q5VST9_SLPPSPVTH|0.33
Q13131|Q5VST9_PVTHSPLLH|0.602
Q13131|Q5VST9_FLRPSASLP|0.416
Q13131|Q5VST9_QAGESPEHG|0.111
Q13131|Q5VST9_AKAPSFETA|1.0
Q13131|Q5VST9_DSPSTPRPS|0.389
Q13131|Q5VST9_QRLPSAPSG|0.426
Q13131|Q5VST9_PAKASPPLD|0.617
Q13131|Q5VST9_MRKFSLGGR|0.0
Q13131|Q5VST9_ARAESQSEE|0.435
Q13131|Q5VST9_AESQSEEQQ|0.29
Q13131|Q5VST9_RVKASVEHI|0.993
Q13131|Q5VST9_VEHISRILK|0.456
Q13131|Q5VST9_LSDETVVLG|0.0
Q13131|Q5VST9_ACQVSAQPA|0.0
Q13131|Q5VST9_AAQATWSKD|0.099
Q13131|Q5VST9_KIIPYHPKD|0.01
Q13131|Q5VST9-3_AVEVTEQET|0.0
Q13131|Q5VST9-3_SPSRSPSRC|0.0
Q13131|Q5VST9-3_EVPRSSSGH|0.006
Q13131|Q5VST9-3_WAQGTAMVG|0.0
Q13131|O75147_VRVVSGAEA|0.15
Q13131|O75147_RPLPSPGSG|0.0
Q13131|O75147_QPPESPPAD|0.0
Q13131|O75147_GRVRTVANV|0.066
Q13131|O75147_VANVTVKGP|0.019
Q13131|O75147_CVKHSPPGP|0.0
Q13131|O75147_KVEESELLV|0.012
Q13131|O75147_PVRWYKDGE|0.001
Q13131|O75147_LTPLTVHEG|0.0
Q13131|O75147_SDAGTYSCA|0.0
Q13131|O75147_AGTYSCAVG|0.0
Q13131|O75147_CAVGTARAG|0.0
Q13131|O75147-1_GAVVTPGPQ|0.0
Q13131|O75147-1_SCCSYGGCR|0.0
Q13131|Q96B49_SANETPEIP|0.0
Q13131|Q02509_VNCVSKKII|0.0
Q13131|Q02509_CLARSSLNS|0.001
Q13131|Q02509_LLDTSFCLA|0.0
Q13131|Q02509_AARATSPPG|0.0
Q13131|Q02509_ARATSPPGS|0.0
Q13131|Q02509_SPPGSAEIV|0.0
Q13131|Q02509_ATRVTAKIV|0.0
Q13131|Q02509_RLPWSPVVC|0.0
Q13131|Q02509_FLRKSLGPL|0.0
Q13131|Q04671_SREVSGLSA|0.531
Q13131|Q04671_MAHQYLRGS|0.521
Q13131|Q16625_RPLESPPPY|0.623
Q13131|Q16625_RPMLSQPAY|0.729
Q13131|Q16625_SQPAYSFYP|0.0
Q13131|Q16625_QPAYSFYPE|0.0
Q13131|Q16625_RYDKSNILW|0.703
Q13131|Q16625_KEHIYDEQP|0.482
Q13131|Q16625_VKNVSAGTQ|0.97
Q13131|Q16625_QDVPSPPSD|0.002
Q13131|Q16625_PPSDYVERV|0.154
Q13131|Q16625_SPMAYSSNG|0.0
Q13131|Q16625_PMAYSSNGK|0.236
Q13131|Q16625_MAYSSNGKV|0.736
Q13131|Q16625_DKRFYPESS|0.493
Q13131|Q16625_YPESSYKST|0.662
Q13131|Q16625_PESSYKSTP|0.001
Q13131|Q16625_SSYKSTPVP|0.015
Q13131|Q16625_SYKSTPVPE|0.007
Q13131|Q16625_LPLTSPVDD|0.502
Q13131|Q16625_FETPSKRAP|0.637
Q13131|Q16625_RSKRTEQDH|0.003
Q13131|Q16625_GLQEYKSLQ|0.001
Q13131|Q16625_QEYKSLQSE|0.76
Q13131|Q16625_KSLQSELDE|0.003
Q13131|Q16625_NKELSRLDK|0.0
Q13131|Q16625_ELDDYREES|0.502
Q13131|Q16625_ESEEYMAAA|0.023
Q13131|Q16625_AADEYNRLK|0.0
Q13131|Q16625-3_ELDDYREES|0.0
Q13131|Q9H607_RKPLSCFSR|0.0
Q13131|Q9H607_RPMPTREPP|0.001
Q13131|Q9H607_DELLSQALL|0.0
Q13131|Q9H607_RHLKTQIQK|0.519
Q13131|Q9NX40_GILSSHPKY|0.0
Q13131|Q9NX40_PPGHYYQKS|0.076
Q13131|Q9NX40_PGHYYQKSK|0.0
Q13131|Q9NX40_MLPHYEPIP|0.0
Q13131|Q9NX40_PIPFSSSMN|0.0
Q13131|Q9NX40_RKNITYEEL|0.001
Q13131|Q9NX40_KNITYEELR|0.001
Q13131|Q9NX40_KNRESYEVS|0.495
Q13131|Q9NX40_NRESYEVSL|0.0
Q13131|Q9NX40_SYEVSLTQK|0.0
Q13131|Q56VL3_KHGLSEKGD|0.0
Q13131|Q56VL3_EKGDSQPSA|0.661
Q13131|P0CE72_QKFESGARE|0.0
Q13131|P0CE72_ARELTESET|0.0
Q13131|P0CE72_ELTESETKS|0.0
Q13131|P0CE72_TESETKSLM|0.0
Q13131|P0CE71_QKFESGARE|0.0
Q13131|P0CE71_ARELTESET|0.0
Q13131|P0CE71_ELTESETKS|0.0
Q13131|P0CE71_TESETKSLM|0.0
Q13131|Q9BZK8_AMLFTLKRD|0.0
Q13131|Q01968_SSSWYQKLD|0.0
Q13131|Q01968_QKLDTKDKP|0.004
Q13131|Q01968_PPPFSVNKM|0.009
Q13131|Q01968_REKEYVNIQ|0.306
Q13131|Q01968_ETVGTGIMG|0.48
Q13131|Q01968_RNQDYKDIC|0.256
Q13131|Q01968_HKPVSALFH|0.459
Q13131|Q01968_KLNDSQYCK|0.003
Q13131|Q01968_LEEDSFLEK|0.543
Q13131|Q01968_EKEKSLLQM|0.708
Q13131|Q01968_MARQTPSDR|0.398
Q13131|Q01968_RQTPSDRQR|0.144
Q13131|P14859_SQPATPTRT|0.0
Q13131|P14859_TPTRTIAAT|0.486
Q13131|P14859_TIAATPIQT|0.002
Q13131|P14859_TPIQTLPQS|0.006
Q13131|P14859_TLPQSQSTP|0.64
Q13131|P14859_GNDFSQTTI|0.552
Q13131|P14859_LSSPSALNS|0.6
Q13131|P14859_SALNSPGIE|0.591
Q13131|P14859_SSGGTSSSP|0.328
Q13131|P14859_SGGTSSSPI|0.721
Q13131|P14859-5_GGAASQDES|0.0
Q13131|Q9UKI9_DIKMSGDVA|0.575
Q13131|Q9UKI9_DVADSTDAR|0.416
Q13131|Q9UKI9_VADSTDARS|0.003
Q13131|Q9UKI9_RSTLSQVEP|0.006
Q13131|Q9UKI9_GNDFSQTTI|0.563
Q13131|Q9UKI9_ALNLSFKNM|0.859
Q13131|Q9UKI9_NDAESSPSD|0.021
Q13131|Q9UKI9_DAESSPSDP|0.007
Q13131|P09086__MVHSSMGA|0.0
Q13131|P09086_MVHSSMGAP|0.479
Q13131|P09086_EIRMSKPLE|0.453
Q13131|P09086_QGLDSPSEH|0.0
Q13131|P09086_TSPFSVSPT|0.0
Q13131|P09086_PFSVSPTGP|0.096
Q13131|P09086_GNDFSQTTI|0.501
Q13131|P09086_ALNLSFKNM|0.782
Q13131|P09086_TSIETNVRF|0.0
Q13131|Q01860_GGLETSQPE|0.005
Q13131|Q01860_VGVESNSDG|0.586
Q13131|Q01860_VESNSDGAS|0.0
Q13131|Q01860_PEPCTVTPG|0.0
Q13131|Q01860_TLGYTQADV|0.743
Q13131|Q01860_GKVFSQTTI|0.651
Q13131|Q01860_ALQLSFKNM|0.904
Q13131|Q01860_SSSDYAQRE|0.305
Q13131|Q01860_VSVTTLGSP|0.187
Q13131|Q01860_SPMHSN___|0.0
Q13131|P20265_ADSSSGSPT|0.0
Q13131|P20265_VYGGSRDTP|0.525
Q13131|P20265_GSRDTPPHH|0.481
Q13131|P20264_SSTGSPTSI|0.618
Q13131|P20264_KKRTSIEVS|0.929
Q13131|P49335_SSTGSPTSI|0.432
Q13131|P49335_TGSPTSIDK|0.0
Q13131|P49335_GSPTSIDKI|0.502
Q13131|P49335_KKRTSIEVS|0.665
Q13131|Q96M63_VDLASTQRA|0.0
Q13131|Q96M63_QRAGSSTVL|0.0
Q13131|Q96M63_RAGSSTVLV|0.0
Q13131|A1E959_TNVFTSAVD|0.0
Q13131|A1E959_NVFTSAVDQ|0.0
Q13131|Q17RF5_PAPRSPVTR|0.0
Q13131|Q8TAX0_PGTVSSLVD|0.0
Q13131|Q8TAX0_GTVSSLVDA|0.0
Q13131|Q8TAX0_EGPGSPAGG|0.0
Q13131|Q5BJF6_PRFPSCGKN|0.0
Q13131|Q5BJF6_MKGDTVNVR|0.0
Q13131|Q5BJF6_NVRRSVRVK|0.008
Q13131|Q5BJF6_CLEITPPSS|0.506
Q13131|Q5BJF6_VMRLSDLST|0.902
Q13131|Q5BJF6_LSDLSTEDD|0.431
Q13131|Q5BJF6_SDLSTEDDD|0.383
Q13131|Q5BJF6_EDDDSGHCK|0.075
Q13131|Q5BJF6_KKIDSLMNA|0.856
Q13131|Q5BJF6_GCLKSEVKM|0.025
Q13131|Q5BJF6_EKDFTILQK|0.0
Q13131|Q5BJF6_TDINTLTRQ|0.512
Q13131|Q5BJF6_LQKLSTFEE|0.0
Q13131|Q5BJF6_AEADSEKAR|0.0
Q13131|Q5BJF6_ASELSKSME|0.0
Q13131|Q5BJF6_EDRDSLVER|0.0
Q13131|Q5BJF6_TAIISDLRS|0.055
Q13131|Q5BJF6_KTELSQLRR|0.159
Q13131|Q5BJF6_STNRSMQNY|0.0
Q13131|Q5BJF6-3_DRSSTPPLH|0.0
Q13131|Q5BJF6-3_VDENTPVHV|0.0
Q13131|Q5BJF6-3_CLEITPPSS|0.0
Q13131|Q9ULJ1_VNDGSHSEE|0.0
Q13131|Q9ULJ1_PRCTSESHL|0.0
Q13131|Q9ULJ1_CTSESHLSC|0.0
Q13131|Q9ULJ1_SEKTTLAAL|0.0
Q13131|Q9ULJ1-3_QWEEYSVLA|0.0
Q13131|Q96PU9_PGPKYLIPP|0.0
Q13131|Q96PU9_AENCSPGPR|0.0
Q13131|Q96PU9_ILGRYQTKT|0.003
Q13131|Q96PU9_GPGDYFPEK|0.0
Q13131|Q96PU9_VGKASQPSF|0.0
Q13131|Q96PU9_ASQPSFSIK|0.0
Q13131|Q96PU9_QPSFSIKGR|0.0
Q13131|Q96PU9_KAPQYTMAA|0.0
Q13131|Q96PU9_APQYTMAAR|0.0
Q13131|Q96PU9-2_ILGRYQTKT|0.0
Q13131|A8MYP8_YQVVSPGVY|0.0
Q13131|A8MYP8_PRGWSFGIR|0.003
Q13131|Q3SX64_GPGLYVLPS|0.0
Q13131|Q3SX64_TRVASPAYS|0.0
Q13131|Q3SX64_ASPAYSLVR|0.0
Q13131|Q3SX64_SPAYSLVRR|0.0
Q13131|Q3SX64_VRRPSEAPP|0.0
Q13131|Q3SX64_PQDTSPGPI|0.0
Q13131|Q3SX64_GPGQYDSPD|0.0
Q13131|Q3SX64_DANTYRQRL|0.0
Q13131|Q2M2E3_AGWGTGELG|0.005
Q13131|Q2M2E3_SLILSHPSG|0.003
Q13131|Q14990_LCDLYPCCL|0.0
Q13131|Q14990_CLCDYKLYC|0.002
Q13131|Q5SWX8_SQKDYVILA|0.0
Q13131|Q5SWX8_LATRTPPKE|0.0
Q13131|Q5SWX8_AVEKSINRK|0.001
Q13131|Q5SWX8_IFCRTYDIH|0.0
Q13131|Q5SWX8_ENGVYLING|0.0
Q13131|Q5SWX8_VRVLTQLLL|0.0
Q13131|Q9UKZ4_NSALSLTDT|0.0
Q13131|Q9UKZ4_ESMDTTYSP|0.0
Q13131|Q9UKZ4_DTTYSPIGG|0.0
Q13131|Q9UKZ4_LLTHSTIPV|0.0
Q13131|Q9UKZ4_PAHKYYLAM|0.0
Q13131|Q9UKZ4_AHKYYLAMD|0.0
Q13131|Q9UKZ4_CDCFSGDGG|0.0
Q13131|Q9UKZ4_GDGGYAKDA|0.0
Q13131|Q9UKZ4_FTYNSEGDL|0.0
Q13131|Q9UKZ4_LEKLTKVEL|0.181
Q13131|Q9UKZ4_NVLMSTNLT|0.0
Q13131|Q9UKZ4_VLMSTNLTA|0.067
Q13131|Q9UKZ4_RNLLSIDFD|0.405
Q13131|Q9UKZ4_IISRTWADG|0.003
Q13131|Q9UKZ4_WSYTYLEKS|0.0
Q13131|Q9UKZ4_RYRQTGPLI|0.006
Q13131|Q9UKZ4_GQRDYDVVA|0.0
Q13131|Q9NT68_TQKSYSSSE|0.0
Q13131|Q9NT68_KSYSSSETL|0.498
Q13131|Q9NT68_SYSSSETLK|0.0
Q13131|Q9NT68_PLFSSSSPG|0.0
Q13131|Q9NT68_NGIRTGLPG|0.0
Q13131|Q9NT68_GLPPSHAQY|0.0
Q13131|Q9NT68_LLKITMTQS|0.0
Q13131|Q9NT68_KITMTQSTV|0.165
Q13131|Q9NT68_TMTQSTVPL|0.0
Q13131|Q9NT68_MTQSTVPLN|0.301
Q13131|Q9NT68_VGFEYETCP|0.0
Q13131|Q9NT68_ATLMSPRGI|0.0
Q13131|Q9NT68_ASEDSRKVA|0.407
Q13131|Q9P273_ERRPYCSLT|0.677
Q13131|Q9P273_YTNSSADNE|0.604
Q13131|Q9P273_TQKSYSSSE|0.0
Q13131|Q9P273_KSYSSSETL|0.633
Q13131|Q9P273_SRLLYGNRV|0.498
Q13131|Q9P273_HRGYSISAG|0.904
Q13131|Q9P273_ISAGSDADT|0.679
Q13131|Q9P273_SCLSSRSNS|0.005
Q13131|Q9P273_ALTLTDTEH|0.124
Q13131|Q9P273_TLTDTEHEN|0.0
Q13131|Q9P273_FKTGTGTTP|0.0
Q13131|Q9P273_SGSVYSPPT|0.0
Q13131|Q9P273_GSVYSPPTR|0.0
Q13131|Q9P273_GKVNSDTMP|0.085
Q13131|Q9P273_MPTNTVSLP|0.001
Q13131|Q9P273_VSLPSGDNG|0.086
Q13131|Q9P273_PVLCSGNGQ|0.001
Q13131|Q9P273_GNGQYSKGR|0.445
Q13131|Q9P273_NGQYSKGRC|0.0
Q13131|Q9P273_SFFHYPEYG|0.0
Q13131|Q9P273_LKLSYLSSR|0.016
Q13131|Q9P273_ILQGYELDA|0.0
Q13131|Q9P273_NGILYKGNG|0.0
Q13131|Q9P273_DGSLYVGDF|0.0
Q13131|Q9P273_GDFNYVRRI|0.0
Q13131|Q9P273_VRVVSPDNQ|0.0
Q13131|Q9P273_DKAITVDIE|0.062
Q13131|Q9P273_DFDRTTKTE|0.0
Q13131|Q9P273_RTTKTEKIY|0.0
Q13131|Q9P273_KTWSYTYLE|0.0
Q13131|Q9P273_WSYTYLEKS|0.0
Q13131|Q9P273_VARHTMQTI|0.0
Q13131|Q9P273_RVSFTYDET|0.619
Q13131|Q9P273_GVLKTVNLQ|0.001
Q13131|Q9P273_VNLQSDGFI|0.0
Q13131|Q9P273_PFANTTKYA|0.0
Q13131|Q9P273_FANTTKYAY|0.0
Q13131|Q9P273_NTTKYAYEY|0.055
Q13131|Q9P273_LQTVYLNEK|0.223
Q13131|Q9P273_EIFEYSSKG|0.0
Q13131|Q9P273_LTRVYSKGS|0.624
Q13131|Q9P273_WTVIYRYDG|0.011
Q13131|Q9P273_VIYRYDGLG|0.001
Q13131|Q9P273_ATVKSLIGK|0.0
Q13131|Q9P273_MLAVSQGRV|0.416
Q13131|Q9P273_IKTTTPESD|0.0
Q13131|Q9P273_TTPESDLGT|0.0
Q13131|Q9P273_SDLGTLRLT|0.0
Q13131|Q9P273_LRLTSGRKA|0.803
Q13131|Q6N022_AERRYTSSS|0.0
Q13131|Q6N022_RYTSSSADS|0.0
Q13131|Q6N022_SSADSEEGK|0.0
Q13131|Q6N022_APQKSYSSS|0.0
Q13131|Q6N022_PQKSYSSSE|0.0
Q13131|Q6N022_KSYSSSETL|0.471
Q13131|Q6N022_RGNFTPRSN|0.0
Q13131|Q6N022_DGAYSDGHF|0.0
Q13131|Q6N022_DVSLYPSGG|0.0
Q13131|Q6N022_CGRASCPVL|0.0
Q13131|Q6N022_PVLCSGNGQ|0.0
Q13131|Q6N022_GNGQYMKGR|0.001
Q13131|Q6N022_YKGESCEEV|0.0
Q13131|Q6N022_CMDPTCSGR|0.0
Q13131|Q6N022_DPTCSGRGV|0.304
Q13131|Q6N022_AGCDTSMET|0.0
Q13131|Q6N022_GCDTSMETA|0.0
Q13131|Q6N022_MRLSYLSSR|0.338
Q13131|Q6N022_RTPGYKSVL|0.0
Q13131|Q6N022_FVDGTMIRR|0.0
Q13131|Q6N022_LESATALAV|0.0
Q13131|Q6N022_ALAVSHNGV|0.0
Q13131|Q6N022_CDCFSGDDG|0.0
Q13131|Q6N022_GDDGYAKDA|0.0
Q13131|Q6N022_TQNMYELSS|0.007
Q13131|Q6N022_NGWTTFYEY|0.0
Q13131|Q6N022_TFYEYDSFG|0.458
Q13131|Q6N022_YEYDSFGRL|0.0
Q13131|Q6N022_TGQVSSFRS|0.0
Q13131|Q6N022_NVTYSPGGY|0.192
Q13131|Q6N022_SPGGYIAGI|0.0
Q13131|Q6N022_RGIMSERME|0.0
Q13131|Q6N022_WSYTYLEKS|0.0
Q13131|Q6N022_KEVQYEIFR|0.011
Q13131|Q6N022_MTVQYDNMG|0.0
Q13131|Q6N022_KVGPYANTT|0.0
Q13131|Q6N022_SARLTPLRY|0.348
Q13131|Q6N022_TPLRYDIRD|0.0
Q13131|O75665_VEGSSLLIG|0.0
Q13131|O75665_IKFESLEIK|0.334
Q13131|O75665_IAINSKKEE|0.009
Q13131|O75665_ELNQSVNRV|0.694
Q13131|O75665_VKAQSLAIT|0.0
Q13131|O75665_ENEVYCNPK|0.349
Q13131|O75665_NGEISGDFL|0.0
Q13131|O75665_VEGSSPDSD|0.0
Q13131|O75665_SSPDSDLEF|0.0
Q13131|O75665_KAFRSYHRR|0.0
Q13131|O75665_AFRSYHRRV|0.296
Q13131|O75665_VIKNSAKSP|0.0
Q13131|O75665_KSPPSLHLL|0.723
Q13131|O75665_VEALTGSAA|0.002
Q13131|O75665_RLSSTPLPK|0.11
Q13131|O75665_SHIASPSPC|0.0
Q13131|O75665_IASPSPCPD|0.02
Q13131|O75665_IPPVSSPPE|0.074
Q13131|O75665_EFESSFESA|0.119
Q13131|O75665_SSFESAGNM|0.844
Q13131|O75665_MGGLSPAGD|0.0
Q13131|O75665_ELEMSNQEI|0.512
Q13131|O75665_IKDKSAHSE|0.635
Q13131|O75665_KSAHSENPL|0.802
Q13131|O75665_QDQESADKS|0.673
Q13131|O75665_VQEGSLVDT|0.277
Q13131|O75665_ELDDSW___|0.122
Q13131|O60502_VQKESQATL|0.841
Q13131|O60502_IEEVSKIIK|0.003
Q13131|O60502_EDIETDVLY|0.467
Q13131|O60502_TDKESIAES|0.358
Q13131|O60502_SIAESKSPE|0.089
Q13131|O60502_AESKSPEMS|0.078
Q13131|O60502_EDCISDIAP|0.0
Q13131|O60502_LTPTSKVYT|0.73
Q13131|O60502_ILGRSL___|0.0
Q13131|Q02218_VKTFSQNRP|0.0
Q13131|Q02218_SVHKSWDIF|0.0
Q13131|Q02218_TAYQSPLPL|0.0
Q13131|Q02218_LSRGSLAAV|0.0
Q13131|Q02218_GLDESDLDK|0.0
Q13131|Q02218_QKFETPGIM|0.0
Q13131|Q02218_NGVDYVIMG|0.381
Q13131|Q02218_DRNITLSLV|0.0
Q13131|Q02218_NITLSLVAN|0.0
Q13131|Q02218_VANPSHLEA|0.001
Q13131|Q02218_SPYPTDVAR|0.001
Q13131|Q02218_QPLMYKQIR|0.0
Q13131|Q02218_ELLVSQGVV|0.639
Q13131|Q02218_NQPEYEEEI|0.0
Q13131|Q02218_LIIFTPKSL|0.0
Q13131|Q02218_TGKVYYDLT|0.039
Q13131|Q02218_QVAITRIEQ|0.0
Q13131|Q02218_IEQLSPFPF|0.0
Q13131|Q02218_NQGYYDYVK|0.0
Q13131|Q02218_GYYDYVKPR|0.0
Q13131|Q02218_RLLDTAFDL|0.0
Q13131|Q9ULD0_RLLPSRLGV|0.272
Q13131|Q9ULD0_PRPPSVVHE|0.0
Q13131|Q9ULD0_FIGGSENTL|0.0
Q13131|Q9ULD0_ENTLSLREI|0.509
Q13131|Q9ULD0_NRNITLSLV|0.483
Q13131|Q9ULD0_NITLSLVAN|0.007
Q13131|Q9ULD0_VANPSHLEA|0.177
Q13131|Q9ULD0_SPYPTDVAR|0.245
Q13131|Q9ULD0_RADMTKNRT|0.054
Q13131|Q9ULD0_TKNRTVDWA|0.0
Q13131|Q9ULD0_VERGTFSHR|0.371
Q13131|Q9ULD0_RGTFSHRHH|0.041
Q13131|Q9ULD0_LIIFTPKSL|0.0
Q13131|Q9ULD0_EAKSSFDQM|0.237
Q13131|Q9ULD0_VSGTSFQRV|0.0
Q13131|Q8N543_RSWLSDISK|0.475
Q13131|Q8N543_LSDISKIDL|0.434
Q13131|Q8N543_FLAPSEEDE|0.648
Q13131|Q8N543_KEAETTDIT|0.0
Q13131|Q8N543_TTDITEEGT|0.02
Q13131|Q6PK18_DGGASILDL|0.0
Q13131|Q6PK18_QNIFSEEDF|0.0
Q13131|Q6PK18_KVQLTIAEA|0.0
Q13131|Q6PK18_AHDEYWHAH|0.0
Q13131|Q6PK18-2_FRMMSCGFQ|0.0
Q13131|Q9NZT2_EDEESEEPR|0.171
Q13131|Q9NZT2_ARPSSFQSR|0.992
Q13131|Q9NZT2_LVRAYELML|0.799
Q13131|Q9NZT2_MLGFYGIRL|0.545
Q13131|Q9NZT2_EDRGTGTVG|0.011
Q13131|Q9NZT2_RGTGTVGRA|0.002
Q13131|Q9NZT2_RAQNYQKRF|0.84
Q13131|Q9NZT2_DHEASTQGR|0.507
Q13131|Q9NZT2_HEASTQGRT|0.899
Q13131|Q9NZT2_TQGRTCGPE|0.12
Q13131|Q9NZT2_KLELSRREQ|0.045
Q13131|Q9NZT2_LSQGSLRTG|0.927
Q13131|Q9NZT2_GSLRTGTQE|0.001
Q13131|Q9NZT2_SPAPSGHPK|0.577
Q13131|Q9NZT2_KAGHSENGV|0.995
Q13131|Q9NZT2_TPGPSPAGP|0.174
Q13131|Q9NZT2_SPSETPGPS|0.717
Q13131|Q9NZT2_PAGPTRDEP|0.761
Q13131|Q5TC84_LVENTIPNI|0.0
Q13131|Q5TC84_QKMSSPLAS|0.001
Q13131|Q5TC84_SPLASSHNS|0.0
Q13131|Q5TC84_SSHNSQTSM|0.804
Q13131|Q5TC84_NSQTSMHKK|0.002
Q13131|Q5TC84_KNSSSAVHL|0.077
Q13131|Q5TC84_PVEETDRPS|0.0
Q13131|Q5TC84_TDRPSPEPS|0.0
Q13131|O15527_HHWGSVDSH|0.248
Q13131|O15527_HGFPSLQAL|0.465
Q13131|O15527_QLRESSYEE|0.949
Q13131|O15527_LRESSYEEA|0.7
Q13131|O15527_QRDYSWHPT|0.67
Q13131|O15527_DLRQSRHAQ|0.917
Q13131|P20774_KESAYLYAR|0.0
Q13131|P20774_PPKLTLFNA|0.0
Q13131|P20774_NKIKSRGIK|0.56
Q13131|P20774_KHPNSFICL|0.0
Q13131|O15294_AAAHSNLAS|0.003
Q13131|O15294_SNLASVLQQ|0.556
Q13131|O15294_ALMHYKEAI|0.738
Q13131|O15294_ASYRTALKL|0.742
Q13131|O15294_KKLVSIVAD|0.27
Q13131|O15294_DAIVYCNFN|0.0
Q13131|O15294_NRQEYEDIA|0.0
Q13131|O15294_VKLGTDLEY|0.774
Q13131|O15294_TDLEYLKKV|0.468
Q13131|O15294_QRISSPLFN|0.476
Q13131|O15294_EVTESA___|0.841
Q13131|O43482_NRLKSLMKI|0.316
Q13131|O43482_MKILSEVTP|0.315
Q13131|Q9NTK5_GRFGTSLKI|0.079
Q13131|Q9NTK5_RFGTSLKIG|0.751
Q13131|Q9NTK5_WVDKYDPGA|0.469
Q13131|Q9NTK5_VIPFSGALE|0.003
Q13131|Q9NTK5_GKIHTDFEK|0.0
Q13131|Q9NTK5_FKFNTPQQP|0.737
Q13131|Q9NV23_GGHFYLLDP|0.0
Q13131|Q99784_NMSQSIEVL|0.515
Q13131|Q99784_FDLKTETIL|0.175
Q13131|Q99784_RSLDYAGYN|0.331
Q13131|Q99784-2_QVEESHKQH|0.0
Q13131|O95897_AADGSLSAK|0.326
Q13131|O95897_DGSLSAKSF|0.0
Q13131|O95897_LSAKSFQEL|0.0
Q13131|O95897_GAYGYEDLQ|0.0
Q13131|O95897_SNPITVRAM|0.0
Q13131|Q96PB7_NMSQSIEVL|0.0
Q13131|Q96PB7_KTLMTKHFQ|0.0
Q13131|Q6UX06_FSSSSRSGS|0.0
Q13131|Q6UX06_QLKESFGGS|0.0
Q13131|Q6UX06_RGFSYLYGA|0.0
Q13131|Q6UX06_RLYNTLDDL|0.0
Q13131|Q6UX06_KLNDTTLQV|0.153
Q13131|Q6UX06_LNDTTLQVL|0.032
Q13131|Q6UX06_NTWYTKQYK|0.001
Q13131|Q6UWY5_KKIRTLLNA|0.0
Q13131|Q6UWY5_AVYNSPKVY|0.0
Q13131|Q6UWY5_GQVIYKGFL|0.0
Q13131|Q68BL7_DCRCSCTAP|0.0
Q13131|Q68BL7_RCSCTAPPS|0.0
Q13131|Q68BL7_LRKESGKGS|0.0
Q13131|Q68BL7_AEPNSAEQD|0.0
Q13131|Q68BL7-3_GKDISKYGS|0.0
Q13131|Q68BL7-3_VADNTLQGT|0.0
Q13131|Q68BL8_QQINSIELL|0.0
Q13131|Q68BL8_PVPPTTVRT|0.0
Q13131|Q68BL8_TTVRTDSLG|0.0
Q13131|Q68BL8_VRTDSLGKD|0.0
Q13131|Q68BL8_FENEYSYTT|0.0
Q13131|Q9NRN5_RNEKYDMVT|0.0
Q13131|Q9NRN5_FPRRYGAHA|0.0
Q13131|Q9NRN5_GAHASLRYN|0.0
Q13131|P0C7N8_RISSSQGRL|0.0
Q13131|P0C7N8_NPMIYSLRN|0.0
Q13131|P0C7N8_PMIYSLRNK|0.0
Q13131|Q8NGP6_NLIIYSLRN|0.0
Q13131|Q8NGP6_LIIYSLRNK|0.0
Q13131|Q8NGF9_CKALSTCGS|0.0
Q13131|Q8NGF9_AVFYTVITA|0.0
Q13131|Q8NGF9_NPVIYSLRN|0.0
Q13131|Q8NGF9_PVIYSLRNA|0.0
Q13131|Q8NGS7_RIPSTEGKH|0.0
Q13131|Q8NH00_FLLATMAYD|0.0
Q13131|Q8NH00_ATMAYDRYV|0.0
Q13131|Q8NH00_AYDRYVAIC|0.0
Q13131|Q8NH00_KKMLTVEPA|0.001
Q13131|Q8NGY3_AIDRYVAIC|0.0
Q13131|Q8NGY3_NPLRYQMIM|0.005
Q13131|Q8NGY3_QMIMTPRLC|0.004
Q13131|Q8NGY5_AYDRYLAIC|0.0
Q13131|Q8NGT7_RKILSLFYS|0.0
Q13131|Q8NH41_AYDRYVAIC|0.0
Q13131|Q8NH41_LHYMTVMSR|0.0
Q13131|Q8NH41_MTVMSRRVC|0.0
Q13131|Q8NH41_ACIDTYVVS|0.0
Q13131|Q8NH41_IVADSGFLS|0.0
Q13131|Q8NH41_RSSASMAKA|0.0
Q13131|Q8TAK6_RQPPSSSSS|0.0
Q13131|Q8TAK6_QPPSSSSSS|0.0
Q13131|Q8TAK6_SSSSTSSTS|0.0
Q13131|Q8TAK6_SSSTSSTSS|0.0
Q13131|Q8TAK6_SSTSSTSST|0.0
Q13131|Q8TAK6_STSSTSSTS|0.0
Q13131|Q8TAK6_STSSSSTTA|0.0
Q13131|Q8TAK6_PGPGSGAHP|0.0
Q13131|Q8TAK6_HPGGSARPD|0.0
Q13131|Q13516_GSSGSAFTG|0.0
Q13131|Q13516_GAMGSAGAH|0.109
Q13131|Q13516_KLGGSGFKS|0.0
Q13131|Q13516_SGFKSSSSS|0.0
Q13131|Q13516_KSSSSSTSS|0.0
Q13131|Q13516_SSSTSSSTS|0.0
Q13131|Q13516_SSTSSSTSS|0.0
Q13131|Q13516_STSSSTSSA|0.0
Q13131|Q13516_SKIATLLLA|0.0
Q13131|Q13516_ILMLTNSLE|0.0
Q13131|Q13516_MLTNSLEEM|0.0
Q13131|Q7RTU3_SSSVSSRAS|0.0
Q13131|Q7RTU3_SSVSSRASS|0.001
Q13131|P78380_PDEKSNGKK|0.007
Q13131|P78380_AEEASQESE|0.0
Q13131|P78380_ASQESENEL|0.0
Q13131|O76099_SLRNTDMKR|0.364
Q13131|Q96E52_FNSLSNWRK|0.476
Q13131|Q96E52_ITGRSKLLL|0.106
Q13131|Q96E52_FRLLSELEY|0.0
Q13131|Q99983_NAHESPEQE|0.0
Q13131|Q99983_FDLHYYENQ|0.0
Q13131|Q99983_DLHYYENQE|0.0
Q13131|P23515_SGMQTVDTI|0.0
Q13131|P23515_QPKVTKIPK|0.0
Q13131|P23515_RTKETTFGA|0.0
Q13131|P23515_TKETTFGAT|0.002
Q13131|P23515_TFGATLSKD|0.002
Q13131|Q9UBC0_LLGGSPHAR|0.217
Q13131|Q9UBC0_GGGDYHHHH|0.0
Q13131|Q9UBC0_LYTPYHKDV|0.008
Q13131|Q9UBC0_ELKRYSIPQ|0.0
Q13131|Q9UBC0_RSQGTLSDL|0.63
Q13131|Q9UBC0_ARRRSLDKW|0.0
Q13131|Q9UBC0_DEGSSNSGN|0.0
Q13131|Q9UBC0_NSGNSSSSS|0.0
Q13131|O95948_DKMLSPNFD|0.005
Q13131|O95948_EEINTKEVA|0.0
Q13131|O95948_ELKRYSIPQ|0.0
Q13131|O95948_RSQGTLSDL|0.618
Q13131|O95948_LELTTVSNF|0.0
Q13131|O60422_ELKRYSIPQ|0.184
Q13131|O60422_RSQGTLSDL|0.558
Q13131|O60422_QGTLSDLLR|0.716
Q13131|Q8N6M6_VDFESQVIE|0.386
Q13131|Q8N6M6_KKQNSSIEE|0.107
Q13131|Q8N6M6_KQNSSIEEA|0.112
Q13131|Q8N6M6_QEHASGISS|0.443
Q13131|Q8N6M6_ASGISSSKY|0.34
Q13131|Q8N6M6_SGISSSKYC|0.023
Q13131|Q8N6M6_GISSSKYCC|0.001
Q13131|Q8N6M6_QIRKTGAQT|0.321
Q13131|Q8N6M6_IWYKTKPEG|0.171
Q13131|Q8N6M6_GRSVTWTSD|0.0
Q13131|Q8N6M6_VTWTSDQSG|0.005
Q13131|Q8N6M6_MQVHYLKGY|0.439
Q13131|Q8N6M6_GDETYFSFL|0.004
Q13131|O60313_DLSEYKWIV|0.0
Q13131|O60313_LIDMYSEVL|0.338
Q13131|O60313_VGDQSAGKT|0.012
Q13131|O60313_SAGKTSVLE|0.479
Q13131|O60313_LFKDSSREF|0.0
Q13131|O60313_FKDSSREFD|0.0
Q13131|O60313_EFDLTKEED|0.0
Q13131|O60313_PETISLNVK|0.001
Q13131|O60313_GVINTVTSG|0.0
Q13131|O60313_IQDGSVDAE|0.326
Q13131|O60313_KNVASPSRI|0.358
Q13131|O60313_WKNNYPRLR|0.5
Q13131|O60313_DEVISLSQV|0.293
Q13131|O60313_LSQVTPKHW|0.0
Q13131|O60313_QEEFSRFMT|0.0
Q13131|O60313_VKEESIKRH|0.44
Q13131|O60313_EHPAYLASD|0.001
Q13131|O60313_SDEITTVRK|0.0
Q13131|O60313_DEITTVRKN|0.0
Q13131|O60313_EVDPSLIKD|0.539
Q13131|O60313-2_AAGQYSTSY|0.0
Q13131|Q9NX94_EAHNYSALP|0.0
Q13131|Q9NX94_AHNYSALPF|0.068
Q13131|Q9NX94_ALPFYFRFL|0.0
Q13131|Q9NX94_GAQSSPLSE|0.0
Q13131|Q9NX94_EPSGSVAGL|0.545
Q13131|Q9NX94_HRRFTGDSG|0.311
Q13131|Q9NX94_FTGDSGIEV|0.279
Q13131|Q96PE5_PCEISEIDD|0.0
Q13131|Q96PE5_NPRRSPTHE|0.0
Q13131|Q96PE5_EAHIYVKTV|0.0
Q13131|O60890_KEPIYHSPI|0.001
Q13131|O60890_PIYHSPITK|0.346
Q13131|O60890_DNLDYRLGA|0.346
Q13131|O60890_IFGPTLMRA|0.551
Q13131|O60890_GTKITPKAT|0.496
Q13131|O60890_PMPGSGPTK|0.403
Q13131|O60890_TKTPSFHIK|0.593
Q13131|O60890_GDADSFSKV|0.0
Q13131|O60890_CRAATPQKP|0.047
Q13131|O60890_PGDES____|0.0
Q13131|O14841_IRMGTTVAT|0.0
Q13131|O14841_RMGTTVATN|0.083
Q13131|O14841_GEAGTGTPV|0.0
Q13131|O14841_NQPLSPEAS|0.0
Q13131|O14841_RVRGTGRSG|0.0
Q13131|O14841_GTGRSGLRL|0.314
Q13131|O14841_PKAQTGPPR|0.559
Q13131|O14841_TAISTNIKE|0.0
Q13131|O14841_PPPGSPPQA|0.0
Q13131|P04001_YHLTSVWMI|0.0
Q13131|P03999_GKAMTDESD|0.0
Q13131|Q9UBM4_LAFLSLLAL|0.0
Q13131|Q9UBM4_VLQETGTAS|0.0
Q13131|Q9UBM4_RRTAYLYAR|0.0
Q13131|Q9UBM4_TAYLYARFN|0.0
Q13131|Q9UBM4_NRLQSSGIQ|0.016
Q13131|Q9UBM4_RLQSSGIQP|0.0
Q13131|Q96CV9_HQPLSCLTE|0.0
Q13131|Q96CV9_EKEDSPSES|0.0
Q13131|Q96CV9_EDSPSESTG|0.0
Q13131|Q96CV9_LDTFTPEEL|0.0
Q13131|Q96CV9_LMALSHENE|0.0
Q13131|Q96CV9_EAEGSVKEI|0.546
Q13131|Q96CV9_SPGPTRTVS|0.0
Q13131|Q96CV9_GPTRTVSTG|0.0
Q13131|Q96CV9_TRTVSTGTA|0.777
Q13131|Q96CV9_VSTGTALSK|0.646
Q13131|Q96CV9_YRSRSADGA|0.0
Q13131|Q96CV9_ELTVSQLLL|0.001
Q13131|Q96CV9_SAIPSELNE|0.003
Q13131|Q96CV9_QELVYTNKK|0.619
Q13131|Q96CV9_LQVESMLSE|0.001
Q13131|Q96CV9_MEMQSRHGA|0.731
Q13131|Q96CV9_DQQAYLVQR|0.0
Q13131|Q9H208_SRTVSKALA|0.0
Q13131|P58181_EMKRTLIKL|0.548
Q13131|Q9H207_FWPKSNNSP|0.0
Q13131|Q9H207_KSNNSPESK|0.0
Q13131|Q8NGE5_GTQMYFFFF|0.0
Q13131|Q8NGE5_RIIITILRM|0.001
Q13131|Q8NH19_GKIISNILK|0.001
Q13131|Q8NH19_ILIPTLNPI|0.0
Q13131|Q8NH19_PIIYTLRNK|0.0
Q13131|Q96KK4_VSLFYGTAL|0.0
Q13131|Q96KK4_ALFIYIRPK|0.0
Q13131|Q8NGC4_TAKLSALLV|0.388
Q13131|Q8NGC4_WMAGSIHGA|0.026
Q13131|Q8NGC4_RSPRTPSEV|0.023
Q13131|Q8NGC4_PRTPSEV__|0.021
Q13131|Q8NGN3_LVSPSGRAI|0.0
Q13131|Q8NGN3_YLAISYPLR|0.0
Q13131|Q8NGN6_LVSPSGRTI|0.0
Q13131|Q8NGN5_YPLRYTSMM|0.0
Q13131|Q8NGN5_TSMMTGRSC|0.0
Q13131|Q8NGN4_LVSPSGRAI|0.0
Q13131|Q8NGN4_YLAISYPLR|0.0
Q13131|O60404_KGLHSMYSD|0.0
Q13131|Q8NGA5_KGLHSMYSD|0.0
Q13131|Q8NGA6_HMPMYLFLC|0.0
Q13131|Q8NGA6_LCALSITEI|0.0
Q13131|Q8NGA6_ALSITEILY|0.0
Q13131|P30954_NPLRYMVIM|0.004
Q13131|Q5JRS4_GYDRYVAIC|0.0
Q13131|Q8NGX5_FCDISPVLK|0.0
Q13131|Q8NGX5_LISVSYTIL|0.0
Q13131|Q8NGE3_PLRYSTLLS|0.0
Q13131|Q8NGQ4_YTFVTPLLN|0.008
Q13131|Q8NGX6_NPMVYSLRN|0.0
Q13131|Q8NGX3_MPVATKMS_|0.0
Q13131|Q8NGY0_ALSFSETCY|0.0
Q13131|Q8NGY1_HTPMYLFLS|0.0
Q13131|Q8NGY1_YLFLSFLSF|0.0
Q13131|Q9GZK7_HKPMYIFLA|0.0
Q13131|Q9GZK7_LDILYTSAV|0.0
Q13131|Q8NGC1_NPVIYSLRN|0.0
Q13131|Q8NGC1_PVIYSLRNK|0.0
Q13131|Q8NGC9_PAIMTVRFC|0.0
Q13131|P58182_VAIMYTVVT|0.0
Q13131|P58182_AIMYTVVTP|0.0
Q13131|P58182_YTVVTPVLN|0.0
Q13131|P58182_NPLIYTLRN|0.0
Q13131|P58182_PLIYTLRNK|0.0
Q13131|Q8NGS9_SSTCSAHLT|0.0
Q13131|Q8NGS9_SAHLTVVII|0.0
Q13131|Q8NGS9_ILFMYMKPK|0.009
Q13131|Q8NGS6_VSWLSGGIN|0.0
Q13131|Q8NGS6_SAHLTVVII|0.0
Q13131|Q8NGS6_AAVKYLLNK|0.0
Q13131|Q8NGS5_SAHLTVVII|0.0
Q13131|Q8NGS5_AKPKSQDLL|0.0
Q13131|Q8NGS5_VSMFYGVVT|0.0
Q13131|Q8NGS5_NPIIYSLRN|0.0
Q13131|Q8NGS4_CLLMYLITL|0.0
Q13131|Q8NGZ3_PMVYSFQNR|0.0
Q13131|Q8NG92_MLILSLRLH|0.448
Q13131|Q8NHC5_SFDRYTAIC|0.0
Q13131|Q8NHC5_FDRYTAICH|0.0
Q13131|Q8NHC7_TCDSSLHMP|0.0
Q13131|Q8NHC7_CDIPSLLKL|0.0
Q13131|Q8NHC6_ITLSYMYIF|0.0
Q13131|Q8NHC6_LSYMYIFSV|0.0
Q13131|Q9Y585_ITVMYVAVT|0.0
Q13131|Q9Y585_NPFIYSLRN|0.0
Q13131|Q9Y585_QKLFSKRIS|0.0
Q13131|Q9Y585_SKRISS___|0.0
Q13131|P34982_AYDRYVAIC|0.0
Q13131|P34982_VIISYVLII|0.009
Q13131|P30953_KGALSRVIH|0.008
Q13131|P47887_TLKDTVMAM|0.0
Q13131|P47887_AMMYTVVTP|0.0
Q13131|Q8NGS3_LAIFTAALT|0.0
Q13131|Q8NGR3_AAMAYDCYV|0.0
Q13131|Q8NGR3_HPLPYATRM|0.0
Q13131|Q8NGR3_LPYATRMSR|0.011
Q13131|Q8NGR3_ATRMSRAMC|0.0
Q13131|Q8NH94_CIIISYLRI|0.0
Q13131|Q8NH94_IIISYLRIL|0.001
Q13131|Q8NH94_RILITVLKI|0.551
Q13131|Q8NH94_DQIATIIYT|0.002
Q13131|Q8NH94_PFIYSLRNK|0.0
Q13131|Q8NGR5_YTVVTPMLN|0.0
Q13131|Q8NGR5_NPFIYSLRN|0.0
Q13131|Q8NGR5_PFIYSLRNK|0.0
Q13131|Q8NGR2___MSYFYRL|0.0
Q13131|Q8NGR2_MSYFYRLKL|0.0
Q13131|Q8NGR2_YTVVTPMLN|0.0
Q13131|Q8NGR2_NPFIYSLRN|0.0
Q13131|Q8NGR2_PFIYSLRNK|0.0
Q13131|Q8NGR8_MNFLSEKKT|0.0
Q13131|Q8NGR8_RKLMSKRS_|0.0
Q13131|Q8NGR8_MSKRS____|0.0
Q13131|Q8NGA1_LCPSSVLTT|0.0
Q13131|Q8NGR9_VSGKTFFL_|0.0
Q13131|Q15612_LMKISCTST|0.0
Q13131|Q15612_ITVVYTVVT|0.0
Q13131|Q8NH92_FADISSISN|0.0
Q13131|Q8NH92_ADISSISNS|0.0
Q13131|Q8NH92_ISSISNSVP|0.0
Q13131|Q8NGQ3_FADISSISN|0.0
Q13131|Q8NGQ3_ADISSISNS|0.0
Q13131|Q8NGQ3_ISSISNSVP|0.0
Q13131|Q8NGT9_LGKESHS__|0.0
Q13131|Q96R47_YASNYVPKM|0.0
Q13131|Q6IF42_MVPDSNQRE|0.0
Q13131|O95047_HPLRYLAIM|0.0
Q13131|O95047_LAIMTWRVC|0.0
Q13131|Q96R48_IWLDSRLHT|0.0
Q13131|Q96R45_HPLRYLAIM|0.0
Q13131|Q96R45_LAIMTWRVC|0.0
Q13131|A6NM03_LVTCSSHLI|0.0
Q13131|A6NM03_VTCSSHLIV|0.0
Q13131|A6NM03_VGMFYGAAT|0.0
Q13131|A6NM03_ATFMYVLPS|0.0
Q13131|Q8NG84_LIVASLFYA|0.0
Q13131|Q5JQS5_ALDRYVAIC|0.0
Q13131|Q5JQS5_GKFISLFYS|0.0
Q13131|Q9GZK3_LIVVSLFYG|0.0
Q13131|O76000_MAAFSWLIG|0.0
Q13131|O76000_GFGNSVLQS|0.0
Q13131|P58173_LAVMSFDRF|0.0
Q13131|Q9H210_VIAFTLCAA|0.0
Q13131|Q9H210_VSVFYAIVT|0.0
Q13131|Q8NGH3_EENQTFVSK|0.956
Q13131|Q8NGH3_QTFVSKFIF|0.56
Q13131|Q8NGH3_VVLFYGSGI|0.566
Q13131|Q8NGH3_GIFTYMRPN|0.0
Q13131|Q8NGH3_PNSKTTKEL|0.0
Q13131|Q8NGH3_NSKTTKELD|0.0
Q13131|Q13607_PMIYSLRNK|0.0
Q13131|O95006_LAITSWVSG|0.0
Q13131|O95006_NPVIYSLRN|0.0
Q13131|O95006_PVIYSLRNK|0.0
Q13131|O95006_SGLTSKLGT|0.0
Q13131|Q8NGZ5_PLIYTLRIK|0.0
Q13131|Q8NGZ4_RKLLSGKL_|0.0
Q13131|Q5TZ20_RPLRYIAIM|0.337
Q13131|Q5TZ20_VSLFYTIVT|0.0
Q13131|O95918_VVVLTSYLL|0.0
Q13131|O95918_GLTQS____|0.0
Q13131|Q8NGU4_GKFVSLFYT|0.0
Q13131|Q8NGU4_VSLFYTVVT|0.0
Q13131|Q8NGU4_SLFYTVVTP|0.0
Q13131|Q8NGU4_NPLIYTLRN|0.0
Q13131|Q8NGU4_PLIYTLRNK|0.0
Q13131|Q8NGT1_IDHFTCEIL|0.0
Q13131|Q8NH16_MGALTQVIQ|0.0
Q13131|Q96R28_PLIYSLRNK|0.0
Q13131|Q8NG83_TNLMSPKIC|0.0
Q13131|Q8NG83_PLIYSLRNK|0.0
Q13131|Q96R27_HPLQYTILM|0.0
Q13131|Q8NG81_SYCGSREIA|0.0
Q13131|Q8NG81_NKEVTRALM|0.0
Q13131|Q9NQN1_LILVTILDS|0.0
Q13131|Q9NQN1_TILDSRLHT|0.0
Q13131|O43869_NPLRYPVLM|0.002
Q13131|Q6IF00_DKVVSAFYT|0.0
Q13131|Q6IF00_VSAFYTILT|0.0
Q13131|Q6IF00_YTILTPMLN|0.0
Q13131|Q6IF00_PLIYSLRNK|0.0
Q13131|Q8NH04_NKDVTGALQ|0.0
Q13131|Q8NH02_KKMLTVRFV|0.0
Q13131|Q8NG76_MAADYLTGS|0.0
Q13131|Q8NG76_ADYLTGSKA|0.0
Q13131|Q8NG76_YLTGSKAIS|0.0
Q13131|Q8NG76_SKAISRAGC|0.0
Q13131|Q8NG76_AAIFTYMRP|0.0
Q13131|Q6IEZ7_DMMVSVFYT|0.0
Q13131|Q6IEZ7_SVFYTILTP|0.0
Q13131|Q6IEZ7_PLIYSLRNK|0.0
Q13131|Q6IEZ7_KKMLTVRFV|0.0
Q13131|Q8NHC8_VHQMTSAEG|0.0
Q13131|Q8NHC8_HQMTSAEGR|0.0
Q13131|Q8NHC8_ATCSSHMMV|0.0
Q13131|P0C7T2_NKDVTGALQ|0.0
Q13131|A6NH00_MAADYLTGS|0.0
Q13131|A6NH00_ADYLTGSKA|0.0
Q13131|A6NH00_YLTGSKAIS|0.0
Q13131|A6NH00_SKAISRAGC|0.0
Q13131|A6NH00_AAIFTYMRP|0.0
Q13131|A6NH00_CVALSRE__|0.0
Q13131|Q8NHB1_YTVLTPMLN|0.0
Q13131|Q96R30_YTVLTPMLN|0.0
Q13131|Q9Y3N9_AVLRTKSKA|0.0
Q13131|Q9Y3N9_LRTKSKASQ|0.0
Q13131|Q9Y3N9_KSKASQRKA|0.0
Q13131|A6NFC9_LVVMSHDRY|0.0
Q13131|A6NFC9_WRDCSRGAE|0.0
Q13131|Q8NGV0_VALFYTIIT|0.0
Q13131|Q8NGV0_ALFYTIITP|0.0
Q13131|Q8NGV0_YTIITPILN|0.0
Q13131|Q8NG97_YFLLSQLSL|0.001
Q13131|P47881_PKLHTPMYF|0.0
Q13131|P47881_KAFSTCGSH|0.0
Q13131|P47881_MRLGSTKLS|0.489
Q13131|P47881_WRMLTGRRS|0.0
Q13131|P47893_GRLLSHKST|0.474
Q13131|P47893_KKAFSTCGS|0.0
Q13131|P47888_GRLLSHKST|0.473
Q13131|Q8NGL6_MELLTNNLK|0.0
Q13131|Q8NGL6_LKFITDPFV|0.0
Q13131|Q8NGL6_LKTQSLEGK|0.0
Q13131|Q8NH70_RKRVSPTLN|0.546
Q13131|Q8NH70_FIPSSKATN|0.0
Q13131|Q6IF82_GLACTIVFL|0.0
Q13131|Q6IF82_NPLIYTLRN|0.0
Q13131|Q6IF82_PLIYTLRNS|0.0
Q13131|Q8NH83_DKFMTVFYT|0.0
Q13131|Q8NH83_TLRNSEMRN|0.0
Q13131|Q6IEV9_ACMDTYMIN|0.0
Q13131|Q6IEV9_CMDTYMINL|0.0
Q13131|Q96R67_IDTVYSSSS|0.0
Q13131|Q96R67_LRSVTTLPI|0.0
Q13131|Q96R67_VAVFYTMVV|0.0
Q13131|Q96R67_AVFYTMVVP|0.0
Q13131|Q96R67_NPVVYTLRN|0.0
Q13131|Q8NGP0_RNNVTEFIL|0.0
Q13131|Q8NGP0_RKAISSVK_|0.0
Q13131|Q8NGM1_MIVDSLYVT|0.0
Q13131|Q8NH37_MALFYGILT|0.0
Q13131|A6NHA9_VAIFYTMIT|0.467
Q13131|A6NHA9_NPLIYTLKN|0.0
Q13131|Q8NH72_KALSTCSSH|0.0
Q13131|Q15615_YSTVTSPKM|0.0
Q13131|Q15615_STVTSPKML|0.0
Q13131|Q15615_NPMIYTLRN|0.0
Q13131|Q15615_PMIYTLRNQ|0.0
Q13131|Q8NGI6_VDLLSERKT|0.0
Q13131|P58180_VPSIYLYAR|0.0
Q13131|P58180_SIYLYARPF|0.0
Q13131|Q8NGN0_YTIVTPMLN|0.0
Q13131|Q8NGC2_TISLSCFLA|0.0
Q13131|Q8NGA8_FFGGSEMVI|0.0
Q13131|Q8NGA8_WDAHSSVKF|0.0
Q13131|O95013_KALSTLSAH|0.002
Q13131|O95013_SAHSTVVLL|0.002
Q13131|O95013_MFVYTRPHP|0.0
Q13131|Q6IEY1_KALSTLSAH|0.0
Q13131|Q6IEY1_SAHSTVVLL|0.0
Q13131|Q6IEY1_MFVYTRPHP|0.0
Q13131|Q96R69_FFGGSEMVI|0.0
Q13131|Q96R69_WDAHSSVKF|0.0
Q13131|Q8NH21_FFGGSEMVI|0.0
Q13131|Q8NH21_WDAHSSVKF|0.0
Q13131|Q8NH42_RANHSVVSE|0.0
Q13131|Q8NH43_LKNGSLVTE|0.0
Q13131|Q8NH43_IDLLTDHKT|0.0
Q13131|Q8NGD1_GFVHSIIQV|0.0
Q13131|Q8N0Y3_DKMVSLFHT|0.0
Q13131|Q8NGJ6_LGIASKKEQ|0.0
Q13131|Q8NGJ6_VPPLTNPIV|0.0
Q13131|Q8NH64_FIIKTEPSL|0.0
Q13131|Q8NH64_KTEPSLHEP|0.0
Q13131|Q9Y5P1_SVVESGSLL|0.0
Q13131|Q9Y5P1_VESGSLLAM|0.0
Q13131|Q9Y5P0_IAIRTPLRY|0.0
Q13131|Q9H339_LILKTVLSI|0.001
Q13131|Q9H339_KTVLSIASR|0.0
Q13131|Q9H340_SPLRYTSIL|0.0
Q13131|Q9H340_PLRYTSILT|0.0
Q13131|A6NGY5_DPLRYTTIL|0.0
Q13131|A6NGY5_TTILTNSRI|0.0
Q13131|A6NGY5_LLMITRAIV|0.0
Q13131|A6NGY5_LVYRYGRSA|0.0
Q13131|Q8NH61_KATQYWISI|0.0
Q13131|Q8NH61_LCERSLHKP|0.0
Q13131|Q8NH61_VLSHSYCYH|0.0
Q13131|Q8NH61_LIIRSVLSI|0.0
Q13131|Q8NH61_LSIASSEER|0.0
Q13131|Q8NGK1_KMGLSSVLR|0.03
Q13131|Q8NGK1_MGLSSVLRS|0.0
Q13131|Q8NGK0____MTLGSL|0.0
Q13131|Q8NGK0_TFLLSGIPG|0.0
Q13131|Q8NGK0_LILRTVLSI|0.0
Q13131|Q8NGK0_RTVLSIASR|0.0
Q13131|Q9H344_AAARSFITL|0.0
Q13131|Q9H344_RSFITLFPL|0.0
Q13131|Q9H341_PRLHTPMYY|0.0
Q13131|Q9H341_HTPMYYLLS|0.312
Q13131|Q9H341_HPLRYSVII|0.0
Q13131|Q9H341_SVIITGQQV|0.0
Q13131|Q9H341_GPVATIPIV|0.009
Q13131|Q8NH59_AKHASPLVH|0.0
Q13131|Q9H2C8_SVLLTMAFD|0.0
Q13131|Q9H2C8_NPLRYSSIL|0.0
Q13131|Q9H2C8_LRYSSILTN|0.0
Q13131|Q9H2C8_SSILTNSRI|0.0
Q13131|Q96RD2_FRLPSQDAR|0.0
Q13131|Q8NGK2_TTILTNALI|0.0
Q13131|Q8NGF0_MALFSANSI|0.0
Q13131|Q8NGF0_NNSDTRIAG|0.0
Q13131|Q8NGF0_HEPMYIFLS|0.0
Q13131|Q9H346_HRVMTHTYC|0.0
Q13131|Q9H346_VMTHTYCEH|0.0
Q13131|Q9H346_MTHTYCEHM|0.0
Q13131|Q96RD3_MILTSKIIS|0.0
Q13131|Q96RD3_SKIISLIAG|0.0
Q13131|Q6IFG1_MILTSKIIS|0.0
Q13131|Q6IFG1_SKIISLIAG|0.0
Q13131|Q8NGK6_LGPAYNHTM|0.0
Q13131|Q8NH67_LGPAYNHTM|0.0
Q13131|Q8NH67_MLGMSMAIT|0.0
Q13131|Q8NH67_VFGLSSKTA|0.0
Q13131|Q8NH67_LSSKTAQLK|0.0
Q13131|Q8NH60_IIPPSLNPI|0.0
Q13131|Q8NGK4_FNNIYGIAV|0.0
Q13131|Q8NGK4_LAIFYLLFP|0.0
Q13131|Q8NGK4_QIREYVLSL|0.0
Q13131|Q8NGK5_QIRESLLQI|0.0
Q13131|Q8NH53_FPLRYATIL|0.0
Q13131|Q8NH53_ILTNSVIAK|0.0
Q13131|Q8NH53_QAVVSLSSA|0.0
Q13131|Q8NH53_VVSLSSADA|0.0
Q13131|Q8NGI2_RAVVSLSSA|0.0
Q13131|Q8NGI2_VVSLSSADA|0.0
Q13131|Q8NGI2_GSKDTKSYS|0.0
Q13131|Q8NGI2_KDTKSYSM_|0.0
Q13131|Q8NGI2_DTKSYSM__|0.003
Q13131|Q6IF63_LETFTFRKS|0.0
Q13131|Q8NGH5_MASPSNSST|0.0
Q13131|Q8NGH5_SPSNSSTVP|0.0
Q13131|Q8NH54_AQLRYCGRN|0.0
Q13131|Q8NGJ0_SPLLYPTIM|0.0
Q13131|Q8NGJ0_QGLCTRMVV|0.001
Q13131|Q8NGJ0_VSVFYSLVI|0.0
Q13131|Q8NGJ0_NPLIYSLRN|0.0
Q13131|Q8NGI9_NTIVTKFIL|0.0
Q13131|Q9NZP5__MDISEGNK|0.0
Q13131|P0C617_KGNHSTVYE|0.0
Q13131|Q8NGP9_LMLGSYLAG|0.003
Q13131|Q8NGC0____MTEFHL|0.0
Q13131|Q8NGC0_FHLQSQMPS|0.0
Q13131|Q8NGC0_SPRCSTSFM|0.0
Q13131|Q8NGC0_VAVIYTVVI|0.0
Q13131|Q96R08_KEVKSAFKK|0.0
Q13131|A6NL26_VDLGYSSAV|0.0
Q13131|A6NL26_DLGYSSAVA|0.0
Q13131|A6NL26_LGYSSAVAP|0.0
Q13131|A6NL26_KEVKSALWK|0.0
Q13131|Q8NH48_KEVKSAFKK|0.0
Q13131|A6ND48_FVKIYFLQK|0.0
Q13131|Q8NGR4_NPLIYSLRN|0.0
Q13131|Q8NGL3_VAGSYLWGM|0.0
Q13131|Q8NGL3_VLLCYALRL|0.002
Q13131|Q8NGL3_KAFSTWASH|0.0
Q13131|Q8NGL3_SHLTSITIF|0.0
Q13131|Q8NGL1_DVKDTVTEI|0.001
Q13131|Q8NGL1_KDTVTEILD|0.085
Q13131|O95221_SRTVYLKMA|0.001
Q13131|O95221_ANVISRKRT|0.0
Q13131|A6NKK0_HVKVSY___|0.0
Q13131|A6NKK0_VKVSY____|0.0
Q13131|A6NDH6_IQVFSIVTI|0.0
Q13131|A6NDH6_TILISYTFV|0.0
Q13131|A6NDH6_ILISYTFVL|0.0
Q13131|A6NDH6_FVLFTVLEK|0.0
Q13131|Q8NGV6_QRTCSEEME|0.0
Q13131|Q13606_LLFIYSRPS|0.0
Q13131|Q8NHB8_RISLYECAV|0.0
Q13131|Q8NGL2_LILTTILKM|0.0
Q13131|Q8NGP8___MFSPNHT|0.0
Q13131|Q8NGP8_SPNHTIVTE|0.0
Q13131|Q8NGP8_HTIVTEFIL|0.0
Q13131|Q8NGP8_SLRNTDVIL|0.0
Q13131|Q96RB7_YVAIYDPLR|0.0
Q13131|Q96RB7_DPLRYSVKT|0.0
Q13131|Q96RB7_INHFYCADP|0.0
Q13131|Q8NGP4_VAVFYTTVI|0.0
Q13131|Q8NGP3_VAVFYTTVI|0.0
Q13131|Q8NGP3_NKAITKTYV|0.0
Q13131|Q8NH85_VLTSYIFII|0.0
Q13131|Q8NH85_NPLIYSLRN|0.0
Q13131|Q8NH85_PLIYSLRNK|0.0
Q13131|Q8NH85_LQILTFLKI|0.0
Q13131|Q8NG75_SGLPSDMDL|0.0
Q13131|Q8NG75_LKMQSAEGR|0.0
Q13131|Q8NGG3_GLDIYRNPL|0.0
Q13131|Q9UGF6_YSVVTPMLN|0.0
Q13131|Q9UGF6_NPIIYTLRN|0.0
Q13131|O95007_GFPGSLSMR|0.0
Q13131|O95007_PGSLSMRAA|0.0
Q13131|Q96RD1_YIIRTILRI|0.0
Q13131|Q96RD1_NPFIYSLRN|0.0
Q13131|Q9NZP2_PFIYTLRNK|0.0
Q13131|Q9NZP0_GAIITRNKT|0.0
Q13131|A6NF89_KERVTVSKG|0.153
Q13131|A6NF89_RVTVSKGVA|0.383
Q13131|A6NJZ3_AVLNTSVAP|0.0
Q13131|A6NJZ3_VLNTSVAPM|0.0
Q13131|A6NJZ3_KKILSLNKQ|0.13
Q13131|A6NIJ9_RVALSKGVT|0.0
Q13131|A6NCV1_LKIPSSQQR|0.0
Q13131|A6NCV1_CIFMYVKPS|0.0
Q13131|A6NL08_LRNFSFLEI|0.0
Q13131|A6NL08_KKAFSTCSS|0.0
Q13131|A6NL08_AVLNTSVAP|0.0
Q13131|A6NL08_VLNTSVAPL|0.0
Q13131|A6NM76_YIIRTILRI|0.0
Q13131|A6NM76_CIFMYVKTS|0.0
Q13131|Q8NGY2_RTAFSTCVS|0.0
Q13131|Q8NGW6_RLFHYQKRA|0.0
Q13131|Q8NGM8_NRIMTLIQR|0.0
Q13131|Q8NGY6_IKTASGRKK|0.0
Q13131|Q8NGN1_SLALTSVSY|0.0
Q13131|Q8NGN1_LALTSVSYA|0.002
Q13131|Q8NGN1_SIFLYIRMS|0.0
Q13131|Q8NGN1_WPRLTAVMK|0.0
Q13131|Q8N148_HTPMYFFLG|0.0
Q13131|Q8NH79_VSLLYGAVL|0.0
Q13131|Q8NGX8_NPIIYCLRN|0.0
Q13131|O14581_IQTQSRVIT|0.0
Q13131|O14581_LNSLSQSLM|0.0
Q13131|O14581_SLSQSLMVL|0.0
Q13131|Q96RA2_LVFVTWLIG|0.0
Q13131|Q6IFN5_PFIYSLRNK|0.0
Q13131|Q8NGG6_ALRRTLGRK|0.0
Q13131|Q8WZ84_GKKNTILYS|0.0
Q13131|Q9GZM6_KAFGTCSSH|0.0
Q13131|Q8NGM9_ACDRYVAIC|0.0
Q13131|Q8NGM9_SPLLYRVIM|0.0
Q13131|Q15617_QGKVSSVFY|0.0
Q13131|Q8NG78_TILSSYIFI|0.0
Q13131|Q8NG78_ILSSYIFII|0.0
Q13131|Q8NG78_QGKVSSVFY|0.0
Q13131|Q8NGG4_SPLRYPVIM|0.0
Q13131|Q8NGG4_STCASHLLG|0.0
Q13131|Q8NGG4_KPRKSYSLG|0.0
Q13131|Q8NGG4_RKSYSLGRD|0.001
Q13131|Q8NGG4_DQVASVFYT|0.0
Q13131|Q8NGG4_ASVFYTIVI|0.0
Q13131|Q8NGG4_SVFYTIVIP|0.0
Q13131|Q8N162_AHDRYAAIC|0.0
Q13131|Q8N162_AAICSPLHY|0.0
Q13131|Q8NGP2_QTPMYFFLQ|0.0
Q13131|Q8NGP2_KKTTSFYEC|0.0
Q13131|Q8NGP2_KDVKTALQR|0.0
Q13131|Q8NGG1_AVVVSPKVC|0.0
Q13131|Q8NGG0_LQPQTNHSL|0.0
Q13131|Q8NGG0_QTNHSLDTD|0.0
Q13131|Q8NGG0_NPCYSFKSM|0.0
Q13131|Q8NGG0_YSFKSM___|0.0
Q13131|Q8NH51_ASIFYTLVI|0.0
Q13131|Q8NH50_LTVLTEFIL|0.0
Q13131|Q8NH09_LVWGSWGLG|0.0
Q13131|Q8NGU2_NPLRYNIIM|0.01
Q13131|Q8NGU2_LKIPSSSGR|0.0
Q13131|Q8NGU2_KIPSSSGRR|0.0
Q13131|Q8NGU2_IPSSSGRRK|0.0
Q13131|Q8NGU2_CLFLYVKPK|0.0
Q13131|Q8NH87_DKIVSTFYT|0.0
Q13131|Q8NH87_STFYTVVFP|0.0
Q13131|Q8NH87_NLMIYSLRN|0.592
Q13131|Q8NGE7_GDRGTSNHS|0.0
Q13131|Q8NGE7_HSEMTDFIL|0.0
Q13131|Q8NGE7_VSYMYIVST|0.0
Q13131|Q8NGE7_ASLCYSLVT|0.0
Q13131|Q8NGQ5_VAGAYVAGL|0.494
Q13131|Q8NGQ5_AGLISALVR|0.0
Q13131|Q96D31_ELPPSGGST|0.0
Q13131|Q96D31_GSTTSGSRR|0.0
Q13131|Q96D31_PGSHYA___|0.0
Q13131|Q8WV07_HGEGYREGY|0.074
Q13131|Q8WV07_GSGLSF___|0.0
Q13131|Q13415_KPQESAAKC|0.459
Q13131|Q13415_VRAKSKSAE|0.36
Q13131|Q13415_AESPSWTPA|0.0
Q13131|Q13415_ESRHSASKS|0.0
Q13131|Q13415_SASKSRQTP|0.003
Q13131|Q13415_KSRQTPTHP|0.052
Q13131|Q13415_THPLTPRAR|0.1
Q13131|Q13415_TSCASLDSP|0.008
Q13131|Q13415_KVAFSEITS|0.0
Q13131|Q13415_ITSPSKRSQ|0.0
Q13131|Q13415_DKLQTLSPA|0.0
Q13131|Q13415_DKKASPEHR|0.0
Q13131|Q13415_SVVPSVILK|0.61
Q13131|Q13415_QNEATSTPH|0.0
Q13131|Q13415_NEATSTPHR|0.075
Q13131|Q13415_IRRKSSVLT|0.001
Q13131|Q13415_RRKSSVLTM|0.818
Q13131|Q13415_SSVLTMNRI|0.482
Q13131|Q13415_SSLKSSLHT|0.0
Q13131|Q13415_SLKSSLHTL|0.001
Q13131|Q13415_SSLHTLTKV|0.001
Q13131|Q13415_LHTLTKVPK|0.0
Q13131|Q13415_VPKKSLKPR|0.0
Q13131|Q13415_CTRGSPQET|0.219
Q13131|Q13416_KDQNYVEIM|0.0
Q13131|Q13416_GNKVYSFQN|0.002
Q13131|Q13416_NKVYSFQNR|0.0
Q13131|Q13416_NRKHSEKMA|0.011
Q13131|Q13416_AKLASELAK|0.043
Q13131|Q13416_SVSFSLKND|0.0
Q13131|Q13416_TAPRSLRKR|0.0
Q13131|Q13416_NRVVSAPVG|0.58
Q13131|Q13416_KRDKTSDLV|0.0
Q13131|Q13416_RDKTSDLVE|0.0
Q13131|Q13416_LVEEYFEAH|0.0
Q13131|Q13416_EAHSSSKVL|0.0
Q13131|Q13416_AHSSSKVLT|0.492
Q13131|Q13416_KVLTSDRTL|0.621
Q13131|Q13416_TSDRTLQKL|0.502
Q13131|Q13416_KVSPSFSAE|0.0
Q13131|Q13416_SPSFSAELK|0.0
Q13131|Q13416_SLPLSSLTH|0.0
Q13131|Q13416_HVLRSLTPN|0.0
Q13131|Q9UBD5_PIEDYFNKG|0.0
Q13131|Q9UBD5_LRFETYQLI|0.547
Q13131|Q9UBD5_RFETYQLIW|0.0
Q13131|Q9UBD5_QQMKSENER|0.463
Q13131|Q9UBD5_KRTTSSQWQ|0.626
Q13131|Q9UBD5_SFRRYVEKQ|0.553
Q13131|Q9UBD5_EEDASGSQP|0.0
Q13131|Q9UBD5_KTDLYHLQK|0.323
Q13131|Q9UBD5_HLQKSLLEM|0.508
Q13131|Q9UBD5_LNNPYYYLK|0.162
Q13131|Q9UBD5_IRAVSELEL|0.0
Q13131|Q9UBD5-2_AQFQSLDAE|0.0
Q13131|Q9UBD5-2_LDAETKEEE|0.0
Q13131|Q9UBD5-2_DASGSQPKG|0.0
Q13131|O43929_SSRKSKSNS|0.001
Q13131|O43929_SKSNSLIHT|0.653
Q13131|O43929_YKHLSELLK|0.481
Q13131|O43929_LLKRTALHG|0.689
Q13131|O43929_KEQLSLPAE|0.222
Q13131|O43913_HLSSSEDGC|0.0
Q13131|O43913_NFPKYCEPV|0.0
Q13131|O43913_LREISSSQW|0.0
Q13131|Q9Y5N6_LDRAYLIKL|0.727
Q13131|Q9Y5N6_LNKETYQSC|0.0
Q13131|Q9Y5N6_NKETYQSCL|0.465
Q13131|Q9Y5N6_ETYQSCLKS|0.0
Q13131|Q9Y5N6_LTQDYEEWK|0.179
Q13131|Q9Y5N6_ENAASAQKA|0.858
Q13131|P02763_TISRYVGGQ|0.0
Q13131|P02763_SDVVYTDWK|0.001
Q13131|Q9P0S3_RKFFTISPI|0.0
Q13131|Q9P0S3_FFTISPIIL|0.0
Q13131|Q53FV1_EQMDYGLQF|0.0
Q13131|Q53FV1_LQFTSSRKF|0.0
Q13131|Q8N138_MNVGTAHSE|0.0
Q13131|P56715_PRHLSLTHP|0.0
Q13131|P56715_HLSLTHPVV|0.0
Q13131|P56715_LDNLSRKVP|0.324
Q13131|P56715_SRAISAHSP|0.0
Q13131|P56715_VVKLYATDG|0.04
Q13131|P56715_KEEETIKWT|0.0
Q13131|P56715_NDEKSEMSF|0.0
Q13131|P56715_FPGRTESRS|0.0
Q13131|P56715_YRPPTPGLR|0.0
Q13131|P56715_RKSRSLNKI|0.0
Q13131|P56715_DSHITLKSQ|0.017
Q13131|P56715_SAILSKQHA|0.0
Q13131|P56715_CSNNSFSGN|0.0
Q13131|P56715_NNSFSGNDP|0.0
Q13131|P56715_PHTNSGKIS|0.055
Q13131|P56715_KKHSSLDDF|0.0
Q13131|P56715_GSHQSERVC|0.387
Q13131|Q13438_MAGASPTKD|0.583
Q13131|Q13438_KVIRSPADL|0.877
Q13131|Q13438_EEKQSPELV|0.571
Q13131|Q13438_KPPPSPQPT|0.398
Q13131|Q13438_WAEGTEEGA|0.949
Q13131|Q13438_ARWLTDEDT|0.395
Q13131|Q8TDB4_RRMSSNRFP|0.0
Q13131|Q8TDB4_GSSGSNMIY|0.0
Q13131|Q8TDB4_NMIYYLVVG|0.3
Q13131|Q8TDB4_GVTVSAGGY|0.0
Q13131|Q8TDB4_SAGGYYAYK|0.0
Q13131|Q8TDB4_AGGYYAYKT|0.0
Q13131|Q8TDB4_GYYAYKTVT|0.0
Q13131|Q8TDB4_KTVTSDQAK|0.009
Q13131|Q8TDB4_QAKHTEHKT|0.0
Q13131|P22059_YIKGYQRRW|0.445
Q13131|P22059_GLLSYYRSK|0.447
Q13131|P22059_EMRHTCRGT|0.055
Q13131|P22059_QRWVTALEL|0.0
Q13131|P22059_EESVSQTDK|0.192
Q13131|P22059_SVSQTDKTE|0.104
Q13131|P22059_ELQNTLRTL|0.935
Q13131|P22059_NTLRTLSSK|0.809
Q13131|P22059_AKHGTALQR|0.57
Q13131|P22059_AQTHSKKWQ|0.0
Q13131|P22059_KSLQYERDQ|0.677
Q13131|P22059_LPANTPGNV|0.732
Q13131|P22059_EDLEYHELL|0.0
Q13131|P22059_KCENSLEQL|0.527
Q13131|P22059_FRGKYLSIM|0.485
Q13131|P22059_TGHHYTWKK|0.0
Q13131|P22059_ARKVTGEVT|0.865
Q13131|P22059_VTDPSGKVH|0.404
Q13131|P22059_ALLGTWDEK|0.0
Q13131|P22059_AMKATEDGT|0.556
Q13131|P22059_TEDGTPYDP|0.132
Q13131|P22059_DGTPYDPYK|0.457
Q13131|P22059_PYDPYKALW|0.0
Q13131|P22059_KDPVTKELT|0.0
Q13131|P22059_LTHIYRGEY|0.516
Q13131|Q969R2_AAAPSRGGG|0.0
Q13131|Q969R2_SRPGSESSS|0.0
Q13131|Q969R2_PGSESSSGV|0.0
Q13131|Q969R2_AGPFTKAAS|0.0
Q13131|Q969R2_EMAHTCRGT|0.312
Q13131|Q969R2_MNTHSDDSG|0.816
Q13131|Q969R2_HSDDSGDDD|0.579
Q13131|Q969R2_DDEATTPAD|0.0
Q13131|Q969R2_FRITSNAMI|0.868
Q13131|Q969R2_PANPSKSFI|0.0
Q13131|Q969R2_GSLLTPKGE|0.426
Q13131|Q969R2_KGEDSEEDE|0.0
Q13131|Q969R2_AKEDSRKAE|0.0
Q13131|Q969R2_SVDWSSADN|0.0
Q13131|Q969R2_LDGASLVPK|0.003
Q13131|Q969R2_MGLRSLCEQ|0.011
Q13131|Q969R2_CEQVSHHPP|0.0
Q13131|Q969R2_VWRKSTSTV|0.056
Q13131|Q969R2_WRKSTSTVH|0.0
Q13131|Q969R2_RKSTSTVHN|0.028
Q13131|Q969R2_KSTSTVHNI|0.0
Q13131|Q969R2_HSSPSSPSS|0.75
Q13131|Q969R2_KQRLSRRRR|0.817
Q13131|Q969R2_YKGGYWEAK|0.0
Q13131|Q9BXB5_AVQGTDGGG|0.001
Q13131|Q9BXB5_GGSNSSSRS|0.001
Q13131|Q9BXB5_GSNSSSRSS|0.008
Q13131|Q9BXB5_SSSRSSSRA|0.0
Q13131|Q9BXB5_SSRSSSRAT|0.0
Q13131|Q9BXB5_TSAGSSPSC|0.001
Q13131|Q9BXB5_GSSPSCSLA|0.0
Q13131|Q9BXB5_VSSRSAAAG|0.0
Q13131|Q9BXB5_GGGGSRSSP|0.252
Q13131|Q9BXB5_SRSRSLTLL|0.481
Q13131|Q9BXB5_GTPNSASPC|0.006
Q13131|Q9BXB5_ASPCSQRHL|0.0
Q13131|Q9BXB5_PGVVTITHH|0.442
Q13131|Q9BXB5_RRAKSQYSG|0.071
Q13131|Q9BXB5_AKSQYSGQL|0.0
Q13131|Q9BXB5_KSQYSGQLH|0.055
Q13131|Q9BXB5_SLPGSGPLT|0.0
Q13131|Q9BXB5_GWHGSKSHS|0.461
Q13131|Q9BXB5_SKSHSTEQL|0.001
Q13131|Q9BXB5_ELVLSEDEK|0.0
Q13131|Q9BXB5_EDEKSDNED|0.0
Q13131|Q9BXB5_DKEETELGV|0.0
Q13131|Q9BXB5_AKKPYNPII|0.0
Q13131|Q9BXB5_TASRSPASC|0.0
Q13131|Q9BXB5_RSPASCHEH|0.0
Q13131|Q9BXB5_VWTKSKFMG|0.0
Q13131|Q9BXB4_PNKNSSCGG|0.012
Q13131|Q9BXB4_SSSSSSRGG|0.0
Q13131|Q9BXB4_SSSSSRGGS|0.257
Q13131|Q9BXB4_PPLKSRSFS|0.666
Q13131|Q9BXB4_SLASSSNSP|0.548
Q13131|Q9BXB4_QNAISFFNV|0.846
Q13131|Q9BXB4_NVGHSKLQS|0.49
Q13131|Q9BXB4_SKLQSLSKR|0.885
Q13131|Q9BXB4_LQSLSKRTN|0.133
Q13131|Q9BXB4_HQKGSLPSG|0.527
Q13131|Q9BXB4_EPKISLSNH|0.538
Q13131|Q9BXW6_GRSKSNLGW|0.976
Q13131|Q9BXW6_ALKRYEGPL|0.0
Q13131|Q9BXW6_VPKNSLQQS|0.0
Q13131|Q9BXW6_SLQQSREDW|0.184
Q13131|Q9BXW6_QDQLTDEEE|0.0
Q13131|Q9BXW6_DREISNFLK|0.8
Q13131|Q9BXW6_EMLPSFLQK|0.858
Q13131|Q9BXW6_ELEQSLVKG|0.907
Q13131|Q9BXW6_LVKGSPPAS|0.689
Q13131|Q9BXW6_YDALSDSES|0.0
Q13131|Q9BXW6_LEAVTARSF|0.864
Q13131|Q9BXW6_EHLGSRKHR|0.579
Q13131|Q9BXW6_KHRMSEEKD|0.0
Q13131|Q9BXW6_KHRTSLPSP|0.0
Q13131|Q9BXW6_TSLPSPMFS|0.0
Q13131|Q9BXW6_LSKITMPVI|0.519
Q13131|Q9H1P3_RIGKTGERP|0.01
Q13131|Q9H1P3_GERPSQENG|0.441
Q13131|Q9H1P3_ERNFSDCPD|0.002
Q13131|Q9H4L5_NLGVSQKLV|0.8
Q13131|Q9H4L5_SPSRSTSSC|0.0
Q13131|Q9H4L5_SRSTSSCSS|0.0
Q13131|Q9H4L5_SKQGSRQDS|0.0
Q13131|Q9H4L5_GEMNYTQEP|0.0
Q13131|Q9H4L5_KYAKSQTDI|0.0
Q13131|Q9H4L5_LKVKSEEVF|0.0
Q13131|Q9H4L5_TDSSSGVFD|0.0
Q13131|Q9H4L5_SRKRSSISK|0.72
Q13131|Q9H4L5_RKRSSISKQ|0.375
Q13131|Q9H4L5_RSSISKQNL|0.0
Q13131|Q9H4L5_NLFQTGSNV|0.0
Q13131|Q9H4L5_FQTGSNVSF|0.101
Q13131|Q9H4L5_LWLQSSEDM|0.0
Q13131|Q9H4L5_LHRTYSAPA|0.0
Q13131|Q9H4L5_IQGGSFESP|0.0
Q13131|Q9H4L5_KEKRSHRRW|0.0
Q13131|Q9H4L5_RRWRSRAIG|0.0
Q13131|Q9H4L5_DAKGTLQVP|0.0
Q13131|Q9H4L5_PNLSTLDFG|0.0
Q13131|Q9H4L5_EEKNYSDGS|0.0
Q13131|Q9H4L5_AHKVYFTLR|0.029
Q13131|Q9H4L5_KVYFTLRSA|0.0
Q13131|Q9H4L5_NALSSALAQ|0.018
Q13131|Q9H4L5_LAQNTDLKE|0.0
Q13131|Q9H4L5_IHAESLLLD|0.0
Q13131|Q9H4L5_AVAKSGDNL|0.0
Q13131|Q9H4L5_PVLDSGREA|0.0
Q13131|Q9H4L5_SRRRTCLPA|0.0
Q13131|Q9H4L5_PCPSSSNIS|0.0
Q13131|Q9H4L5_CPSSSNISL|0.0
Q13131|Q9H4L5_SSNISLWNI|0.0
Q13131|Q9H4L5_EELEYSELL|0.0
Q13131|Q9H4L5_ELEYSELLD|0.0
Q13131|Q9H4L5_AISAYASSY|0.0
Q13131|Q9H4L5_YASSYYRAG|0.0
Q13131|Q9H4L5_ASSYYRAGS|0.096
Q13131|Q9H4L5_DDSCYCKVN|0.0
Q13131|Q9H4L5_KWHESIYCG|0.0
Q13131|Q9H4L5_HESIYCGGG|0.0
Q13131|Q9H4L5_CGGGSSSAC|0.0
Q13131|Q9H4L5-2_VLHRTYSAP|0.0
Q13131|Q9H4L5-2_HRTYSAPAI|0.0
Q13131|Q9H4L5-8_VLHRTYSAP|0.0
Q13131|Q9H4L5-8_HRTYSAPAI|0.0
Q13131|Q9H4L5-8_RLHSSNPNL|0.0
Q13131|Q9H4L5-8_DASSSPSAQ|0.0
Q13131|Q9H4L5-8_SSENSRDEN|0.0
Q13131|Q9H4L5-8_VHQLSNESR|0.0
Q13131|Q9H0X9_RRRFSLCPP|0.802
Q13131|Q9H0X9_LCPPSSTPQ|0.0
Q13131|Q9H0X9_CPPSSTPQK|0.061
Q13131|Q9H0X9_DNELYPLSP|0.008
Q13131|Q9H0X9_LYPLSPGKD|0.121
Q13131|Q9H0X9_EGPPTPSSA|0.0
Q13131|Q9H0X9_PTPSSATKV|0.164
Q13131|Q9H0X9_LCNGSDKEC|0.715
Q13131|Q9H0X9_KECVSPTAR|0.03
Q13131|Q9H0X9_IMADSLKIR|0.374
Q13131|Q9H0X9_VLLIYKTPK|0.0
Q13131|Q9H0X9_NPEESDTET|0.0
Q13131|Q9H0X9_RKTESGSDQ|0.931
Q13131|Q9H0X9_TESGSDQSE|0.0
Q13131|Q9H0X9_GKITSGEEV|0.0
Q13131|Q9H0X9_ALFWTPSGE|0.0
Q13131|Q9H0X9_FWTPSGEVR|0.0
Q13131|Q9H0X9_WQHVTRAIS|0.0
Q13131|Q9H0X9_WHYRYEDHS|0.0
Q13131|Q9H0X9_ARQTTFLGS|0.963
Q13131|Q9H0X9_RHERSGPDQ|0.0
Q13131|Q9H0X9_LRKASDQPS|0.0
Q13131|Q9H0X9_HSQATESSG|0.001
Q13131|Q9BZF3____MSSDEK|0.0
Q13131|Q9BZF3_EKGISPAHK|0.0
Q13131|Q9BZF3_AHKTSTPTH|0.0
Q13131|Q9BZF3_TSTPTHRSA|0.0
Q13131|Q9BZF3_SQRDSRQSI|0.0
Q13131|Q9BZF3_ILERTASSS|0.0
Q13131|Q9BZF3_STEPSVSRQ|0.0
Q13131|Q9BZF3_KVHGSIDVG|0.0
Q13131|Q9BZF3_PRDASFHIF|0.0
Q13131|Q9BZF3_SATMSPVRL|0.0
Q13131|Q9BZF3_IEFQTPPSH|0.0
Q13131|Q9BZF3_EQDHSKGHS|0.0
Q13131|Q9BZF3_FWGKSMEIL|0.0
Q13131|Q9BZF3_LPVGTLNVM|0.0
Q13131|Q9BZF3_WIEHYGEVT|0.0
Q13131|Q9BZF3_HEGLYCGVA|0.0
Q13131|Q9BZF3_DPGFSKVDS|0.0
Q13131|Q9BZF3-3_MHQLSLIRG|0.0
Q13131|Q9BZF3-3_NRGRSIHIL|0.0
Q13131|Q9BZF3-3_ASSSTEPSV|0.0
Q13131|Q9BZF3-4_QRTQSAPNF|0.0
Q13131|Q9BZF2_MPRGSLPST|0.0
Q13131|Q9BZF2_AATASALPG|0.0
Q13131|Q9BZF2_EKVSSWLRD|0.001
Q13131|Q9BZF2_QSLESLHRI|0.624
Q13131|Q9BZF2_PVIPTHQAS|0.0
Q13131|Q9BZF2_RRLHSLSTS|0.728
Q13131|Q9BZF2_SSDTTADSF|0.0
Q13131|Q9BZF2_TSILSLADS|0.0
Q13131|Q9BZF2_AFAVSAYSS|0.0
Q13131|Q9BZF2_AVSAYSSTY|0.0
Q13131|Q9BZF2_YSSTYHRAG|0.0
Q13131|Q9BZF2_LIRNTQDSS|0.0
Q13131|Q9BZF2_NTQDSSCHC|0.0
Q13131|Q9BZF2_TQDSSCHCK|0.0
Q13131|Q9BZF1_EPDRTSLLG|0.711
Q13131|Q9BZF1_VVANSDESQ|0.862
Q13131|Q9BZF1_NSDESQLLT|0.0
Q13131|Q9BZF1_SQLLTPGKM|0.488
Q13131|Q9BZF1_PGKMSQRQG|0.023
Q13131|Q9BZF1_EAYPTPTKD|0.503
Q13131|Q9BZF1_KEDISQNKD|0.0
Q13131|Q9BZF1_KDESSLSMS|0.001
Q13131|Q9BZF1_ESSLSMSKS|0.68
Q13131|Q9BZF1_SLSMSKSKS|0.552
Q13131|Q9BZF1_SKSKSESKL|0.975
Q13131|Q9BZF1_LYNGSEKDS|0.453
Q13131|Q9BZF1_TKKESLKVQ|0.868
Q13131|Q9BZF1_VLLIYKTQK|0.516
Q13131|Q9BZF1_QPLPSSYLI|0.0
Q13131|Q9BZF1_IIRATSESD|0.025
Q13131|Q9BZF1_LKCSSLLKR|0.025
Q13131|Q9BZF1_EHDLSVSSD|0.004
Q13131|Q9BZF1_HVTFYGLLR|0.814
Q13131|Q9BZF1_NNLHSGDNF|0.854
Q13131|Q9BZF1_RQDDSYIEP|0.813
Q13131|Q9BZF1_VAKGYSSPE|0.0
Q13131|Q9BZF1_SVKPSTRRK|0.743
Q13131|Q9BZF1_VKPSTRRKK|0.001
Q13131|Q9BZF1_GDIQSSIES|0.255
Q13131|Q9BZF1_DIQSSIESI|0.0
Q13131|Q9BZF1_SIKQTQEEI|0.001
Q13131|Q9BZF1_PATDYFLQQ|0.0
Q13131|Q96SU4_MMRGSRRGC|0.893
Q13131|Q96SU4_KKIETLKET|0.047
Q13131|Q96SU4_TLKETTNSM|0.555
Q13131|Q96SU4_LKETTNSMV|0.954
Q13131|Q96SU4_SMVESIKHC|0.739
Q13131|Q96SU4_DGMISTINP|0.457
Q13131|Q96SU4_GMISTINPV|0.981
Q13131|Q96SU4_VDAIYQPSP|0.401
Q13131|Q96SU4_IYQPSPLEP|0.457
Q13131|Q96SU4_NSTGSGHSP|0.45
Q13131|Q96SU4_GSGHSPPSS|0.023
Q13131|Q96SU4_SYSSSEDEF|0.36
Q13131|Q96SU4_EFHQSGSSP|0.425
Q13131|Q96SU4_RLIDSSGSA|0.968
Q13131|Q96SU4_ASVLTHSSS|0.912
Q13131|Q96SU4_KRPDTTESL|0.997
Q13131|Q96SU4_DTTESLNSS|0.781
Q13131|Q96SU4_EEHKSVIMH|0.44
Q13131|Q96SU4_DQNEYESRS|0.694
Q13131|Q8IYS5-2_LVLISLGAL|0.001
Q13131|Q8IYS5-2_GALVTFDWR|0.001
Q13131|Q8IYS5-2_FDWRSQNRA|0.0
Q13131|Q8WVF1_KALRTVYER|0.0
Q13131|Q8WVF1_LRTVYERLA|0.0
Q13131|Q8WVF1_HVSGSSKNL|0.0
Q13131|Q8WVF1_EELSYEVIN|0.0
Q13131|Q8WVF1-4_GVGNYMEDR|0.0
Q13131|Q9NX31_RVDASGSVA|0.0
Q13131|Q9NX31_VASLSVGEG|0.0
Q13131|Q9NX31_VGEGTGVRA|0.0
Q13131|Q9NX31_APVRTATDD|0.0
Q13131|Q9NX31_VRTATDDTK|0.0
Q13131|Q9NX31_ATDDTKPKT|0.0
Q13131|Q9NX31_STRKSSRGA|0.002
Q13131|Q9NX31_SQTDSPDGS|0.001
Q13131|Q9NX31_ESSTSLDAN|0.0
Q13131|Q9NX31_PRLPSESKK|0.0
Q13131|Q9NX31_VPQASLKAS|0.0
Q13131|Q9NX31_GYMEYYLYI|0.0
Q13131|Q9NX31_YMEYYLYIP|0.0
Q13131|Q9NPF4_GFEGSANKI|0.002
Q13131|Q9NPF4_ATSPTVLYV|0.321
Q13131|Q9NPF4_PTVLYVSGG|0.001
Q13131|Q9NPF4_VLYVSGGNT|0.004
Q13131|Q9NPF4_SGILSFIED|0.0
Q13131|Q9NPF4_RMLATGECT|0.573
Q13131|Q9NPF4_TGECTPEDL|0.001
Q13131|Q9NPF4_PLSDSGVTQ|0.271
Q13131|Q9H4B0_ILTKTAGVF|0.0
Q13131|Q9H4B0_HPECSTMSG|0.0
Q13131|Q9H4B0_EGIRYEPKC|0.0
Q13131|Q9UJX0_LRPDTDFGG|0.0
Q13131|Q9UJX0_MREQSILSP|0.072
Q13131|Q9Y236_ALGVTRCLA|0.011
Q13131|P13725_GFLQTLNAT|0.671
Q13131|P13725_TLNATLGCV|0.469
Q13131|P13725_KWGESPNRS|0.0
Q13131|P13725_SPNRSRRHS|0.186
Q13131|P13725_GVRRTRPSR|0.218
Q13131|P13725_RTRPSRKGK|0.0
Q13131|Q99650_RLPLTPVSL|0.006
Q13131|Q99650_VTICYVSRN|0.0
Q13131|Q99650_NVSCYLEGK|0.0
Q13131|Q99650_VNGEYFLSE|0.032
Q13131|Q99650_ECCKYKIDN|0.159
Q13131|Q99650_SSILSLIKF|0.156
Q13131|Q99650_IMNVSDCIP|0.582
Q13131|Q99650_PNYLYLLPT|0.467
Q13131|Q99650_FENLTYNQA|0.501
Q13131|Q99650_ENLTYNQAA|0.006
Q13131|Q99650_HVPVSPKAP|0.111
Q13131|Q99650_LEKNYMNSL|0.581
Q13131|Q99650_TSLNYVSQL|0.377
Q13131|Q99650_HCSEYKMQM|0.0
Q13131|Q99650_PGEHYC___|0.135
Q13131|O95747____MSEDSS|0.001
Q13131|O95747_TFVGTPCWM|0.494
Q13131|O95747_KYGKSFRKM|0.246
Q13131|O95747_RKMISLCLQ|0.562
Q13131|O95747_APTISERAK|0.112
Q13131|O95747_KAAISQLRS|0.031
Q13131|O95747_SISNSELFP|0.0
Q13131|O95747_GSQETKIPI|0.592
Q13131|O95747_KIPISLVLR|0.13
Q13131|O95747_RLRNSKKEL|0.208
Q13131|O95747_GVEGSDIPD|0.626
Q13131|Q8N2R0_MGDLSKLSP|0.0
Q13131|Q8N2R0_LSKLSPGLG|0.531
Q13131|Q8N2R0_PGLGSPISG|0.317
Q13131|Q86UW1_FLKITLTLV|0.0
Q13131|Q86UW1_KITLTLVGL|0.0
Q13131|Q86UW1_LGIISRQAR|0.368
Q13131|Q86UW2_KDHNSLNNL|0.518
Q13131|Q9NRP0_AMTVYALVV|0.01
Q13131|Q9NRP0_LVVVSYFLI|0.0
Q13131|Q9NRP0_VNGQYIMEG|0.076
Q13131|P10451_NPDPSQKQN|0.271
Q13131|P10451_LPSKSNESH|0.0
Q13131|P10451_DELVTDFPT|0.448
Q13131|P10451_TDFPTDLPA|0.03
Q13131|P10451_DLPATEVFT|0.457
Q13131|P10451_TEVFTPVVP|0.0
Q13131|P10451_PVVPTVDTY|0.604
Q13131|P10451_GRGDSVVYG|0.702
Q13131|P10451_DSVVYGLRS|0.744
Q13131|P10451_LNGAYKAIP|0.231
Q13131|P10451-5_LAPQTLPSK|0.064
Q13131|P10451-5_QTLPSKSNE|0.0
Q13131|Q8TDD2_KFGGSSPLR|0.0
Q13131|Q8TDD2_FGGSSPLRD|0.0
Q13131|Q8TDD2_LRDSTTLGK|0.622
Q13131|Q8TDD2_RDSTTLGKA|0.001
Q13131|Q8TDD2_KKPYSVGSD|0.046
Q13131|Q8TDD2_YSVGSDLSA|0.0
Q13131|Q8TDD2_AVGNSGQLE|0.0
Q13131|Q8TDD2_LRWHTGERP|0.749
Q13131|Q8TDD2_RFTRSDELE|0.05
Q13131|Q8TDD2_SKRFTRSDH|0.0
Q13131|Q8TDD2_RFTRSDHLS|0.484
Q13131|Q8TDD2_SDHLSKHQR|0.071
Q13131|Q8TDD2_GEGRSTGEE|0.002
Q13131|Q8TDD2_EGRSTGEEE|0.0
Q13131|Q92882_WKGTSKGRT|0.0
Q13131|Q92882_SKGRTGLIP|0.008
Q13131|Q92882_GLIPSNYVA|0.06
Q13131|Q92882_RGNLSWLRE|0.0
Q13131|Q92882_AACASLLKK|0.708
Q13131|P61366_WRLASAHFI|0.0
Q13131|P00480_EEIKYMLWL|0.0
Q13131|P00480_VYKQSDLDT|0.0
Q13131|P00480_TPKGYEPDA|0.0
Q13131|P00480_AFQGYQVTM|0.005
Q13131|P00480_DEVFYSPRS|0.551
Q13131|Q7RTW8_LPARYLASV|0.0
Q13131|Q7RTW8_LQAASKMAR|0.0
Q13131|Q9HC10_DSQETDGLL|0.0
Q13131|Q9HC10_LLPGSRPSS|0.556
Q13131|Q9HC10_GSRPSSRPP|0.0
Q13131|Q9HC10_RSVFSAMKL|0.0
Q13131|Q9HC10_DKKYTSMKE|0.0
Q13131|Q9HC10_SVIHSKNLL|0.877
Q13131|Q9HC10_TEKSYPERR|0.0
Q13131|Q9HC10_AFGRYTLVG|0.0
Q13131|Q9HC10_FGRYTLVGS|0.0
Q13131|Q9HC10_RRFIYRPPD|0.041
Q13131|Q9HC10_WWSKYFASI|0.0
Q13131|Q9HC10_KYFASIDTM|0.0
Q13131|Q9HC10_ASIDTMKEQ|0.0
Q13131|Q9HC10_QQEPSGIDL|0.0
Q13131|Q9HC10_EVDNTEGLK|0.0
Q13131|Q9HC10_GLKGSMKGK|0.019
Q13131|Q9HC10_DKENYISKQ|0.0
Q13131|Q9HC10_ENYISKQLN|0.002
Q13131|Q9HC10_IIWNTDEVV|0.007
Q13131|Q9HC10_DDFFTGEKS|0.0
Q13131|Q9HC10_TGEKSSDIF|0.004
Q13131|Q9HC10_GEKSSDIFV|0.0
Q13131|Q9HC10-2_YLICTRYKW|0.0
Q13131|Q9HC10-3_MRSLTPLIN|0.0
Q13131|Q6ZRI0_CQMVYNAGP|0.0
Q13131|Q6ZRI0_CEWRYDACA|0.0
Q13131|Q6ZRI0_DACASPCFQ|0.0
Q13131|Q6ZRI0_PCFQTCRDP|0.0
Q13131|Q6ZRI0_STPLTVAGT|0.0
Q13131|Q6ZRI0_GLAATPFMS|0.0
Q13131|Q6ZRI0_VPRKSTTGK|0.0
Q13131|Q6ZRI0_PRKSTTGKV|0.0
Q13131|Q6ZRI0_RKSTTGKVA|0.0
Q13131|Q6ZRI0_LLLPTKDPC|0.0
Q13131|Q6ZRI0_CKKVTIRMT|0.0
Q13131|Q3ZCN5_MIPWSIFLL|0.0
Q13131|Q3ZCN5_WDGISGIYL|0.0
Q13131|Q3ZCN5_ISGIYLKLS|0.0
Q13131|Q3ZCN5_PNPCSSGMP|0.0
Q13131|Q3ZCN5_NPCSSGMPA|0.0
Q13131|Q3ZCN5_ARACSHAGY|0.0
Q13131|Q3ZCN5_SHAGYPIQD|0.0
Q13131|Q3ZCN5_FPACTDKCD|0.0
Q13131|Q3ZCN5_KCDDSFVHR|0.0
Q13131|Q3ZCN5_MTSRSVFCL|0.0
Q13131|Q3ZCN5_YFMITPGLF|0.0
Q13131|Q3ZCN5_IPTCTNSQK|0.0
Q13131|Q3ZCN5_TCTNSQKLI|0.0
Q13131|A6NHN0_LKPSSGPPP|0.0
Q13131|A6NHN0_SKGDTCGNC|0.0
Q13131|A6NHN0_CCGDSGERG|0.0
Q13131|A6NHN0_DQGNYSPVT|0.0
Q13131|A6NHN0_IPGTYVFSY|0.0
Q13131|A6NHN0_YVFSYHITV|0.0
Q13131|Q7RTM1_EGLGSPASP|0.0
Q13131|Q7RTM1_GSPASPRAA|0.0
Q13131|Q7RTM1_SVAGSSGPA|0.0
Q13131|Q7RTM1_VLGLTVLAA|0.0
Q13131|Q7RTM1_VVVVYLIHI|0.0
Q13131|Q7RTM1_HIGRSKTKS|0.0
Q13131|Q7RTM1_KQEESSWGG|0.0
Q13131|Q7RTS6_RFLASTPGH|0.0
Q13131|Q7RTS6_EVQVSGDGS|0.0
Q13131|Q7RTS6_ALVIYYSFN|0.0
Q13131|Q7RTS6_AIVSTPRSQ|0.0
Q13131|Q7RTS6_STPRSQWRR|0.0
Q13131|Q7RTS5_FRVGYDVSH|0.0
Q13131|Q7RTS5_GYDVSHIRC|0.0
Q13131|Q7RTS5_PRRGSLLEL|0.001
Q13131|Q7RTS5_AYIHSYSHL|0.0
Q13131|Q9NRC9_QIYVYSKLV|0.0
Q13131|Q5XKR4_GVGGSDPGG|0.166
Q13131|Q5XKR4_ELERSFAKT|0.625
Q13131|Q5XKR4_RIGLTESRV|0.0
Q13131|Q5XKR4_GLTESRVQV|0.715
Q13131|Q96FW1_RLELSVLYK|0.309
Q13131|Q96FW1_DDNIYQQKI|0.0
Q13131|Q96FW1_LLDDSKELQ|0.009
Q13131|Q96FW1_DLLASFNDQ|0.0
Q13131|Q96FW1_YLVVYLRLL|0.001
Q13131|Q5VV17_PRRGSSAWL|0.0
Q13131|Q5VV17_NFRLSEHRQ|0.0
Q13131|Q5VV17_ATPGSPDPG|0.0
Q13131|Q5VV17_EAAPSSAAE|0.0
Q13131|Q5VV17_KLALYLAEV|0.0
Q13131|Q5VV17_YGDQSLHRE|0.03
Q13131|Q5T2D3_NRPESGGGG|0.119
Q13131|Q5T2D3_EEFVSFANQ|0.875
Q13131|Q5T2D3_LAKVTNKQR|0.937
Q13131|Q01804_KYKESSAMC|0.001
Q13131|Q01804_YKESSAMCQ|0.473
Q13131|Q01804_QSLLYELLY|0.518
Q13131|Q01804_MELDTLEVA|0.578
Q13131|Q01804_SEDDSCKSK|0.0
Q13131|Q01804_AGLQYEVGD|0.531
Q13131|Q01804_SDVDYRGPK|0.522
Q13131|Q01804_HSSGSQSQK|0.0
Q13131|Q01804_SGSQSQKFS|0.476
Q13131|Q01804_NLSRTPSQI|0.673
Q13131|Q01804_SRTPSQIIR|0.001
Q13131|Q01804_FDHTSRESN|0.004
Q13131|Q01804_TSRESNYFG|0.043
Q13131|Q01804_RESNYFGLS|0.672
Q13131|Q01804_QRKSSHVGD|0.478
Q13131|Q01804_DRKGSRRRM|0.912
Q13131|Q01804_RRMDTEERK|0.107
Q13131|Q01804_KDKDSIHGH|0.629
Q13131|Q01804_TDDKYATVS|0.027
Q13131|Q01804_YATVSSPSK|0.652
Q13131|Q01804_VSSPSKSKK|0.0
Q13131|Q01804_LECPSPAEQ|0.167
Q13131|Q01804_GVKAYSCPM|0.347
Q13131|Q01804_APHSYLYPL|0.402
Q13131|Q01804_LHADYEESL|0.25
Q13131|Q01804_KDCGSVSTV|0.725
Q13131|Q01804_CGSVSTVDE|0.007
Q13131|Q01804_GSVSTVDEF|0.0
Q13131|Q01804_EHVHSLPEA|0.715
Q13131|Q01804_PGANSVDSR|0.727
Q13131|Q01804_ENEVSNILR|0.737
Q13131|Q01804_FYNQTYGSR|0.279
Q13131|Q01804_YNQTYGSRK|0.514
Q13131|Q01804_SDWGYSGRG|0.25
Q13131|Q01804_DWGYSGRGG|0.332
Q13131|Q01804_RDEGYQYHR|0.467
Q13131|Q01804_EGYQYHRNV|0.562
Q13131|Q96G74_PRKASATCS|0.0
Q13131|Q96G74_SATCSSATA|0.0
Q13131|Q96G74_TAAASSGLE|0.0
Q13131|Q96G74_EEWTSRSPR|0.0
Q13131|Q96G74_PRQRSSASS|0.0
Q13131|Q96G74_RQRSSASSP|0.0
Q13131|Q96G74_RSSASSPEH|0.0
Q13131|Q96G74_SSASSPEHP|0.0
Q13131|Q96G74_AKPPSPCAP|0.0
Q13131|Q96G74_LVSLYPALE|0.0
Q13131|Q96G74_IQQMSPSAF|0.0
Q13131|Q7L8S5_FQDDSSIES|0.0
Q13131|Q7L8S5_NIVRTTAWG|0.0
Q13131|Q7L8S5_IVRTTAWGG|0.032
Q13131|Q7L8S5_IQADSPTLI|0.0
Q13131|Q7L8S5_IGEEYVKKP|0.0
Q13131|Q8N6M0_IENLTGARH|0.229
Q13131|Q8N6M0_LRSQTAEYM|0.238
Q13131|Q8N6M0_EYMQSHVED|0.813
Q13131|Q8N6M0_MRHAYGLGE|0.658
Q13131|Q8TE49_SRGISHASS|0.903
Q13131|Q8TE49_HLILSLEAK|0.0
Q13131|Q8TE49_YMNVTWIRI|0.0
Q13131|Q8TE49_SKEESGASA|0.0
Q13131|Q8TE49_ESGASASTS|0.0
Q13131|Q8TE49_GASASTSPS|0.0
Q13131|Q8TE49_SEKTTPSPT|0.0
Q13131|Q8TE49_PERASPGPP|0.0
Q13131|Q8TE49_AAGGTASPG|0.0
Q13131|Q8TE49_GGTASPGGG|0.0
Q13131|Q8TE49_ARRASASGP|0.0
Q13131|Q8TE49_RTVNTVESL|0.0
Q13131|Q9NUU6__MAATRSPT|0.112
Q13131|Q9NUU6_TRSPTRARE|0.002
Q13131|Q9NUU6_GIRDYHKRG|0.093
Q13131|Q9NUU6_HKRGSMCNT|0.559
Q13131|Q9NUU6_SMCNTLFSD|0.0
Q13131|Q9NUU6_NTLFSDAIL|0.0
Q13131|Q9NUU6_AILEYKLYE|0.001
Q13131|Q9NUU6_FIMLYQVTE|0.0
Q13131|Q9NUU6_VTEVYEQMK|0.458
Q13131|P32242_GYPATPRKQ|0.428
Q13131|P32242_LNFNSPDCL|0.625
Q13131|P32243_GLSLTTSGM|0.0
Q13131|P32243_LLHPSVGYP|0.435
Q13131|P32243_PSVGYPATP|0.0
Q13131|Q8WZ82_GFRQSERGF|0.004
Q13131|Q8WZ82_ILLVSGFCP|0.0
Q13131|Q7RTY7_TSGEYSLFQ|0.0
Q13131|Q7RTY7_KISKTSEYS|0.0
Q13131|Q7RTY7_GFFPTPRYL|0.0
Q13131|Q7RTY7_PTPRYLLDY|0.0
Q13131|Q7RTZ1_EKGSYPWQV|0.0
Q13131|Q7RTZ1_PWQVSLKQR|0.0
Q13131|Q7RTZ1_ISGKTFLCT|0.0
Q13131|Q7RTZ1_TFLCTGFPD|0.0
Q13131|Q12889_KFIASVISL|0.0
Q13131|Q12889_RLLLSAAVS|0.038
Q13131|Q12889_LGAPSEKLI|0.0
Q13131|Q12889_VNSSSTDPE|0.0
Q13131|Q12889_NSSSTDPER|0.0
Q13131|Q12889_TTAWTTDSK|0.0
Q13131|O14753_GFLRTKMKV|0.799
Q13131|O14753_KMKVTLGDS|0.54
Q13131|O14753_GDSPSGDLF|0.0
Q13131|O14753_GDLFTCRVC|0.0
Q13131|O14753_HHPDSPLLR|0.376
Q13131|Q9BRP0_VKRRSLGVS|0.293
Q13131|Q9BRP0_RADTYIPVG|0.0
Q13131|Q9BRP0_GSGSSSAGE|0.0
Q13131|Q9BRP0_SGSSSAGEP|0.0
Q13131|Q9BRP0_VQQQYAYKQ|0.0
Q13131|Q9BRP0_QQYAYKQRR|0.0
Q13131|Q9BRP0_HQENTSLSE|0.502
Q13131|Q9BRP0_QENTSLSEE|0.113
Q13131|O00110_LKCHSPVRR|0.457
Q13131|Q6IE37_EGLFSKDQN|0.0
Q13131|Q6IE37_SEGSSEIFQ|0.0
Q13131|Q6IE37_IRNKSSMVV|0.0
Q13131|Q6IE37_RNKSSMVVI|0.0
Q13131|Q15070_PAVRTVLKI|0.055
Q13131|P55809_VKGLTAVSN|0.003
Q13131|P55809_RMVSSYVGE|0.007
Q13131|P55809_MVSSYVGEN|0.877
Q13131|P55809_FERQYLSGE|0.923
Q13131|P55809_PAFYTPTGY|0.0
Q13131|P55809_TGYGTLVQE|0.228
Q13131|P55809_SPIKYNKDG|0.262
Q13131|P55809_GEAKSAKPG|0.219
Q13131|P55809_ASFFSSDES|0.817
Q13131|P55809_MDLVSSAKT|0.22
Q13131|P55809_DLVSSAKTK|0.294
Q13131|P55809_SSAKTKVVV|0.0
Q13131|P55809_DFAVSPKLM|0.868
Q13131|Q9BYC2_LQVVSSNVG|0.0
Q13131|Q9BYC2_QVVSSNVGV|0.0
Q13131|Q9BYC2_QVSKYGDLA|0.021
Q13131|Q8TDS5_DESSYQPSR|0.0
Q13131|Q8TDS5_RQWRYREAS|0.0
Q13131|Q96P68_RCKVSGNLE|0.0
Q13131|Q96HP4_IEAASLRLT|0.016
Q13131|Q96HP4_LRHLTLTSI|0.223
Q13131|Q96HP4_LTLTSIMKS|0.033
Q13131|Q96HP4_SIMKSKRKT|0.694
Q13131|Q96HP4_SKRKTDHME|0.004
Q13131|Q96HP4_ERTASVLRR|0.922
Q13131|Q8N573_LKKKSQSVD|0.0
Q13131|Q8N573_KKSQSVDIN|0.988
Q13131|Q8N573_KRFYTIDTG|0.783
Q13131|Q8N573_ESRDSLNSI|0.559
Q13131|Q8N573_FDKTTNPDV|0.008
Q13131|Q8N573_PTEATPSST|0.132
Q13131|Q8N573_TPSSTFTGI|0.0
Q13131|Q8N573_SSTFTGIRP|0.0
Q13131|Q8N573_VVSSTSEEE|0.117
Q13131|Q8N573_EEAFTEKFL|0.485
Q13131|Q8N573_KMTGSNTEE|0.71
Q13131|Q8N573_AGNDSASTA|0.652
Q13131|Q8N573_STEESLSED|0.0
Q13131|Q8N573_EELVSSDEL|0.568
Q13131|Q8N573_ELVSSDELR|0.688
Q13131|Q8N573_AEVESLTVK|0.685
Q13131|Q8N573_VKSESTGTP|0.811
Q13131|Q8N573_KSESTGTPG|0.482
Q13131|Q8N573_ESTGTPGHL|0.056
Q13131|Q8N573_SDQDSFLHE|0.491
Q13131|Q8N573_LHENSLHQE|0.643
Q13131|Q8N573_KQKQSVNKG|0.0
Q13131|Q8N573_QNQDSQTEA|0.481
Q13131|Q8N573_IQQVSQKEA|0.64
Q13131|Q8N573_HIESSALLK|0.492
Q13131|Q8N573_VSQASATMQ|0.105
Q13131|Q8N573_DTGEYTREP|0.0
Q13131|Q8N573_DALNTEELR|0.686
Q13131|Q8N573-5____MSVSNL|0.0
Q13131|Q9NWU1_ARALSTNSD|0.0
Q13131|Q9NWU1_RALSTNSDP|0.0
Q13131|Q9NWU1_LSTNSDPKL|0.552
Q13131|P30559_LRLKTAAAA|0.0
Q13131|P30559_ASKKSNSSS|0.266
Q13131|P21128-2_KYIATAYIV|0.0
Q13131|P21128-2_IATAYIVSS|0.0
Q13131|P56945_NVAESPDEL|0.239
Q13131|P56945_LVGMYDKKP|0.067
Q13131|P56945_PQPDSVYLV|0.001
Q13131|P56945_QVPPSAGMG|0.0
Q13131|P56945_MDTRSWEGT|0.0
Q13131|P56945_GLLPSQYGQ|0.0
Q13131|P56945_GLPPSNHHA|0.065
Q13131|P56945_DVPPSVSKD|0.0
Q13131|P56945_PPSVSKDVP|0.0
Q13131|P56945_LREETYDVP|0.71
Q13131|P56945_PPPDSPPAE|0.001
Q13131|P56945_PGPGTLYDV|0.418
Q13131|P56945_GVVDSGVYA|0.624
Q13131|P56945_RLSASSTGS|0.576
Q13131|P56945_LSASSTGST|0.55
Q13131|P56945_SASSTGSTR|0.605
Q13131|P56945_SSTGSTRSS|0.0
Q13131|P56945_STGSTRSSQ|0.013
Q13131|P56945_STRSSQSAS|0.356
Q13131|P56945_RSSQSASSL|0.824
Q13131|P56945_HGNASLLFR|0.135
Q13131|P56945_TSQDSPDGQ|0.038
Q13131|P56945_RQGKSQLEL|0.681
Q13131|P56945_QVTHYSNLL|0.322
Q13131|P56945-7_APRPTPKDP|0.0
Q13131|P56945-8____MSVPNV|0.0
Q13131|P56945-8_NVAESPDEL|0.0
Q13131|Q8N726_IPRLTGEWA|0.144
Q13131|Q96P16____MSAFSE|0.882
Q13131|Q96P16_MSAFSEAAL|0.0
Q13131|Q96P16_LSELSNSQQ|0.66
Q13131|Q96P16_VQTLSLWLI|0.0
Q13131|Q96P16_HRKHSRPIV|0.714
Q13131|Q96P16_GRVLSIWEE|0.869
Q13131|Q96P16_PRKRTYEQI|0.549
Q13131|Q96P16_NENCSSLGS|0.761
Q13131|Q96P16_LGSPSEPPQ|0.644
Q13131|Q96P16_QRIASLPVE|0.463
Q13131|Q96P16_VQEVSLLDK|0.103
Q13131|Q96P16_LDKITDKES|0.662
Q13131|Q96P16_AGDIYSED_|0.368
Q13131|P42771_APNSYGRRP|0.41
Q13131|P42771-3_GELESGSAS|0.0
Q13131|P42771-3_LESGSASIL|0.0
Q13131|Q8N9Q2_CNKDSVRAG|0.478
Q13131|Q8N9Q2_YSSSSTEED|0.0
Q13131|Q8N9Q2_SSSSTEEDT|0.445
Q13131|Q8N9Q2_SSEFSRK__|0.0
Q13131|P38936_SEQLSRDCD|0.823
Q13131|P38936_FDFVTETPL|0.975
Q13131|P38936_LVPRSGEQA|0.839
Q13131|P38936_GPGDSQGRK|0.598
Q13131|P38936_MTDFYHSKR|0.771
Q13131|P46527_NGSPSLERM|0.672
Q13131|P46527_EENVSDGSP|0.394
Q13131|P46527_PNAGSVEQT|0.217
Q13131|P47900_VPNGTDAAF|0.0
Q13131|P47900_YLRSYFIYS|0.152
Q13131|P47900_ILGCYGLIV|0.0
Q13131|P47900_SEDMTLNIL|0.495
Q13131|Q96G91_RFLFTCNLL|0.0
Q13131|Q96G91_AVLRSPGMT|0.02
Q13131|Q9BPV8_YLKNTLVAD|0.041
Q13131|Q9BPV8_QENHSSQTD|0.0
Q13131|Q15391_YSCQSKEIL|0.0
Q13131|Q15391_DLDISRIKR|0.476
Q13131|Q15391_ESTDTL___|0.484
Q13131|P51582_GSAQSSSRL|0.0
Q13131|P51582_DSSCSTPRA|0.0
Q13131|P43657_PVTLSRSKI|0.045
Q13131|Q86VZ1_QVPNSTGPD|0.0
Q13131|Q86VZ1_LGVLYPLSS|0.0
Q13131|Q86VZ1_LYPLSSKRW|0.035
Q13131|Q86VZ1_RRRRYAVAA|0.531
Q13131|Q86VZ1_AHIVSRLFY|0.0
Q13131|Q86VZ1_GKSYYHVYK|0.032
Q13131|Q86VZ1_DTLDTRRES|0.0
Q13131|Q86VZ1_TRRESLFSA|0.6
Q13131|Q86VZ1_ESLFSARTT|0.0
Q13131|Q86VZ1_SARTTSVRS|0.0
Q13131|Q86VZ1_ARTTSVRSE|0.0
Q13131|Q86VZ1_TSVRSEAGA|0.694
Q13131|Q86VZ1_QRQESVF__|0.0
Q13131|P51575_CKEDSGCTP|0.0
Q13131|P51575_CRPIYEFHG|0.0
Q13131|P51575_EKNLSPGFN|0.0
Q13131|Q9UBL9_RTDGYLKRC|0.0
Q13131|Q9UBL9_FAKYYKING|0.0
Q13131|Q9UBL9_KINGTTTRT|0.0
Q13131|P56373_GGILTGRCV|0.482
Q13131|P56373_FIKNSIRFP|0.336
Q13131|P56373_LPNLTARDM|0.819
Q13131|P56373_LDSVSEKSS|0.726
Q13131|Q99571_TVCKSDASC|0.2
Q13131|Q99571_AGTHSNGVS|0.006
Q13131|Q99571_NGVSTGRCV|0.653
Q13131|Q99571_EHNVSPGYN|0.391
Q13131|Q99571_VSPGYNFRF|0.0
Q13131|Q99571_RFAKYYRDL|0.123
Q13131|Q99571_FAKYYRDLA|0.78
Q13131|Q99571_QGLASELDQ|0.002
Q13131|Q93086_QDVDTSLQS|0.0
Q13131|Q93086_DVDTSLQSA|0.0
Q13131|Q93086_KRGSSSQKG|0.0
Q13131|Q93086_RGSSSQKGN|0.0
Q13131|Q93086_KGNGSVCPQ|0.0
Q13131|O15547_AGAGSMGSP|0.0
Q13131|Q99572_DVFQYETNK|0.0
Q13131|Q99572_ALHDTPPIP|0.001
Q13131|Q99572_SEGQYSGFK|0.0
Q13131|Q9H244_AKLGTGPLR|0.0
Q13131|Q9H244_SVIFYFTMY|0.0
Q13131|Q9H244_IFYFTMYIS|0.0
Q13131|Q9H244_PYTLSQTRD|0.0
Q13131|Q9H244_TLSQTRDVF|0.0
Q13131|Q9H244_KCPNSATSL|0.0
Q13131|P41231_ASTTYMFHL|0.001
Q13131|P41231_AKRKSVRTI|0.008
Q13131|P41231_AKPPTGPSP|0.0
Q13131|P41231_PTGPSPATP|0.0
Q13131|P41231_PSPATPARR|0.412
Q13131|P41231_RSDRTDMQR|0.115
Q13131|P41231_VLGSSEDSR|0.0
Q13131|P41231_TPAGSENTK|0.0
Q13131|Q15077_TQICTSRRA|0.0
Q13131|Q15077_QICTSRRAL|0.0
Q13131|Q09472_RPKLSSPAL|0.542
Q13131|Q09472_QPGQSPQGM|0.207
Q13131|Q09472_NLVAYARKV|0.764
Q13131|Q09472_EGDMYESAN|0.439
Q13131|Q09472_NRAEYYHLL|0.412
Q13131|Q09472_RAEYYHLLA|0.347
Q13131|Q09472_LHQNSPSPV|0.736
Q13131|Q09472_QNSPSPVPS|0.571
Q13131|Q09472_VPSRTPTPH|0.447
Q13131|Q09472_SRTPTPHHT|0.826
Q13131|Q09472_TPHHTPPSI|0.632
Q13131|Q09472_TPPTTQLPQ|0.111
Q13131|Q09472_APGQSKKKI|0.387
Q13131|Q09472_GIPDYFDIV|0.668
Q13131|Q09472_YNRKTSRVY|0.651
Q13131|Q09472_KRLPSTRLG|0.58
Q13131|Q09472_RLPSTRLGT|0.666
Q13131|Q09472_ESFPYRTKA|0.002
Q13131|Q09472_EGDDYIFHC|0.001
Q13131|Q09472_REENTSNES|0.406
Q13131|Q09472_EENTSNEST|0.124
Q13131|Q09472_MPNVSNDLS|0.484
Q13131|Q09472_SNDLSQKLY|0.481
Q13131|Q09472_DAFLTLARD|0.77
Q13131|Q09472_NANCSLPSC|0.5
Q13131|Q09472_AGPVSQGKA|0.394
Q13131|Q09472_AGQVTPPTP|0.717
Q13131|Q09472_VTPPTPPQT|0.43
Q13131|Q09472_QGVGYPPQQ|0.423
Q13131|Q09472_NQVRSPQPV|0.62
Q13131|Q09472_PRPQSQPPH|0.855
Q13131|Q09472_QPPHSSPSP|0.751
Q13131|Q09472_PPHSSPSPR|0.501
Q13131|Q09472_HSSPSPRMQ|0.421
Q13131|Q16612-2_GVWNYSALS|0.0
Q13131|Q16539_QERPTFYRQ|0.116
Q13131|Q16539_YQNLSPVGS|0.282
Q13131|Q16539_SPVGSGAYG|0.001
Q13131|Q16539_VKKLSRPFQ|0.001
Q13131|Q16539_RPFQSIIHA|0.017
Q13131|Q16539_KYIHSADII|0.079
Q13131|Q16539_GYVATRWYR|0.611
Q13131|Q16539_RLVGTPGAE|0.0
Q13131|Q16539-2_NRMPSHEAR|0.0
Q13131|Q15759_KYIHSAGII|0.907
Q13131|Q15759_GYVATRWYR|0.622
Q13131|Q15759_KDLSSIFRG|0.934
Q13131|Q15759_KPPGSLEIE|0.383
Q13131|O15264_KKGFYKQDV|0.458
Q13131|O15264_KTYVSPTHV|0.066
Q13131|O15264_KYIHSAGVV|0.633
Q13131|O15264_GYVVTRWYR|0.782
Q13131|O15264_SYIQSLPQT|0.146
Q13131|O15264_SLPQTPRKD|0.571
Q13131|O15264_ARKDSRRRS|0.675
Q13131|O15264_SRRRSGMKL|0.697
Q13131|P53778_RQADSEMTG|0.972
Q13131|P53778_GARVSKETP|0.478
Q13131|Q96L91_NPPPSPAAP|0.0
Q13131|Q96L91_SAPQSPSYQ|0.0
Q13131|Q96L91_FEHGSPSYI|0.013
Q13131|Q96L91_HGSPSYIQV|0.0
Q13131|Q96L91_GSPSYIQVT|0.0
Q13131|Q96L91_IQVTSPLSQ|0.0
Q13131|Q96L91_TSPLSQQVQ|0.0
Q13131|Q96L91_QQVQTQSPT|0.0
Q13131|Q96L91_VQTQSPTQP|0.0
Q13131|Q96L91_TQSPTQPSP|0.0
Q13131|Q96L91_PTQPSPGPG|0.153
Q13131|Q96L91_GLCSSSPTG|0.0
Q13131|Q96L91_LCSSSPTGG|0.0
Q13131|Q96L91_VRQISLSPS|0.497
Q13131|Q96L91_QISLSPSSG|0.005
Q13131|Q96L91_SLSPSSGGH|0.0
Q13131|Q96L91_LSPSSGGHF|0.431
Q13131|Q96L91_QHPGTPITV|0.0
Q13131|Q96L91_GTPITVRER|0.0
Q13131|Q96L91_ERRPSQPHT|0.0
Q13131|Q96L91_QSGGTIHHL|0.0
Q13131|Q96L91_PTSPSRTAV|0.583
Q13131|Q96L91_IPPASPEMA|0.0
Q13131|Q96L91_VFKEYLIEL|0.0
Q13131|Q96L91_GPGPSPARS|0.0
Q13131|Q96L91_SPARSSPVN|0.01
Q13131|Q96L91_PARSSPVNR|0.0
Q13131|Q96L91_VNRPSSATN|0.0
Q13131|Q96L91_PSSATNKAL|0.0
Q13131|Q96L91_LSPVTSRTP|0.473
Q13131|Q96L91_KEEQSRLRR|0.025
Q13131|Q96L91_LQESSLDSG|0.0
Q13131|Q96L91_DSGMSGRKR|0.031
Q13131|Q96L91_DEEETIEEE|0.0
Q13131|Q96L91_QTELSNLAK|0.002
Q13131|Q96L91_DGEDTSGEE|0.0
Q13131|Q96L91_GEDTSGEED|0.0
Q13131|Q96L91_AEPNSFHVC|0.0
Q13131|Q96L91_LTAFTRVRW|0.0
Q13131|Q96L91_RPYLSSPLR|0.0
Q13131|Q96L91_PYLSSPLRA|0.0
Q13131|Q96L91_AELLSKKKI|0.0
Q13131|Q96L91_VAFPSTHPP|0.0
Q13131|Q96L91_AFPSTHPPR|0.0
Q13131|Q96L91_RAQTTAQAS|0.0
Q13131|Q96L91_AQASTPGQP|0.0
Q13131|Q96L91_AQPETPVTL|0.0
Q13131|Q96L91_KFTLSHSQL|0.0
Q13131|Q96L91_AGGPSPAPL|0.0
Q13131|Q96L91_GEPGTASKP|0.0
Q13131|Q96L91_ERRCSQAPV|0.0
Q13131|Q96L91_QKLKSEGRR|0.191
Q13131|Q96L91_FVVLSQEPS|0.0
Q13131|Q96L91_LPPVYVRKE|0.001
Q13131|Q96L91_KRHKTDPSA|0.0
Q13131|Q96L91_KTDPSAAGR|0.0
Q13131|Q96L91_FDRATPGLL|0.0
Q13131|Q96L91_KPLPTFAKP|0.0
Q13131|Q96L91_LMKMTAGKR|0.545
Q13131|Q96L91_AGKRSPPIK|0.241
Q13131|Q96L91_TTGGSAAVL|0.0
Q13131|Q96L91_VLAGTIKTS|0.0
Q13131|Q96L91_KRLASPVAP|0.0
Q13131|Q96L91_GALTTPGGS|0.0
Q13131|Q96L91_PATATPDLV|0.0
Q13131|Q96L91_PDLVSMATT|0.001
Q13131|Q96L91_VPQVSQATG|0.0
Q13131|Q96L91_GKTITPAHF|0.0
Q13131|Q96L91_QQKITAQQI|0.0
Q13131|Q96L91_QQITTPGAQ|0.018
Q13131|Q96L91_QKVAYAAQP|0.0
Q13131|Q96L91_VRLKTPTKP|0.0
Q13131|Q15080_LRAESDFEQ|0.165
Q13131|Q15080_DVAISANIA|0.625
Q13131|Q15080_IEVKTKGGS|0.0
Q13131|Q15080_TKGGSKYLI|0.278
Q13131|Q15080_GGSKYLIYR|0.012
Q13131|Q15080_VKSVSPQGN|0.259
Q13131|Q15080_PQGNSVDRM|0.614
Q13131|Q15080_WLRCYYYED|0.0
Q13131|Q15080_RCYYYEDTI|0.245
Q13131|Q15080_VRLLSDEDV|0.111
Q13131|P14598_EKVVYRRFT|0.583
Q13131|P14598_YRRFTEIYE|0.017
Q13131|P14598_FTEIYEFHK|0.0
Q13131|P14598_KPETYLMPK|0.0
Q13131|P14598_FPSMYLQKS|0.157
Q13131|P14598_RCSESTKRK|0.0
Q13131|P14598_CSESTKRKL|0.003
Q13131|P13674_KDLVTSLKD|0.0
Q13131|P13674_DLVTSLKDY|0.535
Q13131|P13674_SLKDYIKAE|0.259
Q13131|P13674_VAVDYLPER|0.0
Q13131|P13674_HDIISDAEI|0.008
Q13131|P13674_RATISNPIT|0.426
Q13131|P13674_SAWLSGYEN|0.0
Q13131|P13674-2_TTAQYRVSK|0.0
Q13131|O15460_IGHMTDLIY|0.718
Q13131|O15460_TDLIYAEKE|0.0
Q13131|O15460_ELVQSLKEY|0.488
Q13131|O15460_DAEGYLAHP|0.0
Q13131|O15460_YDVMSDEEI|0.0
Q13131|O15460_QVANYGVGG|0.0
Q13131|O15460_DERDTFKHL|0.005
Q13131|O15460_KHLGTGNRV|0.842
Q13131|O15460_PKKGTAVFW|0.0
Q13131|O15460_AVFWYNLLR|0.639
Q13131|Q7Z4N8_LQDVYMLNV|0.506
Q13131|P04637_RCSDSDGLA|0.891
Q13131|P04637_LPNNTSSSP|0.781
Q13131|P04637_RAHSSHLKS|0.665
Q13131|Q9HCN2_SAQASCSGA|0.0
Q13131|Q9HCN2_QASCSGARR|0.0
Q13131|Q9HCN2_LPGATVLRD|0.0
Q13131|P49918_HEELSRELQ|0.0
Q13131|P49918_APCPSPSAA|0.027
Q13131|P49918_CPSPSAAPG|0.142
Q13131|P49918_PGVGSVEQT|0.0
Q13131|Q9H3D4_ATLQYCPDP|0.0
Q13131|Q9H3D4_CPDPYIQRF|0.0
Q13131|Q9H3D4_KESYYRSTM|0.239
Q13131|Q9H3D4_AMPVYKKAE|0.008
Q13131|Q9H3D4_ADEDSIRKQ|0.0
Q13131|Q9H3D4_LQKQTSIQS|0.0
Q13131|Q9H3D4_SYGNSSPPL|0.0
Q13131|Q9H3D4_YGNSSPPLN|0.0
Q13131|Q9H3D4-2_LQKQTSIQS|0.0
Q13131|Q9H3D4-2_QKQTSIQSP|0.003
Q13131|Q9H3D4-2_SYGNSSPPL|0.0
Q13131|P19878____MSLVEA|0.0
Q13131|P19878_CEVLYNIAF|0.0
Q13131|P19878_EPRHSKIDK|0.512
Q13131|P19878_VDQDSFSGF|0.0
Q13131|P19878_QDSFSGFAP|0.0
Q13131|P19878_QEESSPQSD|0.0
Q13131|P19878_SSPQSDIPA|0.0
Q13131|P19878_RPQLSPGQK|0.019
Q13131|P19878_LVPLSEDSM|0.0
Q13131|P23443_EDAGSEDEL|0.0
Q13131|P23443_LCKESIHDG|0.816
Q13131|P23443_IHDGTVTHT|0.0
Q13131|P23443_DGTVTHTFC|0.0
Q13131|P23443_TFCGTIEYM|0.0
Q13131|P23443_VDWWSLGAL|0.0
Q13131|P23443_PDDSTLSES|0.0
Q13131|P23443_LGFTYVAPS|0.0
Q13131|P23443_YVAPSVLES|0.0
Q13131|P23443_SVLESVKEK|0.0
Q13131|P23443_GRGASASTA|0.0
Q13131|P23443-2_TPVDSPDDS|0.0
Q13131|P23443-2_RFIGSPRTP|0.0
Q13131|P23443-2_GSPRTPVSP|0.0
Q13131|Q9UBS0_EPELSPADA|0.0
Q13131|Q9UBS0_LGKIYAMKV|0.001
Q13131|Q9UBS0_VELAYAFQT|0.09
Q13131|Q9UBS0_LCKESIHEG|0.0
Q13131|Q9UBS0_EGAVTHTFC|0.0
Q13131|Q9UBS0_VDWWSLGAL|0.0
Q13131|Q9UBS0_MLTGSPPFT|0.0
Q13131|Q9UBS0_SPPFTAENR|0.0
Q13131|Q9UBS0_PKLRSPRRL|0.203
Q13131|Q9UBS0_RRLNSSPRA|0.624
Q13131|O15350_QIKVSTPPP|0.428
Q13131|O15350_IKVSTPPPP|0.657
Q13131|O15350_PPPGTAIRA|0.439
Q13131|O15350_AFKQSPPAV|0.577
Q13131|O15350_SNAATISIG|0.377
Q13131|O15350-2_THSPYAQPS|0.0
Q13131|O15350-8_RHLATAQFN|0.0
Q13131|Q15418_LGQGSFGKV|0.998
Q13131|Q15418_SGHLYAMKV|0.801
Q13131|Q15418_EGKLYLILD|0.324
Q13131|Q15418_DFGLSKEAI|0.167
Q13131|Q15418_SFVATGLME|0.82
Q13131|Q15418_APLHSVVQQ|0.632
Q13131|Q15418_ILLRYGQHP|0.461
Q13131|Q15418_PNIITLKDV|0.409
Q13131|Q15418_GKHVYLVTE|0.589
Q13131|Q15418_VYLVTELMR|0.524
Q13131|Q15418_EREASFVLH|0.934
Q13131|Q15418_TIGKTVEYL|0.488
Q13131|Q15418_KFTLSGGNW|0.64
Q13131|Q15418_KLPQSQLSH|0.89
Q13131|Q15418_QSQLSHQDL|0.98
Q13131|Q15418_AMAATYSAL|0.738
Q13131|Q15418_MAATYSALN|0.46
Q13131|Q15418_AATYSALNS|0.383
Q13131|Q15418_LPSTTL___|0.439
Q13131|Q15418-2_RPRISQTSL|0.015
Q13131|Q15418-2_RISQTSLPV|0.421
Q13131|Q15418-2_ISQTSLPVP|0.01
Q13131|Q9BTK6_GPSASAGKA|0.905
Q13131|Q9BTK6_DEPVTPKDS|0.442
Q13131|Q9BTK6_DKVLSDMKR|0.668
Q13131|Q9BTK6_FSLDSEDPS|0.954
Q13131|Q9BTK6_SEDPSPASP|0.652
Q13131|Q9BTK6_PLRSSGSSL|0.454
Q13131|Q9BRP4_IHTKSITCL|0.419
Q13131|Q9BRP4_GILDTAIVD|0.047
Q13131|Q9BRP4_RNVVSASRD|0.303
Q13131|Q9BRP4_VVSASRDGT|0.162
Q13131|Q9BRP4_SRDGTARLW|0.108
Q13131|Q9BRP4_DCGRSACLG|0.326
Q13131|Q7Z309_EPDTSYGGT|0.0
Q13131|Q7Z309_TLRRSSSAP|0.0
Q13131|Q7Z309_LRRSSSAPL|0.0
Q13131|Q7Z309_LSDLSQVFQ|0.0
Q13131|Q7Z309_FQPYTLRTR|0.0
Q13131|Q7Z309_YTLRTRRNS|0.004
Q13131|Q7Z309_RRNSTTIMS|0.666
Q13131|Q7Z309_RNSTTIMSR|0.0
Q13131|Q7Z309_TTIMSRHSL|0.0
Q13131|Q7Z309_SLSLSDSDF|0.0
Q13131|Q7Z309_EKLYSPKRI|0.0
Q13131|Q7Z309_KMFVSSSGL|0.602
Q13131|Q7Z309_MFVSSSGLP|0.532
Q13131|Q7Z309_FVSSSGLPP|0.0
Q13131|Q7Z309_PRRFSRRSQ|0.0
Q13131|Q7Z309_FSRRSQSPV|0.0
Q13131|Q7Z309_RRSQSPVKC|0.0
Q13131|Q7Z309_GEMETESQP|0.0
Q13131|Q7Z309_METESQPKR|0.462
Q13131|Q7Z309_TNMLSPDAA|0.0
Q13131|Q7Z309_ATAESPVAC|0.0
Q13131|Q7Z309_NSCSSFILM|0.0
Q13131|Q7Z309_MDDLSPK__|0.0
Q13131|Q7Z309-3_TLRRSSSAP|0.0
Q13131|Q7Z309-3_LRRSSSAPL|0.0
Q13131|Q7Z309-3_RRSSSAPLI|0.0
Q13131|Q7Z309-3_TRRNSTTIM|0.008
Q13131|Q7Z309-3_RRNSTTIMS|0.0
Q13131|Q7Z309-3_RNSTTIMSR|0.0
Q13131|Q7Z309-3_MSRHSLLLS|0.0
Q13131|Q7Z309-3_SLLLSSSPN|0.0
Q13131|Q7Z309-3_LLLSSSPNR|0.0
Q13131|Q7Z309-3_LLSSSPNRI|0.054
Q13131|Q7Z309-3_FTPVSPAPS|0.0
Q13131|Q7Z309-3_SPAPSPTRG|0.0
Q13131|Q7Z309-3_GLPPSPVPS|0.0
Q13131|Q7Z309-3_SPVPSPRRF|0.0
Q13131|P11940_YEKFSPAGP|0.442
Q13131|P11940_LGYAYVNFQ|0.432
Q13131|P11940_RALDTMNFD|0.57
Q13131|P11940_QRDPSLRKS|0.903
Q13131|P11940_NKALYDTFS|0.773
Q13131|P11940_YDTFSAFGN|0.305
Q13131|P11940_GNILSCKVV|0.6
Q13131|P11940_AKEFTNVYI|0.469
Q13131|P11940_FTNVYIKNF|0.0
Q13131|P11940_GPALSVKVM|0.432
Q13131|P11940_VKVMTDESG|0.571
Q13131|P11940_ESGKSKGFG|0.73
Q13131|P11940_FGFVSFERH|0.921
Q13131|P11940_GKQIYVGRA|0.382
Q13131|P11940_RITRYQGVN|0.001
Q13131|P11940_GVNLYVKNL|0.337
Q13131|P11940_GTITSAKVM|0.426
Q13131|P11940_FVCFSSPEE|0.906
Q13131|P11940_RIVATKPLY|0.795
Q13131|P11940_LTNQYMQRM|0.963
Q13131|P11940_VINPYQPAP|0.055
Q13131|P11940_NRAAYYPPS|0.411
Q13131|P11940_QLRPSPRWT|0.446
Q13131|P11940_PRVMSTQRV|0.587
Q13131|P11940_AAAATPAVR|0.0
Q13131|P11940_TVPQYKYAA|0.509
Q13131|P11940_PQYKYAAGV|0.069
Q13131|P11940_KAVNSATGV|0.986
Q13131|P11940_TGVPTV___|0.738
Q13131|Q9H361_YEKFSPAGP|0.017
Q13131|Q9H361_SNYAYVNFQ|0.3
Q13131|Q9H361_HALDTMNFD|0.119
Q13131|Q9H361_QRDPSLRKS|0.736
Q13131|Q9H361_FPNVYIKNF|0.001
Q13131|Q9H361_GPALSVKVM|0.0
Q13131|Q9H361_VKVMTDESG|0.356
Q13131|Q9H361_ESGKSKGFG|0.066
Q13131|Q9H361_FGFVSFERH|0.719
Q13131|Q9H361_GKQIYVGRA|0.0
Q13131|Q9H361_RKAFSPFGT|0.0
Q13131|Q9H361_FVCFSSPEE|0.694
Q13131|Q9H361_VCFSSPEEA|0.618
Q13131|Q9H361_RIVATKPLY|0.572
Q13131|Q9H361_TKPLYVALA|0.517
Q13131|Q9H361_RVPFSTMRP|0.0
Q13131|Q9H361_VPFSTMRPA|0.0
Q13131|Q9H361_VANTSTQTV|0.001
Q13131|Q9H361_PRYKYAAGV|0.39
Q13131|Q9H361_TGVPTV___|0.547
Q13131|Q13310_YEKFSPAGP|0.149
Q13131|Q13310_GPVLSIRVC|0.66
Q13131|Q13310_ITRRSLGYA|0.669
Q13131|Q13310_RSLGYAYVN|0.6
Q13131|Q13310_LGYAYVNFQ|0.11
Q13131|Q13310_RALDTMNFD|0.342
Q13131|Q13310_QRDPSLRKS|0.703
Q13131|Q13310_NKALYDTFS|0.603
Q13131|Q13310_YDTFSAFGN|0.0
Q13131|Q13310_GNILSCKVV|0.21
Q13131|Q13310_KELFSQFGK|0.042
Q13131|Q13310_GKEISGKII|0.0
Q13131|Q13310_RISRYQGVN|0.513
Q13131|Q13310_FGSITSAKV|0.002
Q13131|Q13310_GSITSAKVM|0.326
Q13131|Q13310_FVCFSSPEE|0.683
Q13131|Q13310_VCFSSPEEA|0.677
Q13131|Q13310_RIVGSKPLY|0.714
Q13131|Q13310_KAHLTNQYM|0.572
Q13131|Q13310_LTNQYMQRV|0.605
Q13131|Q13310_EIDNSELLH|0.003
Q13131|Q13310_HMLESPESL|0.727
Q13131|Q13310_AAATS____|0.746
Q13131|Q13310-3_QRVGSECPD|0.0
Q13131|Q4VXU2_YEKFSPAGP|0.0
Q13131|Q4VXU2_RSLGYAYIN|0.0
Q13131|Q4VXU2_RALDTMNFE|0.0
Q13131|Q4VXU2_RIMWSQRDP|0.0
Q13131|Q4VXU2_GLRKSGVGN|0.817
Q13131|Q4VXU2_RLRRYQGVN|0.639
Q13131|Q4VXU2_GVNLYVKNL|0.0
Q13131|Q4VXU2_FVCFSSPEE|0.459
Q13131|Q4VXU2_VCFSSPEEA|0.252
Q13131|Q4VXU2_TKPLYVALA|0.282
Q13131|Q5JQF8_YEKFSPAGP|0.132
Q13131|Q5JQF8_RSLGYAYVN|0.601
Q13131|Q5JQF8_LGYAYVNYQ|0.553
Q13131|Q5JQF8_AYVNYQQPV|0.25
Q13131|Q5JQF8_QRDPSLRKS|0.7
Q13131|Q5JQF8_SLRKSGVGN|0.798
Q13131|Q5JQF8_NLGKTIDNK|0.359
Q13131|P0CB38_NLDDTIDDE|0.0
Q13131|Q96DU9_KKKKYLKAA|0.0
Q13131|Q96DU9_EDMLYKKFR|0.558
Q13131|Q96DU9_RLRKSGVGN|0.744
Q13131|Q96DU9_GSKGYAYVH|0.0
Q13131|Q96DU9_KGYAYVHFD|0.0
Q13131|Q96DU9_VHFDSLAAA|0.0
Q13131|Q96DU9_IRDASGKSK|0.0
Q13131|Q96DU9_ASGKSKGFG|0.0
Q13131|Q96DU9_GKVLYVGRA|0.005
Q13131|Q86U42_DYGATAEEL|0.001
Q13131|Q86U42_HGCGSVNRV|0.906
Q13131|Q86U42_CDKFSGHPK|0.353
Q13131|Q86U42_KGFAYIEFS|0.023
Q13131|Q86U42_TSWYSPY__|0.0
Q13131|A6NDY0_CDKFSGHPK|0.346
Q13131|Q96M98_AEKETLSLN|0.469
Q13131|Q96M98_KETLSLNKC|0.001
Q13131|Q96M98_LVPYYRQIL|0.499
Q13131|Q8N7B6_LSTSSPESA|0.0
Q13131|Q8N7B6_SSPESARKL|0.0
Q13131|Q8N7B6_LVHGSVKHR|0.0
Q13131|Q8N7B6_QHGGSGSLS|0.0
Q13131|Q8N7B6_GGSGSLSII|0.001
Q13131|Q8N7B6_SGSLSIIKS|0.0
Q13131|Q6VY07_AGGGSGQRG|0.0
Q13131|Q6VY07_GVAQSPQQP|0.0
Q13131|Q6VY07_QMNLYATWE|0.0
Q13131|Q6VY07_EVDRSSSSC|0.0
Q13131|Q6VY07_VDRSSSSCV|0.0
Q13131|Q6VY07_DRSSSSCVP|0.0
Q13131|Q6VY07_RSSSSCVPR|0.0
Q13131|Q6VY07_IKIYSLSSQ|0.0
Q13131|Q6VY07_YSLSSQPID|0.0
Q13131|Q6VY07_EQEGSDDPL|0.0
Q13131|Q6VY07_QDLFYEDED|0.0
Q13131|Q6VY07_RRKLTSTSA|0.05
Q13131|Q6VY07_RKLTSTSAI|0.444
Q13131|Q6VY07_KLTSTSAIT|0.0
Q13131|Q6VY07_LTSTSAITR|0.0
Q13131|Q6VY07_TSAITRQPN|0.0
Q13131|Q6VY07_LEHVSREQI|0.02
Q13131|Q6VY07_SILSTPKPK|0.0
Q13131|Q6VY07_GMSQSSSQT|0.0
Q13131|Q6VY07_SQSSSQTEI|0.0
Q13131|Q6VY07_SSSQTEIGS|0.0
Q13131|Q6VY07_TEIGSLNSK|0.003
Q13131|Q6VY07_NSKGSLGKD|0.253
Q13131|Q6VY07_EKVKTPMKS|0.0
Q13131|Q6VY07_KSSKTDLQG|0.0
Q13131|Q6VY07_RQKRSTPLK|0.0
Q13131|Q6VY07_QKRSTPLKE|0.0
Q13131|Q6VY07_SKPLSERTN|0.0
Q13131|Q6VY07_RKVVYDQLN|0.0
Q13131|Q6VY07_RIQRYCNCN|0.0
Q13131|Q6VY07_ANKTSDWLG|0.0
Q13131|Q6VY07_PVAKYLGSV|0.0
Q13131|Q6VY07_VDSKYSSSF|0.0
Q13131|Q6VY07_SFLDSGWRD|0.0
Q13131|Q6VY07_DGDDSPVVS|0.0
Q13131|Q6VY07_LTVPSTSPP|0.0
Q13131|Q6VY07_KRDASSKNT|0.0
Q13131|Q6VY07_RDASSKNTL|0.0
Q13131|Q6VY07_SSKNTLKSV|0.0
Q13131|Q86VP3_PRLCSLTLK|0.0
Q13131|Q86VP3_DHEDSTMQA|0.0
Q13131|Q86VP3_HEDSTMQAG|0.0
Q13131|Q86VP3_YESFSSEQE|0.0
Q13131|Q86VP3_ESFSSEQEA|0.0
Q13131|Q86VP3_EQEASDDAV|0.0
Q13131|Q86VP3_KQRRSIVRT|0.0
Q13131|Q86VP3_VRTTSMTRQ|0.002
Q13131|Q86VP3_TTSMTRQQN|0.0
Q13131|Q86VP3_GLSHSSSQT|0.0
Q13131|Q86VP3_LSHSSSQTE|0.0
Q13131|Q86VP3_SHSSSQTEI|0.472
Q13131|Q86VP3_SSSQTEIGS|0.0
Q13131|Q86VP3_HSARSHKEP|0.785
Q13131|Q86VP3_GRQPSDSVS|0.476
Q13131|Q86VP3_QPSDSVSDT|0.0
Q13131|Q86VP3_RITKTESLV|0.711
Q13131|Q86VP3_RGRSTSLKE|0.0
Q13131|Q86VP3_PDARSQLQI|0.0
Q13131|Q86VP3_SSATSGDSD|0.0
Q13131|Q86VP3_EASPTPPSS|0.0
Q13131|Q9BY11_KTEQSVTPE|0.0
Q13131|Q9BY11_EQSVTPEQQ|0.017
Q13131|Q9BY11_RGSVSSYDR|0.505
Q13131|Q9BY11_GSVSSYDRG|0.316
Q13131|Q9BY11_SDDESGNPF|0.0
Q13131|Q9BY11_GRLDSGQLG|0.581
Q13131|Q9UNF0_HRLCSDLMN|0.009
Q13131|Q9UNF0_MAFMSEAER|0.012
Q13131|Q9UNF0_YKAIYHDLE|0.0
Q13131|Q9UNF0_FEEWSADLN|0.305
Q13131|Q9UNF0_DLNRTLSRR|0.593
Q13131|Q9UNF0_KKKATDGVT|0.683
Q13131|Q9UNF0_TGDQSLPSK|0.489
Q13131|Q9UNF0_NPAQSAQSQ|0.0
Q13131|Q9UNF0_EKDDTKAKN|0.0
Q13131|Q9UNF0_AKNVSSYEK|0.0
Q13131|Q9UNF0_KNVSSYEKT|0.0
Q13131|Q9UNF0_NVSSYEKTQ|0.344
Q13131|Q9UNF0_EKTQSYPTD|0.0
Q13131|Q9UNF0_DDATSGTEV|0.0
Q13131|Q9UNF0-2_TGDQSLPSK|0.0
Q13131|Q9UNF0-2_QSLPSKPSS|0.0
Q13131|Q9UNF0-2_SKPSSVSSY|0.0
Q13131|Q9UKS6_PQYGTLEKA|0.41
Q13131|Q9UKS6_KDEKTAQTR|0.067
Q13131|Q9UKS6_KTAQTRESH|0.078
Q13131|Q9UKS6_AKADSAVSQ|0.916
Q13131|Q9UKS6_DSAVSQEQL|0.696
Q13131|Q9UKS6_FEEWSLDTQ|0.691
Q13131|Q9UKS6_VRALYDYAG|0.236
Q13131|Q9UKS6_ALYDYAGQE|0.401
Q13131|Q9UKS6_LLKMSEEDE|0.402
Q13131|Q9UKS6_YPANYVECV|0.005
Q13131|O75569_VPTFTFRVT|0.506
Q13131|O75569_NPIGSLQEL|0.97
Q13131|O75569_HKREYTTIC|0.0
Q13131|O75569_KREYTTICR|0.004
Q13131|O75569_FSNISPENH|0.053
Q13131|O75569_ENHISLTNV|0.345
Q13131|O75569_CTWHSLRNS|0.758
Q13131|O75569_LLKRSLLSI|0.902
Q13131|O75569_RSLLSIPNT|0.565
Q13131|O75569_PNTDYIQLL|0.468
Q13131|O75569_ANGQYQCLA|0.585
Q13131|Q9ULC6_KGANSFRVS|0.358
Q13131|Q9ULC6_RVSGSSGVE|0.0
Q13131|Q9ULC6_VYNRTRVKE|0.0
Q13131|Q9ULC6_WPLDTDADM|0.0
Q13131|Q9ULC6_KVKRSQGDK|0.286
Q13131|Q9ULC6_KLFDSHKLV|0.3
Q13131|Q9ULC6_NVPFSDSKR|0.001
Q13131|Q9ULC6_PFSDSKRVR|0.201
Q13131|Q9ULC6_LEDMSYLTL|0.0
Q13131|Q9ULC6_EDMSYLTLK|0.202
Q13131|Q9ULC6_LLLASPSAC|0.007
Q13131|Q9ULC6_VLGKYLGIP|0.0
Q13131|Q9ULC6_IPKPYGPII|0.003
Q13131|Q9Y2J8_SDKVTVNYY|0.888
Q13131|Q9Y2J8_DEEGSIPID|0.439
Q13131|Q9Y2J8_GLFLTAIEI|0.683
Q13131|Q9Y2J8_AIEISLDVD|0.568
Q13131|Q9Y2J8_LKDMSQMIL|0.94
Q13131|Q9Y2J8_FGQRYIHIL|0.412
Q13131|Q9Y2J8_RRKLYHVVK|0.818
Q13131|Q9Y2J8_VVLDSPRDG|0.494
Q13131|Q9Y2J8_SFPLSGGRR|0.955
Q13131|Q9Y2J8_GRRMTKVVR|0.855
Q13131|Q9Y2J8_LGGMSSKRI|0.005
Q13131|Q9Y2J8_LSNESLVQE|0.48
Q13131|Q9ULW8_QDKVSYEVP|0.0
Q13131|Q9ULW8_DKVSYEVPR|0.424
Q13131|Q9ULW8_APHKTLPVV|0.0
Q13131|Q9UM07_KKKSTGSST|0.016
Q13131|Q9UM07_VFQATRGKL|0.47
Q13131|Q9UM07_RGKLSSKCS|0.0
Q13131|Q9UM07_APHKTLPVV|0.094
Q13131|Q9UM07_TGGISGLDS|0.0
Q13131|Q9UM07_SGLDSFGNL|0.031
Q13131|Q9UM07_LLLASPRSC|0.0
Q13131|Q6TGC4_MTSPSPSVD|0.0
Q13131|Q6TGC4_SPSPSVDAD|0.0
Q13131|Q15004__MVRTKADS|0.0
Q13131|Q15004_SVPGTYRKV|0.0
Q13131|Q15004_VPGTYRKVV|0.0
Q13131|Q15004_TNSTSVSSR|0.268
Q13131|Q15004_EEAGSSGLG|0.307
Q13131|Q15004_QPDHTNDEK|0.0
Q13131|Q8N7H5_KYCNSLPDI|0.111
Q13131|Q8N7H5_PKFITYPFD|0.0
Q13131|Q8N7H5_RFVQYKATS|0.0
Q13131|Q8N7H5_QYKATSLEK|0.001
Q13131|Q8N7H5_YKATSLEKQ|0.001
Q13131|Q8N7H5_RKTEYISTE|0.0
Q13131|Q8N7H5_EFNRYGISN|0.0
Q13131|Q8N7H5_RYGISNEKP|0.833
Q13131|Q8N7H5_EEEIYKDRD|0.0
Q13131|Q8N7H5_QKSISQHYS|0.0
Q13131|Q8N7H5_SQHYSKPRV|0.329
Q13131|Q8N7H5_KPRVTPVEV|0.3
Q13131|Q8N7H5_VQSGTNALL|0.263
Q13131|Q8N7H5_EEMETEEKE|0.468
Q13131|Q8N7H5_EAGGSDEEQ|0.656
Q13131|Q8N7H5_EKEGSEDEH|0.0
Q13131|Q8N7H5_EDEHSGSES|0.0
Q13131|Q8N7H5_EHSGSESER|0.005
Q13131|Q8N7H5_SGSESEREE|0.412
Q13131|Q8N7H5_RDEASDKSG|0.017
Q13131|Q8N7H5_GEDESSEDE|0.0
Q13131|Q8N7H5_EDESSEDEA|0.0
Q13131|Q8N7H5_GGQRSRSHS|0.417
Q13131|Q8N7H5_QEDGSEAAA|0.0
Q13131|P43034_DYLRSNGYE|0.001
Q13131|P43034_YEEAYSVFK|0.687
Q13131|P43034_KKWTSVIRL|0.668
Q13131|P43034_EEFTSGGPL|0.596
Q13131|P43034_TLIASCSND|0.463
Q13131|P43034_IASCSNDQT|0.025
Q13131|P43034_SNDQTVRVW|0.517
Q13131|P43034_WVVATKECK|0.0
Q13131|P43034_ETKKSGKPG|0.0
Q13131|P43034_PFLLSGSRD|0.0
Q13131|P43034_LLSGSRDKT|0.796
Q13131|P43034_SRDKTIKMW|0.0
Q13131|P43034_VLFHSGGKF|0.86
Q13131|P43034_KTAPYVVTG|0.0
Q13131|P68402_LLEETPEEK|0.007
Q13131|P68402-4_AASKYSISE|0.0
Q13131|Q15102_ASKPTPVQD|0.005
Q13131|Q15102_GRWMSLHHR|0.526
Q13131|Q15102_FIGDSLVQL|0.017
Q13131|Q15102_RELFSPLHA|0.504
Q13131|Q15102_HSDGTISHH|0.0
Q13131|Q15102_HHDMYDYLH|0.001
Q13131|Q15102_RALHSLLLR|0.605
Q13131|Q99487_KDSGYPLII|0.033
Q13131|Q9NWQ8_PRQHSGDHE|0.895
Q13131|Q9NWQ8_MNVPSDKEM|0.0
Q13131|Q9NWQ8_KEMFSRSVT|0.636
Q13131|Q9NWQ8_MFSRSVTSL|0.909
Q13131|Q9NWQ8_RSVTSLATD|0.628
Q13131|Q9NWQ8_DAPASSEQN|0.136
Q13131|Q9NWQ8_LSEDSTLTC|0.267
Q13131|Q9NWQ8_SEDSTLTCM|0.348
Q13131|Q9NWQ8_LTARSVDGD|0.934
Q13131|Q9NWQ8_LKDSSSQEN|0.835
Q13131|Q9NWQ8_KDSSSQENM|0.978
Q13131|Q9NWQ8_CLYETVKEI|0.497
Q13131|Q9NWQ8_TDTTSETNK|0.82
Q13131|Q9NWQ8_NKRFSSLSY|0.968
Q13131|Q9NWQ8_KRFSSLSYK|0.948
Q13131|Q9NWQ8_FSSLSYKSR|0.807
Q13131|Q9NWQ8_SSLSYKSRE|0.542
Q13131|Q9NWQ8_LSYKSREED|0.917
Q13131|Q9NWQ8_EEDPTLTEE|0.35
Q13131|Q9NWQ8_EEEISAMYS|0.322
Q13131|Q9NWQ8_SAMYSSVNK|0.976
Q13131|Q9NWQ8_AMYSSVNKP|0.474
Q13131|Q9NWQ8_TVPESTYTS|0.631
Q13131|Q9NWQ8_VPESTYTSI|0.678
Q13131|Q9NWQ8_ESTYTSIQG|0.0
Q13131|Q9NWQ8_STYTSIQGD|0.64
Q13131|Q9NWQ8_DPQRSPSSC|0.633
Q13131|Q9NWQ8_QRSPSSCND|0.885
Q13131|Q9NWQ8_RSPSSCNDL|0.967
Q13131|Q9NWQ8_DLYATVKDF|0.473
Q13131|Q9NWQ8_AGRPSEEPE|0.003
Q13131|Q9NWQ8_EAIQTLNRE|0.97
Q13131|Q9NWQ8_ATLGTNGHH|0.57
Q13131|Q9NWQ8_NDYESISDL|0.548
Q13131|Q9NWQ8_YESISDLQQ|0.004
Q13131|O75459_RRLIYRRRP|0.0
Q13131|Q7Z2X7_LRARSQSSE|0.0
Q13131|Q7Z2X7_ARSQSSERG|0.0
Q13131|Q7Z2X7_RSQSSERGN|0.0
Q13131|Q7Z2X7_NDQESSQPV|0.0
Q13131|Q7Z2X7_DQESSQPVG|0.0
Q13131|Q7Z2X7_QPVGSVIVQ|0.0
Q13131|Q5JRK9_VRTRSQSSE|0.0
Q13131|Q5JRK9_TRSQSSERG|0.0
Q13131|Q5JRK9_RSQSSERGN|0.0
Q13131|Q5JRK9_NDQESSQPV|0.0
Q13131|Q5JRK9_DQESSQPVG|0.0
Q13131|Q5JRK9_QPVGSVIVQ|0.0
Q13131|Q96GU1_HVTRSQSSE|0.0
Q13131|Q96GU1_TRSQSSERG|0.0
Q13131|Q96GU1_RSQSSERGN|0.0
Q13131|Q96GU1_DQESSQPVG|0.0
Q13131|P00439____MSTAVL|0.42
Q13131|P00439___MSTAVLE|0.395
Q13131|P00439_LDKRSLPAL|0.22
Q13131|P00439_LPALTNIIK|0.538
Q13131|P00439_KKKDTVPWF|0.0
Q13131|P00439_ILADSINSE|0.0
Q13131|Q8NC51_AQTNSNAAG|0.792
Q13131|Q8NC51_KKEETQPPV|0.472
Q13131|Q8NC51_GGEFSVDRP|0.611
Q13131|Q8NC51_SFSHYSGLK|0.001
Q13131|Q8NC51_QKQISYNYS|0.848
Q13131|Q8NC51_KQISYNYSD|0.385
Q13131|Q8NC51_ISYNYSDLD|0.0
Q13131|Q8NC51_VTEETPEGE|0.497
Q13131|Q8NC51_NDITSQLEI|0.838
Q13131|Q8NC51-3_SFSHYSGLK|0.0
Q13131|Q8NC51-3_KDELTDLDQ|0.0
Q13131|Q8NC51-3_VTEETPEGE|0.004
Q13131|Q8NC51-3_PVADTENKE|0.0
Q13131|P22234_GKKLYEGKT|0.0
Q13131|P22234_YEGKTKEVY|0.0
Q13131|P22234_KDQITAGNA|0.0
Q13131|P22234_RRIATGSFL|0.0
Q13131|P22234_GYKFYPPKV|0.0
Q13131|P22234_ILEKSWLPQ|0.0
Q13131|P22234_IDNDSWRLW|0.0
Q13131|P22234_SGDRSQQKD|0.0
Q13131|P22234_KDKQSYRDL|0.0
Q13131|P22234_DKQSYRDLK|0.0
Q13131|P22234_MGSTSDLGH|0.554
Q13131|P22234_GNTAYPVIS|0.0
Q13131|P22234_CPPLTPDWG|0.0
Q13131|P22234_IFGLSNHLV|0.002
Q13131|P22234_HLVWSKLRA|0.0
Q13131|P22234_KLRASILNT|0.777
Q13131|P22234_SILNTWISL|0.0
Q13131|P22234_NTWISLKQA|0.0
Q13131|Q9H074_QPRTTPPPG|0.001
Q13131|Q9H074_EVPASPQRP|0.451
Q13131|Q9H074_PQRPSRPGA|0.454
Q13131|Q9H074_RAPPSSQDK|0.403
Q13131|Q9H074_APPSSQDKI|0.327
Q13131|Q9H074_GCEDYPTLS|0.001
Q13131|Q9H074_SHHLTISPQ|0.486
Q13131|Q9H074_DANCSRDVK|0.453
Q13131|Q9H074_ATSTYREAT|0.441
Q13131|Q9H074_YREATPEND|0.446
Q13131|Q9H074_NDPNYFMNE|0.181
Q13131|Q9H074_EPTFYTSDG|0.396
Q13131|Q9H074_FFPDYEENG|0.286
Q13131|Q9H074_FCLESERKR|0.281
Q13131|Q9H074-2____MSDGFD|0.0
Q13131|Q9BPZ3_MKDPSRSST|0.0
Q13131|Q9BPZ3_STSPSIINE|0.0
Q13131|Q9BPZ3_PFAEYMWME|0.0
Q13131|Q9BPZ3_PGVKYGNI_|0.001
Q13131|Q9ULR5_NTSPSVKSK|0.0
Q13131|Q13153____MSNNGL|0.982
Q13131|Q13153_PMRNTSTMI|0.005
Q13131|Q13153_IGAGSKDAG|0.876
Q13131|Q13153_LLQTSNITK|0.84
Q13131|Q13153_NSKKTSNSQ|0.743
Q13131|Q13153_SKKTSNSQK|0.541
Q13131|Q13153_KTSNSQKYM|0.456
Q13131|Q13153_YMSFTDKSA|0.258
Q13131|Q13153_EDYNSSNAL|0.972
Q13131|Q13153_DYNSSNALN|0.652
Q13131|Q13153_RPEHTKSVY|0.31
Q13131|Q13153_PVTPTRDVA|0.956
Q13131|Q13153_PDALTRNTE|0.246
Q13131|Q13153_KPKMSDEEI|0.952
Q13131|Q13153_EKLRSIVSV|0.775
Q13131|Q13153_RSIVSVGDP|0.0
Q13131|Q13153_CAQITPEQS|0.0
Q13131|Q13153_QSKRSTMVG|0.934
Q13131|Q13153_TMVGTPYWM|0.0
Q13131|Q13153_LRALYLIAT|0.842
Q13131|Q13153_PEKLSAIFR|0.56
Q13131|Q13153_EKRGSAKEL|0.0
Q13131|Q13153_AKPLSSLTP|0.0
Q13131|Q13153_KPLSSLTPL|0.731
Q13131|Q13153_LSSLTPLIA|0.2
Q13131|Q9NWT1_ECLKSIKAH|0.0
Q13131|Q9NWT1_KGQVTFLSI|0.247
Q13131|Q9NWT1_VTFLSIHPS|0.0
Q13131|Q9NWT1_IVEWSPRGE|0.0
Q13131|Q9NWT1_RGEQYVVII|0.0
Q13131|Q9NWT1_VKFLSESVL|0.0
Q13131|Q9NWT1_EPGDTVHKE|0.0
Q13131|Q9NWT1_SGLISTKKR|0.658
Q13131|Q13177_RMSSTIFST|0.0
Q13131|Q13177_STIFSTGGK|0.613
Q13131|Q13177_TIFSTGGKD|0.0
Q13131|Q13177_KDPLSANHS|0.176
Q13131|Q13177_SANHSLKPL|0.581
Q13131|Q13177_KPLPSVPEE|0.697
Q13131|Q13177_RPEISPPSD|0.437
Q13131|Q13177_KFYDSNTVK|0.712
Q13131|Q13177_KSIYTRSVI|0.748
Q13131|Q13177_GAAKSLDKQ|0.64
Q13131|Q13177_KTKMTDEEI|0.0
Q13131|Q13177_GMEGSVKLT|0.79
Q13131|Q13177_CAQITPEQS|0.0
Q13131|Q13177_TMVGTPYWM|0.0
Q13131|Q13177_GEPPYLNEN|0.0
Q13131|Q13177_LRALYLIAT|0.591
Q13131|Q13177_EKRGSAKEL|0.0
Q13131|O75914____MSDGLD|0.466
Q13131|O75914_ARLRSIFPG|0.594
Q13131|O75914_GGDKTNKKK|0.0
Q13131|O75914_APPVSEEED|0.0
Q13131|O75914_TKSIYTRSV|0.0
Q13131|O75914_KSIYTRSVV|0.0
Q13131|O75914_IYTRSVVES|0.555
Q13131|O75914_QRKKSKMTD|0.825
Q13131|O75914_EKLRSIVSV|0.294
Q13131|O75914_RSIVSVGDP|0.0
Q13131|O75914_SGTVYTALD|0.0
Q13131|O75914_CAQITPEQS|0.0
Q13131|O75914_QSKRSTMVG|0.642
Q13131|O75914_TMVGTPYWM|0.0
Q13131|O75914_GEPPYLNEN|0.0
Q13131|O75914_DRRGSAKEL|0.428
Q13131|O75914_IKNSSR___|0.0
Q13131|O75914-3_RLLQTSNIT|0.0
Q13131|O96013_EQKFTGLPR|0.009
Q13131|O96013_IVRGSKGAK|0.001
Q13131|O96013_FENMSVTRS|0.084
Q13131|O96013_SVTRSNSLR|0.686
Q13131|O96013_RDIKSDSIL|0.0
Q13131|O96013_IKSDSILLT|0.725
Q13131|O96013_PELISRLPY|0.0
Q13131|Q9P286_DLDPYYRGS|0.0
Q13131|Q9P286_GEAYYSEVK|0.0
Q13131|Q9P286_EAYYSEVKP|0.0
Q13131|Q9P286_ASSSSPLDY|0.06
Q13131|Q9P286_RRPKSSYLN|0.001
Q13131|Q9P286_RPKSSYLNQ|0.001
Q13131|Q9P286_PKSSYLNQT|0.0
Q13131|Q9P286_LNQTSPQPT|0.047
Q13131|Q9P286_MRQRSRSGS|0.759
Q13131|Q9P286_QRSRSGSGL|0.59
Q13131|Q9P286_SRSGSGLQE|0.002
Q13131|Q9P286_SPPLSGSDT|0.0
Q13131|Q9P286_PLSGSDTYP|0.0
Q13131|Q9P286_SGSDTYPRG|0.0
Q13131|Q9P286_GSDTYPRGP|0.0
Q13131|Q9P286_SLVGTPYWM|0.376
Q13131|Q9NQU5_QPMKTVVRG|0.0
Q13131|Q9NQU5_PVDGYISGL|0.0
Q13131|Q9NQU5_DGYISGLLN|0.0
Q13131|Q9NQU5_ISSNTLRGR|0.554
Q13131|Q9NQU5_LRGRSPTSR|0.001
Q13131|Q9NQU5_DPDMYLQSP|0.0
Q13131|Q9NQU5_MYLQSPQSE|0.0
Q13131|Q9NQU5_QSPQSERTD|0.0
Q13131|Q9NQU5_PHGLYLSCN|0.022
Q13131|Q9NQU5_PPGASPPTG|0.0
Q13131|Q9NQU5_GGEGSPSPK|0.028
Q13131|Q9NQU5_EGSPSPKTR|0.0
Q13131|Q9NQU5_AKAQSLPSD|0.485
Q13131|Q9NQU5_TTSDTSSPQ|0.279
Q13131|Q9NQU5_TSDTSSPQK|0.044
Q13131|Q9NQU5_SDTSSPQKS|0.0
Q13131|Q9NQU5_TAPATGQLP|0.411
Q13131|Q9NQU5_LPGRSSPAG|0.292
Q13131|Q9NQU5_PGRSSPAGS|0.245
Q13131|Q9NQU5_SPAGSPRTW|0.0
Q13131|Q9NQU5_GSPRTWHAQ|0.605
Q13131|Q9NQU5_HAQISTSNL|0.677
Q13131|Q9NQU5_TSNLYLPQD|0.498
Q13131|Q9NQU5_PQDPTVAKG|0.0
Q13131|Q9NQU5_RLRDSPPPK|0.0
Q13131|Q86YC2_QKLPSRRKK|0.557
Q13131|Q86YC2_THLLSLKSE|0.561
Q13131|Q86YC2_ELPDSPEPV|0.099
Q13131|Q86YC2_FTRATTVPL|0.002
Q13131|Q86YC2_TRATTVPLQ|0.29
Q13131|Q86YC2_NIRFTSPVS|0.516
Q13131|Q86YC2_TSPVSLEAQ|0.0
Q13131|Q86YC2_AISKSGQLP|0.542
Q13131|Q86YC2_LPTSSNLEA|0.47
Q13131|Q86YC2_EANISCSLN|0.0
Q13131|Q86YC2_KSLKSPSDT|0.364
Q13131|Q86YC2_NLQESEILS|0.488
Q13131|Q86YC2_SQPKSLSLE|0.692
Q13131|Q86YC2_PKSLSLEAT|0.616
Q13131|Q86YC2_TSPLSAEKH|0.713
Q13131|Q86YC2_LTKVSSPAG|0.476
Q13131|Q86YC2_TKVSSPAGP|0.645
Q13131|Q86YC2_GKRKSACTP|0.726
Q13131|Q86YC2_VKSCSEKPV|0.139
Q13131|Q86YC2_RTCCTPQLA|0.051
Q13131|Q86YC2_TLQVSGRQG|0.615
Q13131|Q86YC2_IDDSYQASV|0.4
Q13131|Q86YC2_FVKWSGTDS|0.0
Q13131|Q86YC2_KWSGTDSHL|0.001
Q13131|Q9ULE6_RHSVSIHSF|0.603
Q13131|Q9ULE6_VSIHSFQST|0.68
Q13131|Q9ULE6_SKAKSIIPN|0.0
Q13131|Q9ULE6_LSDNTPEHY|0.483
Q13131|Q9ULE6_IRPESPAQG|0.002
Q13131|Q9ULE6_QGSGSRHSV|0.015
Q13131|Q9ULE6_RALWSLERY|0.0
Q13131|Q9ULE6_SILAYLTDA|0.026
Q13131|Q9ULE6_LAYLTDAKR|0.506
Q13131|Q8WX93_AIADSETED|0.344
Q13131|Q8WX93_QDNRSTPVQ|0.574
Q13131|Q8WX93_AEKQTKSIS|0.0
Q13131|Q8WX93_KQTKSISSP|0.007
Q13131|Q8WX93_TKSISSPVS|0.813
Q13131|Q8WX93_KSISSPVSK|0.253
Q13131|Q8WX93_SSPVSKRKP|0.0
Q13131|Q8WX93_KPAMSPLLT|0.002
Q13131|Q8WX93_TRPSYIRSL|0.489
Q13131|Q8WX93_SYIRSLRKA|0.461
Q13131|Q8WX93_PRNRSPNGE|0.0
Q13131|Q8WX93_SDTTSAEVF|0.0
Q13131|Q8WX93_KKTTSVSLT|0.273
Q13131|Q8WX93_TTSVSLTIG|0.0
Q13131|Q8WX93_FRQGSEIQD|0.73
Q13131|Q8WX93_EIQDSPDFR|0.028
Q13131|Q8WX93_ELGLSRAAL|0.821
Q13131|Q8WX93_NSNKSLPTP|0.488
Q13131|Q8WX93_KSLPTPAVL|0.524
Q13131|Q8WX93_LAACTPPAS|0.199
Q13131|Q8WX93_TPPASPEPM|0.0
Q13131|Q8WX93_PEPMSALAS|0.024
Q13131|Q8WX93_SALASRSAP|0.007
Q13131|Q8WX93_LASRSAPAM|0.636
Q13131|Q8WX93_PAMQSSGSF|0.546
Q13131|Q8WX93_AMQSSGSFN|0.801
Q13131|Q8WX93_GSFNYARPK|0.579
Q13131|Q8WX93_LGPASGHGT|0.045
Q13131|Q8WX93_SGHGTPASS|0.214
Q13131|Q8WX93_GTPASSPSS|0.0
Q13131|Q8WX93_TPASSPSSS|0.0
Q13131|Q8WX93_PSSSSLPSP|0.297
Q13131|Q8WX93_SSLPSPMSP|0.029
Q13131|Q8WX93_QRLISEIEY|0.0
Q13131|Q8WX93_SEIEYRLER|0.492
Q13131|Q8WX93_DEVQYGDVP|0.462
Q13131|Q8WX93_SGLPTPDLS|0.121
Q13131|Q8WX93_VRPDSAHKM|0.93
Q13131|Q8WX93_VADGYPVRL|0.0
Q13131|Q8WX93_RLDVYTQWH|0.846
Q13131|Q8WX93_LDVYTQWHQ|0.008
Q13131|Q8WX93_QQSQSTKPK|0.286
Q13131|Q8WX93_SASRYAALS|0.017
Q13131|Q8WX93_EANPSHLTL|0.0
Q13131|Q8WX93_ALVESEDL_|0.541
Q13131|A6NDB9_KDPQSPEGQ|0.126
Q13131|A6NDB9_SGRPSWRRQ|0.0
Q13131|A6NDB9_PLSQSIVEA|0.991
Q13131|A6NDB9_GPCPSPIPT|0.105
Q13131|A6NDB9_VVQTSSPRL|0.846
Q13131|A6NDB9_VQTSSPRLQ|0.789
Q13131|A6NDB9_EAAASIEGE|0.107
Q13131|A6NDB9_GQGGSGGEE|0.0
Q13131|A6NDB9_GEEGSFIWV|0.0
Q13131|A6NDB9_EKPGTGRDE|0.018
Q13131|A6NDB9_ESRGSAEKL|0.992
Q13131|A6NDB9_GGEETLEAE|0.058
Q13131|A6NDB9_GGEESLETE|0.0
Q13131|A6NDB9_SREGSESQA|0.972
Q13131|A6NDB9_EGSESQAEE|0.0
Q13131|A6NDB9_LGDATPLLA|0.0
Q13131|A6NDB9_PSAPTEGEE|0.001
Q13131|Q9NP74_LDGISSGKE|0.0
Q13131|Q9NP74_KKLKSIERT|0.865
Q13131|Q9NP74_IEDIYANIP|0.619
Q13131|Q9NP74_SYIPSRLRK|0.489
Q13131|Q9NP74_RKALYAMEI|0.523
Q13131|Q9NP74_GIKVYDDGQ|0.219
Q13131|Q9NP74_QKSVYAVSS|0.462
Q13131|Q9NP74_LRQASERNS|0.667
Q13131|Q9NP74_SERNSKSPT|0.674
Q13131|Q9NP74_ANPFYRPTT|0.573
Q13131|Q9NP74_FYRPTTPQR|0.553
Q13131|Q9NP74_RETVTPGPN|0.533
Q13131|Q9NP74_PHPRSVIQQ|0.007
Q13131|Q9NP74_IFGKSEHQN|0.37
Q13131|Q9NP74_HQNSSPTCQ|0.005
Q13131|Q9NP74_PHKNSISLK|0.916
Q13131|P19021_ILGRSMQPG|0.65
Q13131|P19021_AIYVSDGYC|0.215
Q13131|P19021_VSDGYCNSR|0.0
Q13131|P19021_AVVETKMEN|0.022
Q13131|P19021-5_RWKKSRAFG|0.0
Q13131|P19021-5_FGADSEHKL|0.0
Q13131|Q6UXH9_QKLQSAPTK|0.0
Q13131|Q6UXH9_ISPFYRRLG|0.0
Q13131|Q6UXH9_CLAASRDLS|0.0
Q13131|Q6UXH9-2_ISPFYRRLG|0.0
Q13131|Q58A45_SYFSTSFIG|0.001
Q13131|Q58A45_TNSSSSPSL|0.786
Q13131|Q58A45_NSSSSPSLL|0.501
Q13131|Q58A45_ALNISQRRK|0.492
Q13131|Q58A45_SPLHSPKIT|0.44
Q13131|Q58A45_SPKITPHTS|0.604
Q13131|Q58A45_ITPHTSPAP|0.55
Q13131|Q58A45_RDEKSVLVV|0.485
Q13131|Q58A45-3_QRRKTPNPT|0.0
Q13131|Q8TE04_SVPHSPGAP|0.0
Q13131|Q8TE04_RRMDSGRKN|0.563
Q13131|Q8TE04_SIRKYLTSN|0.0
Q13131|Q8TE04_RKYLTSNTA|0.0
Q13131|Q8TE04_IRFPSCAMH|0.0
Q13131|Q8TE04_CCLLTGCET|0.0
Q13131|Q8TE04_TGCETFEEA|0.0
Q13131|Q8TE04_EKRDSISKE|0.001
Q13131|Q8TE04-3_RVTGTSFGN|0.0
Q13131|Q8TE04-3_GNMMSKEKR|0.0
Q13131|Q9BZ23_HGRASATSV|0.563
Q13131|Q9BZ23_RASATSVSS|0.445
Q13131|Q9BZ23_ASATSVSSA|0.275
Q13131|Q9BZ23_LGSYSGPTS|0.699
Q13131|Q9BZ23_YSGPTSVSR|0.0
Q13131|Q9BZ23_SGPTSVSRQ|0.001
Q13131|Q9BZ23_QRVESLRKK|0.042
Q13131|Q9BZ23_GSGVSILAV|0.686
Q13131|Q9BZ23_ILAVYSKDN|0.049
Q13131|Q9BZ23_SKDNYKRVT|0.001
Q13131|Q9BZ23_WAVASSFGN|0.003
Q13131|Q9BZ23_AVASSFGNM|0.604
Q13131|Q9BZ23_GNMMSKEKR|0.012
Q13131|Q9H999_EKRESVSKE|0.002
Q13131|Q9NVE7_SLDKSITLP|0.557
Q13131|Q9NVE7_KLAYYSTVQ|0.428
Q13131|Q9NVE7_AKVRSFDHS|0.951
Q13131|Q9NVE7_SGKDTEREH|0.697
Q13131|Q9NVE7_VIQATGGGA|0.255
Q13131|Q9NVE7_SFGKSATAD|0.374
Q13131|Q96RD7_LATEYVFSD|0.0
Q13131|Q96RD7_NLGQSLWEV|0.373
Q13131|Q96RD7_EVSESHFKY|0.0
Q13131|Q96RD7_KTPMSAEMR|0.001
Q13131|Q96RD7_LLDSSC___|0.0
Q13131|Q96RD6_EKEKSPEQN|0.0
Q13131|Q96QZ0_SYNRSIRLV|0.0
Q13131|Q96QZ0_QRSHSLVAT|0.0
Q13131|Q96QZ0_RANISELIS|0.007
Q13131|Q96QZ0_SELISFSWL|0.0
Q13131|Q96QZ0_HNIDTVVDF|0.0
Q13131|Q96QZ0_VDFMTLLAG|0.0
Q13131|Q96QZ0_GLEPSKPKH|0.041
Q13131|P51003_TSPISLAAP|0.0
Q13131|P51003_LGVHTKGAD|0.515
Q13131|P51003_PSDRYHLMP|0.0
Q13131|P51003_VLLASAPTE|0.0
Q13131|P51003_PTSATKTSP|0.0
Q13131|P51003_SATKTSPLN|0.406
Q13131|P51003_ATKTSPLNS|0.001
Q13131|P51003_PLNSSGSSQ|0.0
Q13131|P51003_NSSGSSQGR|0.0
Q13131|P51003_QPAISPPPK|0.0
Q13131|P51003_SRVVSSTRL|0.598
Q13131|P51003_TKIPTPIVG|0.0
Q13131|P51003_EDETSEDAN|0.0
Q13131|P51003_CLALSGHDK|0.022
Q13131|P51003_SLLASQKTS|0.0
Q13131|P51003_ASQKTSSTD|0.0
Q13131|P51003_SQKTSSTDL|0.0
Q13131|P51003_STDLSDIPA|0.0
Q13131|Q9BWT3_TSPISLASP|0.0
Q13131|Q9BWT3_LGVHTKGAD|0.485
Q13131|Q9BWT3_PSDRYHLMP|0.0
Q13131|Q9BWT3_KDNNYVSMW|0.014
Q13131|Q9BWT3_KKKQSLSDV|0.922
Q13131|Q9BWT3_VNRSSGGLQ|0.76
Q13131|Q9BWT3_LSLDSSCLD|0.0
Q13131|Q9BWT3_SLDSSCLDS|0.0
Q13131|Q9BWT3_VSPPTVCTI|0.0
Q13131|Q9BWT3_PRITTPHNP|0.032
Q13131|Q9BWT3_SHSPSIDGT|0.181
Q13131|Q9BWT3_IRLESTFKD|0.0
Q13131|Q9BWT3_IGGESMPIP|0.0
Q13131|Q9BWT3_ELPDSSSPV|0.003
Q13131|Q9BWT3_LPDSSSPVP|0.004
Q13131|Q9BWT3_PDSSSPVPA|0.0
Q13131|Q9BWT3_VIKNSIRLT|0.745
Q13131|Q32ZL2_EAALSVYAA|0.0
Q13131|Q32ZL2_ALSVYAAMY|0.0
Q13131|Q32ZL2_YAAMYLTMY|0.0
Q13131|Q32ZL2-2_PRVESPLEK|0.0
Q13131|Q32ZL2-2_FAEVT____|0.0
Q13131|Q9NVV4_VRLLSCPGT|0.096
Q13131|Q9NVV4_KRRFSEMQN|0.602
Q13131|Q9NVV4_AHKISGNFL|0.822
Q13131|Q9NVV4_NVSQSQLQK|0.952
Q13131|Q9NVV4_FAIETVKNL|0.488
Q13131|Q9NVV4_NLLESLKGN|0.151
Q13131|Q6PIY7_QQLTYGNVS|0.0
Q13131|Q6PIY7_CTRLSGYIE|0.0
Q13131|Q6PIY7_RLSGYIERP|0.0
Q13131|Q6PIY7_WRNKYICVE|0.006
Q13131|Q6PIY7_PFDGTNTAR|0.0
Q13131|Q6PIY7_DGTNTARAV|0.483
Q13131|Q6PIY7_QFLKSWHRL|0.0
Q13131|Q8NDF8_RRAGSSASS|0.0
Q13131|Q8NDF8_RAGSSASSP|0.0
Q13131|Q8NDF8_SSASSPPSA|0.0
Q13131|Q8NDF8_GRSSYGAMQ|0.0
Q13131|Q8NDF8_LCRPSTGNR|0.975
Q13131|Q8NDF8_SQDVSLESS|0.042
Q13131|Q8NDF8_LFRSSSKGF|0.0
Q13131|Q8NDF8_FRSSSKGFQ|0.843
Q13131|Q8NDF8_GFQGTTQTS|0.0
Q13131|Q8NDF8_NNQYYHGKK|0.023
Q13131|Q8NDF8-5_PRPRSAPGK|0.001
Q13131|Q8NDF8-5_RSSRTPSGG|0.0
Q13131|Q8NDF8-5_SSSSSSTAT|0.0
Q13131|Q8NDF8-5_SSSSSTATG|0.0
Q13131|Q8NDF8-5_SSSSTATGG|0.0
Q13131|Q8NDF8-5_SSTATGGSG|0.0
Q13131|Q8NDF8-5_ATGGSGSST|0.0
Q13131|Q8NDF8-5_GGSGSSTGS|0.0
Q13131|Q8NDF8-5_GSGSSTGSP|0.0
Q13131|Q8NDF8-5_SGSSTGSPG|0.0
Q13131|Q8NDF8-5_SSTGSPGGA|0.0
Q13131|Q8NDF8-5_GGAASAPAP|0.0
Q13131|Q8NDF8-5_GLNYSLLQP|0.0
Q13131|Q8NDF8-5_LLQPSGGRA|0.0
Q13131|Q8NDF8-5_NNNLSEENE|0.0
Q13131|Q8NDF8-5_CRSKTSESL|0.0
Q13131|O95428_LRRPSPGFS|0.0
Q13131|O95428_VAGESVNIR|0.0
Q13131|Q9NRJ5_PSDRYHLMP|0.0
Q13131|Q9NRJ5_GMKITAMHL|0.556
Q13131|Q9NRJ5_SFDLSAGCE|0.0
Q13131|Q13219_ALYFSGRGE|0.0
Q13131|Q13219_GGQRSPAVI|0.002
Q13131|Q13219_LNLGSVYQY|0.572
Q13131|Q13219_CKPGYHVPG|0.0
Q13131|Q9BXP8_ILRISLAIL|0.0
Q13131|Q9BXP8_WALCSANSE|0.0
Q13131|Q9BXP8_CSANSELGW|0.0
Q13131|Q9BXP8_ELGWTRKKS|0.0
Q13131|Q9BXP8_RVKKSPPEE|0.529
Q13131|Q9BXP8_PPEESNQNG|0.0
Q13131|Q9BXP8_LISHSRYQP|0.0
Q13131|Q9BXP8_PKRAYMSVK|0.061
Q13131|Q9BXP8_GAPFTNYMS|0.001
Q13131|Q9BXP8_PFTNYMSYT|0.0
Q13131|Q9BXP8_RMHCYLDLV|0.084
Q13131|Q9BXP8_LDLVYQQWT|0.0
Q13131|Q9BXP8_DSSGYWTPE|0.0
Q13131|Q9BXP8_SGYWTPEEA|0.0
Q13131|O43252_EIPGSLCKK|0.42
Q13131|O43252_KVKLSNNAQ|0.732
Q13131|O43252_ATNVTYQAH|0.807
Q13131|O43252_TNVTYQAHH|0.0
Q13131|O43252_AHHVSRNKR|0.713
Q13131|O43252_NLGFSPEDR|0.07
Q13131|O43252_PHPETGKDL|0.037
Q13131|O43252_GKDLYEPSH|0.134
Q13131|O95340_TNVVYQAHH|0.0
Q13131|O95340_AHHVSRNKR|0.593
Q13131|O95340_NLGFSPGDR|0.002
Q13131|O95340_TGIDSDYEK|0.053
Q13131|O95340_EKPETPERV|0.0
Q13131|O95340_VWGTTCTKH|0.0
Q13131|O95340_GTTCTKHPH|0.0
Q13131|O95340_GANFYIVGR|0.47
Q13131|O95340_PHPETKKDL|0.0
Q13131|O95340_FDFISGTRM|0.633
Q13131|O95340_FISGTRMRK|0.362
Q13131|Q6TCH7_KLLKSAHYI|0.0
Q13131|Q6TCH7_KSAHYIELG|0.0
Q13131|Q6TCH7_IELGSYQYW|0.0
Q13131|Q6TCH7_ELGSYQYWP|0.0
Q13131|Q6TCH7_GSYQYWPVL|0.0
Q13131|Q6TCH7_RLYTYEQIP|0.0
Q13131|Q6TCH7_KDNPYITDG|0.0
Q13131|Q6TCH7_ITDGYRAYL|0.083
Q13131|Q9NXK6_EATSYHQKH|0.0
Q13131|Q6TCH4_LELESPGLS|0.0
Q13131|Q6TCH4-2_NQVGTHLSL|0.0
Q13131|Q6TCH4-2_GTHLSLEPT|0.0
Q13131|Q6TCH4-2_SLEPTGAEE|0.0
Q13131|Q86WK9_CYNKYIQKP|0.0
Q13131|Q8TEZ7_PYIRTGYRP|0.0
Q13131|Q6ZVX9_LIAAYRALV|0.0
Q13131|Q6ZVX9_FFNVSKIPE|0.0
Q13131|Q96IZ0_GLGGSTTDF|0.697
Q13131|Q96IZ0_CAVGSAMLT|0.525
Q13131|Q96IZ0_SAMLTRAAP|0.685
Q13131|Q96IZ0_EKRRSTGVV|0.934
Q13131|Q96IZ0_CLDEYEDDE|0.373
Q13131|Q96IZ0_VSSRYSRTD|0.0
Q13131|Q96IZ0_SSRYSRTDR|0.001
Q13131|Q96IZ0_VSSSTLEKK|0.603
Q13131|P25116_PNDKYEPFW|0.0
Q13131|P25116_GLTEYRLVS|0.0
Q13131|P25116_VANRSKKSR|0.0
Q13131|P25116_NNSIYKKLL|0.0
Q13131|O00254_IPAIYLLVF|0.0
Q13131|O00254_TVFLYMLPF|0.0
Q13131|Q8TEW0_QQAVTRYRK|0.0
Q13131|Q8TEW0_GTSASSTGT|0.0
Q13131|Q8TEW0_SASSTGTQS|0.0
Q13131|Q8TEW0_TGTQSPEIF|0.0
Q13131|Q8TEW0_AFQPYQATS|0.0
Q13131|Q8TEW0_GLSTSVSDS|0.001
Q13131|Q8TEW0_STSVSDSNF|0.55
Q13131|Q8TEW0_DSNFSSEEP|0.0
Q13131|Q8TEW0_SEEPSRKNP|0.0
Q13131|Q8TEW0_RKNPTRWST|0.0
Q13131|Q8TEW0_RWSTTAGFL|0.088
Q13131|Q8TEW0_NTAGSPKTC|0.0
Q13131|Q8TEW0_KDENYRSLP|0.0
Q13131|Q8TEW0_ENYRSLPRD|0.01
Q13131|Q8TEW0_DNARSSLSA|0.613
Q13131|Q8TEW0_NARSSLSAS|0.0
Q13131|Q8TEW0_RSSLSASHP|0.0
Q13131|Q8TEW0_SLSASHPMV|0.011
Q13131|Q8TEW0_RGGRTLGLL|0.001
Q13131|Q8TEW0_YEQLSQSEK|0.0
Q13131|Q8TEW0_EKNNYYSSR|0.0
Q13131|Q8TEW0_KNNYYSSRF|0.0
Q13131|Q8TEW0_NNYYSSRFS|0.0
Q13131|Q8TEW0_NYYSSRFSP|0.002
Q13131|Q8TEW0_FSPDSQYID|0.0
Q13131|Q8TEW0_GLGFSITSR|0.0
Q13131|Q8TEW0_SRDVTIGGS|0.0
Q13131|Q8TEW0_TIGGSAPIY|0.0
Q13131|Q8TEW0_LVGKSQEEV|0.0
Q13131|Q8TEW0_EEVVSLLRS|0.0
Q13131|Q8TEW0_PLNDSGSAG|0.0
Q13131|Q8TEW0_NDSGSAGLG|0.0
Q13131|Q8TEW0_GLGVSVKGN|0.0
Q13131|Q8TEW0_LLGKTNQDA|0.0
Q13131|Q8TEW0_TLRRSMSTE|0.001
Q13131|Q8TEW0_RRSMSTEGN|0.0
Q13131|Q8TEW0_RSMSTEGNK|0.0
Q13131|Q8TEW0_ARRISKCNE|0.0
Q13131|Q8TEW0_DESPSRNAA|0.0
Q13131|Q8TEW0_FSDASQLDF|0.0
Q13131|Q8TEW0_KTRKSKSMD|0.729
Q13131|Q8TEW0_DVGPSLGLK|0.0
Q13131|Q8TEW0_GLKKSSSLE|0.301
Q13131|Q8TEW0_LKKSSSLES|0.537
Q13131|Q8TEW0_SSLESLQTA|0.0
Q13131|Q8TEW0_ESLQTAVAE|0.0
Q13131|Q8TEW0_GCNESFRAA|0.0
Q13131|Q8TEW0_IDKSYDKPA|0.0
Q13131|Q8TEW0_EGMETLEED|0.005
Q13131|Q8TEW0_ESSRSGRES|0.161
Q13131|Q8TEW0_VSTASDQPS|0.0
Q13131|Q8TEW0_DELMYGGVS|0.0
Q13131|Q8TEW0_GVSSYEGSM|0.412
Q13131|Q8TEW0_ARPQSPREG|0.0
Q13131|Q8TEW0_NSKPSPVDS|0.034
Q13131|Q8TEW0_SPVDSNRST|0.0
Q13131|Q8TEW0_DSNRSTPSN|0.0
Q13131|Q8TEW0_SNRSTPSNH|0.0
Q13131|Q8TEW0_RRTYSFEQP|0.241
Q13131|Q8TEW0_SGRHSVSVE|0.085
Q13131|Q8TEW0_RHSVSVEVQ|0.0
Q13131|Q8TEW0_AQRQYSSLP|0.0
Q13131|Q8TEW0_QRQYSSLPR|0.0
Q13131|Q8TEW0_RQYSSLPRQ|0.167
Q13131|Q8TEW0_VSQDSWEQN|0.0
Q13131|Q8TEW0_WEQNYSPGE|0.0
Q13131|Q8TEW0_EQNYSPGEG|0.001
Q13131|Q8TEW0_ENPRYSSYQ|0.0
Q13131|Q8TEW0_NPRYSSYQG|0.0
Q13131|Q8TEW0_PRYSSYQGS|0.0
Q13131|Q8TEW0_SRNGYLGGH|0.0
Q13131|Q8TEW0_GPSNYDSYK|0.0
Q13131|Q8TEW0_SNYDSYKKV|0.0
Q13131|Q8TEW0_NYDSYKKVQ|0.0
Q13131|Q8TEW0_QDPSYAPPK|0.0
Q13131|Q8TEW0_DVPPSPSQV|0.0
Q13131|Q8TEW0_PPSPSQVAR|0.455
Q13131|Q8TEW0_NRLQTPEKG|0.0
Q13131|Q8TEW0_RPFYS____|0.0
Q13131|Q8TEW0-10_GLDESPSRN|0.0
Q13131|Q8TEW0-10_QKAGSPSRD|0.0
Q13131|Q8TEW0-10_AGSPSRDVG|0.0
Q13131|Q8TEW0-11_DIVLTPDGT|0.0
Q13131|Q8TEW0-11_GLDESPSRN|0.0
Q13131|Q8TEW0-5_DIVLTPDGT|0.0
Q13131|Q8TEW0-5_GLDESPSRN|0.0
Q13131|Q8TEW0-5_RKSKSMDLG|0.0
Q13131|Q8TEW0-5_DLGSSPSRD|0.0
Q13131|Q8TEW0-6_GLDESPSRN|0.0
Q13131|Q8TEW0-6_QKAGSPSRD|0.0
Q13131|Q8TEW8_HKIESPSGN|0.759
Q13131|Q8TEW8_LKLGTPLLV|0.564
Q13131|Q8TEW8_LVRRSSDPV|0.823
Q13131|Q8TEW8_VRRSSDPVP|0.926
Q13131|Q8TEW8_TSPRTKDTL|0.521
Q13131|Q8TEW8_DMTRTVEIS|0.004
Q13131|Q8TEW8_TVEISGEGG|0.476
Q13131|Q8TEW8_TGTDSPETD|0.518
Q13131|Q8TEW8_DASASLQQN|0.839
Q13131|Q8TEW8_GGKPSSPSL|0.998
Q13131|Q8TEW8_GKPSSPSLS|0.353
Q13131|Q8TEW8_MGFGSNKNA|0.456
Q13131|Q8TEW8_GRDVTGRTQ|0.016
Q13131|Q8TEW8_VTGRTQEEL|0.851
Q13131|Q8TEW8_MLRSTKQGE|0.942
Q13131|Q8TEW8_RRSMSMEGN|0.996
Q13131|Q8TEW8_FRSVTPARQ|0.832
Q13131|Q8TEW8_KASKSMDLV|0.989
Q13131|Q8TEW8_AGQKSESPS|0.462
Q13131|Q8TEW8_QKSESPSKD|0.637
Q13131|Q8TEW8_GLKKSSSLE|0.979
Q13131|Q8TEW8_LKKSSSLES|0.954
Q13131|Q8TEW8_SSLESLQTA|0.837
Q13131|Q8TEW8_GCNESFRAA|0.957
Q13131|Q8TEW8_MDPNYARVN|0.621
Q13131|Q8TEW8_FRSPSPPRA|0.67
Q13131|Q8TEW8_GHPLSPERD|0.423
Q13131|Q8TEW8_VNKPYHPLV|0.969
Q13131|Q8TEW8_LRKEYYQAR|0.906
Q13131|Q8TEW8_GFPLYEDDE|0.149
Q13131|Q8TEW8_RARPSEYDL|0.572
Q13131|Q8TEW8_RPSEYDLLW|0.54
Q13131|Q8TEW8_MERQYASLP|0.362
Q13131|Q8TEW8_RQYASLPRG|0.45
Q13131|Q8TEW8_DPVDYLPAA|0.547
Q13131|Q8TEW8_DVPPSPPQH|0.13
Q13131|Q8TEW8_RMPAYQETG|0.442
Q13131|Q8TEW8_DQYPYRTQD|0.491
Q13131|Q8TEW8_YPYRTQDSR|0.504
Q13131|Q8TEW8_RTQDSRQKN|0.905
Q13131|Q8TEW8-5_SGRPTGGST|0.001
Q13131|Q8TEW8-5_PTGGSTDRI|0.0
Q13131|Q8TEW8-5_TGGSTDRIQ|0.0
Q13131|Q96RI0_ASKASAEGG|0.217
Q13131|Q96RI0_GTHSSLLQ_|0.546
Q13131|O75781_GTPSSASEG|0.0
Q13131|O75781_AAMYSVEIT|0.0
Q13131|O75781_TRVLSSTTL|0.556
Q13131|O75781_EVTLSEAGS|0.068
Q13131|O75781_SEAGSTAGA|0.0
Q13131|O75781_IFMGYQNVE|0.0
Q13131|Q9NPB6_AEADSSGLA|0.261
Q13131|Q9NPB6_EADSSGLAF|0.009
Q13131|Q9NPB6_LAFASNSLQ|0.501
Q13131|Q9NPB6_FASNSLQRR|0.739
Q13131|Q9NPB6_HKHGSDRPL|0.558
Q13131|Q9BYG5__MNRSHRHG|0.752
Q13131|Q9BYG5_EEADYSAFG|0.008
Q13131|Q9BYG5_EADYSAFGT|0.233
Q13131|Q9BYG5_FGTDTLIKK|0.229
Q13131|Q9BYG5_RPVSSIIDV|0.0
Q13131|Q9BYG5_IRDGSSVRV|0.574
Q13131|Q9BYG5_EDEDSEEDD|0.0
Q13131|Q9BYG5_PNTESLESL|0.0
Q13131|Q9BYG5_IASSSNTEF|0.165
Q13131|Q9BYG5_TEFETHAPD|0.0
Q13131|Q9BYG5_GTIITL___|0.0
Q13131|Q9BYG4__MNRSFHKS|0.0
Q13131|Q9BYG4_SFHKSQTLR|0.0
Q13131|Q9BYG4_LGAGSLCRR|0.048
Q13131|Q9BYG4_DEAESDEDN|0.0
Q13131|Q9BYG4_RLLSSLRAD|0.0
Q13131|Q9BYG4_DPRHSLALP|0.164
Q13131|Q86W56_GAATTSPAA|0.123
Q13131|Q86W56_VPPSSPACV|0.0
Q13131|Q86W56_SMMSSVQKD|0.065
Q13131|Q86W56_KDNFYQHNV|0.0
Q13131|Q86W56_LENVSQLSL|0.711
Q13131|Q86W56_NIDRSPQND|0.001
Q13131|Q86W56_SDTDSEENR|0.018
Q13131|Q86W56_KCSKSCDPG|0.0
Q13131|Q86W56_SDVGSEDVG|0.0
Q13131|Q86W56_DEETSPGFD|0.0
Q13131|Q86W56_EGGESRTGM|0.608
Q13131|Q86W56_KIPKYVPPH|0.001
Q13131|Q86W56_ELIQTALLN|0.063
Q13131|Q86W56_LNKFTRPQN|0.008
Q13131|Q86W56_EYSSYPDIN|0.0
Q13131|Q86W56_MRDIYSMHI|0.0
Q13131|Q86W56_RDIYSMHIF|0.0
Q13131|Q86W56_HIFLTERKL|0.0
Q13131|Q86W56_RNCSTPGPD|0.261
Q13131|Q6NUN9_AAPISPWTM|0.433
Q13131|Q6NUN9_AVLGTLLQE|0.438
Q13131|Q6NUN9_LLQEYGLLQ|0.455
Q13131|Q6NUN9_EVVATPVHP|0.392
Q13131|Q6NUN9_MGELSPAVA|0.545
Q13131|Q6NUN9_APDGSGPGT|0.001
Q13131|Q6NUN9_GGSGSGGGG|0.454
Q13131|Q6NUN9_GGGGSGGGS|0.008
Q13131|Q6NUN9_QPLPTPPAP|0.002
Q13131|Q6NUN9_KSPASKGPL|0.481
Q13131|O60260_RFNSSHGFP|0.999
Q13131|O60260_VEVDSDTSI|0.372
Q13131|O60260_VDLSSSVLP|0.519
Q13131|O60260_DLSSSVLPG|0.417
Q13131|O60260_LPGDSVGLA|0.41
Q13131|O60260_PNRMSGECQ|0.498
Q13131|O60260_GECQSPHCP|0.162
Q13131|O60260_HCPGTSAEF|0.006
Q13131|O60260_CKEAYHEGE|0.049
Q13131|O60260_SGTTTQAYR|0.394
Q13131|O60260_TTQAYRVDE|0.359
Q13131|O95453_LKKHSMDFL|0.501
Q13131|O95453_GALSYVSPN|0.0
Q13131|O95453_KCPVTIPED|0.0
Q13131|O95453_KKERYIVIS|0.0
Q13131|O95453_YIVISKVDE|0.0
Q13131|O95453_KLMASTQPF|0.0
Q13131|O95453_IINNTSLAE|0.0
Q13131|O95453_INNTSLAEL|0.499
Q13131|O95453_KIHVSARSK|0.0
Q13131|O95453_VLHVTFPKE|0.0
Q13131|O95453_LQNHYYRNN|0.001
Q13131|O95453_FTAPSTVGK|0.662
Q13131|O95453_AGSISKNSP|0.252
Q13131|O95453_EVPDTW___|0.0
Q13131|P09874_MAESSDKLY|0.054
Q13131|P09874_EYAKSGRAS|0.0
Q13131|P09874_CKKCSESIP|0.081
Q13131|P09874_KCSESIPKD|0.022
Q13131|P09874_IPKDSLRMA|0.58
Q13131|P09874_VDGFSELRW|0.601
Q13131|P09874_KVKKTAEAG|0.061
Q13131|P09874_FAAEYAKSN|0.004
Q13131|P09874_SLLATEDKE|0.545
Q13131|P09874_PGVKSEGKR|0.523
Q13131|P09874_AKKKSKKEK|0.091
Q13131|P09874_KKVCSTNDL|0.912
Q13131|P09874_FREISYLKK|0.517
Q13131|P09874_PPETSASVA|0.0
Q13131|P09874_PSTASAPAA|0.669
Q13131|P09874_DKPLSNMKI|0.029
Q13131|P09874_GGKLTGTAN|0.788
Q13131|P09874_IRVVSEDFL|0.974
Q13131|P09874_AHILSPWGA|0.046
Q13131|P09874_PRGKSGAAL|0.0
Q13131|P09874_GAALSKKSK|0.44
Q13131|P09874_VDPDSGLEH|0.629
Q13131|P09874_GLEHSAHVL|0.939
Q13131|P09874_EQMPSKEDA|0.013
Q13131|P09874_LEIDYGQDE|0.651
Q13131|P09874_VNPGTKSKL|0.412
Q13131|P09874_FDVESMKKA|0.009
Q13131|P09874_AMVEYEIDL|0.0
Q13131|P09874_LGKLSKRQI|0.664
Q13131|P09874_GSSDSQILD|0.285
Q13131|P09874_ILDLSNRFY|0.0
Q13131|P09874_SNRFYTLIP|0.785
Q13131|P09874_NRFYTLIPH|0.365
Q13131|P09874_IEVAYSLLR|0.79
Q13131|P09874_IDVNYEKLK|0.396
Q13131|P09874_VDRDSEEAE|0.266
Q13131|P09874_NTHATTHNA|0.466
Q13131|P09874_THNAYDLEV|0.104
Q13131|P09874_AGILSQGLR|0.775
Q13131|P09874_GKGIYFADM|0.39
Q13131|Q53GL7_NRRRSGGGP|0.949
Q13131|Q53GL7_GPVLSWQRL|0.708
Q13131|Q53GL7_GAQLSLRPA|0.477
Q13131|Q53GL7_CALASPRPD|0.474
Q13131|Q53GL7_PKPLSEADV|0.973
Q13131|Q53GL7_NERRSGGGP|0.884
Q13131|Q53GL7_IAMDSPEQE|0.494
Q13131|Q53GL7_PMEITMGSL|0.458
Q13131|Q53GL7_ARRASLSVQ|0.999
Q13131|Q53GL7_RSPDT____|0.442
Q13131|Q9H0J9_VLAASPLRL|0.497
Q13131|Q9H0J9_HICQYFLQG|0.535
Q13131|Q9H0J9_VPQGTSERK|0.0
Q13131|Q9H0J9_RKSCSFQDK|0.0
Q13131|Q9H0J9_PGPKSIPDY|0.037
Q13131|Q460N5_QDPRSPSRF|0.056
Q13131|Q460N5_QLPATPDEI|0.344
Q13131|Q460N5_GADDYSLKL|0.47
Q13131|Q460N5_ADDYSLKLF|0.449
Q13131|Q460N5_SVFPYYASL|0.676
Q13131|Q460N5_VFPYYASLG|0.495
Q13131|Q460N5_GTALYGKEK|0.501
Q13131|Q460N5_PFEESLDLP|0.003
Q13131|Q460N5_STTLSSIRS|0.451
Q13131|Q460N5_TTLSSIRSK|0.511
Q13131|Q460N5_EDVQSIEVQ|0.789
Q13131|Q460N5_DYLKTEKKL|0.403
Q13131|Q460N5_VVNASNEDL|0.932
Q13131|Q460N5_GPRWSGYEA|0.129
Q13131|Q460N5_WEKGSLVSP|0.365
Q13131|Q460N5_GSLVSPGGL|0.36
Q13131|Q460N5_VIVNSTSNS|0.455
Q13131|Q460N5_IVNSTSNSF|0.845
Q13131|Q460N5_STSNSFNLK|0.482
Q13131|Q460N5_SSQQSVMSK|0.987
Q13131|Q460N5_NHRHYTVNL|0.631
Q13131|Q460N5_NLNTYTATD|0.566
Q13131|Q460N5_TKGHSLSVQ|0.007
Q13131|Q460N5_FNRSYAGKN|0.586
Q13131|Q460N3_SRSMSRDNK|0.633
Q13131|Q460N3_KFTRTCSSY|0.001
Q13131|Q460N3_TRTCSSYAI|0.0
Q13131|Q460N3_RTCSSYAIE|0.0
Q13131|Q460N3_TCSSYAIEK|0.082
Q13131|Q460N3_AGLVTPPPK|0.0
Q13131|Q8N5Y8__MQPSGWAA|0.03
Q13131|Q8N5Y8_DLRCSLFAS|0.0
Q13131|Q8N5Y8_KKKDSKEID|0.0
Q13131|Q9UGN5_RRRRSTGGG|0.015
Q13131|Q9UGN5_RRRSTGGGR|0.0
Q13131|Q9UGN5_ALNESKRVN|0.175
Q13131|Q9UGN5_QRQESKKMP|0.0
Q13131|Q9UGN5_GNDVYDVML|0.277
Q13131|Q9UGN5_LGKLTVAQI|0.0
Q13131|Q9UGN5_FGLRTPPLI|0.0
Q13131|Q9UGN5_QKELSEKIQ|0.049
Q13131|Q9UGN5_TELQSPEHP|0.002
Q13131|Q9UGN5_FKVISQYLQ|0.0
Q13131|Q9UGN5_YLQSTHAPT|0.007
Q13131|Q9UGN5_LWHGSRMSN|0.648
Q13131|Q9UGN5_FADMSSKSA|0.0
Q13131|Q9UGN5_QGKHSTKGL|0.0
Q13131|Q9Y6F1_MFKNTMALM|0.876
Q13131|Q9Y6F1_LGKLSKQQI|0.493
Q13131|Q9Y6F1_IMPHSGGRV|0.456
Q13131|Q9UKK3_LKVKYLPQQ|0.002
Q13131|Q9UKK3_KKLQTDIKE|0.0
Q13131|Q9UKK3_YQLNSIQKN|0.0
Q13131|Q9UKK3_NYDPYKPLD|0.167
Q13131|Q9UKK3_DASEYFENY|0.0
Q13131|Q9UKK3_YFENYIEEL|0.007
Q13131|Q9UKK3_NVCETNLSK|0.037
Q13131|Q9UKK3_ETNLSKPNP|0.0
Q13131|Q9UKK3_PNPPSLAKY|0.0
Q13131|Q9UKK3_GVQRTDVGN|0.062
Q13131|Q9UKK3_NLQDTVEKI|0.709
Q13131|Q9UKK3_SSGFSLHIG|0.894
Q13131|Q9UKK3_HIGLSAAYL|0.352
Q13131|Q9UKK3_LHALSLVGE|0.357
Q13131|Q9UKK3_KTLRYLSLL|0.388
Q13131|Q9UKK3_TRLCSPSCH|0.567
Q13131|Q9UKK3_KEFRTMVST|0.006
Q13131|Q9UKK3_RTMVSTTEL|0.008
Q13131|Q9UKK3_KTTGTMIHK|0.233
Q13131|Q9UKK3_ITQFTSFVA|0.457
Q13131|Q9UKK3_TQFTSFVAV|0.353
Q13131|Q9UKK3_DENESPFPD|0.001
Q13131|Q9UKK3_VRNQSLLAS|0.998
Q13131|Q9UKK3_SLLASSEWP|0.925
Q13131|Q9UKK3_LLASSEWPE|0.0
Q13131|Q9UKK3_KMELSQPEV|0.001
Q13131|Q9UKK3_SWTESCKPT|0.0
Q13131|Q9UKK3_FKKVSPWET|0.001
Q13131|Q9UKK3_PASLSFASY|0.799
Q13131|Q9UKK3_LSFASYRQV|0.606
Q13131|Q9UKK3_RQVASFGSA|0.97
Q13131|Q9UKK3_PELDSPQLH|0.0
Q13131|Q9UKK3_SQSRTTPVD|0.615
Q13131|Q9UKK3_VLQDSCFLQ|0.002
Q13131|Q9UKK3_TKDDSILCF|0.0
Q13131|Q9UKK3_LNLNTNGLH|0.002
Q13131|Q9UKK3_NGLHSFLKQ|0.0
Q13131|Q9UKK3_KGIQSLGVK|0.55
Q13131|Q9UKK3_DLIATMLVL|0.003
Q13131|Q9UKK3_IVFKSLMKM|0.0
Q13131|Q9UKK3_LQPISTVSP|0.158
Q13131|Q9UKK3_RVLHYSQG_|0.223
Q13131|Q9UKK3_VLHYSQG__|0.899
Q13131|Q2NL67_RLRFSLSQY|0.576
Q13131|Q2NL67_RFSLSQYLD|0.463
Q13131|Q2NL67_SLSQYLDGP|0.42
Q13131|Q2NL67_RAGLSIFSP|0.513
Q13131|Q2NL67_LSIFSPIPK|0.0
Q13131|Q2NL67_AALESPRKS|0.469
Q13131|Q2NL67_SPRKSIIFE|0.521
Q13131|Q2NL67_KALDSVMSI|0.845
Q13131|Q2NL67_ENWHSILRN|0.807
Q13131|Q8N3A8_ELRKTNDIN|0.004
Q13131|Q8N3A8_NCCLSIKSK|0.0
Q13131|Q8N3A8_KKVKSPLHL|0.0
Q13131|Q8N3A8_LHLFSTLRR|0.744
Q13131|Q8N3A8_HLFSTLRRS|0.0
Q13131|Q8N3A8_TLRRSPSYP|0.001
Q13131|Q8N3A8_RRSPSYPPP|0.304
Q13131|Q8N3A8_RSPSYPPPG|0.0
Q13131|Q8N3A8_LLRRTCSST|0.375
Q13131|Q8N3A8_RRTCSSTVK|0.991
Q13131|Q8N3A8_STVKTDDVC|0.056
Q13131|Q8N3A8_GRSLSSDPR|0.0
Q13131|Q8N3A8_EQAMTAIKS|0.019
Q13131|Q8N3A8_LLTRSCSGD|0.623
Q13131|Q8N3A8_SRSYSSNLR|0.136
Q13131|Q8N3A8_GRRLSLTSG|0.817
Q13131|Q8N3A8_KQKVSAKDE|0.048
Q13131|Q8IXQ6_GAAAYNEKS|0.0
Q13131|Q8IXQ6_GENYSWQIP|0.0
Q13131|Q8IXQ6_RIELSVWKD|0.548
Q13131|Q8IXQ6_FVARYGKVS|0.136
Q13131|Q8IXQ6_VEMKSEFLA|0.0
Q13131|Q8IXQ6_SKMLSLNNY|0.465
Q13131|Q8IXQ6_SLNNYSVPQ|0.738
Q13131|Q8IXQ6_LNNYSVPQS|0.44
Q13131|Q8IXQ6_FASGSPVD_|0.901
Q13131|Q9NWS1_FNQKSVSDM|0.0
Q13131|Q9NWS1_QKSVSDMIK|0.0
Q13131|Q9NWS1_VVALSTTDI|0.0
Q13131|Q9NWS1_INHGTAYCG|0.009
Q13131|Q9NWS1_HGTAYCGRD|0.0
Q13131|Q9NWS1_VSRKSTSQT|0.0
Q13131|Q9NWS1_SRKSTSQTG|0.22
Q13131|Q9NWS1_RKSTSQTGN|0.0
Q13131|Q7L3T8_SPGCYHLLP|0.0
Q13131|Q7L3T8_HLLPYTVRA|0.0
Q13131|Q7L3T8_NKFGYPFVI|0.0
Q13131|Q9NVD7___MATSPQK|0.061
Q13131|Q9NVD7_KSPPSRKKD|0.0
Q13131|Q9NVD7_NEVRTMVDP|0.0
Q13131|Q9NVD7_AEDLYDGQV|0.0
Q13131|Q9NVD7_KINETLKLP|0.0
Q13131|Q9NVD7_LPPRSIKWN|0.0
Q13131|Q9NVD7_DAFDTLFDH|0.141
Q13131|Q9NVD7_NLEVTELET|0.0
Q13131|Q9NVD7_LRVLYNLFT|0.001
Q13131|Q9HBI1___MSSAPRS|0.308
Q13131|Q9HBI1_KKDESFLGK|0.551
Q13131|Q9HBI1_KLGGTLARK|0.524
Q13131|Q9HBI1_AREVSDLQE|0.385
Q13131|Q9HBI1_NEERTMIDP|0.002
Q13131|Q9HBI1_EEDLYDGQV|0.0
Q13131|Q9HBI1_ALRWSVDSI|0.0
Q13131|Q9HBI1_DAFDTLFDH|0.002
Q13131|Q9HBI1_LRVLYNLFT|0.0
Q13131|Q9HBI1_LFTKYKNVE|0.0
Q13131|Q9HBI0_PEFLYDLLQ|0.0
Q13131|Q9HBI0_HRDRTPHGA|0.0
Q13131|Q8IV76_DLQSSEAVP|0.0
Q13131|Q96RG2_CLSQSLPLP|0.482
Q13131|Q96RG2_EPSRSFSSA|0.04
Q13131|Q96RG2_SRSFSSAHR|0.0
Q13131|Q96RG2_RNGLSRLCQ|0.044
Q13131|Q96RG2_RLCQSRTAL|0.029
Q13131|Q96RG2_EPRGSVSCC|0.0
Q13131|Q96RG2_RGSVSCCSL|0.551
Q13131|Q96RG2_VSCCSLLRG|0.512
Q13131|Q96RG2_IPGFYSYMD|0.007
Q13131|Q96RG2_PGFYSYMDL|0.002
Q13131|Q96RG2_RMGVSGPSG|0.503
Q13131|Q96RG2_KEQLSQLSL|0.181
Q13131|Q96RG2_LSQLSLAGA|0.109
Q13131|Q96RG2_SDRESPGHV|0.023
Q13131|Q96RG2_QVTSTPVIV|0.001
Q13131|Q96RG2_LPGSTHSTA|0.019
Q13131|Q96RG2_YSQKYSTMS|0.0
Q13131|Q96RG2_SQKYSTMSP|0.008
Q13131|Q96RG2_QKYSTMSPL|0.044
Q13131|Q96RG2_YSTMSPLGS|0.001
Q13131|Q96RG2_PRLLTS___|0.001
Q13131|Q96RG2_RLLTS____|0.382
Q13131|Q8WXA2_NPWLTFMGC|0.22
Q13131|Q6UY27_VENFYILTR|0.0
Q13131|Q6UY27_RKGQSMYHY|0.0
Q13131|B3GLJ2_YQRNTLQIS|0.0
Q13131|P0C8F1_LVSLSFLYL|0.0
Q13131|P0C8F1_LSFLYLKEV|0.0
Q13131|Q86TB9_FRYESLEDC|0.0
Q13131|Q86TB9_PQPGSLNSS|0.491
Q13131|Q86TB9_SVLEYALPQ|0.0
Q13131|Q86TB9_DRDLSERAL|0.0
Q13131|Q86TB9_GERMSPNQL|0.001
Q13131|Q86TB9_PPVLSPLQR|0.001
Q13131|Q86TB9_RMSPSQFAR|0.753
Q13131|Q86TB9_GFVGSPLAA|0.145
Q13131|Q86TB9_RAFFSAPPS|0.0
Q13131|Q86TB9_QQNRSQHRN|0.65
Q13131|Q86TB9_GDRGSHRSS|0.506
Q13131|Q86TB9_RKDPYANLM|0.002
Q13131|Q86TB9_LEHAYKPVQ|0.522
Q13131|Q86TB9_QFEGSLGKL|0.0
Q13131|Q86TB9_KRRKTLVII|0.106
Q13131|Q86TB9_ICSMYDNLR|0.0
Q13131|Q86TB9-4_GERMSPNQL|0.0
Q13131|Q9HBE1_VNDASCGPS|0.133
Q13131|Q9HBE1_GCYTYQVSR|0.002
Q13131|Q9HBE1_TYQVSRHST|0.542
Q13131|Q9HBE1_SPFPSVASS|0.004
Q13131|Q9HBE1_SVASSAPPL|0.585
Q13131|Q9HBE1_APPLTGKRG|0.586
Q13131|Q9HBE1_NLLDSMFGS|0.0
Q13131|Q9HBE1_KDRMSYHVR|0.614
Q13131|Q9HBE1_DRMSYHVRS|0.679
Q13131|Q9HBE1_YICQSCGKG|0.611
Q13131|Q9HBE1_DRLRSHLAC|0.022
Q13131|Q9HBE1_SANGSFSCD|0.736
Q13131|Q9HBE1_SFFRSKSYL|0.857
Q13131|Q9HBE1-2_LTSGSD___|0.0
Q13131|Q9HBE1-3_LKKHSEGPS|0.0
Q13131|Q9HBE1-4_SLKKSFPAL|0.0
Q13131|Q9HBE1-4_QGWTTPEGS|0.0
Q13131|Q9HBE1-4_TPEGSRAFT|0.0
Q13131|P15863_GAGGSALRC|0.489
Q13131|P15863_PAIGTGRIG|0.005
Q13131|P23760____MTTLAG|0.46
Q13131|P23760___MTTLAGA|0.0
Q13131|P23760_KIEEYKREN|0.0
Q13131|P23760-3_KIEEYKREN|0.0
Q13131|P23760-8_TFDKSSGEE|0.0
Q13131|P23760-8_FDKSSGEEE|0.0
Q13131|O43316_LPLDTRQQI|0.268
Q13131|O43316_RYYRTGVLE|0.579
Q13131|Q02548_KNYPTPRTS|0.274
Q13131|Q02548_RTSRTGHGG|0.002
Q13131|Q02548_VPSVSSINR|0.423
Q13131|Q02548_VTQVSSVST|0.0
Q13131|Q02548_AGSSYSISG|0.0
Q13131|Q02548_GSSYSISGI|0.0
Q13131|Q02548_GIQESPVPN|0.092
Q13131|Q02548_PGPQSYPIV|0.0
Q13131|Q02548_GPQSYPIVT|0.014
Q13131|P26367-2_NGCVSKILG|0.0
Q13131|P23759_KIEEYKREN|0.008
Q13131|P23759_CDRSTVPSG|0.091
Q13131|P23759_LDEGSDVES|0.551
Q13131|P23759_SDVESEPDL|0.027
Q13131|P23759-1_VPIPSPTPR|0.0
Q13131|P23759-1_FMESYKVVS|0.0
Q13131|P23759-1_YKVVSGWGM|0.0
Q13131|Q06710_VPSVSSINR|0.333
Q13131|Q06710_EAYASPSHT|0.001
Q13131|Q06710_ADPHSPFAI|0.002
Q13131|P55771_AKVPTPPGV|0.515
Q13131|P55771_PSSHSVTDI|0.0
Q13131|P55771_SPYHSPKVE|0.537
Q13131|Q6ZW49____MSDQAP|0.461
Q13131|Q6ZW49_SEDRSALWA|0.0
Q13131|Q6ZW49_WALVTFYGG|0.75
Q13131|Q6ZW49_LVTFYGGDC|0.08
Q13131|Q6ZW49_DCQLTLNKK|0.447
Q13131|Q6ZW49_NKKCTHLIV|0.61
Q13131|Q6ZW49_KGEKYECAL|0.66
Q13131|Q6ZW49_SQEGSPSGD|0.0
Q13131|Q6ZW49_NLNWTPAEV|0.749
Q13131|Q6ZW49_QNLQSSERS|0.752
Q13131|Q6ZW49_NLQSSERSE|0.009
Q13131|Q6ZW49_IATWSPAVR|0.38
Q13131|Q6ZW49_VSSAYAQAI|0.053
Q13131|Q6ZW49_HWLNTVLKK|0.155
Q13131|Q6ZW49_KYTGYLCRS|0.0
Q13131|Q6ZW49_AQKCTHLIA|0.003
Q13131|Q6ZW49_RAHVSPLFK|0.336
Q13131|Q6ZW49_FKAKYFYIT|0.0
Q13131|Q9BUH6_MDPLSPPLC|0.0
Q13131|Q9BUH6_PPLCTLPPG|0.0
Q13131|Q9BUH6_EDRASLTLS|0.0
Q13131|Q9BUH6_SLTLSGGPS|0.02
Q13131|Q9BUH6_SGGPSALAF|0.0
Q13131|Q9BVG4_DDQIYSEFR|0.0
Q13131|P43490_ILLATDSYK|0.659
Q13131|P43490_LATDSYKVT|0.559
Q13131|P43490_ATDSYKVTH|0.299
Q13131|P43490_HYKQYPPNT|0.398
Q13131|P43490_KVYSYFECR|0.023
Q13131|P43490_RKVKYEETV|0.0
Q13131|P43490_KYEETVFYG|0.236
Q13131|P43490_ETVFYGLQY|0.024
Q13131|P43490_YGLQYILNK|0.46
Q13131|P43490_ILNKYLKGK|0.422
Q13131|P43490_ILAKYLLET|0.385
Q13131|P43490_HDFGYRGVS|0.512
Q13131|P43490_VPGYSVPAA|0.404
Q13131|P43490_KFPVTENSK|0.53
Q13131|P43490_VTENSKGYK|0.391
Q13131|P43490_QKMWSIENI|0.585
Q13131|P43490_IAFGSGGGL|0.297
Q13131|P43490_FKCSYVVTN|0.491
Q13131|P43490_KGRLSLHRT|0.585
Q13131|P43490_SLHRTPAGN|0.648
Q13131|P43490_DLEEYGQDL|0.0
Q13131|P43490_KVTKSYSFD|0.755
Q13131|Q96KB5_MEGISNFKT|0.0
Q13131|Q96KB5_FKTPSKLSE|0.537
Q13131|Q96KB5_PSKLSEKKK|0.143
Q13131|Q96KB5_GVNVYLMKR|0.101
Q13131|Q96KB5_LMKRSPRGL|0.02
Q13131|Q96KB5_DHYRSVYQK|0.246
Q13131|Q96KB5_YRSVYQKRL|0.0
Q13131|Q96KB5_KILKSLHHP|0.452
Q13131|Q96KB5_NIVGYRAFT|0.0
Q13131|Q96KB5_GGEKSLNDL|0.0
Q13131|Q96KB5_DIKSSNVVI|0.0
Q13131|Q96KB5_GDFETIKIC|0.0
Q13131|Q96KB5_DEDKTFDES|0.0
Q13131|E2RYF6_SDTTTASIT|0.0
Q13131|E2RYF6_TTTASITGS|0.001
Q13131|E2RYF6_SITGSETTM|0.001
Q13131|E2RYF6_MASTSALTT|0.0
Q13131|E2RYF6_TSALTTGSK|0.0
Q13131|E2RYF6_SALTTGSKI|0.0
Q13131|E2RYF6_LTTGSKITT|0.0
Q13131|E2RYF6_GSKITTDST|0.0
Q13131|E2RYF6_ATKVSTTGS|0.0
Q13131|E2RYF6_TKVSTTGSE|0.0
Q13131|E2RYF6_TGSETTTAS|0.0
Q13131|E2RYF6_TTTASTAGS|0.23
Q13131|E2RYF6_TTASTAGSE|0.0
Q13131|E2RYF6_AGSETTTTS|0.0
Q13131|E2RYF6_TTSTSMAGS|0.001
Q13131|E2RYF6_SMAGSEATT|0.0
Q13131|E2RYF6_EATTTSTAD|0.0
Q13131|E2RYF6_AGSETTVST|0.0
Q13131|E2RYF6_GSETTVSTA|0.0
Q13131|E2RYF6_ETTVSTAGS|0.0
Q13131|E2RYF6_TTVSTAGSE|0.0
Q13131|E2RYF6_GSETTAAST|0.209
Q13131|E2RYF6_TTAASTEDS|0.0
Q13131|E2RYF6_TAASTEDSE|0.0
Q13131|E2RYF6_STTGSETTT|0.0
Q13131|E2RYF6_SDSETTTAS|0.0
Q13131|E2RYF6_EGSETTAVS|0.0
Q13131|E2RYF6_SATGSEMTT|0.0
Q13131|E2RYF6_GSEMTTVST|0.0
Q13131|E2RYF6_SEMTTVSTE|0.0
Q13131|E2RYF6_NTTASTADS|0.0
Q13131|E2RYF6_TSASTTGSE|0.0
Q13131|E2RYF6_SASTTGSET|0.0
Q13131|E2RYF6_TTTVSTTDS|0.0
Q13131|E2RYF6_SEITTASIT|0.0
Q13131|E2RYF6_RLTASSSVT|0.0
Q13131|P40424_KGGGSAAAA|0.0
Q13131|P40424_AAAASGGAG|0.508
Q13131|P40424_GGAGSDNSV|0.663
Q13131|P40424_GSDNSVEHS|0.0
Q13131|P40424_HRKFSSIQM|0.01
Q13131|P40424_RKFSSIQMQ|0.003
Q13131|P40424_EANIYAAKT|0.0
Q13131|P40424_SAHGSQANS|0.033
Q13131|P40424_SQANSPSTP|0.003
Q13131|P40424-2_SQANSPSTP|0.0
Q13131|P40424-2_NSPSTPNSA|0.0
Q13131|P40424-2_STPNSAGGY|0.0
Q13131|P40424-2_SAGGYPSPC|0.0
Q13131|P40424-2_GGYPSPCYQ|0.0
Q13131|P40425_PGGGSGGVP|0.537
Q13131|P40425_PALFSVLCE|0.0
Q13131|P40425_EANIYAVKT|0.557
Q13131|P40425_AVSVTQGGH|0.828
Q13131|P40425_GQMYSPREM|0.594
Q13131|P40426_PALFSVLCE|0.233
Q13131|P40426_AEGVSGPEK|0.438
Q13131|P40426_HRKFSSIQM|0.41
Q13131|P40426_RKFSSIQMQ|0.522
Q13131|P40426_EANLYAAKT|0.416
Q13131|Q9BYU1_RPAPSPPAP|0.382
Q13131|Q9BYU1_PALFSVLCE|0.0
Q13131|Q9BYU1_CREFTTHVT|0.178
Q13131|Q9BYU1_GLTISQVSN|0.243
Q13131|Q9BYU1_ISQVSNWFG|0.0
Q13131|Q96AQ6_SCPDSDNSW|0.001
Q13131|Q96AQ6_VLAGSESLP|0.0
Q13131|Q96AQ6_LPVETLGPA|0.0
Q13131|Q96AQ6_SPSKTDGKE|0.635
Q13131|Q96AQ6_FQTESPQSG|0.0
Q13131|Q96AQ6_LEGQSPPQS|0.0
Q13131|Q96AQ6_QSLPSTPKA|0.323
Q13131|Q96AQ6_SLPSTPKAA|0.0
Q13131|Q96AQ6_RLLGSVQQD|0.754
Q13131|Q96AQ6_HFQNSREWS|0.832
Q13131|Q96AQ6_QELASLLRT|0.0
Q13131|Q96AQ6_ELPLSPAFF|0.0
Q13131|P11498_IRRTSTAPA|0.459
Q13131|P11498_APAASPNVR|0.003
Q13131|P11498_TVAIYSEQD|0.013
Q13131|P11498_SEQDTGQMH|0.392
Q13131|P11498_VHPGYGFLS|0.334
Q13131|P11498_FIGPSPEVV|0.494
Q13131|P11498_FKAAYGGGG|0.014
Q13131|P11498_VVHSYEELE|0.39
Q13131|P11498_LEENYTRAY|0.409
Q13131|P11498_EENYTRAYS|0.0
Q13131|P11498_GAVISPHYD|0.008
Q13131|P11498_VNGPTTPIP|0.0
Q13131|P11498_NGPTTPIPV|0.0
Q13131|P11498_TPLDTEVPM|0.024
Q13131|P11498_VFDYSEYWE|0.0
Q13131|P11498_DYSEYWEGA|0.109
Q13131|P11498_QNGLSRAEA|0.934
Q13131|P11498_GEEVTPEDV|0.005
Q13131|P11498_EDVLSAAMY|0.447
Q13131|P11498_PMEGTVRKV|0.441
Q13131|P53999_RKGISLNPE|0.619
Q13131|P53999_PEQWSQLKE|0.026
Q13131|Q92831_AAGGSGACG|0.001
Q13131|Q92831_GGGGSARIA|0.523
Q13131|Q92831_NPNPSPTPP|0.367
Q13131|Q92831_NPSPTPPRA|0.541
Q13131|Q92831_RRLRSPNDD|0.595
Q13131|Q92831_NDDISGYKE|0.116
Q13131|Q92831_SLPRYETTQ|0.586
Q13131|Q92831_VFGRTLLRS|0.865
Q13131|Q92831_TLLRSVFTV|0.735
Q13131|Q92831_RSVFTVMRR|0.652
Q13131|Q92831_MPKEYITRL|0.505
Q13131|Q92831_KEYITRLVF|0.696
Q13131|Q92831_QLYSTLKSI|0.109
Q13131|Q92831_NCKEYNPPE|0.504
Q13131|Q92831_NPPESEYYK|0.313
Q13131|Q92831_PESEYYKCA|0.488
Q13131|Q92831_ESEYYKCAN|0.716
Q13131|A6NGG8_SERGSIPLL|0.0
Q13131|A6NGG8_IPFKTQGSH|0.0
Q13131|A6NGG8_KTQGSHGSQ|0.0
Q13131|A6NGG8_AKCHTSSTQ|0.0
Q13131|A6NGG8_KCHTSSTQS|0.0
Q13131|A6NGG8_HCYQTIHPA|0.0
Q13131|A6NGG8_LLQYTVSKL|0.0
Q13131|A6NGG8_QYTVSKLQV|0.0
Q13131|A6NGG8_LGKQTSWDL|0.0
Q13131|A6NGG8_GKQTSWDLA|0.0
Q13131|A6NGG8_KSVTSPHTE|0.0
Q13131|A6NGG8_ADRESPFQA|0.0
Q13131|A6NGG8_IETFSPTES|0.0
Q13131|A6NGG8_MLGDSKDAG|0.0
Q13131|A6NGG8_LPSKSTASL|0.0
Q13131|A6NGG8_PSKSTASLT|0.0
Q13131|A6NGG8_PRVLSPPTT|0.0
Q13131|A6NGG8_LSPPTTKRR|0.0
Q13131|A6NGG8_SPPTTKRRT|0.0
Q13131|A6NGG8_PMSPSQEHK|0.0
Q13131|Q9H0N5_ALGATRRLL|0.943
Q13131|P57721_KEVGSIIGK|0.559
Q13131|P57721_RINISEGNC|0.952
Q13131|P57721_VVPASQCGS|0.005
Q13131|P57721_SQCGSLIGK|0.556
Q13131|P57721_IQGQYAIPH|0.0
Q13131|P57721_ERQITITGT|0.492
Q13131|P57721_QITITGTPA|0.0
Q13131|P57723_KEVGSIIGK|0.512
Q13131|P57723_FHAVSMIAF|0.01
Q13131|P57723_GRQGSKISE|0.158
Q13131|P57723_RQKFSPY__|0.322
Q13131|P05165_FWVGTAPLV|0.0
Q13131|P05165_VAIHSDVDA|0.566
Q13131|P05165_VHPGYGFLS|0.0
Q13131|P05165_YGFLSENKE|0.346
Q13131|P05165_AEVNTIPGF|0.068
Q13131|P05165_EAASSFGDD|0.842
Q13131|P05165_FLVDSKKNF|0.503
Q13131|P05165_KKNFYFLEM|0.0
Q13131|P05165_ECRVYAEDP|0.0
Q13131|P05165_AEDPYKSFG|0.0
Q13131|P05165_ALDNYVIRG|0.307
Q13131|P05165_VIINSRFVK|0.956
Q13131|P05165_MLTKSEKNQ|0.467
Q13131|P05165_FQENSRMPV|0.976
Q13131|P05165_NWELSVKLH|0.234
Q13131|P05166_NKRRTALLG|0.884
Q13131|P05166_VKSVTNEDV|0.695
Q13131|P05166_DIIHSVVDE|0.011
Q13131|P05166_AQAEYIEKF|0.0
Q13131|Q08174_LAADYGFPD|0.0
Q13131|Q08174_DIFTTETSI|0.0
Q13131|Q08174_FTTETSIDR|0.0
Q13131|Q08174_TTETSIDRE|0.0
Q13131|Q08174_SYDLTIKVQ|0.462
Q13131|Q08174_PPRASSALL|0.0
Q13131|Q08174_LRQASETGS|0.0
Q13131|Q08174_SETGSDSKK|0.393
Q13131|Q08174_SKKKYFLQT|0.0
Q13131|Q08174_EITASDADS|0.578
Q13131|Q08174_ADSGSNAEL|0.0
Q13131|Q08174_ELVYSLEPE|0.0
Q13131|Q08174_VVKVSDRGK|0.575
Q13131|Q08174_TKDLYAPKP|0.001
Q13131|Q08174_APKPSGKAS|0.427
Q13131|Q08174_GLQKSLKFN|0.0
Q13131|Q08174_FNLMSDAPG|0.164
Q13131|Q08174_LPLNYPPGS|0.0
Q13131|Q08174_LGRHYRSNS|0.097
Q13131|Q08174_RHYRSNSPL|0.882
Q13131|Q08174_SPLPSIQLQ|0.109
Q13131|Q08174_PQSPSASKK|0.796
Q13131|Q08174_SPSASKKHQ|0.171
Q13131|Q08174_TSTGSEQYS|0.0
Q13131|Q08174_GSEQYSDYS|0.366
Q13131|Q08174_SEQYSDYSY|0.0
Q13131|Q08174_QYSDYSYRT|0.068
Q13131|Q08174_SDYSYRTNP|0.001
Q13131|Q08174_NPPKYPSKQ|0.001
Q13131|Q08174_PFQLSTPQP|0.0
Q13131|Q08174_FQLSTPQPL|0.0
Q13131|Q08174_LPHPYHGAI|0.013
Q13131|Q08174_GAIWTEVWE|0.338
Q13131|Q08174-2_SYDLTIKVQ|0.0
Q13131|Q08174-2_PPRASSALL|0.0
Q13131|Q08174-2_TKDLYAPKP|0.0
Q13131|Q08174-2_GSEQYSDYS|0.0
Q13131|Q08174-2_QYSDYSYRT|0.0
Q13131|Q08174-2_PSQHSYYDS|0.0
Q13131|Q08174-2_SQHSYYDSG|0.0
Q13131|Q08174-2_QHSYYDSGL|0.0
Q13131|Q08174-2_SYYDSGLEE|0.0
Q13131|Q08174-2_EESETPSSK|0.0
Q13131|Q08174-2_PEDHYERTT|0.0
Q13131|Q08174-2_TPDGSIGEM|0.435
Q13131|Q08174-2_PGQSSPSRR|0.0
Q13131|Q08174-2_TFVPYQDRG|0.0
Q13131|Q08174-2_AGAGSPSPP|0.0
Q13131|Q08174-2_LPSYSAFSH|0.0
Q13131|Q9P2E7_AELSYLVDR|0.0
Q13131|Q9P2E7_RRVNSSAFQ|0.102
Q13131|Q9P2E7_RVNSSAFQE|0.0
Q13131|Q9P2E7_PPYLTRKRI|0.0
Q13131|Q9BZA7_SVTDTNDNH|0.0
Q13131|Q9BZA7_FKPDSPDLA|0.0
Q13131|Q9BZA7_RHYKSASPQ|0.0
Q13131|Q9BZA7_IQPETPLNS|0.0
Q13131|Q9BZA7_PSNRTEGDG|0.027
Q13131|Q9BZA7_GDGNSDPES|0.0
Q13131|Q9BZA7_SDPESTFIP|0.0
Q13131|Q9BZA7_DPESTFIPG|0.0
Q13131|Q9BZA7_VIPLTTFTP|0.0
Q13131|Q9BZA7_SRGDSPIME|0.0
Q13131|Q9BZA7-6_AMTLSYLD_|0.0
Q13131|Q9BZA8_SVTDTNDNH|0.0
Q13131|Q9BZA8_VSSPTSDYV|0.0
Q13131|Q9BZA8_FKPDSPDLA|0.003
Q13131|Q9BZA8_PSNRTEGDG|0.378
Q13131|Q9BZA8_GDGNSDPES|0.005
Q13131|Q9BZA8_SDPESTFIP|0.0
Q13131|Q9BZA8_DPESTFIPG|0.0
Q13131|Q9NPG4_QRNASRENL|0.783
Q13131|Q9NPG4_KVAGSPTGR|0.018
Q13131|Q9NPG4_KPGGSRSAI|0.114
Q13131|Q9NPG4_VEAASEALR|0.048
Q13131|Q9NPG4_LRRLSVCGR|0.379
Q13131|Q9NPG4_VCGRTLSLD|0.0
Q13131|Q9NPG4_GRTLSLDLA|0.497
Q13131|Q9NPG4_LDLATSAAS|0.001
Q13131|Q9NPG4_PGGKTGTEG|0.0
Q13131|Q9NPG4_GKTGTEGKS|0.0
Q13131|Q9NPG4_RGSSSSSRC|0.0
Q13131|Q96QU1_TAELSLLEP|0.0
Q13131|Q96QU1_YRIRSPEVK|0.0
Q13131|Q96QU1_SKRIYKGMV|0.0
Q13131|Q96QU1_QKKFYIGGV|0.0
Q13131|Q96QU1_SVMAYRLII|0.002
Q13131|Q96QU1_HVDGSLKSN|0.0
Q13131|Q96QU1_FTFLSDEDD|0.0
Q13131|Q96QU1_HNPLYKENI|0.0
Q13131|Q96QU1_AKSKSLRGP|0.469
Q13131|Q96QU1_LWSQSVSLP|0.0
Q13131|Q96QU1_SQSVSLPRR|0.0
Q13131|Q96QU1_KRGSSNPLL|0.0
Q13131|Q96QU1-6_VDREYETSS|0.0
Q13131|O14917_KSGSYRVLE|0.0
Q13131|O14917_IDRESLCRH|0.0
Q13131|O14917_RGDGTKFPE|0.023
Q13131|O14917_EPPRSATVQ|0.0
Q13131|O14917_PRSATVQIN|0.0
Q13131|O14917_SNDNSPVFE|0.0
Q13131|O14917_IDPSSGEIR|0.0
Q13131|O14917_GEIRTLHPF|0.0
Q13131|O14917_WEDVTPVVE|0.0
Q13131|O14917_HGKPTLSAV|0.054
Q13131|O14917_RIAEYSHPQ|0.0
Q13131|O14917_MYFDYQTRL|0.0
Q13131|O14917_AEPNYMGSR|0.0
Q13131|O14917_LFVPTVEAN|0.0
Q13131|O14917_KREHTILIA|0.003
Q13131|O14917_NVKPYLKAK|0.0
Q13131|O14917_KRALSPLLQ|0.0
Q13131|O14917_PSASSSPTK|0.504
Q13131|O14917_SASSSPTKA|0.0
Q13131|O14917_SSSPTKACI|0.0
Q13131|O14917_SQYLSPSKQ|0.38
Q13131|O14917_ASRDSSEMG|0.892
Q13131|O14917_LGRESVDAE|0.0
Q13131|Q9HCL0_KYRIYEEQR|0.0
Q13131|Q9HCL0_LQKTYENNY|0.0
Q13131|Q9HCL0_YENNYLILT|0.0
Q13131|Q9HCL0_RSEYSLTVI|0.0
Q13131|Q9HCL0_AESTYQHHP|0.0
Q13131|Q9HCL0_HHRSSPSSS|0.0
Q13131|Q9HCL0_SPSSSPTLE|0.0
Q13131|Q9HCL0_SSSPTLERG|0.0
Q13131|Q9HCL0_MDKFSLKDS|0.0
Q13131|Q9HCL0_GDSDYDLGR|0.078
Q13131|Q9HCL0_LGRDSPIDR|0.0
Q13131|Q9HCL0_PPLPSPSSD|0.0
Q13131|Q9HCL0_PSLDTYSEC|0.0
Q13131|Q8TAB3_INLKYSVEE|0.032
Q13131|Q8TAB3_QRAGTVIAN|0.0
Q13131|Q8TAB3_KKKISKNDI|0.0
Q13131|Q8TAB3_RRSESTFLN|0.0
Q13131|Q8TAB3_SLKDSGHEE|0.0
Q13131|Q8TAB3_GHEESDQTD|0.0
Q13131|Q8TAB3_VTICSPKVN|0.005
Q13131|Q8TAB3_CEAISPVTS|0.001
Q13131|Q8TAB3_SPVTSPLHL|0.0
Q13131|Q8TAB3_DLEQYVNNV|0.0
Q13131|Q8TAB3_MHEVSPILK|0.0
Q13131|Q8TAB3_RNKESPGVK|0.0
Q13131|Q8N6Y1_PEGKYKVNC|0.0
Q13131|Q8N6Y1_KVNCYLDGE|0.0
Q13131|Q8N6Y1_QSNMSYLLV|0.0
Q13131|Q8N6Y1_VDKDTGMNA|0.449
Q13131|Q8N6Y1_PRPESFRID|0.0
Q13131|Q96JP9_RKRPSPAPR|0.0
Q13131|Q96JP9_KTMGSPVQS|0.0
Q13131|Q96JP9-2_RGSPSFSTT|0.0
Q13131|Q96JP9-2_PSFSTTALL|0.0
Q13131|Q9BYE9_CDLVTLVVR|0.0
Q13131|Q9BYE9_DNAPYFLPE|0.0
Q13131|Q9BYE9_RTTVYIVDI|0.0
Q13131|Q9BYE9_QDIDSAARA|0.0
Q13131|Q9BYE9_GTNMYNTER|0.0
Q13131|Q9BYE9_NMYNTERAN|0.504
Q13131|Q9BYE9_RPPHTPPEP|0.687
Q13131|O60245_IDNLTGELS|0.0
Q13131|O60245_TGELSTSER|0.0
Q13131|O60245_DSAPYPGGG|0.0
Q13131|O60245_SGGGSGGSK|0.0
Q13131|O60245_SAPGTPILQ|0.0
Q13131|O60245_SGSPSLSSN|0.0
Q13131|O60245_ERVATVLAT|0.383
Q13131|O60245_KQRLSIVIG|0.048
Q13131|O60245_EDFFTPQQH|0.0
Q13131|O60245_QHDKSKKPK|0.0
Q13131|O60245_KQPLYSSIV|0.0
Q13131|O60245_QPLYSSIVT|0.0
Q13131|O60245_PLYSSIVTV|0.0
Q13131|O60245_SSIVTVEAS|0.0
Q13131|O60245_NEKLSDSPS|0.002
Q13131|O60245_SDSPSMGRY|0.512
Q13131|O60245_RHYKSSSPL|0.495
Q13131|O60245_PQSPTAGKK|0.633
Q13131|O60245_RLHPYITVF|0.0
Q13131|O95206_LLVISDGGR|0.494
Q13131|O95206_RPPLTTTAT|0.001
Q13131|O95206_PPLTTTATV|0.0
Q13131|O95206_TTTATVSFV|0.0
Q13131|O95206_HAEPYGASP|0.0
Q13131|O95206_RRDNYYQAQ|0.0
Q13131|O95206_RDNYYQAQL|0.0
Q13131|O95206_GVPLYQSPP|0.0
Q13131|Q9HC56_TPQKSSTAI|0.0
Q13131|Q9HC56_RYIISPING|0.0
Q13131|Q9HC56_TGVLTASRV|0.0
Q13131|Q9HC56_VLTASRVFD|0.0
Q13131|Q9HC56_RDNGTPPLQ|0.0
Q13131|Q9HC56_LPKYSTVGV|0.0
Q13131|Q9HC56_PKYSTVGVI|0.0
Q13131|Q9HC56_VGVITVTDA|0.0
Q13131|Q9HC56_FKPNSPDLA|0.0
Q13131|Q9HC56_LKPDTPVSV|0.512
Q13131|Q9HC56_QHPKSPLST|0.0
Q13131|Q9HC56_ANLKSYKQA|0.261
Q13131|Q9HC56_NLKSYKQAG|0.002
Q13131|Q9Y5I3_VDKGSPPMS|0.0
Q13131|Q9Y5I3_SPPMSNHCK|0.0
Q13131|Q9Y5I3_RESLSVYEL|0.0
Q13131|Q9Y5I3_APKASSRAS|0.0
Q13131|Q9Y5I3_PKASSRASV|0.0
Q13131|Q9Y5I3_IIPGSPAII|0.0
Q13131|Q9Y5I3_RQEPTNSQI|0.0
Q13131|Q9Y5I2_ADSGYNAWL|0.005
Q13131|Q9Y5I2_IIPGSPAII|0.0
Q13131|Q9Y5I2_RQEPTNSQI|0.0
Q13131|Q9Y5I1_RALSSYVSV|0.0
Q13131|Q9Y5I1_VHAESGKVY|0.0
Q13131|Q9Y5I1_APKASSRTL|0.0
Q13131|Q9Y5I1_PKASSRTLA|0.0
Q13131|Q9Y5I1_IIPGSPAII|0.0
Q13131|Q9Y5I1_RQEPTNSQI|0.0
Q13131|Q9UN75_RGPGSQRLL|0.003
Q13131|Q9UN75_ICSLTPHVP|0.0
Q13131|Q9UN75_HALSSYVSV|0.0
Q13131|Q9UN75_VHAESGKVY|0.0
Q13131|Q9UN75_PGKPTLVCS|0.0
Q13131|Q9UN75_PDWRYSASL|0.0
Q13131|Q9UN75_IIPGSPAII|0.0
Q13131|Q9UN75_RQEPTNSQI|0.0
Q13131|Q9Y5I0_GQLHYSVPE|0.0
Q13131|Q9Y5I0_RALSSYVSV|0.0
Q13131|Q9Y5I0_VHAESGKVY|0.0
Q13131|Q9Y5I0_IIPGSPAII|0.0
Q13131|Q9Y5I0_RQEPTNSQI|0.0
Q13131|Q9Y5I0-2_EVSLYFKKL|0.0
Q13131|Q9Y5H9_TRLLSLLLL|0.0
Q13131|Q9Y5H9_GQLRYSVPE|0.0
Q13131|Q9Y5H9_EIQVTATDK|0.0
Q13131|Q9Y5H9_QVTATDKGT|0.0
Q13131|Q9Y5H9_RALSSYVSV|0.0
Q13131|Q9Y5H9_VHAESGKVY|0.0
Q13131|Q9Y5H9_APKASSRAW|0.0
Q13131|Q9Y5H9_PKASSRAWV|0.0
Q13131|Q9Y5H9_PGKPTLVCS|0.0
Q13131|Q9Y5H9_IIPGSPAII|0.0
Q13131|Q9Y5H9_RQEPTNSQI|0.0
Q13131|Q9Y5H8_EEIKSLGLV|0.0
Q13131|Q9Y5H8_RDGGSPSLW|0.0
Q13131|Q9Y5H8_RALSSYVSV|0.0
Q13131|Q9Y5H8_VHAESGKVY|0.0
Q13131|Q9Y5H8_AFSPSLPPC|0.0
Q13131|Q9Y5H8_IIPGSPAII|0.0
Q13131|Q9Y5H8_RQEPTNSQI|0.0
Q13131|Q9UN74_RDGGSPSLW|0.0
Q13131|Q9UN74_RALSSYVSV|0.0
Q13131|Q9UN74_VHAESGKVY|0.0
Q13131|Q9UN74_APKASSRAL|0.0
Q13131|Q9UN74_PKASSRALV|0.0
Q13131|Q9UN74_PGKPTLVCS|0.0
Q13131|Q9UN74_GPPKTDLMA|0.0
Q13131|Q9UN74_LMAFSPSLP|0.0
Q13131|Q9UN74_AFSPSLPDS|0.0
Q13131|Q9UN74_IIPGSPAII|0.0
Q13131|Q9UN74_RQEPTNSQI|0.0
Q13131|Q9Y5H7_SRRGSLGSR|0.007
Q13131|Q9Y5H7_GSLGSRLLL|0.0
Q13131|Q9Y5H7_RDGGSPSLW|0.0
Q13131|Q9Y5H7_VHAESGKVY|0.0
Q13131|Q9Y5H7_APKASSRAS|0.0
Q13131|Q9Y5H7_PKASSRASA|0.0
Q13131|Q9Y5H7_IIPGSPAII|0.0
Q13131|Q9Y5H7_RQEPTNSQI|0.0
Q13131|Q9UN73_GQLHYSVPE|0.0
Q13131|Q9UN73_RVLIYESRL|0.0
Q13131|Q9UN73_VHAESGKVY|0.0
Q13131|Q9UN73_APKASSRAS|0.0
Q13131|Q9UN73_PKASSRASV|0.006
Q13131|Q9UN73_IIPGSPAII|0.0
Q13131|Q9UN73_RQEPTNSQI|0.0
Q13131|Q9UN72_RDGGSPSLW|0.0
Q13131|Q9UN72_RALSSYVSV|0.0
Q13131|Q9UN72_VHAESGKVY|0.0
Q13131|Q9UN72_APKASSRAS|0.0
Q13131|Q9UN72_PKASSRASL|0.0
Q13131|Q9UN72_IIPGSPAII|0.0
Q13131|Q9UN72_RQEPTNSQI|0.0
Q13131|Q9Y5H6_GQLHYSVPE|0.0
Q13131|Q9Y5H6_ISVHTESGK|0.0
Q13131|Q9Y5H6_VHTESGKVY|0.0
Q13131|Q9Y5H6_GGAASKLVP|0.0
Q13131|Q9Y5H6_APKASSRQS|0.0
Q13131|Q9Y5H6_PKASSRQSA|0.0
Q13131|Q9Y5H6_IIPGSPAII|0.0
Q13131|Q9Y5H6_RQEPTNSQI|0.0
Q13131|Q9Y5H5_EPALTATAT|0.0
Q13131|Q9Y5H5_ALTATATVL|0.0
Q13131|Q9Y5H5_TATATVLVS|0.002
Q13131|Q9Y5H5_PGKPTLVCS|0.0
Q13131|Q9Y5H5_IIPGSPAII|0.0
Q13131|Q9Y5H5_RQEPTNSQI|0.0
Q13131|Q9H158_PRNGSVPVE|0.0
Q13131|Q9H158_IVPRSARTG|0.0
Q13131|Q9H158_LRGEYNAAD|0.0
Q13131|Q9H158_IIPGSPAII|0.0
Q13131|Q9H158_RQEPTNSQI|0.0
Q13131|Q9Y5I4_IPARSGTAQ|0.0
Q13131|Q9Y5I4_ARSGTAQIS|0.0
Q13131|Q9Y5I4_TAQISVRVL|0.0
Q13131|Q9Y5I4_VYNITVTAT|0.0
Q13131|Q9Y5I4_PQLTSLRTL|0.0
Q13131|Q9Y5I4_MGDESGSTF|0.0
Q13131|Q9Y5I4_ESGSTFNLT|0.0
Q13131|Q9Y5I4_TFNLTVVVR|0.0
Q13131|Q9Y5I4_NGEPSLSAS|0.0
Q13131|Q9Y5I4_EPSLSASVA|0.0
Q13131|Q9Y5I4_SLSASVAIT|0.0
Q13131|Q9Y5I4_SVAITVAVV|0.0
Q13131|Q9Y5I4_IIPGSPAII|0.0
Q13131|Q9Y5I4_RQEPTNSQI|0.0
Q13131|Q9Y5F3_RAQVSENSP|0.0
Q13131|Q9Y5F3_GGGLSAHSK|0.0
Q13131|Q9Y5F3_LSAHSKVLV|0.0
Q13131|Q9UN67_VLKISENTA|0.0
Q13131|Q9UN67_ISENTAEGT|0.0
Q13131|Q9Y5F2_EQAFYEVKI|0.0
Q13131|Q9Y5F1_ARVVSNDNK|0.0
Q13131|Q9Y5F1_PCVLYFQVL|0.0
Q13131|Q9Y5F1_EQAFYEVKI|0.0
Q13131|Q9Y5F1_LDRESRAEY|0.0
Q13131|Q9Y5F1_EYNITITVT|0.0
Q13131|Q9Y5F1_TDLGTPRLK|0.0
Q13131|Q9Y5F1_LCRRSRAAP|0.0
Q13131|Q9Y5F0_SPPGTTFPL|0.0
Q13131|Q9Y5F0_PPGTTFPLK|0.0
Q13131|Q9Y5F0_DGRKYPELV|0.0
Q13131|Q9Y5F0_EKLQSYEVN|0.0
Q13131|Q9Y5F0_FLLKSAENF|0.0
Q13131|Q9Y5F0_AENFYTLLT|0.0
Q13131|Q9Y5F0_LDRESRAEY|0.0
Q13131|Q9NRJ7_VNPMTGEVR|0.0
Q13131|Q9NRJ7_KNFYTLVTE|0.0
Q13131|Q9NRJ7_IPNFSP___|0.0
Q13131|Q96TA0_EGRKYPELV|0.0
Q13131|Q9Y5E7_IAQASCQPR|0.0
Q13131|Q9Y5E7_EETESGSFV|0.0
Q13131|Q9Y5E7_SFEFT____|0.0
Q13131|Q9Y5E9_ESAHYSVAE|0.0
Q13131|Q9Y5E9_RALDYEQEA|0.0
Q13131|Q9Y5E9_VDGGSPPKS|0.0
Q13131|Q9Y5E6_AQVVSKGNK|0.46
Q13131|Q9Y5E6_DGRKYPELV|0.0
Q13131|Q9Y5E5_EIKQTFSIN|0.0
Q13131|Q9Y5E5_KFRNSLVFS|0.0
Q13131|Q9Y5E4_TESGYSVAN|0.0
Q13131|Q9Y5E4_TQPGTVFPL|0.0
Q13131|Q9Y5E4_FHVATHNRG|0.0
Q13131|Q9Y5E4_DGRKYPELV|0.0
Q13131|Q9Y5E4_AFRNSFGLN|0.377
Q13131|Q9Y5E3_GELASRGAR|0.0
Q13131|Q9Y5E2_PTSGSLHLK|0.0
Q13131|Q9Y5E2_AQLDYEAIQ|0.0
Q13131|Q9Y5E2_TYTLTIQAK|0.0
Q13131|Q9Y5E2_LCRRSRAAP|0.0
Q13131|Q9UN66_SRAEYNVTI|0.0
Q13131|Q9UN66_TDLGTPRLT|0.0
Q13131|Q9UN66_VSINTDNGH|0.0
Q13131|Q9Y5E1_VLKISENTA|0.0
Q13131|Q9Y5E1_ISENTAEGT|0.0
Q13131|Q9Y5H4_GEVRTARAL|0.0
Q13131|Q9Y5H4_FLQTYSHEV|0.0
Q13131|Q9Y5H4_PQPNYADTL|0.0
Q13131|Q9Y5H4_LSARYGPQF|0.0
Q13131|Q9Y5H4_HVPDYRQNV|0.0
Q13131|Q9Y5H4_RQNVYIPGS|0.0
Q13131|Q9Y5H4-2_ECISYLEKN|0.0
Q13131|Q9Y5H3_LRVQSRANG|0.0
Q13131|Q9Y5H3_DPLRSGTVL|0.0
Q13131|Q9Y5H3_TVLVSVTVF|0.0
Q13131|Q9Y5H3_LVSVTVFDA|0.0
Q13131|Q9Y5H3_KLPDTQLLK|0.0
Q13131|Q9Y5H3_GEVRTARAL|0.0
Q13131|Q9Y5H3_FLQTYSHEV|0.0
Q13131|Q9Y5H3_PQPNYADTL|0.0
Q13131|Q9Y5H3_LSARYGPQF|0.0
Q13131|Q9Y5H3_HVPDYRQNV|0.0
Q13131|Q9Y5H3_RQNVYIPGS|0.0
Q13131|Q9Y5H2_IFLGTLRGF|0.0
Q13131|Q9Y5H2_VRIVSRGKT|0.648
Q13131|Q9Y5H2_LLLLTALDG|0.04
Q13131|Q9Y5H2_GEVRTARAL|0.0
Q13131|Q9Y5H2_FLQTYSHEV|0.0
Q13131|Q9Y5H2_LSARYGPQF|0.0
Q13131|Q9Y5H2_HVPDYRQNV|0.0
Q13131|Q9Y5H2_RQNVYIPGS|0.0
Q13131|O60330_LNPRSGSLV|0.0
Q13131|O60330_GEVRTARAL|0.0
Q13131|O60330_FLQTYSHEV|0.0
Q13131|O60330_LSARYGPQF|0.0
Q13131|O60330_HVPDYRQNV|0.0
Q13131|O60330_RQNVYIPGS|0.0
Q13131|Q9Y5H1_AQVVYFLEK|0.0
Q13131|Q9Y5H1_FLQTYSHEV|0.0
Q13131|Q9Y5H1_PQPNYADTL|0.0
Q13131|Q9Y5H1_LSARYGPQF|0.0
Q13131|Q9Y5H1_HVPDYRQNV|0.0
Q13131|Q9Y5H1_RQNVYIPGS|0.0
Q13131|Q9Y5H0_SRGRTQLFS|0.0
Q13131|Q9Y5H0_PQSGSLVTA|0.0
Q13131|Q9Y5H0_PNFPTEELE|0.0
Q13131|Q9Y5H0_SILKSLDYE|0.0
Q13131|Q9Y5H0_KSLDYEDAM|0.0
Q13131|Q9Y5H0_DAMFYEIKI|0.0
Q13131|Q9Y5H0_GEVRTARAL|0.0
Q13131|Q9Y5H0_FLQTYSHEV|0.0
Q13131|Q9Y5H0_PQPNYADTL|0.0
Q13131|Q9Y5H0_LSARYGPQF|0.0
Q13131|Q9Y5H0_HVPDYRQNV|0.0
Q13131|Q9Y5H0_RQNVYIPGS|0.0
Q13131|Q9Y5G9_HASYSAYIP|0.0
Q13131|Q9Y5G9_PRGASILSM|0.0
Q13131|Q9Y5G9_GYLVTKVVA|0.0
Q13131|Q9Y5G9_GEVRTARAL|0.0
Q13131|Q9Y5G9_FLQTYSHEV|0.0
Q13131|Q9Y5G9_LSARYGPQF|0.0
Q13131|Q9Y5G9_HVPDYRQNV|0.0
Q13131|Q9Y5G9_RQNVYIPGS|0.0
Q13131|Q9Y5G8_LNPRSGSLV|0.0
Q13131|Q9Y5G8_DGQKYPELV|0.0
Q13131|Q9Y5G8_GEVRTARAL|0.0
Q13131|Q9Y5G8_FLQTYSHEV|0.0
Q13131|Q9Y5G8_LSARYGPQF|0.0
Q13131|Q9Y5G8_HVPDYRQNV|0.0
Q13131|Q9Y5G8_RQNVYIPGS|0.0
Q13131|Q9Y5G7_LMEVYDPDV|0.0
Q13131|Q9Y5G7_GEAVYRLVL|0.0
Q13131|Q9Y5G7_TVTATDKGT|0.0
Q13131|Q9Y5G7_GEVRTARAL|0.0
Q13131|Q9Y5G7_FLQTYSHEV|0.0
Q13131|Q9Y5G7_LSARYGPQF|0.0
Q13131|Q9Y5G7_HVPDYRQNV|0.0
Q13131|Q9Y5G7_RQNVYIPGS|0.0
Q13131|Q9Y5G6_LNQRSGSLV|0.0
Q13131|Q9Y5G6_PRFLTEEIN|0.002
Q13131|Q9Y5G6_KLEKSIDNY|0.0
Q13131|Q9Y5G6_SIDNYYRLV|0.0
Q13131|Q9Y5G6_GEVRTARAL|0.0
Q13131|Q9Y5G6_FLQTYSHEV|0.0
Q13131|Q9Y5G6_LSARYGPQF|0.0
Q13131|Q9Y5G6_HVPDYRQNV|0.0
Q13131|Q9Y5G6_RQNVYIPGS|0.0
Q13131|Q9Y5G5_HLVLTASDG|0.0
Q13131|Q9Y5G5_VLTASDGGK|0.0
Q13131|Q9Y5G5_LSARYGPQF|0.0
Q13131|Q9Y5G5_HVPDYRQNV|0.0
Q13131|Q9Y5G5_RQNVYIPGS|0.0
Q13131|Q9Y5G4_EIEVTDIND|0.0
Q13131|Q9Y5G4_GEVRTARAL|0.0
Q13131|Q9Y5G4_LLRATSDGL|0.0
Q13131|Q9Y5G4_LRATSDGLA|0.0
Q13131|Q9Y5G4_PQPNYADTL|0.0
Q13131|Q9Y5G4_PLCVSVDSK|0.0
Q13131|Q9Y5G4_VSVDSKFPI|0.0
Q13131|Q9Y5G4_LSARYGPQF|0.0
Q13131|Q9Y5G4_HVPDYRQNV|0.0
Q13131|Q9Y5G4_RQNVYIPGS|0.0
Q13131|Q9Y5G4-2_PIEDTPLVP|0.0
Q13131|Q9Y5G3_DGSKYPVLL|0.0
Q13131|Q9Y5G3_GTLPYSYNL|0.0
Q13131|Q9Y5G3_HKIAYDPSL|0.0
Q13131|Q9Y5G3_LSARYGPQF|0.0
Q13131|Q9Y5G3_HVPDYRQNV|0.0
Q13131|Q9Y5G3_RQNVYIPGS|0.0
Q13131|Q9Y5G2_LNEKTGEIT|0.0
Q13131|Q9Y5G2_FEIASSYTL|0.0
Q13131|Q9Y5G2_EIASSYTLS|0.0
Q13131|Q9Y5G2_IASSYTLSI|0.0
Q13131|Q9Y5G2_SYTLSIEAK|0.0
Q13131|Q9Y5G2_LSARYGPQF|0.0
Q13131|Q9Y5G2_HVPDYRQNV|0.0
Q13131|Q9Y5G2_RQNVYIPGS|0.0
Q13131|Q9Y5G1_TGELTTIGE|0.0
Q13131|Q9Y5G1_QIPEYNVTI|0.0
Q13131|Q9Y5G1_EYNVTITAT|0.0
Q13131|Q9Y5G1_PRELSSYVS|0.0
Q13131|Q9Y5G1_ELSSYVSVS|0.0
Q13131|Q9Y5G1_VSARSGVVF|0.435
Q13131|Q9Y5G1_LSARYGPQF|0.0
Q13131|Q9Y5G1_HVPDYRQNV|0.0
Q13131|Q9Y5G1_RQNVYIPGS|0.0
Q13131|Q9UN71_FTQNSFELQ|0.0
Q13131|Q9UN71_QPPLSATAT|0.0
Q13131|Q9UN71_LSARYGPQF|0.0
Q13131|Q9UN71_HVPDYRQNV|0.0
Q13131|Q9UN71_RQNVYIPGS|0.0
Q13131|Q9Y5G0_FKIISSSKN|0.0
Q13131|Q9Y5G0_LSARYGPQF|0.0
Q13131|Q9Y5G0_HVPDYRQNV|0.0
Q13131|Q9Y5G0_RQNVYIPGS|0.0
Q13131|Q9Y5F9_SANVSLRVL|0.0
Q13131|Q9Y5F9_LSARYGPQF|0.0
Q13131|Q9Y5F9_HVPDYRQNV|0.0
Q13131|Q9Y5F9_RQNVYIPGS|0.0
Q13131|Q9Y5F8_VPPGTSILR|0.0
Q13131|Q9Y5F8_PPGTSILRV|0.462
Q13131|Q9Y5F8_EVERYTINI|0.004
Q13131|Q9Y5F8_VERYTINIE|0.009
Q13131|Q9Y5F8_NGRVSYSLI|0.468
Q13131|Q9Y5F8_SLIASDLES|0.031
Q13131|Q9Y5F8_SDLESRTLS|0.0
Q13131|Q9Y5F8_RLRQSFSPT|0.0
Q13131|Q9Y5F8_LSARYGPQF|0.0
Q13131|Q9Y5F8_HVPDYRQNV|0.0
Q13131|Q9Y5F8_RQNVYIPGS|0.0
Q13131|Q9UN70_LGSLSARRF|0.0
Q13131|Q9UN70_FRVVSGASR|0.0
Q13131|Q9UN70_VSGASRRFF|0.0
Q13131|Q9UN70_EREPSLQLV|0.0
Q13131|Q9UN70_EFELTAHIS|0.0
Q13131|Q9UN70_NIFVTDRND|0.0
Q13131|Q9UN70_PGGSSVEML|0.008
Q13131|Q9UN70_GHLVSRVVG|0.001
Q13131|Q9UN70_KKNLTFYLL|0.0
Q13131|Q9UN70_NLTFYLLLS|0.0
Q13131|Q9UN70_YLLLSLILV|0.0
Q13131|Q9UN70_RAPVSSLYR|0.0
Q13131|Q9UN70_APVSSLYRT|0.333
Q13131|Q9UN70_VSSLYRTPG|0.0
Q13131|Q9UN70_GGLMSPHLY|0.0
Q13131|Q9UN70_SPHLYHQVY|0.0
Q13131|Q9UN70_YHQVYLTTD|0.0
Q13131|Q9UN70_DSRRSDPLL|0.006
Q13131|Q9UN70_PGAASPLAS|0.0
Q13131|Q9UN70_SPLASRQNT|0.0
Q13131|Q9UN70_SRQNTLRSC|0.0
Q13131|Q9UN70_NTLRSCDPV|0.0
Q13131|Q9UN70_DPVFYRQVL|0.0
Q13131|Q9UN70_LSARYGPQF|0.0
Q13131|Q9UN70_HVPDYRQNV|0.0
Q13131|Q9UN70_RQNVYIPGS|0.0
Q13131|Q9Y5F7_NPPLSSTVT|0.0
Q13131|Q9Y5F7_PPLSSTVTV|0.0
Q13131|Q9Y5F7_PLSSTVTVR|0.0
Q13131|Q9Y5F7_SSTVTVRLF|0.0
Q13131|Q9Y5F7_GLPPSNGIL|0.02
Q13131|Q9Y5F7_LSARYGPQF|0.0
Q13131|Q9Y5F7_HVPDYRQNV|0.0
Q13131|Q9Y5F7_RQNVYIPGS|0.0
Q13131|Q9Y5F6_LQLGSEENG|0.0
Q13131|Q9Y5F6_ENGRYFSLS|0.0
Q13131|Q9Y5F6_GRYFSLSLM|0.0
Q13131|Q9Y5F6_LSLMSGALA|0.0
Q13131|Q9Y5F6_EMRISESAA|0.0
Q13131|Q9Y5F6_RISESAASG|0.0
Q13131|Q9Y5F6_APIGTLLLR|0.0
Q13131|Q9Y5F6_GEVRTARAL|0.0
Q13131|Q9Y5F6_LEDDSDTQQ|0.0
Q13131|Q9Y5F6_LSARYGPQF|0.0
Q13131|Q9Y5F6_HVPDYRQNV|0.0
Q13131|Q9Y5F6_RQNVYIPGS|0.0
Q13131|Q4G0U5_QRLKTEVSH|0.0
Q13131|Q4G0U5_KTEVSHKRV|0.013
Q13131|Q4G0U5_MDKESILRK|0.001
Q13131|Q4G0U5_EVMLTPEMI|0.0
Q13131|Q4G0U5_PMLNYKDIR|0.005
Q13131|O94913_YLMDSIVKN|0.755
Q13131|O94913_VRVNSLDPA|0.477
Q13131|O94913_PEEPSTPGT|0.0
Q13131|O94913_EEPSTPGTV|0.118
Q13131|O94913_STPGTVVSS|0.694
Q13131|O94913_GKDQSHRKE|0.61
Q13131|O94913_FLMNTLNQS|0.0
Q13131|O94913_TLNQSDTKT|0.57
Q13131|O94913_NQSDTKTSK|0.0
Q13131|O94913_SKSKSKSKS|0.2
Q13131|O94913_SMRLSDMNK|0.883
Q13131|O94913_RDRRSPKRR|0.061
Q13131|O94913_MEEFTPPSR|0.3
Q13131|O94913_FTPPSREDR|0.01
Q13131|O94913_RMKKTEEER|0.856
Q13131|O94913_RPQETTNQH|0.232
Q13131|O94913_PQETTNQHS|0.001
Q13131|O94913_RHRESWSST|0.0
Q13131|O94913_FDGPSRPSV|0.029
Q13131|O94913_RDGPTKMIF|0.0
Q13131|O94913_RFEGSPGGL|0.0
Q13131|O94913_PGQPSLLPR|0.409
Q13131|O94913_GLQGTRFDN|0.009
Q13131|O94913_LNRASGHYF|0.51
Q13131|O94913_ASGHYFDEK|0.181
Q13131|O94913_PAPMTVGNI|0.031
Q13131|O94913_NIQASQQVL|0.0
Q13131|O94913_EKDVSRKVT|0.014
Q13131|O94913_ERAKSQFFE|0.0
Q13131|O94913_VVLKTQEAA|0.0
Q13131|O94913_CYEDYQNTS|0.035
Q13131|O94913_DYQNTSSFD|0.086
Q13131|O94913_YQNTSSFDC|0.0
Q13131|O94913_QNTSSFDCT|0.012
Q13131|O94913_SFDCTPSPS|0.0
Q13131|O94913_DCTPSPSKT|0.243
Q13131|O94913_TPSPSKTPV|0.001
Q13131|O94913_SPSKTPVEN|0.579
Q13131|O94913_CTEESIATP|0.0
Q13131|O94913_ESIATPSEI|0.153
Q13131|O94913_DTVESV___|0.605
Q13131|Q9BSM1_QDIVYKLVP|0.0
Q13131|Q9BSM1_GLQDSEEKR|0.676
Q13131|Q9BSM1_EPALSNLGL|0.466
Q13131|Q9BSM1_YVRCSVRAE|0.0
Q13131|P35227_VEVLYEDEP|0.0
Q13131|P35227_PLKEYYTLM|0.0
Q13131|P35227_LKEYYTLMD|0.005
Q13131|Q3KNV8_EDNDYHRSD|0.375
Q13131|Q5JVF3_RDGASCAEL|0.756
Q13131|Q5JVF3_LKDDYSTAQ|0.291
Q13131|Q5JVF3_LLKKYHLMQ|0.839
Q13131|Q9H4Z3_REEASLLSH|0.549
Q13131|Q9H4Z3_ASLLSHSPG|0.025
Q13131|Q9H4Z3_HSPGTSNQS|0.47
Q13131|Q9H4Z3_SPGTSNQSQ|0.0
Q13131|Q9H4Z3_TSNQSQPCS|0.654
Q13131|Q9H4Z3_EEQPSGNGV|0.684
Q13131|Q9H4Z3_EIPVTPTGQ|0.63
Q13131|Q9H4Z3_PTEVYWDLD|0.0
Q13131|Q9H4Z3_PPRESFNRW|0.0
Q13131|Q9H4Z3_ASPDSRKVV|0.11
Q13131|Q9H4Z3_VCIRYKGEM|0.518
Q13131|Q9H4Z3_MVKVSRNYF|0.013
Q13131|Q9H4Z3_REPPTPALT|0.0
Q13131|Q9H4Z3_QSGRSHSSG|0.0
Q13131|Q9H4Z3_GRSHSSGSS|0.0
Q13131|Q9H4Z3_SGSSSSSSS|0.0
Q13131|Q9H4Z3_SSSSSSSEA|0.004
Q13131|Q9H4Z3_SSSSSSEAK|0.0
Q13131|Q9H4Z3_SSSSSEAKD|0.0
Q13131|P35558_IESKTVIVT|0.428
Q13131|P35558_TRMGTPVLE|0.369
Q13131|P35558_ISFGSGYGG|0.04
Q13131|P35558_FGSGYGGNS|0.446
Q13131|Q16822_LRVLSGDLG|0.983
Q13131|Q16822_WLARTDPKD|0.926
Q13131|Q16822_ISFGSGYGG|0.038
Q13131|Q16822_FGSGYGGNS|0.439
Q13131|Q16822_LRIASRLAR|0.674
Q13131|Q16822_AHPNSRFCA|0.601
Q13131|Q16822_AIDTTQLFS|0.047
Q13131|Q7Z2X4_LNVLTLKKE|0.0
Q13131|Q7Z2X4_MKTRTHSGC|0.353
Q13131|Q7Z2X4_TRTHSGCKV|0.969
Q13131|Q7Z2X4_KTFHSMKSD|0.659
Q13131|Q7Z2X4_GRIHSNSSS|0.801
Q13131|Q7Z2X4_IHSNSSSEE|0.0
Q13131|Q7Z2X4_QELESDDG_|0.915
Q13131|Q7Z2X4-3_IHSNSSSEE|0.0
Q13131|Q7Z2X4-3_QELESDDG_|0.0
Q13131|Q15154___MATGGGP|0.002
Q13131|Q15154_FGVESDKRV|0.0
Q13131|Q15154_GRRRTKTPH|0.792
Q13131|Q15154_RRTKTPHTF|0.564
Q13131|Q15154_KTPHTFPHS|0.836
Q13131|Q15154_SRYMSQMSV|0.967
Q13131|Q15154_IGSDSQGRA|0.003
Q13131|Q15154_QGRATAANN|0.0
Q13131|Q15154_KRQLSENRK|0.175
Q13131|Q15154_SKDASTNPP|0.687
Q13131|Q15154_PNRETIGSA|0.0
Q13131|Q15154_ETIGSAQCK|0.698
Q13131|Q15154_ELFASALSN|0.0
Q13131|Q15154_ASALSNDLL|0.748
Q13131|Q15154_NCQVSEEDG|0.536
Q13131|Q15154_AMESSQIVS|0.0
Q13131|Q15154_QIRDYITKA|0.139
Q13131|Q15154_VMDDSVVAE|0.0
Q13131|Q15154_TREVSQSRK|0.0
Q13131|Q15154_EVSQSRKPS|0.0
Q13131|Q15154_GELHTLRDQ|0.0
Q13131|Q15154_HLNNSSASP|0.116
Q13131|Q15154_LNNSSASPQ|0.411
Q13131|Q15154_SPQRSVDQR|0.8
Q13131|Q15154_ELVHYYEQT|0.0
Q13131|Q15154_SEPVTNIRN|0.0
Q13131|Q15154_QVASTWNEV|0.0
Q13131|Q15154_RTVNSNCEI|0.838
Q13131|Q15154_NMPPSLDCR|0.0
Q13131|Q15154_EEGVSGASL|0.0
Q13131|Q15154_GASLSSHRS|0.11
Q13131|Q15154_SSHRSSLVD|0.985
Q13131|Q15154_SHRSSLVDE|0.013
Q13131|Q15154_LDDFYPAEE|0.0
Q13131|Q15154_REKFYEAKL|0.0
Q13131|Q15154_GNCPTKKYM|0.596
Q13131|Q15154_PAVTSTPTV|0.794
Q13131|Q15154_TSTPTVNQH|0.404
Q13131|Q15154_STSKSVFEP|0.001
Q13131|Q15154_EPEDSSIVD|0.0
Q13131|Q15154_NELWSEMRR|0.995
Q13131|Q15154_TPQQSRTEK|0.964
Q13131|Q15154_DGYLSEGIV|0.435
Q13131|Q15154_ADENYRPLA|0.466
Q13131|Q15154_SELSYVEEK|0.0
Q13131|Q15154_SHPPSPSLF|0.0
Q13131|Q15154_SSGKTEYMA|0.0
Q13131|Q15154_GKTEYMAFP|0.856
Q13131|Q15154_PFESSSSIG|0.002
Q13131|Q15154_EEVESSRTP|0.0
Q13131|Q15154_ESSRTPWLY|0.0
Q13131|Q15154_TPWLYEQEG|0.0
Q13131|Q15154_PFIKTGFSV|0.645
Q13131|Q15154_SAQASLASK|0.004
Q13131|Q15154_ASLASKDKT|0.532
Q13131|Q15154_SKDKTPKSK|0.474
Q13131|Q15154_KRNSTQLKS|0.254
Q13131|Q15154_KNIRYESAS|0.0
Q13131|Q15154_IRYESASMS|0.638
Q13131|Q15154_YESASMSST|0.0
Q13131|Q15154_SASMSSTCE|0.0
Q13131|Q15154_ASMSSTCEP|0.0
Q13131|Q15154_SMSSTCEPC|0.0
Q13131|Q15154_RNRHSAQTE|0.983
Q13131|Q15154_HSAQTEEPV|0.657
Q13131|Q15154_AKVFSRKNH|0.0
Q13131|Q15154_SETGSDFSM|0.454
Q13131|Q15154_VNSGTWIAS|0.0
Q13131|Q15154_NSELTPSES|0.0
Q13131|Q15154_RMREYERMK|0.003
Q13131|Q15154_ERMKTEAES|0.0
Q13131|Q15154_NMRCTCRII|0.022
Q13131|Q15154_GAGTTVNNL|0.119
Q13131|Q15154_NLEETPVIE|0.241
Q13131|Q15154_QQPVSEVST|0.664
Q13131|Q15154_PRIDTQQLD|0.67
Q13131|Q15154_GVIQSCAKE|0.272
Q13131|Q15154_QTQTSEVYD|0.925
Q13131|Q15154_TSEVYDGPK|0.066
Q13131|Q15154_GCPVSINLS|0.762
Q13131|Q15154_SINLSKAET|0.948
Q13131|Q15154_TQALTNYGS|0.023
Q13131|Q15154_ALTNYGSGE|0.0
Q13131|Q15154_TNYGSGEDE|0.0
Q13131|Q15154_EREATSKND|0.0
Q13131|Q15154_REATSKNDQ|0.0
Q13131|Q15154_AHKESPPTV|0.005
Q13131|Q15154_LVNDYEAES|0.0
Q13131|Q15154_KLTIYSEAD|0.0
Q13131|P22061_DSPQSIGFQ|0.102
Q13131|P22061_VGSGSGILT|0.555
Q13131|P22061_MGVIYVPLT|0.0
Q13131|Q96MG8_DRGDYYLEG|0.003
Q13131|Q96MG8_RGDYYLEGY|0.001
Q13131|Q96MG8_YLEGYRDNA|0.0
Q13131|Q96MG8_RDNAYKDLA|0.0
Q13131|Q96MG8_QPLDSEEDE|0.0
Q13131|Q9NV79_GGAVSAGED|0.0
Q13131|Q9NV79_IHQETVSKN|0.001
Q13131|Q9NV79_QETVSKNGN|0.0
Q13131|Q9NV79_GLKNTPRFK|0.002
Q13131|Q9NV79_ISNPSDDNS|0.336
Q13131|P12004_LVQGSILKK|0.398
Q13131|P12004_KVSDYEMKL|0.692
Q13131|P12004_EQEYSCVVK|0.0
Q13131|P12004_CRDLSHIGD|0.764
Q13131|P12004_AVVISCAKD|0.0
Q13131|P12004_LNFFTKATP|0.001
Q13131|P12004_DEEGS____|0.569
Q13131|Q8WW12_KPEKSQRAG|0.0
Q13131|Q8WW12_ADLPTKPTK|0.38
Q13131|Q8WW12_IGSQTTKKA|0.0
Q13131|Q8WW12_GSQTTKKAS|0.75
Q13131|Q8WW12_TKKASAISI|0.654
Q13131|Q8WW12_IKLGSSKPK|0.2
Q13131|Q8WW12_LAPKTLSVA|0.612
Q13131|Q8WW12_PKTLSVAAA|0.622
Q13131|Q8WW12_RDTPTSAGP|0.729
Q13131|Q8WW12_KHGFSDNQK|0.861
Q13131|O95613_TKEDSALCG|0.0
Q13131|O95613_MFTISDHQP|0.213
Q13131|O95613_IFTISDHPA|0.455
Q13131|O95613_ALRLSLSNM|0.596
Q13131|O95613_RLSLSNMHT|0.474
Q13131|O95613_NLQASYEDL|0.019
Q13131|O95613_DSARTSRQE|0.0
Q13131|O95613_TQHESELEQ|0.0
Q13131|O95613_ALLDSVEVG|0.044
Q13131|O95613_EVGLSCVGL|0.0
Q13131|O95613_RHKESLPRF|0.016
Q13131|O95613_SEGHSQELP|0.003
Q13131|O95613_DLERSLTEQ|0.291
Q13131|O95613_ERSLTEQQG|0.813
Q13131|O95613_ALHCSQCGR|0.552
Q13131|O95613_WKKDSLHQT|0.0
Q13131|O95613_ANLLSMLKA|0.895
Q13131|O95613_RAAVTLRSR|0.024
Q13131|O95613_EKEFSFKNE|0.0
Q13131|O95613_LELESLRRQ|0.0
Q13131|O95613_EKDRSALLS|0.363
Q13131|O95613_PPSGSPPEG|0.0
Q13131|O95613_GDLESKNEE|0.291
Q13131|O95613_QTAVSLREL|0.001
Q13131|O95613_SQAGSLQSE|0.0
Q13131|O95613_WSDDSCDGE|0.0
Q13131|O95613_DANTTPGGV|0.031
Q13131|O95613_KNWDSLIPD|0.0
Q13131|O95613_SRHQSHTAE|0.0
Q13131|O95613_GPRKSPVGM|0.009
Q13131|O95613_GLLCSPGVS|0.0
Q13131|O95613_KADRSEKSD|0.681
Q13131|O95613_RSEKSDGSG|0.0
Q13131|O95613_KSDGSGFGA|0.0
Q13131|O95613_AGPVTPASI|0.0
Q13131|O95613_VTPASISGR|0.0
Q13131|O95613_IQDISLHGG|0.569
Q13131|O95613_LQEKSLEHL|0.0
Q13131|O95613_SSLLSEIQA|0.0
Q13131|O95613_DLQKTLSEE|0.36
Q13131|O95613_QKTLSEEQE|0.25
Q13131|O95613_EKANSVQKL|0.0
Q13131|O95613_ELRCSLERE|0.0
Q13131|O95613_ELEQSHPRL|0.738
Q13131|O95613_AARRSAEAR|0.976
Q13131|O95613_LHLGSARRA|0.0
Q13131|O95613_KAVMSLLHT|0.752
Q13131|O95613_SRAVSKLEK|0.017
Q13131|O95613_APQSSLRRP|0.0
Q13131|O95613_LYLHYLRAE|0.157
Q13131|O95613_GFQDSEQET|0.0
Q13131|O95613_ERKITSRPF|0.0
Q13131|O95613_RKITSRPFT|0.107
Q13131|O95613_RQPQSPPRT|0.0
Q13131|O95613_RTRESPPTR|0.0
Q13131|O95613_ASPHSGGRA|0.706
Q13131|O95613_GGRATPSPN|0.492
Q13131|O95613_RATPSPNSR|0.255
Q13131|O95613_PSPNSRLER|0.035
Q13131|O95613_VLPDSTSKK|0.0
Q13131|O95613_PDSTSKKSC|0.0
Q13131|Q96RV3_ANEFTDQRT|0.0
Q13131|Q96RV3_RRKDSNGPS|0.574
Q13131|Q96RV3_IREATPPVG|0.163
Q13131|Q96RV3_SRNSYAGLD|0.0
Q13131|Q96RV3_CKEGSEEQD|0.0
Q13131|Q96RV3_PPTKSGKSK|0.0
Q13131|Q96RV3_KSGKSKPLK|0.0
Q13131|Q96RV3_EHEESPKAG|0.0
Q13131|Q96RV3_QRGLSTSAS|0.583
Q13131|Q96RV3_GLSTSASEE|0.0
Q13131|Q96RV3_KSDKSAVSV|0.0
Q13131|Q96RV3_HRTASAHKS|0.0
Q13131|Q96RV3_KRASSFDSS|0.696
Q13131|Q96RV3_RHRDYVCFR|0.0
Q13131|Q96RV3_TRRTSSTNS|0.0
Q13131|Q96RV3_ARVLSLDSG|0.47
Q13131|Q96RV3_CLNDSNRLM|0.0
Q13131|Q96RV3_TTSKSDLEA|0.001
Q13131|Q96RV3_LDELSLLGR|0.273
Q13131|Q96RV3_SQLETVTRS|0.0
Q13131|Q96RV3_LETVTRSRN|0.0
Q13131|Q96RV3_VRNGSVHLE|0.001
Q13131|Q96RV3_ARRASNICD|0.496
Q13131|Q96RV3_LVFISARDL|0.0
Q13131|Q96RV3_LSRQSSDPS|0.0
Q13131|Q96RV3_SRQSSDPSV|0.061
Q13131|Q96RV3_EDPLSEVKD|0.0
Q13131|Q96RV3_IVTKYILEG|0.026
Q13131|Q96RV3_ILEGYSITD|0.0
Q13131|Q96RV3_LTTYYVKGI|0.0
Q13131|Q96RV3_LNRRYLSFR|0.001
Q13131|Q96RV3_RRYLSFRVI|0.487
Q13131|Q96RV3_ASQSSYCYS|0.0
Q13131|Q96RV3_SQSSYCYSS|0.0
Q13131|Q96RV3_CRRSSTSQI|0.608
Q13131|Q96RV3_RRSSTSQIS|0.001
Q13131|Q96RV3_RSSTSQISL|0.0
Q13131|Q96RV3_RNLPSSIQS|0.0
Q13131|A6NKB5_GEHITNHRN|0.0
Q13131|A6NKB5_HRNPSNNRQ|0.0
Q13131|A6NKB5_SRNLSTPPL|0.0
Q13131|A6NKB5_RNLSTPPLR|0.0
Q13131|A6NKB5_GTEKTSVKS|0.0
Q13131|A6NKB5_TRVSTNQCS|0.0
Q13131|A6NKB5_SGYGSGEGG|0.0
Q13131|A6NKB5_EPWESVSRL|0.0
Q13131|A6NKB5_DVFLSKSSA|0.0
Q13131|A6NKB5_VARRTQSET|0.0
Q13131|A6NKB5_RRTQSETPR|0.0
Q13131|A6NKB5_TQSETPRHV|0.0
Q13131|A6NKB5_ASSCSSTQG|0.0
Q13131|A6NKB5_SSCSSTQGK|0.0
Q13131|A6NKB5_FFGGSAVSG|0.0
Q13131|A6NKB5_GSAVSGITS|0.002
Q13131|A6NKB5_CFEKYILYP|0.0
Q13131|A6NKB5_KYILYPALI|0.0
Q13131|A6NKB5_KNYNTRRVD|0.0
Q13131|A6NKB5_PERGSIQNN|0.0
Q13131|A6NKB5_TFLQTSTSV|0.0
Q13131|A6NKB5_FLQTSTSVH|0.004
Q13131|A6NKB5_GSRLSLHAS|0.0
Q13131|A6NKB5_AVADTLGVV|0.0
Q13131|A6NKB5_CRRASQEDM|0.0
Q13131|A6NKB5_GLDDTASQQ|0.0
Q13131|Q9H6A9___MGSQVLQ|0.0
Q13131|Q9H6A9_PFLLYMVLP|0.0
Q13131|Q9H6A9_VAGVYCLVV|0.0
Q13131|Q9H6A9_FRKVSSTPP|0.0
Q13131|Q9H6A9_RKVSSTPPV|0.011
Q13131|Q9H6A9_PVRCSSQHS|0.0
Q13131|Q9H6A9_VRCSSQHSV|0.0
Q13131|Q9H6A9_SSQHSVFGF|0.0
Q13131|Q9H6A9_RMEDSGPLR|0.0
Q13131|Q9H6A9_REQGSNNVI|0.025
Q13131|Q9H6A9_LLKGSLSQE|0.0
Q13131|Q9H6A9_KGSLSQELS|0.0
Q13131|Q9H6A9_GAGGYQPLD|0.0
Q13131|Q9H6A9_DRRGSGEPT|0.0
Q13131|Q9H6A9_SGEPTPQKA|0.0
Q13131|Q9H6A9_LRRHSPPGR|0.0
Q13131|Q9H6A9_GSELSPASS|0.0
Q13131|Q9H6A9_QRRYSTDSS|0.0
Q13131|Q9H6A9_RRYSTDSSS|0.0
Q13131|Q9H6A9_YSPESSRGA|0.0
Q13131|Q9H6A9_SPESSRGAA|0.0
Q13131|Q9H6A9_AEEGTAVPP|0.0
Q13131|Q9H6A9_RPYGTQRTP|0.0
Q13131|Q9H6A9_GTQRTPSTA|0.0
Q13131|Q9H6A9_QRTPSTASA|0.0
Q13131|Q9H6A9_PSTASAKTH|0.0
Q13131|Q9H6A9_GSNPTPPAS|0.0
Q13131|Q9H6A9_SVMGSPPSS|0.0
Q13131|Q9H6A9_SRALTLPSA|0.0
Q13131|Q9H6A9_SSFHSADVP|0.0
Q13131|Q9H6A9_AQHSYKYWL|0.0
Q13131|Q9H6A9_TVLWSLIRS|0.0
Q13131|Q9H6A9_RSLETARAE|0.0
Q13131|Q9H6A9_RVDHSNTRL|0.027
Q13131|Q9H6A9_YYVKSIIYY|0.0
Q13131|Q9H6A9_ILSNTPSLL|0.0
Q13131|Q9H6A9_GPRSSLSGS|0.0
Q13131|Q9H6A9_GLGGSDGEP|0.0
Q13131|Q9H6A9_GEPASGSPK|0.0
Q13131|Q9H6A9_EERESPAAQ|0.0
Q13131|Q63HM2_RFPQTVLGG|0.0
Q13131|Q63HM2_ERILTTDIL|0.0
Q13131|Q63HM2_EHEFTSCTG|0.0
Q13131|Q63HM2_HEFTSCTGA|0.0
Q13131|Q63HM2_LHSVSVCIG|0.0
Q13131|Q63HM2_RSLDTGLRL|0.0
Q13131|Q63HM2_DLPGTNLFI|0.0
Q13131|Q63HM2_FIPGSVESQ|0.0
Q13131|Q63HM2_ILRVYGGVL|0.0
Q13131|Q63HM2_KAFRYTLKL|0.0
Q13131|Q63HM2_YLEEYERDW|0.0
Q13131|Q63HM2_GRVLSLQEL|0.0
Q13131|Q15113_LRMTTDEGT|0.034
Q13131|Q15113_TDEGTGGRG|0.45
Q13131|Q15113_ATSGTEHQF|0.238
Q13131|Q15113_KTEESPSAP|0.499
Q13131|Q9UKZ9_TWKITVPEG|0.0
Q13131|Q9UKZ9_IDLESDNLC|0.0
Q13131|Q9UKZ9_RGDQYCGGL|0.001
Q13131|Q9UKZ9_NYCRYDYVA|0.0
Q13131|Q9UKZ9_CRYDYVAVF|0.0
Q13131|Q9UKZ9_YCGDSPPAP|0.0
Q13131|Q8IVA1_AEAGSPDQE|0.0
Q13131|Q8IVA1_GQRCSLQAG|0.0
Q13131|Q8IVA1_VTVSSLPGF|0.0
Q13131|Q8IVA1_AGTLSPQPL|0.0
Q13131|Q8IVA1_QPLLTPQDP|0.0
Q13131|P48539____MSERQG|0.0
Q13131|A6NKN8_LNTKTSPAT|0.0
Q13131|A6NKN8_NTKTSPATN|0.0
Q13131|Q96RN5_GVAHSKSSK|0.38
Q13131|Q96RN5_FSVPSPGPL|0.08
Q13131|Q96RN5_SSVMSPAGS|0.0
Q13131|Q96RN5_EEQQYLDKL|0.0
Q13131|Q96RN5_SKMKSLLDI|0.337
Q13131|Q96RN5_PVPPTKQQY|0.0
Q13131|Q96RN5_DERQSIPSV|0.116
Q13131|Q96RN5_QSIPSVLQG|0.001
Q13131|P29120_AFHITKRLS|0.0
Q13131|Q9UHG2_ILAGSADSE|0.0
Q13131|P16519_DWFNSHGTR|0.0
Q13131|P16519_NSHGTRCAG|0.006
Q13131|P16519_VVRDYQSKL|0.504
Q13131|Q6UW60_IYSASWGPE|0.0
Q13131|Q6UW60_VRVQSRPTP|0.0
Q13131|Q6UW60_TRLVTAGPG|0.0
Q13131|Q6UW60_GPGHTAAPA|0.0
Q13131|Q6UW60_LRVCSSCHA|0.0
Q13131|Q6UW60_RVCSSCHAS|0.016
Q13131|Q6UW60_SCHASCYTC|0.0
Q13131|Q92824_ALKDYYHFY|0.0
Q13131|Q92824_LKDYYHFYH|0.032
Q13131|Q92824_YYHFYHSRT|0.0
Q13131|Q92824_HPCQSDMNI|0.0
Q13131|Q92824_DGDVTDMVE|0.001
Q13131|Q92824_RGLGSVFVW|0.03
Q13131|Q92824_EECSSTLAT|0.0
Q13131|Q92824_VRSIYKASG|0.462
Q13131|Q92824_FHNCTECRD|0.0
Q13131|Q92824_EGRCYSKCP|0.0
Q13131|Q92824_GRCYSKCPE|0.0
Q13131|Q92824_CPEGSYAED|0.0
Q13131|Q92824_PEGSYAEDG|0.0
Q13131|Q92824_DCHKSCLTC|0.082
Q13131|Q92824_GTCTTCQKG|0.001
Q13131|Q92824_RCNRSCKGC|0.002
Q13131|Q92824_FLLRSKGEC|0.0
Q13131|P29122_AEHPYHTFS|0.0
Q13131|P29122_KGCETCSSR|0.0
Q13131|P29122_CETCSSRAA|0.0
Q13131|P29122_KEGFSLARG|0.0
Q13131|Q16549_FNKHYQIND|0.0
Q13131|Q16549_INDIYSCSW|0.0
Q13131|Q16549_SGLKTLEHV|0.0
Q13131|Q16549_ESAMSGKYL|0.0
Q13131|Q16549_VGCFTVFWT|0.0
Q13131|Q16549_TVFWTVYYM|0.0
Q13131|Q16549_WTVYYMLEV|0.0
Q13131|Q16549_EVYLSQRNV|0.0
Q13131|Q8NBP7_LKEETHLSQ|0.0
Q13131|Q8NBP7_ETHLSQSER|0.0
Q13131|Q8NBP7_HLSQSERTA|0.135
Q13131|Q8NBP7_QSERTARRL|0.0
Q13131|Q9UHG3_GIGGTSAAY|0.079
Q13131|Q9UHG3_TSAAYYLRQ|0.469
Q13131|Q9UHG3_YRYQSHDYA|0.679
Q13131|Q9UHG3_QSHDYAFSS|0.0
Q13131|Q9UHG3_DYAFSSVEK|0.627
Q13131|Q9UHG3_RSDFYDIVL|0.538
Q13131|Q9UHG3_EFHQYYQHI|0.0
Q13131|Q9UHG3_TDGTYVWKI|0.0
Q13131|Q9UHG3_LFLSYDYAV|0.0
Q13131|Q9UHG3_LSYDYAVKK|0.0
Q13131|Q9UHG3_ALLAYHRWN|0.556
Q13131|Q9UHG3_QDGLYEKLK|0.673
Q13131|P49585_QHCRYVDEV|0.487
Q13131|P49585_DDIPYSSAG|0.287
Q13131|P49585_SDDVYKHIK|0.329
Q13131|P49585_PTQRTEGIS|0.001
Q13131|P49585_DYDVYARRN|0.682
Q13131|P49585_VEEKSIDLI|0.432
Q13131|P49585_QSPSSSPTR|0.633
Q13131|P49585_SPSPSFRWP|0.0
Q13131|Q9Y5K3_ARLGTPADR|0.005
Q13131|Q9Y5K3_DDIPYSSAG|0.0
Q13131|Q9Y5K3_SDDVYKHIK|0.0
Q13131|Q9Y5K3_PTQRTEGIS|0.0
Q13131|Q9Y5K3_DYDVYARRN|0.587
Q13131|Q9Y5K3_QSPVSSPTR|0.0
Q13131|Q9Y5K3_SRSPSRSPS|0.0
Q13131|Q9Y5K3_LPLKTSPPS|0.0
Q13131|Q9Y5K3-3_FADETNCQC|0.0
Q13131|Q99447_TQGVSTTDL|0.0
Q13131|Q99447_QGVSTTDLV|0.92
Q13131|Q99447_GVSTTDLVG|0.0
Q13131|Q99447_MLLVTKAHH|0.0
Q13131|Q99447_KAHHSSQEM|0.0
Q13131|Q99447_AHHSSQEMS|0.858
Q13131|Q99447_SQEMSSEYR|0.304
Q13131|Q99447_QEMSSEYRE|0.516
Q13131|Q99447_MSSEYREYA|0.0
Q13131|Q99447_EYREYADSF|0.662
Q13131|Q99447_EYADSFGKC|0.443
Q13131|Q99447_WTGVSQFLQ|0.143
Q13131|Q99447_IQFASGKEP|0.0
Q13131|Q99447_CRYVSEVVI|0.0
Q13131|Q99447_SNLTTDLIV|0.932
Q13131|Q15116_HPSPSPRPA|0.0
Q13131|Q15116_DGHCSWPL_|0.0
Q13131|Q9BQ51_WDYKYLTLK|0.0
Q13131|Q9BQ51_YKYLTLKVK|0.0
Q13131|Q9BQ51_RKINTHILK|0.773
Q13131|Q9BQ51_WPNVSVPAN|0.023
Q13131|Q9BQ51_PANTSHSRT|0.469
Q13131|Q9BQ51_NTSHSRTPE|0.0
Q13131|Q13442_TKKVTQLDL|0.793
Q13131|Q13442_DATLSGKRM|0.59
Q13131|Q9BUL8_LIHQTNLIL|0.887
Q13131|Q14690_PRGGTRKIH|0.496
Q13131|Q14690_TEEGSTKRK|0.258
Q13131|Q14690_PELFSPGML|0.0
Q13131|Q14690_SVKLSLNPK|0.0
Q13131|Q14690_NRVLSAEAL|0.509
Q13131|Q14690_GRPLTRLSC|0.0
Q13131|Q14690_YARLSHLSD|0.117
Q13131|Q14690_IEAQYLRYH|0.477
Q13131|Q14690_GTVLTIKSY|0.503
Q13131|Q14690_NCEPSKERM|0.0
Q13131|Q14690_PAGHSQKKG|0.002
Q13131|Q14690_PKNFSEIHP|0.026
Q13131|Q14690_GFVKSIKDY|0.382
Q13131|Q14690_SIKDYGVFI|0.015
Q13131|Q14690_LRKGSEHQA|0.489
Q13131|Q14690_KDSETVDED|0.3
Q13131|Q14690_GTSPTTKLK|0.515
Q13131|Q14690_KTFKYLPIS|0.0
Q13131|Q14690_ALRATVVGP|0.468
Q13131|Q14690_HMSDSYSET|0.0
Q13131|Q14690_YSHVSQHSP|0.45
Q13131|Q14690_GKLLTARVL|0.126
Q13131|Q14690_ECRESGSEQ|0.486
Q13131|Q14690_KALEYVEAK|0.001
Q13131|Q9BRP1_DDWGSDTEE|0.0
Q13131|Q9BRP1_TIIKSGDQT|0.448
Q13131|Q53EL6_PDNLSDSLF|0.664
Q13131|Q53EL6_NLSDSLFSG|0.04
Q13131|Q53EL6_DSLFSGDEE|0.87
Q13131|Q53EL6_GNWISASSI|0.851
Q13131|Q53EL6_SDSGSDALR|0.976
Q13131|Q53EL6_DALRSGLTV|0.743
Q13131|Q53EL6_RSGLTVPTS|0.821
Q13131|Q53EL6_GVWGTPGQV|0.518
Q13131|Q53EL6_PGQVYDVEE|0.0
Q13131|Q53EL6_KDPNYDDDQ|0.162
Q13131|Q53EL6_LALDTPRAP|0.336
Q13131|Q53EL6_LDKATVLLS|0.87
Q13131|Q53EL6_TVLLSMSKG|0.138
Q13131|Q53EL6_GGQQSVNHL|0.73
Q13131|Q53EL6_SGDISEAEH|0.703
Q13131|Q53EL6_AGIISKQLR|0.924
Q13131|Q53EL6_LKPESY___|0.114
Q13131|O14737_EMRNSILAQ|0.846
Q13131|O14737_RARLSNLAL|0.908
Q13131|O14737_AVENYLIQM|0.925
Q13131|O14737_QMARYGQLS|0.179
Q13131|O14737_YGQLSEKVS|0.422
Q13131|O14737_SEKVSEQGL|0.0
Q13131|O14737_EDDDY____|0.0
Q13131|O75340_MAAYSYRPG|0.638
Q13131|O75340_DKDRSGVIS|0.384
Q13131|O75340_SGVISDTEL|0.411
Q13131|O75340_VISDTELQQ|0.79
Q13131|O75340_QQALSNGTW|0.466
Q13131|O75340_NGTWTPFNP|0.028
Q13131|O75340_VTVRSIISM|0.383
Q13131|O75340_RSIISMFDR|0.601
Q13131|O75340_GVNFSEFTG|0.01
Q13131|O75340_DRDNSGMID|0.893
Q13131|Q8N8D1_AVFGTPRRA|0.45
Q13131|Q8N8D1_HAGPSLGEV|0.851
Q13131|Q8N8D1_KQADTKRMV|0.472
Q13131|O95831_RQMASSGAS|0.714
Q13131|O95831_QMASSGASG|0.668
Q13131|O95831_SSGASGGKI|0.606
Q13131|O95831_YAYKTMKED|0.49
Q13131|O95831_DEKRYNERI|0.429
Q13131|O95831_NERISGLGL|0.999
Q13131|O95831_RPPLSKELW|0.385
Q13131|O95831_ELWFSDDPN|0.394
Q13131|O95831_DPNVTKTLR|0.771
Q13131|O95831_NVTKTLRFK|0.456
Q13131|O95831_LNDGSQITY|0.949
Q13131|O95831_ATGGTPRSL|0.7
Q13131|O95831_GTPRSLSAI|0.869
Q13131|O95831_AEVKSRTTL|0.665
Q13131|O95831_ILPEYLSNW|0.431
Q13131|O95831_SVGVSSGKL|0.999
Q13131|O95831_VGVSSGKLL|0.447
Q13131|O95831_LEIDSDFGG|0.334
Q13131|O95831_AACFYDIKL|0.407
Q13131|O95831_DNPKSATEQ|0.646
Q13131|O95831_EQSGTGIRS|0.419
Q13131|O95831_IRSESETES|0.454
Q13131|O95831_ASEITIPPS|0.549
Q13131|O95831_TIPPSTPAV|0.491
Q13131|O95831_IPPSTPAVP|0.416
Q13131|Q8N4E4_SIRNTSIHD|0.039
Q13131|Q8N4E4_IRNTSIHDD|0.007
Q13131|Q8N4E4_IHDDSDSSN|0.0
Q13131|Q8N4E4_DSDSSNSDN|0.02
Q13131|Q9H2J4_PPKESLKEL|0.005
Q13131|Q9H2J4_SVVKTYEDM|0.477
Q13131|Q9H2J4_VVKTYEDMT|0.302
Q13131|Q9H2J4_YEDMTLEEL|0.553
Q13131|Q9H2J4_GAIMTDLEE|0.002
Q13131|Q9H2J4_VLLSSVRRS|0.595
Q13131|Q8NB37_KAYASPAKL|0.0
Q13131|Q8NB37-2_DFPIYQCVF|0.0
Q13131|Q8NB37-4_WVFDSYSLT|0.0
Q13131|Q8NB37-4_PPPRSRSPL|0.0
Q13131|Q8NB37-4_PRSRSPLCV|0.0
Q13131|Q9Y233_EERKSQHLT|0.0
Q13131|Q9Y233_QRLDTGGDN|0.686
Q13131|Q9Y233_EIRFSIEKG|0.0
Q13131|Q9Y233_YTGYTTRNI|0.0
Q13131|Q9Y233_LEEMYQTGS|0.0
Q13131|Q9Y233_GLMMTACDL|0.0
Q13131|Q9Y233_LCSVTKLWP|0.0
Q13131|Q9Y233-2_LEEMYQTGS|0.0
Q13131|Q9HCR9_HVNRTYDEQ|0.615
Q13131|Q9HCR9_RKASSLPPT|0.068
Q13131|Q9HCR9_AGKKTLVSK|0.327
Q13131|Q9HCR9_KFTKSFELM|0.69
Q13131|Q9HCR9_LLKQSILAT|0.0
Q13131|Q9HCR9_PMLDSVATN|0.0
Q13131|Q9HCR9_DSVATNRSK|0.652
Q13131|Q9HCR9-2_LVQISGASL|0.0
Q13131|Q9HCR9-2_ISGASLAEK|0.0
Q13131|Q6L8Q7_QRDQSEPLG|0.907
Q13131|Q6L8Q7_KSRKSRPNA|0.9
Q13131|Q6L8Q7_RPNASGGAA|0.845
Q13131|Q6L8Q7_VGVPSSLSP|0.804
Q13131|Q6L8Q7_PSSPSSSWT|0.0
Q13131|Q6L8Q7_SSPSSSWTE|0.032
Q13131|P54750_KNIEYAASV|0.0
Q13131|P54750_YIDETRRLL|0.007
Q13131|P54750_EDELSDIQT|0.0
Q13131|P54750_SDIQTDSVP|0.0
Q13131|P54750_YELFTRYDL|0.001
Q13131|P54750_KIPVSCLIT|0.0
Q13131|P54750_SCLITFAEA|0.0
Q13131|P54750_EVGYSKYKN|0.521
Q13131|P54750_GYSKYKNPY|0.247
Q13131|P54750_GLPFSPLCD|0.374
Q13131|P54750_MVAQSQIGF|0.0
Q13131|P54750_DGSYSPDYS|0.083
Q13131|Q01064_SLLRYMVKQ|0.583
Q13131|Q01064_KNLEYTASL|0.0
Q13131|Q01064_LEAVYIDET|0.0
Q13131|Q01064_RRTYTSVGP|0.0
Q13131|Q01064_PTYSTAVLN|0.0
Q13131|Q01064_FKIPTVFLM|0.0
Q13131|Q01064_PKALSLLLH|0.0
Q13131|Q01064_AADISHPTK|0.0
Q13131|Q01064_ISHPTKQWL|0.0
Q13131|Q01064_WLVHSRWTK|0.201
Q13131|Q01064_VAEKSVQPL|0.0
Q13131|Q01064_ADEDSKSKN|0.0
Q13131|Q01064_EDSKSKNQP|0.0
Q13131|Q14123___MESPTKE|0.014
Q13131|Q14123_MESPTKEIE|0.579
Q13131|Q14123_NSLKYLQPE|0.0
Q13131|Q14123_QRLRSLVKQ|0.924
Q13131|Q14123_YELLTRYDL|0.0
Q13131|Q14123_LLTRYDLIS|0.0
Q13131|Q14123_GLPFSPLCD|0.02
Q13131|Q14123_IVEPTFTVL|0.0
Q13131|Q14123_GQRRSSLNS|0.9
Q13131|Q14123_QRRSSLNSI|0.807
Q13131|Q14123_SSLNSISSS|0.716
Q13131|Q14123_ISVDYKSFK|0.0
Q13131|Q14123_VDYKSFKAT|0.305
Q13131|O00408_ILCRSQQYP|0.0
Q13131|O00408_GLGFSDLPG|0.0
Q13131|O00408_PPEGTAEDQ|0.0
Q13131|O00408_EMMMYHMKV|0.004
Q13131|O00408_SDDEYTKLL|0.0
Q13131|O00408_SRKDYQRML|0.0
Q13131|O00408_REKAYIPEL|0.0
Q13131|O00408_AMPIYKLLQ|0.0
Q13131|O00408_PSNNSLDFL|0.0
Q13131|O00408_LDEEYEVPD|0.0
Q13131|Q14432_RRSSSVVSA|0.532
Q13131|Q14432_SSVVSAEMS|0.0
Q13131|Q14432_SAEMSGCSS|0.003
Q13131|Q14432_VNPVTSLSE|0.0
Q13131|Q14432_NPVTSLSEN|0.002
Q13131|Q14432_VTSLSENYT|0.0
Q13131|Q14432_DSEESSEKD|0.0
Q13131|Q14432_RRVSSTWTT|0.533
Q13131|Q14432_SSTWTTTTS|0.0
Q13131|Q14432_STWTTTTSA|0.0
Q13131|Q14432_TWTTTTSAT|0.0
Q13131|Q14432_WTTTTSATG|0.0
Q13131|Q14432_RRDRSTSIK|0.0
Q13131|Q14432_SSPDSWNNP|0.0
Q13131|Q14432_SRSFTSSYA|0.0
Q13131|Q14432_FTSSYAISA|0.0
Q13131|Q14432_ISPLSSPCS|0.0
Q13131|Q14432_SPLSSPCSS|0.0
Q13131|Q14432_SSPCSSPLQ|0.0
Q13131|Q14432_SPCSSPLQG|0.0
Q13131|Q14432_PLQGTPASS|0.304
Q13131|Q14432_QFPESADTT|0.0
Q13131|Q14432_ESADTTAKQ|0.0
Q13131|Q14432_SADTTAKQS|0.0
Q13131|Q14432_TAKQSLGSH|0.0
Q13131|Q14432_QSLGSHRAL|0.0
Q13131|Q14432_ALTYTQSAP|0.0
Q13131|Q14432_TYTQSAPDL|0.0
Q13131|Q14432_APDLSPQIL|0.0
Q13131|Q14432_PQILTPPVI|0.004
Q13131|Q14432_GRPYSQGNP|0.023
Q13131|Q14432_TRTPSRTDD|0.0
Q13131|Q14432_NEDETECLR|0.0
Q13131|Q14432_IENQSLDQT|0.0
Q13131|Q14432_SLDQTPQSH|0.0
Q13131|Q14432_EEIPTQKPD|0.0
Q13131|Q13370_DGAGSPPES|0.0
Q13131|Q13370_SPPESLRNG|0.0
Q13131|Q13370_KSCVSPLRQ|0.0
Q13131|Q13370_PPPASPQQP|0.0
Q13131|Q13370_HPRLSSAAE|0.0
Q13131|Q13370_PRLSSAAEE|0.0
Q13131|Q13370_SSCVSLGET|0.0
Q13131|Q13370_SLGETAASY|0.0
Q13131|Q13370_ETAASYYGS|0.0
Q13131|Q13370_SYYGSCKIF|0.0
Q13131|Q13370_LPCISREQM|0.0
Q13131|Q13370_LTDPSLPPQ|0.0
Q13131|Q13370_PQVISSLRS|0.0
Q13131|Q13370_QVISSLRSI|0.0
Q13131|Q13370_AFSGSCRPK|0.0
Q13131|Q13370_LNRNSLPTP|0.0
Q13131|Q13370_NSLPTPQLR|0.0
Q13131|Q13370_SSGTSGLLP|0.0
Q13131|Q13370_SNLLTIPKQ|0.377
Q13131|Q13370_QRSSSVSLT|0.17
Q13131|Q13370_LSSLSPVNS|0.0
Q13131|Q13370_SPVNSSNHG|0.0
Q13131|Q13370_ILQRSLGNA|0.552
Q13131|Q13370_NAPNTPDFY|0.0
Q13131|Q13370_TPDFYQQLR|0.0
Q13131|Q13370_QLRNSDSNL|0.0
Q13131|Q13370_RNSDSNLCN|0.005
Q13131|Q13370_NLCNSCGHQ|0.007
Q13131|Q13370_QMLKYVSTS|0.0
Q13131|Q13370_LKYVSTSES|0.0
Q13131|Q13370_CSGKSGEEE|0.0
Q13131|Q13370_FSKESFKLM|0.0
Q13131|Q13370_HAVWYLTTR|0.0
Q13131|Q13370_NGCGTGNET|0.0
Q13131|Q13370_TGNETDSDG|0.0
Q13131|Q13370_MDRSSPQLA|0.0
Q13131|P27815_PTVPSERSL|0.0
Q13131|P27815_PSERSLSLS|0.019
Q13131|P27815_SLSLSLPGP|0.0
Q13131|P27815_TTRMSWPSS|0.765
Q13131|P27815_DYDMSPKTM|0.616
Q13131|P27815_FSLLTNVPV|0.0
Q13131|P27815_LGGPTPVCK|0.0
Q13131|P27815_NRELTHLSE|0.871
Q13131|P27815_VEIPSPTMK|0.488
Q13131|P27815_SKHMTLLAD|0.094
Q13131|P27815_KKVTSSGVL|0.255
Q13131|P27815_KVTSSGVLL|0.193
Q13131|P27815_LDNYSDRIQ|0.0
Q13131|P27815_GMEISPMCD|0.0
Q13131|P27815_VSHSSPSAL|0.0
Q13131|P27815_LALQSPLLP|0.087
Q13131|P27815_FGEDTSALP|0.0
Q13131|P27815_GEDTSALPA|0.059
Q13131|P27815_GGGGSGGDP|0.0
Q13131|P27815_GGDPT____|0.0
Q13131|P27815-2_RRPRSPPSS|0.003
Q13131|P27815-2_FASPSPTFR|0.0
Q13131|P27815-2_RLLRSCQDL|0.002
Q13131|P27815-2_QRRESFLYR|0.0
Q13131|P27815-6___MRSGAAP|0.0
Q13131|P27815-6_GRSVSFEAE|0.0
Q13131|P27815-7_KRSRSALSV|0.0
Q13131|P27815-7_QRRESFLYR|0.0
Q13131|Q07343_FLYRSDSDY|0.775
Q13131|Q07343_SDSDYDLSP|0.0
Q13131|Q07343_SNKRSPAAS|0.46
Q13131|Q07343_SPAASQPPV|0.0
Q13131|Q07343_PQEESYQKL|0.0
Q13131|Q07343_QEESYQKLA|0.0
Q13131|Q07343_NRELTHLSE|0.8
Q13131|Q07343_VEIPSPTQK|0.035
Q13131|Q07343_MTQISGVKK|0.0
Q13131|Q07343_MHSSSLNNT|0.876
Q13131|Q07343_ATDMSKHMS|0.1
Q13131|Q07343_LLDNYTDRI|0.0
Q13131|Q07343_GMEISPMCD|0.0
Q13131|Q07343-3_GNRPTSPKI|0.001
Q13131|Q07343-3_SPKISPRSS|0.0
Q13131|Q07343-3_SPRNSPCFF|0.0
Q13131|Q07343-3_LVNKSIRQR|0.005
Q13131|Q08493_QQRFYSDPD|0.0
Q13131|Q08493_QRFYSDPDK|0.0
Q13131|Q08493_PVPHSQRRE|0.0
Q13131|Q08493_FLYRSDSDY|0.757
Q13131|Q08493_YRSDSDYEL|0.0
Q13131|Q08493_DYELSPKAM|0.0
Q13131|Q08493_PKAMSRNSS|0.0
Q13131|Q08493_ASLRTVRSN|0.0
Q13131|Q08493_GEMASNKFK|0.0
Q13131|Q08493_MSRISGLHG|0.515
Q13131|Q08493_LSSATVPRF|0.0
Q13131|Q08499_AGGATLKAP|0.0
Q13131|Q08499_KSRMSWPSS|0.357
Q13131|Q08499_DPMTSPGSG|0.003
Q13131|Q08499_TSPGSGLIL|0.301
Q13131|Q08499_FLYRSDSDY|0.913
Q13131|Q08499_SDSDYDLSP|0.0
Q13131|Q08499_DRAPSKRSP|0.474
Q13131|Q08499_PSKRSPMCN|0.269
Q13131|Q08499_CNQPSINKA|0.998
Q13131|Q08499_NRELTHLSE|0.895
Q13131|Q08499_EMSRSGNQV|0.912
Q13131|Q08499_GNQVSEFIS|0.004
Q13131|Q08499_SEFISNTFL|0.0
Q13131|Q08499_KRPMSQISG|0.973
Q13131|Q08499_MSQISGVKK|0.741
Q13131|Q08499_ATDMSKHMN|0.002
Q13131|Q08499_KKVTSSGVL|0.353
Q13131|Q08499_KVTSSGVLL|0.361
Q13131|Q08499_LDNYSDRIQ|0.0
Q13131|Q08499_GMEISPMCD|0.0
Q13131|Q08499_EDGESDTEK|0.504
Q13131|Q08499_EEDTSCSDS|0.197
Q13131|Q08499-10____MSIIMK|0.0
Q13131|Q08499-6_TARKSVSPK|0.0
Q13131|Q08499-6_RKSVSPKLS|0.0
Q13131|Q08499-6_SPKLSPVIS|0.0
Q13131|Q08499-6_SPVISPRNS|0.0
Q13131|Q08499-6_SPRNSPRLL|0.0
Q13131|Q08499-7_TARKSVSPK|0.0
Q13131|Q08499-7_RKSVSPKLS|0.0
Q13131|Q08499-7_SPKLSPVIS|0.0
Q13131|Q08499-7_SPVISPRNS|0.0
Q13131|Q08499-7_SPRNSPRLL|0.0
Q13131|Q08499-9_SKSYSFDVD|0.0
Q13131|Q5VU43_REDIYKRNI|0.002
Q13131|Q5VU43_ELNQSLAAQ|0.0
Q13131|Q5VU43_QKLNSHETT|0.0
Q13131|Q5VU43_ELLQYRDNS|0.45
Q13131|Q5VU43_YRDNSDKTL|0.538
Q13131|Q5VU43_SNEATMQSM|0.0
Q13131|Q5VU43_ATMQSMESL|0.0
Q13131|Q5VU43_QSMESLLRA|0.025
Q13131|Q5VU43_TDQGSMQIP|0.0
Q13131|Q5VU43_DDSTSLTAK|0.659
Q13131|Q5VU43_SIPRSTLGD|0.076
Q13131|Q5VU43_IPRSTLGDL|0.783
Q13131|Q5VU43_GDLDTVAGL|0.288
Q13131|Q5VU43_QMELSALQS|0.029
Q13131|Q5VU43_SALQSMMAV|0.035
Q13131|Q5VU43_VLGRSLERL|0.0
Q13131|Q5VU43_FSPPSPMGG|0.0
Q13131|Q5VU43_GEAMSDGWE|0.0
Q13131|Q5VU43_GLSESSLQA|0.615
Q13131|Q5VU43_ELVGSPGKH|0.487
Q13131|Q5VU43_ELEKYRVML|0.114
Q13131|Q5VU43_RVMLTGESL|0.593
Q13131|Q5VU43_LTGESLVKQ|0.019
Q13131|Q5VU43_VKQDSKQIQ|0.825
Q13131|Q5VU43_GRRGSTLAS|0.878
Q13131|Q5VU43_STLASSSER|0.003
Q13131|Q5VU43_TLASSSERK|0.0
Q13131|Q5VU43_LASSSERKP|0.001
Q13131|Q5VU43_AKAESNSNP|0.0
Q13131|Q5VU43_AESNSNPIS|0.0
Q13131|Q5VU43_ISLPTPQNT|0.004
Q13131|Q5VU43_GESASTVPP|0.0
Q13131|Q5VU43_ATLLSNDLE|0.483
Q13131|Q5VU43_YYLNSAQPH|0.212
Q13131|Q5VU43_GSSVYQLNS|0.0
Q13131|Q5VU43_LYGNSKKGL|0.626
Q13131|Q5VU43_LGLDTSPVM|0.002
Q13131|Q5VU43_GLDTSPVMK|0.03
Q13131|Q5VU43-2_RVADSDYEA|0.0
Q13131|Q5VU43-2_ADSDYEAIC|0.0
Q13131|Q5VU43-2_KVARSISCG|0.0
Q13131|Q5VU43-2_ARSISCGPS|0.0
Q13131|Q5VU43-2_SCGPSSRWS|0.0
Q13131|Q5VU43-2_CGPSSRWST|0.0
Q13131|Q5VU43-2_EPALSEVGP|0.0
Q13131|Q5VU43-2_SVQASPPQQ|0.0
Q13131|Q5VU43-2_CDCCSDDQA|0.0
Q13131|Q5VU43-2_ELALSMIKG|0.0
Q13131|Q5VU43-2_KPIQSPRGS|0.0
Q13131|Q5VU43-2_FLNRSLKPL|0.0
Q13131|Q5VU43-8_TPYRSGDAT|0.0
Q13131|Q5VU43-8_SGDATRTPQ|0.002
Q13131|Q5VU43-8_REDIYKRNI|0.0
Q13131|O76074_PLQQSPRAD|0.149
Q13131|O76074_KISASEFDR|0.709
Q13131|O76074_QMPLTPPRF|0.414
Q13131|O76074_INGESGQAK|0.064
Q13131|P16499_NILASPIMN|0.0
Q13131|P16499_HKALYTVRA|0.0
Q13131|P16499_NCDRYSVGL|0.0
Q13131|P16499_LLDMTKQKE|0.0
Q13131|P16499_AMMMTACDL|0.0
Q13131|P35913_ADRCSLFMY|0.0
Q13131|P35913_VFLKYLNFA|0.0
Q13131|P35913_FATLYLKIY|0.002
Q13131|P35913_IYHLSYLHN|0.002
Q13131|P35913_YHLSYLHNC|0.0
Q13131|P35913_LILPTRARL|0.016
Q13131|P35913_RRITYHNWR|0.022
Q13131|P35913_AMMMTACDL|0.0
Q13131|P51160_HKALYTVRS|0.0
Q13131|P51160_EEIKSILKF|0.0
Q13131|P51160_EFRFSDFPL|0.0
Q13131|Q13956____MSDNTT|0.0
Q13131|Q13956_SDNTTLPAP|0.0
Q13131|Q13946_AGFESERRG|0.0
Q13131|Q13946_ERRGSHPYI|0.544
Q13131|Q13946_RRLLSFQRY|0.707
Q13131|Q13946_LPLESRQQM|0.0
Q13131|Q13946_LNKASWKGL|0.0
Q13131|Q13946_QREQSSSED|0.0
Q13131|Q13946_SSEDTDAAF|0.0
Q13131|Q9NP56_KRLLSFQRY|0.577
Q13131|Q9NP56_PKEMTQDIE|0.0
Q13131|Q9NP56_QQLGSLILA|0.0
Q13131|O60658_QGQKTAALP|0.001
Q13131|O60658_ALPRTRGAG|0.514
Q13131|O60658_LRDGSGKKV|0.763
Q13131|O60658_SSKLSENTV|0.49
Q13131|O60658_WQGIYYAKK|0.838
Q13131|O60658_QGIYYAKKK|0.255
Q13131|O60658_KIRHYVSII|0.0
Q13131|O60658_KAVASRATE|0.0
Q13131|O60658_ASRATEVSS|0.816
Q13131|O60658_ATEVSSQRR|0.562
Q13131|O60658_PMPVTEALD|0.0
Q13131|O60658_TTELYSPQF|0.0
Q13131|O60658_TELYSPQFG|0.001
Q13131|O60658_SGNEYVLST|0.67
Q13131|O60658_TQMVSSNII|0.132
Q13131|O60658_YFSQTDEEK|0.0
Q13131|O95263_GSGSSAGSA|0.0
Q13131|O95263_PAATTSRGR|0.0
Q13131|O95263_AKEDSQSDG|0.0
Q13131|O95263_KSGDSIQQH|0.0
Q13131|O95263_HVKITPVIG|0.0
Q13131|O95263_IHRDSGDNS|0.0
Q13131|O95263_SGNEYVFTK|0.0
Q13131|O95263_EIEGSDCEC|0.0
Q13131|O95263_KHWKTLDDL|0.0
Q13131|O95263_LKCKSLRLP|0.0
Q13131|O95263_LRLPSDS__|0.0
Q13131|O95263_LPSDS____|0.0
Q13131|O95263-3_EAPITKDGL|0.0
Q13131|O76083_IFSKYCNSS|0.001
Q13131|O76083_ERTPYKVRP|0.029
Q13131|O76083_IKQLSAGVE|0.935
Q13131|O76083_ENFDYSNEE|0.0
Q13131|O76083_RDKVTKATA|0.0
Q13131|O76083_VTKATAQIG|0.483
Q13131|O76083_LQKKTDSLT|0.0
Q13131|O76083_KKTDSLTSG|0.624
Q13131|O76083_TDSLTSGAT|0.0
Q13131|O76083_ATEKSRERS|0.001
Q13131|O76083_SRERSRDVK|0.0
Q13131|O76083-12_GHQATLRAF|0.0
Q13131|P04085_EIPRSQVDP|0.265
Q13131|P04085_QVDPTSANF|0.003
Q13131|P04085_VDPTSANFL|0.084
Q13131|P04085_CCNTSSVKC|0.0
Q13131|P04085_CNTSSVKCQ|0.084
Q13131|P01127_SPGGSQEQR|0.469
Q13131|Q9NRA1_FGRKSRVVD|0.403
Q13131|Q9GZP0_DLLKYFNPE|0.776
Q13131|Q9GZP0_FNPESWQED|0.11
Q13131|Q9GZP0_LENMYLDTP|0.374
Q13131|Q9GZP0_MYLDTPRYR|0.459
Q13131|Q9GZP0_RYSCTPRNY|0.631
Q13131|Q9GZP0_TVKKYHEVL|0.96
Q13131|P16234_IESISPDGH|0.0
Q13131|P16234_MQLPYDSRW|0.0
Q13131|P16234_LPYDSRWEF|0.0
Q13131|P16234_EGTAYGLSR|0.054
Q13131|P16234_PADESTRSY|0.0
Q13131|P16234_ADESTRSYV|0.618
Q13131|P16234_KQADTTQYV|0.0
Q13131|P16234_QADTTQYVP|0.073
Q13131|P16234_RKEVSKYSD|0.096
Q13131|P16234_VSKYSDIQR|0.0
Q13131|P16234_DIQRSLYDR|0.033
Q13131|P16234_IMHDSNYVS|0.0
Q13131|P16234_TSEVYEIMV|0.0
Q13131|P16234_KCWNSEPEK|0.0
Q13131|P16234_RPSFYHLSE|0.179
Q13131|P16234_LPGQYKKSY|0.001
Q13131|P16234_YKKSYEKIH|0.729
Q13131|P16234_YIGVTYKNE|0.0
Q13131|P16234_LSADSGYII|0.216
Q13131|P16234_RNRHSSQTS|0.0
Q13131|P16234_NRHSSQTSE|0.649
Q13131|P16234_TSEESAIET|0.469
Q13131|P16234_IGIDSSDLV|0.537
Q13131|P16234_GIDSSDLVE|0.0
Q13131|P16234_LVEDSFL__|0.0
Q13131|P09619_RLQVSSINV|0.0
Q13131|P09619_LQVSSINVS|0.0
Q13131|P09619_VLGRTLGSG|0.313
Q13131|P09619_RTLGSGAFG|0.859
Q13131|P09619_GGPIYIITE|0.193
Q13131|P09619_IITEYCRYG|0.628
Q13131|P09619_DLVDYLHRN|0.002
Q13131|P09619_LQHHSDKRR|0.554
Q13131|P09619_AELYSNALP|0.064
Q13131|P09619_IKRGYRMAQ|0.0
Q13131|P09619_PAHASDEIY|0.0
Q13131|Q15198_KDRDSANSA|0.0
Q13131|Q15198_DSANSAPKT|0.0
Q13131|Q15198_SAPKTQSIM|0.0
Q13131|Q15198_YGQLTLVNS|0.0
Q13131|Q15198_TLVNSTSAD|0.0
Q13131|Q15198_RGFVYLQPH|0.0
Q13131|Q15198_RSQISVKYQ|0.0
Q13131|Q15198_SGPPSTTIL|0.0
Q13131|P08559_DHLITAYRA|0.061
Q13131|P08559_LITAYRAHG|0.731
Q13131|P08559_LAELTGRKG|0.448
Q13131|P08559_GKGGSMHMY|0.0
Q13131|P08559_RAAASTDYY|0.883
Q13131|P08559_AAASTDYYK|0.013
Q13131|P08559_ASTDYYKRG|0.585
Q13131|P08559_STDYYKRGD|0.811
Q13131|P08559_FAAAYCRSG|0.0
Q13131|P08559_VSYRTREEI|0.766
Q13131|P08559_EELGYHIYS|0.024
Q13131|P08559-2_YHGHSMSDP|0.0
Q13131|P29803_KCDLYLLEE|0.027
Q13131|P29803_EGLKYYRMM|0.493
Q13131|P29803_GLKYYRMML|0.415
Q13131|P29803_GKGGSMHMY|0.0
Q13131|P29803_SMHMYTKNF|0.276
Q13131|P29803_VSYRTREEI|0.112
Q13131|P11177_RFHWTAPAA|0.0
Q13131|P11177_ALQVTVRDA|0.0
Q13131|P11177_EVAQYDGAY|0.0
Q13131|P11177_SAAKTYYMS|0.0
Q13131|P11177_LKVVSPWNS|0.001
Q13131|P11177_INMRTIRPM|0.001
Q13131|P11177_MDMETIEAS|0.0
Q13131|P11177_TIEASVMKT|0.0
Q13131|Q15118_LDFGSVNAC|0.0
Q13131|Q15118_FNYMYSTAP|0.001
Q13131|Q15118_RVETSRAVP|0.0
Q13131|Q15118_AGFGYGLPI|0.803
Q13131|Q15118_RLPVYNKAA|0.292
Q13131|Q15119_DALVTIRNR|0.011
Q13131|Q15119_EEDLSIKMS|0.0
Q13131|Q15120_QIERYSRFS|0.0
Q13131|Q15120_INQHTLLFG|0.336
Q13131|Q15120_VYVPSHLFH|0.0
Q13131|Q15120_APRPSLEPT|0.323
Q13131|Q16654_FVLRSAGSL|0.0
Q13131|Q16654_RSAGSLNGA|0.0
Q13131|Q16654_LKALSSESI|0.0
Q13131|Q16654_KALSSESIE|0.013
Q13131|Q16654_VFNKSAFKH|0.053
Q13131|O00330_RLLRYLVGF|0.833
Q13131|O00330_PGRRSVGLV|0.579
Q13131|O00330_MPSLSPTME|0.0
Q13131|O00330_CEIETDKAV|0.0
Q13131|O00330_KAVVTLDAS|0.0
Q13131|O00330_PPPVSKPSE|0.0
Q13131|O00330_HIPGTLRFR|0.0
Q13131|O00330_SLDASQGTA|0.0
Q13131|O00330_FIDISVAVA|0.0
Q13131|O00330_VAVATDKGL|0.0
Q13131|O00330_KGLLTPIIK|0.0
Q13131|O00330-3_GAEGSPGAG|0.0
Q13131|O00330-3_GAGRTGRGP|0.0
Q13131|P07237_VLRKSNFAE|0.967
Q13131|P07237_LAPEYAKAA|0.0
Q13131|P07237_ATEESDLAQ|0.668
Q13131|P07237_LAQQYGVRG|0.692
Q13131|P07237_GVRGYPTIK|0.0
Q13131|P07237_PKSVSDYDG|0.0
Q13131|P07237_SVSDYDGKL|0.0
Q13131|P07237_DGKLSNFKT|0.775
Q13131|P07237_TAAESFKGK|0.619
Q13131|P07237_IFIDSDHTD|0.001
Q13131|P07237_EMTKYKPES|0.0
Q13131|P07237_SEELTAERI|0.898
Q13131|P07237_KMDSTANEV|0.0
Q13131|P07237_VKVHSFPTL|0.984
Q13131|P07237_TVIDYNGER|0.002
Q13131|P07237_NGERTLDGF|0.0
Q13131|Q13087_FVNQTLAAH|0.57
Q13131|P13667_FAPEYEKIA|0.0
Q13131|P13667_IDATSASVL|0.0
Q13131|P13667_SVLASRFDV|0.0
Q13131|P13667_DVSGYPTIK|0.0
Q13131|P13667_VREVSQPDW|0.0
Q13131|P13667_QPDWTPPPE|0.0
Q13131|P13667_LSKRSPPIP|0.0
Q13131|P13667_KVDATAETD|0.0
Q13131|P13667_ATAETDLAK|0.0
Q13131|P13667_DVSGYPTLK|0.0
Q13131|P13667_SGYPTLKIF|0.0
Q13131|P13667_KGRPYDYNG|0.0
Q13131|P13667_RPYDYNGPR|0.006
Q13131|P13667_PREKYGIVD|0.21
Q13131|P13667_GIVDYMIEQ|0.0
Q13131|P13667_SGPPSKEIL|0.0
Q13131|P13667_SDPAYQQYQ|0.0
Q13131|P13667_AYQQYQDAA|0.0
Q13131|P13667_FLKVSQGQL|0.0
Q13131|P13667_FQSKYEPRS|0.0
Q13131|P13667_VQGSTQDSA|0.0
Q13131|P13667_STQDSAIKD|0.0
Q13131|P13667_FVLKYALPL|0.0
Q13131|P13667_HRKVSNDAK|0.656
Q13131|P13667_DAKRYTRRP|0.0
Q13131|P13667_AKRYTRRPL|0.0
Q13131|P13667_DFPEYTFAI|0.0
Q13131|P13667_FPEYTFAIA|0.0
Q13131|P13667_DEEDYAGEV|0.0
Q13131|P13667_DLGLSESGE|0.071
Q13131|P13667_GLSESGEDV|0.425
Q13131|P13667_EEFDSDTLR|0.0
Q13131|P13667_PVIKSQPVP|0.0
Q13131|P13667_LIEFYAPWC|0.0
Q13131|P13667_LEPVYNSLA|0.0
Q13131|P13667_PVYNSLAKK|0.398
Q13131|P13667_KMDATANDV|0.024
Q13131|P13667_NDVPSDRYK|0.291
Q13131|P13667_FPTIYFAPS|0.0
Q13131|P13667_YFAPSGDKK|0.0
Q13131|Q14554_LIMFYAPWC|0.0
Q13131|Q14554_NVYSSEFEN|0.0
Q13131|Q15084_LGGQYGVQG|0.4
Q13131|Q15084_QGGRTGEAI|0.489
Q13131|Q15084_VIELTDDSF|0.413
Q13131|Q15084_QVLASRYGI|0.999
Q13131|Q15084_RGFPTIKIF|0.359
Q13131|Q15084_QKGESPVDY|0.456
Q13131|Q15084_SPVDYDGGR|0.573
Q13131|Q15084_LDLFSDNAP|0.522
Q13131|Q15084_AGRNSYLEV|0.487
Q13131|Q15084_GRNSYLEVL|0.429
Q13131|Q15084_LLKGSFSEQ|0.691
Q13131|Q15084_KGSFSEQGI|0.459
Q13131|Q15084-5_LARRSDRGS|0.519
Q13131|Q8N807_GVVESAALV|0.0
Q13131|Q8N807_KQHLTDFVI|0.0
Q13131|Q8N807_FVIEYNTEN|0.0
Q13131|Q8N807_KDLISELHI|0.0
Q13131|Q8N807_LHIMSHMLL|0.007
Q13131|Q8N807_VDIPSVQIL|0.0
Q13131|Q8N807_SDARYKMPS|0.001
Q13131|Q8N807_DDITYESLK|0.0
Q13131|O15530_VVLCSCPSP|0.437
Q13131|O15530_QTESSTPPG|0.602
Q13131|O15530_IPGGSRQGP|0.754
Q13131|O15530_LGEGSFSTV|0.438
Q13131|O15530_KLYFTFQDD|0.488
Q13131|O15530_DEKLYFGLS|0.524
Q13131|O15530_YFGLSYAKN|0.425
Q13131|O15530_FGLSYAKNG|0.479
Q13131|O15530_RKIGSFDET|0.544
Q13131|O15530_SFDETCTRF|0.433
Q13131|O15530_AKVLSPESK|0.887
Q13131|O15530_LSPESKQAR|0.914
Q13131|O15530_GTAQYVSPE|0.781
Q13131|O15530_AQYVSPELL|0.426
Q13131|O15530_PELLTEKSA|0.823
Q13131|O15530_AGNEYLIFQ|0.517
Q13131|O15530_LPAMSEDDE|0.517
Q13131|O15530_PHLYYVDPV|0.433
Q13131|O15530_QRYQSHPDA|0.665
Q13131|Q96JY6_RDFHTPIMV|0.07
Q13131|Q96JY6_PIMVTKVAE|0.0
Q13131|Q96JY6_KIRQSPSPL|0.0
Q13131|Q96JY6_RQSPSPLRL|0.005
Q13131|Q96JY6_QLDRSQATS|0.515
Q13131|Q96JY6_SQATSPGQT|0.0
Q13131|Q96JY6_SVRTYTESQ|0.0
Q13131|Q96JY6_TYTESQSSL|0.0
Q13131|Q96JY6_ESQSSLRSS|0.153
Q13131|Q96JY6_SSLRSSYSS|0.013
Q13131|Q96JY6_SLRSSYSSP|0.0
Q13131|Q96JY6_LRSSYSSPT|0.0
Q13131|Q96JY6_RSSYSSPTS|0.86
Q13131|Q96JY6_SSPTSLSPR|0.594
Q13131|Q96JY6_PRAGSPFSP|0.0
Q13131|Q96JY6_SPPPSSSSL|0.83
Q13131|Q96JY6_PPPSSSSLT|0.0
Q13131|Q96JY6_PPSSSSLTG|0.0
Q13131|Q96JY6_PSSSSLTGE|0.0
Q13131|Q96JY6_SSSLTGEAA|0.0
Q13131|Q96JY6_AISRSFQSL|0.721
Q13131|Q96JY6_RSFQSLACS|0.136
Q13131|Q96JY6_ADRLSYSGR|0.478
Q13131|Q96JY6_DRLSYSGRP|0.448
Q13131|Q96JY6_RLSYSGRPG|0.854
Q13131|Q96JY6_GRPGSRQAG|0.969
Q13131|Q96JY6_RAGDSAVLV|0.819
Q13131|Q96JY6_PGPRSSRPS|0.0
Q13131|Q96JY6_SSRPSMDSE|0.005
Q13131|Q96JY6_PSMDSEGGS|0.127
Q13131|Q96JY6_SEGGSLLLD|0.0
Q13131|Q96JY6_LDEDSEVFK|0.0
Q13131|Q96JY6_APRQSSSFR|0.023
Q13131|Q96JY6_PRQSSSFRL|0.0
Q13131|Q96JY6_RQSSSFRLL|0.96
Q13131|Q96JY6_ERGGTPAFL|0.868
Q13131|Q96JY6_AFLPSSLSP|0.212
Q13131|Q96JY6_FLPSSLSPQ|0.001
Q13131|Q96JY6_LSPQSSLPA|0.0
Q13131|Q96JY6_RALATPPKL|0.542
Q13131|Q96JY6_ARQRYSAPA|0.03
Q13131|Q96JY6_RQRYSAPAT|0.0
Q13131|Q96JY6-3_PIQPSW___|0.0
Q13131|Q53GG5_GFRLSGGID|0.786
Q13131|Q53GG5_DGFGTESMT|0.192
Q13131|Q53GG5_THLWSPQVS|0.33
Q13131|Q53GG5_PGRSSGCST|0.894
Q13131|Q53GG5_SSGCSTPSG|0.007
Q13131|Q53GG5_SGCSTPSGI|0.482
Q13131|Q53GG5_IDCGSGRST|0.631
Q13131|Q53GG5_GSGRSTPSS|0.717
Q13131|Q53GG5_SGRSTPSSV|0.581
Q13131|Q53GG5_RSTPSSVST|0.464
Q13131|Q53GG5_QPRQSGSFR|0.597
Q13131|Q53GG5_VDDGSDDRP|0.554
Q13131|Q53GG5_DKCGSGIVG|0.763
Q13131|Q53GG5_ARDKYRHPE|0.37
Q13131|Q53GG5_PPEGYDTVT|0.067
Q13131|Q53GG5_EGYDTVTLY|0.343
Q13131|Q53GG5-2_ASYNSPIGL|0.0
Q13131|Q53GG5-2_PIGLYSTSN|0.0
Q13131|Q53GG5-2_LIPSSPQNE|0.0
Q13131|Q53GG5-2_DKCGSGIVG|0.517
Q13131|Q53GG5-2_ARDKYRHPE|0.001
Q13131|Q53GG5-3_ASYNSPIGL|0.0
Q13131|Q53GG5-3_PIGLYSTSN|0.0
Q13131|Q96HC4____MSNYSV|0.535
Q13131|Q96HC4_MSNYSVSLV|0.026
Q13131|Q96HC4_PLTISSLKD|0.484
Q13131|Q96HC4_GCTGSLNMT|0.621
Q13131|Q96HC4_SLNMTLQRA|0.575
Q13131|Q96HC4_PVPITSPAV|0.0
Q13131|Q96HC4_SKVTSTNNM|0.0
Q13131|Q96HC4_NNMAYNKAP|0.0
Q13131|Q96HC4_SAGKTAVNV|0.0
Q13131|Q96HC4_PRQPTVTSV|0.672
Q13131|Q96HC4_PTVTSVCSE|0.0
Q13131|Q96HC4_TSVCSETSQ|0.0
Q13131|Q96HC4_VCSETSQEL|0.0
Q13131|Q96HC4_CSETSQELA|0.0
Q13131|Q96HC4_QRRGSQGDS|0.613
Q13131|Q96HC4_SQGDSKQQN|0.0
Q13131|Q96HC4_IVERYTEFY|0.0
Q13131|Q96HC4_VERYTEFYH|0.558
Q13131|Q96HC4_YHVPTHSDA|0.572
Q13131|Q96HC4_VPTHSDASK|0.515
Q13131|Q96HC4_TQSRSFRIL|0.807
Q13131|Q96HC4_LAQITGTEH|0.664
Q13131|Q96HC4_ESLDSPTSG|0.037
Q13131|Q96HC4_PVGSTGVIK|0.361
Q13131|Q96HC4_QGVPSTGRI|0.589
Q13131|Q96HC4_GVPSTGRIS|0.0
Q13131|Q96HC4_SNSATYSGS|0.0
Q13131|Q96HC4_NSATYSGSV|0.0
Q13131|Q96HC4_AGKRTPMCA|0.0
Q13131|Q96HC4_HCKNTMAYI|0.001
Q13131|Q96HC4_NTMAYIGFV|0.011
Q13131|Q96HC4_KGALYCELC|0.0
Q13131|Q96HC4_KHAHSVNF_|0.0
Q13131|Q96HC4-2_LHVFSPKYT|0.0
Q13131|Q9NR12_ENAGSLTHI|0.037
Q13131|Q9NR12_SLGLSRAQP|0.0
Q13131|Q9NR12_PQKASAPAA|0.0
Q13131|Q9NR12_DPPRYTFAP|0.0
Q13131|Q9NR12_PPRYTFAPS|0.0
Q13131|Q9NR12_VPDASKQRL|0.084
Q13131|Q9NR12_PRPGTGQSR|0.0
Q13131|Q9NR12_GQSRSFRIL|0.003
Q13131|Q9NR12_PASSTPQEP|0.0
Q13131|Q9NR12_WPGPTAPSP|0.338
Q13131|Q9NR12_FAERYAPDK|0.0
Q13131|Q9NR12_DKTSTVLTR|0.431
Q13131|Q9NR12_STVLTRHSQ|0.52
Q13131|Q9NR12_PATPTPLQS|0.059
Q13131|Q9NR12_TPLQSRTSI|0.0
Q13131|Q9NR12_LQSRTSIVQ|0.002
Q13131|Q9NR12_QSRTSIVQA|0.0
Q13131|Q9NR12_PGGGSNNGK|0.04
Q13131|Q9NR12_NNGKTPVCH|0.379
Q13131|Q9NR12_KKKITGEIM|0.004
Q13131|Q9NR12_AACKTPIRN|0.0
Q13131|Q9NR12-2_QKVQTPDKQ|0.0
Q13131|Q9NR12-6_DPPRYTFAP|0.0
Q13131|Q9NR12-6_PRPGTGQSR|0.0
Q13131|Q9NR12-6_LELQSPRYT|0.0
Q13131|Q9NR12-6_HHQRSAHVL|0.0
Q13131|Q9P0J1_SRLRYTPHP|0.0
Q13131|Q9P0J1_PQKFYLTPP|0.664
Q13131|Q9P0J1_HPNDYFSKE|0.336
Q13131|Q9P0J1_NTGDSRAML|0.876
Q13131|Q9P2J9_WRLFSRVPP|0.868
Q13131|Q9P2J9_CGGFTLCKA|0.0
Q13131|Q9P2J9_YRHTSTEED|0.0
Q13131|Q8NCN5__MMFYRLLS|0.514
Q13131|Q8NCN5_AEARSMALP|0.0
Q13131|Q8NCN5_MALPTQAQV|0.0
Q13131|Q8NCN5_KMADYSNKL|0.004
Q13131|Q8NCN5_SNKLYYQLE|0.006
Q13131|Q8NCN5_NKLYYQLEQ|0.001
Q13131|Q8NCN5_IQTGYTRTG|0.345
Q13131|Q8NCN5_IGIPSEIIS|0.0
Q13131|Q8NCN5_SEIISPKKV|0.0
Q13131|Q8NCN5_KGQVTGVET|0.007
Q13131|Q8NCN5_GGILSGGFE|0.0
Q13131|Q8NCN5_MPLMYDLKV|0.015
Q13131|Q8NCN5_SKTFYKPDW|0.0
Q13131|Q8NCN5_CGRESRVKL|0.0
Q13131|Q8NCN5_NRGEYEIDI|0.0
Q13131|Q9NUG6_QKDLSLSED|0.018
Q13131|Q9NUG6_DLSLSEDVM|0.578
Q13131|Q86YH6_RLWWSPSLD|0.0
Q13131|Q86YH6_WWSPSLDTI|0.0
Q13131|Q86YH6_NQVVSEAEK|0.505
Q13131|Q6P996__MDASLEKI|0.481
Q13131|Q6P996_IADPTLAEM|0.314
Q13131|Q6P996_MLEDSQRRT|0.81
Q13131|Q6P996_LLGHSLGAY|0.027
Q13131|Q6P996_TVFGSQHQM|0.071
Q13131|Q6P996_DELSSPVVV|0.302
Q13131|Q6P996_ELPGSDPVF|0.586
Q13131|Q6P996_NMTPSGVGR|0.012
Q13131|Q6P996_RERHSCDAL|0.372
Q13131|Q6P996_AVLGTRGED|0.443
Q13131|Q6P996_IGPEYKSMK|0.297
Q13131|Q6P996_KSMKSCLYV|0.93
Q13131|Q6P996_PVVGSVLNW|0.189
Q13131|Q6P996_QKGRTFNLT|0.446
Q13131|Q6P996_LTAGSLEST|0.321
Q13131|Q6P996_GSLESTEPI|0.005
Q13131|Q6P996_TEPIYVYKA|0.37
Q13131|Q6P996_PIYVYKAQG|0.605
Q13131|Q6P996_GAGVTLPPT|0.489
Q13131|Q6P996_TPSGSRTKQ|0.414
Q13131|Q6P996_SGSRTKQRL|0.014
Q13131|Q6P996_PEQITLEAS|0.001
Q13131|Q6P474__MDASLEKI|0.511
Q13131|Q6P474_IADPTLAEM|0.359
Q13131|Q6P474_MLEDSQRRT|0.786
Q13131|Q6P474_DELSSPVVV|0.373
Q13131|Q6P474_ELPGSDPVF|0.656
Q13131|O00764_VIRGYVGNR|0.9
Q13131|O00764_VLTGYTRDK|0.761
Q13131|O00764_ADIITPNQF|0.365
Q13131|O00764_EKTVSTLHH|0.972
Q13131|O00764_VLQRTIQCA|0.984
Q13131|Q96GD0_AAVETASGR|0.545
Q13131|P01213_KLSGSFLKE|0.0
Q13131|Q5EBL8_GGKASQLGI|0.12
Q13131|O15018_EPGETPTLE|0.0
Q13131|O15018_LGDRTAKKG|0.456
Q13131|O15018_PLTTSNDKR|0.516
Q13131|O15018_TDFQSSDCL|0.463
Q13131|O15018_SKENSAEDL|0.047
Q13131|O15018_KSRLSGGVH|0.379
Q13131|O15018_HRLESVEEY|0.938
Q13131|O15018_MLEVSRDGR|0.003
Q13131|O15018_GRKHSLPQL|0.88
Q13131|O15018_ASQEYHIVK|0.019
Q13131|O15018_TRSLSTTQV|0.622
Q13131|O15018_SGGASAGGS|0.001
Q13131|O15018_SDEGSSSSL|0.055
Q13131|O15018_IARSTYQES|0.009
Q13131|O15018_KEANSSPGL|0.001
Q13131|O15018_PGLGTPLKS|0.004
Q13131|O15018_TPLKSPSLA|0.414
Q13131|O15018_PRANSLVTL|0.978
Q13131|O15018_ARQASLPGS|0.983
Q13131|O15018_SLPGSPQAL|0.057
Q13131|O15018_PRRVSISSS|0.673
Q13131|O15018_RPRKTLVSK|0.03
Q13131|O15018_SKAISAPLL|0.023
Q13131|O15018_KLEYTVRTD|0.022
Q13131|O15018_YTVRTDTQS|0.484
Q13131|O15018_VARVSPHCK|0.01
Q13131|O15018_SGSQTVNLT|0.358
Q13131|O15018_TVNLTGRAN|0.614
Q13131|O15018_CDLDSRVQA|0.426
Q13131|O15018_HPDPSKTSV|0.001
Q13131|O15018_SQPASPRVT|0.179
Q13131|O15018_CKARSPVRL|0.837
Q13131|O15018_SKTRSASET|0.414
Q13131|O15018_TRSASETST|0.474
Q13131|O15018_ELDASAARS|0.756
Q13131|O15018_RDGWSPPRS|0.024
Q13131|O15018_KEDPSESEE|0.001
Q13131|O15018_DPSESEEEQ|0.0
Q13131|O15018_SLKYSTPRE|0.333
Q13131|O15018_LKYSTPRES|0.069
Q13131|O15018_KNGESVLEN|0.834
Q13131|O15018_MPARSPDSK|0.423
Q13131|O15018_TVPHSPPQP|0.211
Q13131|O15018_AKVNSEAPA|0.282
Q13131|O15018_KPLISPQTS|0.709
Q13131|O15018_AAPRSPQCV|0.438
Q13131|O15018_CVLESKPPL|0.315
Q13131|O15018_PPLATSGPL|0.0
Q13131|O15018_PLATSGPLK|0.418
Q13131|O15018_SGPVSPAAS|0.009
Q13131|O15018_EIRLYRQVA|0.713
Q13131|O15018_ESSTSHPSS|0.162
Q13131|O15018_EQEMSRSFS|0.747
Q13131|O15018_QGKSSLMSD|0.119
Q13131|O15018_TRTYSMPAQ|0.663
Q13131|O15018_SLGRSRDSQ|0.035
Q13131|O15018_QRIKSFENL|0.883
Q13131|O15018_GRRSSGSIV|0.982
Q13131|O15018_RSSGSIVSG|0.019
Q13131|O15018_LLRRSLSSC|0.768
Q13131|O15018_SEAGTLLPQ|0.002
Q13131|O15018_QMAKSPSIM|0.039
Q13131|O15018_AKSPSIMTL|0.031
Q13131|O15018_PSIMTLTIS|0.0
Q13131|O15018_SSKGSDSEL|0.0
Q13131|O15018_KGSDSELKK|0.005
Q13131|O15018_ELKKSLGPL|0.126
Q13131|O15018_LGIPTPTMT|0.351
Q13131|O15018_IPTPTMTLA|0.767
Q13131|O15018_MTLASPVKR|0.807
Q13131|O15018_KRNKSSVRH|0.488
Q13131|O15018_SVRHTQPSP|0.03
Q13131|O15018_HTQPSPVSR|0.349
Q13131|O15018_PSPVSRSKL|0.007
Q13131|O15018_PVSRSKLQE|0.679
Q13131|O15018_LRALSMPDL|0.644
Q13131|O15018_TPRRSPGPP|0.01
Q13131|O15018_AGGVSCPEK|0.461
Q13131|O15018_CPGGSGPKT|0.003
Q13131|Q86UT5_EETVSRIQG|0.918
Q13131|Q86UT5_DRFFSMVRL|0.881
Q13131|Q86UT5_MVRLSPLLF|0.066
Q13131|Q86UT5_EAPASPRGS|0.02
Q13131|Q76G19_GKELSKLSQ|0.0
Q13131|Q76G19_LSKLSQEQT|0.001
Q13131|Q76G19_SQEQTLQAL|0.0
Q13131|Q76G19_QALRSSKEP|0.0
Q13131|Q76G19_RKLKSPPAQ|0.0
Q13131|Q76G19_NRNESLGHE|0.0
Q13131|Q76G19_EESLYDLAA|0.0
Q13131|Q76G19_LSDISELPE|0.0
Q13131|Q76G19_LPEKSDKDS|0.0
Q13131|Q76G19_DKDSTSAYN|0.0
Q13131|Q76G19_PLPESPLRR|0.297
Q13131|Q76G19_EGEHYHSCV|0.0
Q13131|Q76G19_REERSGMTT|0.013
Q13131|Q76G19_RSGMTTDDD|0.0
Q13131|Q76G19_SGMTTDDDA|0.908
Q13131|Q76G19_DDAVSEMKM|0.0
Q13131|Q76G19_FMMQSRLEC|0.093
Q13131|Q76G19_IIALSHRKT|0.054
Q13131|Q9H5P4_TATRYLLRK|0.0
Q13131|Q9H5P4_GIRASSPMG|0.0
Q13131|Q9H5P4_RRLDSALSE|0.0
Q13131|Q9H5P4_DSALSESPK|0.0
Q13131|Q9H5P4_ALSESPKTA|0.0
Q13131|Q9H5P4_LLALSRPRP|0.003
Q13131|Q9H5P4_TRSQSYLTL|0.545
Q13131|Q9H5P4_HCSRYVHEG|0.0
Q13131|Q9H5P4_ALKVSPSAS|0.0
Q13131|Q9H5P4_RSRSSRGQG|0.0
Q13131|Q9H5P4_GQGKSPGRR|0.0
Q13131|Q8NEN9_REYLYGGGR|0.011
Q13131|Q8NEN9_TLPNYKIRF|0.004
Q13131|Q8NEN9_AQSLSHSPK|0.135
Q13131|Q8NEN9_RVPTTLSIK|0.0
Q13131|Q8NEN9_PTTLSIKPL|0.016
Q13131|Q8NEN9_VPLPSADAP|0.0
Q13131|Q8NEN9_LVDKSAEKQ|0.0
Q13131|Q8NEN9_KDVTSETSC|0.0
Q13131|Q8NEN9_TSCPTKDSS|0.0
Q13131|Q8NEN9_PTKDSSDDR|0.001
Q13131|Q8NEN9_TKDSSDDRQ|0.001
Q13131|Q8NEN9_LEAPSPKAI|0.467
Q13131|Q8NEN9_LRNLSMQKG|0.799
Q13131|Q8NEN9_ENKHSFQDT|0.0
Q13131|Q8NEN9_SFQDTQFQN|0.0
Q13131|Q8NEN9_FQNPTWCDY|0.0
Q13131|Q8NEN9_TWCDYCKKK|0.0
Q13131|Q8NEN9_KTRLSEPGT|0.823
Q13131|Q8NEN9_SPKHTPNTS|0.0
Q13131|Q8NEN9_HTPNTSDNE|0.0
Q13131|Q8NEN9_TPNTSDNEG|0.46
Q13131|Q8NEN9_DNEGSDTEV|0.399
Q13131|Q8NEN9_CGPNSPSKR|0.0
Q13131|Q8NEN9_TRKKSLLSA|0.001
Q13131|Q5T2W1____MTSTFN|0.0
Q13131|Q5T2W1_DNILSPVMN|0.0
Q13131|Q5T2W1_KEGGSYGFS|0.0
Q13131|Q5T2W1_MKKGSNGYG|0.0
Q13131|Q5T2W1_TDNMYRLAH|0.003
Q13131|Q5T2W1_DPLDTPPDS|0.001
Q13131|Q5T2W1_RAHSTASHS|0.0
Q13131|Q5T2W1_HSTASHSSS|0.022
Q13131|Q5T2W1_TASHSSSNS|0.009
Q13131|Q5T2W1_ASHSSSNSE|0.0
Q13131|Q5T2W1_SHSSSNSED|0.0
Q13131|Q5T2W1_SSSNSEDTE|0.0
Q13131|Q13113_SMAASFRSS|0.707
Q13131|Q13113_SFRSSEHEN|0.0
Q13131|Q13113_HENAYENVP|0.047
Q13131|A8MUH7_DPLDTPPDS|0.001
Q13131|A8MUH7_RAHSTASHS|0.0
Q13131|A8MUH7_HSTASHSSS|0.001
Q13131|A8MUH7_TASHSSSNS|0.077
Q13131|A8MUH7_ASHSSSNSE|0.0
Q13131|A8MUH7_SHSSSNSED|0.0
Q13131|A8MUH7_SSSNSEDTE|0.0
Q13131|Q9UPQ7_VQEGSCPAR|0.0
Q13131|Q9UPQ7_TKSLTLVLH|0.0
Q13131|Q9UPQ7_YRMNSQDKL|0.0
Q13131|Q9UPQ7_DAGKSDPES|0.0
Q13131|Q9UPQ7_LECLSIVRA|0.0
Q13131|Q9UPQ7_LPEKSDKDS|0.0
Q13131|Q9UPQ7_SDKDSSSAY|0.002
Q13131|Q9UPQ7_NTGESCRST|0.0
Q13131|Q9UPQ7_STPLTLEIS|0.617
Q13131|Q9UPQ7_SPDNSLRRA|0.0
Q13131|Q9UPQ7_PEVGTPTYS|0.0
Q13131|Q9UPQ7_QPLESKERR|0.0
Q13131|Q9UPQ7_DGSRSPTPS|0.0
Q13131|Q9UPQ7_EYAQSQMSL|0.0
Q13131|Q9UPQ7_QSQMSLVSM|0.0
Q13131|Q9UPQ7_CKDLSSPTP|0.0
Q13131|Q9UPQ7_KDLSSPTPS|0.0
Q13131|Q9UPQ7_SPTPSEPRM|0.0
Q13131|Q9UPQ7_REERSGMTT|0.001
Q13131|Q9UPQ7_RSGMTTDDD|0.0
Q13131|Q9UPQ7_SGMTTDDDA|0.691
Q13131|Q9UPQ7_DDAVSEMKM|0.0
Q13131|Q9UPQ7_KMGRYWSKE|0.0
Q13131|Q9UPQ7_FLSVTTV__|0.0
Q13131|Q6ZMN7_YGMASEVQL|0.004
Q13131|Q6ZMN7_LMNASTQTD|0.007
Q13131|Q6ZMN7_STPLTVDRS|0.0
Q13131|Q6ZMN7_TVDRSPDSS|0.0
Q13131|Q6ZMN7_KEERSGMTT|0.0
Q13131|Q6ZMN7_TDDDTMSEM|0.005
Q13131|Q6ZMN7_DDTMSEMKM|0.027
Q13131|Q6ZMN7-2_YKLLYEVSQ|0.0
Q13131|Q6ZMN7-2_DDTMSEMKM|0.0
Q13131|Q15121_ITTGSAWFS|0.0
Q13131|Q15121_VLKISEEDE|0.349
Q13131|Q15121_DELDTKLTR|0.0
Q13131|Q15121_DTKLTRIPS|0.635
Q13131|Q9H792_HVILSGSTE|0.002
Q13131|Q9H792_ILSGSTEVI|0.594
Q13131|Q9H792_FRANTLSPV|0.0
Q13131|Q9H792_KKWNTIPLR|0.0
Q13131|Q9H792_ETASSLSQK|0.561
Q13131|Q9H792_NPGDSKDMK|0.564
Q13131|Q9H792_IEPNYESPS|0.051
Q13131|Q9H792_PNYESPSSN|0.527
Q13131|Q9H792_QAKPYRVVN|0.0
Q13131|Q9H792_LCKPYTVVD|0.0
Q13131|Q9H792_GPVNSPKTK|0.219
Q13131|Q9H792_SSSSTPNSP|0.0
Q13131|Q9H792_STPNSPVTS|0.259
Q13131|Q9H792_FQKSSAIRY|0.014
Q13131|Q9H792_WTSSTSPRQ|0.344
Q13131|Q9H792_SPTATNISS|0.0
Q13131|Q9H792_KFNSYNNAG|0.001
Q13131|Q9H792_HDEPTYARS|0.596
Q13131|Q9H792_DEPTYARSS|0.005
Q13131|Q9H792_NLAIYKSFL|0.38
Q13131|Q9H792_AIYKSFLGT|0.554
Q13131|Q9H792_SGELSVKEK|0.697
Q13131|Q9H792_VKEKTTSVI|0.352
Q13131|Q9H792_QRSYSSSHS|0.396
Q13131|Q9H792_SSSHSSPAK|0.0
Q13131|Q9H792_SSHSSPAKI|0.048
Q13131|Q9H792_GSSSTREKA|0.604
Q13131|Q9H792_QPPQSPPET|0.0
Q13131|Q9H792_SPPETPQSG|0.0
Q13131|Q9H792_ETPQSGPKA|0.211
Q13131|Q9H792_PKACSVEEL|0.58
Q13131|Q9H792_VEELYAIPP|0.0
Q13131|Q9H792_STPKSTPVR|0.0
Q13131|Q9H792_TPKSTPVRP|0.137
Q13131|Q9H792_VRPKSLFTS|0.604
Q13131|Q9H792_KSLFTSQPS|0.0
Q13131|Q9H792_QKDPSIKPV|0.002
Q13131|Q9H792_IKPVTPSPS|0.377
Q13131|Q9H792_TPSPSKLVT|0.051
Q13131|Q9H792_SKLVTSPQS|0.572
Q13131|Q9H792_PPRSTSSPY|0.002
Q13131|Q9H792_PRSTSSPYH|0.708
Q13131|Q9H792_TSSPYHAGN|0.0
Q13131|Q9H792_PTSPTRSTE|0.014
Q13131|Q9H792_KRWISFKSF|0.0
Q13131|Q9H792_RRRKTDEED|0.011
Q13131|Q9H792_HHWFTEAKG|0.0
Q13131|Q9H792_AKGESSEKP|0.0
Q13131|Q9H792_QGQLSVDQS|0.465
Q13131|Q9H792_LLQDSEKKR|0.025
Q13131|Q9H792_KRSHSSPSQ|0.625
Q13131|Q9H792_KKILSHMTH|0.656
Q13131|Q9H792_TEDFSPRDP|0.0
Q13131|Q9H792_GRGCTSVTT|0.213
Q13131|Q9H792_CTSVTTALS|0.243
Q13131|Q9H792_TSVTTALSL|0.389
Q13131|Q9H792_PNPCSATYS|0.0
Q13131|Q9H792_PCSATYSNL|0.347
Q13131|Q9H792_CSATYSNLG|0.259
Q13131|Q9H792_IRANTEPIS|0.799
Q13131|Q9H792_LDIESYDSL|0.475
Q13131|Q9H792_DIESYDSLE|0.017
Q13131|Q9H792_SAANSISSL|0.0
Q13131|Q9H792_KDRFSNSME|0.58
Q13131|Q9H792_RFSNSMESL|0.576
Q13131|Q9H792_NSMESLSSR|0.559
Q13131|Q9H792_ESLSSRRGP|0.0
Q13131|Q9H792_GKIRSLHTD|0.001
Q13131|Q9H792_ESQQYYHSL|0.009
Q13131|Q9H792_SQQYYHSLA|0.001
Q13131|Q9H792_PEIITATQY|0.014
Q13131|Q9H792_TATQYKKCD|0.0
Q13131|Q9H792_RILISDAKG|0.379
Q13131|Q6ZS72_TQPTYSNLG|0.0
Q13131|Q6ZS72_LGSHSVDKS|0.0
Q13131|Q6ZS72_PQLGSLLRA|0.001
Q13131|Q5VY43_AVAYSSGRL|0.858
Q13131|Q5VY43_LDRSYSYSY|0.144
Q13131|Q5VY43_DRSYSYSYS|0.698
Q13131|Q5VY43_SYSYSYSNG|0.0
Q13131|Q5VY43_QFWDSQRRR|0.598
Q13131|Q5VY43_IPGHYDLPP|0.015
Q13131|P16284_NKAVYSVMA|0.0
Q13131|P16284_CEMLSQPRI|0.001
Q13131|P16284_NHASSVPRS|0.0
Q13131|P16284_SVPRSKILT|0.42
Q13131|P16284_AAKCYFLRK|0.002
Q13131|P16284_PLLNSNNEK|0.527
Q13131|P16284_NEKMSDPNM|0.665
Q13131|P16284_ANSHYGHND|0.0
Q13131|P16284_EPLNSDVQY|0.704
Q13131|P16284_DVQYTEVQV|0.0
Q13131|P16284_GKKDTETVY|0.952
Q13131|P16284_KDTETVYSE|0.196
Q13131|P16284_ETVYSEVRK|0.693
Q13131|P16284_VESRYSRTE|0.0
Q13131|P16284_SLDGT____|0.725
Q13131|O75521_AMRASQKDF|0.001
Q13131|O75521_KLKLYALYK|0.016
Q13131|O75521_SLSPSLESS|0.0
Q13131|O75521_SLESSSQVE|0.0
Q13131|O75521_TDRKSTGFE|0.0
Q13131|O75521_DRKSTGFET|0.0
Q13131|O75521_NAINTEMYH|0.474
Q13131|O75521_NTEMYHEIM|0.0
Q13131|O75521_HLGQSPEGC|0.0
Q13131|O75521_PEGCSSYTF|0.0
Q13131|O75521_EGCSSYTFP|0.0
Q13131|O75521_GCSSYTFPK|0.0
Q13131|O75521_CSSYTFPKI|0.0
Q13131|Q9BY49_LELGSNVVI|0.836
Q13131|Q9BY49_ERLKSAADE|0.432
Q13131|Q9BY49_VYNLTKSLA|0.572
Q13131|Q9BY49_AGDLSVVKK|0.507
Q13131|P36955_LRIKSSFVA|0.297
Q13131|P36955_RIKSSFVAP|0.014
Q13131|P36955_PLKVTQNLT|0.0
Q13131|P36955_TQNLTLIEE|0.469
Q13131|P36955_EESLTSEFI|0.0
Q13131|P36955_ESLTSEFIH|0.003
Q13131|Q9UBV8___MASYPYR|0.405
Q13131|Q9UBV8_DHSGYISMK|0.031
Q13131|Q9UBV8_DRSGSISYT|0.006
Q13131|Q9UBV8_SGSISYTEL|0.0
Q13131|Q86TG7_VMKQSEENN|0.0
Q13131|Q86TG7_QVEPTPEDE|0.25
Q13131|Q86TG7_PHIASHHQV|0.0
Q13131|Q86TG7_QPPLYYPVD|0.615
Q13131|Q86TG7_PPLYYPVDG|0.0
Q13131|Q86TG7_PVDGYRVYQ|0.628
Q13131|Q86TG7_QNVYTPVDE|0.0
Q13131|Q86TG7_KLQVSYDCR|0.678
Q13131|Q9GZU2_YKEMYQPED|0.0
Q13131|Q9GZU2_DDNNSDVTS|0.0
Q13131|Q9GZU2_NSDVTSDDD|0.014
Q13131|Q9GZU2_SDVTSDDDM|0.0
Q13131|Q9GZU2_DDDMTRNRR|0.593
Q13131|Q9GZU2_RNPRSRMPP|0.012
Q13131|Q9GZU2_PRDLSLPVV|0.929
Q13131|Q9GZU2_YESRSQDAE|0.461
Q13131|Q9GZU2_KRSAYPSTS|0.002
Q13131|Q9GZU2_RFNSTLVSR|0.006
Q13131|Q9GZU2_SVAVSEVQK|0.0
Q13131|Q9GZU2_AFMPSPTFS|0.0
Q13131|Q9GZU2_TFRPSPALN|0.0
Q13131|Q9GZU2_IPGQSLKRR|0.853
Q13131|Q9GZU2_GYEKSVIHS|0.005
Q13131|Q9GZU2_SVIHSGPFT|0.84
Q13131|Q9GZU2_RPLESDEDE|0.0
Q13131|Q9GZU2_SSNPYENQK|0.003
Q13131|Q9GZU2_EAKSYERSV|0.0
Q13131|Q9GZU2_EGREYSRSV|0.045
Q13131|Q9GZU2_SLVASKPPR|0.0
Q13131|Q9GZU2_KPQKSVPGE|0.191
Q13131|Q9GZU2_REKPSGSRN|0.005
Q13131|Q9GZU2_GSRNYEWSV|0.0
Q13131|Q9GZU2_GEQLYECPK|0.0
Q13131|Q96FA3___MFSPDQE|0.435
Q13131|Q96FA3_APVKYGELI|0.877
Q13131|Q96FA3_AKWKTSDGQ|0.475
Q13131|Q9HAT8___MFSPGQE|0.035
Q13131|Q9HAT8_VHVISTPQA|0.005
Q13131|Q9HAT8_HVISTPQAS|0.007
Q13131|Q9HAT8_KGQHSISYT|0.002
Q13131|Q9HAT8_QHSISYTLS|0.553
Q13131|Q9HAT8_HSISYTLSR|0.48
Q13131|Q9HAT8_SYTLSRNQT|0.648
Q13131|Q9HAT8_RNEPYTARI|0.715
Q13131|Q9HAT8_LCGATLLWR|0.511
Q13131|Q9HAT8_GLFHTPTQK|0.462
Q13131|Q9HAT8_LAFPSINRK|0.869
Q13131|Q8N2H9_RGQHSISYT|0.55
Q13131|Q8N2H9_QHSISYTLS|0.681
Q13131|Q8N2H9_HSISYTLSR|0.563
Q13131|Q8N2H9_SYTLSRSHS|0.552
Q13131|Q8N2H9_VVTDTSPGG|0.665
Q13131|Q8N2H9_VTDTSPGGG|0.196
Q13131|Q8N2H9_PSAQSTISR|0.552
Q13131|Q9BRX2_SSTGSVGSN|0.746
Q13131|Q9BRX2_GSVGSNRVR|0.875
Q13131|Q9BRX2_QENEYVKMG|0.495
Q13131|Q9BRX2_GAYHTIELE|0.471
Q13131|Q9BRX2_KQWDSVVLE|0.053
Q13131|Q9BRX2_ENAGTVRIF|0.443
Q13131|Q8IZL8_AAVLSGPSA|0.052
Q13131|Q8IZL8_LLLESVSGL|0.812
Q13131|Q8IZL8_LESVSGLLQ|0.543
Q13131|Q8IZL8_PRTGSAVAP|0.247
Q13131|Q8IZL8_AQNLSALGA|0.688
Q13131|Q8IZL8_ARLSSIKTR|0.955
Q13131|Q8IZL8_SSIKTRFEG|0.359
Q13131|Q8IZL8_GAGFSQGLK|0.452
Q13131|Q8IZL8_PTCPTPAPV|0.572
Q13131|Q8IZL8_PEAPSPFRA|0.0
Q13131|Q8IZL8_ILAPSGTPP|0.593
Q13131|Q8IZL8_PPPPSGATP|0.001
Q13131|Q8IZL8_PSGATPPPI|0.406
Q13131|Q8IZL8_EEPGTEEER|0.806
Q13131|Q8IZL8_RGADTAPTL|0.472
Q13131|Q8IZL8_TEDGSDKVQ|0.844
Q13131|Q8IZL8_PPPETPAEE|0.0
Q13131|Q8IZL8_EEMETETEA|0.668
Q13131|Q9UBM1-2__MKRSGNPG|0.0
Q13131|P01210_LTLCTWLLL|0.0
Q13131|P01210_EANGSEILA|0.0
Q13131|P01210_GLKRSPQLE|0.0
Q13131|Q96RR1_GFLLSKAPE|0.611
Q13131|Q96RR1_QLADTMFGL|0.409
Q13131|Q96RR1_VTDDTLKRF|0.594
Q13131|Q96RR1_FSVRYLRPA|0.528
Q13131|Q96RR1_SPGGSGLRG|0.892
Q13131|Q96RR1_RILRTALPA|0.824
Q13131|Q96RR1_AAQDYIIGV|0.443
Q13131|P12955_GKIHSKEHF|0.653
Q13131|P12955_DDVQYVDEI|0.42
Q13131|P12955_FTPFSGPK_|0.9
Q13131|P12955-3_SQKPSVLLT|0.0
Q13131|O15534_GGVPSPGPP|0.0
Q13131|O15534_RSSHSSSSG|0.326
Q13131|O15534_SSIAYSLLS|0.657
Q13131|O15534_GKGRSGTLA|0.586
Q13131|O15534_ATLQYALAC|0.006
Q13131|O15534_RNGEYVTMD|0.314
Q13131|O15534_LPCQSPDPE|0.595
Q13131|O15534_CNLPSTTKR|0.928
Q13131|O15534_KCASSSSYT|0.312
Q13131|O15534_ASSSSYTTS|0.0
Q13131|O15534_SSSSYTTSS|0.459
Q13131|O15534_SAALSGEGA|0.386
Q13131|O15534_GEGATPRKE|0.383
Q13131|O15534_VVGGTLSPL|0.763
Q13131|O15534_NKAESVVSV|0.93
Q13131|O15534_GPAPSPAPS|0.178
Q13131|O15534_SPAPSPTVA|0.0
Q13131|O15534_LDSSSTAPS|0.545
Q13131|O15534_DSSSTAPSA|0.293
Q13131|O15534_PAPPSRRHH|0.892
Q13131|O15534_HHCRSKAKR|0.0
Q13131|O15534_EEGRSSSSP|0.408
Q13131|O15055_DARQSPDTF|0.0
Q13131|O15055_SGADSFTQE|0.003
Q13131|O15055_KATVSPGPH|0.615
Q13131|O15055_VNSRTGVGT|0.646
Q13131|O15055_TGVGTHLTS|0.93
Q13131|O15055_GTHLTSLAL|0.494
Q13131|O15055_LQERSKGQP|0.002
Q13131|O15055_PSERTAPGL|0.044
Q13131|O15055_GLRNTSGID|0.913
Q13131|O15055_LRNTSGIDS|0.503
Q13131|O15055_SGIDSPWKK|0.002
Q13131|O15055_DSSESTGSG|0.001
Q13131|O15055_ATRATPPSA|0.547
Q13131|O15055_KYFGSIDSS|0.598
Q13131|O15055_GSIDSSENN|0.691
Q13131|O15055_SIDSSENNH|0.017
Q13131|P56645_DVFATKIKK|0.0
Q13131|P56645_QEQIYKLLL|0.0
Q13131|P56645_LQQVYASVN|0.0
Q13131|P56645_KAKYSYFQG|0.0
Q13131|P56645_DSSSSNTGS|0.0
Q13131|P56645_SSSNTGSGP|0.0
Q13131|P56645_SNTGSGPRR|0.0
Q13131|P56645_WEAQSEGHP|0.0
Q13131|P56645_LSTGSPPSE|0.0
Q13131|P56645_SIYLTSSVY|0.093
Q13131|P56645_IYLTSSVYS|0.0
Q13131|P56645_ILMTYQVPE|0.0
Q13131|P55201_CRKVYKSYS|0.002
Q13131|P55201_VYKSYSGIE|0.0
Q13131|P55201_EYHLYHYDH|0.0
Q13131|P55201_HLYHYDHDN|0.0
Q13131|P55201_PPQQTPLRK|0.0
Q13131|P55201_ANKQSPSPS|0.03
Q13131|P55201_KQSPSPSEV|0.0
Q13131|P55201_VHRISIFDN|0.0
Q13131|P55201_ENTETPAAT|0.0
Q13131|P55201_TPAATPKSG|0.501
Q13131|P55201_LEQDTPDAP|0.001
Q13131|P55201_RCLQSPSRA|0.0
Q13131|P55201_PVRETGANG|0.004
Q13131|P55201_GANGTSFSV|0.001
Q13131|P55201_GTSFSVRKT|0.001
Q13131|P55201_CDIHTPPGS|0.0
Q13131|P55201_TPPGSARRL|0.555
Q13131|P55201_QRLHSYWTL|0.0
Q13131|P55201_HSYWTLKRQ|0.0
Q13131|P55201_VGRDSEDKN|0.711
Q13131|P55201_HQRETGRDG|0.0
Q13131|P55201_SSRGSLTPH|0.701
Q13131|P55201_RGSLTPHPA|0.094
Q13131|P55201_KDGQTDSAA|0.36
Q13131|P55201_AAEESSSQE|0.0
Q13131|P55201_EESSSQETS|0.0
Q13131|P55201_NMSSTPAHE|0.0
Q13131|P55201_VGRRTSVLF|0.0
Q13131|P55201_GRRTSVLFS|0.64
Q13131|P55201_SVLFSKKNP|0.0
Q13131|P55201_KNPKTAGPP|0.0
Q13131|P55201_PIMSSLRQR|0.366
Q13131|P55201_DTSGTENEA|0.0
Q13131|P55201_MVRKSLGRG|0.737
Q13131|P55201-4_KDGQTDSAA|0.0
Q13131|P55201-4_GQTDSAAEE|0.0
Q13131|O60240_NKGLTLLDG|0.144
Q13131|O60240_CFQKTYTST|0.0
Q13131|O60240_PLVASVCNA|0.26
Q13131|O60240_VCNAYEKGV|0.0
Q13131|O60240_STQFTAANE|0.0
Q13131|O60240_TRLRSARNS|0.647
Q13131|O60240_LALGSIEKV|0.0
Q13131|O60240_QAQKSPKAK|0.0
Q13131|O60240_HEDQTDTEG|0.0
Q13131|O60240_DQTDTEGED|0.014
Q13131|O60240_EGEDTEEEE|0.0
Q13131|O60240_EELETEENK|0.165
Q13131|O60240_APAVSSTKG|0.0
Q13131|O60240_AMSLSDALK|0.023
Q13131|O60240_TVVHYVPLP|0.041
Q13131|O60240_LPRLSLMEP|0.495
Q13131|O60240_SGAPSAGPE|0.0
Q13131|O60240_RSAQSPGAP|0.0
Q13131|O60240_DEVATPAAP|0.001
Q13131|O60240_RVSDSFFRP|0.0
Q13131|O60240_FFRPSVMEP|0.0
Q13131|O60240_GRTHYSQLR|0.019
Q13131|O60240_RTHYSQLRK|0.046
Q13131|Q99541_AVTGSVEKT|0.002
Q13131|Q99541_QKPSYYVRL|0.0
Q13131|Q99541_KPSYYVRLG|0.001
Q13131|Q99541_VRLGSLSTK|0.968
Q13131|Q99541_LGSLSTKLH|0.786
Q13131|Q99541_QQALSRVKE|0.089
Q13131|Q99541_SQLHSTVHL|0.008
Q13131|Q99541_EWKRSIGYD|0.0
Q13131|Q99541_RNAASFKEV|0.0
Q13131|O60664_MPLISSTCD|0.558
Q13131|O60664_VSAAYASTK|0.071
Q13131|O60664_QPILSKLEP|0.002
Q13131|O60664_IASASEYAH|0.492
Q13131|O60664_AVDATRGAV|0.698
Q13131|O60664_GVDKTKSVV|0.791
Q13131|O60664_DKTKSVVTG|0.607
Q13131|O60664_VLGKSEEWA|0.72
Q13131|O60664_HLPLTDAEL|0.0
Q13131|O60664_QEQSYFVRL|0.0
Q13131|O60664_LGSLSERLR|0.45
Q13131|O60664_QMWLSWNQK|0.001
Q13131|O60664_QATCTSLGS|0.0
Q13131|O60664_SLGSSIQGL|0.529
Q13131|O60664_DLQATFSSI|0.0
Q13131|O60664_QATFSSIHS|0.0
Q13131|O60664_SSIHSFQDL|0.775
Q13131|O60664_ILAQSRERV|0.009
Q13131|O60664_VAQNTPVTW|0.0
Q13131|O60664_NTPVTWLVG|0.589
Q13131|Q96Q06_KTLGSFFGS|0.0
Q13131|Q96Q06_SFFGSLPGF|0.0
Q13131|Q96Q06_NAHSSARAR|0.0
Q13131|Q96Q06_ELQPSEKMV|0.106
Q13131|Q96Q06_EKMVSGAKD|0.0
Q13131|Q96Q06_SGVASVVDV|0.0
Q13131|Q96Q06_DTTRSALTG|0.0
Q13131|Q96Q06_GTKDTVTTG|0.011
Q13131|Q96Q06_VARGSIQTG|0.0
Q13131|Q96Q06_CSGVTGAMN|0.0
Q13131|Q96Q06_GAMQTGLNT|0.488
Q13131|Q96Q06_IATGTKDTV|0.0
Q13131|Q96Q06_DTVCSGVTG|0.0
Q13131|Q96Q06_GGLDTTKSV|0.0
Q13131|Q96Q06_DTTKTVLTG|0.0
Q13131|Q96Q06_DTTKSVVIG|0.002
Q13131|Q96Q06_DTVTTGLVG|0.0
Q13131|Q96Q06_KTVLTGTKD|0.0
Q13131|Q96Q06_KDTIYSGVT|0.0
Q13131|Q96Q06_YSGVTSAVN|0.0
Q13131|Q96Q06_KDTVTTGLM|0.02
Q13131|Q96Q06_GTVQTSVDT|0.0
Q13131|Q96Q06_GMDTTKTVL|0.007
Q13131|Q96Q06_DAVCSGVTG|0.0
Q13131|Q96Q06_LAKGTVQTG|0.0
Q13131|Q96Q06_KDAVTTGVT|0.0
Q13131|Q96Q06_DTVFSGVTG|0.024
Q13131|Q96Q06_FSGVTGAMS|0.0
Q13131|Q96Q06_TGAMSMAKG|0.0
Q13131|Q96Q06_VLTGTKDAV|0.012
Q13131|Q96Q06_GLMGSGNVA|0.0
Q13131|Q96Q06_QLAASQPGP|0.0
Q13131|Q96Q06_PKVLSAEQG|0.0
Q13131|Q96Q06_DLGPSFRQR|0.0
Q13131|Q96Q06_LDQGSGASA|0.0
Q13131|Q96Q06_GSGASAEDA|0.0
Q13131|Q00G26____MSEEEA|0.433
Q13131|Q00G26_PLLGSACRL|0.0
Q13131|Q00G26_GRRWSVELK|0.527
Q13131|Q00G26_ELKRSVSHA|0.212
Q13131|Q00G26_KRSVSHAVD|0.69
Q13131|Q00G26_LGSLSARIR|0.005
Q13131|Q00G26_TLVLSRSLT|0.0
Q13131|P41219_RAGFSSTSY|0.0
Q13131|P41219_SSTSYRRTF|0.042
Q13131|P41219_PPSLSPGAF|0.0
Q13131|P41219_LGSASPSSS|0.0
Q13131|P41219_GSFRSPRAG|0.0
Q13131|P41219_LRLPSERLD|0.044
Q13131|P41219_AEEWYKSKY|0.352
Q13131|P41219_EGEESRISV|0.001
Q13131|P41219_VPVHSFASL|0.0
Q13131|P41219_LNIKTTVPE|0.0
Q13131|O60437_NKGKYSPTV|0.0
Q13131|O60437_KYSPTVQTR|0.699
Q13131|O60437_VQTRSISNK|0.0
Q13131|O60437_NKELSELIE|0.659
Q13131|O60437_LLAASQARQ|0.0
Q13131|O60437_SLQDYMQRC|0.0
Q13131|O60437_TNELYWLDQ|0.002
Q13131|O60437_GRMQYDWSD|0.514
Q13131|O60437_RNLDYPSRR|0.479
Q13131|O60437_RRRQYENFI|0.0
Q13131|O60437_NKLHSEGDQ|0.0
Q13131|O60437_YMEDYHQFH|0.003
Q13131|O60437_RKVDSDLNQ|0.617
Q13131|O60437_VLDKYEDVV|0.0
Q13131|O60437_LQQRYEVLK|0.647
Q13131|O60437_GSGTTPLLR|0.0
Q13131|O60437_TVPESSRVL|0.087
Q13131|O60437_QAQKSLLGE|0.801
Q13131|O60437_AKAAYEHFH|0.0
Q13131|O60437_ARLQSPATK|0.809
Q13131|O60437_FTEVYAINR|0.0
Q13131|O60437_GPQESVVRK|0.356
Q13131|O60437_GGQEYVVKE|0.001
Q13131|O60437_LEAEYQQLQ|0.653
Q13131|O60437_RSYQSELEA|0.075
Q13131|O60437_DLEIYQLKK|0.072
Q13131|O60437_EVVRYEEEP|0.0
Q13131|O60437_QRRRTELER|0.949
Q13131|O60437_QRLKSSLEE|0.0
Q13131|O60437_DVEVSRLEA|0.165
Q13131|O60437_EFHNSKSSK|0.0
Q13131|O60437_TNHDSRLWS|0.728
Q13131|O60437_SRLWSLERE|0.0
Q13131|O60437_KRLGSVAVK|0.58
Q13131|O60437_IHPDTGREL|0.0
Q13131|O60437_GRELSPEEA|0.447
Q13131|O60437_NKDMSIQEL|0.001
Q13131|Q9NZJ5_TVPFTVESL|0.452
Q13131|Q9NZJ5_FELRYIPDM|0.421
Q13131|Q9NZJ5_SPSRTPVLV|0.216
Q13131|Q9NZJ5_VLVGSDEFD|0.425
Q13131|Q9NZJ5_DKCLSNDKF|0.436
Q13131|Q9NZJ5_SHEEYSNGA|0.472
Q13131|Q9NZJ5_SILQYPYDN|0.431
Q13131|Q9NZJ5_YDNGYYLPY|0.427
Q13131|Q9NZJ5_DNGYYLPYY|0.443
Q13131|Q9NZJ5_YYLPYYKRE|0.499
Q13131|Q9NZJ5_YLPYYKRER|0.934
Q13131|Q9NZJ5_QRKESETQC|0.999
Q13131|Q9NZJ5_KESETQCQT|0.476
Q13131|Q9NZJ5_TQCQTENKY|0.941
Q13131|Q9NZJ5_NKYDSVSGE|0.591
Q13131|Q9NZJ5_LSSPSPMDA|0.904
Q13131|Q9NZJ5_MDAPSVKIR|0.491
Q13131|Q9NZJ5_DPFATKEHI|0.46
Q13131|Q9NZJ5_SPQRSRSFS|0.98
Q13131|Q9NZJ5_RERTSSSIV|0.562
Q13131|Q9NZJ5_ERTSSSIVF|0.437
Q13131|Q9NZJ5_VFEDSGCDN|0.614
Q13131|Q9NZJ5_FKPTSSKSS|0.602
Q13131|Q9NZJ5_KPTSSKSSS|0.996
Q13131|Q9NZJ5_EATLSISPP|0.912
Q13131|Q9NZJ5_LQPSSPKVY|0.421
Q13131|Q9NZJ5_SRSLSSSGT|0.993
Q13131|Q9NZJ5_QSNNSHSPL|0.834
Q13131|Q9NZJ5_NNSHSPLPS|0.539
Q13131|Q5SV97_EPPGSPKSP|0.001
Q13131|Q5SV97_RRRGSPEPL|0.211
Q13131|Q96FX8_AKPRYFYTS|0.541
Q13131|Q96FX8_PRYFYTSA_|0.448
Q13131|O75420_LRALSGGGS|0.779
Q13131|O75420_AFGRSPREI|0.266
Q13131|O75420_EIQRSQSWD|0.137
Q13131|O75420_ARSDSENWR|0.381
Q13131|O75420_DRWRSASPD|0.753
Q13131|O75420_GGPRSAGWR|0.49
Q13131|O75420_GGGGSSHLR|0.001
Q13131|O75420_GGGSSHLRR|0.177
Q13131|O75420_GKELTPLPP|0.04
Q13131|O75420_SSSPSPLPT|0.0
Q13131|O75420_SLQDSSLEE|0.009
Q13131|O75420_LQDSSLEEE|0.009
Q13131|O75420_LGDLTPPPP|0.512
Q13131|O75420_PAPSSPPPL|0.0
Q13131|O75420_GPDKSGGGS|0.322
Q13131|O75420_LWEDTPKSG|0.0
Q13131|O75420_DTPKSGGSL|0.001
Q13131|O75420_KSGGSLVRG|0.495
Q13131|O75420_GLKNSRSSP|0.836
Q13131|O75420_NSRSSPSLS|0.005
Q13131|O75420_YSHLSGRPI|0.022
Q13131|O00541_KLQLSLADF|0.0
Q13131|O00541_ARTFYLIKD|0.328
Q13131|O00541_GEGTYALDS|0.343
Q13131|O00541_ALSASLARV|0.572
Q13131|O00541_DEFPTDGEM|0.563
Q13131|O00541_DGEMSAQEE|0.0
Q13131|O00541_SWDKSLCIG|0.002
Q13131|O00541_SPFVTEKEG|0.0
Q13131|O00541_KEGDYVPPE|0.0
Q13131|O00541_VMAGTLKLE|0.395
Q13131|O00541_QEEESEAKR|0.0
Q13131|O75879_GKKQSQVIP|0.0
Q13131|O75879_VIKETRAEP|0.0
Q13131|O75879_DLLDSRTIS|0.292
Q13131|O75879_VRKATQSRA|0.488
Q13131|O43933_KLHSYGRDQ|0.88
Q13131|O43933_KQETSWGLT|0.0
Q13131|O43933_KNMQSKVVP|0.324
Q13131|O43933_PVEVTPKIP|0.492
Q13131|O43933_KEENSEEID|0.0
Q13131|O43933_RQLMSLVAG|0.872
Q13131|O43933_KLVLTTLDF|0.332
Q13131|O43933_LVLTTLDFQ|0.59
Q13131|O43933_GILLYGPPG|0.134
Q13131|O43933_GPPGTGKTL|0.367
Q13131|O43933_DQLFSQPPV|0.881
Q13131|O43933_CQELTQEQR|0.003
Q13131|O43933_RADISIIKG|0.798
Q13131|O43933_IKGRYRSQS|0.765
Q13131|O43933_GEDESMNQP|0.494
Q13131|O43933_ELYESFQNP|0.05
Q13131|O43933_RKNQSGTMF|0.962
Q13131|O60683_GGLRSAAGG|0.54
Q13131|O60683_HRRASLEER|0.994
Q13131|O60683_QKLIYLRHY|0.188
Q13131|O75192_RATQYTCML|0.0
Q13131|O75192_AAHHYYYSL|0.001
Q13131|O75192_AHHYYYSLL|0.003
Q13131|O75192_HHYYYSLLL|0.022
Q13131|O96011_FSAQSQARE|0.974
Q13131|O96011_ESHLSLGRK|0.187
Q13131|O96011_NRALYFACD|0.484
Q13131|O96011_RSFRYYLFS|0.9
Q13131|O96011_IMNLSRDAY|0.584
Q13131|O96011_RLKGSGGGV|0.766
Q13131|Q96HA9___MASLSGL|0.01
Q13131|Q96HA9_ALESYRGRD|0.0
Q13131|Q96HA9_AMFVYTKQY|0.0
Q13131|Q96HA9_QRLRSPTAP|0.0
Q13131|Q96HA9_LRSPTAPFT|0.0
Q13131|Q96HA9_TAPFTSPLP|0.0
Q13131|Q96HA9_APFTSPLPR|0.0
Q13131|O00623_PAKASMMQQ|0.91
Q13131|O00623_ETIKSLTAL|0.0
Q13131|O00623_IKSLTALPT|0.645
Q13131|O00623_TALPTPPPP|0.0
Q13131|Q92968_FSSGYGAYG|0.0
Q13131|Q92968_SPYSYGYNG|0.002
Q13131|Q92968_YSYGYNGLG|0.0
Q13131|Q92968_TKGATVADS|0.028
Q13131|Q92968_VAPDSIGKD|0.287
Q13131|O75381_QPSSTPGSE|0.643
Q13131|O75381_VKSPSPSSP|0.604
Q13131|O75381_PSPSSPAAV|0.403
Q13131|O75381_VNHHSSSDI|0.424
Q13131|O75381_NHHSSSDIS|0.488
Q13131|O75381_HHSSSDISP|0.994
Q13131|O75381_SSDISPVSN|0.686
Q13131|O75381_STSSSPGKE|0.659
Q13131|O75381_KEGHSPEGS|0.527
Q13131|O75381_SPEGSTVTY|0.755
Q13131|O75381_STVTYHLLG|0.783
Q13131|O75381_ASNESERD_|0.464
Q13131|Q9Y5Y5_GLQTSPPIV|0.087
Q13131|Q9Y5Y5_TLQNTPSLH|0.02
Q13131|Q9Y5Y5_QNTPSLHSR|0.947
Q13131|Q9Y5Y5_LRRRTILLL|0.505
Q13131|Q9Y5Y5_ILLLYYLLR|0.412
Q13131|P40855_EEGCSVGAE|0.624
Q13131|P40855_ALFASQEKF|0.965
Q13131|P40855_AKNATDLQN|0.472
Q13131|P40855_ITEKYPEWL|0.0
Q13131|P40855_FEAETPTDS|0.0
Q13131|Q7Z412___MKSDSST|0.0
Q13131|Q7Z412_DSSTSAAPL|0.0
Q13131|Q7Z412_NLEGSVSHK|0.659
Q13131|P56589_LGGVYILGK|0.474
Q13131|P56589_EAAEYIAQA|0.0
Q13131|P56589_SMLPTLREA|0.653
Q13131|P56589_KHSLSLLDL|0.973
Q13131|P56589_EQHKSSSWI|0.0
Q13131|P56589_ACGLSPRDI|0.604
Q13131|P56589_RDITTIKLL|0.0
Q13131|P56589_QHGNSMNSL|0.822
Q13131|P50542_LGVASEDEL|0.548
Q13131|P50542_ISEVTDPLS|0.561
Q13131|P50542_WAEEYLEQS|0.0
Q13131|P50542_TDRWYDEYH|0.0
Q13131|P50542_WYDEYHPEE|0.146
Q13131|P50542_EGQVSLESG|0.058
Q13131|P50542_SAIESDVDF|0.475
Q13131|P50542_HPWLSDYDD|0.106
Q13131|P50542_WLSDYDDLT|0.883
Q13131|P50542_DDLTSATYD|0.424
Q13131|P50542_STLLTMFGL|0.0
Q13131|P50542-3_ERAKSAIEL|0.0
Q13131|P50542-4_LEVESPGAA|0.0
Q13131|Q8IYB4_ARPVTSNTA|0.0
Q13131|Q8IYB4_TAVLTTGLD|0.0
Q13131|Q8IYB4_LLDLSEPVS|0.0
Q13131|Q8IYB4_SQTQTKAKK|0.0
Q13131|Q8IYB4_SEHRSQPEL|0.0
Q13131|Q8IYB4_HRWGSALLS|0.0
Q13131|Q8IYB4_SALLSRNHS|0.0
Q13131|Q8IYB4_SKKGSPGLT|0.0
Q13131|Q8IYB4_RMSKSPVDS|0.015
Q13131|Q13608_ILEGSPEKL|0.002
Q13131|O00628_PFHASVLAS|0.495
Q13131|O00628_SVLASCSYD|0.497
Q13131|P10720____MSSAAR|0.0
Q13131|P10720_SAARSRLTR|0.0
Q13131|P10720_QALLYKKII|0.001
Q13131|O15067_LLPGSNDLL|0.66
Q13131|O15067_RYRLSFAHP|0.964
Q13131|O15067_RNPSTVEAF|0.976
Q13131|O15067_DLAQSNSEH|0.767
Q13131|O15067_TQESSNPNN|0.476
Q13131|O15067_PEDPTRPSR|0.142
Q13131|O15067_GGPVYRIGV|0.0
Q13131|O15067_LKELSDPAG|0.125
Q13131|O15067_GAIIYTSRF|0.292
Q13131|O15067_AIIYTSRFQ|0.32
Q13131|O15067_RDFLTHVSA|0.0
Q13131|O15067_VGTITGDRR|0.683
Q13131|O15067_KRYLTNKVD|0.864
Q13131|O15067_YVALSPGQH|0.24
Q13131|O15067_AQCFSQLGE|0.0
Q13131|O15067_VRAFSITQG|0.999
Q13131|O15067_GGFSYADVL|0.503
Q13131|O15067_TLEGSC___|0.0
Q13131|O60925_FILQSKEAI|0.0
Q13131|O60925_EAIHSQLLE|0.0
Q13131|O60925_EQKKSYLER|0.009
Q13131|Q9UHV9_KGAVSAEQV|0.0
Q13131|Q9UHV9_GVLVS____|0.001
Q13131|Q9NQP4__MAATMKKA|0.488
Q13131|Q9NQP4_ARNTSRITE|0.0
Q13131|Q9NQP4_DALESRVES|0.0
Q13131|Q9NQP4_EADES____|0.529
Q13131|Q99471__MAQSINIT|0.033
Q13131|Q99471_VGTGYYVEK|0.028
Q13131|Q99471_GTGYYVEKT|0.0
Q13131|O15212_EVEKYQQLQ|0.0
Q13131|O15212_EAQLTENNI|0.003
Q13131|O15212_KRLDYITAE|0.077
Q13131|O15212_LDYITAEIK|0.025
Q13131|O15212_EIKRYESQL|0.0
Q13131|O15212_KRYESQLRD|0.852
Q13131|P16118_HSSGSSRLQ|0.0
Q13131|P16118_IPQFTNSPT|0.0
Q13131|P16118_VFDATNTTR|0.0
Q13131|P16118_RIECYEVNY|0.016
Q13131|P16118_YEVNYQPLD|0.0
Q13131|P16118_VGTRYMVNR|0.108
Q13131|P16118_SRTVYYLMN|0.0
Q13131|P16118_RTVYYLMNI|0.395
Q13131|P16118_RHGESELNI|0.0
Q13131|O60825_QNNNSYETK|0.382
Q13131|O60825_NLRMSEKKC|0.0
Q13131|O60825_EAVKSYKSY|0.0
Q13131|O60825_VKVSSPDYP|0.0
Q13131|O60825_DQEKYLYRY|0.0
Q13131|O60825_EKYLYRYPG|0.0
Q13131|O60825_GGESYQDLV|0.018
Q13131|O60825_PKNQTPVRM|0.0
Q13131|O60825_TPLSSSNTI|0.0
Q13131|O60825_RPRNYSVGS|0.487
Q13131|O60825-2_RRRPSAASL|0.0
Q13131|Q16875_DHRPSLPRS|0.221
Q13131|Q16875_RISCYEASY|0.274
Q13131|Q16875_ASALSKFVE|0.0
Q13131|Q16875_TGESYQDLV|0.261
Q13131|Q16875_SPEPTKKPR|0.255
Q13131|Q16877___MASPREL|0.547
Q13131|Q16877_RRFLSEEGG|0.009
Q13131|Q16877_VFDATNTTR|0.0
Q13131|Q16877_VKLGSPDYV|0.264
Q13131|Q16877_DRDLSYIKI|0.655
Q13131|Q16877_DPGLSPRGR|0.427
Q13131|P17858_RMGIYVGAK|0.143
Q13131|P17858_CKAFTTREG|0.582
Q13131|P17858_SHQRTFVLE|0.924
Q13131|P17858_QRGGTPSAF|0.899
Q13131|P17858_LRGGSFENN|0.991
Q13131|P17858_GRGGSMLGT|0.67
Q13131|P17858_SMLGTKRTL|0.844
Q13131|P17858_GTKRTLPKG|0.947
Q13131|P17858_GQLESIVEN|0.872
Q13131|P17858_CHDYYTTEF|0.01
Q13131|P17858_TEFLYNLYS|0.502
Q13131|P17858_FDRNYGTKL|0.441
Q13131|P17858_LREVYRKGR|0.021
Q13131|P17858_AAYVSGELE|0.742
Q13131|P17858-2_RMGIYVGAK|0.003
Q13131|P17858-2_KCHDYYTTE|0.076
Q13131|P08237_LRAAYNLVK|0.903
Q13131|P08237_DTFRSEWSD|0.002
Q13131|P08237_RSEWSDLLS|0.0
Q13131|P08237_SDLLSDLQK|0.003
Q13131|P08237_TTAQSHQRT|0.564
Q13131|P08237_SHQRTFVLE|0.678
Q13131|P08237_QRGGTPSAF|0.681
Q13131|P08237_LLEGTPDTP|0.0
Q13131|P08237_GTPDTPACV|0.0
Q13131|P08237_TKDVTKAMD|0.0
Q13131|P08237_PVSKSGSHT|0.382
Q13131|P08237_SKSGSHTVA|0.011
Q13131|P08237_SGSHTVAVM|0.142
Q13131|P08237_EAGWSYVGG|0.002
Q13131|P08237_GTKRTLPKK|0.551
Q13131|P08237_LPKKSFEQI|0.823
Q13131|P08237_TMGGYCGYL|0.452
Q13131|P08237_RNFATKMGA|0.431
Q13131|P08237_ILAKYEIDL|0.009
Q13131|P08237-3_DDPDTVGSI|0.0
Q13131|P08237-3_DTVGSIPVF|0.0
Q13131|Q01813_APKGSLRKF|0.93
Q13131|Q01813_RMGIYVGAK|0.416
Q13131|Q01813_SHQRTFVLE|0.939
Q13131|Q01813_QRGGTPSAF|0.94
Q13131|Q01813_MLAIYDGFD|0.47
Q13131|Q01813_LPGKYLEEI|0.427
Q13131|Q01813_TMGGYCGYL|0.478
Q13131|Q01813_IYQLYSEEG|0.544
Q13131|P60673_HADNSCVWA|0.0
Q13131|P60673_CVWASRPGG|0.0
Q13131|P0DJD8_DSSTYQSTS|0.001
Q13131|P0DJD8_FIRQYFTVF|0.377
Q13131|P0DJD7_DSSTYQSTS|0.008
Q13131|P0DJD7_FIRQYFTVF|0.452
Q13131|P0DJD9_DSSTYQSTS|0.035
Q13131|P0DJD9_FIRQYFTVF|0.421
Q13131|P18669_RDAGYEFDI|0.0
Q13131|P18669_YGGLTGLNK|0.642
Q13131|P18669_HPFYSNISK|0.127
Q13131|P18669_DQLPSCESL|0.076
Q13131|P18669_PSCESLKDT|0.416
Q13131|P18669_AHGNSLRGI|0.668
Q13131|P18669_GDEETVRKA|0.532
Q13131|P15259___MATHRLV|0.222
Q13131|P15259_YGGLTGLNK|0.646
Q13131|P15259_IWRRSFDIP|0.437
Q13131|P15259_EKHPYYNSI|0.327
Q13131|P15259_KHPYYNSIS|0.056
Q13131|P15259_PYYNSISKE|0.076
Q13131|P15259_YNSISKERR|0.425
Q13131|P15259_GELPTCESL|0.485
Q13131|P15259_AHGNSLRGI|0.677
Q13131|Q8N0Y7_RDAGYEFDI|0.001
Q13131|Q8N0Y7_YGGLTGLNK|0.619
Q13131|Q8N0Y7_HPFYSNISK|0.376
Q13131|Q96HS1_RHSQYHVDG|0.57
Q13131|Q96HS1_QAELTGLRL|0.32
Q13131|Q96HS1_VCKVSTDLL|0.988
Q13131|Q96HS1_WLRLSLNNG|0.96
Q13131|Q75T13_LQKQTKFVH|0.0
Q13131|Q75T13_ALPAYVVSN|0.0
Q13131|Q75T13_ILLAYRGQL|0.0
Q13131|Q75T13_EAKPYKVDP|0.0
Q13131|Q75T13_HHKDSSIHH|0.0
Q13131|Q75T13_DAEDSLRMH|0.092
Q13131|Q75T13_IVLLSMPSL|0.0
Q13131|Q75T13_KLLKTTSQF|0.0
Q13131|Q75T13_LLKTTSQFP|0.0
Q13131|Q75T13_LKTTSQFPL|0.0
Q13131|Q9UHJ9-5_RLGSTGGVS|0.0
Q13131|Q9UHJ9-5_GRVVTQHRD|0.0
Q13131|Q96JS3_QVCNSQEGS|0.012
Q13131|Q96JS3_TLVKTEEET|0.0
Q13131|Q96JS3_TEEETAQAV|0.0
Q13131|Q96JS3_LCGNSAQET|0.0
Q13131|Q96JS3_IPCSTPIAT|0.005
Q13131|Q96JS3_TPIATERTV|0.0
Q13131|Q96JS3_KDKFTKLRP|0.004
Q13131|Q96JS3_VKLLSALKK|0.465
Q13131|Q96JS3_RATGTIREN|0.0
Q13131|Q96JS3_VAHFYLEHN|0.449
Q13131|Q96JS3_NAHLSD___|0.147
Q13131|Q8N328_DEVPSTFTV|0.0
Q13131|Q96DM1_DGKSSTSSD|0.0
Q13131|Q96DM1_GKSSTSSDS|0.0
Q13131|Q96DM1_FSTVYTPNR|0.0
Q13131|Q96DM1_STVYTPNRN|0.006
Q13131|Q96DM1_AVDESLMLF|0.0
Q13131|Q96DM1_GKEVTMLST|0.004
Q13131|Q96DM1_VTMLSTFHN|0.003
Q13131|Q96DM1_FHNDTVIEV|0.001
Q13131|Q96DM1_GRPCSDDVT|0.0
Q13131|Q96DM1_CFEIYHTKK|0.0
Q13131|Q96DM1_TKKNY____|0.0
Q13131|Q8N414_LEDASPTH_|0.368
Q13131|P20142_RTHKYDPAW|0.0
Q13131|P20142_PAWKYRFGD|0.0
Q13131|P20142_FLRSYYSVY|0.0
Q13131|P20142_LRSYYSVYD|0.0
Q13131|P20142_YYSVYDLGN|0.343
Q13131|Q9UBK2_RRPCSELLK|0.44
Q13131|Q9UBK2_SHTQSQSQH|0.373
Q13131|Q9UBK2_DPKGSPFEN|0.676
Q13131|Q9UBK2_ERTLSVELS|0.736
Q13131|Q9UBK2_TAGLTPPTT|0.331
Q13131|Q9UBK2_PFRASPKLK|0.82
Q13131|Q9UBK2_NKDVSSDWQ|0.317
Q13131|Q9UBK2_KDVSSDWQG|0.415
Q13131|Q9UBK2_THRNSPLYV|0.436
Q13131|Q9UBK2_RRPRYDSYE|0.335
Q13131|Q9UBK2_DGDSYGFIT|0.41
Q13131|Q9UBK2_YGFITYRYT|0.0
Q13131|Q9UBK2_GFITYRYTC|0.445
Q13131|Q9UBK2_LDSNSDDFD|0.0
Q13131|Q9UBK2_SKYDSLDFD|0.346
Q13131|Q9UBK2_LDFDSLLKE|0.551
Q13131|Q86YN6_PCLQSPRLP|0.37
Q13131|Q86YN6_EDCPSPQPA|0.365
Q13131|Q86YN6_PAPASPRDS|0.556
Q13131|Q86YN6_PEGLSLKAT|0.0
Q13131|Q86YN6_SLKATPGAA|0.337
Q13131|Q86YN6_KVLRSWEPS|0.473
Q13131|Q86YN6_SRSRSSSGS|0.5
Q13131|Q86YN6_SRSSSGSSP|0.523
Q13131|Q86YN6_SSGSSPCHS|0.175
Q13131|Q86YN6_CHSWSPATR|0.124
Q13131|Q86YN6_RGEKYGFIT|0.288
Q13131|Q86YN6_YGFITYRCS|0.0
Q13131|Q86YN6_GFITYRCSE|0.01
Q13131|Q86YN6_CWPRYTDYD|0.325
Q13131|Q86YN6_RYTDYDSNS|0.455
Q13131|Q86YN6_TDYDSNSEE|0.7
Q13131|Q9Y646_QNRSYERLA|0.603
Q13131|Q9Y646_YNQPYINYS|0.338
Q13131|Q9Y646_PYINYSRTV|0.414
Q13131|Q9Y646_GALASLIRS|0.6
Q13131|Q9Y646_TGSKYPEQV|0.0
Q13131|Q9Y646_VVLVSGHLD|0.479
Q13131|Q9Y646_GHLDSWDVG|0.416
Q13131|P52209_VGAQSLKEM|0.076
Q13131|P52209_PLLDTGDII|0.0
Q13131|P52209_DGGNSEYRD|0.0
Q13131|P52209_GNSEYRDTT|0.228
Q13131|P52209_LFVGSGVSG|0.628
Q13131|P52209_GSGVSGGEE|0.553
Q13131|P52209_EGARYGPSL|0.045
Q13131|P52209_AKVGTGEPC|0.0
Q13131|P52209_KIRDSAGQK|0.001
Q13131|P52209_GDKKSFLED|0.0
Q13131|P52209_GHGGTVSSS|0.012
Q13131|P52209_TVSSSSYNA|0.0
Q13131|P52209_VSSSSYNA_|0.0
Q13131|P49763_GDRPSYVEL|0.0
Q13131|P49763_DRPSYVELT|0.367
Q13131|P53609_RLAGSGEGE|0.0
Q13131|P53609_NVHIST___|0.0
Q13131|P00558_NNQITNNQR|0.925
Q13131|P00558_AAVPSIKFC|0.034
Q13131|P00558_MPDKYSLEP|0.0
Q13131|P00558_VELKSLLGK|0.0
Q13131|P00558_PAAGSVILL|0.734
Q13131|P00558_AFRASLSKL|0.986
Q13131|P00558_RASLSKLGD|0.802
Q13131|P00558_LGDVYVNDA|0.363
Q13131|P00558_DAFGTAHRA|0.688
Q13131|P00558_RAHSSMVGV|0.899
Q13131|P00558_KDLMSKAEK|0.001
Q13131|P00558_GVKITLPVD|0.005
Q13131|P00558_VDFVTADKF|0.001
Q13131|P00558_ATVASGIPA|0.365
Q13131|P00558_GDTATCCAK|0.405
Q13131|P00558_GGGASLELL|0.596
Q13131|P07205_KNQITNNQR|0.002
Q13131|P07205_RIKASIPSI|0.225
Q13131|P07205_VVLMSHLGR|0.975
Q13131|P07205_MPDKYSLAP|0.439
Q13131|P07205_PDKYSLAPV|0.0
Q13131|P07205_VELKSLLGK|0.002
Q13131|P07205_AFRASLSKL|0.994
Q13131|P07205_RASLSKLGD|0.863
Q13131|P07205_LGDVYVNDA|0.453
Q13131|P07205_DAFGTAHRA|0.743
Q13131|P07205_KELDYFAKA|0.0
Q13131|P07205_GGMAYTFLK|0.0
Q13131|P07205_GGGASLELL|0.628
Q13131|O95336_HAESTYGLY|0.0
Q13131|O95336_AESTYGLYR|0.0
Q13131|O95336_PISDSPKPP|0.0
Q13131|O95336_IFVATGEGK|0.012
Q13131|O95336_ARLLTVPFE|0.0
Q13131|O95336_EKHSTL___|0.0
Q13131|O75594_MSRRSMLLA|0.914
Q13131|Q96PD5_FLRGSQTQS|0.953
Q13131|Q96PD5_PDLGTEGCW|0.063
Q13131|Q96PD5_WDQLSAPRT|0.439
Q13131|Q96LB9_LSPRYIQPL|0.389
Q13131|Q96LB8_PAALSAMEN|0.342
Q13131|P36871_KTQAYQDQK|0.44
Q13131|P36871_KPGTSGLRK|0.947
Q13131|P36871_DGRFYMKEA|0.455
Q13131|P36871_KFNISNGGP|0.795
Q13131|P36871_SVEAYATML|0.571
Q13131|P36871_EAYATMLRS|0.747
Q13131|P36871_VVGPYVKKI|0.079
Q13131|P36871_APANSAVNC|0.362
Q13131|P36871_SMPTSGALD|0.689
Q13131|P36871_DRVASATKI|0.995
Q13131|P36871_VASATKIAL|0.483
Q13131|P36871_ALYETPTGW|0.334
Q13131|P36871_YETPTGWKF|0.416
Q13131|P36871_TRKQSVEDI|0.996
Q13131|P36871_TRYDYEEVE|0.358
Q13131|P36871_DNFEYSDPV|0.333
Q13131|P36871_RLIFTDGSR|0.916
Q13131|P36871_SAGATIRLY|0.428
Q13131|P36871_LYIDSYEKD|0.368
Q13131|P36871_YIDSYEKDV|0.412
Q13131|P36871_APLISIALK|0.647
Q13131|P36871-2____MSDFEE|0.0
Q13131|P36871-2_GIILTASHN|0.0
Q13131|P36871-2_ILTASHNPG|0.011
Q13131|Q96G03_WDKNSLTLE|0.0
Q13131|Q96G03_MEFGTAGLR|0.938
Q13131|Q96G03_AQIISPHDK|0.001
Q13131|Q96G03_KGVLTLSFA|0.533
Q13131|Q96G03_STVSSKILR|0.61
Q13131|Q96G03_AAVISAELA|0.0
Q13131|Q96G03_LKAIYVEYG|0.474
Q13131|Q96G03_IYVEYGYHI|0.195
Q13131|Q96G03_TKASYFICH|0.678
Q13131|Q96G03_HDQETIKKL|0.001
Q13131|Q96G03_LTTGYDDSQ|0.293
Q13131|Q96G03_PKIKYYAEL|0.491
Q13131|Q96G03_KIKYYAELC|0.0
Q13131|Q6PCE3_MTFGTAGLR|0.004
Q13131|Q6PCE3_LAKLTAAVL|0.0
Q13131|Q6PCE3_DVPVYLFSR|0.0
Q13131|Q6PCE3_PFVPYAVQK|0.0
Q13131|Q6PCE3_EEGESVLEL|0.0
Q13131|Q6PCE3_VLELSLRLA|0.428
Q13131|Q6PCE3_VRDVTTGYD|0.499
Q13131|Q6PCE3_RDVTTGYDS|0.0
Q13131|O95394_EEHATCLAN|0.733
Q13131|O95394_EIGESLNIG|0.535
Q13131|O95394_KVPVYCTKT|0.0
Q13131|O95394_PVYCTKTGV|0.297
Q13131|O95394_NGHGTALFS|0.004
Q13131|O95394_FVRPSGTED|0.597
Q13131|O95394_RPSGTEDVV|0.022
Q13131|Q15124__MEGSPIPV|0.48
Q13131|Q15124_LRRPTGLFE|0.505
Q13131|Q15124_MVVGSDGRY|0.313
Q13131|Q15124_SDKIYQISK|0.496
Q13131|Q15124_IYQISKTIE|0.365
Q13131|Q15124_LTGPSQLKI|0.914
Q13131|Q15124_KGGEYGFGA|0.788
Q13131|Q15124_DGDRYMILG|0.42
Q13131|Q15124_RVAKSMKVP|0.284
Q13131|Q15124_KVPVYETPA|0.0
Q13131|Q15124_PVYETPAGW|0.0
Q13131|Q15124_WRFFSNLMD|0.638
Q13131|Q15124_PKTTYYIMR|0.051
Q13131|Q15124_IFRLSSSSG|0.855
Q13131|Q15124_FRLSSSSGV|0.825
Q13131|Q15124_RLSSSSGVR|0.388
Q13131|Q15124_LSSSSGVRA|0.004
Q13131|Q15124_TLRLYAESY|0.115
Q13131|Q15124_LYAESYERD|0.705
Q13131|Q15124_YAESYERDP|0.001
Q13131|Q15124_ERDPSGHDQ|0.446
Q13131|A6NDG6_TNNSSKTRA|0.825
Q13131|A6NDG6_NSSKTRAAY|0.0
Q13131|A6NDG6_KALRYLQQP|0.0
Q13131|A6NDG6_DRLDTDILL|0.753
Q13131|A6NDG6_NNQESDCVS|0.01
Q13131|A6NDG6_SDCVSKKKM|0.013
Q13131|Q9NXJ5_DLHVYEIPV|0.0
Q13131|Q9NXJ5_DAGRYLCDF|0.01
Q13131|Q9NXJ5_CDFTYYTSL|0.0
Q13131|Q9NXJ5_YTSLYQSHG|0.001
Q13131|Q9NXJ5_SLYQSHGRS|0.04
Q13131|O00264_VFDVTKGRK|0.427
Q13131|O00264_GRKFYGPEG|0.416
Q13131|O00264_LKDEYDDLS|0.077
Q13131|O00264_YDDLSDLTA|0.54
Q13131|O00264_LSDLTAAQQ|0.076
Q13131|O00264_AQQETLSDW|0.435
Q13131|O00264_QETLSDWES|0.0
Q13131|O00264_FTFKYHHVG|0.0
Q13131|O15173_ESPATSLPR|0.565
Q13131|O15173_SPATSLPRM|0.457
Q13131|O15173_PAGPYGIFA|0.0
Q13131|O15173_LRDEYDDLS|0.444
Q13131|O15173_YDDLSDLNA|0.161
Q13131|O15173_EKYDYVGRL|0.035
Q13131|O15173_DEEDTKDHN|0.513
Q13131|Q32NB8_QRRRSPWLL|0.0
Q13131|Q32NB8_TLEKSLQAK|0.0
Q13131|Q32NB8_AKFPSNLKV|0.168
Q13131|Q32NB8_HIKVYLFDN|0.0
Q13131|Q32NB8_LSDSYFTNR|0.0
Q13131|Q32NB8_QTFHSNSLL|0.0
Q13131|Q32NB8_FHSNSLLTQ|0.001
Q13131|Q9NXG6_HKAESSELV|0.0
Q13131|Q9NXG6_KAESSELVR|0.0
Q13131|Q9NXG6_NSHHTWLYQ|0.0
Q13131|Q9NXG6_HTWLYQGEG|0.0
Q13131|Q9NXG6_CRYMTVLFY|0.852
Q13131|Q9C0D0_VRSKSDTPY|0.93
Q13131|Q9C0D0_EARISFNLG|0.76
Q13131|Q9C0D0_MRSDSLVPG|0.011
Q13131|Q9C0D0_SMRQSREEL|0.963
Q13131|Q9C0D0_PVKLSPPLP|0.722
Q13131|Q9C0D0_SQRPTAEEL|0.0
Q13131|Q9C0D0_RFSDYVEVA|0.835
Q13131|Q9C0D0_VHELSRHLT|0.529
Q13131|O75167_SDGPTAGSQ|0.0
Q13131|O75167_PTAGSQTPP|0.002
Q13131|O75167_FRETSAVLE|0.0
Q13131|O75167_ERKISTRQS|0.001
Q13131|O75167_VSEKTPPLE|0.011
Q13131|O75167_IKKNTKAPG|0.497
Q13131|O75167_KASASPSTS|0.0
Q13131|O75167_SASPSTSST|0.0
Q13131|O75167_KQPITSHLS|0.001
Q13131|O75167_TRVESFKLE|0.174
Q13131|O75167_TNRTTLYSG|0.001
Q13131|O75167_RTTLYSGTG|0.002
Q13131|O75167_QANDSDSDG|0.0
Q13131|O75167_NDSDSDGPI|0.0
Q13131|O75167_PILYTDDED|0.001
Q13131|O75167_DEDGSGESA|0.0
Q13131|O75167_RRRDTLAIK|0.61
Q13131|O75167_QRPTTEELE|0.0
Q13131|O75167_KRRLSRKLS|0.0
Q13131|O75167_RFNEYVEVT|0.075
Q13131|O75167_EVTDSPDYD|0.0
Q13131|O75167-2_MGQTSVSTL|0.0
Q13131|Q96KR7_VRRNSKLAT|0.005
Q13131|Q96KR7_PLLPTPPPK|0.0
Q13131|Q96KR7_ASSKTTKNV|0.154
Q13131|Q96KR7_LFQASSMKS|0.0
Q13131|Q96KR7_HRQDSFQGR|0.173
Q13131|Q96KR7_DSIISGTLP|0.006
Q13131|Q96KR7_IISGTLPRK|0.161
Q13131|Q96KR7_NQRPTVDEL|0.003
Q13131|Q8IZ21_AGDTTPPTK|0.26
Q13131|Q8IZ21_TTPPTKRKS|0.088
Q13131|Q8IZ21_RKKKSSDKF|0.0
Q13131|Q8IZ21_FKETSEVLE|0.0
Q13131|Q8IZ21_NGHTTPIGN|0.0
Q13131|Q8IZ21_PLSSSHEAS|0.0
Q13131|Q8IZ21_SSGGTARFI|0.162
Q13131|Q8IZ21_RFIISTSIT|0.0
Q13131|Q8IZ21_FIISTSITT|0.0
Q13131|Q8IZ21_TAATSLAKT|0.0
Q13131|Q8IZ21_TVNLSVTPS|0.558
Q13131|Q8IZ21_NLSVTPSPA|0.163
Q13131|Q8IZ21_SVTPSPAPR|0.613
Q13131|Q8IZ21_AHRNSNPVI|0.885
Q13131|Q8IZ21_GTLLSKPSP|0.606
Q13131|Q8IZ21_IPSTSVPTL|0.423
Q13131|Q8IZ21_CSMGSELLP|0.004
Q13131|Q8IZ21_LPMISPRSP|0.262
Q13131|Q8IZ21_PHIPSRLPP|0.052
Q13131|Q8IZ21_ILEGSHRAH|0.0
Q13131|Q8IZ21_ENSDSFSED|0.472
Q13131|Q8IZ21_SDSFSEDSS|0.0
Q13131|Q8IZ21_TLGRTRSLP|0.416
Q13131|Q8IZ21_SLPITIEML|0.0
Q13131|Q8IZ21_SEEMTPTSV|0.611
Q13131|Q8IZ21_EDESYQSAL|0.04
Q13131|Q8IZ21_ESYQSALAN|0.0
Q13131|Q8IZ21_KRKDTLAMK|0.857
Q13131|Q8IZ21_LNLNSWPCK|0.003
Q13131|Q8IZ21_KRRLTRKLS|0.003
Q13131|Q8IZ21_RFNEYVEVT|0.404
Q13131|Q8IZ21_YVEVTDAQD|0.0
Q13131|Q8IZ21_DAQDYDRRA|0.0
Q13131|Q8IZ21_DKPWTKLTP|0.005
Q13131|Q8IZ21_WTKLTPADK|0.0
Q13131|Q8IZ21_HFTRYHRP_|0.062
Q13131|P35232_VITGSKDLQ|0.821
Q13131|P35232_RPVASQLPR|0.922
Q13131|P35232_PRIFTSIGE|0.982
Q13131|P35232_RIFTSIGED|0.385
Q13131|P35232_LPSITTEIL|0.134
Q13131|P35232_SRQVSDDLT|0.996
Q13131|P35232_AAIISAEGD|0.904
Q13131|P35232_AEGDSKAAE|0.322
Q13131|P35232_LIANSLATA|0.468
Q13131|P78364_PRKGTGVVQ|0.034
Q13131|P78364_TVTVSQGSQ|0.0
Q13131|P78364_VSQGSQTEA|0.0
Q13131|P78364_QGSQTEAES|0.0
Q13131|P78364_EADGSGQQN|0.0
Q13131|P78364_GMNLTRTAT|0.002
Q13131|P78364_QFRGSKRFC|0.0
Q13131|P78364_QEANYARVR|0.001
Q13131|P78364_GPRRSSSDI|0.0
Q13131|P78364_PRRSSSDIA|0.0
Q13131|P78364_GSDNSSYDE|0.0
Q13131|P78364_SDNSSYDEA|0.001
Q13131|P78364_DNSSYDEAL|0.0
Q13131|P78364_DEALSPTSP|0.0
Q13131|P78364_GNPNTAPPT|0.176
Q13131|Q8IXK0_TAQASPAGA|0.0
Q13131|Q8IXK0_LKKKYAQGF|0.0
Q13131|Q8IXK0_QQDHTTTTD|0.0
Q13131|Q8IXK0_QDHTTTTDS|0.0
Q13131|Q8IXK0_DHTTTTDSE|0.553
Q13131|Q8IXK0_GLFHSDRSK|0.0
Q13131|Q8NDX5_QPQISVYSG|0.0
Q13131|Q8NDX5_QISVYSGSD|0.046
Q13131|Q8NDX5_GVLSSSQNG|0.616
Q13131|Q8NDX5_PSPESNKKG|0.198
Q13131|Q8NDX5_AVTRTSSIH|0.652
Q13131|Q8NDX5_TRTSSIHQL|0.738
Q13131|Q8NDX5_PASYSPIQP|0.0
Q13131|Q8NDX5_IQPHSLIKH|0.37
Q13131|Q8NDX5_HSPPSKVSH|0.143
Q13131|Q8NDX5_PPPHSPSQS|0.0
Q13131|Q8NDX5_PHSPSQSPT|0.0
Q13131|Q8NDX5_PAAITVGRG|0.008
Q13131|Q8NDX5_SVIKSPSDP|0.0
Q13131|Q8NDX5_ATTRSNSTS|0.009
Q13131|Q8NDX5_TSMHSSIPS|0.0
Q13131|Q8NDX5_PVSRSSLLI|0.405
Q13131|Q8NDX5_NSSDTEMED|0.491
Q13131|Q8NDX5_RYNVSCSKK|0.544
Q13131|Q8NDX5_NVSCSKKFA|0.0
Q13131|Q8NDX5_GRRPSGPDG|0.617
Q13131|Q8NDX5_ITYPSAEED|0.0
Q13131|Q8NDX5_EDLASHEDS|0.0
Q13131|Q8NDX5_LRRQSERER|0.494
Q13131|Q8NDX5_ARINSLKES|0.0
Q13131|Q8N4B1_PRRPSALPP|0.0
Q13131|P78562_MEAETGSSV|0.0
Q13131|P78562_AETGSSVET|0.0
Q13131|P78562_ETGSSVETG|0.0
Q13131|P78562_SSVETGKKA|0.005
Q13131|P78562_RRRDTEAIQ|0.33
Q13131|P78562_KILYSSCMN|0.0
Q13131|P78562_ILYSSCMNE|0.0
Q13131|P78562_ERKFSLLQT|0.0
Q13131|P78562_RVPQYFKDL|0.0
Q13131|P78562_INQYSNYYW|0.0
Q13131|P78562_KGKRTLGEN|0.0
Q13131|O43189_PPRLSRSGA|0.001
Q13131|O43189_WDPASPAPT|0.0
Q13131|O43189_FAIATKRGG|0.0
Q13131|O43189_KKGPYARAM|0.002
Q13131|O43189_LSLPYGLKG|0.479
Q13131|O43189_AGHLSNRQQ|0.454
Q13131|O43189_HLVLYHLSV|0.0
Q13131|O43189_VEPPTGDGA|0.0
Q13131|O43189_TSFPSGQGP|0.0
Q13131|O43189_SAPPSPLCR|0.0
Q13131|O43189-2_KKGPYARAM|0.0
Q13131|O43189-2_LSLPYGLKG|0.473
Q13131|Q8WUB8_RPCDSDPAT|0.9
Q13131|Q8WUB8_SDPATPGAQ|0.094
Q13131|Q8WUB8_PGAQSPKDD|0.01
Q13131|Q8WUB8_GSGDSSRSC|0.0
Q13131|Q8WUB8_DSSRSCETS|0.628
Q13131|Q8WUB8_RSCETSSQD|0.0
Q13131|Q8WUB8_CETSSQDLG|0.0
Q13131|Q8WUB8_HYKEYSQMQ|0.275
Q13131|Q8WUB8_YKEYSQMQQ|0.385
Q13131|Q8WUB8_ERRAYFDLQ|0.001
Q13131|Q8WUB8_SDSSSGNVS|0.326
Q13131|Q8WUB8_SPPDSQEDS|0.0
Q13131|Q8WUB8_GRQKSKDKA|0.591
Q13131|Q8WUB8_DKAATPRKD|0.0
Q13131|Q8WUB8_VLSKSVPGY|0.605
Q13131|Q8WUB8_SVPGYKPKV|0.0
Q13131|Q8WUB8-2_KEKLYLREL|0.0
Q13131|Q9UIL8_MAQASPPRP|0.0
Q13131|Q9UIL8_LGASSPEAR|0.0
Q13131|Q9UIL8_KKPLSGNHV|0.01
Q13131|Q9UIL8_QPPETMKCN|0.002
Q13131|Q9UIL8_DKVHSIPEK|0.221
Q13131|Q9UIL8_TTSESDYEE|0.43
Q13131|Q9UIL8_RDLMSSSTS|0.0
Q13131|Q9UIL8_TSISSLSY_|0.0
Q13131|Q96QT6_LVDKSGKRT|0.005
Q13131|Q96QT6_SGKRTTSPS|0.175
Q13131|Q96QT6_LLDRSASKT|0.402
Q13131|Q96QT6_SASKTELKA|0.0
Q13131|Q96QT6_ERRASRPGT|0.0
Q13131|Q96QT6_SRPGTPTSS|0.0
Q13131|Q96QT6_LPGSSKRRR|0.0
Q13131|Q96QT6_KSKKTPCGT|0.008
Q13131|Q96QT6_LQRKTVQSQ|0.278
Q13131|Q96QT6_GPPLTDSRP|0.025
Q13131|Q96QT6_PLTDSRPLG|0.223
Q13131|Q96QT6_RPLGSPPNA|0.01
Q13131|Q96QT6_QRFSSPAPS|0.0
Q13131|Q96QT6_PTPPSSIVA|0.0
Q13131|Q96QT6_TPPSSIVAK|0.0
Q13131|Q96QT6_KGDASLLQD|0.033
Q13131|Q96QT6_AEKLSLKPH|0.038
Q13131|Q86YI8_PEEYSPSCK|0.001
Q13131|Q86YI8_FVLAYAGYI|0.001
Q13131|Q86YI8_AYAGYIPYP|0.0
Q13131|Q86YI8_GYIPYPKEE|0.0
Q13131|Q86YI8_DRKKTDKLK|0.118
Q13131|Q86YI8_KRRDSDAPG|0.524
Q13131|Q86YI8_GSCATVSPD|0.0
Q13131|Q86YI8_CATVSPDQV|0.001
Q13131|Q86YI8_SRTGSRKLF|0.0
Q13131|O94880_PLAASLLEA|0.0
Q13131|O94880_VGDASDSEG|0.0
Q13131|O94880_EGSCSDSEE|0.0
Q13131|O94880_SCSDSEENI|0.0
Q13131|O94880_AVNTSPSVP|0.0
Q13131|O94880_SKVLSRNSA|0.498
Q13131|O94880_LSRNSADDE|0.0
Q13131|O94880_NDSLTLSQS|0.003
Q13131|O94880_TLSQSKSNE|0.566
Q13131|O94880_HEGCYGVDG|0.0
Q13131|O94880_DSIMSSASE|0.0
Q13131|O94880_MSSASENST|0.0
Q13131|O94880_IFKETDAGR|0.0
Q13131|O94880_GVCISCDAG|0.0
Q13131|O94880_MCRAYFHVT|0.0
Q13131|O94880_PRPLTSSAS|0.001
Q13131|O94880_RPLTSSASA|0.0
Q13131|O94880_PLTSSASAI|0.004
Q13131|O94880_TSSASAIRK|0.525
Q13131|O94880_DNSDTSSSV|0.007
Q13131|O94880_NSDTSSSVD|0.0
Q13131|O94880_DTSSSVDGR|0.0
Q13131|O94880_KLCESLEEL|0.0
Q13131|O94880_KEGGTQKTS|0.0
Q13131|O94880_DQAGSSDME|0.0
Q13131|O94880_QAGSSDMEA|0.0
Q13131|O94880_LPDGTKRSR|0.0
Q13131|O94880-1_NLVRYPS__|0.0
Q13131|O94880-2_ILEKSQNWS|0.0
Q13131|O94880-2_PLKKSPKQT|0.0
Q13131|O94880-2_RKNISQELN|0.0
Q13131|Q5T6S3_TRDSYGATS|0.029
Q13131|Q5T6S3_TEGQYVLCR|0.018
Q13131|Q5T6S3_TDGLYYLGK|0.368
Q13131|Q5T6S3_DGLYYLGKI|0.428
Q13131|Q5T6S3-2_QSLSSKQKG|0.0
Q13131|O75151_VQNGSQLFI|0.862
Q13131|O75151_TPPQSLLEK|0.001
Q13131|O75151_KGKKSRESA|0.879
Q13131|O75151_SKPDSLLKM|0.454
Q13131|O75151_KFSFSFSNK|0.618
Q13131|O75151_SFSFSNKKL|0.829
Q13131|O75151_AAYKSDDSS|0.046
Q13131|O75151_KSDDSSDEG|0.0
Q13131|O75151_SDDSSDEGS|0.002
Q13131|O75151_SDEGSLHID|0.003
Q13131|O75151_LHIDTDTKP|0.602
Q13131|O75151_IDTDTKPGR|0.565
Q13131|O75151_LLQASEEVG|0.854
Q13131|O75151_QPPASPSTQ|0.002
Q13131|O75151_AAKNSVDLD|0.894
Q13131|O75151_PYSPTARVG|0.653
Q13131|O75151_VREGTRVAS|0.734
Q13131|O75151_AAKLSQQEE|0.495
Q13131|O75151_RPSASSPNN|0.794
Q13131|O75151_PNNNTAAKG|0.002
Q13131|Q9BVI0_DCRFYPAKV|0.037
Q13131|Q9BVI0_KDGTYTVKF|0.039
Q13131|Q9BVI0_KSLSSSPDK|0.886
Q13131|Q9BVI0_KENISENDR|0.673
Q13131|Q9BVI0_NDREYSGDA|0.512
Q13131|Q9BVI0_DREYSGDAQ|0.373
Q13131|Q9BVI0_DIVKSPQEN|0.202
Q13131|Q9BVI0_SRRRSSRLS|0.689
Q13131|Q9BVI0_SSRLSTNGT|0.545
Q13131|Q9BVI0_SRLSTNGTH|0.517
Q13131|Q9BVI0_DLVVSDLVD|0.583
Q13131|Q9BVI0_DTLSSTKES|0.311
Q13131|Q9BVI0_STKESEEGQ|0.007
Q13131|Q9BVI0_MGENTMKTE|0.178
Q13131|Q9BVI0_NTMKTEPTS|0.444
Q13131|Q9BVI0_TEPTSPLVE|0.131
Q13131|Q9BVI0_LQEISTVEV|0.534
Q13131|Q9BVI0_TDTRSKEEA|0.044
Q13131|Q9BVI0_DQDRSKGDS|0.31
Q13131|Q9BVI0-2_KENISENDR|0.0
Q13131|A8MW92_DPAGSCNQS|0.002
Q13131|A8MW92_SCNQSMGSE|0.0
Q13131|A8MW92_QSMGSEDWI|0.524
Q13131|A8MW92_AKNKTGSKP|0.0
Q13131|A8MW92_TSANSNKDK|0.193
Q13131|A8MW92_TCIATPDVE|0.388
Q13131|A8MW92_KKEDYNETA|0.0
Q13131|A8MW92_EQAISPKPQ|0.003
Q13131|A8MW92_PKPQSQKKN|0.486
Q13131|A8MW92_SSTLSSGKA|0.856
Q13131|A8MW92_STLSSGKAR|0.592
Q13131|A8MW92_CKHESGDSS|0.708
Q13131|A8MW92_INKTSPPQP|0.551
Q13131|A8MW92_PFKHSERRR|0.812
Q13131|A8MW92_RRRRSQRLA|0.733
Q13131|A8MW92_QRLATLPMP|0.001
Q13131|A8MW92_VEKVSSPSP|0.527
Q13131|A8MW92_VSSPSPATD|0.002
Q13131|A8MW92_PSPATDGKV|0.283
Q13131|A8MW92_PLDLSRGSE|0.506
Q13131|A8MW92_LSRGSEVTA|0.001
Q13131|A8MW92_GSEVTAPVA|0.033
Q13131|A8MW92_AAGISKTEK|0.148
Q13131|A8MW92_GISKTEKKV|0.003
Q13131|A8MW92_KQHDYSDYE|0.326
Q13131|A8MW92_QHDYSDYED|0.698
Q13131|A8MW92_ERCSSPLTR|0.024
Q13131|A8MW92_PLTRSSGSS|0.478
Q13131|A8MW92_ADPGSSDDD|0.0
Q13131|A8MW92_DPGSSDDDD|0.311
Q13131|A8MW92-4_KIPSYSPIS|0.0
Q13131|Q96BD5_ITALSEKQK|0.002
Q13131|Q96BD5_PLPQSENKL|0.0
Q13131|Q96BD5_DVQNTPVNL|0.0
Q13131|Q96BD5_FTPTTLPTS|0.246
Q13131|Q96BD5_TTLPTSQNS|0.0
Q13131|Q96BD5_TLPTSQNSI|0.0
Q13131|Q96BD5_AGPQTVQLS|0.0
Q13131|Q96BD5_SHTETDEKQ|0.0
Q13131|Q96BD5_DEKQTESRT|0.0
Q13131|Q96BD5_ANPVYSGAV|0.0
Q13131|Q96BD5_ERKKSAVTY|0.0
Q13131|Q96BD5_ALTPTSPQS|0.0
Q13131|Q96BD5_TSPQSSHPD|0.0
Q13131|Q96BD5_SPQSSHPDS|0.0
Q13131|Q96BD5_VSLPSPTST|0.0
Q13131|Q96EK2_SRPPTEEPS|0.0
Q13131|Q96EK2_DRPPTQENP|0.0
Q13131|Q96EK2_RGTQSSLDR|0.016
Q13131|Q96EK2_GTQSSLDRL|0.008
Q13131|Q96CB8_TKNISIKQE|0.058
Q13131|Q96CB8_NNSTTPTVP|0.0
Q13131|Q96CB8_TLGKTGLSR|0.596
Q13131|Q96CB8_SRSVSCDNV|0.504
Q13131|Q96CB8_CDNVSKVGL|0.433
Q13131|Q96CB8_VGLPSPSSL|0.298
Q13131|Q96CB8_KGPTSQESQ|0.072
Q13131|Q9BUL5_MAEPSPEDP|0.031
Q13131|Q9BUL5_KRRRTIEDF|0.293
Q13131|Q9BUL5_DWPASGSSS|0.389
Q13131|Q9BUL5_SGSSSPLRG|0.525
Q13131|Q9BUL5_LRGESAADS|0.546
Q13131|Q9BUL5_SAADSDGWD|0.484
Q13131|Q9BUL5_LSPTSLTHT|0.002
Q13131|Q9BUL5_SLTHTSRPP|0.002
Q13131|Q9BUL5_IMVESGDDS|0.372
Q13131|Q9BUL5-2_ASPLSRPCA|0.0
Q13131|Q9UPV7_SRRGTVEGS|0.924
Q13131|Q9UPV7_DRALSEEQE|0.0
Q13131|Q92576_VEENSVRSP|0.705
Q13131|Q92576_AAPLSNTKK|0.757
Q13131|Q92576_KTVSTAKAG|0.514
Q13131|Q92576_NRRCSRNSG|0.0
Q13131|Q92576_CSRNSGQIE|0.938
Q13131|Q92576_ELNCSLLSE|0.695
Q13131|Q92576_LFKFSDKEE|0.905
Q13131|Q92576_DAGSSDISS|0.0
Q13131|Q92576_SSDISSDAA|0.182
Q13131|Q92576_KTENSLVGL|0.033
Q13131|Q92576_NSQSSSVSY|0.013
Q13131|Q92576_VAAKYEVIH|0.916
Q13131|Q92576_VLKKTLQDQ|0.557
Q13131|Q92576_LQDQTLVQI|0.762
Q13131|Q92576_RREGSDHSS|0.924
Q13131|Q92576_KYMWTPSKQ|0.116
Q13131|Q92576_GLSLSQAQQ|0.846
Q13131|Q92576_DRTKYIDDT|0.0
Q13131|Q92576_YIDDTVKHK|0.447
Q13131|Q92576_LKRESGEGR|0.748
Q13131|Q92576_EGRNSSDCR|0.431
Q13131|Q92576_LPRRSSEEK|0.763
Q13131|Q92576_PRRSSEEKS|0.901
Q13131|Q92576_KGEVTPDHL|0.056
Q13131|Q92576_ENRHTIEMI|0.933
Q13131|Q92576_ITKITHKGE|0.505
Q13131|Q92576_IEIESDAPM|0.611
Q13131|Q92576_AANKSLEKP|0.913
Q13131|Q92576_LSSTSNILA|0.268
Q13131|Q92576_ESPKSTFSP|0.0
Q13131|Q92576_SPKSTFSPA|0.562
Q13131|Q92576_EMPGTVEVE|0.63
Q13131|Q92576_SRKRYGVAA|0.465
Q13131|Q92576_VKDMYLIPL|0.0
Q13131|Q92576_PLGATDKIP|0.008
Q13131|Q92576_KRQHSACAS|0.953
Q13131|Q92576_DFFNSFTTV|0.667
Q13131|Q92576_NVEVTDGEN|0.515
Q13131|Q92576_ETVESKEKT|0.0
Q13131|Q92576_DGNVSCSEN|0.508
Q13131|Q92576_LVANTARSP|0.896
Q13131|Q92576_EKLCSAEKN|0.0
Q13131|Q92576_AEKNSCVQQ|0.0
Q13131|Q92576_NIQTSQAEQ|0.091
Q13131|Q92576_FRRGSAVAT|0.919
Q13131|Q92576_AVATSHFEV|0.004
Q13131|Q92576_ITFTSRSTS|0.909
Q13131|Q92576_STNFSPMRP|0.156
Q13131|Q92576_RQRFYSDSH|0.828
Q13131|Q92576_RRDRSQDKD|0.919
Q13131|Q92576_RARLSHGDR|0.571
Q13131|Q7RTV0_DECNYGSYQ|0.001
Q13131|Q7RTV0_CNYGSYQGR|0.037
Q13131|Q7RTV0_NYGSYQGRC|0.0
Q13131|Q7RTV0_VSDAYYCKE|0.003
Q13131|Q7RTV0_TDLFYERKK|0.497
Q13131|Q8IWS0__MSSSVEQK|0.0
Q13131|Q8IWS0_KKGPTRQRK|0.059
Q13131|Q8IWS0_ALVSSHSDN|0.847
Q13131|Q8IWS0_VSSHSDNES|0.921
Q13131|Q8IWS0_KLMCSLCHC|0.0
Q13131|Q8IWS0_SKKKSRKGR|0.0
Q13131|Q8IWS0_EDTRSTSSH|0.0
Q13131|Q8IWS0_DTRSTSSHG|0.0
Q13131|Q8IWS0_RSTSSHGTD|0.66
Q13131|Q8IWS0_SSHGTDEME|0.0
Q13131|Q8IWS0_EMESSSYRD|0.0
Q13131|Q8IWS0_MESSSYRDR|0.0
Q13131|Q8IWS0_MLFSSGTVQ|0.0
Q13131|Q8IWS0_RESKSRGKV|0.0
Q13131|Q8IWS0-2_SSPKSKKKS|0.0
Q13131|Q9BWX1_YAHTSAKHF|0.0
Q13131|Q9UPP1_APLDTTNLA|0.229
Q13131|Q9UPP1_PLDTTNLAG|0.0
Q13131|Q9UPP1_KRRGSSKGH|0.0
Q13131|Q9UPP1_RRGSSKGHD|0.357
Q13131|Q9UPP1_TGSPTFVRE|0.0
Q13131|Q9UPP1_MTLPSPSFT|0.001
Q13131|Q9UPP1_DFVKYYYSG|0.0
Q13131|Q9UPP1_FVKYYYSGK|0.271
Q13131|Q9UPP1_VKYYYSGKR|0.431
Q13131|Q9UPP1_HAVLTPVDC|0.0
Q13131|Q9UPP1_NFLHSLNIE|0.0
Q13131|Q9UPP1_QLKAYEIEK|0.0
Q13131|Q9UPP1_LSLPSKNGS|0.0
Q13131|Q9UPP1_SNGSTKRVK|0.103
Q13131|Q9UPP1_AKPCSDPNR|0.0
Q13131|Q9UPP1_LGTVSNSPA|0.058
Q13131|Q9UPP1_NSPASQRTP|0.153
Q13131|Q9UPP1_WRTESEEEE|0.444
Q13131|Q9UPP1_EENASLDEQ|0.0
Q13131|Q9UPP1_AEYIYPSLE|0.088
Q13131|Q9UPP1_PALKSRPKK|0.0
Q13131|Q9UPP1_KKKNSDDAP|0.0
Q13131|Q9UPP1_KARVTPTLP|0.0
Q13131|Q9UPP1_VREGTRVAS|0.521
Q13131|Q9UPP1_ASIETGLAA|0.0
Q13131|Q9UPP1_NRSTTPMAP|0.538
Q13131|Q9UPP1_QRRPSVGSQ|0.355
Q13131|Q9UPP1_PSVGSQSNQ|0.675
Q13131|O43175_ATKVTADVI|0.575
Q13131|O43175_GNSLSAAEL|0.01
Q13131|O43175_IPQATASMK|0.474
Q13131|O43175_QATASMKDG|0.053
Q13131|O43175_KFMGTELNG|0.509
Q13131|O43175_LNGKTLGIL|0.653
Q13131|O43175_AWAGSPKGT|0.0
Q13131|O43175_SPKGTIQVI|0.001
Q13131|O43175_IQVITQGTS|0.548
Q13131|O43175_TQGTSLKNA|0.914
Q13131|O43175_RTQTSDPAM|0.014
Q13131|Q8WWQ0_RSELYFLIA|0.0
Q13131|Q8WWQ0_AGRQSLLRT|0.76
Q13131|Q8WWQ0_MAVNYENTM|0.617
Q13131|Q8WWQ0_EDKITKMKV|0.829
Q13131|Q8WWQ0_RHDNTVITA|0.585
Q13131|Q8WWQ0_NTVITAVNN|0.463
Q13131|Q8WWQ0_VNNMTLKVW|0.512
Q13131|Q8WWQ0_KIRSYFNMI|0.212
Q13131|Q8WWQ0_NQVLSQQAN|0.081
Q13131|Q8WWQ0_TSRLSRGSI|0.719
Q13131|Q8WWQ0_RGSISSTSE|0.0
Q13131|Q8WWQ0_RQMHSNAPR|0.241
Q13131|Q8WWQ0_NQHNYRTRS|0.001
Q13131|Q8WWQ0_KNKIYSINP|0.0
Q13131|Q8WWQ0_NKIYSINPK|0.262
Q13131|Q8WWQ0_VGIKYEVGL|0.0
Q13131|Q8WWQ0_NEPGSPIVK|0.233
Q13131|Q8WWQ0_PLYNSMKKK|0.429
Q13131|Q8WWQ0_RAQSYDIQA|0.543
Q13131|Q8WWQ0_TVRETLEAG|0.405
Q13131|Q8WWQ0_GNYESPMEL|0.012
Q13131|Q8WWQ0_SKAYTPSKR|0.0
Q13131|Q8WWQ0_AYTPSKRSR|0.0
Q13131|Q8WWQ0_KRNRSSSVS|0.636
Q13131|Q8WWQ0_RNRSSSVSS|0.36
Q13131|Q8WWQ0_SSSVSSSAA|0.675
Q13131|Q8WWQ0_SSVSSSAAS|0.0
Q13131|Q8WWQ0_SVSSSAASS|0.0
Q13131|Q8WWQ0_SSAASSPER|0.0
Q13131|Q8WWQ0_SAASSPERK|0.167
Q13131|Q8WWQ0_PQLKSESST|0.608
Q13131|Q8WWQ0_FSTPTRSIP|0.0
Q13131|Q8WWQ0_INGKTESSS|0.286
Q13131|Q8WWQ0_GKTESSSVV|0.004
Q13131|Q8WWQ0_KTESSSVVR|0.217
Q13131|Q8WWQ0_TESSSVVRT|0.0
Q13131|Q8WWQ0_VRTRSNRVV|0.956
Q13131|Q8WWQ0_ILENSVKHS|0.078
Q13131|Q8WWQ0_LNTLSSPGQ|0.509
Q13131|Q8WWQ0_FSHGTRNNS|0.046
Q13131|Q8WWQ0_VEVNTNSGE|0.321
Q13131|Q8WWQ0_FEDTSLTFG|0.0
Q13131|P46020_MRSRSNSGV|0.823
Q13131|P46020_SRSNSGVRL|0.603
Q13131|P46020_PNRLYYEPA|0.0
Q13131|P46020_MWGQSLYIL|0.0
Q13131|P46020_GQSLYILGS|0.0
Q13131|P46020_NRRFSTVPK|0.0
Q13131|P46020_RRFSTVPKP|0.0
Q13131|P46020_EEIKTILKD|0.0
Q13131|P46020_IAEVYPIRV|0.0
Q13131|P46020_TSKLYDIRK|0.0
Q13131|P46020_TDLSYLCSR|0.0
Q13131|P46020_YDDNYDYLE|0.0
Q13131|P46020_DNYDYLESG|0.0
Q13131|P46020_WMNDYDSTS|0.0
Q13131|P46020_NVHMYLPTK|0.549
Q13131|P46020_LFQASRPSF|0.0
Q13131|P46020_ELAHSLRCS|0.0
Q13131|P46020_AEEATEGLM|0.001
Q13131|P46020_SVRPTDSNV|0.0
Q13131|P46020_SMTPSSGSF|0.0
Q13131|P46020_MTPSSGSFP|0.0
Q13131|P46020_PSSGSFPSA|0.0
Q13131|P46020_SSKDSRQGQ|0.0
Q13131|P46020_ILVLTMLAD|0.489
Q13131|P46020_IEIHSIGSI|0.0
Q13131|P46019_MRSRSNSGV|0.987
Q13131|P46019_SRSNSGVRL|0.847
Q13131|P46019_VLGTSKLYV|0.479
Q13131|P46019_TTSFYTYLT|0.458
Q13131|P46019_SFYTYLTFL|0.002
Q13131|P46019_YTYLTFLDP|0.101
Q13131|P46019_RHVFSAIHS|0.011
Q13131|P46019_FVPMTLPTK|0.23
Q13131|P46019_TKVLSAHRK|0.661
Q13131|P46019_LKDCSNLQD|0.001
Q13131|P46019_DTNLSGQHG|0.526
Q13131|P46019_QHGVTVQNL|0.0
Q13131|P46019_LGELYGKAG|0.518
Q13131|P46019_GVERSVRPI|0.0
Q13131|P46019_PIHSSTSSP|0.0
Q13131|P46019_IHSSTSSPT|0.0
Q13131|P46019_HSSTSSPTI|0.611
Q13131|P46019_SSTSSPTIS|0.004
Q13131|P46019_TSSPTISIH|0.0
Q13131|P46019_MKQMTRRFS|0.567
Q13131|P46019_EQFFSVGQA|0.003
Q13131|P46019_ARSSTPSSP|0.469
Q13131|P46019_PSSPTGTSS|0.342
Q13131|P46019_GTSSSDSGG|0.024
Q13131|Q93100_EPLKSINLP|0.516
Q13131|Q93100_EVLFSQTLD|0.0
Q13131|Q93100_LFSQTLDKV|0.0
Q13131|Q93100_LRDGYRTSL|0.183
Q13131|Q93100_QVQEYQDLL|0.0
Q13131|Q93100_QDLLTPVLH|0.0
Q13131|Q93100_DELISPKDI|0.0
Q13131|Q93100_PEFKSFEEL|0.0
Q13131|Q93100_PPKHSKVKR|0.0
Q13131|Q93100-2_KRQSSTPSA|0.0
Q13131|Q16816_RGVSSVVRR|0.637
Q13131|Q16816_EVICTLHKL|0.0
Q13131|Q16816_VKPVTREIV|0.0
Q13131|Q16816_LIDAYAFRI|0.0
Q13131|P15735_FYQKYDPKD|0.0
Q13131|P15735_GRGVSSVVR|0.0
Q13131|P15735_ELCGTPGYL|0.0
Q13131|P15735_PWNLTPRQR|0.0
Q13131|Q8WV24_LEKRSDGLL|0.0
Q13131|Q8WV24_RLLRSTSNS|0.0
Q13131|Q8WV24_STSNSA___|0.0
Q13131|Q9Y5J5_RARQSLGTG|0.996
Q13131|Q9Y5J5_QSLGTGTLV|0.503
Q13131|Q86UU1_SGRLSTAIT|0.0
Q13131|Q86UU1_STAITLLPL|0.0
Q13131|Q86UU1_GPPYSPVPA|0.0
Q13131|Q86UU1_AESESLVNG|0.0
Q13131|Q86UU1_NGNHTPQTA|0.0
Q13131|Q86UU1_ASHSSLVSS|0.0
Q13131|Q86UU1_EIMDSLVLE|0.0
Q13131|Q86UU1_ARSESPRLS|0.0
Q13131|Q86UU1_SPRLSRKGG|0.578
Q13131|Q86UU1_SPAATVLAE|0.0
Q13131|Q86UU1_SIPGSPKFQ|0.0
Q13131|Q86UU1_RGLDSMREL|0.0
Q13131|Q86UU1_PLSPSLSRR|0.0
Q13131|Q86UU1_SPSLSRRAL|0.0
Q13131|Q86UU1_SPLPTRTTP|0.0
Q13131|Q86UU1_LPTRTTPDP|0.0
Q13131|Q86UU1_PTRTTPDPK|0.0
Q13131|Q86UU1_PEDFSLTLG|0.0
Q13131|Q86UU1_PHKGSFSGR|0.0
Q13131|Q86UU1_KGSFSGRLS|0.0
Q13131|Q86UU1_SPAYSLGSL|0.005
Q13131|Q86UU1_YSLGSLTGA|0.0
Q13131|Q86UU1_RKLSSGDLR|0.408
Q13131|Q86UU1_KNSITEISD|0.0
Q13131|Q86UU1_DLLEYHRRQ|0.0
Q13131|Q86UU1_LCAEYSRAD|0.0
Q13131|Q86UU1_GELPSIGEA|0.0
Q13131|Q86UU1_GRRPSRGLA|0.0
Q13131|Q86UU1_LAGASGRSS|0.003
Q13131|Q86UU1_ASGRSSEEP|0.0
Q13131|Q86UU1_SGRSSEEPG|0.0
Q13131|Q86UU1_SMERSDEEN|0.0
Q13131|Q86UU1_KEECSSTES|0.0
Q13131|Q86UU1_EECSSTEST|0.0
Q13131|Q86UU1_SSTESTQQE|0.0
Q13131|Q86UU1_STESTQQEH|0.0
Q13131|Q86UU1_KEKLTVLER|0.405
Q13131|Q86UU1_RRYHSLTGG|0.002
Q13131|Q86UU1_QLQVYRSKM|0.0
Q13131|Q86UU1_DGEATSPLP|0.0
Q13131|Q86UU1_PRTRSGPLP|0.0
Q13131|Q86UU1_LPSSSGSSS|0.0
Q13131|Q86UU1_SSSSSQLSV|0.0
Q13131|Q86UU1_TLGRSPSPK|0.0
Q13131|Q86UU1_GRSPSPKSA|0.0
Q13131|Q86UU1_TQNGTGSLP|0.0
Q13131|Q86UU1_GEHAYDTLS|0.0
Q13131|Q86UU1_ARPLTRYLP|0.0
Q13131|Q86UU1_VCRGYLVKM|0.0
Q13131|Q86UU1-2_GEATSPLPR|0.0
Q13131|Q86SQ0_ANGDYSGSY|0.0
Q13131|Q86SQ0_DYSGSYLTL|0.0
Q13131|Q86SQ0_YSGSYLTLS|0.0
Q13131|Q86SQ0_GSYLTLSQP|0.0
Q13131|Q86SQ0_TSVRSSPSL|0.0
Q13131|Q86SQ0_SVRSSPSLA|0.0
Q13131|Q86SQ0_SKQFSYDGT|0.0
Q13131|Q86SQ0_KQFSYDGTD|0.0
Q13131|Q86SQ0_SYDGTDKNI|0.0
Q13131|Q86SQ0_MKPPTPLLN|0.0
Q13131|Q86SQ0_DFDHYTGRD|0.0
Q13131|Q86SQ0_FDHYTGRDS|0.0
Q13131|Q86SQ0_TGRDSERAL|0.0
Q13131|Q86SQ0_EKPPYSKYS|0.0
Q13131|Q86SQ0_KPPYSKYSS|0.0
Q13131|Q86SQ0_DNVYSLGGL|0.002
Q13131|Q86SQ0_KASGSLLAM|0.0
Q13131|Q86SQ0_MWNGSSLSD|0.0
Q13131|Q86SQ0_PISRSGAAS|0.0
Q13131|Q86SQ0_SGAASMPSS|0.0
Q13131|Q86SQ0_ASMPSSPKQ|0.006
Q13131|Q86SQ0_SIQDSLALQ|0.0
Q13131|Q86SQ0_RTRKYSSSS|0.472
Q13131|Q86SQ0_TRKYSSSSL|0.002
Q13131|Q86SQ0_RKYSSSSLS|0.0
Q13131|Q86SQ0_YSSSSLSHM|0.009
Q13131|Q86SQ0_HMGAYSRSL|0.0
Q13131|Q86SQ0_MGAYSRSLP|0.0
Q13131|Q86SQ0_AYSRSLPRL|0.0
Q13131|Q86SQ0_ENQLTPLSL|0.0
Q13131|Q86SQ0_PPRNSLGNS|0.489
Q13131|Q86SQ0_NSKRTKLGE|0.0
Q13131|Q86SQ0_DLPHSVIDN|0.002
Q13131|Q86SQ0_DNDNYLNFS|0.0
Q13131|Q86SQ0_YLNFSSLSS|0.0
Q13131|Q86SQ0_LNFSSLSSG|0.0
Q13131|Q86SQ0_EGNPYVSST|0.0
Q13131|Q86SQ0_NPYVSSTLS|0.0
Q13131|Q86SQ0_SSTLSVPAS|0.0
Q13131|Q86SQ0_SSISSISGR|0.0
Q13131|Q86SQ0_ETILSLCAE|0.0
Q13131|Q86SQ0_TKPDSRLST|0.0
Q13131|Q86SQ0_SRLSTGTTV|0.0
Q13131|Q86SQ0_SLSQSSASF|0.0
Q13131|Q86SQ0_ASFFTPRST|0.0
Q13131|Q86SQ0_DELLSDLTR|0.0
Q13131|Q86SQ0_LSDLTRTPP|0.067
Q13131|Q86SQ0_PPSSTFPKA|0.0
Q13131|Q86SQ0_PKASSESSY|0.0
Q13131|Q86SQ0_SSESSYLSI|0.0
Q13131|Q86SQ0_SESSYLSIL|0.0
Q13131|Q86SQ0_SSYLSILPK|0.0
Q13131|Q86SQ0_VGEKTKEKV|0.0
Q13131|Q86SQ0_LQELYSEQK|0.0
Q13131|Q86SQ0_LEKKYSSLS|0.0
Q13131|Q86SQ0_EKKYSSLSG|0.0
Q13131|Q86SQ0_KKYSSLSGG|0.0
Q13131|Q86SQ0_YSSLSGGKG|0.0
Q13131|Q86SQ0_LKEGYISVN|0.0
Q13131|Q86SQ0_EHFRSLEER|0.0
Q13131|Q86SQ0_KEGLYLSDT|0.0
Q13131|Q86SQ0_GLYLSDTLP|0.002
Q13131|Q86SQ0_KTTSSISPH|0.0
Q13131|Q86SQ0_PHFSSATMG|0.0
Q13131|Q86SQ0_FSSATMGRS|0.053
Q13131|Q86SQ0_PLGQSNSCG|0.0
Q13131|Q86SQ0_GQSNSCGSV|0.0
Q13131|Q86SQ0_NSCGSVLPP|0.0
Q13131|Q86SQ0_VLPPSLAAM|0.0
Q13131|Q86SQ0_NRTASESNV|0.823
Q13131|Q86SQ0_TASESNVYL|0.0
Q13131|Q86SQ0_VYLNSFHYP|0.0
Q13131|Q86SQ0_ARPLTRYLP|0.45
Q13131|Q86SQ0_SHVETAGHN|0.0
Q13131|Q6NSJ2_AEPSSRGGA|0.0
Q13131|Q6NSJ2_VGEGSSTES|0.0
Q13131|Q6NSJ2_AMAATPPAS|0.0
Q13131|Q6NSJ2_QRRLSQERD|0.0
Q13131|Q6NSJ2_EDRDSPGPQ|0.0
Q13131|Q6NSJ2_ELQASMAQH|0.0
Q13131|Q6NSJ2_GLQRTGSLP|0.0
Q13131|Q6NSJ2_QRTGSLPRK|0.473
Q13131|Q6NSJ2_SQRGSPRPL|0.0
Q13131|Q6NSJ2_PRPLSFHCT|0.0
Q13131|Q6NSJ2_AVGDSGRYP|0.0
Q13131|Q6NSJ2_DSGRYPLYQ|0.0
Q13131|Q6NSJ2_RYPLYQLLN|0.001
Q13131|Q6NSJ2_GRGNSCGAI|0.0
Q13131|Q6NSJ2_AREGTRRGT|0.0
Q13131|Q13371___MTTLDDK|0.001
Q13131|Q13371_KLQYYYSSS|0.0
Q13131|Q13371_LQYYYSSSE|0.001
Q13131|Q13371_IKKLSMTCR|0.142
Q13131|Q13371_KLSMTCRSH|0.281
Q13131|Q13371_MTCRSHLDE|0.0
Q13131|Q13371_SSQFTRNAL|0.683
Q13131|Q13371_ALLIYKGGE|0.578
Q13131|Q13371_SVRNSATCH|0.977
Q13131|O60346_GGGRSPEPA|0.003
Q13131|O60346_EPALTPAAP|0.078
Q13131|O60346_GGANSLLLR|0.018
Q13131|O60346_KRNLSAAAA|0.901
Q13131|O60346_SSSSSAAAA|0.0
Q13131|O60346_ASLCTRSLD|0.002
Q13131|O60346_KHRQTLQLQ|0.838
Q13131|O60346_EPRDSEVPP|0.0
Q13131|O60346_PGGWSRRAS|0.581
Q13131|O60346_CLSNSFQRQ|0.793
Q13131|O60346_SAVGTIGRR|0.513
Q13131|O60346_QLPDYYDTP|0.003
Q13131|O60346_LPDYYDTPL|0.0
Q13131|Q6ZVD8_SRFGSRERD|0.245
Q13131|Q6ZVD8_TTSSSSSSS|0.0
Q13131|Q6ZVD8_TSSSSSSSS|0.0
Q13131|Q6ZVD8_SSSSSSSSS|0.0
Q13131|Q6ZVD8_ERRCSLHPT|0.806
Q13131|Q6ZVD8_SSNQSDNGL|0.0
Q13131|Q6ZVD8_NGLDSDDDQ|0.003
Q13131|Q6ZVD8_DLENSPPLI|0.54
Q13131|Q6ZVD8_NSVNSGMLL|0.503
Q13131|Q6ZVD8_LLPMSKDRM|0.487
Q13131|Q6ZVD8_ELQKSPSTS|0.229
Q13131|Q6ZVD8_QKSPSTSCL|0.763
Q13131|Q6ZVD8_IEVATEVPK|0.183
Q13131|P20941_FKLESQDSD|0.0
Q13131|Q8TCT1_HKVLSDYLR|0.416
Q13131|Q8TCD6_QGVNYTQIV|0.0
Q13131|O14813_PGLASPRLS|0.416
Q13131|O14813_RLSPSPLPV|0.575
Q13131|Q99453_QSSPYAAVP|0.324
Q13131|Q99453_YKLFTDHGG|0.67
Q13131|Q99453_AKNGSSGKK|0.0
Q13131|Q99453_KNGSSGKKS|0.0
Q13131|Q99453_SGKKSDSSR|0.484
Q13131|Q9NRX4_VDIDSDGVF|0.777
Q13131|Q9NRX4_GVFKYVLIR|0.476
Q13131|Q9NRX4_IRVHSAPRS|0.002
Q13131|Q9NRX4_SAPRSGAPA|0.0
Q13131|Q9NRX4_PAAESKEIV|0.0
Q13131|Q9NRX4_HADIYDKVS|0.0
Q13131|Q9NRX4_KIHVYGYSM|0.002
Q13131|Q9NRX4_HVYGYSMAY|0.001
Q13131|Q9NRX4_VYGYSMAYG|0.01
Q13131|Q9NRX4_YSMAYGPAQ|0.0
Q13131|Q9NRX4_IKAKYPDYE|0.0
Q13131|Q9NRX4_KYPDYEVTW|0.0
Q13131|Q9NRX4_ANDGY____|0.0
Q13131|Q9P1Y6_LEDRSGSED|0.0
Q13131|Q9P1Y6_DRSGSEDSE|0.0
Q13131|Q9P1Y6_GSEDSEDDG|0.0
Q13131|Q9P1Y6_GSFNSDDDA|0.001
Q13131|Q9P1Y6_DDAESCPIC|0.001
Q13131|Q9P1Y6_NTKASEEEE|0.0
Q13131|Q9P1Y6_VCGRSDRED|0.001
Q13131|Q9P1Y6_GRLGSSLLD|0.0
Q13131|Q9P1Y6_LTPRTPARR|0.0
Q13131|Q9P1Y6_GRKKTPSGP|0.0
Q13131|Q9P1Y6_KKTPSGPSA|0.0
Q13131|Q9P1Y6_PSGPSAKSK|0.0
Q13131|Q9P1Y6_PSAKSKSSA|0.0
Q13131|Q9P1Y6_KSSATRSKK|0.0
Q13131|Q9P1Y6_DPFDSSEEL|0.0
Q13131|Q9P1Y6_LSPLSAKRR|0.0
Q13131|Q9P1Y6_RRALSRSAL|0.0
Q13131|Q9P1Y6_ALSRSALQS|0.446
Q13131|Q9P1Y6_ARPVSVGLS|0.462
Q13131|Q9P1Y6_SVGLSRRRL|0.0
Q13131|Q9P1Y6_FQRNSGSLS|0.0
Q13131|Q9P1Y6_LPSGSPAQG|0.0
Q13131|Q9P1Y6_AQGPSGNRP|0.034
Q13131|Q9P1Y6_RPQSTGLSC|0.0
Q13131|Q9P1Y6_GRSRTPART|0.0
Q13131|Q9P1Y6_RQSHSPWFN|0.0
Q13131|Q9P1Y6_TNKHTLPLA|0.0
Q13131|Q9P1Y6_PGRGTRAES|0.003
Q13131|Q9P1Y6_STFESFRIN|0.0
Q13131|Q9P1Y6_SPLFSIKKT|0.015
Q13131|Q9P1Y6_RSEVYDPSD|0.004
Q13131|Q9P1Y6_PSDPTGSDS|0.0
Q13131|Q9P1Y6_DPTGSDSSA|0.0
Q13131|Q9P1Y6_TGSDSSAPG|0.0
Q13131|Q9P1Y6_GSDSSAPGS|0.005
Q13131|Q9P1Y6_SPERSGPGL|0.0
Q13131|Q9P1Y6_REEPTESQG|0.496
Q13131|Q9P1Y6_EPTESQGLA|0.038
Q13131|Q9P1Y6_EDGASCSTF|0.0
Q13131|Q9P1Y6_GASCSTFFG|0.0
Q13131|Q9P1Y6_ASCSTFFGS|0.0
Q13131|Q9P1Y6_TFFGSEERT|0.0
Q13131|Q9P1Y6_PPSRSRSTS|0.0
Q13131|Q9P1Y6_RSSRSASPS|0.264
Q13131|Q9P1Y6_SRSASPSVG|0.0
Q13131|Q9P1Y6_ECSPTSSLE|0.0
Q13131|Q9P1Y6_QRERSHERP|0.336
Q13131|Q9P1Y6_DRKESVAWP|0.581
Q13131|Q9P1Y6_RKRRSRSPS|0.001
Q13131|Q9P1Y6_RRSRSPSSE|0.004
Q13131|Q9P1Y6_RSPSSEHRA|0.0
Q13131|Q9P1Y6_RRPRSREKW|0.0
Q13131|Q9P1Y6_TRSHSPERK|0.0
Q13131|Q9P1Y6_QREVSLMHD|0.588
Q13131|Q9P1Y6_EEVVSQTPL|0.0
Q13131|Q9P1Y6_VVSQTPLLR|0.005
Q13131|Q9P1Y6_KREVTKEEY|0.0
Q13131|Q9UMS5_RGIETLESV|0.0
Q13131|Q9UMS5_ETLESVPII|0.001
Q13131|Q9UMS5_KAKFSDGEK|0.0
Q13131|Q9UMS5_GNGVSDDLS|0.0
Q13131|Q9UMS5_SDDLSSEED|0.0
Q13131|Q9UMS5_DDLSSEEDG|0.0
Q13131|Q9UMS5_VEGASSDNG|0.0
Q13131|Q9UMS5_EGASSDNGC|0.0
Q13131|Q9UMS5_SSVTSDSEG|0.0
Q13131|Q9UMS5_VTSDSEGAH|0.0
Q13131|Q9UMS5_ASLGSETNK|0.0
Q13131|Q9UMS5_LGSETNKKY|0.0
Q13131|Q8N3S3_NGYVSLDGK|0.0
Q13131|Q8N3S3_WNTGTLRNG|0.0
Q13131|Q8N3S3_ITNVSDEVS|0.0
Q13131|Q8N3S3_SDEVSSEEG|0.0
Q13131|Q8N3S3_DEVSSEEGP|0.0
Q13131|Q8N3S3_DAPKSGTSC|0.0
Q13131|Q8N3S3_KADMSVLEI|0.0
Q13131|Q8N3S3_VLEISGMIM|0.0
Q13131|Q8N3S3_TSKKYSNTS|0.0
Q13131|Q8N3S3_SKKYSNTSI|0.0
Q13131|Q8N3S3_KYSNTSILL|0.0
Q13131|Q8N3S3_SILLTEQIN|0.0
Q13131|O14832_DVTISKSEY|0.0
Q13131|O14832_TISKSEYAP|0.001
Q13131|O14832_SKSEYAPSE|0.0
Q13131|O14832_THKGSLKPH|0.0
Q13131|O14832_GIQDYEENK|0.0
Q13131|Q5SRE7_MACLSPSQL|0.0
Q13131|Q5SRE7_PVFKSITHS|0.0
Q13131|Q5SRE7_FKVQTLARS|0.0
Q13131|Q5SRE7_TLARSLGLQ|0.0
Q13131|Q5SRE7_VVVQSMYIF|0.0
Q13131|Q5SRE7_GGEVSPHQD|0.0
Q13131|Q92561_RDVPTKLVA|0.615
Q13131|Q92561_PLPMTVRGH|0.545
Q13131|Q92561_HWFLSPRTE|0.0
Q13131|Q92561_FSCNTEFNT|0.0
Q13131|Q92561_TEFNTGQPP|0.072
Q13131|Q96FC7_HALNSPTSP|0.426
Q13131|Q96FC7_LNSPTSPCE|0.149
Q13131|Q96FC7_NSPTSPCEE|0.0
Q13131|Q96FC7_IKNLSLEAI|0.57
Q13131|Q96FC7_KDVPTKLVA|0.185
Q13131|Q96FC7_PLPMTVRGH|0.499
Q13131|Q96FC7_HWFLSPRTE|0.001
Q13131|O43692_GEAPYKVGV|0.0
Q13131|Q6UXB8_SPTASDMLH|0.0
Q13131|Q6UXB8_VTEVSGSLA|0.0
Q13131|Q6UXB8_GSLATKALP|0.0
Q13131|Q9BTU6_QPPDYTFPS|0.165
Q13131|Q9BTU6_PPDYTFPSG|0.0
Q13131|Q9BTU6_SSGSYFVKD|0.213
Q13131|Q9BTU6_VVLDYIIRN|0.0
Q13131|Q9BTU6_ILNLTQALK|0.0
Q13131|Q9BTU6_SSESYTQSF|0.034
Q13131|Q9BTU6_SESYTQSFQ|0.017
Q13131|Q9BTU6_SYTQSFQSR|0.536
Q13131|Q8TCG2_GSSGSYFVK|0.0
Q13131|Q8TCG2_SSGSYFVKD|0.0
Q13131|Q8TCG2_SEEPYGQLN|0.0
Q13131|Q8TCG2_PKIGSFQLF|0.0
Q13131|Q8TCG2_VILDYIIRN|0.0
Q13131|Q8TCG2_HLSNSFTQT|0.784
Q13131|Q8TCG2_PFFSSW___|0.0
Q13131|A4QPH2_TLGLSLLHA|0.0
Q13131|A4QPH2_VPNATIRNV|0.0
Q13131|A4QPH2_CRSDSEDEC|0.658
Q13131|A4QPH2_RSRTYNMIQ|0.006
Q13131|Q15735_AGLGSLPMP|0.0
Q13131|Q15735_GVAQTGAPS|0.0
Q13131|Q15735_TGAPSKVDS|0.0
Q13131|Q15735_SKVDSSFQL|0.0
Q13131|Q15735_KVDSSFQLP|0.0
Q13131|Q15735_LALASPRPI|0.0
Q13131|Q15735_APLCTPEGQ|0.0
Q13131|Q15735_GTNKYDTSA|0.0
Q13131|Q15735_GGGPSPSGR|0.206
Q13131|Q15735_SPGKSKRHR|0.033
Q13131|Q15735_KRHRSRSPG|0.0
Q13131|Q15735_HRSRSPGLA|0.09
Q13131|Q15735_ALRPSSRER|0.0
Q13131|Q15735_RRGASRSPS|0.0
Q13131|Q15735_GASRSPSPQ|0.0
Q13131|Q15735_SRSPSPQSR|0.0
Q13131|Q15735_PSPQSRRLS|0.0
Q13131|Q15735_SLSPSPQGH|0.0
Q13131|O75925__MADSAELK|0.002
Q13131|O75925_KAGCSPAVQ|0.432
Q13131|O75925_QKIMTPADL|0.699
Q13131|O75925_INITSLVRL|0.0
Q13131|O75925_VKQLSSTVL|0.749
Q13131|O75925_KQLSSTVLL|0.016
Q13131|O75925_QLSSTVLLQ|0.297
Q13131|O75925_NPDHSRALI|0.628
Q13131|O75925_EIATTSLRV|0.382
Q13131|O75925_IATTSLRVS|0.529
Q13131|O75925_VIDLTIDSS|0.07
Q13131|O75925_EEEPSAKRT|0.367
Q13131|O75925_SAKRTCPSL|0.021
Q13131|O75925_KGILSLPHQ|0.89
Q13131|O75925_PVSRTPSLP|0.395
Q13131|O75928_RNMVSSFRV|0.635
Q13131|O75928_SFRVSELQV|0.938
Q13131|O75928_KSGCSPAVQ|0.0
Q13131|O75928_NPDHSRALI|0.615
Q13131|O75928_EIATTSLRV|0.068
Q13131|O75928_IATTSLRVS|0.485
Q13131|O75928_SKPCSVTVA|0.145
Q13131|O75928_VTVASEASK|0.712
Q13131|O75928_CIFMSETQS|0.0
Q13131|O75928_QSSPTKGVL|0.858
Q13131|Q9Y6X2_NPDHSRALI|0.569
Q13131|Q9Y6X2_GLQYSPVQG|0.495
Q13131|Q8N2W9_AVPRTPLAG|0.594
Q13131|Q8N2W9_PNIDYPVLY|0.002
Q13131|Q8WXW3_KIELSQKTM|0.0
Q13131|Q8WXW3_LSQKTMMID|0.0
Q13131|Q8WXW3_EKQNSLILK|0.0
Q13131|Q8WXW3_VKMHSKHSE|0.0
Q13131|Q8WXW3_HSKHSENSL|0.132
Q13131|Q8WXW3_HSENSLLLT|0.311
Q13131|Q13492____MSGQSL|0.808
Q13131|Q13492_MSGQSLTDR|0.652
Q13131|Q13492_TDRITAAQH|0.093
Q13131|Q13492_QHSVTGSAV|0.572
Q13131|Q13492_GSAVSKTVC|0.0
Q13131|Q13492_SLITTHHLM|0.0
Q13131|Q13492_HLMVYGNER|0.0
Q13131|Q13492_KAVSYRQVA|0.311
Q13131|Q13492_AFDFTKVKR|0.0
Q13131|Q13492_GLDIYKKFL|0.0
Q13131|Q13492_STAASRATT|0.004
Q13131|Q13492_SLASTGLSL|0.004
Q13131|Q13492_TSLTTAASP|0.0
Q13131|Q13492_FSTPSSSNS|0.0
Q13131|Q13492_DVHLSISSD|0.519
Q13131|Q13492_SKLVSDDLD|0.0
Q13131|Q13492_DLDSSLANL|0.479
Q13131|Q13492_EKKLTGGSN|0.48
Q13131|Q13492_FGPVSGAQI|0.0
Q13131|Q9Y6V0_AAVMSRAQG|0.17
Q13131|Q9Y6V0_LPKGSVPPA|0.0
Q13131|Q9Y6V0_SKSRTTDTF|0.008
Q13131|Q9Y6V0_RSPSTISLK|0.0
Q13131|Q9Y6V0_EEHKSSMMP|0.0
Q13131|Q9Y6V0_VNALSAVSS|0.0
Q13131|Q9Y6V0_LSAVSSVVN|0.0
Q13131|Q9Y6V0_SAVSSVVNK|0.004
Q13131|Q9Y6V0_SQEETTKKQ|0.0
Q13131|Q9Y6V0_QEETTKKQK|0.0
Q13131|Q9Y6V0_SRPQTKQAD|0.475
Q13131|Q9Y6V0_GVGKTPAQQ|0.0
Q13131|Q9Y6V0_PGLQSPAKA|0.007
Q13131|Q9Y6V0_KQPPSQGLP|0.0
Q13131|Q9Y6V0_PVPSSPQPK|0.0
Q13131|Q9Y6V0_PKLKTAPVT|0.006
Q13131|Q9Y6V0_VTTTSAVSK|0.0
Q13131|Q9Y6V0_PQQTSPKKD|0.0
Q13131|Q9Y6V0_KQDLSKAPE|0.0
Q13131|Q9Y6V0_TLHGSPSAK|0.0
Q13131|Q9Y6V0_DLVSSSSAT|0.011
Q13131|Q9Y6V0_SSSATTKPD|0.0
Q13131|Q9Y6V0_PRPASDSKI|0.0
Q13131|Q9Y6V0_KKAQTKMSP|0.0
Q13131|Q9Y6V0_TPQQSPKPQ|0.0
Q13131|Q9Y6V0_SRRFSLNLG|0.004
Q13131|Q9Y6V0_DAPKSQPTT|0.0
Q13131|Q9Y6V0_KSQPTTPQE|0.0
Q13131|Q9Y6V0_SQPTTPQET|0.0
Q13131|Q9Y6V0_QRAISGQLG|0.0
Q13131|Q9Y6V0_GPKASPMPV|0.053
Q13131|Q9Y6V0_KQPQTKMEG|0.0
Q13131|Q9Y6V0_DTSSSQQPK|0.0
Q13131|Q9Y6V0_PSSPSDLAK|0.0
Q13131|Q9Y6V0_ESENSPVPQ|0.0
Q13131|Q9Y6V0_RKRRTSVGS|0.614
Q13131|Q9Y6V0_KRRTSVGSS|0.237
Q13131|Q9Y6V0_TSVGSSSSD|0.0
Q13131|Q9Y6V0_SSDEYKQED|0.0
Q13131|Q9Y6V0_KQEDSQGSG|0.0
Q13131|Q9Y6V0_DSQGSGEEE|0.0
Q13131|Q9Y6V0_KEISSSTES|0.0
Q13131|Q9Y6V0_GRRHSWHDE|0.691
Q13131|Q9Y6V0_ELNSTIADK|0.0
Q13131|Q9Y6V0_IADKYSAES|0.0
Q13131|Q9Y6V0_ADKYSAESS|0.0
Q13131|Q9Y6V0_YSAESSQKK|0.0
Q13131|Q9Y6V0_SAESSQKKT|0.0
Q13131|Q9Y6V0_QQRKSSSKK|0.0
Q13131|Q9Y6V0_QRKSSSKKS|0.0
Q13131|Q9Y6V0_PSNLSPIED|0.17
Q13131|Q9Y6V0_IEDASPTEE|0.0
Q13131|Q9Y6V0_DASPTEELR|0.0
Q13131|Q9Y6V0_LIEDYIYES|0.0
Q13131|Q9Y6V0_LVEDTYNGS|0.0
Q13131|Q9Y6V0_SEQIYEDPM|0.0
Q13131|Q9Y6V0_SLDRTAPPD|0.0
Q13131|Q9Y6V0_DGRASADHI|0.0
Q13131|Q9Y6V0_ADTVSTDLL|0.0
Q13131|Q9Y6V0_LTVASPVTT|0.0
Q13131|Q9Y6V0_RTVVTMDES|0.001
Q13131|Q9Y6V0_ESTSSVMTK|0.0
Q13131|Q9Y6V0_SSVMTKIIE|0.0
Q13131|Q9Y6V0_RQVISGAGI|0.0
Q13131|Q9Y6V0_SVDTSVQTD|0.0
Q13131|Q9Y6V0_TSVQTDDED|0.0
Q13131|Q9Y6V0_QLAPSPPKS|0.0
Q13131|Q9Y6V0_SPPKSPKVL|0.0
Q13131|Q9Y6V0_KVLYSPISP|0.0
Q13131|Q9Y6V0_YSPISPLSP|0.0
Q13131|Q9Y6V0_ISPLSPGKA|0.0
Q13131|Q9Y6V0_MMQRSMSDP|0.0
Q13131|Q9Y6V0_PKPLSPTAD|0.0
Q13131|Q9Y6V0_RDYMSDSEV|0.0
Q13131|Q9Y6V0_SSYMTSSTS|0.0
Q13131|Q9Y6V0_MTSSTSSIG|0.0
Q13131|Q9Y6V0_IGGISSRAR|0.0
Q13131|Q9Y6V0_SSRPSSVYG|0.0
Q13131|Q9Y6V0_SRPSSVYGL|0.0
Q13131|Q9Y6V0_HASSSARTK|0.0
Q13131|Q9Y6V0_SSARTKPTS|0.0
Q13131|Q9Y6V0_TKPTSLPIS|0.0
Q13131|Q9Y6V0_SLPISQSRG|0.0
Q13131|Q9Y6V0_PISQSRGRI|0.0
Q13131|Q9Y6V0_TSAGSSSVP|0.0
Q13131|Q9Y6V0_SSQQSPKPS|0.0
Q13131|Q9Y6V0-6_SQSKTSVTQ|0.0
Q13131|Q9Y6V0-6_RIQPSKRRK|0.0
Q13131|Q2NKX8_MRVKTFHGP|0.077
Q13131|Q2NKX8_FHGPSKDER|0.001
Q13131|Q2NKX8_METRSPLAE|0.012
Q13131|Q2NKX8_RHFKTLRID|0.0
Q13131|Q2NKX8_NPFRYFSKQ|0.0
Q13131|Q2NKX8_EESHYIQQR|0.026
Q13131|Q2NKX8_PVFPSSTKK|0.0
Q13131|Q2NKX8_VFPSSTKKK|0.004
Q13131|Q2NKX8_SPLLSTHHT|0.0
Q13131|Q2NKX8_STHHTQEED|0.727
Q13131|Q2NKX8_EEDISSKMA|0.486
Q13131|Q2NKX8_KQDLSSIKV|0.002
Q13131|Q2NKX8_KVNVTTLQD|0.82
Q13131|Q2NKX8_GMEKSFATK|0.0
Q13131|Q2NKX8_KSFATKNEA|0.0
Q13131|Q2NKX8_VQKETLQEG|0.0
Q13131|Q2NKX8_ESFNYVLSK|0.234
Q13131|Q2NKX8_NYVLSKSTK|0.086
Q13131|Q2NKX8_SAPNSRAGF|0.624
Q13131|Q2NKX8_VHSKTCLSW|0.014
Q13131|Q2NKX8_SQIPSSVNK|0.692
Q13131|Q2NKX8_SVNKSMNSR|0.896
Q13131|Q2NKX8_KSMNSRRSL|0.51
Q13131|Q2NKX8_RLDDSSEAK|0.513
Q13131|Q2NKX8_GVEESSGEA|0.0
Q13131|Q2NKX8_GETLSSENK|0.008
Q13131|Q2NKX8_ENKSSWLMT|0.0
Q13131|Q2NKX8_ATNDYETLV|0.0
Q13131|Q2NKX8_LLTLSLYKQ|0.0
Q13131|Q9NRD5_GEPLYRVST|0.274
Q13131|Q9NRD5_STGNYEYRL|0.0
Q13131|Q9NRD5_QRLVSTMSK|0.913
Q13131|Q9NRD5_YNDCYAVLR|0.226
Q13131|Q9NRD5_QEEFTDGEE|0.0
Q13131|Q9NRD5_DKGGSWCDS|0.422
Q13131|Q9HB75__MAATVEGP|0.353
Q13131|Q9HB75_LGVSYREVQ|0.705
Q13131|Q92508_DVDASPTAG|0.149
Q13131|Q92508_DASPTAGLQ|0.79
Q13131|Q92508_QEAATLAPT|0.976
Q13131|Q92508_TLAPTRRSR|0.001
Q13131|Q92508_QDAVSGTPL|0.773
Q13131|Q92508_LVALYTVWV|0.448
Q13131|Q92508_VALYTVWVA|0.0
Q13131|Q92508_NFLVTLHGC|0.683
Q13131|Q92508_VAILTRRHR|0.962
Q13131|Q92508_AVFRYLFWL|0.0
Q13131|Q92508_LACFYLLLF|0.27
Q13131|Q92508_SPGGSSPPR|0.576
Q13131|Q92508_GQLPTGGGP|0.379
Q13131|Q92508_QRVLSTAQF|0.004
Q13131|Q92508_RVLSTAQFL|0.65
Q13131|Q92508_YHTRSGSEE|0.975
Q13131|Q92508_TRSGSEEAV|0.995
Q13131|Q92508_EEAVTDPGE|0.609
Q13131|Q92508_GASLYQGLM|0.027
Q13131|Q92508_GLMRTASEL|0.93
Q13131|Q92508_EHDKSGEEE|0.902
Q13131|Q9H611_VKRLSLPST|0.731
Q13131|Q9H611_RILGSLPPT|0.0
Q13131|Q9H611_GIVATRLCT|0.59
Q13131|Q8TCI5_YPKDTYYPS|0.023
Q13131|Q8TCI5_TYYPSPGAY|0.0
Q13131|Q8TC92_LRPPSPPAI|0.0
Q13131|Q8TC92_VNRRSANQF|0.392
Q13131|Q8TC92_EMEMSDDEN|0.0
Q13131|Q8TC92_ENCDSPTKK|0.0
Q13131|Q8TC92_CDSPTKKMR|0.0
Q13131|Q8TC92_EENDSLRWQ|0.0
Q13131|Q8TC92_QLDAYRNEV|0.0
Q13131|Q8TC92_EENLTKDQQ|0.0
Q13131|Q8TC92_FLQQTMQGM|0.0
Q13131|Q8TC92_KQEFTGVGA|0.0
Q13131|Q8TC92_GVGATLEKR|0.0
Q13131|P37287_GSLYTCRTR|0.001
Q13131|P37287_CRTRTHNIC|0.0
Q13131|P37287_LCQKYPDLN|0.0
Q13131|P37287_PSVKSLCEG|0.0
Q13131|P37287_VKTFYTWRN|0.0
Q13131|Q92521_RRPLSKCGM|0.383
Q13131|Q92521_RKRKSTLYF|0.909
Q13131|Q92521_KRKSTLYFN|0.963
Q13131|Q92521_IIRPTAVIL|0.0
Q13131|Q92521_VILWTPLLF|0.002
Q13131|Q92521_YSMLSHKEF|0.0
Q13131|Q5H8A4_KFMPYTTYL|0.048
Q13131|Q5H8A4_PYTTYLVEK|0.0
Q13131|Q5H8A4_RNLNSPALL|0.004
Q13131|Q5H8A4_HVQQTDVAA|0.436
Q13131|Q5H8A4_DVAATLAIA|0.0
Q13131|Q5H8A4_KGHGSPSTS|0.0
Q13131|Q5H8A4_GSPSTSEVL|0.0
Q13131|Q14442_LRSLTAVTC|0.0
Q13131|Q14442_LTAVTCTVW|0.0
Q13131|Q92643_TLSVYRSVK|0.085
Q13131|Q92643_RIPPSTPRS|0.01
Q13131|Q92643_KRLLSDDRS|0.244
Q13131|Q92643_SDDRSNILI|0.222
Q13131|Q92643_GASMYERFY|0.06
Q13131|Q92643_NVLITDFFG|0.0
Q13131|Q92643_DFFGSVRKV|0.0
Q13131|Q9Y2B2_SAGNYYNQG|0.0
Q13131|Q9Y2B2_INSLSFL__|0.0
Q13131|Q9H3S5_RQFRYTFQA|0.0
Q13131|Q9H3S5_RHNFSPYFY|0.0
Q13131|Q9H3S5_NFSPYFYML|0.0
Q13131|Q9H3S5_SPYFYMLYL|0.0
Q13131|O95427_AHRPSSRDY|0.0
Q13131|O95427_HRPSSRDYK|0.0
Q13131|O95427_SSRDYKHNI|0.041
Q13131|Q8TEQ8_AKKLSQMDQ|0.522
Q13131|Q8TEQ8_PKLLTMPRL|0.0
Q13131|Q8TEQ8_GNLKSPEPP|0.0
Q13131|Q8TEQ8_RVLVSGASM|0.0
Q13131|Q8TEQ8_ADLDYVVPQ|0.0
Q13131|Q8TEQ8_LGLKYLFIL|0.072
Q13131|Q8TEQ8_ALAASILRR|0.0
Q13131|P57054_VPRSTSLTL|0.001
Q13131|P57054_STSLTLIVF|0.615
Q13131|P57054_FHRLSKAPG|0.051
Q13131|P01833_SFDVSLEVS|0.0
Q13131|P01833_SLEVSQGPG|0.566
Q13131|P01833_LLNDTKVYT|0.738
Q13131|P01833_DLGRTVTIN|0.432
Q13131|P01833_GRTVTINCP|0.0
Q13131|P01833_CRQSSGENC|0.966
Q13131|P01833_SVVITGLRK|0.529
Q13131|P01833_DAGRYLCGA|0.115
Q13131|P01833_VNEESTIPR|0.0
Q13131|P01833_NEESTIPRS|0.793
Q13131|P01833_FYGETAAVY|0.125
Q13131|P01833_KAAGSRDVS|0.539
Q13131|P01833_DSGSSEEQG|0.0
Q13131|P01833_EQGGSSRAL|0.486
Q13131|P01833_VSIRSYRTD|0.001
Q13131|P01833_RSYRTDISM|0.938
Q13131|P01833_RTDISMSDF|0.969
Q13131|P01833_DISMSDFEN|0.0
Q13131|P01833_DFENSREFG|0.0
Q13131|Q96S52_SHDVYWDIE|0.0
Q13131|Q96S52_NAFHSPRWG|0.0
Q13131|Q96S52_ENLATATTT|0.0
Q13131|Q96S52_LATATTTLT|0.0
Q13131|Q96S52_ATATTTLTS|0.0
Q13131|Q969N2_FVRLYTEPL|0.0
Q13131|Q969N2_VRLYTEPLL|0.052
Q13131|Q9NUD9_LAEDSPPGQ|0.0
Q13131|Q7Z7B1_TRFLTDFVV|0.653
Q13131|Q7Z7B1_PMVATLTIW|0.38
Q13131|Q3MUY2_IPLVSLAGL|0.0
Q13131|Q86VD9_VVPLYLWGT|0.471
Q13131|Q86VD9_YLWGTRGAT|0.435
Q13131|Q86VD9_TPTHYTLLF|0.007
Q13131|Q9NWS0_GMGLSEAEA|0.437
Q13131|Q9NWS0_RMQNSDFLR|0.803
Q13131|Q9NWS0_ELVITIARE|0.49
Q13131|Q9NWS0_LGDLYTPAP|0.54
Q13131|Q9NWS0_GDLYTPAPG|0.017
Q13131|Q9NWS0_LPVPS____|0.37
Q13131|Q9NQM4_EIPEYEIIF|0.0
Q13131|O00443_MAQISSNSG|0.108
Q13131|O00443_AQISSNSGF|0.005
Q13131|O00443_ISSNSGFKE|0.0
Q13131|O00443_DRQVTDNQR|0.637
Q13131|O00443_KAQVYNKQD|0.001
Q13131|O00443_VLPVTPILS|0.0
Q13131|O00443_TPILSPSFS|0.0
Q13131|O00443_ILSPSFSAQ|0.0
Q13131|O00443_DKIASTSEF|0.052
Q13131|O00443_KIASTSEFL|0.003
Q13131|O00443_IASTSEFLK|0.0
Q13131|O00443_EITDSKVSN|0.001
Q13131|O00443_GKSLSVATV|0.645
Q13131|O00443_TVTRSQSLN|0.679
Q13131|O00443_TNPGYLLSP|0.0
Q13131|O00443_GYLLSPVTA|0.008
Q13131|O00443_LSPVTAQRN|0.0
Q13131|O00443_NLPRSKTAD|0.492
Q13131|O00443_PRSKTADVT|0.809
Q13131|O00443_NSGRSPTDC|0.0
Q13131|O00443_GRSPTDCAQ|0.0
Q13131|O00443_DCAQSSKSV|0.0
Q13131|O00443_CAQSSKSVK|0.0
Q13131|O00443_KNFFYLIKW|0.011
Q13131|O00443_ILNQSSGSS|0.002
Q13131|O00443_LNQSSGSSP|0.0
Q13131|O00443_SSPDSNKQR|0.0
Q13131|O00443_WEKRYYCFK|0.0
Q13131|O00443_EKRYYCFKH|0.0
Q13131|O00443_ERVQSFFQK|0.509
Q13131|O00443_ILSFSPKTY|0.009
Q13131|O00443_DPNPYVKTY|0.0
Q13131|O00443_VYSGYSKET|0.002
Q13131|O00443_YSGYSKETL|0.0
Q13131|O00750__MSSTQGNG|0.444
Q13131|O00750_EHWKSLESV|0.811
Q13131|O00750_LQMEYDALS|0.472
Q13131|O00750_GVDFYSKPA|0.439
Q13131|O00750_VDFYSKPAG|0.437
Q13131|O00750_PQPGSDPWP|0.214
Q13131|O00750_LSGDYLYIF|0.542
Q13131|O00750_SIWDTPPLP|0.434
Q13131|O00750_PRKGSPSSS|0.672
Q13131|O00750_KGSPSSSKI|0.418
Q13131|O00750_RLLGSVDYD|0.98
Q13131|O00750_GSVDYDGIN|0.443
Q13131|O00750_YASRYGNRK|0.423
Q13131|O00750_NRRISAAPV|0.963
Q13131|O00750_KVVRSDLAR|0.685
Q13131|O00750_GWVTTPLFN|0.42
Q13131|O00750_EHGVTGSFK|0.591
Q13131|O00750_GVTGSFKDR|0.52
Q13131|O00750_HEATYIQRT|0.429
Q13131|O00750_KAMGTSPAP|0.54
Q13131|O00750_DPDPYVKIY|0.519
Q13131|O75747_SRELSWHQV|0.475
Q13131|O75747_VNFNSGKIW|0.0
Q13131|O75747_KIWSTTTAF|0.0
Q13131|O75747_LIRKYDFHL|0.0
Q13131|O75747_YLLKTQENV|0.002
Q13131|O75747_QENVYNIIE|0.0
Q13131|O75747_VNELSLILQ|0.0
Q13131|O75747_SQKQTPLLL|0.0
Q13131|O75747_LVLGSAPGW|0.0
Q13131|O75747_LVISYEDVK|0.256
Q13131|Q8NEB9_LKIGSLEGK|0.696
Q13131|Q8NEB9_TPGRTSSTL|0.024
Q13131|Q8NEB9_GRTSSTLSE|0.507
Q13131|Q8NEB9_SSTLSEDQM|0.383
Q13131|Q8NEB9_NLVESKHHK|0.002
Q13131|Q8NEB9_KLARSLRSG|0.6
Q13131|Q8NEB9_SYPPTKQLT|0.501
Q13131|Q8NEB9_WKFRYYLTN|0.02
Q13131|Q8NEB9_KFRYYLTNQ|0.441
Q13131|Q8NEB9_RYYLTNQEK|0.484
Q13131|Q8NEB9_TVRRYAVAR|0.508
Q13131|Q8NEB9_DLLMYLLQL|0.402
Q13131|Q8NEB9_LPSVSSPPP|0.0
Q13131|Q8NEB9_CKNSTLANY|0.429
Q13131|Q8NEB9_DGGKYPVIF|0.079
Q13131|Q8NEB9_RKQCYTAFL|0.0
Q13131|Q8NEB9_KFAQYWRK_|0.236
Q13131|P42336_CVLEYQGKY|0.303
Q13131|P42336_KESLYSQLP|0.0
Q13131|P42336_FTMPSYSRR|0.27
Q13131|P42336_SRRISTATP|0.0
Q13131|P42336_RRISTATPY|0.312
Q13131|P42336_ISTATPYMN|0.482
Q13131|P42336_TATPYMNGE|0.403
Q13131|P42336_WVINSALRI|0.442
Q13131|P42336_IDKIYVRTG|0.191
Q13131|P42336_RTGIYHGGE|0.495
Q13131|P42336_EAGFSYSHA|0.0
Q13131|P42336_AGFSYSHAG|0.0
Q13131|P42336_GFSYSHAGL|0.0
Q13131|P42336_VAQMYCLVK|0.0
Q13131|P42336_ACGMYLKHL|0.0
Q13131|P42336_LQFNSHTLH|0.556
Q13131|P42336_FNSHTLHQW|0.476
Q13131|P42336_PFVLTQDFL|0.231
Q13131|P42336_EALEYFMKQ|0.917
Q13131|P42336_WIFHTIKQH|0.0
Q13131|P42338_LKLVTRSCD|0.345
Q13131|P42338_LVTRSCDPG|0.0
Q13131|P42338_EVSPYDYVL|0.0
Q13131|P42338_SPYDYVLQV|0.001
Q13131|P42338_KTKKSTKTI|0.0
Q13131|P42338_TKKSTKTIN|0.383
Q13131|P42338_TINPSKYQT|0.0
Q13131|P42338_NPSKYQTIR|0.462
Q13131|P42338_SKYQTIRKA|0.364
Q13131|P42338_GKVHYPVAW|0.404
Q13131|P42338_KKQPYYYPP|0.002
Q13131|P42338_KQPYYYPPF|0.0
Q13131|P42338_QPYYYPPFD|0.0
Q13131|P42338_AEIASSDSA|0.0
Q13131|P42338_NKLKTLNSL|0.0
Q13131|P42338_KTLNSLIKL|0.41
Q13131|P42338_GNFKSKFGI|0.528
Q13131|P42338_PFILTYDFI|0.712
Q13131|P42338_FILTYDFIH|0.555
Q13131|O00329_RKKATVFRQ|0.008
Q13131|O00329_AKKPSSVSL|0.0
Q13131|O00329_PSSVSLWSL|0.0
Q13131|O00329_KKARSTKKK|0.0
Q13131|O00329_TKKKSKKAD|0.0
Q13131|O00329_PHPVYYPAL|0.0
Q13131|O00329_ERRGSGELY|0.697
Q13131|O00329_GEALSKLKA|0.321
Q13131|O00329_PFILTYDFV|0.0
Q13131|O00329_FILTYDFVH|0.031
Q13131|P48736_VIHRSTTSQ|0.004
Q13131|P48736_IHRSTTSQT|0.045
Q13131|P48736_HRSTTSQTI|0.288
Q13131|P48736_RSTTSQTIK|0.58
Q13131|P48736_TTSQTIKVS|0.438
Q13131|P48736_QSFFTKMAK|0.126
Q13131|P48736_IVAKTYQLL|0.294
Q13131|P48736_VWDQSALDV|0.146
Q13131|P48736_DVGLTMQLL|0.733
Q13131|P48736_DCNFSDENV|0.911
Q13131|P48736_QKLESLEDD|0.0
Q13131|P48736_LQKVTLDIK|0.0
Q13131|P48736_SAEKYDVSS|0.0
Q13131|P48736_RIMESIWET|0.217
Q13131|P48736_GNYKSFLGI|0.918
Q13131|P27986_YRALYDYKK|0.006
Q13131|P27986_ALGFSDGQE|0.0
Q13131|P27986_WLNGYNETT|0.0
Q13131|P27986_FPGTYVEYI|0.0
Q13131|P27986_TYVEYIGRK|0.01
Q13131|P27986_ISPPTPKPR|0.0
Q13131|P27986_GLECSTLYR|0.0
Q13131|P27986_LECSTLYRT|0.0
Q13131|P27986_TLYRTQSSS|0.722
Q13131|P27986_SEMISLAPE|0.0
Q13131|P27986_ARVLSEIFS|0.002
Q13131|P27986_SEIFSPMLF|0.0
Q13131|P27986_HGDYTLTLR|0.03
Q13131|P27986_VKLLYPVSK|0.0
Q13131|P27986_HEYNTQFQE|0.0
Q13131|P27986_KSREYDRLY|0.0
Q13131|P27986_LYEEYTRTS|0.021
Q13131|P27986_YEEYTRTSQ|0.628
Q13131|P27986_AFNETIKIF|0.0
Q13131|P27986_TQERYSKEY|0.0
Q13131|P27986_IMHNYDKLK|0.0
Q13131|P27986_QLRKTRDQY|0.872
Q13131|P27986_GNENTEDQY|0.59
Q13131|P27986_KQGCYACSV|0.0
Q13131|P27986_TATGYGFAE|0.0
Q13131|O00459_VLVVSRAAL|0.658
Q13131|O00459_FPGTYVEFL|0.458
Q13131|O00459_PEQFSPPDV|0.0
Q13131|O00459_TRLLYPVSK|0.0
Q13131|O00459_QLKVYHQQY|0.0
Q13131|O00459_YHQQYQDKS|0.0
Q13131|O00459_YQDKSREYD|0.155
Q13131|O00459_KRMNSLKPD|0.0
Q13131|O00459_IRDQYLVWL|0.585
Q13131|O00459_LVWLTQKGA|0.521
Q13131|O00459_IKNETEDQY|0.304
Q13131|O00459_KRDGTFLIR|0.548
Q13131|O00459_HCVIYRTAT|0.0
Q13131|O00459_NLYGSLKEL|0.162
Q13131|Q92569_PVSRYQQDQ|0.0
Q13131|Q92569_KLQEYHSQY|0.808
Q13131|Q92569_QEYHSQYQE|0.0
Q13131|Q92569_YHSQYQEKS|0.407
Q13131|Q92569_KSKEYDRLY|0.0
Q13131|Q92569_YDRLYEEYT|0.648
Q13131|Q92569_LYEEYTRTS|0.17
Q13131|Q92569_YEEYTRTSQ|0.698
Q13131|Q92569_AFNETIKIF|0.0
Q13131|Q92569_IMMNYDKLK|0.448
Q13131|Q92569_EIHDSKMRL|0.0
Q13131|Q92569_EDLLYGKPD|0.0
Q13131|Q92569_HCVIYSTAR|0.29
Q13131|Q99570_IQDPTLPLT|0.39
Q13131|Q99570_YDRISTRPF|0.415
Q13131|Q99570_DRISTRPFL|0.802
Q13131|Q99570_TDFASFKPT|0.473
Q13131|Q99570_RDPSTPLVD|0.502
Q13131|Q99570_ETFLSADER|0.444
Q13131|Q99570_VGFITVVAR|0.052
Q13131|Q99570_KDITSLFRH|0.824
Q13131|Q99570_SQGMTEEEE|0.739
Q13131|Q99570_EEWKSMFGS|0.549
Q13131|Q99570_KPPRSESSA|0.167
Q13131|Q99570_TTCKTELQQ|0.518
Q13131|Q99570_GIEASKLPK|0.438
Q13131|Q99570_KLPKSPKIH|0.135
Q13131|Q99570_WDLAYPERS|0.358
Q13131|Q8WYR1_HRFLTWPVP|0.312
Q13131|Q8WYR1_VPYCSICQE|0.0
Q13131|Q8WYR1_KLFKSTSQL|0.008
Q13131|Q8WYR1_FKSTSQLVL|0.0
Q13131|Q8WYR1_LRRDSRSLE|0.578
Q13131|Q8WYR1_LEGSSDTAL|0.0
Q13131|Q8WYR1_DEPVSPPSR|0.367
Q13131|Q5UE93_LRELSTQAP|0.0
Q13131|Q5UE93_MWRWSLHKK|0.871
Q13131|Q5UE93_IRLKTEMAV|0.422
Q13131|Q5UE93_LEEIYCSLL|0.0
Q13131|Q5UE93_PAPGSPEME|0.314
Q13131|Q5UE93_TGRPSGDGE|0.288
Q13131|Q5UE93_RKRETQKFC|0.004
Q13131|Q5UE93_DTSRTVDPF|0.0
Q13131|Q5UE93_EVTVSLRAT|0.008
Q13131|Q5UE93_SLRATGLIL|0.006
Q13131|Q5UE93_PASDTEVSG|0.0
Q13131|Q5UE93_FSTVTNTFR|0.0
Q13131|P42356_AFGRYSNME|0.0
Q13131|P42356_NMEESLLSK|0.0
Q13131|P42356_NDFRSILPS|0.0
Q13131|P42356_SILPSNLLT|0.0
Q13131|P42356_CQEGTLKRK|0.586
Q13131|P42356_LKRKTSSVS|0.896
Q13131|P42356_TSSVSSISQ|0.594
Q13131|P42356_VVVHSVTPS|0.0
Q13131|P42356_VHSVTPSLR|0.0
Q13131|P42356_SVTPSLRDF|0.0
Q13131|P42356_KLYKYHSQY|0.022
Q13131|P42356_YKYHSQYHT|0.0
Q13131|P42356_YHSQYHTVA|0.0
Q13131|P42356_SQYHTVAGN|0.0
Q13131|P42356_HSESTLNVM|0.0
Q13131|P42356_SSVVYSATK|0.645
Q13131|P42356_VYSATKDYK|0.0
Q13131|P42356_KASSSAGNL|0.005
Q13131|P42356_SVLQYNSAM|0.559
Q13131|P42356_YRLEYMRVL|0.56
Q13131|P42356_RVLRSTDPD|0.003
Q13131|P42356_VLRSTDPDR|0.004
Q13131|P42356_VMFCYFEDK|0.0
Q13131|P42356_KDQPYYDIP|0.0
Q13131|P42356_DQPYYDIPD|0.0
Q13131|P42356_TLGLSLLHA|0.0
Q13131|P42356_VPNATIRNV|0.0
Q13131|P42356_YLTASQLVP|0.0
Q13131|P42356_DNQDTRSNL|0.225
Q13131|P42356_ITVGSRQQA|0.793
Q13131|P42356_GWINTYPLS|0.0
Q13131|P42356_TNRGSQLHK|0.689
Q13131|P42356_PGAVSDVPE|0.0
Q13131|P42356_QALRYDKMG|0.202
Q13131|P42356_YVREYILWA|0.0
Q13131|P42356_LWAASKSQL|0.0
Q13131|P42356_LDIDYKSGT|0.0
Q13131|P42356_AKAPYLAKF|0.0
Q13131|P42356_CRSDSEDEC|0.69
Q13131|P42356_FVFPYRVVA|0.0
Q13131|P42356_LSNRSRTYD|0.0
Q13131|P42356_NRSRTYDMI|0.0
Q13131|P42356_RSRTYDMIQ|0.005
Q13131|Q9UBF8_MAISYLYNS|0.426
Q13131|Q9UBF8_DVDFYLPQL|0.0
Q13131|Q9UBF8_LLNMYIHMD|0.027
Q13131|Q9UBF8_RCRQSINFS|0.0
Q13131|Q9UBF8_SINFSLQCA|0.0
Q13131|Q9UBF8_RELPSLSPA|0.083
Q13131|Q9UBF8_GLSPSKRTH|0.534
Q13131|Q9UBF8_KSDATASIS|0.616
Q13131|Q9UBF8_SISLSSNLK|0.0
Q13131|Q9UBF8_KRLATLPTK|0.172
Q13131|Q9UBF8_KEQKTQRLI|0.001
Q13131|Q9UBF8_NRIRSTRSV|0.536
Q13131|Q9UBF8_RIRSTRSVE|0.741
Q13131|Q9UBF8_TTKLYDGFQ|0.085
Q13131|Q9UBF8_DGFQYLTNG|0.0
Q13131|Q9UBF8-2_NLKRTASNP|0.0
Q13131|Q9UBF8-2_ECGITHEQR|0.0
Q13131|Q9UBF8-2_RRRLSEQLA|0.0
Q13131|Q9UBF8-2_AHTPTAFKR|0.0
Q13131|Q9Y2I7___MATDDKT|0.0
Q13131|Q9Y2I7_DLPRSPTSP|0.283
Q13131|Q9Y2I7_PRSPTSPSH|0.949
Q13131|Q9Y2I7_PPFKSAYSS|0.0
Q13131|Q9Y2I7_LPSRTQSVR|0.162
Q13131|Q9Y2I7_VRSPTPYKK|0.0
Q13131|Q9Y2I7_SPTPYKKQL|0.254
Q13131|Q9Y2I7_LQRRSSALD|0.0
Q13131|Q9Y2I7_QRRSSALDT|0.919
Q13131|Q9Y2I7_SALDTRRKA|0.372
Q13131|Q9Y2I7_LRSLSTVLK|0.791
Q13131|Q9Y2I7_RSLSTVLKR|0.832
Q13131|Q9Y2I7_DLKQYWMPD|0.297
Q13131|Q9Y2I7_EKFTTFRRR|0.0
Q13131|Q9Y2I7_SEPRTPVGS|0.207
Q13131|Q9Y2I7_SRKASRNIF|0.964
Q13131|Q9Y2I7_LAWQSLIHP|0.022
Q13131|Q9Y2I7_TRLVSVQED|0.282
Q13131|Q9Y2I7_ARNRSASIT|0.976
Q13131|Q9Y2I7_SASITNLSL|0.919
Q13131|Q9Y2I7_ITNLSLDRS|0.664
Q13131|Q9Y2I7_SLDRSGSPM|0.583
Q13131|Q9Y2I7_MVPSYETSV|0.004
Q13131|Q9Y2I7_PSYETSVSP|0.46
Q13131|Q9Y2I7_SYETSVSPQ|0.006
Q13131|Q9Y2I7_QANRTYVRT|0.034
Q13131|Q9Y2I7_TYVRTETTE|0.004
Q13131|Q9Y2I7_VRTETTEDE|0.0
Q13131|Q9Y2I7_RTETTEDER|0.0
Q13131|Q9Y2I7_ICHHSSGME|0.085
Q13131|Q9Y2I7_CHHSSGMEF|0.0
Q13131|Q9Y2I7_SETPSPDSD|0.0
Q13131|Q9Y2I7_PSPDSDSVN|0.0
Q13131|Q9Y2I7_PDSDSVNSV|0.111
Q13131|Q9Y2I7_DSVNSVEGH|0.095
Q13131|Q9Y2I7_ANSASPSKR|0.528
Q13131|Q9Y2I7_ELPFTPLGW|0.0
Q13131|Q9Y2I7_LRGGSDYEL|0.603
Q13131|Q9Y2I7_MQNPSFHSL|0.014
Q13131|Q9Y2I7_LRDLSGLQG|0.692
Q13131|Q9Y2I7_IQAKSIQVL|0.021
Q13131|Q9Y2I7_QPKNSDPFA|0.671
Q13131|Q9Y2I7_SKDASSTSS|0.0
Q13131|Q9Y2I7_KELDSPVPG|0.0
Q13131|Q9Y2I7_HTILTYSWC|0.06
Q13131|Q9Y2I7_YGHQYTRRA|0.522
Q13131|Q9Y2I7_ASLKTDTFS|0.0
Q13131|Q9Y2I7_TDTFSKTRE|0.116
Q13131|Q9Y2I7_ARLMSSSVD|0.0
Q13131|Q9Y2I7_RLMSSSVDT|0.482
Q13131|Q9Y2I7_SSVDTPQQL|0.0
Q13131|Q9Y2I7_SVFESLIAK|0.716
Q13131|Q9Y2I7_AKKQSLCEV|0.587
Q13131|Q9Y2I7_SVPPSPGRL|0.273
Q13131|Q9Y2I7_TKKASGMLS|0.015
Q13131|Q9Y2I7_QKRETLRGA|0.0
Q13131|Q9Y2I7_RGADSAYYQ|0.077
Q13131|Q9Y2I7_DSAYYQVGQ|0.0
Q13131|Q9Y2I7_GRDDTSNEL|0.005
Q13131|Q9Y2I7_GIIDYIRTF|0.215
Q13131|Q9Y2I7_PTVVSPELY|0.004
Q13131|Q9Y2I7-2_QRRSSALGD|0.0
Q13131|Q9UKJ1_QSFYSTRPP|0.0
Q13131|Q9UKJ1_SFYSTRPPS|0.0
Q13131|Q9UKJ1_TRPPSIHKD|0.0
Q13131|Q9UKJ1_SIEGTKLSI|0.0
Q13131|Q9UKJ1_EGQNTDPKL|0.0
Q13131|Q9UKJ1_DGIVYASLA|0.0
Q13131|Q9UKJ1_IVYASLALS|0.0
Q13131|Q9UKJ1_NETLYSVLK|0.0
Q13131|Q9UKJ0_QSFYSTRPP|0.0
Q13131|Q9UKJ0_SFYSTRPPS|0.0
Q13131|Q9UKJ0_TRPPSIHKD|0.0
Q13131|Q9UKJ0_GTKLTITQA|0.0
Q13131|Q9UKJ0_AVTTTTTWR|0.0
Q13131|Q9UKJ0_VTTTTTWRP|0.001
Q13131|P11309_PLLGSGGFG|0.0
Q13131|Q9P1W9___MLTKPLQ|0.001
Q13131|Q9P1W9_APPGTPTPP|0.0
Q13131|Q9P1W9_FEAEYRLGP|0.001
Q13131|Q86V86_SKFGSLAHL|0.934
Q13131|Q86V86_KERVTEWGS|0.004
Q13131|Q86V86_TEWGSLGGA|0.413
Q13131|Q86V86_LGGATVPLE|0.186
Q13131|Q86V86_IDFGSGALL|0.191
Q13131|Q96RS0_DRKLYNLGL|0.5
Q13131|Q96RS0_YIRDSGNNS|0.004
Q13131|Q96RS0_EEGGYSCGT|0.003
Q13131|Q96RS0_YSCGTAESH|0.433
Q13131|Q96RS0_SKKDTETEN|0.349
Q13131|Q96RS0_KDTETENPP|0.006
Q13131|Q96RS0_KWEKYWNEY|0.432
Q13131|Q96RS0_VDLVSFPSS|0.63
Q13131|Q96RS0_VSFPSSPIM|0.784
Q13131|Q96RS0_VDNDSSGTS|0.003
Q13131|Q96RS0_DKDHSEILD|0.741
Q13131|Q96RS0_PAEDSQKSS|0.008
Q13131|Q96RS0_DDSGSLLGF|0.646
Q13131|Q96RS0_LKSKYLDMR|0.458
Q13131|Q96RS0_RQAETEAEV|0.437
Q13131|Q13526_SGRVYYFNH|0.534
Q13131|Q13526_WERPSGNSS|0.317
Q13131|Q13526_RVRCSHLLV|0.591
Q13131|Q13526_RRPSSWRQE|0.374
Q13131|Q13526_EDFESLASQ|0.657
Q13131|Q9Y237_TKFGYHIIM|0.012
Q13131|Q9Y237-2_LERFSVQQQ|0.0
Q13131|Q9Y237-2_QQQASKMPP|0.0
Q13131|A6NC86_MKTCSSDKD|0.0
Q13131|A6NC86_GCIRSQDCY|0.0
Q13131|A6NC86_SGVISTTMG|0.012
Q13131|Q96BK5_NRVHYMKFT|0.055
Q13131|Q96BK5_DASPSTPEE|0.572
Q13131|Q96BK5_ENETTTTSA|0.0
Q13131|Q96BK5_TTTTSAFTI|0.0
Q13131|Q96BK5_DVESYLQPK|0.189
Q13131|Q96BK5_GRDFTLKPK|0.462
Q13131|P12273_GAFNYKYTA|0.0
Q13131|P12273_NRFYTIEIL|0.0
Q13131|Q8WWN9_PRRKTQGFL|0.483
Q13131|Q8WWN9_QGFLTMSRR|0.065
Q13131|Q8WWN9_FLTMSRRRI|0.254
Q13131|Q8WWN9_GSSLYWYSN|0.0
Q13131|Q8WWN9_KTPSSFPSS|0.001
Q13131|Q8WWN9_ETKVSEDDE|0.0
Q13131|Q8WWN9_MEKLYKSLE|0.0
Q13131|Q8WWN9_QASLSPLGD|0.0
Q13131|Q8WWN9_DRRPSTKKE|0.0
Q13131|Q8WWN9_RRPSTKKEL|0.0
Q13131|Q8WWN9_ELRKSFVKR|0.631
Q13131|Q8WWN9_KVMNTLLIQ|0.891
Q13131|Q8WWN9_IQDIYQQQR|0.394
Q13131|Q8WWN9_ELKKSPSSP|0.0
Q13131|P48426_NLGSSVLAS|0.661
Q13131|P48426_VYRKYDLKG|0.512
Q13131|P48426_DLKGSTVAR|0.82
Q13131|P48426_LKGSTVARE|0.0
Q13131|P48426_GQKIYIDDN|0.004
Q13131|P78356_SVTRSAPIN|0.584
Q13131|P78356_INSDSQGRC|0.249
Q13131|P78356_ILKKYHQFI|0.0
Q13131|P78356_GVETYMVVT|0.0
Q13131|P78356_VHRKYDLKG|0.811
Q13131|P78356_DLKGSTVAR|0.817
Q13131|P78356_LKGSTVARE|0.0
Q13131|P78356_VGEESKKNF|0.002
Q13131|P78356_GNLLSFPRF|0.229
Q13131|P78356_KKEVYFMAI|0.0
Q13131|Q8TBX8_DDQDYLVSL|0.009
Q13131|Q8TBX8_QKEVYFMGL|0.0
Q13131|Q8TBX8_LDFITNIFA|0.179
Q13131|Q99755_ARQDSYISL|0.0
Q13131|Q99755_SLVPYASGM|0.0
Q13131|Q99755_IGHRSVDSS|0.0
Q13131|Q99755_RSVDSSGET|0.0
Q13131|Q99755_GETTYKKTT|0.0
Q13131|Q99755_RFKTYAPVA|0.0
Q13131|Q99755_QNPRTLLPK|0.261
Q13131|Q99755_LSSETQYSV|0.0
Q13131|Q99755_SETQYSVDT|0.0
Q13131|Q99755_QKALYSTAM|0.0
Q13131|Q99755_TAMESIQGE|0.0
Q13131|Q99755_PLKPSPSKK|0.0
Q13131|Q99755_KPSPSKKFR|0.566
Q13131|Q99755_RSGSSFSRR|0.004
Q13131|Q99755_RRAGSSGNS|0.637
Q13131|Q99755_RAGSSGNSC|0.204
Q13131|Q99755_SSGNSCITY|0.47
Q13131|Q99755_NSCITYQPS|0.0
Q13131|Q99755_SCITYQPSV|0.0
Q13131|Q99755_QPSVSGEHK|0.0
Q13131|Q99755_VLPQTPPLE|0.0
Q13131|Q99755_LEEISEGSP|0.0
Q13131|Q99755_DPSFSPLVG|0.0
Q13131|Q99755_LVGETLQML|0.0
Q13131|Q99755_ESEFTH___|0.0
Q13131|Q99755-2_RPMASEVPY|0.0
Q13131|Q99755-2_SEVPYASGM|0.0
Q13131|Q99755-2_VPYASGMPI|0.0
Q13131|Q99755-2_RFKTYAPVA|0.0
Q13131|Q99755-2_SETQYSVDT|0.0
Q13131|Q99755-3_RPMASEVPY|0.0
Q13131|Q99755-3_SEVPYASGM|0.0
Q13131|Q99755-4_RPMASEVPY|0.0
Q13131|Q99755-4_SEVPYASGM|0.0
Q13131|Q99755-4_VPYASGMPI|0.0
Q13131|Q99755-4_KLEHSWKAL|0.0
Q13131|O14986____MSSAAE|0.584
Q13131|O14986___MSSAAEN|0.0
Q13131|O14986_QNPRTLLPK|0.38
Q13131|O14986_ALKASPSKK|0.462
Q13131|O14986_LKATSQEIV|0.0
Q13131|O14986_TEGQSFSSL|0.005
Q13131|O14986_QSFSSLDEE|0.241
Q13131|O60331_DEAESAEAG|0.105
Q13131|O60331_TEVLSMTAQ|0.438
Q13131|O60331_VLSMTAQPG|0.006
Q13131|O60331_RFKTYAPVA|0.0
Q13131|O60331_QNPRTLLPK|0.435
Q13131|O60331_YCVQSGGKN|0.418
Q13131|O60331_GAQSTSDEK|0.0
Q13131|O60331_DILQSYRFI|0.007
Q13131|O60331_ILQSYRFIK|0.0
Q13131|O60331_TAAFSASQI|0.733
Q13131|O60331_EEAQYDLRG|0.0
Q13131|O60331_RGARSYPTL|0.004
Q13131|O60331_ERSPSETSE|0.557
Q13131|O60331_SPSETSEQP|0.003
Q13131|O60331_PSETSEQPR|0.49
Q13131|O60331_RTQSSGQDG|0.062
Q13131|O60331_ATDIYFPTD|0.0
Q13131|O60331_APPASDGES|0.546
Q13131|Q5T9C9_RHPHSLLAR|0.023
Q13131|Q5T9C9_VDLATVYGL|0.0
Q13131|Q5T9C9_LATVYGLRK|0.354
Q13131|Q9P0Z9_QANLSRQRV|0.016
Q13131|Q9P0Z9_PFRISRFPS|0.0
Q13131|A2A3N6___MASEVPY|0.0
Q13131|A2A3N6_PLKPSPSKK|0.0
Q13131|A2A3N6_KPSPSKKLR|0.0
Q13131|O00625_SREQSEGVG|0.423
Q13131|O00625_VEPQYQELK|0.0
Q13131|O00625_LGIKSKVYT|0.468
Q13131|O00625_GAKHSQPIP|0.448
Q13131|P0C851_VDEKSPEAK|0.0
Q13131|P0C851_RSLKSFFLT|0.0
Q13131|Q9UG56_LHTNSPRHS|0.109
Q13131|Q9UG56_HSKGSYNDF|0.023
Q13131|Q9HD26____MSAGGP|0.689
Q13131|Q9HD26_HKAQSVSQI|0.975
Q13131|Q9HD26_KAKLSGPSV|0.0
Q13131|Q9HD26_HDQDSLKKS|0.754
Q13131|Q9HD26_SLKKSQGVG|0.844
Q13131|Q9HD26_GLGISITGG|0.0
Q13131|Q9HD26_FEVVYVAPE|0.0
Q13131|Q9HD26_PEVDSDDEN|0.087
Q13131|Q9HD26_ENVEYEDES|0.001
Q13131|Q9HD26_NPGASCKDT|0.526
Q13131|Q9HD26_SCKDTSGEI|0.0
Q13131|Q9HD26_CKDTSGEIK|0.03
Q13131|Q9HD26_TASETPLDD|0.471
Q13131|Q9HD26_DDLHTLYHK|0.141
Q13131|Q9HD26_YHKKSY___|0.522
Q13131|Q9HD26-2_ADSGTIKAK|0.0
Q13131|Q9GZP4____MSHGHS|0.431
Q13131|Q9GZP4_SHGHSHGGG|0.388
Q13131|Q9GZP4_FSNVYHLSI|0.463
Q13131|Q9GZP4_TKVFYIGLR|0.182
Q13131|Q9GZP4_NYEASANPA|0.0
Q13131|Q9GZP4_THFIS____|0.76
Q13131|Q00169_KGQYTHKIY|0.337
Q13131|Q00169_NAYPYCRTV|0.0
Q13131|Q00169_VEAVYIDIA|0.0
Q13131|P48739_SVQEYQVGQ|0.001
Q13131|P48739_NAYPYCRTI|0.0
Q13131|P48739_PYCRTIVTN|0.073
Q13131|P48739_EPADYKADE|0.0
Q13131|P48739_ELANSPDCP|0.0
Q13131|P48739_MEDETQKEL|0.0
Q13131|Q9UKF7_DNKGSNDTI|0.703
Q13131|Q9UKF7_SSVRSAPSS|0.0
Q13131|Q9UKF7_SSAPSTPLS|0.0
Q13131|Q9UKF7_SAPSTPLST|0.0
Q13131|Q9UKF7_STPLSTDAP|0.0
Q13131|Q9UKF7_SAPETLTLP|0.0
Q13131|Q9UKF7_PETLTLPDP|0.0
Q13131|Q9UKF7-2_NQHSSPVDD|0.0
Q13131|O00562_GPDASPDAS|0.0
Q13131|O00562_GGAVSPQSL|0.0
Q13131|O00562_TKWNSNDFI|0.67
Q13131|O00562_SLSRSQDHI|0.0
Q13131|O00562_SSSRYQGAV|0.001
Q13131|O00562_PRRASTAFC|0.04
Q13131|O00562_PQVLSGRFM|0.0
Q13131|O00562_VARGTEAVV|0.0
Q13131|O00562_LRKQSQLLR|0.75
Q13131|O00562_SRGPSQAER|0.0
Q13131|O00562_GKARSISLK|0.0
Q13131|O00562_LKLDSEE__|0.001
Q13131|Q9BZ72_PLPMTVEEY|0.0
Q13131|Q9BZ72_TVEEYRIAQ|0.0
Q13131|Q9BZ72_IAQLYMIQK|0.016
Q13131|Q9BZ72_NEYKTEEDP|0.0
Q13131|Q9BZ72_IMCAYKLCK|0.006
Q13131|Q9BZ72_QLMLSRKMA|0.0
Q13131|Q9BZ72_KRGASPSRH|0.009
Q13131|Q9BZ72_GASPSRHSI|0.563
Q13131|Q9BZ72_PSRHSISEW|0.028
Q13131|Q9BZ72_HEDLSDTEE|0.0
Q13131|Q9BZ72_DLSDTEEMF|0.0
Q13131|Q9BZ72_PKDITKWSS|0.0
Q13131|Q9BZ72_ITKWSSNDL|0.007
Q13131|Q9BZ72_TKWSSNDLM|0.822
Q13131|Q9BZ72_DKIESPEPE|0.0
Q13131|Q9BZ72_SRHLSRSNV|0.767
Q13131|Q9BZ72_PRKRSDSST|0.86
Q13131|Q9BZ72_KRSDSSTYE|0.0
Q13131|Q9BZ72_RHSSSSTML|0.937
Q13131|Q9BZ72_SVPRYQRYP|0.0
Q13131|Q9BZ72_GAPSSPGTA|0.0
Q13131|Q9BZ72_FRRASEISI|0.091
Q13131|Q9BZ72_SHTPSVRRL|0.92
Q13131|Q9BZ72_VRRLSLLAL|0.978
Q13131|Q9BZ72_LPAPSPTTP|0.0
Q13131|Q9BZ72_ARKASPGLE|0.297
Q13131|Q9BZ72_YLIIYVTGR|0.011
Q13131|Q9BZ72_DVAVYSAIS|0.004
Q13131|Q9BZ72_LRTISAQPS|0.553
Q13131|Q9BZ72_GRAMTGRLE|0.0
Q13131|Q9BZ71_QRELYRVSL|0.879
Q13131|Q9BZ71_LYRVSLRRQ|0.452
Q13131|Q9BZ71_PAQGSIEIH|0.773
Q13131|Q9BZ71_CPQRSCKTH|0.486
Q13131|Q9BZ71_SRKGSISST|0.822
Q13131|Q9BZ71_QSDSSTYDC|0.361
Q13131|Q9BZ71_SSRDSPPLL|0.519
Q13131|Q9BZ71_DAPASPPQA|0.342
Q13131|Q9BZ71_GRRMSEGSS|0.003
Q13131|Q9BZ71_HSESSESSD|0.001
Q13131|Q9BZ71_HLRRTMSVQ|0.776
Q13131|Q5JRX3_RALQYKLGD|0.0
Q13131|Q5JRX3_IHGFTVNQV|0.56
Q13131|Q5JRX3_VNQVTSVPE|0.218
Q13131|Q5JRX3_NQVTSVPEL|0.0
Q13131|Q5JRX3_SDPQTPLVF|0.009
Q13131|Q5JRX3_HATHYHPSN|0.144
Q13131|Q5JRX3_TREAYFSVG|0.379
Q13131|Q5JRX3_VEALSPGDR|0.685
Q13131|Q5JRX3_GIPDSGHLY|0.0
Q13131|Q5JRX3_SGHLYASIR|0.418
Q13131|Q5JRX3_HLYASIRAG|0.486
Q13131|Q5JRX3_GRTLTPAGD|0.255
Q13131|Q5JRX3_RYLGTGKST|0.0
Q13131|P78337_GPEDSGAGG|0.619
Q13131|P78337_CKGGYVPQF|0.021
Q13131|P78337_YEDVYAAGY|0.42
Q13131|P78337_YAAGYSYNN|0.0
Q13131|P78337_SSLASLRLK|0.453
Q13131|Q99697_EFTDSPESR|0.498
Q13131|Q99697_SSLASLRLK|0.527
Q13131|Q96J94_SKTGSSGII|0.035
Q13131|Q96J94_HFRLTSRPQ|0.464
Q13131|Q96J94_FRLTSRPQW|0.476
Q13131|Q96J94_KADGSEVSF|0.505
Q13131|Q96J94_AGRRSIAGF|0.417
Q13131|Q96J94_GFVASINEG|0.352
Q13131|Q96J94_NPRLTVIVV|0.493
Q13131|Q8TC59_RKTDSAEIS|0.0
Q13131|Q8TC59_SAEISIKIQ|0.0
Q13131|Q8TC59_KIQMTKILE|0.0
Q13131|Q8TC59_LEPCSDLCI|0.037
Q13131|Q8TC59_GMRMSPPAW|0.542
Q13131|Q8TC59_DRIETYVRT|0.0
Q13131|Q8TC59_RIETYVRTI|0.0
Q13131|Q8TC59_LTKWYSRVV|0.0
Q13131|Q7Z3Z3_GFVASTNAE|0.0
Q13131|Q7Z3Z3_AKKMSTYLK|0.0
Q13131|Q7Z3Z4_ARSPSATEV|0.176
Q13131|Q7Z3Z4_KYGISSGDA|0.294
Q13131|Q7Z3Z4_YGISSGDAG|0.0
Q13131|Q7Z3Z4_FMDLSICTR|0.591
Q13131|Q7Z3Z4_KTGSSGIPV|0.003
Q13131|Q7Z3Z4_ISVSYFERK|0.021
Q13131|Q7Z3Z4_TYVDYYKQQ|0.012
Q13131|Q7Z3Z4_YVDYYKQQY|0.341
Q13131|Q7Z3Z4_PMLVSLLKK|0.006
Q13131|Q8NG27_TTKRSRSPF|0.524
Q13131|Q8NG27_TTRRSWDDS|0.0
Q13131|Q8NG27_ESSGTNLNI|0.273
Q13131|Q8NG27_GADDSEEEG|0.56
Q13131|Q8NG27_GRGESSSGY|0.614
Q13131|Q8NG27_RGESSSGYP|0.0
Q13131|Q8NG27_GESSSGYPE|0.0
Q13131|Q8NG27_SSSGYPEPK|0.0
Q13131|Q8NG27_RRRRTMADP|0.0
Q13131|Q8NG27_FWTHSDDYY|0.0
Q13131|Q8NG27_DYYKYCDED|0.0
Q13131|Q8NG27_CDEDSDSDK|0.002
Q13131|Q8NG27_EDSDSDKEW|0.469
Q13131|Q8NG27_EQTLSSSGE|0.0
Q13131|Q8NG27_QTLSSSGES|0.0
Q13131|Q8NG27_TLSSSGESW|0.0
Q13131|Q8NG27_SSGESWETL|0.0
Q13131|Q8NG27_NGSNYLEEV|0.0
Q13131|Q8NG27_VREPSLQEE|0.0
Q13131|Q8NG27_AHLESLAVD|0.0
Q13131|O43164____MSQYTE|0.005
Q13131|O43164_PAGGYQTIT|0.0
Q13131|O43164_GGYQTITGR|0.0
Q13131|O43164_RRHAYVSFK|0.759
Q13131|O43164_HAYVSFKPC|0.0
Q13131|O43164_AGDDYEVLE|0.65
Q13131|O43164_PKENSSGSS|0.0
Q13131|O43164_SSGSSPLDQ|0.0
Q13131|O43164_DTLGSSTNL|0.0
Q13131|O43164_VHTDSYDPD|0.0
Q13131|O43164_HTDSYDPDG|0.054
Q13131|O43164_EGSRYQESL|0.391
Q13131|O43164_EAEAYTGLS|0.0
Q13131|O43164_AEAYTGLSP|0.001
Q13131|O43164_YTGLSPPVP|0.062
Q13131|O43164_QTEHSPEDA|0.001
Q13131|O43164_KNHGSSPEQ|0.982
Q13131|O43164_KLISSSQVD|0.838
Q13131|O43164_KCEEYDGEH|0.0
Q13131|O43164_NQMTSESGA|0.0
Q13131|O43164_EKDQSSSDE|0.399
Q13131|O43164_KDQSSSDES|0.161
Q13131|O43164_DQSSSDESW|0.821
Q13131|O43164_SSDESWETL|0.477
Q13131|O43164_ESWETLPGK|0.017
Q13131|O43164_AHLESLAVD|0.0
Q13131|P17612_KTLGTGSFG|0.818
Q13131|P17612_QIEHTLNEK|0.44
Q13131|P17612_GTPEYLAPE|0.099
Q13131|P17612_SHFSSDLKD|0.154
Q13131|P22694_GNAATAKKG|0.456
Q13131|P22694_AKKGSEVES|0.0
Q13131|P22694_SEVESVKEF|0.001
Q13131|P22694_ERKKTLGTG|0.791
Q13131|P22694_KTLGTGSFG|0.756
Q13131|P22694_LGTGSFGRV|0.608
Q13131|P22694_ATEQYYAMK|0.159
Q13131|P22694_TEQYYAMKI|0.004
Q13131|P22694_QIEHTLNEK|0.496
Q13131|P22694_LTFEYLHSL|0.585
Q13131|P22694_LDLIYRDLK|0.402
Q13131|P22694_DHQGYIQVT|0.528
Q13131|P22694_YIQVTDFGF|0.005
Q13131|P22694_TLCGTPEYL|0.633
Q13131|P22694_GTPEYLAPE|0.294
Q13131|P22694_VRFPSHFSS|0.01
Q13131|P22694_SHFSSDLKD|0.495
Q13131|P22694_KFRGSGDTS|0.577
Q13131|P22694_GSGDTSNFD|0.152
Q13131|P22694_SGDTSNFDD|0.347
Q13131|P22694_NFDDYEEED|0.001
Q13131|P22694_RVSITEKCA|0.768
Q13131|P22612_NSYLYLVME|0.388
Q13131|P22612_LVMEYVPGG|0.437
Q13131|P22612_TLCGTPEYL|0.671
Q13131|P22612_GTPEYLAPE|0.446
Q13131|P10644_MESGSTAAS|0.721
Q13131|P10644_EEARSLREC|0.0
Q13131|P10644_IPKDYKTMA|0.0
Q13131|P10644_LALIYGTPR|0.003
Q13131|P10644_ILMGSTLRK|0.944
Q13131|P10644_KRKMYEEFL|0.0
Q13131|P10644_EEFLSKVSI|0.051
Q13131|P10644_GPSDYFGEI|0.002
Q13131|P10644_PRAATVVAR|0.0
Q13131|P10644_NIQQYNSFV|0.584
Q13131|P10644_QQYNSFVSL|0.754
Q13131|P10644_FVSLSV___|0.453
Q13131|P31321_PACPSEEDE|0.56
Q13131|P31321_EEDESLKGC|0.086
Q13131|P31321_QKSNSQSDS|0.747
Q13131|P31321_EVSPTPPNP|0.435
Q13131|P31321_LALIYGTPR|0.0
Q13131|P31321_LIYGTPRAA|0.409
Q13131|P31321_ILMGSTLRK|0.824
Q13131|P31321_LMGSTLRKR|0.731
Q13131|P31321_KRKMYEEFL|0.0
Q13131|P31321_EEFLSKVSI|0.005
Q13131|P31321_PNEEYVEVG|0.003
Q13131|P31321_PRAATVVAR|0.0
Q13131|P13861_VPVPSRFNR|0.66
Q13131|P13861_EEEDTDPRV|0.0
Q13131|P13861_GDNFYVIER|0.005
Q13131|P13861_NQTRSVGQY|0.491
Q13131|P13861_SVGQYDNRG|0.561
Q13131|P13861_KMFESFIES|0.522
Q13131|P13861_SLEVSERMK|0.615
Q13131|P13861_ERIITQGEK|0.165
Q13131|P13861_LALVTNKPR|0.362
Q13131|P13861_KRNISHYEE|0.808
Q13131|P13861_NISHYEEQL|0.485
Q13131|P13861_MFGSSVDLG|0.776
Q13131|P13861-2_ERIITQTKS|0.0
Q13131|P31323_GGTPSKGVN|0.0
Q13131|P31323_CAEAYNPDE|0.0
Q13131|P31323_LALVTNKPR|0.218
Q13131|P31323_IVEPTA___|0.0
Q13131|P17252_DSTASQDVA|0.909
Q13131|P17252_FKQPTFCSH|0.948
Q13131|P17252_PTFCSHCTD|0.068
Q13131|P17252_KLHVTVRDA|0.787
Q13131|P17252_QKTKTIRST|0.983
Q13131|P17252_KLKPSDKDR|0.779
Q13131|P17252_DRRLSVEIW|0.96
Q13131|P17252_EEGEYYNVP|0.0
Q13131|P17252_EGEYYNVPI|0.61
Q13131|P17252_VISPSEDRK|0.41
Q13131|P17252_RVKLTDFNF|0.506
Q13131|P17252_LGKGSFGKV|0.907
Q13131|P17252_DRKGTEELY|0.671
Q13131|P17252_TEELYAIKI|0.402
Q13131|P17252_GTPDYIAPE|0.606
Q13131|P17252_EIIAYQPYG|0.456
Q13131|P05771_NHKFTARFF|0.793
Q13131|P05771_FKQPTFCSH|0.992
Q13131|P05771_PTFCSHCTD|0.333
Q13131|P05771_GSLLYGLIH|0.571
Q13131|P05771_MKCDTCMMN|0.467
Q13131|P05771_MNVPSLCGT|0.968
Q13131|P05771_LSDPYVKLK|0.406
Q13131|P05771_EWNETFRFQ|0.208
Q13131|P05771_DRRLSVEIW|0.992
Q13131|P05771_LGKGSFGKV|0.963
Q13131|P05771_ERKGTDELY|0.474
Q13131|P05771_TDELYAVKI|0.536
Q13131|P05771_VMLDSEGHI|0.543
Q13131|P05771_WDGVTTKTF|0.469
Q13131|P05771_DGVTTKTFC|0.493
Q13131|P05771_GTPDYIAPE|0.721
Q13131|P05771_EIIAYQPYG|0.633
Q13131|P05771_ELTPTDKLF|0.933
Q13131|P05771-2_DRFFTRHPP|0.051
Q13131|P05771-2_SFVNSEFLK|0.01
Q13131|P05771-2_PEVKS____|0.0
Q13131|Q05655_QSMRSEDEA|0.625
Q13131|Q05655_IWEGSSKCN|0.956
Q13131|Q05655_WEGSSKCNI|0.473
Q13131|Q05655_RFELYRATF|0.479
Q13131|Q05655_RATFYAAEI|0.928
Q13131|Q05655_KGIIYRDLK|0.565
Q13131|Q05655_QGLKYTFSV|0.549
Q13131|Q05655_RLGVTGNIK|0.212
Q13131|Q05655_PFFKTINWT|0.336
Q13131|Q05655_TINWTLLEK|0.773
Q13131|Q05655_SPRDYSNFD|0.469
Q13131|Q05655_PRDYSNFDQ|0.983
Q13131|Q02156_LRQPTYCSH|0.373
Q13131|Q02156_DHCGSLLWG|0.928
Q13131|Q02156_RRCETNVAP|0.453
Q13131|Q02156_ASGSSPSEE|0.271
Q13131|Q02156_EEDRSKSAP|0.56
Q13131|Q02156_KSAPTSPCD|0.324
Q13131|Q02156_RAASSPDGQ|0.491
Q13131|Q02156_LGKGSFGKV|0.919
Q13131|Q02156_KDEVYAVKV|0.605
Q13131|Q02156_GTPDYIAPE|0.632
Q13131|P05129_RCVRSVPSL|0.708
Q13131|P05129_RSVPSLCGV|0.529
Q13131|P05129_GVDHTERRG|0.16
Q13131|P05129_SFGVSELLK|0.585
Q13131|P05129_RMGPSSSPI|0.507
Q13131|P05129_FFGASPGRL|0.444
Q13131|P05129_LGKGSFGKV|0.916
Q13131|P05129_GTPDYIAPE|0.635
Q13131|P05129_EIIAYQPYG|0.533
Q13131|P24723_GLQPTRWSL|0.473
Q13131|P24723_TPLGYDHFV|0.006
Q13131|P24723_LRQPTYCSH|0.314
Q13131|P24723_PHKFSIHNY|0.339
Q13131|P24723_SKLVSRSTL|0.826
Q13131|P24723_LVSRSTLRR|0.43
Q13131|P24723_LGKGSFGKV|0.936
Q13131|P24723_AEIISALMF|0.04
Q13131|P24723_VTTATFCGT|0.911
Q13131|P24723_MRLGSLTQG|0.185
Q13131|P24723_LGSLTQGGE|0.315
Q13131|P24723_RNFSYVSPE|0.654
Q13131|P24723_FSYVSPELQ|0.489
Q13131|P41743_HFEPSISFE|0.0
Q13131|P41743_EPSISFEGL|0.142
Q13131|P41743_RDMCSFDNE|0.0
Q13131|P41743_CTVSSQLEL|0.0
Q13131|P41743_DKSIYRRGA|0.0
Q13131|P41743_WRKLYCANG|0.672
Q13131|P41743_ANGHTFQAK|0.28
Q13131|P41743_TVIPYNPSS|0.0
Q13131|P41743_PYNPSSHES|0.647
Q13131|P41743_YNPSSHESL|0.637
Q13131|P41743_SSHESLDQV|0.579
Q13131|P41743_SGKASSSLG|0.002
Q13131|P41743_GKASSSLGL|0.93
Q13131|P41743_KLTDYGMCK|0.0
Q13131|P41743_GTPNYIAPE|0.523
Q13131|P41743_RGEDYGFSV|0.0
Q13131|P41743_DSQFTNEPV|0.0
Q13131|P41743_EGFEYINPL|0.009
Q13131|Q04759_AVNPYCAVL|0.474
Q13131|Q04759_QKKPTMYPP|0.002
Q13131|Q04759_MNARYFLEM|0.941
Q13131|Q04759_HRCQTKVAN|0.353
Q13131|Q04759_CLRDTEQIF|0.652
Q13131|Q04759_GLPCSIKNE|0.84
Q13131|Q04759_KERPSLQIK|0.891
Q13131|Q04759_TFCGTPDYI|0.799
Q13131|Q04759_GTPDYIAPE|0.757
Q13131|Q04759_PFDCSNFDK|0.392
Q13131|Q05513_NRRAYCGQC|0.612
Q13131|Q05513_CGQCSERIW|0.414
Q13131|Q05513_SVMPSQEPP|0.897
Q13131|Q05513_ADLPSEETD|0.004
Q13131|Q05513_IKDDSEDLK|0.402
Q13131|Q05513_GPGDTTSTF|0.002
Q13131|Q05513_GDTTSTFCG|0.278
Q13131|Q05513_TFCGTPNYI|0.559
Q13131|Q05513_GTPNYIAPE|0.62
Q13131|Q05513_RGEEYGFSV|0.102
Q13131|P98161_PTNGSALVL|0.0
Q13131|P98161_GANATATAR|0.0
Q13131|P98161_NATATARWP|0.0
Q13131|P98161_TVLASNAFE|0.0
Q13131|P98161_GKGFSLTVL|0.0
Q13131|P98161_LEAGTYHVQ|0.028
Q13131|P98161_PDAGTFSIR|0.054
Q13131|P98161_DHVVSVRGK|0.04
Q13131|P98161_SRVAYAWYF|0.0
Q13131|P98161_LMRRSQRNY|0.797
Q13131|P98161_SQRNYLEAH|0.038
Q13131|P98161_FSNKTLVLD|0.001
Q13131|P98161_VLDETTTST|0.0
Q13131|P98161_TSTGSAGMR|0.626
Q13131|P98161_VHALTTKVH|0.0
Q13131|P98161_HALTTKVHF|0.0
Q13131|P98161_GIMLYGVDS|0.104
Q13131|P98161_GQMKSDLFL|0.0
Q13131|P98161_SGEGTLSWP|0.0
Q13131|P98161_EGTLSWPDL|0.0
Q13131|P98161_SSRGSKVSP|0.623
Q13131|P98161_LDGLSVSLG|0.58
Q13131|P98161_GLSVSLGRL|0.124
Q13131|P98161_GRLGTRCEP|0.0
Q13131|P98161_QGRRSSRAP|0.0
Q13131|P98161_SRGPSPGLR|0.063
Q13131|P98161_VDLATGPSR|0.222
Q13131|Q8TDX9_SFTASQSGS|0.0
Q13131|Q8TDX9_DTDITFTAV|0.0
Q13131|Q8TDX9_FTAVTKETI|0.0
Q13131|Q8TDX9_SRTTSSPIV|0.0
Q13131|Q8TDX9_SFPGSGPSL|0.0
Q13131|Q8TDX9_GSGPSLSAE|0.0
Q13131|Q8TDX9_LKNLSTLQL|0.0
Q13131|Q8TDX9_LMGSYTEIR|0.0
Q13131|Q8TDX9_PYPGSQAPG|0.0
Q13131|Q8TDX9_VEPHSPLRG|0.0
Q13131|Q8TDX9_GGAQTEAPH|0.0
Q13131|Q8TDX9_HGPNSWGRI|0.0
Q13131|Q7Z442____MSAVGL|0.001
Q13131|Q7Z442_PVEGTFLVT|0.381
Q13131|Q7Z442_RIRATALTR|0.0
Q13131|Q7Z442_ATALTRHAY|0.0
Q13131|Q7Z442_GSGQSLSID|0.0
Q13131|Q7Z442_RKQFSHLFF|0.0
Q13131|Q7Z442_FFMKTSAGF|0.0
Q13131|Q7Z442_WDRGSPNLT|0.0
Q13131|Q7Z442_SPNLTPSPQ|0.0
Q13131|Q7Z442_NLTPSPQPM|0.003
Q13131|Q7Z442_PEAVTKDVS|0.0
Q13131|Q7Z442_SQPHSHAQA|0.0
Q13131|Q7Z442_LLVAYGQRD|0.0
Q13131|Q7Z442_MNMITAALR|0.463
Q13131|Q7Z443_TPRFSKPAQ|0.0
Q13131|Q7Z443_AGEGSWLES|0.0
Q13131|Q7Z443_LGFPSALAL|0.0
Q13131|Q7Z443_LLGFYVITV|0.0
Q13131|Q7Z443_FYVITVVWA|0.0
Q13131|Q7Z443_VITLYGSEG|0.0
Q13131|Q7Z443_TLYGSEGRS|0.0
Q13131|Q7Z443_VEKFTQDYL|0.0
Q13131|Q7Z443_FTQDYLWLS|0.0
Q13131|Q7Z443_YLWLSIATR|0.0
Q13131|Q7Z443_LSIATRHPW|0.0
Q13131|Q7Z443_RRNTYLLSK|0.538
Q13131|Q7Z443_ELLETHILP|0.0
Q13131|Q7Z443_REVTSFAIL|0.0
Q13131|Q7Z443_QIPRTKTYE|0.0
Q13131|Q7Z443_IILISFILL|0.0
Q13131|Q7Z443_DRFISFYEA|0.0
Q13131|Q13563_GAAASPSPP|0.002
Q13131|Q13563_GSRRSAASS|0.0
Q13131|Q13563_SAVSSVGAR|0.542
Q13131|Q13563_VGARSRGLG|0.449
Q13131|Q13563_AGHPSGRRR|0.7
Q13131|Q13563_ADNRSFIFY|0.0
Q13131|Q13563_AQVASLKKN|0.063
Q13131|Q13563_SQLSTTMSR|0.64
Q13131|Q13563_STTMSRCAK|0.0
Q13131|Q13563_GKGHTDAEI|0.0
Q13131|Q13563_SFPRSLDDS|0.0
Q13131|Q13563_SSQSTEGME|0.0
Q13131|Q9P0L9_EFPATGGAI|0.0
Q13131|Q9P0L9_GAIPSWQIR|0.553
Q13131|Q9P0L9_ELQLSDLLK|0.418
Q13131|Q9P0L9_GYNKTLLRL|0.457
Q13131|Q9P0L9_WLAPSPGVK|0.007
Q13131|Q9P0L9_TLQRS____|0.596
Q13131|Q9NZM6_PHMYYLNKV|0.0
Q13131|Q9NZM6_NKTMSQLSS|0.0
Q13131|Q9NZM6_SQLSSTLSR|0.0
Q13131|Q9NZM6_QLSSTLSRC|0.0
Q13131|Q504Y2_IRARYEEVQ|0.034
Q13131|Q504Y2_KRNLYNAYR|0.0
Q13131|Q9NTG1_SLRPSAVRA|0.0
Q13131|Q9NTG1_RVLLSAQRL|0.0
Q13131|Q9NTG1_RLPRSPGRL|0.0
Q13131|Q9NTG1_AVNSSSHRA|0.0
Q13131|Q9NTG1_VSITTGNPK|0.0
Q13131|Q9NTG1_DPRNYGGDR|0.452
Q13131|Q9NTG1_VGPSSLLST|0.0
Q13131|Q9NTG1_SSLLSTLIQ|0.481
Q13131|Q9NTG1_SLLSTLIQK|0.004
Q13131|Q9NTG1_LPAGYLLYI|0.0
Q13131|Q9NTG1_GYLLYIVAS|0.0
Q13131|Q9NTG1_YIVASVLNN|0.216
Q13131|Q9NTG1_NNMKTELPL|0.0
Q13131|Q9NTG1_LLPVSTLVE|0.287
Q13131|Q9NTG1_LPVSTLVEI|0.0
Q13131|Q9NTG1_HMWFSIFAS|0.0
Q13131|Q9NTG1_SIFASVVAK|0.0
Q13131|Q9NTG1_VVAKTFNRL|0.002
Q13131|Q9NTG1_LKEVSPQKH|0.704
Q13131|Q9NTG1_NKPKYCKNL|0.0
Q13131|Q9NTG1_VRAKSSEKM|0.0
Q13131|Q9NTG1_RAKSSEKMC|0.0
Q13131|Q9NTG1_DPEDTKNYS|0.0
Q13131|Q9NTG1_AVILSAYEE|0.0
Q13131|Q9NTG1_PEKNSHRYL|0.0
Q13131|Q9NTG1_NSHRYLGLK|0.024
Q13131|Q13976____MSELEE|0.52
Q13131|Q13976_EKRLSEKEE|0.004
Q13131|Q13976_LPVPSTHIG|0.96
Q13131|Q13976_FRKFTKSER|0.692
Q13131|Q13976_KHTEYMEFL|0.0
Q13131|Q13976_EFLKSVPTF|0.069
Q13131|Q13976_EEILSKLAD|0.14
Q13131|Q13976_ENGEYIIRQ|0.0
Q13131|Q13976_TREDSPSED|0.066
Q13131|Q13976_KDSKYLYML|0.53
Q13131|Q13976_SKYLYMLME|0.013
Q13131|Q13976_DHRGYAKLV|0.226
Q13131|Q13976_FGKKTWTFC|0.738
Q13131|Q13976_KKTWTFCGT|0.436
Q13131|Q13976_TFCGTPEYV|0.0
Q13131|Q13237_KPKHSKHPD|0.48
Q13131|Q13237_VHRKTSGLV|0.998
Q13131|Q13237_AEPTTRTYD|0.0
Q13131|Q13237_LEVEYYDKG|0.475
Q13131|Q13237_EVEYYDKGD|0.435
Q13131|Q13237_SKALSLEMI|0.742
Q13131|Q13237_FSSSSPFQN|0.0
Q13131|P08F94_RQMGSCYPI|0.0
Q13131|P08F94_GGAMYYLEA|0.244
Q13131|P08F94_AQKGYRLDQ|0.0
Q13131|P08F94_RRQRTSPPL|0.0
Q13131|P08F94_FTSRYLNAS|0.012
Q13131|P08F94_DENLTGVNP|0.0
Q13131|P08F94_IVNVTVIRG|0.007
Q13131|P08F94_IVTLSRNIS|0.0
Q13131|P08F94_FANMSVVLQ|0.006
Q13131|P08F94_PGPHYLSVF|0.0
Q13131|P08F94_VSAFSCLVL|0.0
Q13131|P08F94_SRNKTTTVN|0.0
Q13131|P08F94_RNKTTTVNY|0.219
Q13131|P08F94_NKTTTVNYV|0.178
Q13131|P08F94_TTVNYVRDT|0.0
Q13131|P08F94_SNVLSVACM|0.0
Q13131|P08F94_IVATSSSFD|0.001
Q13131|P08F94_GVNFTARSK|0.0
Q13131|P08F94_ASLSSVASW|0.0
Q13131|Q86WI1_IIPKYGSIN|0.0
Q13131|Q86WI1_ITCYTRAMP|0.0
Q13131|Q86WI1_FTDVYGSNI|0.0
Q13131|Q86WI1_NIALSSNGK|0.26
Q13131|Q86WI1_IALSSNGKN|0.0
Q13131|Q86WI1_LKTVYPGGR|0.0
Q13131|Q86WI1_VLFDSADVK|0.0
Q13131|Q86WI1_VRTKYTGTN|0.0
Q13131|Q86WI1_RTKYTGTNV|0.0
Q13131|Q86WI1_KANMTVTRI|0.017
Q13131|Q86WI1_NMTVTRIKE|0.586
Q13131|Q86WI1_EVNLTIKGY|0.491
Q13131|Q86WI1_NMAVYVGGK|0.7
Q13131|Q86WI1_PAENTVLLG|0.0
Q13131|Q86WI1_RGIGYRIFS|0.479
Q13131|Q86WI1_IFSVSSPGS|0.0
Q13131|Q86WI1_FSVSSPGSV|0.0
Q13131|Q86WI1_GKGFTSGRQ|0.0
Q13131|Q86WI1_KGFTSGRQK|0.0
Q13131|Q86WI1_RSEATYAYG|0.0
Q13131|Q86WI1_LHLGSSVAG|0.0
Q13131|Q86WI1_KTKGSAMST|0.0
Q13131|Q86WI1_DLSQSMTPF|0.0
Q13131|Q86WI1_SQSMTPFTY|0.0
Q13131|Q86WI1_ITAVSPKRG|0.0
Q13131|Q86WI1_RLAHTAKAG|0.707
Q13131|Q86WI1_NEKMTIASV|0.0
Q13131|Q86WI1_ILAPYVGGW|0.0
Q13131|Q86WI1_GWGETNGAV|0.0
Q13131|Q86WI1_RSPRSPSGG|0.001
Q13131|Q86WI1_FLNGSRIPV|0.0
Q13131|Q86WI1_EWQSYQCFG|0.0
Q13131|Q86WI1_LDPDTETRR|0.0
Q13131|Q86WI1_PDTETRRLS|0.0
Q13131|Q86WI1_SSSSSNSKA|0.001
Q13131|Q96S99_TAKKSFVVS|0.0
Q13131|Q96S99_SFVVSAASA|0.0
Q13131|Q96S99_LPRLSPKPV|0.061
Q13131|Q96S99_VRVCSLCYR|0.008
Q13131|Q96S99_QGAGSPGQP|0.034
Q13131|Q96S99_ICGASSGDD|0.504
Q13131|Q96S99_CGASSGDDD|0.138
Q13131|Q96S99_DDDDSDEDK|0.31
Q13131|P61925_DAQRSSTEQ|0.44
Q13131|Q9C010_MRTDSSKMT|0.922
Q13131|Q9C010_LEALSVKED|0.901
Q13131|Q9Y2B9_NQPQSSDGT|0.0
Q13131|Q9Y2B9_SSDGTTSS_|0.0
Q13131|P30613_QENISSLQL|0.0
Q13131|P30613_GPAGYLRRA|0.377
Q13131|P30613_SFAGSPLSY|0.467
Q13131|P30613_GGRIYIDDG|0.0
Q13131|P30613_TRAETSDVA|0.443
Q13131|P30613_WRPGSGYTN|0.001
Q13131|P30613_PGSGYTNIM|0.004
Q13131|P30613-2_LRRASVAQL|0.029
Q13131|P14618____MSKPHS|0.94
Q13131|P14618_SKPHSEAGT|0.872
Q13131|P14618_AMADTFLEH|0.538
Q13131|P14618_GIICTIGPA|0.601
Q13131|P14618_IGPASRSVE|0.809
Q13131|P14618_RSVETLKEM|0.839
Q13131|P14618_RLNFSHGTH|0.917
Q13131|P14618_FSHGTHEYH|0.875
Q13131|P14618_YHAETIKNV|0.597
Q13131|P14618_KNVRTATES|0.969
Q13131|P14618_VRTATESFA|0.992
Q13131|P14618_TLKITLDNA|0.758
Q13131|P14618_LWLDYKNIC|0.436
Q13131|P14618_DGLISLQVK|0.438
Q13131|P14618_GSLGSKKGV|0.835
Q13131|P14618_MVFASFIRK|0.575
Q13131|P14618_IRKASDVHE|0.994
Q13131|P14618_IKIISKIEN|0.954
Q13131|P14618_RAEGSDVAN|0.758
Q13131|P14618_AKGDYPLEA|0.529
Q13131|P14618_TSDPTEATA|0.756
Q13131|P14618_PTEATAVGA|0.817
Q13131|P14618_AVEASFKCC|0.776
Q13131|P14618_FKCCSGAII|0.936
Q13131|P14618_IIVLTKSGR|0.482
Q13131|P14618_VLTKSGRSA|0.925
Q13131|P14618_QVARYRPRA|0.686
Q13131|P14618_RNPQTARQA|0.918
Q13131|P14618_QAHLYRGIF|0.936
Q13131|P14618_VIVLTGWRP|0.329
Q13131|P14618_WRPGSGFTN|0.819
Q13131|P14618_GFTNTMRVV|0.465
Q13131|P14618-2_GTHEYHAET|0.0
Q13131|P14618-2_LDNAYMEKC|0.0
Q13131|P14618-2_IRKASDVHE|0.471
Q13131|P14618-2_AKGDYPLEA|0.0
Q13131|P14618-2_ASSHSTDLM|0.0
Q13131|P14618-2_SVEASYKCL|0.0
Q13131|P14618-2_VEASYKCLA|0.0
Q13131|P14618-2_LIVLTESGR|0.031
Q13131|P14618-2_VLTESGRSA|0.001
Q13131|P14618-3____MSPEAQ|0.0
Q13131|Q16512___MASDAVQ|0.004
Q13131|Q16512_DAVQSEPRS|0.0
Q13131|Q16512_LRRATTDLG|0.396
Q13131|Q16512_LLRGSSRRL|0.0
Q13131|Q16512_DGPQSPGAG|0.0
Q13131|Q16512_SAAFSTRLA|0.022
Q13131|Q16512_PFPATHYST|0.0
Q13131|Q16512_THYSTLCKP|0.0
Q13131|Q16512_LSGRSSLKA|0.003
Q13131|Q16512_IPNATGTGT|0.565
Q13131|Q16512_NATGTGTFS|0.0
Q13131|Q16512_TGDISVEKL|0.511
Q13131|Q16512_DPPSSPSSL|0.0
Q13131|Q16512_PSSPSSLSS|0.0
Q13131|Q16512_KSPLTLEDF|0.002
Q13131|Q16512_EGMGYGDRT|0.004
Q13131|Q16512_ARPLTAAEQ|0.0
Q13131|Q16513___MASNPER|0.96
Q13131|Q16513_SENVSAVQK|0.68
Q13131|Q16513_IQMYSNGSS|0.841
Q13131|Q16513_RFNESSQKL|0.304
Q13131|Q16513_DLLKYSLEQ|0.0
Q13131|Q16513_LLKYSLEQR|0.915
Q13131|Q16513_SPRQSMIST|0.888
Q13131|Q16513_TQNQYSTLS|0.057
Q13131|Q16513_VPGRSKATS|0.0
Q13131|Q16513_SKSGSSRNL|0.386
Q13131|Q16513_VGQTSWKPI|0.0
Q13131|Q16513_WKPISNQSW|0.0
Q13131|Q16513_ISNQSWDQK|0.01
Q13131|Q16513_QQGKTFLRA|0.463
Q13131|Q16513_INIATWGRL|0.0
Q13131|Q16513_PGQDSETVF|0.245
Q13131|Q16513_SQSEYKPDT|0.009
Q13131|Q16513_GLEYSGIQE|0.0
Q13131|Q16513_EDRRSQQRF|0.768
Q13131|Q16513_LLAEYKNTN|0.828
Q13131|Q16513_DEVDSLMCE|0.396
Q13131|Q16513_ACFQTKEHV|0.0
Q13131|Q16513_LLLDTEGFV|0.055
Q13131|Q16513_EGMGYGDRT|0.404
Q13131|Q16513_YGDRTSTFC|0.639
Q13131|Q16513_GDRTSTFCG|0.635
Q13131|Q16513_PRILSEEEQ|0.0
Q13131|Q16513-2_LPGWSPSET|0.0
Q13131|Q6P5Z2_RRVATDRRH|0.812
Q13131|Q6P5Z2_CASGTPKER|0.468
Q13131|Q6P5Z2_VPGRSPAAA|0.0
Q13131|Q6P5Z2_LPPCSSPST|0.0
Q13131|Q6P5Z2_PSTISPPKG|0.0
Q13131|Q6P5Z2_GCPRTPTTL|0.028
Q13131|Q6P5Z2_LREASDPAT|0.575
Q13131|Q6P5Z2_SDPATPSNF|0.582
Q13131|Q6P5Z2_PATPSNFLP|0.0
Q13131|Q6P5Z2_QEPTSEETP|0.445
Q13131|Q6P5Z2_TSEETPRTK|0.541
Q13131|Q6P5Z2_GDRTSTFCG|0.356
Q13131|Q6P5Z2_PFFRTTNWQ|0.0
Q13131|P55347_DPNCSEPDA|0.0
Q13131|P55347_TKMNSETLL|0.001
Q13131|P55347_GEPGSPYSP|0.0
Q13131|P55347_RIQNSQLQL|0.0
Q13131|P55347_PMLDSSCSE|0.0
Q13131|P55347_ETPKTKKKT|0.0
Q13131|P19525_ELPNSGPPH|0.857
Q13131|P19525_TTTNSSEGL|0.384
Q13131|P19525_SEGLSMGNY|0.429
Q13131|P19525_GQKEYSIGT|0.375
Q13131|P19525_DYLSSGSFA|0.416
Q13131|P19525_LSSGSFATT|0.328
Q13131|P19525_KETKYTVDK|0.427
Q13131|P19525_DYIHSKKLI|0.669
Q13131|P19525_FGLVTSLKN|0.923
Q13131|P19525_GLVTSLKND|0.715
Q13131|P19525_GTLRYMSPE|0.398
Q13131|P19525_EILRTLTVW|0.508
Q13131|Q53H76_SVGSSGDAP|0.0
Q13131|Q53H76_DAPPTPQPK|0.0
Q13131|Q53H76_IAHATPQCQ|0.0
Q13131|Q9BZM1_EEFQYCLSK|0.0
Q13131|P53816_DDKYSPLPC|0.11
Q13131|P53816_PLPCSKIIQ|0.0
Q13131|P53816_LAAMSLIGV|0.0
Q13131|P53816_GVMFSRNKR|0.661
Q13131|P14555_KFLSYKFSN|0.0
Q13131|Q9UNK4_PILSYWPYG|0.0
Q13131|Q9UNK4_GCSIYKDYY|0.092
Q13131|Q9UNK4_IYKDYYRYN|0.0
Q13131|Q9UNK4_YKDYYRYNF|0.0
Q13131|Q9UNK4_NLDTYQKRL|0.0
Q13131|Q9NZK7_YNRKYAHYP|0.0
Q13131|Q9NZK7_KYAHYPNKL|0.0
Q13131|Q9NZK7_NKLCTGPTP|0.0
Q13131|Q9NZK7_CTGPTPPC_|0.0
Q13131|Q9BZM2_KKFFTVAIL|0.0
Q13131|Q9BZM2_ILAGSVLST|0.005
Q13131|Q9BZM2_GSVLSTAHG|0.0
Q13131|Q9BZM2_SVLSTAHGS|0.0
Q13131|Q9BZM2_TAHGSLLNL|0.024
Q13131|Q9BZM2-2_DRCFSGWRG|0.0
Q13131|Q9NZ20_PSSRSPAPP|0.0
Q13131|P47712_FIDPYQHII|0.0
Q13131|P47712_ATKVTKGAF|0.0
Q13131|P47712_DQEKTFRQQ|0.0
Q13131|P47712_EGLHSARDV|0.011
Q13131|P47712_GMAKYGTFM|0.518
Q13131|P47712_DLFGSKFFM|0.213
Q13131|P47712_SGSQSRGST|0.417
Q13131|P47712_EPKGTENED|0.0
Q13131|P47712_AGSDYQSDN|0.0
Q13131|P47712_SDYQSDNQA|0.001
Q13131|P47712_DNQASWIHR|0.0
Q13131|P47712_AMVESIEYR|0.016
Q13131|P47712_ESIEYRRQN|0.0
Q13131|P0C869_TCLLTVRVL|0.002
Q13131|P0C869_FRLQSLADR|0.001
Q13131|P0C869_ARELSCLHV|0.0
Q13131|P0C869_QLEETGDQK|0.0
Q13131|P0C869_GDQKSSEHR|0.0
Q13131|P0C869_DQKSSEHRV|0.038
Q13131|P0C869_VLAPSQLQR|0.0
Q13131|P0C869_QLQRYRQEL|0.0
Q13131|P0C869_AFIPSELFG|0.0
Q13131|P0C869_SFREYSAPG|0.0
Q13131|P0C869_GVRRTPEEA|0.0
Q13131|P0C869_SSSDSPYHY|0.0
Q13131|Q86XP0_MKFKTKTLT|0.0
Q13131|Q86XP0_FLIQSQVKN|0.0
Q13131|Q86XP0_GRLRSSRSN|0.0
Q13131|Q86XP0_RLRSSRSNG|0.13
Q13131|Q86XP0_RSSRSNGWN|0.145
Q13131|Q86XP0_NGDNSAGYL|0.0
Q13131|Q86XP0_NSAGYLTVP|0.553
Q13131|Q86XP0_TTSGTSSRL|0.0
Q13131|Q86XP0_LHQDYCSHK|0.0
Q13131|Q3MJ16_IHLNYCAGS|0.0
Q13131|Q3MJ16_PFPKYELPD|0.0
Q13131|Q3MJ16_NNKDTLLQA|0.451
Q13131|Q68DD2_RIQGTLRGD|0.0
Q13131|Q68DD2_KQVVSKALQ|0.043
Q13131|Q68DD2_AVLGSGGGT|0.0
Q13131|Q68DD2_SGGGTRAMS|0.0
Q13131|Q68DD2_QGPFSQAVL|0.0
Q13131|Q68DD2_LDIFTSRFT|0.0
Q13131|Q68DD2_DIFTSRFTS|0.0
Q13131|O60733_NPRNSQSGF|0.691
Q13131|O60733_PPPISLNNL|0.0
Q13131|O60733_KSMAYMRGM|0.0
Q13131|O60733_MRGMYFRMK|0.862
Q13131|Q13093_RKMITIRGS|0.486
Q13131|Q13093_TIRGSVHQN|0.0
Q13131|Q13018_PMPNTLEYG|0.0
Q13131|Q13018_LDSMSFEAA|0.001
Q13131|Q13018_SNLLTIKDE|0.0
Q13131|Q9Y263____MTSGAT|0.098
Q13131|Q9Y263___MTSGATR|0.117
Q13131|Q9Y263_TSGATRYRL|0.001
Q13131|Q9Y263_GATRYRLSC|0.541
Q13131|Q9Y263_ERTFSGHED|0.996
Q13131|Q9Y263_EKELSHATI|0.356
Q13131|Q9Y263_VVGSSGANQ|0.439
Q13131|Q9Y263_GGGRYVPGS|0.137
Q13131|Q9Y263_ADPFTGAGR|0.0
Q13131|Q9Y263_GNSAYRSAA|0.652
Q13131|Q9Y263_KLMMSQRES|0.009
Q13131|Q86WS3_ELYFTPRNI|0.0
Q13131|Q86WS3_LECSTSRKS|0.0
Q13131|Q86WS3_LTPVSTENE|0.0
Q13131|Q5JTB6_RAAGSLAAA|0.0
Q13131|Q5JTB6_AEPFSPPRG|0.0
Q13131|Q6DJT9_KRGETKPRK|0.188
Q13131|Q6DJT9_SYSHTGERP|0.0
Q13131|Q6DJT9_RHMATHSPE|0.528
Q13131|Q6DJT9_MATHSPEKT|0.761
Q13131|Q6DJT9_SPEKTHKCN|0.007
Q13131|Q6DJT9_MVVHTGRKD|0.897
Q13131|Q9UM63_FHTISPSFQ|0.07
Q13131|Q9UM63_PNHKYNTTS|0.0
Q13131|Q9UM63_TSTSYSPLA|0.556
Q13131|Q9UM63_QEPQSPQKL|0.395
Q13131|Q9UPG8_HVKKSHSQE|0.477
Q13131|Q9UPG8_LKIKTEPVD|0.0
Q13131|Q9UPG8_SCSSTVSVK|0.444
Q13131|Q9UPG8_KEELSPVLC|0.67
Q13131|Q9UPG8_YQLGSTSYL|0.49
Q13131|Q9UPG8_PQPASPQPA|0.331
Q13131|Q13835__MNHSPLKT|0.767
Q13131|Q13835_TALAYECFQ|0.0
Q13131|Q13835_QKMKTGTSG|0.225
Q13131|Q13835_MKTGTSGRQ|0.876
Q13131|Q13835_KTGTSGRQR|0.702
Q13131|Q13835_RGSMYDGLA|0.468
Q13131|Q13835_LADNYNYGT|0.607
Q13131|Q13835_DNYNYGTTS|0.135
Q13131|Q13835_NYGTTSRSS|0.004
Q13131|Q13835_TTSRSSYYS|0.654
Q13131|Q13835_TSRSSYYSK|0.235
Q13131|Q13835_RSSYYSKFQ|0.0
Q13131|Q13835_AGNGSWGYP|0.192
Q13131|Q13835_GSWGYPIYN|0.041
Q13131|Q13835_GYPIYNGTL|0.394
Q13131|Q13835_IYNGTLKRE|0.094
Q13131|Q13835_RFSSYSQME|0.508
Q13131|Q13835_TGAGSDICF|0.966
Q13131|Q13835_KIKASRSEP|0.005
Q13131|Q13835_EPDLYCDPR|0.689
Q13131|Q13835_TQNRYSFYS|0.497
Q13131|Q13835_RYSFYSTCS|0.526
Q13131|Q13835_VRPPSCASK|0.869
Q13131|Q13835_PSCASKQDP|0.696
Q13131|Q13835_IPPISCNKD|0.014
Q13131|Q13835_NKDLSFGHS|0.792
Q13131|Q13835_SFGHSRASS|0.672
Q13131|Q13835_SKICSEDIE|0.925
Q13131|Q13835_REAVSLLRR|0.653
Q13131|Q13835_LLRRTGNAE|0.0
Q13131|Q13835_ARNAYTEKS|0.0
Q13131|Q13835_RNAYTEKSS|0.239
Q13131|Q13835_YTEKSSTGC|0.011
Q13131|Q13835_TEKSSTGCF|0.0
Q13131|Q13835_FSNKSDKMM|0.467
Q13131|Q13835_MNNNYDCPL|0.161
Q13131|Q13835_PEEETNPKG|0.345
Q13131|Q13835_SGWLYHSDA|0.001
Q13131|Q13835_SSACYTVRN|0.154
Q13131|Q13835_AGANSLRNF|0.953
Q13131|Q99959_KLAGSSGRG|0.0
Q13131|Q99959_QTVKSLRIQ|0.942
Q13131|Q99959_QVQQTLARK|0.678
Q13131|Q99959_KGRSSVGNG|0.717
Q13131|Q99959_LHRTSSVPE|0.0
Q13131|Q99959_PEYVYNLHL|0.562
Q13131|Q99959_VGGRSPVPK|0.497
Q13131|Q99959_PVPKTYDML|0.178
Q13131|Q99959_VPKTYDMLK|0.032
Q13131|Q99959_GTTATYEGR|0.462
Q13131|Q99959_TTATYEGRW|0.0
Q13131|Q99959_WGRGTAQYS|0.0
Q13131|Q99959_GTAQYSSQK|0.154
Q13131|Q99959_TAQYSSQKS|0.636
Q13131|Q99959_VEERSLRHP|0.288
Q13131|Q99959_ERAHYTHSD|0.176
Q13131|Q99959_RAHYTHSDY|0.006
Q13131|Q99959_HYTHSDYQY|0.795
Q13131|Q99959_VPPRYARSE|0.0
Q13131|Q99959_IVGVSRAGT|0.003
Q13131|Q99959_SRAGTTSRQ|0.128
Q13131|Q99959_RAGTTSRQR|0.293
Q13131|Q99959_RHFDTYHRQ|0.0
Q13131|Q99959_YHRQYQHGS|0.0
Q13131|Q99959_YQHGSVSDT|0.625
Q13131|Q99959_TVFDSIPAN|0.0
Q13131|Q99959_PALLTYPRP|0.0
Q13131|Q99959_ALLTYPRPG|0.0
Q13131|Q99959_PRPGTSRSM|0.0
Q13131|Q99959_EKENYLTAG|0.0
Q13131|Q99959_ENYLTAGLT|0.0
Q13131|Q99959_TAGLTVGQV|0.006
Q13131|Q99959_RASRSSWHQ|0.839
Q13131|Q99959_ASRSSWHQS|0.202
Q13131|Q99959_SSFHSTRTL|0.482
Q13131|Q99959_VAVDSSGRR|0.878
Q13131|Q99959_TFTDSQLGN|0.626
Q13131|Q99959_ERAVSMLEA|0.96
Q13131|Q99959_KKQITDHTV|0.0
Q13131|Q99959_ITDHTVNLR|0.011
Q13131|Q99959_TIADYQPDD|0.0
Q13131|Q99959_HNLSYQLEA|0.567
Q13131|Q99959_LPEKYSQNI|0.0
Q13131|Q99959_SQNIYIQNR|0.53
Q13131|Q99959_GCFGSRSRK|0.615
Q13131|Q99959_VKEQYQDVP|0.017
Q13131|Q99959_VGDPSVKKT|0.0
Q13131|Q99959_SRNLSLQNE|0.835
Q13131|Q99959_AGDAYASNK|0.0
Q13131|Q99959_DAYASNKAS|0.114
Q13131|Q99959_DFVNSRTAK|0.206
Q13131|Q99959_TAKAYHSLK|0.609
Q13131|Q99959_KAYHSLKD_|0.0
Q13131|Q9Y446_GQYHTLQAG|0.813
Q13131|Q9Y446_QAGFSSRSQ|0.676
Q13131|Q9Y446_SQGLSGDKT|0.0
Q13131|Q9Y446_GDKTSGFRP|0.24
Q13131|Q9Y446_AKPAYSPAS|0.0
Q13131|Q9Y446_YSPASWSSR|0.168
Q13131|Q9Y446_ASWSSRSAV|0.0
Q13131|Q9Y446_WSSRSAVDL|0.884
Q13131|Q9Y446_DLSCSRRLS|0.0
Q13131|Q9Y446_SRRLSSAHN|0.67
Q13131|Q9Y446_GAAGYGGAQ|0.417
Q13131|Q9Y446_GAQPTPPMP|0.115
Q13131|Q9Y446_TRPVSFHER|0.759
Q13131|Q9Y446_GGVGSRADY|0.501
Q13131|Q9Y446_ADYDTLSLR|0.379
Q13131|Q9Y446_YSLVSEQLE|0.508
Q13131|Q9Y446_EPAATSTYR|0.0
Q13131|Q9Y446_PAATSTYRA|0.0
Q13131|Q9Y446_AATSTYRAF|0.0
Q13131|Q9Y446_ATSTYRAFA|0.5
Q13131|Q9Y446_RAFAYERQA|0.007
Q13131|Q9Y446_ERQASSSSS|0.15
Q13131|Q9Y446_SSHRSRGVG|0.768
Q13131|Q9Y446_ARAPSVRSL|0.758
Q13131|Q9Y446_PSVRSLSLS|0.592
Q13131|Q9Y446_SLSLSLADS|0.75
Q13131|Q9Y446_SLADSGHLP|0.755
Q13131|Q9Y446_HGFNSYGSH|0.013
Q13131|Q9Y446_GFNSYGSHR|0.632
Q13131|Q9Y446_NSYGSHRTL|0.848
Q13131|Q9Y446_HKCYSDAAA|0.43
Q13131|Q9Y446_KQARSLQAV|0.506
Q13131|Q9Y446_LSSASQATR|0.486
Q13131|Q9Y446_SYRLYDEMP|0.007
Q13131|Q9Y446_VGCFTPQSR|0.541
Q13131|Q9Y446_FTPQSRRLR|0.67
Q13131|Q9Y446_DRVRTADHH|0.48
Q13131|Q99569_AESPSIAST|0.597
Q13131|Q99569_PSIASTSST|0.0
Q13131|Q99569_SIASTSSTE|0.0
Q13131|Q99569_IASTSSTEK|0.0
Q13131|Q99569_ASTSSTEKS|0.94
Q13131|Q99569_FPWRSTDVP|0.0
Q13131|Q99569_QPNNYLIRT|0.582
Q13131|Q99569_GTLYSPEQT|0.38
Q13131|Q99569_PEQTSLHES|0.666
Q13131|Q99569_SLHESEGSL|0.69
Q13131|Q99569_QMNSYSDSG|0.12
Q13131|Q99569_MNSYSDSGY|0.0
Q13131|Q99569_SYSDSGYQE|0.0
Q13131|Q99569_SDSGYQEAG|0.03
Q13131|Q99569_QEAGSFHNS|0.0
Q13131|Q99569_RQQHSFIGS|0.918
Q13131|Q99569_LVQPSVANR|0.0
Q13131|Q99569_MRRVSSVPS|0.604
Q13131|Q99569_RRVSSVPSR|0.927
Q13131|Q99569_AQSPSYVIS|0.769
Q13131|Q99569_QSPSYVIST|0.407
Q13131|Q99569_PLNPSAYSS|0.194
Q13131|Q99569_NPSAYSSTT|0.0
Q13131|Q99569_PSAYSSTTL|0.0
Q13131|Q99569_PASPTAIRR|0.679
Q13131|Q99569_RRIGSVTSR|0.851
Q13131|Q99569_SRQTSNPNG|0.0
Q13131|Q99569_PTPQYQTTA|0.296
Q13131|Q99569_GSPLTLTDA|0.006
Q13131|Q99569_PLTLTDAQT|0.063
Q13131|Q99569_TDAQTRVAS|0.005
Q13131|Q99569_VASPSQGQV|0.0
Q13131|Q99569_GQQQYDIYE|0.0
Q13131|Q99569_PRPDSLTGL|0.001
Q13131|Q99569_TGLRSSYAS|0.03
Q13131|Q99569_GLRSSYASQ|0.778
Q13131|Q99569_ASQHSQLGQ|0.743
Q13131|Q99569_DLHITPIYE|0.602
Q13131|Q99569_YEGRTYYSP|0.0
Q13131|Q99569_YSPVYRSPN|0.0
Q13131|Q99569_PNHGTVELQ|0.405
Q13131|Q99569_QGSQTALYR|0.506
Q13131|Q99569_QTALYRTGS|0.006
Q13131|Q99569_ALYRTGSVG|0.572
Q13131|Q99569_LQRTSSQRS|0.0
Q13131|Q99569_QRTSSQRST|0.509
Q13131|Q99569_SSQRSTLTY|0.915
Q13131|Q99569_SQRSTLTYQ|0.843
Q13131|Q99569_RSTLTYQRN|0.026
Q13131|Q99569_STLTYQRNN|0.606
Q13131|Q99569_YALNTTATY|0.534
Q13131|Q99569_ALNTTATYA|0.829
Q13131|Q99569_NTTATYAEP|0.677
Q13131|Q99569_QECNYNRLQ|0.673
Q13131|Q99569_ADDGTTRSP|0.237
Q13131|Q99569_KKKRTPQED|0.487
Q13131|Q99569_IPGLSKSPK|0.256
Q13131|Q99569_DRVVSSVAT|0.585
Q13131|Q99569_RVVSSVATA|0.268
Q13131|Q99569_SSVATALRN|0.006
Q13131|Q99569_QVLNTLWQY|0.0
Q13131|Q99569_LRSIYKKDG|0.535
Q13131|Q99569_NHFITPVST|0.512
Q13131|Q99569_ITPVSTLER|0.924
Q13131|Q99569_PRSEYDRTQ|0.185
Q13131|Q99569_PPMQYYNSQ|0.331
Q13131|Q99569_HKGLYPGSS|0.0
Q13131|Q99569_YPGSSKPSP|0.004
Q13131|Q99569_SSKPSPIYI|0.574
Q13131|Q99569_PSPIYISSY|0.572
Q13131|Q99569_IYISSYSSP|0.0
Q13131|Q99569_YISSYSSPA|0.094
Q13131|Q99569_SSYSSPARE|0.611
Q13131|Q99569_HQQLYYSQD|0.42
Q13131|Q99569_QQLYYSQDD|0.012
Q13131|Q99569_QLYYSQDDS|0.393
Q13131|Q99569_SQDDSNRKN|0.791
Q13131|Q99569_NFDAYRLYL|0.052
Q13131|Q99569_AYRLYLQSP|0.488
Q13131|Q99569_LYLQSPHSY|0.426
Q13131|Q99569_QSPHSYEDP|0.002
Q13131|Q99569_SPHSYEDPY|0.021
Q13131|Q99569_YEDPYFDDR|0.439
Q13131|Q99569_HFPASTDYS|0.586
Q13131|Q99569_FPASTDYST|0.0
Q13131|Q99569_ASTDYSTQY|0.591
Q13131|Q99569_STDYSTQYG|0.075
Q13131|Q99569_TDYSTQYGL|0.0
Q13131|Q99569_YSTQYGLKS|0.011
Q13131|Q99569_LKSTTNYVD|0.001
Q13131|Q99569_YVDFYSTKR|0.673
Q13131|Q99569_TKRPSYRAE|0.0
Q13131|Q99569_KRPSYRAEQ|0.321
Q13131|Q99569_QYPGSPDSW|0.0
Q13131|Q99569_GSPDSWV__|0.799
Q13131|Q99569-2_SDSGYQEAG|0.0
Q13131|Q99569-2_NPSAYSSTT|0.0
Q13131|Q99569-2_PTPQYQTTA|0.013
Q13131|Q99569-2_GQQQYDIYE|0.0
Q13131|Q99569-2_YSPVYRSPN|0.0
Q13131|Q99569-2_QECNYNRLQ|0.46
Q13131|Q99569-2_NQQMSPIIQ|0.001
Q13131|Q99569-2_PIIQSGSSK|0.021
Q13131|Q99569-2_SSKPSPIYI|0.365
Q13131|Q99569-2_PSPIYISSY|0.31
Q13131|Q99569-2_YISSYSSPA|0.0
Q13131|Q99569-2_SSYSSPARE|0.409
Q13131|Q99569-2_HQQLYYSQD|0.205
Q13131|Q99569-2_QQLYYSQDD|0.0
Q13131|Q99569-2_YEDPYFDDR|0.002
Q13131|Q99569-2_ASTDYSTQY|0.004
Q13131|Q99569-2_YVDFYSTKR|0.494
Q13131|P00747_TQGASLFSV|0.0
Q13131|P00747_ASLFSVTKK|0.0
Q13131|P00747_LGAGSIEEC|0.679
Q13131|P00747_FQYHSKEQQ|0.0
Q13131|P00747_NRKSSIIIR|0.002
Q13131|P00747_EKKVYLSEC|0.0
Q13131|P00747_NGKNYRGTM|0.0
Q13131|P00747_CMHCSGENY|0.408
Q13131|P00747_KISKTMSGL|0.914
Q13131|P00747_CLKGTGENY|0.0
Q13131|P00747_SSPVSTEQL|0.0
Q13131|P00747_NAGLTMNYC|0.0
Q13131|P00747_LTMNYCRNP|0.005
Q13131|P00747_VETPSEEDC|0.0
Q13131|P00747_FLEPTRKDI|0.003
Q13131|P00747_PAVITDKVI|0.0
Q13131|P00750_HEALSPFYS|0.243
Q13131|P00750_RLYPSSRCT|0.335
Q13131|P00750_LYPSSRCTS|0.048
Q13131|P00750_SSRCTSQHL|0.249
Q13131|P00750_SRCTSQHLL|0.459
Q13131|Q6P1J6_ALHPTSVHA|0.0
Q13131|Q6P1J6_LHPTSVHAL|0.0
Q13131|Q6P1J6_ELVGSGRYD|0.25
Q13131|Q6P1J6_RALWTNMLE|0.003
Q13131|Q6P1J6_SKTETLDLR|0.0
Q13131|Q6P1J6_GLSWSIGGD|0.0
Q13131|Q6P1J6_LETHTTLPN|0.0
Q13131|Q6P1J6_ETHTTLPNI|0.004
Q13131|Q6P4A8_FWRHTGYVM|0.0
Q13131|Q6P4A8_RHTGYVMAQ|0.0
Q13131|Q6P4A8_IDGLYVGAK|0.0
Q13131|Q6P4A8_KGTLYIVEQ|0.0
Q13131|Q6P4A8_QIPTYVEYS|0.0
Q13131|Q6P4A8_TYVEYSEQT|0.0
Q13131|Q6P4A8_LRKGYWPSY|0.0
Q13131|Q6P4A8_LGLDYSYDL|0.0
Q13131|Q6P4A8_LDYSYDLAP|0.0
Q13131|Q6P4A8_ASMKYIMRY|0.0
Q13131|Q6P4A8_YIMRYNNYK|0.536
Q13131|Q8NHP8_ARALTRALA|0.012
Q13131|Q8NHP8_GPFLSGLAG|0.0
Q13131|Q8NHP8_AGKFTIKPL|0.0
Q13131|Q8NHP8_LPGQSDLLV|0.245
Q13131|Q8NHP8_TWNNYQHML|0.008
Q13131|Q8NHP8_NRLASDGAT|0.507
Q13131|Q8NHP8_RRNQSLVQD|0.0
Q13131|Q8NHP8_QDMDSMVRL|0.0
Q13131|Q8NHP8_ARILSLLAA|0.881
Q13131|Q9NQ66_LKKGTKFVK|0.0
Q13131|Q9NQ66_ITVVYGPDL|0.42
Q13131|Q9NQ66_NEVFSLATN|0.0
Q13131|Q9NQ66_FSLATNLLA|0.0
Q13131|Q9NQ66_PLEKYPLES|0.032
Q13131|Q9NQ66_YPLESGVPL|0.0
Q13131|Q9NQ66_MFEPSSPGA|0.0
Q13131|Q9NQ66_FEPSSPGAG|0.0
Q13131|Q9NQ66_GEADTESDD|0.498
Q13131|Q9NQ66_ADTESDDDD|0.0
Q13131|Q9NQ66_CKKSSMDEG|0.162
Q13131|Q9NQ66_SFEISKKRN|0.449
Q13131|Q9NQ66_YVPDTYADV|0.0
Q13131|Q9NQ66_NPIRYVNLM|0.588
Q13131|Q9NQ66_SKKKSEPSS|0.727
Q13131|Q9NQ66_KSEPSSPDH|0.672
Q13131|Q9NQ66_PDHGSSTIE|0.0
Q13131|Q9NQ66_DHGSSTIEQ|0.187
Q13131|Q9NQ66_RQEQYYSEK|0.559
Q13131|Q9NQ66_QEQYYSEKY|0.139
Q13131|Q9NQ66_EQYYSEKYQ|0.594
Q13131|Q9NQ66_MIRSYIQEV|0.0
Q13131|Q9NQ66_EVVQYIKRL|0.549
Q13131|Q9NQ66_HKTPSSEEL|0.761
Q13131|Q00722____MSLLNP|0.0
Q13131|Q00722_PEPVYKSFL|0.0
Q13131|Q00722_LIDKYEPSG|0.0
Q13131|Q00722_KYEPSGINA|0.543
Q13131|Q00722_NTYLTAGQF|0.0
Q13131|Q00722_AGQFSGLSS|0.003
Q13131|Q00722_VPLPSPEDL|0.0
Q13131|Q00722_PTSSSKDTG|0.0
Q13131|Q00722_SLVNYIQPT|0.0
Q13131|Q00722_KRQMSRIYP|0.001
Q13131|Q00722_MSRIYPKGT|0.381
Q13131|Q00722_FNPFSVDRI|0.0
Q13131|Q00722_LSERSVRTY|0.502
Q13131|Q00722_RSVRTYVEV|0.029
Q13131|Q00722_PKRRYRTKL|0.0
Q13131|Q00722_PRTASLEEL|0.0
Q13131|Q00722_RKKRSLPRE|0.986
Q13131|Q00722_PREESAGAA|0.643
Q13131|Q00722_ALKETSEND|0.0
Q13131|Q00722_LKETSENDT|0.0
Q13131|Q00722_SENDTKEMK|0.0
Q13131|Q01970_PLRPSQARL|0.778
Q13131|Q01970_LIEKYEPNQ|0.001
Q13131|Q01970_GGPDSAGRK|0.394
Q13131|Q01970_NRGPYVLGP|0.928
Q13131|Q01970_QLTKSPMEF|0.32
Q13131|Q01970_KVGIYVEVD|0.0
Q13131|Q01970_ILPVSAIRS|0.0
Q13131|Q01970_EASDYIPDD|0.0
Q13131|Q01970_DHQDYAEAL|0.0
Q13131|Q01970_IKHVSLMDQ|0.0
Q13131|Q01970_NPTPSPLDA|0.0
Q13131|Q01970_PLDASPRRP|0.0
Q13131|Q01970_PPGPTTSPA|0.0
Q13131|Q01970_EAKRYQEFQ|0.0
Q13131|Q01970_HNSISEAKM|0.954
Q13131|Q01970_RRHITESVN|0.0
Q13131|Q15147_VLECSLINS|0.0
Q13131|Q15147_SLINSIRSG|0.976
Q13131|Q15147_EEIESADQE|0.0
Q13131|Q15147_GNELSADDL|0.673
Q13131|Q15147_KIGTYVEVD|0.0
Q13131|Q15147_KKFLSITEK|0.003
Q13131|Q15147_ADVPSDTSK|0.131
Q13131|Q15147_VTPQSSSEL|0.965
Q13131|Q15147_MKKETEIKI|0.0
Q13131|Q15147_IKIQTLTSD|0.931
Q13131|Q15147_VAQHTKEWS|0.0
Q13131|Q15147-4_QTSNSSMKL|0.0
Q13131|P51178_RERFYKLQE|0.0
Q13131|P51178_EDCKTIWQE|0.0
Q13131|P51178_KVMRTPESQ|0.0
Q13131|P51178_HHSGSMDQR|0.0
Q13131|P51178_HWIHSCLRK|0.004
Q13131|P51178_DNKMSFKEL|0.0
Q13131|P51178_QVDDSYARK|0.0
Q13131|P51178_SQTDSLEDE|0.0
Q13131|P51178_LIERYEPSE|0.0
Q13131|P51178_IYCKSVHFG|0.0
Q13131|P51178_IRVISGQQL|0.486
Q13131|P51178_KNKNSIVDP|0.0
Q13131|P51178-2_SRSRSRELY|0.0
Q13131|Q8N3E9_VALPSPPTP|0.121
Q13131|Q8N3E9_PSPPTPSDG|0.291
Q13131|Q8N3E9_SDGGTKRPG|0.495
Q13131|Q8N3E9_MNDMYAYLL|0.394
Q13131|Q8N3E9_DMYAYLLFK|0.478
Q13131|Q8N3E9_EPVIYHGHT|0.0
Q13131|Q8N3E9_ALAVYCHAT|0.001
Q13131|Q8N3E9_CQVSSLSER|0.872
Q13131|Q8N3E9_ARQLTRVYP|0.002
Q13131|Q8N3E9_QETDYVLNN|0.444
Q13131|Q8N3E9_DYDATSPND|0.477
Q13131|Q9BRC7_QARGSAKPS|0.0
Q13131|Q9BRC7_IQVISGQQL|0.0
Q13131|Q9P212_KEEPSGSNL|0.752
Q13131|Q9P212_EPSGSNLPK|0.706
Q13131|Q9P212_PKILSIARE|0.712
Q13131|Q9P212_LTAWSYIDQ|0.0
Q13131|Q9P212_GLLSTFGGS|0.0
Q13131|Q9P212_GLKNSEKES|0.606
Q13131|Q9P212_RSLETDEED|0.0
Q13131|Q9P212_DEEDSPSEG|0.0
Q13131|Q9P212_APKHTAKML|0.001
Q13131|Q9P212_KMLFSGLLE|0.0
Q13131|Q9P212_LLELTRAVR|0.004
Q13131|Q9P212_MRGESGEVT|0.823
Q13131|Q9P212_SGEVTDDEM|0.685
Q13131|Q9P212_YTNLTIDEN|0.01
Q13131|Q9P212_LPLSYYYIE|0.0
Q13131|Q9P212_PLSYYYIES|0.0
Q13131|Q9P212_LSYYYIESS|0.0
Q13131|Q9P212_YDYESLSDD|0.0
Q13131|Q9P212_YESLSDDNI|0.0
Q13131|Q9P212_PGRMSPGET|0.325
Q13131|Q9P212_SPGETASFN|0.0
Q13131|Q9P212_GETASFNKT|0.0
Q13131|Q9P212_FNKTSGKSS|0.0
Q13131|Q9P212_TMSASSMFN|0.0
Q13131|Q9P212_SMFNTEERK|0.0
Q13131|P19174_DFDRYQEDP|0.0
Q13131|P19174_SQVNYRVPN|0.544
Q13131|P19174_GDITYGQFA|0.0
Q13131|P19174_QLYRSLMYS|0.75
Q13131|P19174_FLEASTLRA|0.672
Q13131|P19174_LEASTLRAG|0.0
Q13131|P19174_MPVIYHGHT|0.275
Q13131|P19174_PVILSIEDH|0.315
Q13131|P19174_NMAQYFKKV|0.008
Q13131|P19174_DGLPSPNQL|0.213
Q13131|P19174_LAEGSAYEE|0.071
Q13131|P19174_EEVPTSMMY|0.0
Q13131|P19174_NGILYLEDP|0.0
Q13131|P19174_NHEWYPHYF|0.389
Q13131|P19174_WYPHYFVLT|0.0
Q13131|P19174_SSKIYYSEE|0.0
Q13131|P19174_PKEVSSSTE|0.517
Q13131|P19174_VSSSTELHS|0.001
Q13131|P19174_APDGSFLVR|0.228
Q13131|P19174_SKEWYHASL|0.385
Q13131|P19174_EPNSYAISF|0.311
Q13131|P19174_EKIGTAEPD|0.0
Q13131|P19174_TFIKSAIIQ|0.0
Q13131|P19174_WRGDYGGKK|0.001
Q13131|P19174_ALELSELVV|0.309
Q13131|P19174_ELVVYCRPV|0.629
Q13131|P19174_YRDMSSFPE|0.0
Q13131|P19174_RDMSSFPET|0.008
Q13131|P19174_KAEKYVNKA|0.0
Q13131|P19174_LSPFSGTSL|0.965
Q13131|P19174_PFSGTSLRE|0.0
Q13131|P19174_GSDASGQLF|0.032
Q13131|P19174_GSFESRYQQ|0.815
Q13131|P19174_DHFDSRERR|0.849
Q13131|P19174-2_NGDLSPFSG|0.007
Q13131|P19174-2_LSPFSGTSL|0.777
Q13131|P19174-2_PFSGTSLRE|0.0
Q13131|P19174-2_FSGTSLRER|0.0
Q13131|P19174-2_RERGSDASG|0.554
Q13131|P19174-2_GSDASGQLF|0.0
Q13131|P16885_TRRNSISLR|0.994
Q13131|P16885_ASAVYLHDF|0.0
Q13131|P16885_KPVIYHGWT|0.724
Q13131|P16885_QGELYMWDS|0.0
Q13131|P16885_WTRHYCAIA|0.759
Q13131|P16885_SKPWYYDSL|0.0
Q13131|P16885_KREGSDSYA|0.976
Q13131|P16885_EGSDSYAIT|0.0
Q13131|P16885_GSDSYAITF|0.745
Q13131|P16885_SYAITFRAR|0.0
Q13131|P16885_LVSYYEKHS|0.756
Q13131|P16885_LYDVSRMYV|0.482
Q13131|P16885_YVDPSEINP|0.0
Q13131|P16885_VKALYDYKA|0.003
Q13131|P16885_ALYDYKAKR|0.002
Q13131|P16885_SDELSFCRG|0.871
Q13131|P16885_WKGDYGTRI|0.008
Q13131|P16885_RIQQYFPSN|0.949
Q13131|P16885_LDLNTYNVV|0.0
Q13131|P16885_DLNTYNVVK|0.959
Q13131|P16885_DLVVYCKPT|0.0
Q13131|P16885_CKPTSKTKD|0.0
Q13131|P16885_REIRSFVET|0.923
Q13131|P16885_TKADSIIRQ|0.465
Q13131|P16885_QRVDSSNYD|0.0
Q13131|P16885_WLCGSQMVA|0.478
Q13131|P16885_LNFQTADKY|0.643
Q13131|P16885_TADKYMQMN|0.0
Q13131|P16885_HALFSLNGR|0.0
Q13131|P16885_LNGRTGYVL|0.391
Q13131|P16885_GRTGYVLQP|0.561
Q13131|P16885_RTEKYDPMP|0.0
Q13131|P16885_KILMTLTVK|0.913
Q13131|P16885_LMTLTVKVL|0.315
Q13131|P16885_RFVVYEEDM|0.03
Q13131|P16885_FLYDTHQNL|0.988
Q13131|P16885_VKEFSVNEN|0.989
Q13131|P16885_EKRVSNSKF|0.995
Q13131|P16885_RVSNSKFYS|0.28
Q13131|P16885_NSKFYS___|0.0
Q13131|P16885_SKFYS____|0.609
Q13131|Q4KWH8_PSRKSEKAK|0.0
Q13131|Q4KWH8_ILIDSIYKV|0.0
Q13131|Q4KWH8_IDSIYKVTE|0.0
Q13131|Q4KWH8_KFEVSEENK|0.0
Q13131|Q4KWH8_KVDMYARVL|0.726
Q13131|Q4KWH8_EGEVSDEDS|0.0
Q13131|Q4KWH8_SDEDSADEI|0.0
Q13131|Q4KWH8_FKLHYSNGT|0.002
Q13131|Q4KWH8_KKLESLLKE|0.0
Q13131|Q4KWH8_HLKQSPDVK|0.0
Q13131|Q4KWH8_TKSRSKSYS|0.071
Q13131|Q4KWH8_DTQQSTGKE|0.0
Q13131|Q4KWH8_GGQLYRLGR|0.0
Q13131|Q4KWH8_GNVLSFSET|0.0
Q13131|Q4KWH8_LKVISGQQL|0.0
Q13131|Q4KWH8_SENNSHYVR|0.527
Q13131|Q4KWH8_NNSHYVRKR|0.393
Q13131|Q4KWH8_RRTASAPAK|0.053
Q13131|Q4KWH8_GRKKSKMGF|0.001
Q13131|Q4KWH8_RTTRSLQAR|0.0
Q13131|Q4KWH8_ARPVSMPVD|0.604
Q13131|Q4KWH8_KGKASIKDP|0.434
Q13131|Q4KWH8_NKKLSSSSS|0.0
Q13131|Q4KWH8_KKLSSSSSA|0.0
Q13131|Q4KWH8_KLSSSSSAL|0.619
Q13131|Q4KWH8_LSSSSSALL|0.0
Q13131|Q4KWH8_SSSSSALLH|0.0
Q13131|Q4KWH8_VVNPTQDLH|0.0
Q13131|Q4KWH8_GSVLSHSNL|0.0
Q13131|Q4KWH8_VLSHSNLEI|0.567
Q13131|Q4KWH8_TNTVYETTC|0.0
Q13131|Q4KWH8_ETTCTPISK|0.0
Q13131|Q4KWH8_NLPGSPNTS|0.0
Q13131|Q4KWH8_GSPNTSRGW|0.492
Q13131|Q4KWH8_SPNTSRGWL|0.0
Q13131|Q4KWH8_WLPKSPTKG|0.0
Q13131|Q4KWH8_PKSPTKGED|0.0
Q13131|Q4KWH8_SQLASPLKL|0.0
Q13131|Q4KWH8_TLRPSVPEI|0.0
Q13131|Q4KWH8_TQSISYLAY|0.0
Q13131|Q4KWH8_SYLAYQGAG|0.0
Q13131|Q4KWH8_LKLPSPCKS|0.0
Q13131|Q4KWH8_SPCKSKSLG|0.242
Q13131|Q4KWH8_CKSKSLGDL|0.311
Q13131|Q4KWH8_CNFESKYQC|0.0
Q13131|Q4KWH8_FESKYQCIS|0.0
Q13131|Q4KWH8_CISKSFVTT|0.0
Q13131|Q4KWH8_KSFVTTGIR|0.003
Q13131|Q4KWH8_SFVTTGIRD|0.0
Q13131|Q4KWH8_VKTKSLEPI|0.585
Q13131|Q4KWH8_RKLVSFDQE|0.0
Q13131|Q4KWH8_CQVLYSKQD|0.0
Q13131|Q4KWH8_VNRHSTGSY|0.556
Q13131|Q4KWH8_NRHSTGSYI|0.0
Q13131|Q4KWH8_STGSYIAGY|0.516
Q13131|Q4KWH8_YIAGYLKNT|0.0
Q13131|Q4KWH8_TALHYGHVD|0.0
Q13131|Q4KWH8_KPEIYFLLR|0.0
Q13131|Q15111_RDRRSGVAL|0.711
Q13131|Q15111_TPADSEAGL|0.0
Q13131|Q15111_AARATPRRS|0.0
Q13131|Q15111_GRKKTVSFS|0.003
Q13131|Q15111_VSFSSMPSE|0.0
Q13131|Q15111_NSRIYNRFF|0.359
Q13131|Q15111_MWLKTVFEA|0.662
Q13131|Q15111_DINGYIRAL|0.0
Q13131|Q15111_SRRMSVDYN|0.738
Q13131|Q15111_MSVDYNGEQ|0.521
Q13131|Q15111_KSVQYRDFE|0.0
Q13131|Q15111_DFVNYNKKF|0.0
Q13131|Q15111_AQKRSLSVR|0.0
Q13131|Q15111_KRSLSVRMG|0.46
Q13131|Q15111_KVREYTMLR|0.643
Q13131|Q15111_KSKRSLEAI|0.302
Q13131|Q15111_EEKESSEEN|0.0
Q13131|Q15111_EKESSEENG|0.0
Q13131|Q9UPR0_GALPTSPGP|0.762
Q13131|Q9UPR0_ARYDSGGVS|0.677
Q13131|Q9UPR0_NGDCSLGVS|0.468
Q13131|Q9UPR0_SLGVSGDEA|0.893
Q13131|Q9UPR0_AVVCTLPRE|0.586
Q13131|Q9UPR0_PRRSSIIKD|0.722
Q13131|Q9UPR0_IKDGTKQKR|0.45
Q13131|Q9UPR0_ERKKTVSFS|0.071
Q13131|Q9UPR0_KKTVSFSSM|0.901
Q13131|Q9UPR0_TVSFSSMPT|0.001
Q13131|Q9UPR0_VSFSSMPTE|0.243
Q13131|Q9UPR0_SSMPTEKKI|0.015
Q13131|Q9UPR0_KKISSASDC|0.567
Q13131|Q9UPR0_ISSASDCIN|0.282
Q13131|Q9UPR0_SKKDSEKAK|0.193
Q13131|Q9UPR0_TGLRYLISY|0.541
Q13131|Q9UPR0_TSWVSQMFS|0.0
Q13131|Q9UPR0_GDKLYTTSP|0.489
Q13131|Q9UPR0_VEESYLPSP|0.348
Q13131|Q9UPR0_SSNCSGVEG|0.565
Q13131|Q9UPR0_ASLRTLWIK|0.107
Q13131|Q9UPR0_LWIKTVDEV|0.2
Q13131|Q9UPR0_LCGLSSVAN|0.343
Q13131|Q9UPR0_KKIVTTYDM|0.507
Q13131|Q9UPR0_KIVTTYDMM|0.46
Q13131|Q9UPR0_IVTTYDMMI|0.429
Q13131|Q9UPR0_ADAVYEKIV|0.562
Q13131|O75038_VFQRYPDGS|0.179
Q13131|O75038_YPDGSFDPN|0.033
Q13131|O75038_EGEVSDEDS|0.534
Q13131|O75038_SDEDSADEI|0.156
Q13131|O75038_EDVESGEDA|0.408
Q13131|O75038_LVVGSFSRR|0.964
Q13131|O75038_KKAASVEEG|0.961
Q13131|O75038_KYTKSVATH|0.255
Q13131|O75038_KSVATHDIE|0.018
Q13131|O75038_RRTASAPTK|0.568
Q13131|O75038_ASAPTKSQK|0.001
Q13131|O75038_GLGRSRENL|0.94
Q13131|O75038_PVTKSKSNP|0.285
Q13131|O75038_LQPRSLAPR|0.02
Q13131|O75038_AKSKSLGDL|0.862
Q13131|O75038_SRRLSHSLG|0.468
Q13131|O75038_RLSHSLGLP|0.9
Q13131|O75038_VRRDTLTEQ|0.682
Q13131|O75038-2_ARADSLGAP|0.088
Q13131|Q9NUJ7_SASNSFSRL|0.017
Q13131|Q9NUJ7_AGVRYLDLR|0.004
Q13131|Q9NUJ7_LEKMTLPNL|0.362
Q13131|Q0VAA5_VLIFYHCPF|0.0
Q13131|Q63HM9_QVVLTPKAS|0.03
Q13131|Q63HM9_PKASTVVKG|0.004
Q13131|Q63HM9_KGVASGLRE|0.0
Q13131|Q63HM9_GLRETITER|0.0
Q13131|Q63HM9_RETITERAL|0.0
Q13131|Q86YW0_MNKGYRRIP|0.0
Q13131|Q13393_RVNTSALQK|0.785
Q13131|Q13393_AADMSNIIE|0.862
Q13131|Q13393_EEVDYDVSP|0.646
Q13131|Q13393_REMPSLPRS|0.714
Q13131|Q13393_LGINSEYTK|0.58
Q13131|Q13393_EHRLTDVGS|0.448
Q13131|Q13393_TDVGSVKRV|0.82
Q13131|Q13393_TSGPSLGSL|0.492
Q13131|Q13393_AAMESMESL|0.9
Q13131|Q13393_ESMESLRLK|0.922
Q13131|Q13393_PIQKSIDDV|0.987
Q13131|Q13393_STSSYFNHY|0.878
Q13131|Q13393_YFNHYRSHH|0.957
Q13131|Q13393_MKSKYRSLS|0.528
Q13131|Q13393-2____MSLKNE|0.013
Q13131|Q13393-2_TRRHTFRRQ|0.001
Q13131|O14939_DEVDTLKEG|0.0
Q13131|O14939_ERYTSGSKV|0.423
Q13131|O14939_YTSGSKVGT|0.525
Q13131|O14939_PEGSTRHAA|0.0
Q13131|O14939_RHAASKQKY|0.0
Q13131|O14939_YLENYLNRL|0.096
Q13131|O14939_IRKRSGGHR|0.602
Q13131|O14939_NSGYSKRAL|0.0
Q13131|O14939_SQPPTPRPD|0.154
Q13131|O14939_TKAKYKTPT|0.0
Q13131|O14939_KTPTYPYLL|0.0
Q13131|O14939_PTYPYLLPK|0.0
Q13131|Q8IV08_PKLMYQELK|0.458
Q13131|Q8IV08_FYLGSANMD|0.141
Q13131|Q8IV08_MDWRSLTQV|0.0
Q13131|Q8IV08_WRSLTQVKE|0.711
Q13131|Q8IV08_MYNCSCLAR|0.539
Q13131|Q8N2A8_VRVVTDCDY|0.0
Q13131|Q8N2A8_GRLLSWHRT|0.025
Q13131|Q9UL45____MSVPGP|0.0
Q13131|P08567_RLPETIDLG|0.725
Q13131|P08567_ALYLSMKDT|0.586
Q13131|P08567_SMKDTEKGI|0.0
Q13131|P08567_AYLHYYDPA|0.309
Q13131|P08567_YLHYYDPAG|0.0
Q13131|P08567_CVVTSVESN|0.0
Q13131|P08567_TSVESNSNG|0.141
Q13131|Q15149_LRAIYEVLF|0.0
Q13131|Q15149_RRPRSLHPH|0.243
Q13131|Q15149_VPATTQRTL|0.0
Q13131|Q15149_QRHISDLYE|0.763
Q13131|Q15149_ISDLYEDLR|0.0
Q13131|Q15149_LSGDSLPRE|0.0
Q13131|Q15149_IALDYLRHR|0.0
Q13131|Q15149_HFQISDIQV|0.0
Q13131|Q15149_LLLWSQRMV|0.008
Q13131|Q15149_MVEGYQGLR|0.367
Q13131|Q15149_VYRQTNLEN|0.908
Q13131|Q15149_DQAFSVAER|0.0
Q13131|Q15149_DLGVTRLLD|0.504
Q13131|Q15149_VSSLYDAMP|0.0
Q13131|Q15149_SKGIYQSLE|0.001
Q13131|Q15149_GIYQSLEGA|0.0
Q13131|Q15149_DKADSMIRL|0.81
Q13131|Q15149_GEQMYRRVY|0.0
Q13131|Q15149_AAPATQVAQ|0.0
Q13131|Q15149_VDLPSVEAQ|0.0
Q13131|Q15149_GLHQSIEEF|0.491
Q13131|Q15149_ESLHSFVAA|0.671
Q13131|Q15149_AKKESYSAL|0.0
Q13131|Q15149_KKESYSALM|0.468
Q13131|Q15149_KESYSALMR|0.551
Q13131|Q15149_ENAAYFQFF|0.0
Q13131|Q15149_RRKYSCDRS|0.227
Q13131|Q15149_SCDRSATVT|0.0
Q13131|Q15149_DRSATVTRL|0.724
Q13131|Q15149_QLNEYKGHL|0.0
Q13131|Q15149_KGHLSGLAK|0.714
Q13131|Q15149_VDMKSLLAW|0.466
Q13131|Q15149_WSLATFRTL|0.0
Q13131|Q15149_LELHYQAFL|0.0
Q13131|Q15149_FLRDSQDAG|0.657
Q13131|Q15149_QRCISELKD|0.736
Q13131|Q15149_LPEPSPAAP|0.063
Q13131|Q15149_PTLRSELEL|0.0
Q13131|Q15149_VRSLSAIYL|0.0
Q13131|Q15149_LSAIYLEKL|0.0
Q13131|Q15149_EKLKTISLV|0.0
Q13131|Q15149_VIRGTQGAE|0.0
Q13131|Q15149_YYRESADPL|0.0
Q13131|Q15149_FAKQYINAI|0.0
Q13131|Q15149_AIKDYELQL|0.54
Q13131|Q15149_QLVTYKAQL|0.0
Q13131|Q15149_PKVQSGSES|0.768
Q13131|Q15149_VQSGSESVI|0.0
Q13131|Q15149_VIQEYVDLR|0.0
Q13131|Q15149_IKFISETLR|0.495
Q13131|Q15149_FISETLRRM|0.002
Q13131|Q15149_QQKRSIQEE|0.839
Q13131|Q15149_QLRQSSEAE|0.0
Q13131|Q15149_AELQSKRAS|0.0
Q13131|Q15149_FAEKTAQLE|0.0
Q13131|Q15149_LRAETEQGE|0.0
Q13131|Q15149_LRKASDSEL|0.981
Q13131|Q15149_LVEDTLRQR|0.0
Q13131|Q15149_FAEQTLRQK|0.443
Q13131|Q15149_ARQRSQVEE|0.823
Q13131|Q15149_EELFSVRVQ|0.049
Q13131|Q15149_MEELSKLKA|0.08
Q13131|Q15149_QRQQSDHDA|0.93
Q13131|Q15149_EEMQTVQQE|0.0
Q13131|Q15149_ALAHSEEVT|0.628
Q13131|Q15149_RRKVSAQRL|0.985
Q13131|Q15149_QGHTTVDEL|0.009
Q13131|Q15149_QGRSSIAGL|0.0
Q13131|Q15149_AQIATGGVI|0.113
Q13131|Q15149_VDVAYRRGY|0.0
Q13131|Q15149_YRRGYFDEE|0.0
Q13131|Q15149_LADPSDDTK|0.0
Q13131|Q15149_HENLTYLQL|0.91
Q13131|Q15149_ENLTYLQLL|0.001
Q13131|Q15149_GELVYTDSE|0.001
Q13131|Q15149_ELVYTDSEA|0.0
Q13131|Q15149_RQFRTGRIT|0.006
Q13131|Q15149_EGLRSLVPA|0.642
Q13131|Q15149_ELLESRVID|0.002
Q13131|Q15149_DRELYQQLQ|0.608
Q13131|Q15149_RGERSVRDV|0.768
Q13131|Q15149_KLSIYNALK|0.0
Q13131|Q15149_DLLPSDMAV|0.0
Q13131|Q15149_DPATSARLT|0.0
Q13131|Q15149_GQSVSLFQA|0.0
Q13131|Q15149_IVDPSKSHR|0.0
Q13131|Q15149_SRALSAPRA|0.0
Q13131|Q15149_GEPATYGEL|0.0
Q13131|Q15149_EPATYGELQ|0.0
Q13131|Q15149_EELYSELQA|0.511
Q13131|Q15149_TFEKTPVEV|0.0
Q13131|Q15149_ISSEYFTAE|0.0
Q13131|Q15149_SEYFTAEQR|0.0
Q13131|Q15149_QERLSFSGL|0.173
Q13131|Q15149_RLSFSGLRA|0.003
Q13131|Q15149_ELLASGVLS|0.696
Q13131|Q15149_SGVLSRAQF|0.559
Q13131|Q15149_VKDLSELGS|0.583
Q13131|Q15149_SELGSVRTL|0.562
Q13131|Q15149_LAGIYLEDT|0.0
Q13131|Q15149_KVSIYEAMR|0.0
Q13131|Q15149_LRATTAALL|0.0
Q13131|Q15149_EQLLSAEKA|0.242
Q13131|Q15149_VDVAYQRGY|0.0
Q13131|Q15149_YQRGYFSEE|0.0
Q13131|Q15149_ENLTYRQLL|0.686
Q13131|Q15149_TTQVYTEEE|0.0
Q13131|Q15149_TQVYTEEET|0.0
Q13131|Q15149_IIEKTEIIR|0.0
Q13131|Q15149_GLASYDYVR|0.0
Q13131|Q15149_ASYDYVRRR|0.001
Q13131|Q15149_ISLETYNLL|0.0
Q13131|Q15149_SLETYNLLR|0.072
Q13131|Q15149_LREGTRSLR|0.483
Q13131|Q15149_TLSIYQALK|0.0
Q13131|Q15149_KGLLSAEVA|0.702
Q13131|Q15149_YRDPYTEQT|0.0
Q13131|Q15149_LEVAYQRGY|0.589
Q13131|Q15149_HDQLSEPSE|0.001
Q13131|Q15149_EVRSYVDPS|0.0
Q13131|Q15149_YVDPSTDER|0.0
Q13131|Q15149_VDPSTDERL|0.0
Q13131|Q15149_ARKLTFRGL|0.608
Q13131|Q15149_REGLTSIEE|0.0
Q13131|Q15149_AQIATGGII|0.0
Q13131|Q15149_NEILTDPSD|0.0
Q13131|Q15149_PSDDTKGFF|0.0
Q13131|Q15149_EENLTYLQL|0.206
Q13131|Q15149_ENLTYLQLM|0.001
Q13131|Q15149_RERKTSSKS|0.0
Q13131|Q15149_ERKTSSKSS|0.0
Q13131|Q15149_RKTSSKSSV|0.0
Q13131|Q15149_TSSKSSVRK|0.0
Q13131|Q15149_SSKSSVRKR|0.06
Q13131|Q15149_VDPETGKEM|0.0
Q13131|Q15149_EMSVYEAYR|0.0
Q13131|Q15149_VYEAYRKGL|0.012
Q13131|Q15149_TLSITEFAD|0.0
Q13131|Q15149_PTEETGPVA|0.0
Q13131|Q15149_EDPRTKTKM|0.591
Q13131|Q15149_KGWLYYEAG|0.0
Q13131|Q15149_GWLYYEAGQ|0.341
Q13131|Q15149_LEVQYLTGG|0.0
Q13131|Q15149_ALDRSMVEE|0.675
Q13131|Q15149_YYSPYSVSG|0.048
Q13131|Q15149_TGSRTGSRA|0.615
Q13131|Q15149_SRTGSRAGS|0.55
Q13131|Q15149_SRAGSRRGS|0.666
Q13131|Q15149_SSSSYSSSG|0.0
Q13131|Q15149_SSSGYGRRY|0.487
Q13131|Q15149-2____MSGEDA|0.0
Q13131|Q15149-2_SEDVSNGSS|0.0
Q13131|Q15149-2_GSSGSPSPG|0.0
Q13131|Q15149-2_SGSPSPGDT|0.0
Q13131|Q15149-2_SPGDTLPWN|0.0
Q13131|Q15149-2_RSRRSGGGA|0.0
Q13131|Q15149-2_GSNGSVLDP|0.0
Q13131|Q15149-2_NRRLTVNEA|0.504
Q13131|Q15149-2_YKDPYSGKL|0.0
Q13131|Q15149-2_RERKTSSKS|0.0
Q13131|Q15149-2_ERKTSSKSS|0.0
Q13131|Q15149-2_RKTSSKSSV|0.0
Q13131|Q15149-2_GGFRSRSSS|0.001
Q13131|Q15149-2_FRSRSSSVG|0.0
Q13131|Q15149-2_RSRSSSVGS|0.151
Q13131|Q15149-2_SRSSSVGSS|0.323
Q13131|Q15149-2_SSVGSSSSY|0.0
Q13131|Q15149-2_SVGSSSSYP|0.0
Q13131|Q15149-2_VGSSSSYPI|0.0
Q13131|Q15149-2_GSSSSYPIS|0.0
Q13131|Q15149-2_SYPISPAVS|0.0
Q13131|Q15149-2_SPAVSRTQL|0.503
Q13131|Q15149-2_STKGYYSPY|0.001
Q13131|Q15149-2_TKGYYSPYS|0.003
Q13131|Q15149-2_YYSPYSVSG|0.0
Q13131|Q15149-2_SRRGSFDAT|0.113
Q13131|Q15149-4____MSQHQL|0.0
Q13131|Q15149-4_EDNLYLAVL|0.0
Q13131|Q15149-4_VLRASEGKK|0.347
Q13131|Q15149-4_RERKTSSKS|0.0
Q13131|Q15149-4_ERKTSSKSS|0.0
Q13131|Q15149-4_SSKSSVRKR|0.0
Q13131|Q15149-4_YYSPYSVSG|0.0
Q13131|Q15149-6____MSGAGG|0.0
Q13131|Q15149-6_GAFASPREV|0.0
Q13131|Q15149-6_RGYLYQQLC|0.0
Q13131|Q15149-6_RERKTSSKS|0.0
Q13131|Q15149-6_ERKTSSKSS|0.0
Q13131|Q15149-6_RKTSSKSSV|0.0
Q13131|Q15149-6_SSKSSVRKR|0.001
Q13131|Q15149-6_YYSPYSVSG|0.0
Q13131|Q15149-9_VREKYKDER|0.0
Q13131|Q15149-9_RERKTSSKS|0.0
Q13131|Q15149-9_ERKTSSKSS|0.0
Q13131|Q15149-9_RKTSSKSSV|0.0
Q13131|Q9NYT0_LRQNTLVYY|0.379
Q13131|Q9NYT0_QQLHSLRNS|0.759
Q13131|Q9NYT0_PPHISLHRI|0.0
Q13131|Q9NYT0_MEQGSTYKK|0.01
Q13131|Q9NYT0_VGVRSMGAI|0.696
Q13131|Q9NYT0_STALYTFAE|0.0
Q13131|Q9NYT0_ELSGTVVKQ|0.148
Q13131|Q9NYT0_FLHYYDPSK|0.0
Q13131|Q9NYT0_FKVITKDDT|0.0
Q13131|Q9NYT0_DDTHYYIQA|0.458
Q13131|Q9HB21_AIKLTYISK|0.982
Q13131|Q9HB21_IKLTYISKV|0.42
Q13131|Q9HB21_VSDATKLRP|0.801
Q13131|Q9HB21_AIKITVPKQ|0.019
Q13131|Q9HB21_SQPNSDNLS|0.528
Q13131|Q9HB21_ECGESIDRN|0.979
Q13131|Q9HB21_NLKRSQSHL|0.99
Q13131|Q9HB21_KRSQSHLPY|0.997
Q13131|Q9HB21_SHLPYFTPK|0.764
Q13131|Q9HB21_LPYFTPKPP|0.06
Q13131|Q9HB21_PPQDSAVIK|0.435
Q13131|Q9HB21_WKRRYFQLD|0.937
Q13131|Q9HB21_NTIGYFKSE|0.424
Q13131|Q9HB21_GYFKSELEK|0.412
Q13131|Q9HB21_IKAVSGAIV|0.446
Q13131|Q9HB21_GRSASSEHP|0.982
Q13131|Q9HB21_TASRSNSLV|0.992
Q13131|Q9HB21_NSLVSTFTM|0.244
Q13131|Q9HB21_SLVSTFTME|0.772
Q13131|Q9HB21_KRGFYESLA|0.836
Q13131|Q9HB21_GFYESLAKV|0.474
Q13131|Q9HB21_LRPQSKNGP|0.998
Q13131|Q9HB21_LDDASLPVS|0.406
Q13131|Q9HB21-2_RSASSMRQA|0.0
Q13131|Q9HB21-2_ARRLSNPCI|0.0
Q13131|Q9HB19_LPMTTEVLK|0.016
Q13131|Q9HB19_ILRRSQSYI|0.74
Q13131|Q9HB19_RSQSYIPTS|0.0
Q13131|Q9HB19_SYIPTSGCR|0.0
Q13131|Q9HB19_GCRASTGPP|0.156
Q13131|Q9HB19_CRASTGPPL|0.476
Q13131|Q9HB19_SISLTRPGS|0.294
Q13131|Q9HB19_RPGSSSLSS|0.714
Q13131|Q9HB19_PGSSSLSSG|0.0
Q13131|Q9HB19_SSLSSGPNS|0.0
Q13131|Q9HB19_SGPNSILCR|0.168
Q13131|Q9HB19_PSVASSWQP|0.019
Q13131|Q9HB19_WQPWTPVPQ|0.0
Q13131|Q9HB19_TSEDSLFTP|0.0
Q13131|Q9HB19_DSLFTPRPG|0.0
Q13131|Q9HB19_IRHRSEPQH|0.0
Q13131|Q9HB20_PVSPSPVQM|0.0
Q13131|Q9HB20_KRSVSHPGS|0.562
Q13131|Q9HB20_RSSHSIKEP|0.001
Q13131|Q9HB20_RRRRTYSDT|0.509
Q13131|Q9HB20_RRRTYSDTD|0.001
Q13131|Q9HB20_SDTDSCSDI|0.001
Q13131|Q9HB20_AKKQSESED|0.611
Q13131|Q9H4M7__MEGSRPRS|0.025
Q13131|Q9H4M7_SRPRSSLSL|0.0
Q13131|Q9H4M7_RSSLSLASS|0.073
Q13131|Q9H4M7_ASTISSLSS|0.0
Q13131|Q9H4M7_STISSLSSL|0.0
Q13131|Q9H4M7_LSSLSPKKP|0.013
Q13131|Q9H4M7_EGDDYGQPR|0.0
Q13131|Q9H4M7_EGRISESPE|0.001
Q13131|Q9H4M7_RISESPEVT|0.458
Q13131|Q9H4M7_VTRLSRGRG|0.661
Q13131|Q9H4M7_PRLLTPSPT|0.015
Q13131|Q9H4M7_LLTPSPTTD|0.0
Q13131|Q9H4M7_TPSPTTDLH|0.001
Q13131|Q9H4M7_RRARSPDLF|0.106
Q13131|Q9H4M7_PDLFTPLSR|0.352
Q13131|Q9H4M7_FTPLSRPPS|0.673
Q13131|Q9H4M7_SRPPSPLSL|0.323
Q13131|Q9H4M7_ARPHTPLSR|0.35
Q13131|Q9H4M7_HTPLSRIDV|0.622
Q13131|Q9H4M7_RQTLSRPPT|0.001
Q13131|Q9H4M7_SRPPTPRRG|0.003
Q13131|Q9H4M7_KPPRSPQHW|0.045
Q13131|Q9H4M7_GSPTYLQLP|0.004
Q13131|Q9H4M7_GTRASMVLL|0.504
Q13131|Q9H4M7_LHLGSPQDR|0.0
Q13131|Q9H4M7_KDLASPHLG|0.0
Q13131|Q9H4M7_RHLPSPQLG|0.03
Q13131|Q9H4M7_FPRPTSPRL|0.409
Q13131|Q9H4M7_GRTLSPARR|0.002
Q13131|Q9H4M7_WLRSSGSWS|0.258
Q13131|Q9H4M7_ERVLSLSQA|0.831
Q13131|Q9H4M7_PPPRSPPVA|0.005
Q13131|Q9H4M7_LLQSSF___|0.014
Q13131|Q9H4M7-2_LGTKSKEHH|0.0
Q13131|Q9H4M7-2_DFRRSPGAG|0.0
Q13131|Q9H4M7-2_QPLPSPGY_|0.0
Q13131|Q9HAU0_RRQSTDLPT|0.497
Q13131|Q9HAU0_ATMTSEEKK|0.0
Q13131|Q9HAU0_ERPISMINE|0.0
Q13131|Q9HAU0_INEASNYNV|0.652
Q13131|Q9HAU0_NYNVTSDYA|0.152
Q13131|Q9HAU0_YNVTSDYAV|0.0
Q13131|Q9HAU0_VHPMSPVGR|0.41
Q13131|Q9HAU0_PVGRTSRAS|0.002
Q13131|Q9HAU0_FGKRSNSIK|0.433
Q13131|Q9HAU0_KRSNSIKRN|0.53
Q13131|Q9HAU0_RGWLYKQDS|0.0
Q13131|Q9HAU0_EAEKYGFQK|0.0
Q13131|Q9HAU0_NSLPSEYES|0.0
Q13131|Q9HAU0_LPSEYESGS|0.0
Q13131|Q9HAU0_YESGSACPA|0.0
Q13131|Q9HAU0_CPAQTVHYR|0.198
Q13131|Q9HAU0_QTVHYRPIN|0.041
Q13131|Q9HAU0_NLSSSENKI|0.0
Q13131|Q9HAU0_NRPNTGPLY|0.014
Q13131|Q9HAU0_TGPLYTEAD|0.137
Q13131|Q9HAU0_GPLYTEADR|0.583
Q13131|Q9HAU0_VIQRTNSMQ|0.499
Q13131|Q9HAU0_RGVISYQTL|0.578
Q13131|Q9HAU0_GVISYQTLP|0.096
Q13131|Q9HAU0_IMARYPEGY|0.22
Q13131|Q9HAU0_TRPESICSV|0.57
Q13131|Q9HAU0_ESICSVTPS|0.0
Q13131|Q9HAU0_EKRRSMRDD|0.625
Q13131|Q9HAU0_MRDDTMWQL|0.0
Q13131|Q9HAU0_MWQLYEWQQ|0.002
Q13131|Q9HAU0_QRQFYNKQS|0.499
Q13131|Q9HAU0_STLSSPKTM|0.193
Q13131|Q9HAU0_HSIPTSPSH|0.017
Q13131|Q9HAU0_PSHGSIAAY|0.268
Q13131|Q9HAU0_SIAAYQGYS|0.002
Q13131|Q9HAU0_YQGYSPQRT|0.274
Q13131|Q9HAU0_PKHVYVPDR|0.302
Q13131|Q9HAU0_PDRRSVPAG|0.548
Q13131|Q9HAU0_VSPQSLQGK|0.482
Q13131|Q9HAU0_GKTLSQDEG|0.0
Q13131|Q9HAU0_EGPDYRLYK|0.0
Q13131|Q9HAU0_DYRLYKSEP|0.0
Q13131|Q9HAU0_EVDESNGEE|0.504
Q13131|Q9HAU0_GEEKSEPVS|0.0
Q13131|Q9HAU0_SEPVSEIET|0.0
Q13131|Q9HAU0_EIETSVVKG|0.151
Q13131|Q9HAU0_VVKGSHFPV|0.157
Q13131|Q9HAU0_PESSTIASY|0.429
Q13131|Q9HAU0_STIASYVTL|0.558
Q13131|Q9HAU0_TIASYVTLR|0.292
Q13131|Q9HAU0_ASYVTLRKT|0.238
Q13131|Q9HAU0_TLRKTKKMM|0.543
Q13131|Q9HAU0_PDHETPATE|0.0
Q13131|Q9HAU0_TENISYEML|0.0
Q13131|Q9HAU0_ENISYEMLF|0.0
Q13131|Q9HAU0_DVTFSPQDE|0.0
Q13131|Q9HAU0_RGNQTMAVK|0.1
Q13131|Q9HAU0_VKSLSPSPE|0.0
Q13131|Q9HAU0_SLSPSPESS|0.008
Q13131|Q9HAU0_ESSASPVPS|0.0
Q13131|Q9HAU0-3_LQSVSPQSL|0.0
Q13131|Q9HAU0-3_VSPQSLQGK|0.0
Q13131|Q9Y2H5_MSNKTGGKR|0.081
Q13131|Q9Y2H5_PPHNSLPKP|0.0
Q13131|Q9Y2H5_PEPASEPGS|0.0
Q13131|Q9Y2H5_SEPGSPYPE|0.0
Q13131|Q9Y2H5_NGWQYHSPS|0.001
Q13131|Q9Y2H5_WQYHSPSRP|0.0
Q13131|Q9Y2H5_YHSPSRPGS|0.0
Q13131|Q9Y2H5_SRPGSTAFP|0.463
Q13131|Q9Y2H5_TAFPSQDGE|0.0
Q13131|Q9Y2H5_GHRRSFPPR|0.0
Q13131|Q9Y2H5_QRKSSMNQL|0.795
Q13131|Q9Y2H5_EDLRSPSRF|0.0
Q13131|Q9Y2H5_LRSPSRFYP|0.715
Q13131|Q9Y2H5_PSRFYPVSR|0.0
Q13131|Q9Y2H5_FYPVSRRVP|0.0
Q13131|Q9Y2H5_RVPEYYGPY|0.0
Q13131|Q9Y2H5_YSSQYPDDY|0.0
Q13131|Q9Y2H5_YPDDYQYYP|0.0
Q13131|Q9Y2H5_DDYQYYPPG|0.0
Q13131|Q9Y2H5_DYQYYPPGV|0.0
Q13131|Q9Y2H5_VRPESICSM|0.0
Q13131|Q9Y2H5_ESICSMPAY|0.0
Q13131|Q9Y2H5_SMPAYDRIS|0.0
Q13131|Q9Y2H5_YDRISPPWA|0.0
Q13131|Q9Y2H5_GGPAYQLRE|0.0
Q13131|Q9Y2H5_VWIPSPSRQ|0.0
Q13131|Q9Y2H5_RQPVYYDEL|0.0
Q13131|Q9Y2H5_QPVYYDELD|0.0
Q13131|Q9Y2H5_LDAASSSLR|0.0
Q13131|Q9Y2H5_LRRLSLQPR|0.847
Q13131|Q9Y2H5_LQPRSHSVP|0.663
Q13131|Q9Y2H5_PRSHSVPRS|0.492
Q13131|Q9Y2H5_PSQGSYSRA|0.0
Q13131|Q9Y2H5_QGSYSRARI|0.0
Q13131|Q9Y2H5_RARIYSPVR|0.0
Q13131|Q9Y2H5_VRSPSARFE|0.768
Q13131|Q9Y2H5_LPPRSEDIY|0.646
Q13131|Q9Y2H5_DPAAYVMRR|0.059
Q13131|Q9Y2H5_RSISSPKVP|0.0
Q13131|Q9Y2H5_EMFGSQPAY|0.0
Q13131|Q9Y2H5_PSATYSSNS|0.0
Q13131|Q9Y2H5_LPLDTPRDI|0.0
Q13131|Q9Y2H5_PRDISLVPT|0.0
Q13131|Q9Y2H5_RRNASGLTN|0.986
Q13131|Q9Y2H5_ERPKSAVFP|0.026
Q13131|Q9Y2H5_HQSGSMREK|0.001
Q13131|Q9Y2H5_EKRRSLQLP|0.0
Q13131|Q9Y2H5_EVDISNLEA|0.0
Q13131|Q9Y2H5_GGHAYETPR|0.002
Q13131|Q9Y2H5_LEPDTPLSP|0.0
Q13131|Q9Y2H5_LIAKSSMQN|0.0
Q13131|Q9Y2H5_GEGDSVDVP|0.0
Q13131|Q9Y2H5_QDSESQLQE|0.0
Q13131|Q9Y2H5_GRMLSVQCA|0.003
Q13131|Q9Y2H5_VQCATPSPP|0.0
Q13131|Q9Y2H5_PSPPTSPAS|0.0
Q13131|Q6IQ23_NQRPSSMVS|0.034
Q13131|Q6IQ23_QRPSSMVSE|0.527
Q13131|Q6IQ23_SSMVSETST|0.238
Q13131|Q6IQ23_MVSETSTAG|0.0
Q13131|Q6IQ23_VSETSTAGT|0.0
Q13131|Q6IQ23_SETSTAGTA|0.0
Q13131|Q6IQ23_KIIKSSSKV|0.0
Q13131|Q6IQ23_IIKSSSKVH|0.0
Q13131|Q6IQ23_IKSSSKVHS|0.0
Q13131|Q6IQ23_SKVHSFGKR|0.395
Q13131|Q6IQ23_RALIYNSST|0.0
Q13131|Q6IQ23_YNSSTAGSQ|0.0
Q13131|Q6IQ23_EGEQYRSQR|0.0
Q13131|Q6IQ23_SKARSPYSP|0.0
Q13131|Q6IQ23_RSPYSPAEE|0.0
Q13131|Q6IQ23_EQNGTGGYQ|0.0
Q13131|Q6IQ23_GTGGYQRAF|0.0
Q13131|Q6IQ23_PEKHSQRKS|0.0
Q13131|Q6IQ23_SQRKSNLAQ|0.687
Q13131|Q6IQ23_GDSRSLPLD|0.276
Q13131|Q6IQ23_PLDQTLPRQ|0.466
Q13131|Q6IQ23_GQSLSFPEN|0.0
Q13131|Q6IQ23_ENYQTLPKS|0.536
Q13131|Q6IQ23_TLPKSTRHP|0.0
Q13131|Q6IQ23_TRHPSGGSS|0.0
Q13131|Q6IQ23_SGGSSPPPR|0.0
Q13131|Q6IQ23_LPSDYKYAQ|0.0
Q13131|Q6IQ23_SDYKYAQDR|0.0
Q13131|Q6IQ23_VWQLYEWQQ|0.0
Q13131|Q6IQ23_HGSPTAPIC|0.0
Q13131|Q6IQ23_ICLGSPEFT|0.0
Q13131|Q6IQ23_DQGRSRSML|0.476
Q13131|Q6IQ23_GRSRSMLEV|0.594
Q13131|Q6IQ23_EVPRSISVP|0.466
Q13131|Q6IQ23_PRSISVPPS|0.456
Q13131|Q6IQ23_RRPHTPAER|0.0
Q13131|Q6IQ23_AVKNSSHVD|0.0
Q13131|Q6IQ23_VKNSSHVDR|0.0
Q13131|Q6IQ23_VDRRSMPSM|0.417
Q13131|Q6IQ23_THTVSAPSL|0.421
Q13131|Q6IQ23_SADDTYLQL|0.0
Q13131|Q6IQ23_ADDTYLQLK|0.013
Q13131|Q6IQ23_KDLEYLDLK|0.0
Q13131|Q6IQ23_LKDRSLKPV|0.204
Q13131|Q6IQ23_KIAESDTDV|0.0
Q13131|Q6IQ23_SPVRTPLEV|0.0
Q13131|Q6IQ23_PQLQTYVPY|0.574
Q13131|Q6IQ23_QLQTYVPYR|0.0
Q13131|Q6IQ23_TYVPYRPHP|0.0
Q13131|Q6IQ23_LRKVTSPLQ|0.226
Q13131|Q6IQ23_PELYSPEDQ|0.0
Q13131|Q6IQ23_LKRQSDERK|0.0
Q13131|Q6IQ23_VNGDSRVEL|0.0
Q13131|Q6IQ23_VELRSYVSE|0.05
Q13131|Q6IQ23_PELATLSGD|0.0
Q13131|Q6IQ23_PESRYQTLP|0.0
Q13131|Q6IQ23_SRYQTLPGR|0.002
Q13131|Q6IQ23_GLSGSTSRL|0.452
Q13131|Q6IQ23_LSGSTSRLQ|0.369
Q13131|Q6IQ23_TIAPYVTLR|0.0
Q13131|Q6IQ23_APYVTLRRG|0.0
Q13131|Q6IQ23_PRPKSALER|0.0
Q13131|Q6IQ23_LERLYSGDH|0.0
Q13131|Q6IQ23_ERLYSGDHQ|0.0
Q13131|Q6IQ23_ERKRTLGQG|0.0
Q13131|Q6IQ23_SRYLSRPLP|0.0
Q13131|Q96JA3_IDVGTLLKS|0.346
Q13131|Q96JA3_TFLKTLEEC|0.0
Q13131|Q96JA3_NAAFTSELL|0.0
Q13131|Q96JA3_SELLYRTPP|0.0
Q13131|Q96JA3_LLYRTPPGS|0.0
Q13131|Q96JA3_TPPGSPQLA|0.0
Q13131|Q96JA3_PIHNSLERQ|0.0
Q13131|Q96JA3_KNKNSLYLK|0.0
Q13131|Q96JA3_KEEFTTLQK|0.0
Q13131|Q96JA3_EEFTTLQKI|0.0
Q13131|Q96JA3_KGFLTEVKN|0.0
Q13131|Q96JA3_KDIQTALNN|0.62
Q13131|Q96JA3_LNNAYGKTL|0.0
Q13131|Q96JA3_RAAPSYEDF|0.0
Q13131|Q9UF11_LEANSTPAP|0.0
Q13131|Q9UF11_EANSTPAPA|0.0
Q13131|Q9UF11_PYQDYYEVV|0.0
Q13131|Q9UF11_YQDYYEVVP|0.0
Q13131|Q9UF11_HEATYVRSY|0.0
Q13131|Q9UF11_YVRSYYGPP|0.0
Q13131|Q9UF11-2_PYQDYYEVV|0.0
Q13131|Q96CS7_INIRTGQEC|0.49
Q13131|Q96CS7_PEQAYGYGP|0.0
Q13131|A6NEE1_SPSPSLEQA|0.0
Q13131|A6NEE1_YYSESEKKS|0.0
Q13131|A6NEE1_RFRESIYHI|0.0
Q13131|A6NEE1_RESIYHIMA|0.0
Q13131|Q9H8W4_WLIKTPTKS|0.0
Q13131|Q9H8W4_KAKFTPVNR|0.0
Q13131|Q9H8W4_YDLLSAGDM|0.61
Q13131|Q9H8W4_QPARSDSYS|0.0
Q13131|Q9H8W4_RSDSYSQSL|0.0
Q13131|Q9H8W4_SDSYSQSLK|0.206
Q13131|Q9H8W4_QSLKSPLND|0.262
Q13131|Q9H8W4_DDDDSSD__|0.0
Q13131|Q9ULL1_ARPFSSSEL|0.0
Q13131|Q9ULL1_DSATSPKLL|0.0
Q13131|Q9ULL1_GFCYSPEGG|0.0
Q13131|Q9ULL1_LRRKSEPSS|0.0
Q13131|Q9ULL1_REEGSPQLS|0.0
Q13131|Q9ULL1_PSRRSPQEN|0.0
Q13131|Q9ULL1_DEDDYQMFV|0.0
Q13131|Q9ULL1_VRRASSAGE|0.0
Q13131|Q9ULL1_RRASSAGES|0.0
Q13131|Q9ULL1_ELQNSPKTE|0.0
Q13131|Q9ULL1_EEAESTPSK|0.0
Q13131|Q9ULL1_EAESTPSKS|0.0
Q13131|Q9ULL1_SARDSVRPK|0.0
Q13131|Q9ULL1_VRPKSTPEL|0.468
Q13131|Q9ULL1_RPKSTPELA|0.0
Q13131|Q9ULL1_LHAESTPEL|0.084
Q13131|Q9ULL1_TPELSRDVG|0.001
Q13131|Q9ULL1_DVGRSVSTL|0.345
Q13131|Q9ULL1_VSTLSLPES|0.0
Q13131|Q9ULL1_QALLTPVKS|0.0
Q13131|Q9ULL1_EDLISKEGS|0.0
Q13131|Q9ULL1_SKEGSFMSL|0.0
Q13131|Q9ULL1_GSFMSLNRL|0.004
Q13131|Q9ULL1_LSLASEMPL|0.0
Q13131|Q9ULL1_MDNPYDLAN|0.0
Q13131|Q9ULL1_ARQYSQKIK|0.0
Q13131|Q9ULL1_LKVKSLELE|0.457
Q13131|Q9ULL1_YSQLYDQIV|0.0
Q13131|Q9ULL1_DGWASPQES|0.0
Q13131|Q9ULL1_LRSRYPTFE|0.0
Q13131|Q9ULL1_PRQLSAACS|0.0
Q13131|Q9ULL1_SAACSVPSL|0.0
Q13131|Q9ULL1_VQRCSVVVS|0.0
Q13131|Q9ULL1_HLYNSLGRK|0.443
Q13131|Q9ULL1_RKGISAKSQ|0.0
Q13131|Q9ULL1_KSQPYHRSQ|0.0
Q13131|Q9ULL1_RSQSSSSVL|0.0
Q13131|Q9ULL1_KSMDSINYP|0.0
Q13131|Q9ULL1_QQLLSLHRS|0.0
Q13131|Q9ULL1_SRCESHQDL|0.0
Q13131|Q9ULL1_ELELSHNRR|0.023
Q13131|Q9ULL1_KLGLSPYLT|0.0
Q13131|Q9ULL1_SPYLTPYND|0.0
Q13131|Q9ULL1_WRGPSPNQQ|0.0
Q13131|Q9ULL1_NIVQSLREK|0.0
Q13131|Q9H7P9_PTMASPRGS|0.0
Q13131|Q9H7P9_GIPGSARPS|0.03
Q13131|Q9H7P9_SARPSRLER|0.0
Q13131|Q9H7P9_EGPGTGGRE|0.0
Q13131|Q9H7P9_EAIVSMTAV|0.0
Q13131|Q9H7P9_IVSMTAVAW|0.0
Q13131|Q9H7P9_RDARSFTPG|0.0
Q13131|Q9H7P9_ARSFTPGRR|0.0
Q13131|Q9H7P9_GRRNTAPSP|0.053
Q13131|Q9H7P9_SPGPSVIRR|0.0
Q13131|Q9H7P9_GRRQSEPVK|0.006
Q13131|Q9H7P9_KHAGSEGEL|0.0
Q13131|Q9H7P9_AGPPTLDPS|0.0
Q13131|Q9H7P9_TLDPSGTSI|0.0
Q13131|Q9H7P9_SRLPSLSDI|0.0
Q13131|Q9H7P9_LSDISDVFE|0.0
Q13131|Q9H7P9_SVPNTPSLS|0.0
Q13131|Q9H7P9_LFSGSNPGK|0.0
Q13131|Q9H7P9_GEPPSGGKA|0.0
Q13131|Q9H7P9_EEGVSFTDF|0.0
Q13131|Q9H7P9_GVSFTDFQP|0.0
Q13131|Q9H7P9_FRSCSEIRS|0.0
Q13131|Q9H7P9_ARLYSERIQ|0.0
Q13131|Q9H7P9_IQGLSPTPV|0.0
Q13131|Q9H7P9_ARLESSDLT|0.0
Q13131|Q9H7P9_SPPPSSRQL|0.0
Q13131|Q9H7P9_PPPSSRQLL|0.0
Q13131|Q9H7P9_LAASYISQS|0.0
Q13131|Q9H7P9_YISQSLARR|0.011
Q13131|Q9H7P9_APAASRGSW|0.0
Q13131|Q9H7P9_SRASSPPPQ|0.0
Q13131|Q9H7P9_ARRLSYATT|0.012
Q13131|A1L390_EPSSSEAPA|0.0
Q13131|A1L390_HLPNSNNNS|0.0
Q13131|A1L390_SNNNSSSWL|0.0
Q13131|A1L390_IVEDYLLKI|0.0
Q13131|A1L390_MLIESTRDS|0.0
Q13131|A1L390_IQAKTVEEK|0.002
Q13131|A1L390_KRNWTHHIK|0.0
Q13131|A1L390_NHHATIPQK|0.0
Q13131|A1L390_RYRCSPERL|0.0
Q13131|A1L390_KAWSSQDEV|0.741
Q13131|A1L390_GRRQSEPTK|0.0
Q13131|A1L390_GRRESESSR|0.0
Q13131|A1L390_SRRPSGRSP|0.48
Q13131|A1L390_PSGRSPTST|0.0
Q13131|A1L390_EETPSDTES|0.0
Q13131|A1L390_SDTESPEVL|0.0
Q13131|A1L390_RFVSSFSRR|0.0
Q13131|A1L390_VSSFSRRSS|0.527
Q13131|A1L390_FSRRSSVAQ|0.518
Q13131|A1L390_SRRSSVAQE|0.0
Q13131|A1L390_PRLVSRSSS|0.0
Q13131|A1L390_LVSRSSSVL|0.645
Q13131|A1L390_VSRSSSVLS|0.0
Q13131|A1L390_ARHGSATDS|0.0
Q13131|A1L390_DAGFSVRRR|0.0
Q13131|A1L390_RESLSYIPK|0.178
Q13131|A1L390_LVRNSISRF|0.059
Q13131|A1L390_SRFNSLPRP|0.103
Q13131|A1L390_GSRPTSWAL|0.765
Q13131|A1L390_SRPTSWALF|0.002
Q13131|A1L390_SATASPESS|0.0
Q13131|A1L390_PESSSPTEG|0.0
Q13131|A1L390_TEGRSPAHL|0.0
Q13131|A1L390_ARQYSLRIK|0.853
Q13131|A1L390_AQEHSPPKP|0.0
Q13131|A1L390_FFNPSAVSQ|0.0
Q13131|A1L390_PSAVSQRTT|0.0
Q13131|A1L390_TETFSWPDV|0.0
Q13131|A1L390_EPPLSGRVG|0.0
Q13131|A1L390_GRCRSLSTK|0.001
Q13131|A1L390_CRSLSTKRG|0.0
Q13131|A1L390_EAAQSPGPL|0.0
Q13131|A1L390_GPLPSPTAG|0.0
Q13131|A1L390_QGPSSPVAL|0.0
Q13131|A1L390_QALNSVG__|0.0
Q13131|Q58EX7_NGDESPDSQ|0.0
Q13131|Q58EX7_ESPDSQGHA|0.0
Q13131|Q58EX7_GSPLSRKFQ|0.0
Q13131|Q58EX7_PSGLSPGAL|0.0
Q13131|Q58EX7_PDYRTAMDK|0.0
Q13131|Q58EX7_ADELYDRVD|0.0
Q13131|Q58EX7_RKAYSFDRN|0.516
Q13131|Q58EX7_GQSLSEPAC|0.0
Q13131|Q58EX7_LPQASPTVP|0.0
Q13131|Q58EX7_DTFAYKRSF|0.0
Q13131|Q58EX7_DIAPSEEAI|0.0
Q13131|Q58EX7_RTVNYVLKC|0.0
Q13131|Q96PX9_QEETSGPRG|0.0
Q13131|Q96PX9_DPQQTPSLE|0.001
Q13131|Q96PX9_QQTPSLEKE|0.0
Q13131|Q96PX9_GTEDSRDTL|0.0
Q13131|Q96PX9_DSRDTLEAA|0.023
Q13131|Q96PX9_KPWASQQDL|0.0
Q13131|Q96PX9_PLAQSPPKH|0.088
Q13131|Q96PX9_KKTQSFEIP|0.784
Q13131|Q96PX9_QHARSPPVT|0.0
Q13131|Q96PX9_MDLASYLLR|0.49
Q13131|Q96PX9_DLASYLLRP|0.471
Q13131|O94827_GLKLSKKKA|0.019
Q13131|O94827_RRRHTDDPS|0.0
Q13131|O94827_KVDIYLDQS|0.0
Q13131|O94827_TFEAYRFGG|0.0
Q13131|O94827_FGGHYLRVK|0.002
Q13131|O94827_KDSKSLSLP|0.0
Q13131|O94827_SKSLSLPIL|0.0
Q13131|O94827_RPAGTGPPA|0.118
Q13131|O94827_SRRESLDIL|0.0
Q13131|O94827_GCMEYMRGL|0.014
Q13131|O94827_RIDAYEVVE|0.001
Q13131|O94827_EVVESSSDE|0.004
Q13131|O94827_VVESSSDEV|0.002
Q13131|O94827_VESSSDEVD|0.0
Q13131|O94827_RAPESPRVP|0.0
Q13131|O94827_PRVPSPPPS|0.274
Q13131|O94827_SPPPSPRLR|0.057
Q13131|O94827_LRRRTPVQL|0.491
Q13131|O94827_HLLKSKSEA|0.549
Q13131|O94827_LKSKSEASL|0.004
Q13131|O94827_GTHGTPSAP|0.235
Q13131|O94827_HGTPSAPSR|0.0
Q13131|O94827_SRSLSELCL|0.0
Q13131|O94827_RTQGSPQEA|0.078
Q13131|Q3KR16_YPRGYPVLD|0.005
Q13131|Q3KR16_VLDPSRRRL|0.461
Q13131|Q3KR16_RLQQYVPFA|0.0
Q13131|Q3KR16_ARGLSPMRL|0.057
Q13131|Q3KR16_GLLHSPKLK|0.005
Q13131|Q3KR16_VRLHTFSMF|0.0
Q13131|Q3KR16_LHTFSMFGM|0.036
Q13131|Q3KR16_EGGDSGLTI|0.0
Q13131|Q3KR16_DSGLTIEKS|0.043
Q13131|Q3KR16_TELIYVRKL|0.0
Q13131|Q3KR16_LKIMTDLLA|0.0
Q13131|Q3KR16_KHKRSGRQM|0.72
Q13131|Q3KR16_RITKYPLLL|0.226
Q13131|Q3KR16_AGHTSLRPM|0.0
Q13131|Q6ZR37_ILSPTSRHL|0.0
Q13131|Q6ZR37_LSPTSRHLL|0.0
Q13131|Q6ZR37_FLDVYLFLF|0.0
Q13131|Q6ZR37_MAQITTAIS|0.005
Q13131|Q6ZR37_AQITTAISC|0.0
Q13131|Q6ZR37_ISCFTKSQE|0.002
Q13131|Q6ZR37-2_KNQGSLLQF|0.001
Q13131|Q6ZR37-2_RISTSPTLR|0.0
Q13131|Q9ULM0_EAPASVDWQ|0.315
Q13131|Q9ULM0_DSEGSLHRK|0.542
Q13131|Q9ULM0_DELISQLEA|0.471
Q13131|Q9ULM0_VLAPSPGAL|0.483
Q13131|Q9ULM0_GALQSKDSV|0.483
Q13131|Q9ULM0_SEAASPLED|0.503
Q13131|Q9ULM0_LGRESPPHQ|0.517
Q13131|Q9ULM0_GSSLTLPKV|0.598
Q13131|Q9ULM0_PALVSPGSF|0.32
Q13131|Q9ULM0_TVPVYTALK|0.427
Q13131|Q9ULM0_ESRKTSGLG|0.057
Q13131|Q9ULM0_SGLGSPRAI|0.467
Q13131|Q9ULM0_LGGESLEKS|0.01
Q13131|Q9ULM0_SLEKSGYLL|0.018
Q13131|Q9ULM0_EKSGYLLKM|0.473
Q13131|Q9ULM0_KIFYYYRSH|0.426
Q13131|Q9ULM0_LASQTSREI|0.364
Q13131|Q9ULM0_ASQTSREIV|0.477
Q13131|Q8IVE3_VALESQLMK|0.236
Q13131|Q8IVE3_QGKKSSTVS|0.0
Q13131|Q8IVE3_GKKSSTVST|0.0
Q13131|Q8IVE3_KKSSTVSTL|0.0
Q13131|Q8IVE3_SSTVSTLKL|0.0
Q13131|Q8IVE3_STVSTLKLS|0.0
Q13131|Q8IVE3_GQRLSSLTF|0.0
Q13131|Q8IVE3_SRARSPPQV|0.495
Q13131|Q8IVE3_KTRTSFATD|0.0
Q13131|Q8IVE3_TSFATDGGI|0.0
Q13131|Q8IVE3_GRSKSRCTS|0.0
Q13131|Q8IVE3_KKLYSWQQE|0.0
Q13131|Q8IVE3_QLVPSSHLP|0.0
Q13131|Q8IVE3_LVPSSHLPP|0.0
Q13131|Q8IVE3_VFSISVALA|0.0
Q13131|Q8IVE3_KVAYSKPPT|0.0
Q13131|Q8IVE3_SKPPTPPLH|0.0
Q13131|Q8IVE3_HRFPSWESR|0.259
Q13131|Q8IVE3_PSWESRIYA|0.0
Q13131|Q8IVE3_GIRMSEAFN|0.0
Q13131|Q8IVE3_QISSSPFLD|0.0
Q13131|Q8IVE3_FLDDSSGSE|0.0
Q13131|Q8IVE3_LDDSSGSEE|0.0
Q13131|Q8IVE3_DSSGSEEED|0.0
Q13131|Q8IVE3_SSSRTSESD|0.0
Q13131|Q8IVE3_SESDSRSRS|0.0
Q13131|Q8IVE3_EKSGYLLKM|0.0
Q13131|Q8IVE3_GKTLYYFRS|0.0
Q13131|Q8IVE3_KTLYYFRSQ|0.0
Q13131|Q8IVE3_RSCDSDEDY|0.613
Q13131|Q8IVE3_KCEGTRTVR|0.0
Q13131|Q8IVE3_RLYFSVQAR|0.517
Q13131|Q8IVE3_IEKFYPKRY|0.0
Q13131|Q8IVE3_KSLMTFGGY|0.247
Q13131|Q8IVE3_KDKPTEKLL|0.0
Q13131|Q8IVE3_FHHLSAPAL|0.76
Q13131|Q8IVE3_RMMGSQPLL|0.0
Q13131|Q7Z736_RRLGSLVLT|0.818
Q13131|Q7Z736_SLVLTSLCS|0.0
Q13131|Q7Z736_RRKETGLWS|0.036
Q13131|Q7Z736_PEGLSPDGH|0.0
Q13131|Q7Z736_PPDDTLRAL|0.0
Q13131|Q7Z736_LRLQSLQRD|0.003
Q13131|Q7Z736_RTAGSIARE|0.0
Q13131|Q9NW61_PERKYHFEC|0.0
Q13131|Q9NW61_RRASYEFMR|0.0
Q13131|Q9Y4G2_KLVGSVKAL|0.0
Q13131|Q9Y4G2_QRKESLDSI|0.002
Q13131|Q9Y4G2_ASSLSLDTA|0.0
Q13131|Q9Y4G2_QENGSKSPD|0.0
Q13131|Q9Y4G2_NGSKSPDHC|0.0
Q13131|Q9Y4G2_DSDRSLQEV|0.0
Q13131|Q9Y4G2_PQAPSPLDL|0.352
Q13131|Q9Y4G2_PKNKSWISE|0.214
Q13131|Q9Y4G2_HRHFSQEPR|0.574
Q13131|Q9Y4G2_RKNCSLGAL|0.0
Q13131|Q9Y4G2_ACVPSPGRR|0.0
Q13131|Q9Y4G2_QAAPSQGHK|0.0
Q13131|Q9Y4G2_QGHKSFRVV|0.0
Q13131|Q9Y4G2_QMGLSNPFR|0.0
Q13131|Q9Y4G2_LRCESVGPA|0.0
Q13131|Q9Y4G2_EKMLSDSHG|0.0
Q13131|Q9Y4G2_VLASYLETA|0.0
Q13131|Q9Y4G2_EEAVTLGGS|0.0
Q13131|Q8IWE5_SGPRSTASD|0.414
Q13131|Q8IWE5_RSTASDLTS|0.474
Q13131|Q8IWE5_DLTSSKAST|0.34
Q13131|Q8IWE5_KKKKSRSDE|0.99
Q13131|Q8IWE5_KKSRSDEEA|0.969
Q13131|Q8IWE5_DEEASPLHP|0.427
Q13131|Q8IWE5_HPACSQKKC|0.503
Q13131|Q8IWE5_NGSPSLGRD|0.535
Q13131|Q8IWE5_LGRDSPDTM|0.595
Q13131|Q8IWE5_EAQLSLVRE|0.951
Q13131|Q8IWE5_RDQPSPCLS|0.521
Q13131|Q8IWE5_TEKPYLVEE|0.064
Q13131|Q8IWE5_EAVSYNELD|0.046
Q13131|Q8IWE5_NELDYVSVG|0.489
Q13131|Q6ZWE6_VDDISPALE|0.435
Q13131|Q6ZWE6_VQRGTTPDN|0.107
Q13131|Q6ZWE6_QRGTTPDNL|0.459
Q13131|Q6ZWE6_PDNLSWMEQ|0.39
Q13131|Q6ZWE6_LLDETSTFK|0.261
Q13131|Q6ZWE6_GHARSRSDI|0.928
Q13131|Q6ZWE6_ARSRSDITQ|0.987
Q13131|Q6ZWE6_LLPPSPVLD|0.476
Q13131|Q6ZWE6_IKFATSHVY|0.028
Q13131|Q6ZWE6_EEACTMFEL|0.015
Q13131|Q6ZWE6_SYQNT____|0.066
Q13131|Q494U1_RLRASFSRK|0.668
Q13131|Q494U1_QPFLSVFKK|0.421
Q13131|Q494U1_RRCHSAPPQ|0.0
Q13131|Q494U1_SSQHTPDQA|0.0
Q13131|Q494U1_ELRRSGSSR|0.0
Q13131|Q494U1_RRSGSSRSP|0.0
Q13131|Q494U1_RSGSSRSPG|0.001
Q13131|Q494U1_GSSRSPGSK|0.0
Q13131|Q494U1_HTSETSHSP|0.0
Q13131|Q494U1_ETSHSPLYA|0.0
Q13131|Q494U1_ADPYTPPAT|0.0
Q13131|Q494U1_HRRVTDVRG|0.003
Q13131|Q494U1_PAGPYLLSK|0.251
Q13131|Q494U1_PYLLSKKGA|0.0
Q13131|Q494U1_GALQSRAAQ|0.0
Q13131|Q494U1_TDGRSPRRS|0.111
Q13131|Q494U1_RDPGYDHLW|0.0
Q13131|Q494U1-2_ELPWTLQRR|0.0
Q13131|Q53GL0_KKNNSAKRG|0.661
Q13131|Q53GL0_DLDKSVAQL|0.0
Q13131|Q53GL0_QLAGSRRRA|0.001
Q13131|Q53GL0_RRADSDRIQ|0.409
Q13131|Q53GL0_RIQPSADRA|0.0
Q13131|Q53GL0_ADRASSLSR|0.0
Q13131|Q53GL0_DRASSLSRP|0.0
Q13131|Q53GL0_ASSLSRPWE|0.0
Q13131|Q53GL0_PWEKTDKGA|0.0
Q13131|Q53GL0_KGATYTPQA|0.0
Q13131|Q53GL0_GATYTPQAP|0.0
Q13131|Q53GL0_PKKLTPTEK|0.0
Q13131|Q53GL0_KLTPTEKGR|0.0
Q13131|Q53GL0_DPPRSPPDS|0.0
Q13131|Q53GL0_LGEASSNWS|0.0
Q13131|Q53GL0_GEASSNWSQ|0.0
Q13131|Q53GL0_SSNWSQAKR|0.0
Q13131|Q8TD55_WIKKSSGGL|0.121
Q13131|Q8TD55_IKKSSGGLL|0.527
Q13131|Q8TD55_ILLRSPGNK|0.004
Q13131|Q8TD55_DRVETPVGE|0.0
Q13131|Q8TD55_ERAPTPVSA|0.0
Q13131|Q8TD55_EDSGSEQPP|0.0
Q13131|Q8TD55_WENPSPQEA|0.0
Q13131|Q8TD55_GTPGTPPKD|0.012
Q13131|Q8TD55_VKVASEQTE|0.0
Q13131|Q8TD55_KVLGSEPAP|0.015
Q13131|Q8TD55_PAPVSAETL|0.437
Q13131|Q5SXH7_AGEKSFSLS|0.0
Q13131|Q5SXH7_EKSFSLSYY|0.0
Q13131|Q5SXH7_HHRGSIEID|0.0
Q13131|Q5SXH7_SIRTTNREY|0.001
Q13131|Q5SXH7_TNREYFLIG|0.001
Q13131|Q5SXH7_EEELSLGNK|0.0
Q13131|Q5SXH7_GNKRTLFYS|0.083
Q13131|Q5SXH7_LFYSSPLLG|0.0
Q13131|Q5SXH7_VGSSSPRNG|0.0
Q13131|Q5SXH7_LMEQSSPGF|0.0
Q13131|Q5SXH7_MEQSSPGFR|0.002
Q13131|Q5SXH7_LSEATQDVK|0.0
Q13131|Q5SXH7_EENHYLTPR|0.0
Q13131|Q5SXH7_NHYLTPRSV|0.0
Q13131|Q5SXH7_IECHYEPME|0.0
Q13131|Q5SXH7_FKETSHESV|0.0
Q13131|Q5SXH7-1_SAAPSQLDK|0.0
Q13131|Q5SXH7-4_KPQKSPGKQ|0.0
Q13131|Q6UQ28_FFMITPKSI|0.0
Q13131|Q15195_FQYHSKEQQ|0.0
Q13131|Q15195_NKKSSIIIR|0.0
Q13131|Q02325_NRKSSIIIR|0.0
Q13131|Q9HBL7_FILTYQYDL|0.0
Q13131|Q9HBL7_LTYQYDLGY|0.0
Q13131|P53350_PEVLSKKGH|0.0
Q13131|P53350_FTSGYIPAR|0.0
Q13131|P53350_IAPSSLDPS|0.635
Q13131|P53350_RKPLTVLNK|0.941
Q13131|P53350_VVRETGEVV|0.766
Q13131|P53350_ERDGTESYL|0.351
Q13131|P53350_GTESYLTVS|0.0
Q13131|P53350_YLTVSSHPN|0.0
Q13131|P53350_TYRLSLLEE|0.0
Q13131|P53350_KELASRLRY|0.555
Q13131|Q9NYY3_ELLRTITYQ|0.0
Q13131|Q9NYY3_LRTITYQPA|0.0
Q13131|Q9NYY3_CYEMTDLTN|0.0
Q13131|Q9NYY3_NNKVYAAKI|0.0
Q13131|Q9NYY3_HRRRTICGT|0.0
Q13131|Q9NYY3_GTPNYLSPE|0.0
Q13131|Q9NYY3_GCVMYTMLL|0.004
Q13131|Q9NYY3_REARYTMPS|0.0
Q13131|Q9NYY3_HLIASMLSK|0.0
Q13131|Q9NYY3_TQQPSKHRT|0.0
Q13131|Q9H4B4_ADNIYIFLE|0.402
Q13131|Q9H4B4_NFFITENME|0.0
Q13131|Q9H4B4_TVVESALCA|0.0
Q13131|Q9H4B4_ANRKTVHYN|0.316
Q13131|Q9H4B4_KTVHYNPTS|0.0
Q13131|Q9H4B4_YNPTSTKHF|0.0
Q13131|Q9H4B4_TKHFSFSVG|0.0
Q13131|Q9H4B4_RSACTYLAS|0.0
Q13131|Q9H4B4_SACTYLASH|0.0
Q13131|O00444_TLCGTPNYI|0.5
Q13131|O00444_ADRLSLSSV|0.0
Q13131|O00444_RLSLSSVLD|0.005
Q13131|O00444_LSLSSVLDH|0.033
Q13131|O00444_HPFMSRNSS|0.012
Q13131|O00444_TASSSTSIS|0.0
Q13131|O00444_PNKMTVFPK|0.005
Q13131|O00444_PKNKSSTDF|0.0
Q13131|O00444_NSFYTQWGN|0.0
Q13131|O00444_LRRAYSSDR|0.506
Q13131|O00444_RRAYSSDRS|0.847
Q13131|O00444_QAKTYTMER|0.503
Q13131|O00444_AEMLSVSKR|0.009
Q13131|O00444_NEERYSPTD|0.002
Q13131|O00444_EKTSSSSGS|0.0
Q13131|O00444_KTTEYDSIS|0.001
Q13131|O00444_MKYMTALHS|0.0
Q13131|O00444_TALHSKPEI|0.468
Q13131|O00444_PPWGYQNRT|0.015
Q13131|O00444_RTLRSITSP|0.668
Q13131|O00444_LRSITSPLV|0.0
Q13131|O00444_KTGKSYTLK|0.0
Q13131|O00444_GKSYTLKSE|0.277
Q13131|Q9Y342_VSTRTSSPA|0.0
Q13131|Q9Y342_RGVGSNAAT|0.0
Q13131|Q9Y342_MAGGYA___|0.0
Q13131|O00168_RRLSTRRR_|0.543
Q13131|Q02809_QFFNYKIQA|0.0
Q13131|Q02809_YPVVSDGKR|0.002
Q13131|Q02809_HGSEYQSVK|0.001
Q13131|Q02809_TEPNSLRLL|0.0
Q13131|Q02809_YYARSEDYV|0.0
Q13131|Q02809_RSEDYVDIV|0.005
Q13131|Q02809_WEVFSNPED|0.0
Q13131|Q02809_FLLEYIAPM|0.002
Q13131|Q02809_VGVDYEGGG|0.0
Q13131|O00469_IGKRYLNSG|0.003
Q13131|O00469_GFIGYAPYV|0.506
Q13131|O00469_EKCDYYFSV|0.064
Q13131|O00469_DYYFSVDAD|0.002
Q13131|O00469_RSEDYVDIV|0.302
Q13131|O00469_YGKWSGGKH|0.085
Q13131|O00469_DSRISGGYE|0.571
Q13131|O00469_ENVPTDDIH|0.095
Q13131|O00469_IAPVTLKVF|0.348
Q13131|O00469_FVVKYSPER|0.492
Q13131|O00469_VVKYSPERQ|0.01
Q13131|O00469-2_REKDSPTPE|0.0
Q13131|O00469-2_KDSPTPETF|0.0
Q13131|O60568_PPAASASDR|0.0
Q13131|O60568_AASASDRPR|0.253
Q13131|O60568_ETEGYLRFL|0.888
Q13131|O60568_VQSGSRLLF|0.912
Q13131|O60568_IGFATTIHQ|0.872
Q13131|O60568_GFATTIHQI|0.714
Q13131|O60568_QDRRTLPGG|0.393
Q13131|O60568_EEALSPGEA|0.0
Q13131|O60568_APMLSRHGK|0.012
Q13131|O60568_RSEDYVELV|0.95
Q13131|O60568_WNVPYISQA|0.604
Q13131|O60568_WGTRYIMVS|0.522
Q13131|P60201_GKGLSATVT|0.818
Q13131|P60201_GLSATVTGG|0.548
Q13131|P60201_SATVTGGQK|0.013
Q13131|Q04941__MADSERLS|0.532
Q13131|Q04941_QPRHTAAPT|0.0
Q13131|Q04941_TAAPTDPAD|0.0
Q13131|Q01538_TPGCTGSGH|0.0
Q13131|Q01538_GCTGSGHVR|0.716
Q13131|Q01538_YGVDSDGSE|0.002
Q13131|Q01538_DSDGSEDTE|0.008
Q13131|Q01538_SHFGSNPIG|0.0
Q13131|Q01538_EDAASEESS|0.0
Q13131|Q01538_ASEESSKQK|0.003
Q13131|Q01538_RGPESPSPK|0.0
Q13131|Q01538_PESPSPKPE|0.0
Q13131|Q01538_PAEQSQLGL|0.0
Q13131|Q01538_PHHRSLSGC|0.0
Q13131|Q01538_HRSLSGCPH|0.0
Q13131|Q01538_PKIQTSETS|0.0
Q13131|Q01538_KIQTSETSP|0.0
Q13131|Q01538_QTSETSPKA|0.0
Q13131|Q01538_TSETSPKAF|0.0
Q13131|Q01538_QCFDYSQDA|0.0
Q13131|Q01538_HMAATAILN|0.0
Q13131|Q01538_DEVLSPKFK|0.0
Q13131|O43660_HSVHTLVFR|0.655
Q13131|O43660_LRNEYGPVL|0.561
Q13131|O43660_SAAQSLAVA|0.535
Q13131|O43660_NTKNSALMA|0.58
Q13131|O43660_KKAPTMPKP|0.117
Q13131|O43660_WDLEYNKVI|0.525
Q13131|O43660_YTFASGSPD|0.401
Q13131|Q14651_SGYVSDYEL|0.0
Q13131|Q14651_EEFVSLMQE|0.0
Q13131|Q14651_REGITAIGG|0.0
Q13131|Q14651_QHSYSEEEK|0.0
Q13131|Q14651_MINLSEPDT|0.016
Q13131|Q14651_DSRAYFHLL|0.0
Q13131|Q14651_KQFVTPADV|0.0
Q13131|Q14651_ADVVSGNPK|0.0
Q13131|Q14651_IFQLYEMIR|0.109
Q13131|Q14651_LNVLSDLGE|0.0
Q13131|Q14651_TSISSFKDK|0.497
Q13131|Q14651_GARIYALPD|0.111
Q13131|Q14651_KMVMTVFAC|0.0
Q13131|P13797_FICDYELHE|0.0
Q13131|P13797_TQHSYSEEE|0.001
Q13131|P13797_EEEKYAFVN|0.567
Q13131|P13797_DIELSRNEA|0.021
Q13131|P13797_DSKAYFHLL|0.56
Q13131|P13797_RQFVTPADV|0.0
Q13131|P13797_ADVVSGNPK|0.0
Q13131|P13797_PAKFSLVGI|0.395
Q13131|P13797_DGNQTLTLA|0.472
Q13131|P13797_GARVYALPE|0.469
Q13131|O15162_FEIKSLDEQ|0.98
Q13131|Q9NRY7_FFERTR___|0.0
Q13131|Q9NRY6_ADRQTVLRV|0.812
Q13131|Q9NRY6_TRDESRSVG|0.513
Q13131|Q9NRY6_DESRSVGRI|0.508
Q13131|Q9NRQ2_RAVYSIQNE|0.0
Q13131|Q9NP55_GLDITLVHD|0.002
Q13131|Q9BX97_EHGGSYARA|0.0
Q13131|Q9BX97_HGGSYARAG|0.0
Q13131|Q9BX97_AEGLYSQLL|0.0
Q13131|Q9BX97_NNQRYMAAI|0.001
Q13131|Q9BX97_AIILSEKQC|0.0
Q13131|Q8IUK5_EIPMSVPEI|0.0
Q13131|Q8IUK5_SIFEYHRIE|0.0
Q13131|Q8IUK5_KLNPYAGGD|0.0
Q13131|Q8IUK5_DHSTYAEVE|0.0
Q13131|Q6UX71_VGQDSPEPR|0.0
Q13131|Q6UX71_HGILSNTHR|0.0
Q13131|Q6UX71_ILSNTHRQA|0.0
Q13131|Q6UX71_RTTTTVGAT|0.0
Q13131|Q6UX71_VGATTTQFR|0.0
Q13131|Q6UX71_RRAVTSQFP|0.001
Q13131|Q6UX71_RAVTSQFPT|0.0
Q13131|Q6UX71_SQFPTSLPT|0.0
Q13131|Q6UX71_ERRPSRWPA|0.0
Q13131|Q6UX71_GHPAYAEVE|0.002
Q13131|Q9UIW2_GCLVYNDTT|0.008
Q13131|Q9UIW2_GEMEYATGV|0.0
Q13131|Q9UIW2_KNLESKNHP|0.0
Q13131|Q9UIW2_GEARYSLSE|0.0
Q13131|Q9UIW2_QQIDYKTLT|0.0
Q13131|Q9UIW2_TDGSSVALV|0.662
Q13131|Q9UIW2_SNSSTFTKS|0.389
Q13131|Q9UIW2_TFTKSLSRY|0.626
Q13131|Q9UIW2_TKSLSRYES|0.004
Q13131|Q9UIW2_SLSRYESML|0.0
Q13131|Q9UIW2_SRYESMLRT|0.0
Q13131|Q9UIW2_LRTASSPDS|0.0
Q13131|Q9UIW2_DSLRSRTPM|0.0
Q13131|Q9UIW2_GDRGSKMVS|0.446
Q13131|Q9UIW2_VERYYADIA|0.0
Q13131|O75051_LEVDSRSVV|0.012
Q13131|O75051_KFHSYVSLP|0.0
Q13131|O75051_HSYVSLPFG|0.0
Q13131|O75051_DRMTSVASY|0.538
Q13131|O75051_YNGYSVVFV|0.0
Q13131|O75051_GGVQYEMVS|0.0
Q13131|O75051_YEMVSVLKD|0.0
Q13131|O75051_LDWSSHNVK|0.416
Q13131|O75051_YKRKSREND|0.858
Q13131|O75051_GNVASLIMT|0.0
Q13131|O75051_LNCDTITQV|0.002
Q13131|O75051_SSFRYTGSP|0.825
Q13131|O75051_SFRYTGSPD|0.654
Q13131|O75051_RYTGSPDSL|0.039
Q13131|O75051_DSLRSRAPM|0.405
Q13131|O75051_GDRGSKMVS|0.522
Q13131|O75051_NKLLYAKDI|0.0
Q13131|O75051_KDIPSYKSW|0.0
Q13131|O75051_DIPSYKSWV|0.0
Q13131|O75051_WVERYYADI|0.0
Q13131|O75051_VERYYADIA|0.0
Q13131|O75051_LPAISDQDM|0.007
Q13131|O75051_YVSKYSEEL|0.0
Q13131|O75051_VSKYSEELI|0.469
Q13131|P51805_PIGCSWRGV|0.0
Q13131|P51805_RGVEYRLVQ|0.007
Q13131|P51805_LRALTRGHG|0.848
Q13131|P51805_GATRTVRLQ|0.971
Q13131|P51805_TISGSSLDA|0.0
Q13131|P51805_LDAGSRVTV|0.0
Q13131|P51805_SFTYYPDPS|0.0
Q13131|P51805_LLAITAVLV|0.334
Q13131|P51805_KELDTPPNV|0.001
Q13131|P51805_KNLESKNHP|0.0
Q13131|P51805_GEARYSLSE|0.002
Q13131|P51805_QQIDYKTLT|0.0
Q13131|P51805_KLLDTVYKG|0.0
Q13131|P51805_LDTVYKGIP|0.0
Q13131|P51805_HYQVTDGSL|0.0
Q13131|P51805_VTDGSLVAL|0.0
Q13131|P51805_PKQVSAYNM|0.0
Q13131|P51805_QVSAYNMAN|0.001
Q13131|P51805_TFTRSLSRY|0.181
Q13131|P51805_LRTASSPDS|0.0
Q13131|P51805_DSLRSRAPM|0.396
Q13131|P51805_GDRGSKMVS|0.534
Q13131|P51805_ASDFSVLSA|0.0
Q13131|P51805_FSVLSALNE|0.0
Q13131|P51805_LNELYFYVT|0.0
Q13131|P51805_SLVSSDS__|0.698
Q13131|P51805_VSSDS____|0.0
Q13131|Q9HCM2_KKEHYLSGV|0.493
Q13131|Q9HCM2_GVNESGSVF|0.0
Q13131|Q9HCM2_DMAFSKDHE|0.462
Q13131|Q9HCM2_RRSPSYIVC|0.051
Q13131|Q9HCM2_RSPSYIVCN|0.0
Q13131|Q9HCM2_VCNTTSSDE|0.0
Q13131|Q9HCM2_TNFTYYPNP|0.0
Q13131|Q9HCM2_NFTYYPNPV|0.001
Q13131|Q9HCM2_IAPDSPLSL|0.0
Q13131|Q9HCM2_DSPLSLPAI|0.0
Q13131|Q9HCM2_KNLESKNHP|0.0
Q13131|Q9HCM2_GEARYSLSE|0.0
Q13131|Q9HCM2_QQIDYKTLV|0.012
Q13131|Q9HCM2_NVPCSHRPK|0.0
Q13131|Q9HCM2_QVTAYNAVN|0.0
Q13131|Q9HCM2_NMIRYTGSP|0.0
Q13131|Q9HCM2_MIRYTGSPD|0.61
Q13131|Q9HCM2_RYTGSPDSL|0.0
Q13131|Q9HCM2_GSPDSLRSR|0.123
Q13131|Q9HCM2_GDRGSKMVS|0.41
Q13131|Q9HCM2-2_KMPGTSLCP|0.0
Q13131|Q9HCM2-2_MPGTSLCPT|0.0
Q13131|Q9HCM2-2_SLCPTLELQ|0.0
Q13131|O43157_PMVASHQSP|0.464
Q13131|O43157_ASHQSPLVS|0.406
Q13131|O43157_RGGPSPSPP|0.002
Q13131|O43157_GPSPSPPTA|0.0
Q13131|O43157_NLESSVRDR|0.683
Q13131|O43157_NLLNSKLFL|0.37
Q13131|O43157_LVAQYVAKN|0.0
Q13131|O43157_VDSVTGKAK|0.084
Q13131|O43157_PGERTPMLE|0.336
Q13131|O43157_PRRGSLRGG|0.963
Q13131|O43157_SMKGTLQKF|0.015
Q13131|O15031_LRALSNISL|0.0
Q13131|O15031_AFEAYTDHA|0.267
Q13131|O15031_ILKVYLTPD|0.0
Q13131|O15031_CREASPNPE|0.0
Q13131|O15031_YWRKSQQAE|0.0
Q13131|O15031_AEREYEKIK|0.0
Q13131|O15031_GLEESVRDR|0.683
Q13131|O15031_EQALYQFSN|0.0
Q13131|O15031_LYQFSNLLN|0.0
Q13131|O15031_NLLNSKSFL|0.0
Q13131|O15031_LNSKSFLIN|0.0
Q13131|O15031_RAKVYFASL|0.0
Q13131|O15031_SICLYQYLK|0.0
Q13131|O15031_CLYQYLKDS|0.11
Q13131|O15031_GEPLYKLFK|0.0
Q13131|O15031_IDQVYRGQP|0.0
Q13131|O15031_TLMHYNVRD|0.002
Q13131|O15031_QPEDSQQDL|0.42
Q13131|O15031_EKERTKAIT|0.0
Q13131|O15031_ITEIYLTRL|0.0
Q13131|O15031_EIYLTRLLS|0.169
Q13131|O15031_TRLLSVKGT|0.567
Q13131|O15031_VEDYYKGIR|0.0
Q13131|Q9ULL4_ADARSAYFV|0.0
Q13131|Q9ULL4_PFLDYRTYA|0.0
Q13131|Q9ULL4_NLLNSKLFL|0.0
Q13131|Q9ULL4_RAIQYQVDK|0.0
Q13131|Q9ULL4_KAKRTLNDS|0.0
Q13131|Q9ULL4_TLNDSRLLR|0.001
Q13131|Q9ULL4_HLTLSDEDL|0.391
Q13131|Q9ULL4_GSTISQSLA|0.003
Q13131|Q9ULL4_VRCSSLRER|0.0
Q13131|Q9ULL4_SMKGTLQKF|0.0
Q13131|Q9ULL4_WKTNSLLLR|0.0
Q13131|Q9ULL4_TFIDSCTTS|0.0
Q13131|O60486_VKNIYIYLT|0.0
Q13131|O60486_NIYIYLTAG|0.0
Q13131|O60486_SKEKTTVTM|0.0
Q13131|O60486_CSIPTRATY|0.0
Q13131|O60486_PTRATYKDV|0.0
Q13131|O60486_TRATYKDVS|0.418
Q13131|O60486_NVIVTGANF|0.0
Q13131|O60486_SRKQSQQLE|0.91
Q13131|O60486_ELLESELRK|0.0
Q13131|O60486_TKLVYLTSI|0.0
Q13131|O60486_LEVLTRDLM|0.937
Q13131|O60486_RRTESVVEK|0.176
Q13131|O60486_SVCLSGFLR|0.0
Q13131|O60486_VKEMYLTKL|0.0
Q13131|O60486_EIYKYIVKY|0.146
Q13131|Q9Y4D7_VRQEYPGMI|0.604
Q13131|Q9Y4D7_ILQISGSLP|0.083
Q13131|Q9Y4D7_RFLDSPEPM|0.005
Q13131|Q9Y4D7_ITAISPRRS|0.002
Q13131|Q9Y4D7_SPRRSPVSG|0.366
Q13131|Q9Y4D7_SGGRTITVA|0.013
Q13131|Q9Y4D7_GRTITVAGE|0.0
Q13131|Q9Y4D7_PFLEYKHFV|0.0
Q13131|Q9Y4D7_CSSLYEERY|0.198
Q13131|Q9Y4D7_RRTESVVEK|0.676
Q13131|Q9Y4D7_TLAHYKIPE|0.206
Q13131|Q9Y4D7_PEGASLAMS|0.0
Q13131|Q9Y4D7_DTEKYFHLV|0.554
Q13131|Q9Y4D7_SHRQSHRKK|0.67
Q13131|Q05516_HLGIYSVLP|0.465
Q13131|Q05516_KRIHTGEKP|0.917
Q13131|Q05516_YRVHTGEKP|0.539
Q13131|Q05516_GASPYQCTI|0.452
Q13131|Q6GTS8_IQIPTVTFS|0.0
Q13131|Q6GTS8_IPTVTFSSE|0.028
Q13131|Q8IYS1_PELAYEEHH|0.0
Q13131|Q8IYS1_VQPHYQLPT|0.021
Q13131|Q8IYS1_YQLPTAFRA|0.006
Q13131|Q8IYS1_GAHDYYNVL|0.645
Q13131|Q8IYS1_AHDYYNVLP|0.0
Q13131|P20020_NSVAYSGVK|0.433
Q13131|P20020_IQESYGDVY|0.536
Q13131|P20020_YGDVYGICT|0.045
Q13131|P20020_RGLQSRIEQ|0.96
Q13131|P20020_AQVKYGDLL|0.779
Q13131|P20020_IDESSLTGE|0.687
Q13131|P20020_HVKKSLDKD|0.761
Q13131|P20020_PLLLSGTHV|0.532
Q13131|P20020_RMVVTAVGV|0.322
Q13131|P20020_VGVNSQTGI|0.609
Q13131|P20020_QPLKSEEGG|0.914
Q13131|P20020_IIGVTVLVV|0.89
Q13131|P20020_ISLAYSVKK|0.614
Q13131|P20020_SLAYSVKKM|0.455
Q13131|P20020_TAICSDKTG|0.717
Q13131|P20020_CSDKTGTLT|0.306
Q13131|P20020_DKTGTLTMN|0.293
Q13131|P20020_MNRMTVVQA|0.916
Q13131|P20020_YTFNSVRKS|0.953
Q13131|P20020_RAGITVRMV|0.37
Q13131|P20020_LARSSPTDK|0.464
Q13131|P20020_RSSPTDKHT|0.475
Q13131|P20020_TDKHTLVKG|0.784
Q13131|P20020_VVAVTGDGT|0.469
Q13131|P20020_TGDGTNDGP|0.036
Q13131|P20020_LRKPYGRNK|0.055
Q13131|P20020_NAFRSSLYE|0.955
Q13131|P20020_AFRSSLYEG|0.812
Q13131|P20020_EKPESRSSI|0.994
Q13131|P20020_NAVDSGIHL|0.961
Q13131|P20020_GIHLTIEMN|0.747
Q13131|P20020-1_NRIQTQMDV|0.0
Q13131|P20020-1_NAFQSGSSI|0.0
Q13131|P20020-1_FQSGSSIQG|0.0
Q13131|P20020-1_QSGSSIQGA|0.0
Q13131|P23634_SMAESREGD|0.753
Q13131|P23634_VEGLSGNPA|0.0
Q13131|P23634_AQVKYGDLL|0.751
Q13131|P23634_IDESSLTGE|0.671
Q13131|P23634_IIGITVLVV|0.329
Q13131|P23634_ISLAYSVKK|0.597
Q13131|P23634_SLAYSVKKM|0.452
Q13131|P23634_TAICSDKTG|0.681
Q13131|P23634_YTFNSVRKS|0.949
Q13131|P23634_RKSMSTVIR|0.826
Q13131|P23634_KSMSTVIRN|0.01
Q13131|P23634_QAGITVRMV|0.117
Q13131|P23634_LARSSPTDK|0.454
Q13131|P23634_RSSPTDKHT|0.386
Q13131|P23634_TDKHTLVKG|0.748
Q13131|P23634_GIIDSTVGE|0.0
Q13131|P23634_VVAVTGDGT|0.316
Q13131|P23634_TGDGTNDGP|0.004
Q13131|P23634_KRRPYGRNK|0.001
Q13131|P23634_AFHSSLHES|0.471
Q13131|P23634_SLHESIQKP|0.475
Q13131|P23634_IQKPYNQKS|0.566
Q13131|P23634_YNQKSIHSF|0.779
Q13131|P23634_KSIHSFMTH|0.983
Q13131|P23634_HSFMTHPEF|0.0
Q13131|P23634_ELPRTPLLD|0.135
Q13131|P23634-2_PSSSYVAVA|0.0
Q13131|P23634-2_SSPTTSVPA|0.0
Q13131|P23634-2_SPTTSVPAV|0.0
Q13131|P23634-2_MGNQSGQSV|0.0
Q13131|P23634-2_QSGQSVP__|0.0
Q13131|P23634-6_NRIQTQIKV|0.022
Q13131|P23634-6_ELPRTPLLD|0.0
Q13131|Q6P1K2_MAEASSANL|0.003
Q13131|Q6P1K2_RHEGSSSES|0.014
Q13131|Q6P1K2_SSSESVPPG|0.0
Q13131|Q8TBY8-1_SKLLSLQLD|0.0
Q13131|Q8TBY8-1_EKKLTQVQN|0.0
Q13131|Q8TBY8-1_EKEQTSNRK|0.0
Q13131|Q8TBY8-1_KEQTSNRKR|0.0
Q13131|Q8TBY8-1_NKYNTSQQV|0.0
Q13131|Q8TBY8-1_KYNTSQQVI|0.47
Q13131|Q8TBY8-1_QQSLTQTQE|0.0
Q13131|Q8TBY8-1_SLTQTQEKK|0.0
Q13131|P29590_PQEPTMPPP|0.411
Q13131|P29590_SPSPTERAP|0.65
Q13131|P29590_GTRKTNNIF|0.488
Q13131|P29590_NIFCSNPNH|0.0
Q13131|P29590_PNHRTPTLT|0.491
Q13131|P29590_ARAETEELI|0.0
Q13131|P29590_YQRDYEEMA|0.028
Q13131|P29590_RMKCYASDQ|0.117
Q13131|P29590_KCYASDQEV|0.494
Q13131|P29590_DAAVSKKAS|0.035
Q13131|P29590_PEAASTPRD|0.0
Q13131|P29590_IKGPSYGED|0.0
Q13131|P29590_GEDVSNTTT|0.645
Q13131|P29590_KRKCSQTQC|0.98
Q13131|P29590_KCSQTQCPR|0.568
Q13131|P29590_IKMESEEGK|0.787
Q13131|P29590_FLPNSNHVA|0.001
Q13131|P29590_LHNVSFMEL|0.775
Q13131|P29590_SRYLSLQTT|0.704
Q13131|P29590_AEGVSTPLA|0.627
Q13131|P29590_AERASQQS_|0.977
Q13131|P29590_ASQQS____|0.732
Q13131|P29590-10_GPAQSSTH_|0.0
Q13131|P29590-11_SKKASPEAA|0.0
Q13131|P29590-11_EAASTPRDP|0.0
Q13131|P29590-14_PEAASTPRD|0.0
Q13131|P29590-14_EAASTPRDP|0.0
Q13131|P29590-2_VQPRTPASP|0.0
Q13131|P29590-2_RTPASPHFR|0.0
Q13131|P29590-2_PQQVTLRLA|0.0
Q13131|P29590-3_EAASTPRDP|0.0
Q13131|P29590-3_QRGISPPHR|0.0
Q13131|P29590-3_RPPISPVPG|0.0
Q13131|P29590-4_FLPNSNHVA|0.0
Q13131|P29590-8_QRGISPPHR|0.001
Q13131|P29590-8_RPPISPVPG|0.008
Q13131|O15305_VVGGSDFEK|0.727
Q13131|O15305_GLVAYKDGK|0.434
Q13131|O15305_MLNVSPIGR|0.794
Q13131|O15305_GRSCSQEER|0.973
Q13131|O15305_RIEFYELDK|0.738
Q13131|P02689_NFDDYMKAL|0.017
Q13131|P02689_TFKNTEISF|0.0
Q13131|P02689_LQRGSLNQV|0.535
Q13131|P02689_GVVCTRIYE|0.0
Q13131|P02689_CTRIYEKV_|0.0
Q13131|Q01453_RFYITGIFQ|0.0
Q13131|Q01453_AAAIYTVRH|0.0
Q13131|Q01453_AAIYTVRHP|0.0
Q13131|Q01453_SGVIYVILR|0.0
Q13131|Q10713_DTTMYAVSA|0.0
Q13131|Q10713_KGMFSRLYL|0.001
Q13131|O75439_RVVLSSAAR|0.029
Q13131|O75439_VVLSSAARR|0.0
Q13131|O75439_NRLRSTQAA|0.844
Q13131|O75439_RLRSTQAAT|0.66
Q13131|O75439_TQAATQVVL|0.0
Q13131|O75439_NVPETRVTC|0.0
Q13131|O75439_HLNAYTSRE|0.0
Q13131|O75439_EQTVYYAKA|0.0
Q13131|O75439_QTVYYAKAF|0.0
Q13131|O75439_AYQNTALGR|0.0
Q13131|O75439_DLVDYITTH|0.0
Q13131|P54277_LPAATVRLL|0.004
Q13131|P54277_VRLLSSSQI|0.471
Q13131|P54277_RLLSSSQII|0.347
Q13131|P54277_KSRVSDHKM|0.47
Q13131|P54277_IRHHYNLKC|0.553
Q13131|P54277_DVNLTPDKS|0.16
Q13131|P54277_TPDKSQVLL|0.52
Q13131|P54277_ILKNSVGEN|0.699
Q13131|P54277_KVTAYDLLS|0.0
Q13131|P54277_EKLKYEEKA|0.0
Q13131|P54277_KTSLSNQPK|0.637
Q13131|P54277_YSGSTYLSD|0.0
Q13131|P54277_SGSTYLSDP|0.0
Q13131|P54277_STYLSDPRL|0.278
Q13131|P54277_RKVISYLEG|0.829
Q13131|P54277_AVRLSRQLP|0.004
Q13131|P54277_QLPMYLSKE|0.0
Q13131|P54277_PMYLSKEDI|0.0
Q13131|P54278_CTGGSPSIK|0.337
Q13131|P54278_KLNVSQQPL|0.61
Q13131|P54278_DQSPSLRTG|0.645
Q13131|P54278_REAFSLRHT|0.061
Q13131|P54278_NKPHSPKTP|0.0
Q13131|P54278_HSPKTPEPR|0.0
Q13131|P54278_EPRRSPLGQ|0.549
Q13131|P54278_AVSSSHGPS|0.402
Q13131|P54278_SHGPSDPTD|0.0
Q13131|P54278_PSDPTDRAE|0.0
Q13131|P54278_YAASSPGDR|0.137
Q13131|P54278_KAPKTDDSF|0.0
Q13131|P54278_DDSFSDVDC|0.219
Q13131|P54278_ILSSSDICQ|0.734
Q13131|P54278_TQDMSASQV|0.956
Q13131|P54278_DMSASQVDV|0.818
Q13131|P54278_FSMSSLAKR|0.0
Q13131|P54278_EAQQSEGEQ|0.0
Q13131|P54278_GEQNYRKFR|0.488
Q13131|P54278_SKNWTFGPQ|0.468
Q13131|P54278_IFMLSDSPG|0.005
Q13131|P54278_MLSDSPGVM|0.006
Q13131|P54278_ACRKSVMIG|0.471
Q13131|P54278_TALNTSEMK|0.092
Q13131|P54278_ALNTSEMKK|0.058
Q13131|Q68D20_EPRRSPLGQ|0.0
Q13131|A4D2B8_GACGSRGGN|0.366
Q13131|A4D2B8_GNFPSPRGG|0.0
Q13131|A4D2B8_ERAESSSTE|0.776
Q13131|A4D2B8_AESSSTEPA|0.031
Q13131|A4D2B8_PRGMTVSVK|0.48
Q13131|A4D2B8_GMTVSVKQL|0.703
Q13131|Q15126_VLRLSGPLK|0.456
Q13131|Q15126_LLDTSTYKE|0.704
Q13131|Q15126_LDTSTYKEA|0.536
Q13131|Q15126_TRRVSDIQW|0.817
Q13131|Q15126_DDAESECGL|0.496
Q13131|Q9BZS9___MPYDQDS|0.0
Q13131|Q9BZS9_FLQASRKYS|0.0
Q13131|Q96T60_LWLESPPGG|0.71
Q13131|Q96T60_RWEETRTPE|0.256
Q13131|Q96T60_RMRKSNPGW|0.985
Q13131|Q96T60_LLSASPEVV|0.114
Q13131|Q96T60_GAGKSTFLK|0.524
Q13131|Q8N490_PEPLSPELE|0.154
Q13131|Q8N490_DGIPYLTHP|0.323
Q13131|Q8N490_IPYLTHPLC|0.0
Q13131|Q8N490_RALATPGHT|0.358
Q13131|Q8N490_TPGHTQGHL|0.005
Q13131|Q8N490-2_QSHSSPEGK|0.0
Q13131|Q8N490-2_PEPLSPELE|0.0
Q13131|Q8N490-2_NMRLSNTGE|0.0
Q13131|Q8N490-2_NTGEYESQR|0.0
Q13131|Q8N490-2_FRASSQSAP|0.0
Q13131|Q8N490-2_ASSQSAPSP|0.0
Q13131|Q8N490-2_QSAPSPDVG|0.0
Q13131|Q8N490-3_GYSLYTRTW|0.0
Q13131|Q8NA58_NGIPYMNEE|0.41
Q13131|Q8NA58_VKKVSKQHR|0.491
Q13131|P16233_RFLLYTNEN|0.0
Q13131|P16233_FLLYTNENP|0.0
Q13131|P16233_RTNGTIGRI|0.553
Q13131|P16233_YPGKTNDVG|0.0
Q13131|P16233_KFIWYNNVI|0.0
Q13131|P54317_LLLATVRGK|0.0
Q13131|P54317_LDRKTRFII|0.0
Q13131|Q17RR3_KKFEYSPSK|0.0
Q13131|Q17RR3_GSEVTQGTV|0.0
Q13131|Q8ND90_LTLFSGRDI|0.005
Q13131|Q9UL42_LRLETLLRR|0.0
Q13131|Q9UL42_GPPPSFLEL|0.0
Q13131|Q9UL42_ERDGYGRWN|0.0
Q13131|Q9UL41_KRVLSGATL|0.541
Q13131|Q9UL41_LSGATLPDK|0.002
Q13131|Q9UL41_PDRESLEGL|0.0
Q13131|Q96PV4_PLCAYRVLG|0.0
Q13131|Q96PV4_LGCCSLPAE|0.003
Q13131|Q96PV4_LPAESLDAE|0.0
Q13131|Q96PV4_PQVRSPPLE|0.0
Q13131|Q96PV4_AVHKSPLSV|0.034
Q13131|Q96PV4_SVRSTDMIR|0.185
Q13131|Q96PV4_RVAMTPALR|0.648
Q13131|P0CW24_PGEESFEVW|0.0
Q13131|P0CW24_LARASADRV|0.0
Q13131|P0CW24_RQMLTRAHL|0.0
Q13131|P0CW24_LVRESEAWE|0.0
Q13131|Q86V59_KGINSNSTA|0.001
Q13131|Q86V59_AEAESPGGA|0.0
Q13131|Q86V59_PGGASESDQ|0.0
Q13131|Q86V59_GASESDQDG|0.0
Q13131|Q86V59_GGHESPPKK|0.0
Q13131|Q86V59_KGPGSRREA|0.0
Q13131|Q86V59_KPEGSPRRA|0.0
Q13131|Q86V59_ATNESRKV_|0.0
Q13131|Q9ULN7_AGAESIRLN|0.0
Q13131|Q9ULN7_RECISTLAQ|0.0
Q13131|Q9ULN7_ECISTLAQP|0.0
Q13131|Q9ULN7_PRGLTPAGA|0.0
Q13131|Q9ULN7_DAAGSRKKK|0.0
Q13131|P11086_VRSGYKVRD|0.0
Q13131|P11086_RDLRTYIMP|0.536
Q13131|P11086_DLRTYIMPA|0.514
Q13131|Q9H307_GFSDSGGGP|0.572
Q13131|Q9H307_GERRTRRES|0.128
Q13131|Q9H307_LLMGTLQKF|0.655
Q13131|Q9H307_FKQESTVAT|0.164
Q13131|Q9H307_STVATERQK|0.581
Q13131|Q9H307_PHLFYIPGR|0.0
Q13131|Q9H307_PRRQSMKEK|0.951
Q13131|Q9H307_EVMETNRVE|0.619
Q13131|Q9H307_SKTKTRSRS|0.085
Q13131|Q9H307_TKTRSRSRG|0.003
Q13131|Q9H307_SKSRSRSSS|0.0
Q13131|Q9H307_RSRSSSSSS|0.309
Q13131|Q9H307_SRSSSSSSS|0.055
Q13131|Q9H307_RSSSSSSSS|0.003
Q13131|Q9H307_SSSSSSSSS|0.0
Q13131|Q9H307_SSSSSTSSS|0.261
Q13131|Q9H307_SSSTSSSSG|0.0
Q13131|Q9H307_SSTSSSSGS|0.569
Q13131|Q9H307_STSSSSGSS|0.0
Q13131|Q9H307_SSSGSSSSS|0.01
Q13131|Q9H307_GSSSSSGSS|0.002
Q13131|Q9H307_SSSGSSSSR|0.029
Q13131|Q9H307_SSGSSSSRS|0.022
Q13131|Q9H307_SGSSSSRSS|0.368
Q13131|Q9H307_GSSSSRSSS|0.0
Q13131|Q9H307_SSSRSSSSS|0.0
Q13131|Q9H307_SSSSSSTSG|0.0
Q13131|Q9H307_SGSSSRDSS|0.0
Q13131|Q9H307_SSRDSSSST|0.0
Q13131|Q9H307_RDSSSSTSS|0.0
Q13131|Q9H307_DSSSSTSSS|0.0
Q13131|Q9H307_TSSSSESRS|0.0
Q13131|Q9H307_SESRSRSRG|0.001
Q13131|Q9H307_SISESSRSG|0.559
Q13131|Q9H307_ESSRSGKRS|0.0
Q13131|Q9H307_GKRSSRSER|0.035
Q13131|Q9H307_RSSRSERDR|0.721
Q13131|Q9NRX1_PANRYTPLK|0.001
Q13131|Q13519_PRVRSLFQE|0.006
Q13131|Q13519_FGGFTGARK|0.0
Q13131|Q13519_GARKSARKL|0.429
Q13131|Q8N8W4_PLSPSCKMV|0.0
Q13131|Q8N8W4_LNAVYLNSS|0.0
Q13131|Q8N8W4_LNSSSKRVI|0.037
Q13131|Q8N8W4_LEGATQPHK|0.0
Q13131|Q96AD5_QAEDYSQLP|0.185
Q13131|Q96AD5_RHLPSRLPE|0.205
Q13131|Q96AD5_QSLPSVPLS|0.986
Q13131|Q96AD5_SVPLSCAAY|0.105
Q13131|Q96AD5_ADPASPQHQ|0.232
Q13131|Q96AD5_PLLSTPAPE|0.062
Q13131|Q9NST1_FLGFYHVGA|0.0
Q13131|Q9NST1_LTRVSDGEN|0.0
Q13131|Q9NST1_FYGEYDICP|0.0
Q13131|Q9NST1_PGLKSSSEG|0.005
Q13131|Q9NST1_SLDSSPESA|0.0
Q13131|Q9NST1_DKGGYMSKI|0.325
Q13131|P41247_STFSSREDL|0.0
Q13131|P41247_DGGLTNALP|0.0
Q13131|P41247_PVGRTVTIS|0.0
Q13131|P41247_TVTISPFSG|0.0
Q13131|Q6ZV29_KVMFYGRKI|0.625
Q13131|Q6ZV29_ARKRTKVLS|0.0
Q13131|Q6ZV29_DSVHSLLSI|0.004
Q13131|Q6ZV29_HAAPYKTVS|0.0
Q13131|Q6ZV29_KDLLTLMKL|0.156
Q13131|Q6ZV29_LEDSSLLDG|0.554
Q13131|Q6ZV29_KSDCTYIML|0.002
Q13131|Q6ZV29_SDCTYIMLS|0.0
Q13131|Q6ZV29_PTEGSKWDL|0.0
Q13131|Q6ZV29_CPNASFTDL|0.0
Q13131|Q6ZV29_VDDESDYQT|0.0
Q13131|Q6ZV29_AQQGSDLED|0.85
Q13131|Q6ZV29_HRHPSLAFP|0.0
Q13131|Q9NP80_KLSTSAPKG|0.0
Q13131|Q9NP80_NICMSRIKS|0.0
Q13131|Q9NP80_SLFHYTSSI|0.0
Q13131|Q9NP80_KKRLSLQRE|0.824
Q13131|Q9NP80_IARVSIDNR|0.0
Q13131|Q9NP80_KLCITRVEE|0.0
Q13131|Q9NP80_SDVFSQNVI|0.726
Q13131|Q9NP80_GTGRYESDV|0.0
Q13131|Q9NP80_DVRNTVTYT|0.35
Q13131|Q9NVS9_EAECYFHSR|0.015
Q13131|Q9NVS9_RPKSSQIGA|0.976
Q13131|Q9NVS9_GAVVSHQSS|0.013
Q13131|Q9NVS9_PDREYLRKK|0.45
Q13131|Q9NVS9_GYVLYPQVM|0.522
Q13131|Q8TCS8_KLEISSGKL|0.001
Q13131|Q8TCS8_LEISSGKLA|0.001
Q13131|Q8TCS8_IDGEYVVNP|0.0
Q13131|Q8TCS8_QKLFTPSPE|0.291
Q13131|Q8TCS8_LFTPSPEIV|0.007
Q13131|Q8TCS8_MERLYAVFT|0.0
Q13131|Q8TCS8_YAVFTDYEH|0.0
Q13131|Q8TCS8_VFTDYEHDK|0.0
Q13131|Q8TCS8_EADPYEIIE|0.0
Q13131|Q8TCS8_EIIESFNVV|0.624
Q13131|Q8TCS8_EKALYPVIP|0.199
Q13131|Q8TCS8_TIRVTSEVL|0.009
Q13131|Q8TCS8_IRVTSEVLE|0.952
Q13131|Q8TCS8_IMNKTISKP|0.0
Q13131|Q8TCS8_GPGGYNLKK|0.535
Q13131|Q8TCS8_RDFITEICK|0.0
Q13131|Q8TCS8_GAVYTATIT|0.016
Q13131|Q8TCS8_TATITEIRD|0.591
Q13131|Q8TCS8_IKHPTALGL|0.0
Q13131|Q12796_SSRGYFGAL|0.83
Q13131|Q12796_LPMVTTAPP|0.0
Q13131|Q12796_PMVTTAPPP|0.0
Q13131|Q12796_VAGGTPRAA|0.0
Q13131|Q12796_KVRASPAGQ|0.001
Q13131|Q12796_GIHLYEQPK|0.0
Q13131|Q12796_SDPPSPSVL|0.0
Q13131|Q9NPJ4_ANQNYAGAK|0.0
Q13131|Q96QC0_RKLASVLVS|0.304
Q13131|Q96QC0_SVLVSDWMA|0.0
Q13131|Q96QC0_RSQSSTQPA|0.0
Q13131|Q96QC0_SQSSTQPAE|0.0
Q13131|Q96QC0_VSDKYNLKP|0.0
Q13131|Q96QC0_AEKKYKPLN|0.0
Q13131|Q96QC0_KPLNTTPNA|0.0
Q13131|Q96QC0_PLNTTPNAT|0.0
Q13131|Q96QC0_VLSPTAAKP|0.18
Q13131|Q96QC0_AAKPSPFEG|0.0
Q13131|Q96QC0_STEPSTAKP|0.0
Q13131|Q96QC0_TEPSTAKPS|0.0
Q13131|Q96QC0_TAKPSSPEP|0.0
Q13131|Q96QC0_AKPSSPEPA|0.0
Q13131|Q96QC0_DRPGTPVPP|0.006
Q13131|Q96QC0_MDTASLEPG|0.002
Q13131|Q96QC0_PNQLTRKGR|0.462
Q13131|Q96QC0_RKSVTWPEE|0.0
Q13131|Q96QC0_ARRLSHDNM|0.0
Q13131|Q96QC0_LNKESPHEP|0.001
Q13131|Q96QC0_GAGGSKLPP|0.091
Q13131|Q96QC0_EILTSIMGS|0.691
Q13131|Q96QC0_GSPNSHPSE|0.622
Q13131|Q96QC0_GGMGSGHRP|0.0
Q13131|Q96QC0_GPGGSMGGG|0.0
Q13131|Q8NA72____MSSDEE|0.045
Q13131|Q8NA72___MSSDEEK|0.083
Q13131|Q8NA72_ELLHYAIVT|0.0
Q13131|Q8NA72_DILHSQGNN|0.331
Q13131|Q8NA72_QGNNSEVRE|0.258
Q13131|Q8NA72_ISSHSKTDE|0.0
Q13131|Q8NA72_SHSKTDESS|0.0
Q13131|Q8NA72_RQDVYEGKL|0.0
Q13131|Q8NA72_KKEEYGPGV|0.0
Q13131|Q8NA72_LPVTSPLLP|0.0
Q13131|Q8NA72_PLLPSPPAA|0.0
Q13131|Q8NA72_SEEMYVPRV|0.0
Q13131|Q8NA72_CDFASKNRI|0.0
Q13131|Q8NA72_KNRISSSLA|0.0
Q13131|Q8NA72_NRISSSLAI|0.0
Q13131|Q8NA72_RISSSLAIM|0.005
Q13131|Q8NA72_IMGVSPPMS|0.0
Q13131|Q8NA72_PPMSSVVVE|0.0
Q13131|Q7Z5L7_HRLETLNLQ|0.0
Q13131|Q7Z5L7_LNYLYLANN|0.699
Q13131|Q7Z5L7_NNKLTLAPR|0.0
Q13131|Q7Z5L7_PGAFSELSS|0.0
Q13131|Q7Z5L7_SELSSLREL|0.001
Q13131|Q7Z5L7_NAFDSTPNL|0.0
Q13131|Q7Z5L7_AFDSTPNLK|0.0
Q13131|Q7Z5L7_LAVGSVVDS|0.001
Q13131|Q7Z5L7-3_VGRRSAPGR|0.0
Q13131|Q7Z5L7-3_APGRSRFRQ|0.0
Q13131|Q6PEZ8_HNKLSVAPQ|0.0
Q13131|Q6PEZ8_GLDATTFSK|0.0
Q13131|Q6PEZ8_NQLGSSGLP|0.0
Q13131|Q6PEZ8_QLGSSGLPA|0.0
Q13131|Q6PEZ8_DLVATPGLT|0.0
Q13131|Q6PEZ8_TPGLTELNL|0.0
Q13131|Q6PEZ8_RALRSLDLA|0.0
Q13131|O00592_MATDTAQQS|0.0
Q13131|O00592_TTIESPKST|0.0
Q13131|O00592_KSTKSADTT|0.0
Q13131|O00592_PHPTSPLSP|0.0
Q13131|O00592_TSPLSPRQP|0.0
Q13131|O00592_PRQPTSTHP|0.0
Q13131|O00592_RQPTSTHPV|0.0
Q13131|O00592_QPTSTHPVA|0.001
Q13131|O00592_PETMSSSPT|0.0
Q13131|O00592_TMSSSPTAA|0.0
Q13131|O00592_VAHESNWAK|0.0
Q13131|O00592_EAGVSDMKL|0.056
Q13131|O00592_VENGYHDNP|0.0
Q13131|O00592_METSSEMQE|0.0
Q13131|Q9NZ53_PNLPSPLPK|0.36
Q13131|Q9NZ53_PVNGSQEEA|0.749
Q13131|Q9NZ53_SSSQTPGAT|0.234
Q13131|Q9NZ53_QARASQVRS|0.021
Q13131|Q9NZ53_LDVASDSQS|0.913
Q13131|Q9NZ53_VASDSQSEM|0.893
Q13131|Q9NZ53_SDSQSEMQE|0.342
Q13131|Q9NZ53_NGPGSWGAL|0.991
Q13131|Q8WVV4_KNVVYERVR|0.52
Q13131|Q8WVV4_ERVRTYSGP|0.683
Q13131|Q8WVV4_REVLSPLKT|0.002
Q13131|Q8WVV4_TTSSYQNLV|0.0
Q13131|Q8WVV4_NLVWSDHSQ|0.509
Q13131|Q8WVV4_WSDHSQELH|0.478
Q13131|Q8WVV4_QELHSPTLK|0.552
Q13131|Q8WVV4_QELHSPTVK|0.0
Q13131|Q8WVV4_TIRKYVVQN|0.0
Q13131|Q8WVV4_NNVIYEKTI|0.447
Q13131|Q8WVV4_LADLSRKNT|0.0
Q13131|Q8WVV4_PKGLSEFTK|0.0
Q13131|Q8WVV4_LSEFTKQQI|0.0
Q13131|Q8WVV4_QQIRYILQM|0.462
Q13131|Q8WVV4_RHTLSDMEY|0.773
Q13131|Q8WVV4_CRLRSQLNQ|0.001
Q13131|Q8WVV4_HKDVSKREG|0.0
Q13131|Q8WVV4_KREGSCSDF|0.044
Q13131|Q8WVV4_TEDKYTCP_|0.0
Q13131|Q8WVV4-1_QPQHYHCYH|0.0
Q13131|Q8WVV4-1_HYHCYHQSS|0.0
Q13131|Q8WVV4-1_KNVVYERVR|0.04
Q13131|Q8WVV4-1_ERVRTYSGP|0.067
Q13131|Q8WVV4-1_RVRTYSGPM|0.0
Q13131|Q8WVV4-1_VRTYSGPMN|0.424
Q13131|Q8WVV4-1_DPFNSREVL|0.0
Q13131|Q8WVV4-1_REVLSPLKT|0.0
Q13131|Q8WVV4-1_PLKTTSSYQ|0.0
Q13131|Q8WVV4-1_LKTTSSYQN|0.0
Q13131|Q8WVV4-1_KTTSSYQNL|0.001
Q13131|Q8WVV4-1_TTSSYQNLV|0.0
Q13131|Q8WVV4-1_NLVWSDHSQ|0.001
Q13131|Q8WVV4-1_WSDHSQELH|0.002
Q13131|Q8WVV4-1_QELHSPTLK|0.128
Q13131|Q8WVV4-1_LHSPTLKIS|0.0
Q13131|Q8WVV4-1_QELHSPTVK|0.0
Q13131|Q8WVV4-1_LHSPTVKLT|0.0
Q13131|Q8WVV4-1_TYPQTTIRK|0.0
Q13131|Q8WVV4-1_TIRKYVVQN|0.0
Q13131|Q8WVV4-1_FLRGSHFFP|0.0
Q13131|Q8WVV4-1_NNVIYEKTI|0.125
Q13131|Q8WVV4-1_IYEKTIRKV|0.354
Q13131|Q8WVV4-1_NTDLYHCLL|0.0
Q13131|Q8WVV4-1_RLVLSTFSN|0.0
Q13131|Q8WVV4-1_EKDLSFKDT|0.11
Q13131|Q8WVV4-1_RHTLSDMEY|0.38
Q13131|Q8WVV4-1_KELEYCKRN|0.0
Q13131|Q8WVV4-1_CRLRSQLNQ|0.0
Q13131|Q8WVV4-1_KREGSCSDF|0.0
Q13131|Q8WVV4-1_HELTSLLEE|0.0
Q13131|Q8WVV4-1_RQEIYSSHN|0.0
Q13131|Q8WVV4-1_GGRTTITTK|0.0
Q13131|Q8WVV4-1_KKYRTQYPI|0.0
Q13131|Q8WVV4-1_LGLLYDDYE|0.0
Q13131|Q8WVV4-1_LYDDYEYIP|0.0
Q13131|Q8WVV4-1_DDYEYIPPG|0.0
Q13131|Q9H488_LHVSYQKYF|0.0
Q13131|Q9H488_HRVISLEDF|0.004
Q13131|Q9H488_PLQKYMVWS|0.0
Q13131|Q9H488_VYVATDSES|0.0
Q13131|Q9Y2G5_WFWGYEETR|0.0
Q13131|Q9Y2G5_GYEETRGLN|0.0
Q13131|Q9Y2G5_GLNVSCLSV|0.011
Q13131|Q9Y2G5_VSCLSVQGS|0.0
Q13131|Q9P215_PLNLSLKEE|0.623
Q13131|Q9P215_EEIQSRELE|0.0
Q13131|Q9P215_KFQFSRGMR|0.272
Q13131|Q9P215_GMRRSYDAG|0.666
Q13131|Q9P215_RYDLSLRHK|0.004
Q13131|Q7Z3K3_VIEDSVVED|0.941
Q13131|Q7Z3K3_VVEDYNSVD|0.327
Q13131|Q7Z3K3_EDYNSVDKT|0.489
Q13131|Q7Z3K3_SPGQSNQTT|0.103
Q13131|Q7Z3K3_QSNQTTNPK|0.0
Q13131|Q7Z3K3_PSFPSPPAV|0.371
Q13131|Q7Z3K3_TGENSNEVA|0.689
Q13131|Q7Z3K3_PVVVSNNSS|0.192
Q13131|Q7Z3K3_SNNSSAHGS|0.673
Q13131|Q7Z3K3_SQRTSGPES|0.334
Q13131|Q7Z3K3_KKGKSLDSE|0.91
Q13131|Q7Z3K3_APVASTPSS|0.748
Q13131|Q7Z3K3_PVASTPSST|0.487
Q13131|Q7Z3K3_ASTPSSTPI|0.369
Q13131|Q7Z3K3_KRNVYHCNK|0.582
Q13131|Q7Z3K3_LKPGTKVTI|0.16
Q13131|Q7Z3K3_GTKVTIRAS|0.646
Q13131|Q7Z3K3_VRKMSVMGR|0.909
Q13131|Q7Z3K3_CRYSTCCSR|0.29
Q13131|Q7Z3K3_VPRKSPKYL|0.257
Q13131|Q7Z3K3_LFKNSVSGI|0.471
Q13131|Q7Z3K3_KNSVSGIKL|0.5
Q13131|Q7Z3K3_QDEGSPVTQ|0.004
Q13131|Q7Z3K3_GGGGSGGVG|0.0
Q13131|Q7Z3K3_RFQASQGEN|0.382
Q13131|Q7Z3K3_RHHLTPHAR|0.001
Q13131|Q7Z3K3_ESGYSDDEI|0.879
Q13131|Q7Z3K3_FLVASVLPG|0.915
Q13131|Q7Z3K3_INSPTRNAD|0.808
Q13131|Q7Z3K3_ELIASLEEQ|0.001
Q13131|P09884_HGDDSLSDS|0.0
Q13131|P09884_DDSLSDSGS|0.005
Q13131|P09884_EKYKYEVED|0.0
Q13131|P09884_VEDFTGVYE|0.0
Q13131|P09884_FTGVYEEVD|0.0
Q13131|P09884_DEEQYSKLV|0.0
Q13131|P09884_VHTATAVPS|0.0
Q13131|P09884_WDKESEPAE|0.195
Q13131|P09884_QEADSGKGT|0.0
Q13131|P09884_EKSEYLEVK|0.0
Q13131|P09884_LEVKSPQLL|0.486
Q13131|P09884_LILQYDIRQ|0.014
Q13131|P09884_LEVIYGDTD|0.0
Q13131|P09884_KKKKYAALV|0.028
Q13131|P09884_PAQLTDEEK|0.317
Q13131|P09884_TVQLSNKLI|0.011
Q13131|P09884_CAVKS____|0.48
Q13131|Q14181_NSYTTPSKG|0.0
Q13131|Q14181_PSKGSQKRA|0.0
Q13131|Q14181_ETPLTKRSV|0.321
Q13131|Q14181_LTKRSVSTR|0.003
Q13131|Q14181_KRSVSTRSP|0.408
Q13131|Q14181_RSVSTRSPH|0.464
Q13131|Q14181_YNSRSNRGE|0.0
Q13131|Q14181_AGNISLKVL|0.044
Q13131|Q14181_RSSGSHLVF|0.0
Q13131|Q14181_VFVPSLRDV|0.495
Q13131|P06746_AIHKYNAYR|0.667
Q13131|P06746_KYNAYRKAA|0.514
Q13131|P06746_VIAKYPHKI|0.513
Q13131|P06746_PGVGTKIAE|0.485
Q13131|P06746_TVCGSFRRG|0.892
Q13131|P06746_DEKEYPHRR|0.471
Q13131|P06746_DIFDYIQWK|0.424
Q13131|P28340_APRPSQFEE|0.0
Q13131|P28340_NLAISRDSR|0.511
Q13131|P28340_FLRITVALP|0.229
Q13131|P28340_LRVLSFDIE|0.48
Q13131|P28340_RLAVYCLKD|0.0
Q13131|P28340_GGEDYTGAT|0.0
Q13131|P28340_ENLLSARKR|0.586
Q13131|P28340_ENGYSTSAK|0.0
Q13131|P28340_ADWVSGHFP|0.005
Q13131|P28340_GHFPSPIRL|0.139
Q13131|P28340_SKKRYAGLL|0.431
Q13131|P28340_RIDISQLVI|0.573
Q13131|P28340_TRCKTVLTG|0.0
Q13131|P49005_QRAHTLLSP|0.934
Q13131|P49005_LSPPSANNA|0.0
Q13131|P49005_PVATYTNSS|0.006
Q13131|P49005_LGERSFSRQ|0.0
Q13131|P49005_ERSFSRQYA|0.0
Q13131|P49005_FSRQYAHIY|0.0
Q13131|P49005_QHWGSGVGV|0.001
Q13131|P49005_LREVSEEHN|0.0
Q13131|P49005_KLKGTIDVS|0.005
Q13131|P49005_NKAKYLTKK|0.051
Q13131|P49005_AKYLTKKTQ|0.001
Q13131|Q15054_KQMLYDYVE|0.0
Q13131|Q15054_MLYDYVERK|0.293
Q13131|Q15054_EAVKSKLAV|0.0
Q13131|Q15054_KLAVTASIH|0.248
Q13131|Q15054_SIHVYSIQK|0.0
Q13131|Q15054_CSKFSAIQC|0.0
Q13131|Q15054_NNELTTNGH|0.001
Q13131|Q15054_KTQETNKET|0.0
Q13131|Q15054_VTNASAAGN|0.0
Q13131|Q15054_VNLDSEQAV|0.296
Q13131|Q15054_GLKKSSKKA|0.0
Q13131|Q15054_ETKETENMR|0.542
Q13131|Q15054_PEPPSVKSS|0.0
Q13131|Q15054_PSVKSSSGE|0.0
Q13131|Q15054_SVKSSSGEN|0.0
Q13131|Q15054_MKTSSVHRP|0.021
Q13131|Q9Y2S7_QARLYDRDV|0.014
Q13131|Q9Y2S7_AGHGSKEVK|0.011
Q13131|Q9Y2S7_WRIFSLSGT|0.342
Q13131|Q9Y2S7_IFSLSGTLE|0.581
Q13131|Q9Y2S7_GTLETVRGR|0.784
Q13131|Q9Y2S7_KTPPSGLHW|0.001
Q13131|Q07864_MSLRSGGRR|0.62
Q13131|Q07864_SAVDYYFIQ|0.001
Q13131|Q07864_AVDYYFIQD|0.0
Q13131|Q07864_VALPYKPYF|0.0
Q13131|Q07864_YIRLSFHTV|0.123
Q13131|Q07864_GGVITDEEE|0.0
Q13131|Q07864_VHGLSMQQE|0.0
Q13131|Q07864_HQLESEKFP|0.0
Q13131|Q07864_ASEDSPRPS|0.007
Q13131|Q07864_RRGPTLIAV|0.363
Q13131|Q07864_AVQSSWELK|0.0
Q13131|Q07864_RILKSMVVG|0.163
Q13131|Q07864_APGSTPVRR|0.256
Q13131|Q07864_LMAFTLQDL|0.0
Q13131|P56282_PRFVYNSER|0.527
Q13131|P56282_PLLMTNHPA|0.243
Q13131|P56282_NLFGTPRDK|0.194
Q13131|P56282_LGMITQLKE|0.596
Q13131|P56282_VYWAYDYAL|0.011
Q13131|P56282_WAYDYALRV|0.432
Q13131|Q9NRF9_KEARSAISR|0.0
Q13131|Q9NRF9_RSAISRAAS|0.0
Q13131|Q9NRF9_TLNASDVLS|0.0
Q13131|Q9NRF9_SDVLSAMEE|0.446
Q13131|Q9NRF9_ALEAYRREQ|0.859
Q13131|Q9NR33_DPDVTLAGQ|0.393
Q13131|P54098_LDTMSMHMA|0.511
Q13131|P54098_EMGVSYLPV|0.456
Q13131|P54098_SGERYKEDP|0.23
Q13131|P54098_ALDIYQIIE|0.001
Q13131|Q9UHN1_PCVLSVNGD|0.052
Q13131|Q9UHN1_SFQLTENSF|0.001
Q13131|Q9UHN1_ENSFTRKKN|0.748
Q13131|Q9UHN1_MMHISKLKD|0.446
Q13131|Q9UHN1_IKYISSAKN|0.021
Q13131|Q9UHN1_KYISSAKNV|0.512
Q13131|Q9Y253_VSHGSVPQL|0.629
Q13131|Q9Y253_QLVVSIRVQ|0.517
Q13131|Q9Y253_FLCATKFSA|0.626
Q13131|Q9Y253_QAPMSNSPS|0.709
Q13131|Q9Y253_PMSNSPSKP|0.295
Q13131|Q9Y253_SNSPSKPSL|0.89
Q13131|Q9Y253_KLEESSKAT|0.158
Q13131|Q9Y253_VLEVTQKAT|0.682
Q13131|Q9UNA4_IIRRYSSEK|0.447
Q13131|Q9UNA4_IRRYSSEKH|0.0
Q13131|Q9UNA4_RRYSSEKHY|0.377
Q13131|Q9UNA4_SEKHYGRES|0.565
Q13131|Q9UNA4_GLIDYYLMP|0.381
Q13131|Q9UNA4_TTSRSGKHS|0.001
Q13131|Q9UNA4_RTRESPLDT|0.595
Q13131|Q9UNA4_PLHASRGVL|0.26
Q13131|Q9UNA4_VSSVSPCEP|0.0
Q13131|Q9UNA4_SAFHSFPNL|0.0
Q13131|Q9UNA4_PQVFYELPE|0.0
Q13131|Q9UBT6_IMEATKGSR|0.0
Q13131|Q9UBT6_SSVVSTAEE|0.0
Q13131|Q9UBT6_HQQRSIIGF|0.478
Q13131|Q9UBT6_NQALSATEC|0.0
Q13131|Q9UBT6_ERKWSHQDT|0.999
Q13131|Q9UBT6_VNKQSFQTS|0.471
Q13131|Q9UBT6_VPASSLCEK|0.0
Q13131|Q9UBT6_EKQDYEAHP|0.0
Q13131|Q9UBT6_SKAESIDAL|0.549
Q13131|Q9UBT6_QPKESSRST|0.037
Q13131|Q9UBT6_PKESSRSTG|0.673
Q13131|Q9UBT6_SSRSTGSSS|0.0
Q13131|Q9UBT6_RSTGSSSGV|0.0
Q13131|Q9UBT6_STGSSSGVQ|0.016
Q13131|Q9UBT6_QKAVTRTKR|0.0
Q13131|Q9UBT6_PGLMTKYST|0.076
Q13131|Q9UGP5_EWLSSLRAH|0.118
Q13131|Q9UGP5_PPPPTRPVS|0.606
Q13131|Q9UGP5_QGFRSLEDI|0.368
Q13131|Q9UGP5_GLKHYSDFL|0.0
Q13131|Q9UGP5_LKHYSDFLE|0.001
Q13131|Q9NP87_VGSPSGDAA|0.211
Q13131|Q9NP87_GDAASSTPP|0.0
Q13131|Q9NP87_PPGCTPPAL|0.0
Q13131|Q7Z5Q5_QKIMSAMHS|0.0
Q13131|Q7Z5Q5_SAMHSGDLV|0.0
Q13131|Q7Z5Q5_SAKLSPQSF|0.0
Q13131|Q7Z5Q5_TDQLSADQK|0.391
Q13131|Q7Z5Q5_LVEKYCEKS|0.0
Q13131|Q7Z5Q5_YCEKSITVK|0.0
Q13131|Q7Z5Q5_EKSITVKVN|0.624
Q13131|Q7Z5Q5_VVQGSAADL|0.003
Q13131|O75417_RRSESGSDS|0.393
Q13131|O75417_SFSGSGGDS|0.003
Q13131|O75417_VLEKYHSFG|0.493
Q13131|O75417_YSAPTSAGK|0.003
Q13131|O75417_KVDGYMGST|0.657
Q13131|O75417_YAACTFLAA|0.001
Q13131|O75417_GQIQSLQQS|0.008
Q13131|O75417_HTFISQTKS|0.962
Q13131|O75417_YIKHSPNIV|0.564
Q13131|O75417_KVVQTFSQK|0.024
Q13131|O75417_VQTFSQKTK|0.005
Q13131|O75417_FLNISRLQE|0.0
Q13131|O75417_LQEKTGTYT|0.457
Q13131|O75417_TGTYTTNKT|0.219
Q13131|O75417_GTYTTNKTK|0.547
Q13131|O75417_GAKDTNLAA|0.376
Q13131|O75417_VQQNSMNSF|0.065
Q13131|O75417_LTPESPIFH|0.145
Q13131|O75417_VPETSLNMS|0.322
Q13131|O75417_SLNMSDSLL|0.518
Q13131|O75417_NMSDSLLFD|0.159
Q13131|O75417_LLFDSFSDD|0.066
Q13131|O75417_HTVVSPRAL|0.842
Q13131|O75417_EKLKSMTIN|0.319
Q13131|O75417_INFSSLNRK|0.056
Q13131|O75417_QEVISNLET|0.693
Q13131|O75417_SNLETKQVQ|0.476
Q13131|O75417_PTSASKLTF|0.0
Q13131|O75417_DPSLTLKDR|0.029
Q13131|O75417_TLGSTRRGI|0.846
Q13131|O75417_RQFSTSKDV|0.304
Q13131|O75417_LVGESPPSQ|0.243
Q13131|O75417_GMPFSISMR|0.009
Q13131|O75417_PFSISMRHA|0.117
Q13131|O75417_MGAKSLGEQ|0.27
Q13131|O75417_DAACYIDSF|0.014
Q13131|O75417_FMTETVKNC|0.0
Q13131|O75417_QAINTIVQG|0.654
Q13131|O75417_GMLQSDQTG|0.265
Q13131|O95602_VATPTTDEE|0.449
Q13131|O95602_ATPTTDEEK|0.0
Q13131|O95602_EAASYDEVR|0.078
Q13131|O95602_ASGKSLPCF|0.0
Q13131|O95602_CFEPYEFTP|0.0
Q13131|O95602_PFLASNYEV|0.0
Q13131|O95602_HEVLSRADP|0.0
Q13131|O95602_GAFLSYSQK|0.0
Q13131|O95602_AFLSYSQKI|0.0
Q13131|O95602_FLSYSQKIQ|0.826
Q13131|O95602_LRMWYELDE|0.0
Q13131|O95602_SYEKSELSL|0.0
Q13131|O95602_LMVASANIK|0.007
Q13131|O95602_TRRATQRDL|0.148
Q13131|O95602_DADASDAKR|0.178
Q13131|O95602_PRKPTHSQE|0.677
Q13131|O95602_KPTHSQEPQ|0.715
Q13131|O95602_SLVVSLAHG|0.0
Q13131|O95602_LVLNTEGIN|0.291
Q13131|O95602_DELRSPSAC|0.005
Q13131|Q9H9Y6_QFLGYVPIM|0.451
Q13131|P0DPB6_ERKISGLKT|0.129
Q13131|P0DPB6_SGLKTSMAE|0.089
Q13131|P0DPB5_KKHRSHPYK|0.021
Q13131|P0DPB5_PYKHSFRAR|0.117
Q13131|P0DPB5_RGSASYSPP|0.094
Q13131|Q9GZS1_ENKDSTNPR|0.0
Q13131|Q9GZS1_LAAETDRLS|0.0
Q13131|Q9GZS1_QTKTYREKM|0.047
Q13131|Q9GZS1_EAFGTTKQK|0.0
Q13131|Q9GZS1_AFGTTKQKR|0.0
Q13131|Q9GZS1_EALQSPSEA|0.553
Q13131|Q9GZS1_KSLPSDVES|0.0
Q13131|Q9GZS1_VKRKSALGP|0.634
Q13131|P24928_GGPPSGDSA|0.439
Q13131|P24928_LKRMSVTEG|0.31
Q13131|P24928_RMSVTEGGI|0.61
Q13131|P24928_KYPETTEGG|0.0
Q13131|P24928_YPETTEGGR|0.0
Q13131|P24928_LLVDSNNPK|0.145
Q13131|P24928_DEDLTKEKG|0.097
Q13131|P24928_VMQGSARNQ|0.507
Q13131|P24928_RTVITPDPN|0.003
Q13131|P24928_VTPQSNRPV|0.502
Q13131|P24928_QDTLTAVRK|0.583
Q13131|P24928_VRKFTKRDV|0.69
Q13131|P24928_RPLWTGKQI|0.434
Q13131|P24928_IRTHSTHPD|0.019
Q13131|P24928_RTHSTHPDD|0.285
Q13131|P24928_DSGPYKHIS|0.505
Q13131|P24928_ADSKTYQDI|0.43
Q13131|P24928_DSKTYQDIQ|0.558
Q13131|P24928_TPGNTLRQT|0.639
Q13131|P24928_SLSEYNNFK|0.689
Q13131|P24928_NNFKSMVVS|0.511
Q13131|P24928_SMVVSGAKG|0.621
Q13131|P24928_GAKGSKINI|0.651
Q13131|P24928_ERELYHVIS|0.385
Q13131|P24928_CDTMTCRGH|0.555
Q13131|P24928_LMAITRHGV|0.483
Q13131|P24928_NRQDTGPLM|0.738
Q13131|P24928_QSPSYSPTS|0.388
Q13131|P24928_SSPRYTPQS|0.002
Q13131|P24928_SPRYTPQSP|0.057
Q13131|P24928_YTPQSPTYT|0.568
Q13131|P24928_QSPTYTPSS|0.693
Q13131|P24928_SPTYTPSSP|0.411
Q13131|P24928_TYTPSSPSY|0.01
Q13131|P24928_YTPSSPSYS|0.081
Q13131|P24928_PSSPSYSPS|0.07
Q13131|P24928_SSPSYSPSS|0.003
Q13131|P24928_SYSPSSPSY|0.163
Q13131|P24928_YSPSSPSYS|0.0
Q13131|P24928_PSSPSYSPA|0.509
Q13131|P24928_SSPSYSPAS|0.0
Q13131|P24928_SPSYSPASP|0.161
Q13131|P30876_AQHASGEVE|0.584
Q13131|P30876_DGAPSPMMP|0.566
Q13131|P30876_SAPLYVDIT|0.358
Q13131|P30876_QHQKTFIGK|0.392
Q13131|P30876_KDSKYAYTG|0.445
Q13131|P30876_SKYAYTGEC|0.004
Q13131|P30876_HVGVSDFCE|0.193
Q13131|P30876_DFCETKKAY|0.276
Q13131|P30876_LAIKTRIIS|0.513
Q13131|P30876_RAGVSQVLN|0.927
Q13131|P30876_RRLNSPIGR|0.711
Q13131|P30876_QLMNTLRKL|0.452
Q13131|P30876_KEVAYCSTY|0.543
Q13131|P30876_PRNTYQSAM|0.404
Q13131|P30876_AMGVYITNF|0.48
Q13131|P30876_AHVLYYPQK|0.449
Q13131|P30876_VTTRSMEYL|0.814
Q13131|P30876_RHAIYDKLD|0.741
Q13131|P30876_IIGKTVTLP|0.465
Q13131|P30876_GKTVTLPEN|0.691
Q13131|P30876_SDYGYHLRG|0.518
Q13131|P19387_TVRITELTD|0.736
Q13131|P19387_DPNDYVEQD|0.0
Q13131|P19387_EWPKSEYSE|0.0
Q13131|P19387_PKSEYSELD|0.0
Q13131|P19387_KSEYSELDE|0.31
Q13131|P19387_DEDESQAPY|0.0
Q13131|P19387_SQAPYDPNG|0.0
Q13131|P19387_YNVESCGSL|0.001
Q13131|O15514_EEDASQLIF|0.0
Q13131|O15514_KTLNYTARF|0.001
Q13131|P19388_GYLVTQDEL|0.924
Q13131|P19388_QQGMTPSAK|0.708
Q13131|P61218_EILPSGERP|0.392
Q13131|P62487___MFYHISL|0.491
Q13131|P62487_FYHISLEHE|0.973
Q13131|P62487_LHPRYFGPN|0.554
Q13131|P52434_ASTLYEDGT|0.503
Q13131|P52434_DDGEYNPTD|0.184
Q13131|P52434_EYNPTDDRP|0.421
Q13131|P52434_DQFEYVMYG|0.401
Q13131|P52434_EGDETSTEA|0.378
Q13131|P52434_AYVSYGGLL|0.517
Q13131|P52434_DSRVYLLMK|0.686
Q13131|P36954_RILLYACRN|0.865
Q13131|P36954_EADNSCIYV|0.468
Q13131|P36954_NSCIYVNKI|0.788
Q13131|P52435_KEDHTLGNI|0.491
Q13131|P52435_LFAGYKVPH|0.539
Q13131|Q9GZM3_LFAGYKVPH|0.354
Q13131|Q9GZM3_ERFRTCLLP|0.0
Q13131|Q9H1A7_LFAGYKVPH|0.17
Q13131|Q9H1A7_ERFRTCLLP|0.0
Q13131|P62875_KLLNYAPLE|0.32
Q13131|Q6EEV4_RAPESPPSA|0.0
Q13131|Q6EEV4_ESPPSADPA|0.0
Q13131|Q6EEV4_LRAPSSRGL|0.0
Q13131|O14802_FGMKSPEEM|0.0
Q13131|O14802_APLLYGVLD|0.461
Q13131|O14802_VLMGTKANL|0.929
Q13131|O14802_LKPVTLWTG|0.0
Q13131|O14802_VTLWTGKQI|0.68
Q13131|O14802_ADAMSRLAR|0.053
Q13131|O14802_LKAKYELLN|0.004
Q13131|O14802_ELILTTESI|0.001
Q13131|O14802_LILTTESIM|0.55
Q13131|O14802_IKGVSEKIK|0.0
Q13131|O14802_AVMATHGVK|0.001
Q13131|O14802_GVKGTRTTS|0.0
Q13131|O14802_GTRTTSNNT|0.002
Q13131|O14802_TSNNTYEVE|0.006
Q13131|Q9NW08_FGNLTPEQL|0.62
Q13131|Q9NW08_GPKKTKIEE|0.0
Q13131|Q9NW08_HHNQSPRNT|0.53
Q13131|Q9NW08_NRIDTLMYL|0.532
Q13131|Q9NW08_DTLMYLLAY|0.616
Q13131|Q9NW08_YLLAYPQKP|0.0
Q13131|Q9NW08_PMVKTKTIE|0.472
Q13131|Q9NW08_DGICSPGEK|0.113
Q13131|Q9NW08_KVMISSNAE|0.033
Q13131|Q9NW08_VMISSNAED|0.504
Q13131|Q9NW08_TRQPTEGRS|0.236
Q13131|Q9BUI4_IRTGSQPLR|0.783
Q13131|Q9BUI4_EDGKTMDYA|0.0
Q13131|Q9BUI4_YAEVSNTFV|0.019
Q13131|Q9BUI4_EVSNTFVRL|0.0
Q13131|Q9BUI4_KRRRSSDED|0.414
Q13131|Q9BUI4_RRRSSDEDA|0.407
Q13131|Q9BUI4_EIFRSLPVG|0.0
Q13131|Q9BUI4_LPVGYNISK|0.076
Q13131|Q9BUI4_KSGDSGGGM|0.0
Q13131|Q9BUI4_GGGMYVINL|0.107
Q13131|Q9BUI4_QQLETLKRN|0.0
Q13131|P05423____MSEGNA|0.451
Q13131|P05423_RPLLTGARG|0.442
Q13131|P05423_APPLTPGRL|0.433
Q13131|P05423_KKTFTPNII|0.04
Q13131|P05423_EVIQSHSIF|0.517
Q13131|P05423_IQSHSIFEQ|0.552
Q13131|P05423_TVDVSDMGP|0.323
Q13131|Q9NVU0_VRPASMTYD|0.702
Q13131|Q9NVU0_GVENTELVK|0.818
Q13131|Q9NVU0_LEKVYNLVK|0.244
Q13131|Q9NVU0_SGLHSKLAN|0.702
Q13131|Q9NVU0_AGTDSFNGH|0.0
Q13131|Q9NVU0_FSGISDRML|0.025
Q13131|Q9H1D9_NRLLSMGQL|0.56
Q13131|Q9H1D9_RIKDSQNAG|0.657
Q13131|Q9H1D9_KKKVYMLYN|0.47
Q13131|O15318_ELRETMKRM|0.294
Q13131|O15318_KRMPYFIET|0.0
Q13131|O15318_GTPLTNTED|0.0
Q13131|Q9BT43_RQLPYFIRP|0.0
Q13131|Q9BT43_KERITILLP|0.0
Q13131|Q9Y2Y1_FACNTCPYV|0.072
Q13131|Q9Y2Y1_NTCPYVHNI|0.46
Q13131|Q9Y2Y1_VHNITRKVT|0.958
Q13131|O00411_MPFQSGEFK|0.616
Q13131|O00411_DLLSYAAAL|0.0
Q13131|O00411_QDAGTIERC|0.0
Q13131|O00411_GRVSYPKLH|0.957
Q13131|O00411_KTLKTLRDQ|0.004
Q13131|O00411_VVKQTVMTV|0.888
Q13131|O00411_MTVVYGVTR|0.0
Q13131|O00411_GVTRYGGRL|0.575
Q13131|Q5XG87_APAGSPSQH|0.589
Q13131|Q5XG87_FIKNYMKKY|0.455
Q13131|Q5XG87_GRSSYGAMQ|0.87
Q13131|Q5XG87_KAHPSPGMD|0.425
Q13131|Q5XG87_PGMDSRIKI|0.485
Q13131|Q5XG87_REPESPYGQ|0.093
Q13131|Q5XG87_PESPYGQRL|0.512
Q13131|Q5XG87_TLIMTTNNQ|0.845
Q13131|Q5XG87_SLPVSLSR_|0.453
Q13131|Q5XG87_PVSLSR___|0.636
Q13131|Q86U86___MGSKRRR|0.003
Q13131|Q86U86_ATSPSSSVS|0.056
Q13131|Q86U86_TSPSSSVSG|0.36
Q13131|Q86U86_SPSSSVSGD|0.0
Q13131|Q86U86_SSSVSGDFD|0.364
Q13131|Q86U86_HHSVSTPGP|0.0
Q13131|Q86U86_TPGPSRKRR|0.37
Q13131|Q86U86_SNLPTVDPI|0.467
Q13131|Q86U86_ELYNTIRDY|0.137
Q13131|Q86U86_NNAKSYYKP|0.0
Q13131|Q86U86_DNQGTVTEG|0.0
Q13131|Q86U86_QGTVTEGSS|0.0
Q13131|Q86U86_IDLKTIAQR|0.0
Q13131|Q86U86_LRMRTPSNL|0.115
Q13131|Q86U86_MRTPSNLAA|0.056
Q13131|Q86U86_ERNPTSKYY|0.488
Q13131|Q86U86_RNPTSKYYR|0.0
Q13131|Q86U86_GGRLSAITM|0.0
Q13131|Q86U86_AAARYEEGE|0.0
Q13131|Q86U86_AESITSFMD|0.0
Q13131|Q86U86_DSMISSATS|0.0
Q13131|Q86U86_SMISSATSD|0.0
Q13131|Q86U86_ISSATSDTG|0.0
Q13131|Q86U86_SSATSDTGS|0.0
Q13131|Q86U86_ATSDTGSAK|0.0
Q13131|Q86U86_KLKLSRKSG|0.0
Q13131|Q86U86_LSRKSGISP|0.0
Q13131|Q86U86_SKYMTPMQQ|0.0
Q13131|Q86U86_AVKNYTDKR|0.0
Q13131|Q86U86_GRRLSAIFL|0.737
Q13131|Q86U86_KSEDSSGAA|0.0
Q13131|Q86U86_AKTKSFKKI|0.005
Q13131|Q86U86_VRVASVFAN|0.649
Q13131|Q86U86_NTDNSEDSR|0.415
Q13131|Q86U86_VFIKSHGLV|0.0
Q13131|Q86U86_LKRFSLSAK|0.36
Q13131|Q86U86_RFSLSAKVV|0.0
Q13131|Q86U86_LMPYTPPQS|0.0
Q13131|Q86U86_STPKSAKGS|0.0
Q13131|Q86U86_SAKGSAKKE|0.0
Q13131|Q86U86_QHPDYSFGE|0.0
Q13131|Q86U86_FGELSRLVG|0.042
Q13131|Q86U86_RNLETAKKA|0.542
Q13131|Q86U86_QQQPSASPR|0.158
Q13131|Q86U86-8_ATSDTGSAK|0.0
Q13131|Q86U86-8_SDTGSAKRK|0.0
Q13131|Q86U86-8_RKRNTHDSE|0.0
Q13131|Q86U86-8_NTHDSEMLG|0.0
Q13131|Q96HA1____MSPAAA|0.432
Q13131|Q96HA1_SRPLSSFVR|0.609
Q13131|Q96HA1_RPLSSFVRK|0.653
Q13131|Q96HA1_RRPLSSFVR|0.692
Q13131|Q96HA1_TLFASPLAK|0.351
Q13131|Q96HA1_PAPRSPPPR|0.0
Q13131|Q96HA1_PPPRSPPPR|0.02
Q13131|Q96HA1_PPPRSPPPS|0.0
Q13131|Q96HA1_SPPPSPPTH|0.002
Q13131|Q96HA1_CWNGYHKKA|0.097
Q13131|Q96HA1_KAVLSPRNS|0.077
Q13131|Q96HA1_RMVCSPVTV|0.037
Q13131|Q96HA1_CSPVTVRIA|0.005
Q13131|Q96HA1_DRRFSRSAI|0.866
Q13131|Q96HA1_RFSRSAIPE|0.874
Q13131|Q96HA1_STLSSPSSN|0.058
Q13131|Q96HA1_CAKETVLSA|0.111
Q13131|Q96HA1_ETVLSALKE|0.744
Q13131|Q96HA1_RRHDSSGSG|0.771
Q13131|Q96HA1_RHDSSGSGH|0.881
Q13131|Q96HA1_DSSGSGHSA|0.507
Q13131|Q96HA1_RGLNSQSSD|0.841
Q13131|Q96HA1_LNSQSSDDH|0.755
Q13131|Q96HA1_NSQSSDDHL|0.838
Q13131|Q96HA1_LNKRSRSSS|0.609
Q13131|Q96HA1_KRSRSSSMS|0.705
Q13131|Q96HA1_RSRSSSMSS|0.705
Q13131|Q96HA1_SRSSSMSSL|0.827
Q13131|Q96HA1_SSSMSSLTG|0.78
Q13131|Q96HA1_SSMSSLTGA|0.58
Q13131|Q96HA1_MSSLTGAYA|0.249
Q13131|Q96HA1_LTGAYASGI|0.093
Q13131|Q96HA1_IPSSSRNAI|0.128
Q13131|Q96HA1_AITSSYSST|0.706
Q13131|Q96HA1_ITSSYSSTR|0.375
Q13131|Q96HA1_TRGISQLWK|0.539
Q13131|Q96HA1_NGPSSSPFS|0.373
Q13131|Q96HA1_GPSSSPFSS|0.019
Q13131|Q96HA1_SSPFSSPAS|0.592
Q13131|Q96HA1_SPFSSPASS|0.0
Q13131|Q96HA1_SSPASSRSQ|0.635
Q13131|Q96HA1_SPASSRSQT|0.751
Q13131|Q96HA1_ASSRSQTPE|0.001
Q13131|Q96HA1_SRSQTPERP|0.001
Q13131|Q96HA1_LCHHSSSST|0.658
Q13131|Q96HA1_CHHSSSSTP|0.856
Q13131|Q96HA1_ADRESQGEK|0.586
Q13131|Q96HA1_KAADTTPRK|0.153
Q13131|Q96HA1_AADTTPRKK|0.329
Q13131|Q96HA1_QNSNSQSTP|0.279
Q13131|Q96HA1_SNSQSTPGS|0.426
Q13131|Q96HA1_NSQSTPGSS|0.484
Q13131|Q96HA1_STPGSSGQR|0.772
Q13131|Q96HA1_TPGSSGQRK|0.403
Q13131|Q96HA1_QLLPSRRGE|0.003
Q13131|Q96HA1_EKKASLQWF|0.97
Q13131|Q96HA1_TEALSPPKT|0.053
Q13131|Q96HA1_TSAPSPAPK|0.026
Q13131|Q96HA1_GTQNTSPSS|0.006
Q13131|Q96HA1_TQNTSPSSP|0.0
Q13131|Q96HA1_NTSPSSPAA|0.0
Q13131|Q96HA1_TSPSSPAAP|0.0
Q13131|Q96HA1_SNTSTPTFN|0.001
Q13131|Q96HA1_SSAKSPLPS|0.018
Q13131|Q96HA1_AYVPTPIHP|0.492
Q13131|Q96HA1_RRQHTRKK_|0.527
Q13131|A6NF01_GPSSSPFSS|0.16
Q13131|A6NF01_SSPFSSPAS|0.661
Q13131|A6NF01_SPFSSPASS|0.008
Q13131|A8CG34____MSPAAA|0.382
Q13131|A8CG34_SRPLSSFVQ|0.575
Q13131|A8CG34_TLFASPPAK|0.0
Q13131|A8CG34_PAPRSTPPS|0.47
Q13131|A8CG34_APRSTPPSQ|0.588
Q13131|A8CG34_STPPSQPTH|0.067
Q13131|A8CG34_PSQPTHRVH|0.015
Q13131|A8CG34_PSLPTPLLR|0.344
Q13131|A8CG34_RDRGTLPDR|0.471
Q13131|A8CG34_RFVITPRRR|0.003
Q13131|A8CG34_KAVLSPRNS|0.035
Q13131|A8CG34_RMVCSPVTV|0.016
Q13131|A8CG34_DRRFSRSAI|0.816
Q13131|A8CG34_RFSRSAIPE|0.821
Q13131|A8CG34_STLSSPSSN|0.025
Q13131|A8CG34_CAKETVLSA|0.041
Q13131|A8CG34_ETVLSALKE|0.691
Q13131|A8CG34_RHDSSGSGH|0.838
Q13131|A8CG34_DSSGSGHSA|0.481
Q13131|A8CG34_GSGHSAFEP|0.682
Q13131|A8CG34_PLVASGVPA|0.074
Q13131|A8CG34_GVPASFVPK|0.45
Q13131|A8CG34_RGLNSQSSD|0.793
Q13131|A8CG34_LNSQSSDDH|0.7
Q13131|A8CG34_NSQSSDDHL|0.786
Q13131|A8CG34_LNKRSRSSS|0.586
Q13131|A8CG34_KRSRSSSMS|0.668
Q13131|A8CG34_RSRSSSMSS|0.662
Q13131|A8CG34_SSSMSSLTG|0.732
Q13131|A8CG34_MSSLTGAYT|0.579
Q13131|A8CG34_LTGAYTSGI|0.481
Q13131|A8CG34_TGAYTSGIP|0.0
Q13131|A8CG34_GAYTSGIPS|0.0
Q13131|A8CG34_GIPSSSRNA|0.182
Q13131|A8CG34_NAITSSYSS|0.0
Q13131|A8CG34_AITSSYSST|0.627
Q13131|A8CG34_ITSSYSSTR|0.372
Q13131|A8CG34_TRGISQLWK|0.523
Q13131|A8CG34_NGPSSSPFS|0.327
Q13131|A8CG34_GPSSSPFSS|0.008
Q13131|A8CG34_SSPFSSPAS|0.567
Q13131|A8CG34_SPFSSPASS|0.0
Q13131|A8CG34_SSPASSRSQ|0.602
Q13131|A8CG34_SPASSRSQT|0.702
Q13131|A8CG34_ASSRSQTPE|0.0
Q13131|A8CG34_SRSQTPERP|0.001
Q13131|A8CG34_LCHHSSSST|0.619
Q13131|A8CG34_CHHSSSSTP|0.8
Q13131|A8CG34_HHSSSSTPL|0.827
Q13131|A8CG34_HSSSSTPLA|0.69
Q13131|A8CG34_SSSSTPLAA|0.489
Q13131|A8CG34_ADKESQGEK|0.197
Q13131|A8CG34_KAADTTPRK|0.069
Q13131|A8CG34_AADTTPRKK|0.285
Q13131|A8CG34_SNSQSTPGS|0.407
Q13131|A8CG34_NSQSTPGSS|0.464
Q13131|A8CG34_STPGSSGQR|0.718
Q13131|A8CG34_TPGSSGQRK|0.392
Q13131|A8CG34_QLLPSRRGE|0.001
Q13131|A8CG34_EKKASLQWF|0.946
Q13131|A8CG34_TEALSPPKT|0.019
Q13131|A8CG34_TSAPSPAPK|0.011
Q13131|A8CG34_TSPSSPAAP|0.0
Q13131|A8CG34_ASSASPMFK|0.279
Q13131|A8CG34_SNTSTPTFN|0.0
Q13131|A8CG34_SSAKSPLPS|0.007
Q13131|A8CG34_KPALTPSFG|0.004
Q13131|A8CG34_ALTPSFGSS|0.0
Q13131|A8CG34_AHVPTPIQP|0.485
Q13131|A8CG34_RRQHTRKK_|0.517
Q13131|Q3SYA9_SYSSTGGLP|0.0
Q13131|Q3SYA9_RGPASSHCQ|0.0
Q13131|Q8N7R1_AAPMSRSPS|0.0
Q13131|Q8N7R1_PMSRSPSTP|0.0
Q13131|Q8N7R1_TPQTTPSPQ|0.0
Q13131|Q8N7R1_QTTPSPQGR|0.0
Q13131|Q96KW2_DWWESYLKR|0.0
Q13131|Q96KW2_DHSLTKRPN|0.0
Q13131|Q96KW2_IGSSYSSCR|0.0
Q13131|P01189_GRRNSSSSG|0.0
Q13131|P01189_NSSSSGSSG|0.0
Q13131|P01189_SSSGSSGAG|0.0
Q13131|P01189_REDVSAGED|0.467
Q13131|P01189_FRWGSPPKD|0.372
Q13131|Q8WZA1_RFCQTGAVL|0.0
Q13131|Q8WZA1_RRAISEANE|0.906
Q13131|Q8WZA1_KDEGSFHLK|0.0
Q13131|Q8WZA1_HLKDTAKAL|0.0
Q13131|Q8WZA1_HRLLSEAEV|0.033
Q13131|Q9Y244_ELSASGPFE|0.0
Q13131|Q9Y244_RKGFSCVKN|0.0
Q13131|Q9Y244_MNFSTLRNI|0.535
Q13131|Q9Y6A1_PVVVTADIN|0.0
Q13131|Q9Y6A1_DINLSLVAL|0.607
Q13131|Q9Y6A1_VLKLSGAHL|0.676
Q13131|Q9Y6A1_PDWGYRQLE|0.005
Q13131|Q9Y6A1_MARFSELQW|0.679
Q13131|Q9Y6A1_TNIAYWLHP|0.033
Q13131|Q9UKY4_GKMGSYYIN|0.0
Q13131|Q9UKY4_KMGSYYINR|0.42
Q13131|Q9UKY4_MGSYYINRT|0.314
Q13131|Q9UKY4_EHKETSRNL|0.0
Q13131|Q9UKY4_HKETSRNLH|0.462
Q13131|Q9UKY4_RNLHSHYHE|0.335
Q13131|Q6PJE2_DRRFSRSAI|0.66
Q13131|Q6PJE2_RFSRSAIPE|0.654
Q13131|Q6PJE2_STLSSPSSN|0.0
Q13131|Q6PJE2_CAKETVLSA|0.0
Q13131|Q6PJE2_ETVLSALKE|0.504
Q13131|P27169_LIALTLLGM|0.564
Q13131|Q15165_EFKNTVEIF|0.759
Q13131|Q15165_IGTLYHRAL|0.69
Q13131|Q15166_GVGLSLVGE|0.0
Q13131|Q15166_ANNGSVLQG|0.899
Q13131|Q15166_VASVYHGKI|0.91
Q13131|Q99575_VKHHSGGEK|0.0
Q13131|Q99575_VNPHSLPDP|0.496
Q13131|Q99575_RRAMSHNVK|0.44
Q13131|Q99575_IWLETHIWH|0.0
Q13131|Q99575_KSQRTPGDP|0.0
Q13131|Q99575_EKSQTELPD|0.981
Q13131|Q99575_RVQAYEEPS|0.0
Q13131|Q99575_DEVGTSIEH|0.041
Q13131|Q99575_EVGTSIEHP|0.28
Q13131|Q99575_DQEASENHV|0.194
Q13131|Q99575_CVLRSRKLL|0.011
Q13131|Q99575_ASLQYRFAR|0.0
Q13131|O95707_KSVIYHALS|0.499
Q13131|O95707_EANDSDVQP|0.3
Q13131|O95707_FLKRSTPRM|0.0
Q13131|O95707_LKRSTPRMS|0.04
Q13131|O95707_TPRMSPQAR|0.362
Q13131|O95707_VVLEYFTRH|0.0
Q13131|O95707_LEYFTRHKR|0.529
Q13131|Q969H6_FAVRYLNAY|0.0
Q13131|Q969H6_YLNAYTGIV|0.406
Q13131|Q969H6_SVTRSCLLE|0.046
Q13131|O75817_DPVEYTLRK|0.0
Q13131|O75817_PVEYTLRKR|0.508
Q13131|O75817_KRLPSRLPR|0.06
Q13131|O75817_PNDIYVNMK|0.005
Q13131|O75817_CSEIYIHGL|0.0
Q13131|Q9HBU9____MSANSS|0.002
Q13131|Q9HBU9_FDLLYKTLC|0.0
Q13131|Q9HBU9_SLLLSGRVR|0.278
Q13131|Q9HBU9_SRPDSGILA|0.0
Q13131|Q9HBU9_PLQSYSQVI|0.006
Q13131|P16435_TKIQTLTSS|0.0
Q13131|P16435_QTLTSSVRE|0.868
Q13131|P16435_VRESSFVEK|0.967
Q13131|P16435_SIRQYELVV|0.472
Q13131|P16435_LVVHTDIDA|0.395
Q13131|P16435_AAKVYMGEM|0.181
Q13131|P16435_LNQGTERHL|0.81
Q13131|P16435_TALTYYLDI|0.001
Q13131|P16435_ALTYYLDIT|0.0
Q13131|P16435_GKELYLSWV|0.196
Q13131|P16435_PFKATTPVI|0.0
Q13131|P16435_FKATTPVIM|0.0
Q13131|P16435_TLLYYGCRR|0.0
Q13131|P16435_SDEDYLYRE|0.0
Q13131|P16435_EDYLYREEL|0.0
Q13131|P16435_SHKVYVQHL|0.012
Q13131|Q9H237_LCRHSSHRG|0.005
Q13131|Q9H237_CRHSSHRGV|0.459
Q13131|Q9H237_GVFLSVTIL|0.034
Q13131|Q15063_CCPGYMRME|0.0
Q13131|Q15063_PAEKSLHEK|0.0
Q13131|Q15063_FKGMTSEEK|0.0
Q13131|Q15063_KGMTSEEKE|0.0
Q13131|Q15063_EPGVTNILK|0.0
Q13131|Q15063_SDIMTTNGV|0.51
Q13131|Q15063_VRGSTFKEI|0.0
Q13131|Q15063_VTVYTTKII|0.0
Q13131|Q15063_TKIITKVVE|0.0
Q13131|Q15063_YTRISTGGG|0.243
Q13131|Q15063_GGGETEETL|0.611
Q13131|Q9NUX5_FLRIYSLHT|0.026
Q13131|Q9NUX5_LRIYSLHTK|0.373
Q13131|Q6S8J3_SAMKTLRSK|0.0
Q13131|Q6S8J3_GSGKSNVGA|0.0
Q13131|Q6S8J3_NVGASGDHD|0.0
Q13131|Q6S8J3_KQKRTALHL|0.037
Q13131|Q6S8J3_KHGLTPLLL|0.0
Q13131|Q6S8J3_ESEEYHRIC|0.0
Q13131|Q6S8J3_LLSDYKEKQ|0.0
Q13131|Q6S8J3_PKYSSENSN|0.0
Q13131|Q6S8J3_MDDDTAVLV|0.0
Q13131|Q6S8J3_IDNGSGMCK|0.63
Q13131|Q6S8J3_AVFPSIVGR|0.597
Q13131|Q6S8J3_KEAQSKRGI|0.0
Q13131|Q6S8J3_RGILTLKYP|0.018
Q13131|Q6S8J3_HGIITNWDD|0.487
Q13131|Q6S8J3_IWHHTFYNE|0.0
Q13131|Q6S8J3_HHTFYNELR|0.0
Q13131|Q6S8J3_PILLTEAPL|0.0
Q13131|Q6S8J3_TVPIYEGNA|0.0
Q13131|Q6S8J3_LPHATLRLD|0.0
Q13131|Q6S8J3_EKLCYVALD|0.167
Q13131|Q6S8J3_QEMATAASS|0.292
Q13131|Q6S8J3_TAASSSSLE|0.0
Q13131|Q6S8J3_ASSSSLEKS|0.214
Q13131|Q6S8J3_SLEKSYELP|0.023
Q13131|Q6S8J3_LEKSYELPD|0.0
Q13131|Q6S8J3_GQVITIGNE|0.455
Q13131|Q6S8J3_LGMESCGIH|0.0
Q13131|Q6S8J3_SIMKSDVDI|0.0
Q13131|Q6S8J3_SKQEYDESG|0.0
Q13131|Q6S8J3_EYDESGPSI|0.0
Q13131|Q6S8J3_ESGPSIVHR|0.29
Q13131|Q6S8J7_MYGNTALHY|0.0
Q13131|A0JP26_DHDDSFMKT|0.0
Q13131|A0JP26_KQKRTALHL|0.0
Q13131|A0JP26_LKISSENSN|0.0
Q13131|A0JP26_LKLTSEEES|0.0
Q13131|A0JP26_EEALTKTSI|0.0
Q13131|B2RU33_DHDDSFMKM|0.0
Q13131|B2RU33_KQKRTALHL|0.0
Q13131|B2RU33_LKISSENSN|0.0
Q13131|B2RU33_LKLTSEEES|0.0
Q13131|A5A3E0_GSGKSNVGA|0.0
Q13131|A5A3E0_NVGASGDHD|0.0
Q13131|A5A3E0_KQKRTALHL|0.026
Q13131|A5A3E0_KHGLTPLLL|0.0
Q13131|A5A3E0_LKISSENSN|0.0
Q13131|A5A3E0_LKLTSEEES|0.0
Q13131|A5A3E0_ESEEYHRIC|0.0
Q13131|A5A3E0_LLSDYKEKQ|0.0
Q13131|A5A3E0_PKYSSENSN|0.0
Q13131|A5A3E0_REKKYLEDI|0.0
Q13131|A5A3E0_EDIESVKKR|0.0
Q13131|A5A3E0_MDDDTAVLV|0.0
Q13131|A5A3E0_IDNGSGMCK|0.647
Q13131|A5A3E0_AVFPSIVGR|0.634
Q13131|A5A3E0_KEAQSKRGI|0.0
Q13131|A5A3E0_RGILTLKYP|0.013
Q13131|A5A3E0_LTLKYPMEH|0.0
Q13131|A5A3E0_HGIITNWDD|0.499
Q13131|A5A3E0_IWHHTFYNE|0.0
Q13131|A5A3E0_HHTFYNELR|0.0
Q13131|A5A3E0_TVPIYEGNA|0.0
Q13131|A5A3E0_LPHATLRLD|0.0
Q13131|A5A3E0_EKLCYVALD|0.197
Q13131|A5A3E0_QEMATVASS|0.0
Q13131|A5A3E0_SLEKSYELP|0.025
Q13131|A5A3E0_LEKSYELPD|0.0
Q13131|A5A3E0_GQVITIGNE|0.464
Q13131|A5A3E0_LGMESCGIH|0.0
Q13131|A5A3E0_SIMKSDVDI|0.0
Q13131|A5A3E0_SKQEYDESG|0.0
Q13131|A5A3E0_EYDESGPSI|0.0
Q13131|A5A3E0_ESGPSIVHR|0.34
Q13131|Q6S5H5_SAMKTLRSK|0.0
Q13131|Q6S5H5_CRGSSKSNV|0.0
Q13131|Q6S5H5_GSSKSNVGT|0.0
Q13131|Q6S5H5_KQKRTALHL|0.0
Q13131|Q6S5H5_NKKRTALTK|0.0
Q13131|Q6S5H5_KHGLTPLLL|0.0
Q13131|Q6S5H5_MLKVSSENS|0.0
Q13131|Q6S5H5_LKVSSENSN|0.0
Q13131|Q6S5H5_SSENSNPEQ|0.0
Q13131|P0CG38_FVLRSKMGK|0.0
Q13131|P0CG38_NVGTSGDQD|0.0
Q13131|P0CG38_STMKTLRSK|0.0
Q13131|P0CG38_NKKRTALTK|0.0
Q13131|P0CG38_KHGLTPLLL|0.0
Q13131|P0CG38_LKISSENSN|0.0
Q13131|P0CG38_LKLTSEEES|0.0
Q13131|P0CG38_ESEEYHRIC|0.0
Q13131|P0CG38_CELVSDYKE|0.0
Q13131|P0CG38_LVSDYKEKQ|0.0
Q13131|P0CG38_PKYSSENSN|0.0
Q13131|P0CG38_MDDDTAVLV|0.0
Q13131|P0CG38_IDNGSGMCK|0.513
Q13131|P0CG38_AVFPSIVGR|0.26
Q13131|P0CG38_KEAQSKRGI|0.0
Q13131|P0CG38_RGILTLKYP|0.001
Q13131|P0CG38_HGIITNWDD|0.242
Q13131|P0CG38_IWHHTFYNE|0.0
Q13131|P0CG38_HHTFYNELR|0.0
Q13131|P0CG38_PILLTEAPL|0.0
Q13131|P0CG38_REKMTQIMF|0.0
Q13131|P0CG38_ELTDYLMKI|0.0
Q13131|P0CG38_EKLCYVALD|0.004
Q13131|P0CG38_GQVITIGNE|0.053
Q13131|P0CG38_LGMESCGIH|0.0
Q13131|P0CG38_SIMKSDVDI|0.0
Q13131|P0CG38_GTTMYPGMA|0.0
Q13131|P0CG38_SKQEYDESG|0.0
Q13131|P0CG38_EYDESGPSI|0.0
Q13131|P0CG38_ESGPSIVHR|0.011
Q13131|P0CG39_FVLRSKMGK|0.0
Q13131|P0CG39_NVGTSGDQD|0.0
Q13131|P0CG39_STMKTLRSK|0.0
Q13131|P0CG39_NKKRTALTK|0.001
Q13131|P0CG39_KHGLTPLLL|0.0
Q13131|P0CG39_LKISSENSN|0.0
Q13131|P0CG39_LKLTSEEES|0.0
Q13131|P0CG39_ESEEYHRIC|0.0
Q13131|P0CG39_CELVSDYKE|0.002
Q13131|P0CG39_LVSDYKEKQ|0.0
Q13131|P0CG39_PKYSSENSN|0.0
Q13131|P0CG39_MDDDTAVLV|0.0
Q13131|P0CG39_IDNGSGMCK|0.651
Q13131|P0CG39_KEAQSKRGI|0.0
Q13131|P0CG39_RGILTLKYP|0.102
Q13131|P0CG39_HGIITNWDD|0.563
Q13131|P0CG39_IWHHTFYNE|0.011
Q13131|P0CG39_HHTFYNELR|0.006
Q13131|P0CG39_PILLTEAPL|0.0
Q13131|P0CG39_REKMTQIMF|0.0
Q13131|P0CG39_ELTDYLMKI|0.004
Q13131|P0CG39_EKLCYVALD|0.397
Q13131|P0CG39_LGMESCGIH|0.0
Q13131|P0CG39_SIMKSDVDI|0.0
Q13131|P0CG39_SKQEYDESG|0.0
Q13131|P0CG39_EYDESGPSI|0.026
Q13131|P0CG39_ESGPSIVHR|0.486
Q13131|A6NI47_KQKRTALHL|0.0
Q13131|A6NI47_NKKRTALTK|0.0
Q13131|A6NI47_KHGLTPLLL|0.0
Q13131|Q16633_WQKPTAPEQ|0.0
Q13131|Q16633_PARPYQGVR|0.0
Q13131|Q16633_RGHASSGAA|0.019
Q13131|Q16633_RRAASSLTI|0.0
Q13131|Q16633_NHTLSVEGF|0.0
Q13131|Q01851_ACLPTPPLQ|0.037
Q13131|Q01851_LDHISSPSL|0.554
Q13131|Q01851_DHISSPSLA|0.406
Q13131|Q01851_KRKRTSIAA|0.828
Q13131|Q01851_QPRPSSEKI|0.0
Q13131|Q12837_PIAPSASSP|0.0
Q13131|Q12837_APSASSPSS|0.012
Q13131|Q12837_SSSSSGSSG|0.0
Q13131|Q12837_GGGGSEAMR|0.066
Q13131|Q15319_REKNSKPEL|0.0
Q13131|Q06416_RKRTSIENR|0.941
Q13131|Q06416_KGKRSSSDY|0.374
Q13131|Q06416_GKRSSSDYA|0.07
Q13131|Q06416_KRSSSDYAQ|0.321
Q13131|Q06416_SSSDYAQRE|0.024
Q13131|Q8N7G0_IALRSIPKL|0.0
Q13131|P78424_AGQVSKPLL|0.513
Q13131|P78424_KPLLSVRSE|0.0
Q13131|P78424_LSVRSEMNA|0.0
Q13131|P78424_QASSSSSSS|0.0
Q13131|P78424_ASSSSSSSS|0.0
Q13131|P78424_SSSSSSSSS|0.0
Q13131|Q15181_AAPFSLEYR|0.495
Q13131|Q15181_FSLEYRVFL|0.003
Q13131|Q15181_EKGQYISPF|0.767
Q13131|Q15181_GQYISPFHD|0.691
Q13131|Q15181_DIPIYADKD|0.64
Q13131|Q15181_GKLRYVANL|0.724
Q13131|Q15181_YIWNYGAIP|0.02
Q13131|Q15181_LKPGYLEAT|0.01
Q13131|Q15181_WFRRYKVPD|0.573
Q13131|Q15181_VTKKTNGKG|0.717
Q13131|Q15181_GKGISCMNT|0.687
Q13131|Q15181_CMNTTLSES|0.844
Q13131|Q15181_NTTLSESPF|0.611
Q13131|Q9H2U2_RLLRTGAPA|0.0
Q13131|Q9H2U2_VTGHYISPF|0.578
Q13131|Q9H2U2_PIKQYVKDG|0.106
Q13131|Q9H2U2_SKILSCGEV|0.011
Q13131|Q9H2U2_WFRLYKVPD|0.4
Q13131|O14494_FVALYLQAR|0.714
Q13131|O14494_LLRPTLQFG|0.735
Q13131|O14494_FKERTSFKE|0.0
Q13131|O14494_KERTSFKER|0.0
Q13131|O14494_KEEDSHTTL|0.685
Q13131|O14494_EDSHTTLHE|0.793
Q13131|O14494_DSHTTLHET|0.974
Q13131|O14494_TLHETPTTG|0.755
Q13131|O14494_HETPTTGNH|0.02
Q13131|O43688_DFNNYVAAV|0.0
Q13131|O43688_DLAKYMIGR|0.0
Q13131|O43688_KPSLSLTLT|0.0
Q13131|O43688_SLTLTLGEA|0.0
Q13131|O43688_DHNHYGYPH|0.0
Q13131|O43688_NHYGYPHSS|0.0
Q13131|O43688_GYPHSSS__|0.0
Q13131|O43688_YPHSSS___|0.0
Q13131|O43688_PHSSS____|0.0
Q13131|Q5VZY2_CHKPYVSLR|0.0
Q13131|Q8NEB5_EMWLYRNPY|0.0
Q13131|Q8NEB5_YRNPYVEAE|0.0
Q13131|Q8NEB5_VEAEYFPTK|0.0
Q13131|Q8IY26_SPRRSMEGR|0.808
Q13131|Q8IY26_VSASSSSSS|0.0
Q13131|Q8IY26_SSSSSSPGS|0.0
Q13131|Q8IY26_SSSSSPGSP|0.0
Q13131|Q8IY26_SLLSSRATA|0.0
Q13131|Q8IY26_HRRGSFPLA|0.711
Q13131|Q8IY26_GPSQSPAPP|0.0
Q13131|Q8IY26_CAGESSSWG|0.0
Q13131|Q8NBV4_GRKASGPSA|0.822
Q13131|Q8NBV4_ERRQSQQLP|0.611
Q13131|Q8NBV4_RRGPYETSP|0.0
Q13131|Q8NBV4_TMDIYAFPA|0.0
Q13131|Q07869_VDTESPLCP|0.646
Q13131|Q07869_IGEDSSGSF|0.494
Q13131|Q03181_RCQCTTVET|0.0
Q13131|Q03181_CQCTTVETV|0.0
Q13131|Q03181_TTVETVREL|0.614
Q13131|Q03181-3_QRDLSRSSS|0.0
Q13131|P37231_ADYKYDLKL|0.309
Q13131|P37231-2_VEPASPPYY|0.0
Q13131|P37231-2_TTDKSPFVI|0.0
Q13131|P37231-3_VEPASPPYY|0.0
Q13131|Q13057_LVLTTPLAS|0.002
Q13131|Q13057_PRLASILTS|0.436
Q13131|Q13057_SILTSAARL|0.485
Q13131|Q13057_AVGGTFDRL|0.076
Q13131|Q13057_GISGSGKSS|0.039
Q13131|Q13057_LKILTDIMW|0.472
Q13131|Q13057_RDGLSEAAA|0.412
Q13131|Q13057-2_YQAPSPPPA|0.0
Q13131|P02775_GKEESLDSD|0.0
Q13131|P02775_DSDLYAELR|0.15
Q13131|Q96CD2_LDANTLGKV|0.572
Q13131|Q9HAB8_HKIQSSGGP|0.002
Q13131|Q9HAB8_KIQSSGGPL|0.554
Q13131|Q9HAB8_PKLLSPLVK|0.0
Q13131|Q9HAB8_KLLLSEEEI|0.131
Q13131|Q9HAB8_DNLQSRHTA|0.631
Q13131|Q9H3Y8_RRLGSTSSN|0.0
Q13131|Q9H3Y8_RLGSTSSNS|0.0
Q13131|Q9H3Y8_LGSTSSNSS|0.0
Q13131|Q9H3Y8_GSTSSNSSC|0.0
Q13131|Q9H3Y8_TSSNSSCSS|0.0
Q13131|Q9H3Y8_SSNSSCSST|0.0
Q13131|Q9H3Y8_NSSCSSTEC|0.0
Q13131|Q9H3Y8_SSCSSTECP|0.0
Q13131|Q9H3Y8_SSTASAGPP|0.0
Q13131|Q9H3Y8_AGPPS____|0.0
Q13131|O14829_LRNQSLESE|0.0
Q13131|O14829_ILHKYKLHG|0.453
Q13131|O14829_GKVVTIFSA|0.004
Q13131|O14829_NRGAYIKLC|0.574
Q13131|O14829_YRYRSDLEI|0.323
Q13131|O14829_NAIDTDHSG|0.433
Q13131|O14829_DTDHSGLIS|0.147
Q13131|O14830_WYRRYVARL|0.344
Q13131|O14830_LHARYVLNL|0.396
Q13131|O14830_LNLLYETKK|0.04
Q13131|O14830_PESRSLPSS|0.0
Q13131|O14830_RSLPSSPLR|0.0
Q13131|O14830_SLPSSPLRL|0.576
Q13131|O14830_GLLVTGEKE|0.0
Q13131|O14830_GGGCYFGPD|0.0
Q13131|O14830_FLIRSHECK|0.385
Q13131|O14830_GPALTPHIV|0.641
Q13131|O75145_DGLATAQLR|0.238
Q13131|O75145_QRQLSIALP|0.0
Q13131|O75145_RHERSLRMT|0.216
Q13131|O75145_SNQETLNLR|0.364
Q13131|O75145_GDGQTLANG|0.001
Q13131|O75145_PGGDSNRRT|0.01
Q13131|O75145_CRQMSQLEE|0.003
Q13131|O75145_EELGTAHRE|0.804
Q13131|O75145_PPSSYSRSL|0.0
Q13131|O75145_SYSRSLPGS|0.549
Q13131|O75145_SLPGSALEL|0.552
Q13131|O75145_HLDPYVAGS|0.001
Q13131|O75145_YVAGSGRAG|0.416
Q13131|O75145_SGLDSLGRY|0.546
Q13131|O75145_AREGTDKAN|0.543
Q13131|O75145_PTPRSARLE|0.001
Q13131|O75145_KSIKSSIGR|0.0
Q13131|O75145_SIKSSIGRL|0.841
Q13131|O75145_PGRDSSSLA|0.0
Q13131|O75145_EKEFSNLIS|0.0
Q13131|O75145_ISLGTDRRL|0.544
Q13131|O75145_DSAKSFSRS|0.001
Q13131|O75145_SFSRSPSWR|0.11
Q13131|O75145_SRSPSWRKM|0.0
Q13131|Q8ND30___MASDASH|0.0
Q13131|Q8ND30_PGLASPASY|0.0
Q13131|Q8ND30_LDLMTEVSE|0.0
Q13131|Q8ND30_MTEVSELKL|0.0
Q13131|Q8ND30_LLNQYRKVK|0.007
Q13131|Q8ND30_PSERTLSIN|0.0
Q13131|Q8ND30_QKKLSCSLE|0.875
Q13131|Q8ND30_EDLRSESVD|0.003
Q13131|Q8ND30_LRSESVDKC|0.0
Q13131|Q8ND30_EPKDSPFLA|0.002
Q13131|Q8ND30_AEHKYPTLP|0.0
Q13131|Q8ND30_HKYPTLPGK|0.562
Q13131|Q8ND30_EAAKSPPTI|0.0
Q13131|Q8ND30_KSPPTICQP|0.0
Q13131|Q8ND30_SGPQSPLTP|0.0
Q13131|Q8ND30_SGNFYTDTL|0.0
Q13131|Q8ND30_GLRATAGPR|0.386
Q13131|Q8ND30_GPRLSRTRD|0.251
Q13131|Q8ND30_QWVSSGHTL|0.0
Q13131|Q8ND30_RMLQYLTVN|0.008
Q13131|Q8ND30_EPRFTGDTL|0.0
Q13131|Q8ND30_FTGDTLAML|0.0
Q13131|Q8ND30_PPQKTLLRR|0.0
Q13131|Q8ND30_EKMASPAYT|0.0
Q13131|Q8ND30_ASPAYTPLT|0.0
Q13131|Q8ND30_KLGFSHFGN|0.0
Q13131|Q8ND30_ESTDYICPM|0.0
Q13131|Q8ND30_SHRVYSGYR|0.0
Q13131|Q8ND30_VYSGYRGLS|0.0
Q13131|Q8ND30_YRGLSPLDA|0.062
Q13131|Q8NEY8_GRYEYERIP|0.048
Q13131|Q8NEY8_PSDGYNRLV|0.577
Q13131|Q8NEY8_PGEGSYNRY|0.824
Q13131|Q8NEY8_GEGSYNRYY|0.039
Q13131|Q8NEY8_SYNRYYSHV|0.464
Q13131|Q8NEY8_YNRYYSHVD|0.334
Q13131|Q8NEY8_SHVDYRDYD|0.57
Q13131|Q8NEY8_DYRDYDEGR|0.586
Q13131|Q8NEY8_GRSFSHDRR|0.9
Q13131|Q8NEY8_HDRRSGPPH|0.593
Q13131|Q8NEY8_RQPEYRDMR|0.52
Q13131|Q8NEY8_RKSFYSSHY|0.615
Q13131|Q8NEY8_KSFYSSHYA|0.623
Q13131|Q8NEY8_YSSHYARER|0.588
Q13131|Q8NEY8_VSSRSYSPE|0.666
Q13131|Q8NEY8_RSKSYSFHQ|0.602
Q13131|Q8NEY8_SKSYSFHQS|0.942
Q13131|Q8NEY8_QHRKSVRPG|0.915
Q13131|Q8NEY8_RPGASYKRQ|0.508
Q13131|Q8NEY8_PSSGSAVSS|0.575
Q13131|Q8NEY8_SAVSSSKVL|0.009
Q13131|Q8NEY8_EISEYEAGS|0.0
Q13131|Q8NEY8_SLEKSIQFA|0.671
Q13131|Q8NEY8-2_GRYEYERIP|0.0
Q13131|Q8NEY8-2_EYDTSTQDF|0.0
Q13131|Q8NEY8-2_YDTSTQDFG|0.0
Q13131|Q8NEY8-5_APPRSHPSD|0.004
Q13131|Q8NEY8-5_RSHPSDESG|0.0
Q13131|P62937_MVNPTVFFD|0.476
Q13131|P62937_LGRVSFELF|0.997
Q13131|P62937_KVPKTAENF|0.56
Q13131|P62937_FRALSTGEK|0.645
Q13131|P62937_KGFGYKGSC|0.179
Q13131|P62937_GYKGSCFHR|0.99
Q13131|P62937_GGDFTRHNG|0.991
Q13131|P62937_GKSIYGEKF|0.61
Q13131|P62937_PGILSMANA|0.748
Q13131|P62937_AGPNTNGSQ|0.444
Q13131|P62937_NTNGSQFFI|0.962
Q13131|P62937_FFICTAKTE|0.523
Q13131|P62937_CTAKTEWLD|0.999
Q13131|P62937_ERFGSRNGK|0.915
Q13131|Q9Y536_FRALSTGEK|0.162
Q13131|Q9Y536_GGDFTRHNG|0.83
Q13131|Q9Y536_DKSIYGEKF|0.0
Q13131|Q9Y536_IRKHTGSGI|0.488
Q13131|Q9Y536_CAAKTEWLD|0.001
Q13131|A0A0B4J2A2_FRALSTGEK|0.34
Q13131|A0A0B4J2A2_DKSIYGEKF|0.002
Q13131|A0A0B4J2A2_KHTGSGILS|0.001
Q13131|A0A0B4J2A2_SGILSMANA|0.371
Q13131|A0A0B4J2A2_NTNGSQFFI|0.673
Q13131|A0A0B4J2A2_CTAKTEWLD|0.851
Q13131|F5H284__MVNSVVFF|0.0
Q13131|F5H284_FFEITRDGK|0.0
Q13131|F5H284_FRALSTGEK|0.001
Q13131|F5H284_GGDFTRPNG|0.648
Q13131|F5H284_DKSIYGEKF|0.0
Q13131|F5H284_IRKHTGSGI|0.367
Q13131|F5H284_CAAKTEWLD|0.0
Q13131|A0A075B759_FRALSTGEK|0.0
Q13131|A0A075B759_DKSIYGEKF|0.0
Q13131|A0A075B759_IRKHTGSGI|0.0
Q13131|A0A075B759_CAAKTEWLD|0.0
Q13131|P0DN26_FRALSTGEK|0.006
Q13131|P0DN26_DKSIYGEKF|0.0
Q13131|P0DN26_IRKHTGSGI|0.442
Q13131|P0DN26_CAAKTEWLD|0.0
Q13131|P0DN37_FRALSTGEK|0.525
Q13131|P0DN37_DKSIYGEKF|0.161
Q13131|P0DN37_KHTGSGILS|0.052
Q13131|P0DN37_SGILSMANA|0.488
Q13131|P0DN37_NTNGSQFFI|0.846
Q13131|P0DN37_CTAKTEWLD|0.978
Q13131|P23284_TVKVYFDLR|0.006
Q13131|P23284_TVPKTVDNF|0.0
Q13131|P23284_VALATGEKG|0.982
Q13131|P23284_KGFGYKNSK|0.159
Q13131|P23284_GKSIYGERF|0.558
Q13131|P23284_KLKHYGPGW|0.846
Q13131|P23284_AGKDTNGSQ|0.256
Q13131|P23284_DTNGSQFFI|0.015
Q13131|P23284_RKVESTKTD|0.0
Q13131|P23284_KVESTKTDS|0.51
Q13131|P23284_ESTKTDSRD|0.488
Q13131|P23284_TKTDSRDKP|0.96
Q13131|Q08752_GSGDSHPDF|0.557
Q13131|Q08752_ILLITEDLK|0.331
Q13131|Q08752_AIKKYAEVL|0.397
Q13131|Q08752_PIALSCVLN|0.0
Q13131|Q08752_GLKEYDQAL|0.0
Q13131|Q08752_EKAVYAKMF|0.0
Q13131|Q9UNP9_IPLDYETEK|0.236
Q13131|Q9UNP9_NPQVYMDIK|0.021
Q13131|Q9UNP9_PGLLSMANS|0.06
Q13131|Q9UNP9_QFFLTCDKT|0.623
Q13131|Q9UNP9_EAQGSKDGK|0.19
Q13131|P30405_CSKGSGDPS|0.401
Q13131|P30405_KGFGYKGST|0.457
Q13131|P30405_SIYGSRFPD|0.897
Q13131|P30405_KKIESFGSK|0.02
Q13131|P30405_ESFGSKSGR|0.0
Q13131|Q13427_VRILSCGEL|0.995
Q13131|Q13427_KRHKSSSSS|0.006
Q13131|Q13427_HKSSSSSSS|0.387
Q13131|Q13427_KSSSSSSSS|0.715
Q13131|Q13427_SSSSSSSSS|0.352
Q13131|Q13427_SSSSSSSSD|0.421
Q13131|Q13427_SSSSSSSDS|0.464
Q13131|Q13427_SSSSSSDSD|0.002
Q13131|Q13427_SSSSSDSDS|0.418
Q13131|Q13427_SSSDSDSSS|0.687
Q13131|Q13427_SDSDSSSDS|0.879
Q13131|Q13427_DSDSSSDSQ|0.422
Q13131|Q13427_SDSSSDSQS|0.442
Q13131|Q13427_SDSQSSSDS|0.471
Q13131|Q13427_SQSSSDSSD|0.428
Q13131|Q13427_SSDSSDSES|0.458
Q13131|Q13427_DSSDSESAT|0.73
Q13131|Q13427_SESATEEKS|0.006
Q13131|Q13427_QPASYQRRL|0.468
Q13131|Q13427_RRYRTPSRS|0.459
Q13131|Q13427_YRTPSRSRS|0.085
Q13131|Q13427_TPSRSRSRD|0.662
Q13131|Q13427_SRSRSRDRF|0.591
Q13131|Q13427_ERKITDHRN|0.424
Q13131|Q13427_KDHKSNSKE|0.593
Q13131|Q13427_HKSNSKERD|0.239
Q13131|Q13427_IRRNSEKDD|0.853
Q13131|Q13427_KRMRSRSKG|0.906
Q13131|Q13427_MRSRSKGRD|0.85
Q13131|Q13427_RRAQSRSRE|0.948
Q13131|Q13427_AQSRSRECD|0.968
Q13131|Q13427_ECDITKGKH|0.425
Q13131|Q13427_GKHSYNSRT|0.666
Q13131|Q13427_HSYNSRTRE|0.677
Q13131|Q13427_TRERSRSRD|0.934
Q13131|Q13427_RRVRSRTHD|0.785
Q13131|Q13427_VRSRTHDRD|0.452
Q13131|Q13427_DRSRSKEYH|0.522
Q13131|Q13427_PPGRSRSKD|0.692
Q13131|Q13427_RRRDSRSSE|0.01
Q13131|Q13427_DSRSSEREE|0.0
Q13131|Q13427_EREESQSRN|0.983
Q13131|Q13427_EESQSRNKD|0.513
Q13131|Q13427_KRMYSKSRD|0.826
Q13131|Q13427_RDHNSSNNS|0.457
Q13131|Q13427_DHNSSNNSR|0.527
Q13131|Q13427_SSNNSREKK|0.864
Q13131|Q9Y3C6_RGGASIYGK|0.316
Q13131|Q9Y3C6_GASIYGKQF|0.0
Q13131|Q13356_KDKMYITCA|0.113
Q13131|Q13356_KFNVSNFYH|0.225
Q13131|Q13356_KQDPSYYLK|0.338
Q13131|Q13356_LQELYKEFK|0.678
Q13131|Q13356_NAAHYSTGK|0.106
Q13131|Q13356_KKKGYVRLH|0.021
Q13131|Q13356_VRLHTNKGD|0.422
Q13131|Q13356_DKKHTIFGR|0.059
Q13131|Q13356_ENVESDPKT|0.247
Q13131|Q13356_VAPETKVKS|0.0
Q13131|Q13356-2_QQRKSPQPV|0.0
Q13131|Q13356-2_PVPLSPCPR|0.0
Q13131|Q13356-2_CPRRSPVGV|0.0
Q13131|Q9H2H8_VTLHTDVGD|0.272
Q13131|Q9H2H8_FEDEYSEYL|0.075
Q13131|Q9H2H8_EYSEYLKHN|0.436
Q13131|Q9H2H8_DGLETLDEL|0.44
Q13131|Q8WUA2_FKGRSAEEV|0.857
Q13131|Q8WUA2_ESLCYAFIE|0.0
Q13131|Q8WUA2_QAEDSKSSH|0.223
Q13131|Q8WUA2_THHCSEEKE|0.613
Q13131|Q8WUA2_EDEDYMPIK|0.003
Q13131|Q8WUA2_NQDIYREMG|0.622
Q13131|Q8WUA2_GFGHYEEEE|0.0
Q13131|Q8WUA2_QTDLYERER|0.024
Q13131|Q96L50_RAVLSLCQQ|0.46
Q13131|Q96L50_CNVDTPVST|0.395
Q13131|Q96L50_DTPVSTLTP|0.317
Q13131|Q96L50_VSTLTPVKT|0.45
Q13131|Q96L50_TPVKTSEFE|0.0
Q13131|Q96L50_PVKTSEFEN|0.0
Q13131|Q96L50_ENFKTKMVI|0.459
Q13131|Q96L50_TLLESSART|0.02
Q13131|Q96L50_SSARTILHN|0.511
Q13131|Q8IXY8_ARCGSPSLP|0.693
Q13131|Q8IXY8_KAGFSQRGI|0.948
Q13131|Q8IXY8_IRLHYKNSI|0.447
Q13131|Q6PFW1_VGPDYAHAE|0.0
Q13131|Q6PFW1_KEIRYPVML|0.0
Q13131|Q6PFW1_EQLKSVLEM|0.791
Q13131|Q6PFW1_GQGDYAGFP|0.0
Q13131|Q6PFW1_RVQMTAAAF|0.0
Q13131|Q6PFW1_EGELTPILV|0.0
Q13131|Q6PFW1_KSGRYDISK|0.0
Q13131|Q6PFW1_IPDIYDCVK|0.406
Q13131|Q6PFW1_LLRLSKALA|0.186
Q13131|Q6PFW1_IPQEYGISR|0.406
Q13131|Q6PFW1_EYGISREEK|0.0
Q13131|Q6PFW1_RALQTSPQP|0.503
Q13131|Q6PFW1_ALQTSPQPP|0.0
Q13131|Q6PFW1_LPRRSPLIR|0.274
Q13131|Q6PFW1_YRLFSSSRP|0.575
Q13131|Q6PFW1_RFSVSFAKH|0.01
Q13131|Q6PFW1_SPPRTLHSP|0.388
Q13131|O43314_GPEDTEINP|0.0
Q13131|O43314_NPGNYRHFF|0.0
Q13131|O43314_VGICSMAKK|0.252
Q13131|O43314_MAKKSKSKP|0.0
Q13131|O43314_VGPDYAHAE|0.0
Q13131|O43314_NSMKYYDDC|0.0
Q13131|O43314_SMKYYDDCA|0.006
Q13131|O43314_GCPKTSSEE|0.611
Q13131|O43314_PKTSSEEED|0.509
Q13131|O43314_EEEDSRREE|0.566
Q13131|O43314_REEPSLLLV|0.534
Q13131|O43314_RVQMTAAAF|0.0
Q13131|O43314_EGELTPILV|0.0
Q13131|O43314_SGSISLIKS|0.0
Q13131|O43314_IPDIYDCIK|0.313
Q13131|O43314_IAKGYCTPL|0.0
Q13131|O43314_KGYCTPLVR|0.0
Q13131|O43314_RKIRSDLQR|0.904
Q13131|O43314_LHPVYSRGV|0.491
Q13131|O43314_HPVYSRGVL|0.27
Q13131|O43314_ELHFSPGAK|0.0
Q13131|O43314_IHRKSPLPR|0.371
Q13131|O43314_NDEESPLSV|0.011
Q13131|O43314_PLSVSSPEG|0.653
Q13131|O43314_TWLHYTSGV|0.0
Q13131|O43314_SGVGTGRRR|0.531
Q13131|O43314_GEQITSSPV|0.625
Q13131|O43314_EQITSSPVS|0.638
Q13131|O43314_QITSSPVSP|0.043
Q13131|O43314_SIFGSWQQV|0.005
Q13131|O43314_VKRFSISFA|0.94
Q13131|O43314_RFSISFARH|0.724
Q13131|O43314_ASIASPSSD|0.0
Q13131|O43314_EISSTALRS|0.602
Q13131|O43314_TALRSSPIM|0.769
Q13131|O43314_VSLNTYTPA|0.503
Q13131|O43314_SLNTYTPAK|0.0
Q13131|O43314_LNTYTPAKI|0.372
Q13131|O43314_KILPTPPAT|0.008
Q13131|O43314_ATLKSTKAS|0.714
Q13131|O75688_MRNFSDLRN|0.699
Q13131|O75688_GVMISPKHI|0.33
Q13131|O75688_RLEVSDDLE|0.533
Q13131|O75688_LVCFSNAPK|0.257
Q13131|O75688_MRILSAENI|0.447
Q13131|O75688_IEAVYSRLN|0.522
Q13131|O75688_PHRESDGAS|0.613
Q13131|O75688_MLTSYRLAK|0.495
Q13131|O75688-2_PHRESDGGA|0.0
Q13131|O15297_SLGVSVFSD|0.0
Q13131|O15297_RRSLSQPLP|0.963
Q13131|O15297_SPAPSRCCR|0.0
Q13131|O15297_RRRSSVAFF|0.152
Q13131|O15297_GLGGSVMNK|0.644
Q13131|O15297_VMNKSGVNR|0.985
Q13131|O15297_QKHKYIILG|0.0
Q13131|O15297_PRVNSKDHI|0.475
Q13131|O15297_LKMSTPGQM|0.001
Q13131|O15297_EIERTPPTN|0.247
Q13131|O15297_TLEESNSGP|0.0
Q13131|O15297_EESNSGPLM|0.522
Q13131|O15297_AQPASLPTT|0.0
Q13131|O15297_LPTTSQRKN|0.0
Q13131|Q8WY54_EVLQSDLSA|0.0
Q13131|Q8WY54_QSDLSAHYI|0.481
Q13131|Q8WY54_LSAHYIPKE|0.014
Q13131|Q8WY54_GTEGTVEIE|0.0
Q13131|Q8WY54_SLSVSRAIG|0.665
Q13131|Q8WY54_VSEESDWTE|0.0
Q13131|Q8WY54_ESDWTENSF|0.0
Q13131|Q8WY54_WTENSFQGG|0.013
Q13131|Q8WY54_QHQCSAPAD|0.0
Q13131|Q8WY54_GRVDSFTDR|0.034
Q13131|Q8WY54_LRHHYSKKW|0.023
Q13131|Q8WY54_RHHYSKKWH|0.506
Q13131|Q8WY54_SLTGSGKRN|0.327
Q13131|P49593_QWLVSIHAI|0.473
Q13131|P49593_AIRNTRRKM|0.0
Q13131|P49593_ADAASRALT|0.0
Q13131|O15355__MGAYLSQP|0.0
Q13131|O15355_GAYLSQPNT|0.0
Q13131|O15355_SQPNTVKCS|0.0
Q13131|O15355_LLTRYGQNC|0.228
Q13131|O15355_PHSKSGGGT|0.363
Q13131|O15355_PEDSTRETP|0.0
Q13131|O15355_ENGPTAKAY|0.0
Q13131|O15355_TAKAYTGFS|0.0
Q13131|O15355_TGFSSNSER|0.0
Q13131|O15355_CSSASDKLP|0.487
Q13131|O15355_FFEDSEDES|0.0
Q13131|O15355_SEDESDEAE|0.0
Q13131|O15355_EEPGSDSGT|0.0
Q13131|O15355_GLNLSRAIG|0.002
Q13131|O15355_EQMISALPD|0.0
Q13131|O15355_EVLSTEGAE|0.75
Q13131|Q9ULR3_TRVKSAVAN|0.422
Q13131|Q9ULR3_AGAVTSTPN|0.0
Q13131|Q9ULR3_GAVTSTPNR|0.499
Q13131|Q9ULR3_PNRNSSKRR|0.359
Q13131|Q9ULR3_NRNSSKRRS|0.596
Q13131|Q9ULR3_SKRRSSLPN|0.598
Q13131|Q9ULR3_STPPTRFFT|0.0
Q13131|Q9ULR3_NAGDSRAII|0.16
Q13131|Q5JR12_PRPKSPDLP|0.0
Q13131|Q5JR12_EAPRSPPAK|0.0
Q13131|Q5JR12_AGSGSATPA|0.0
Q13131|Q5JR12_SGSATPAKA|0.0
Q13131|Q5JR12_EGRRSVTGV|0.0
Q13131|Q5JR12_LGKVYVANA|0.0
Q13131|Q5JR12_NAGDSRAII|0.0
Q13131|Q5JR12_DHSRYTALA|0.0
Q13131|Q8N3J5_VAWNSLGQP|0.452
Q13131|Q5SGD2_KLTVSYDEA|0.0
Q13131|Q5SGD2_LTVSYDEAG|0.0
Q13131|Q96MI6_QGKLYMANA|0.004
Q13131|Q96MI6_NAGDSRAIL|0.0
Q13131|Q9Y570_ALEKSMHLG|0.693
Q13131|Q9Y570_GSGGSQSGA|0.916
Q13131|Q9Y570_EGSKSIVEG|0.781
Q13131|Q9Y570_DEEGSESIS|0.528
Q13131|Q9Y570_FRGLSNLFL|0.918
Q13131|P50336_QALETHLTS|0.0
Q13131|P50336_SVLGTEPNS|0.0
Q13131|P50336_TEPNS____|0.0
Q13131|P62136_EIFLSQPIL|0.967
Q13131|P62136_FLGDYVDRG|0.046
Q13131|P62136_HECASINRI|0.752
Q13131|P62136_INRIYGFYD|0.332
Q13131|P62136_IYGFYDECK|0.0
Q13131|P62136_HGGLSPDLQ|0.003
Q13131|P62136_VEDGYEFFA|0.0
Q13131|P62136_NKGKYGQFS|0.004
Q13131|P62136_YGQFSGLNP|0.101
Q13131|P62140_FLGDYVDRG|0.426
Q13131|P62140_HECASINRI|0.725
Q13131|P62140_INRIYGFYD|0.453
Q13131|P62140_IYGFYDECK|0.393
Q13131|P62140_HGGLSPDLQ|0.42
Q13131|P62140_VEDGYEFFA|0.178
Q13131|P62140_KKAKYQYGG|0.446
Q13131|P36873_EVRGSKPGK|0.382
Q13131|P36873_EIFLSQPIL|0.985
Q13131|P36873_FLGDYVDRG|0.146
Q13131|P36873_HECASINRI|0.797
Q13131|P36873_INRIYGFYD|0.395
Q13131|P36873_IYGFYDECK|0.003
Q13131|P36873_HGGLSPDLQ|0.058
Q13131|P36873_VEDGYEFFA|0.0
Q13131|P36873-2_TRPVTPPRV|0.0
Q13131|O60927_NRSLTIKLR|0.876
Q13131|O60927_MGRRSSKCC|0.001
Q13131|O60927_GRRSSKCCC|0.0
Q13131|O60927_RRRATLGPT|0.938
Q13131|O60237_RGSLTEQEP|0.0
Q13131|O60237_LAACSSGDT|0.0
Q13131|O60237_EKMLYEEET|0.005
Q13131|O60237_ETPKSQEME|0.0
Q13131|O60237_NKESSSSSS|0.0
Q13131|O60237_KESSSSSSE|0.0
Q13131|O60237_EASESETEK|0.001
Q13131|O60237_SESETEKEA|0.0
Q13131|O60237_PAQNTFSAS|0.478
Q13131|O60237_ARRFSSGLF|0.745
Q13131|O60237_PKDESPSSW|0.0
Q13131|O60237_GLRKTGSHN|0.447
Q13131|O60237_HNMLSEVAN|0.0
Q13131|O60237_SIYRSSSSP|0.002
Q13131|O60237_IYRSSSSPR|0.338
Q13131|O60237_YRSSSSPRI|0.007
Q13131|O60237_RSSSSPRIS|0.027
Q13131|O60237_RENKSYISS|0.0
Q13131|O60237_ENKSYISSL|0.0
Q13131|O60237_LNSTSDIEE|0.0
Q13131|O60237_NLVRSGSYT|0.739
Q13131|O60237_VRSGSYTRQ|0.021
Q13131|O60237_SGSYTRQLW|0.533
Q13131|O60237_APSTYVSTY|0.0
Q13131|O60237_TPHKSQADT|0.0
Q13131|O60237_SQADTTAEK|0.005
Q13131|O60237_EKRRSYLTP|0.703
Q13131|O60237_KRRSYLTPV|0.413
Q13131|O60237_RSYLTPVRD|0.325
Q13131|O60237_QARQTRRST|0.014
Q13131|O60237_TQGVTLTDL|0.792
Q13131|O60237_GVTLTDLQE|0.0
Q13131|O60237_TTPASPSTS|0.0
Q13131|O60237_RPSLYTSSH|0.466
Q13131|O60237_PDSESSETT|0.0
Q13131|O60237_LDEQSSKRL|0.125
Q13131|O60237_DEQSSKRLS|0.0
Q13131|O60237_SKRLSIRER|0.532
Q13131|O60237_RRRGTGINF|0.898
Q13131|O60237_HERLSRLES|0.224
Q13131|O60237_ESGGSNPTT|0.54
Q13131|O60237_GSNPTTSDS|0.117
Q13131|O60237_SNPTTSDSY|0.008
Q13131|O60237_NPTTSDSYG|0.016
Q13131|O60237_TTSDSYGDR|0.089
Q13131|O60237_GDRASARAR|0.546
Q13131|O60237_ARLATLTSR|0.484
Q13131|O60237_ISKLSK___|0.008
Q13131|Q9BZL4_RRARTVRFE|0.0
Q13131|Q9BZL4_AAKGYIEVM|0.0
Q13131|Q9BZL4_QKEASQSRG|0.295
Q13131|Q9BZL4_PQAPSSSKH|0.0
Q13131|Q9BZL4_QAPSSSKHR|0.0
Q13131|Q9BZL4_HRRSSVCRL|0.0
Q13131|Q9BZL4_PPHPSPKSP|0.014
Q13131|Q9BZL4_EAPFSRRFG|0.0
Q13131|Q9BZL4_RSASSSWLE|0.0
Q13131|Q9BZL4_SASSSWLEG|0.0
Q13131|Q9BZL4_WLEGTSTQA|0.0
Q13131|Q9BZL4_LEGTSTQAK|0.0
Q13131|Q9BZL4_TPTPSPKLP|0.0
Q13131|Q9BZL4_LENSSPPSR|0.0
Q13131|Q9BZL4_DRRRSYQMP|0.0
Q13131|Q9BZL4_LMRQSRRST|0.0
Q13131|Q9BZL4_QSRRSTQGV|0.0
Q13131|Q9BZL4_TQGVTLTDL|0.0
Q13131|Q9BZL4_GVTLTDLKE|0.0
Q13131|Q9BZL4_ISKLSK___|0.0
Q13131|Q9BZL4-3_NGVSSPPHP|0.0
Q13131|Q9BZL4-3_PPHPSPKSP|0.0
Q13131|Q9BZL4-3_PSPKSPVLE|0.0
Q13131|Q9BZL4-3_ENSDSPAQR|0.0
Q13131|Q9BZL4-4_ENSDSPAQR|0.0
Q13131|Q9BZL4-5_ENSDSPAQR|0.0
Q13131|Q96KQ4_GQVDYSKIM|0.908
Q13131|Q96KQ4_AVGPYIQVP|0.718
Q13131|Q96KQ4_RKEGSLPRP|0.79
Q13131|Q96KQ4_SRPQSPRKG|0.453
Q13131|Q96KQ4_SGSTSPSPL|0.353
Q13131|Q96KQ4_FLHGSLSTG|0.476
Q13131|Q96KQ4_LSTGTPQPQ|0.41
Q13131|Q96KQ4_PRPLSPTKL|0.474
Q13131|Q96KQ4_PLSPTKLTP|0.493
Q13131|Q96KQ4_PTKLTPIVH|0.471
Q13131|Q96KQ4_SPLRYQSDA|0.483
Q13131|Q96KQ4_LRYQSDADL|0.681
Q13131|Q96KQ4_LKKRSSITE|0.939
Q13131|Q96KQ4_QKLLYQRFN|0.497
Q13131|Q8WUF5_MNFQSLAMK|0.793
Q13131|Q8WUF5_VDELTKQLE|0.475
Q13131|Q8WUF5_KQLESLWSD|0.26
Q13131|Q8WUF5_AGPPSRPPR|0.034
Q13131|Q8WUF5_RPPRYSSSS|0.092
Q13131|Q8WUF5_PPRYSSSSI|0.554
Q13131|Q8WUF5_YSSSSIPEP|0.76
Q13131|Q8WUF5_RKAATDGAD|0.759
Q13131|Q8WUF5_DGADTPFGR|0.459
Q13131|Q8WUF5_RTPLYLQPD|0.528
Q13131|Q8WUF5_DRATSPRPR|0.562
Q13131|Q8WUF5_QGPPTPFDF|0.008
Q13131|Q8WUF5_RPPATAYDA|0.0
Q13131|Q8WUF5_DAPASAFGS|0.428
Q13131|Q8WUF5_AWNESDLDV|0.832
Q13131|Q8WUF5_LDVAYEKKP|0.339
Q13131|Q8WUF5_SQTASYERL|0.798
Q13131|Q8WUF5_QTASYERLD|0.9
Q13131|Q8WUF5_PASPSLQLL|0.791
Q13131|Q8WUF5_PWRESSLDG|0.517
Q13131|Q8WUF5_WRESSLDGL|0.951
Q13131|Q8WUF5_SPLASDRRS|0.53
Q13131|Q8WUF5_RSLGSAGPS|0.725
Q13131|Q8WUF5_TLPRSWQPV|0.828
Q13131|Q8WUF5_SPLFTRAPP|0.364
Q13131|Q8WUF5_PLSPTRLQP|0.006
Q13131|Q8WUF5_HKKQYQQII|0.91
Q13131|Q8WUF5_EQPQSMEMR|0.51
Q13131|Q8WUF5_RKAGSPRKA|0.358
Q13131|Q96A00_SKLQSPSRA|0.0
Q13131|Q96A00-2_LEELYRGMG|0.0
Q13131|Q96C90_LVDCYKPTE|0.0
Q13131|Q96C90_MQKLSTPQK|0.51
Q13131|Q5SWA1_QDLPTPDQD|0.275
Q13131|Q5SWA1_NGYHSLEEE|0.518
Q13131|Q5SWA1_EPSDSEKDL|0.651
Q13131|Q5SWA1_QLLGSQESE|0.696
Q13131|Q5SWA1_EVTEYYISG|0.392
Q13131|Q5SWA1_VTEYYISGD|0.364
Q13131|Q5SWA1_EYYISGDED|0.305
Q13131|Q5SWA1_RIQETEDAI|0.596
Q13131|Q96I34_VGRMSTQER|0.0
Q13131|Q96I34_KEAASQGLL|0.215
Q13131|Q96I34_ITQDSIEAA|0.014
Q13131|Q96I34_RVGGSPVRH|0.052
Q13131|Q96I34_RSVSYQLSP|0.0
Q13131|Q96I34_SYQLSPLDS|0.0
Q13131|Q96I34_EGPESPETA|0.0
Q13131|Q96I34_LLKLTAPAV|0.0
Q13131|Q96T49_ERKRSTGGR|0.131
Q13131|Q96T49_VIMKSQLRH|0.301
Q13131|Q96T49_RTSTYNGDI|0.376
Q13131|Q96T49_PVSAYQYAL|0.0
Q13131|Q96T49_SAYQYALAN|0.001
Q13131|Q96T49_EVPDYSMAY|0.0
Q13131|Q96T49_GTSVYYTVT|0.0
Q13131|Q96T49_TSVYYTVTS|0.001
Q13131|Q6NYC8_QEEASVRGR|0.101
Q13131|Q6NYC8_AQELSLRPL|0.245
Q13131|Q6NYC8_SSRLSEAWK|0.093
Q13131|Q6NYC8_RLAESREQS|0.815
Q13131|Q6NYC8_SREQSPRRK|0.002
Q13131|Q6NYC8_SPGESAYQK|0.466
Q13131|Q6NYC8_GESAYQKLG|0.687
Q13131|Q6NYC8_ERQDYSEEC|0.0
Q13131|Q6NYC8_RQDYSEECG|0.47
Q13131|Q6NYC8_TAELSETLT|0.0
Q13131|Q6NYC8_QGNSSAGVE|0.474
Q13131|Q6NYC8_GWKWTLNSG|0.492
Q13131|Q6NYC8_WTLNSGKAR|0.29
Q13131|Q6NYC8_EPPESAEKL|0.0
Q13131|Q6NYC8_QNCCSVPSP|0.538
Q13131|Q6NYC8_CSVPSPLPP|0.222
Q13131|Q6NYC8_PPAPTAPQP|0.617
Q13131|Q6NYC8_SRLFYGVKA|0.341
Q13131|Q6NYC8_APRRSGHTF|0.651
Q13131|Q6NYC8_NPRRSVPPA|0.0
Q13131|Q6NYC8_VPPATPATP|0.0
Q13131|Q6NYC8_ATPATPTSP|0.002
Q13131|Q6NYC8_PATPTSPAT|0.413
Q13131|Q6NYC8_TSPATVDAA|0.321
Q13131|Q6NYC8_KRYPTAEEI|0.501
Q13131|Q13522_TSDQSSPEI|0.0
Q13131|Q13522_SDQSSPEID|0.0
Q13131|Q13522_MTRITPTMK|0.0
Q13131|Q13522_CIPKTHERG|0.0
Q13131|Q13522_HERGSKEPS|0.0
Q13131|Q8WVI7_LQNASPKQR|0.471
Q13131|P41236_ASTASHRPI|0.0
Q13131|P41236_STTSSMVAS|0.026
Q13131|P41236_SMVASAEQP|0.076
Q13131|P41236_NILATYHPA|0.0
Q13131|P41236_ILATYHPAD|0.0
Q13131|P41236_ADKDYGLMK|0.005
Q13131|P41236_LEPKYRIQE|0.0
Q13131|P41236_RKLHYNEGL|0.004
Q13131|Q5T8A7_VALQSKWEA|0.0
Q13131|Q5T8A7_AIQEYLKAK|0.0
Q13131|Q5T8A7_LKAKSGAAQ|0.0
Q13131|Q5T8A7_AAQPSRAAG|0.0
Q13131|Q5T8A7_QVGSSKDQG|0.0
Q13131|Q5T8A7_KCDGSVEKK|0.0
Q13131|Q5T8A7_TNENSAKSL|0.0
Q13131|Q5T8A7_NSAKSLLKS|0.0
Q13131|Q5T8A7_VATKTMDPG|0.0
Q13131|Q5T8A7_PPPASPASR|0.0
Q13131|Q5T8A7_VKDGSQDAD|0.0
Q13131|Q5T8A7_DADHSQGRA|0.0
Q13131|Q5T8A7_SSLDSDEDL|0.0
Q13131|Q5T8A7_QADRTPPWS|0.0
Q13131|Q5T8A7_SRLPSPWVL|0.0
Q13131|Q5T8A7_LAGFSPLLS|0.0
Q13131|Q5T8A7_QAGPSPVFG|0.0
Q13131|Q5T8A7_PVFGSPHLL|0.0
Q13131|Q5T8A7_DSGGSSVVK|0.0
Q13131|Q96PQ5__MAASTASQ|0.0
Q13131|Q96PQ5_MAASTASQR|0.133
Q13131|Q96PQ5_SMVASAEHP|0.232
Q13131|Q96PQ5_HPRGSVHEQ|0.06
Q13131|Q96PQ5_GEEDSDLSP|0.564
Q13131|Q96PQ5_DSDLSPEER|0.649
Q13131|Q6NXS1_ASTASHRPI|0.0
Q13131|Q6NXS1_KNKTSTTSS|0.557
Q13131|Q6NXS1_TSTTSSMVA|0.0
Q13131|Q6NXS1_SMVASAEQP|0.1
Q13131|Q6NXS1_QPRRSVDEE|0.0
Q13131|Q6NXS1_LSKKSQKWD|0.147
Q13131|Q6NXS1_LEPKYRIQE|0.0
Q13131|Q6NXS1_DSDLSPEER|0.02
Q13131|Q6NXS1_RKLHYNEGL|0.002
Q13131|Q6NXS1_NQGSTPSDQ|0.0
Q13131|O14990_LKNKSSSGS|0.0
Q13131|O14990_KNKSSSGSS|0.0
Q13131|O14990_SVATSGQQS|0.0
Q13131|Q96LQ0_VPEFYARRK|0.0
Q13131|Q96LQ0_KPKSYMVGL|0.007
Q13131|Q96LQ0_AAQRYLAQK|0.0
Q13131|Q96LQ0_RLFRTNMFN|0.034
Q13131|Q96LQ0_PVMSTLLPS|0.0
Q13131|Q96LQ0_SSHTSCPK_|0.0
Q13131|Q16821_GSDSSEDIY|0.0
Q13131|Q16821_IRTRSTASR|0.0
Q13131|Q16821_QRSLSPSSS|0.0
Q13131|Q16821_YIIKTTSES|0.0
Q13131|Q16821_IIKTTSEST|0.0
Q13131|Q16821_TTSESTPES|0.0
Q13131|Q16821_EKEETMSMY|0.682
Q13131|Q16821_EETMSMYNP|0.0
Q13131|Q16821_TMSMYNPRK|0.0
Q13131|Q16821_ENAVTTMAS|0.0
Q13131|Q16821_NAVTTMASQ|0.0
Q13131|Q16821_QGNESLFSK|0.0
Q13131|Q16821_ESLFSKYTN|0.0
Q13131|Q86XI6_AIAGTVKVQ|0.463
Q13131|Q86XI6_TWKSYTDFP|0.0
Q13131|Q86XI6_VKDTYAGSD|0.0
Q13131|Q86XI6_EFAVYYECN|0.0
Q13131|Q86XI6_FAVYYECNG|0.419
Q13131|Q86XI6_TKPHSGPDL|0.227
Q13131|Q86XI6_DLGISFDQF|0.0
Q13131|Q86XI6_DQFGSPRCS|0.483
Q13131|Q86XI6_LGPYY____|0.032
Q13131|Q9UQK1_ELESTIFGS|0.467
Q13131|O95685_SRGPSSAVL|0.005
Q13131|O95685_RGPSSAVLP|0.592
Q13131|O95685_SALGSRKLG|0.139
Q13131|O95685_RPPGSPGRA|0.183
Q13131|O95685_APPPTPAPS|0.001
Q13131|O95685_RPGCSQKLR|0.058
Q13131|Q6ZSY5_HGRNYTVLL|0.157
Q13131|Q6ZSY5_DVPRSSPPV|0.0
Q13131|Q6ZSY5_VPRSSPPVA|0.0
Q13131|Q6ZSY5_DGGMSPSHP|0.0
Q13131|B7ZBB8_GARLSLEAP|0.929
Q13131|B7ZBB8_CRARSFSLP|0.692
Q13131|B7ZBB8_SRLRSFPMR|0.971
Q13131|B7ZBB8_AQGEYWDNN|0.0
Q13131|B7ZBB8_GANYTLRYA|0.458
Q13131|Q15435_GKKHSSGIV|0.528
Q13131|Q15435_SNRLTKIEG|0.0
Q13131|Q15435_LETVYLERN|0.0
Q13131|P67775_QLSESQVKS|0.045
Q13131|P67775_IGGKSPDTN|0.0
Q13131|P67775_KSPDTNYLF|0.503
Q13131|P67775_FMGDYVDRG|0.727
Q13131|P67775_GWGISPRGA|0.001
Q13131|P67775_VMEGYNWCH|0.0
Q13131|P67775_SAPNYCYRC|0.0
Q13131|P62714_IGGKSPDTN|0.013
Q13131|P62714_KSPDTNYLF|0.571
Q13131|P62714_FMGDYVDRG|0.774
Q13131|P62714_GWGISPRGA|0.087
Q13131|P62714_VMEGYNWCH|0.036
Q13131|P62714_SAPNYCYRC|0.0
Q13131|P62714_DTLKYSFLQ|0.07
Q13131|P62714_VTRRTPDYF|0.421
Q13131|P30153_IKKLSTIAL|0.463
Q13131|P30153_KKLSTIALA|0.324
Q13131|P30153_SHEHSPSDL|0.0
Q13131|P30153_EHSPSDLEA|0.586
Q13131|P30153_QHVKSALAS|0.0
Q13131|P30153_IMGLSPILG|0.398
Q13131|P30153_GDPNYLHRM|0.53
Q13131|P30153_ILDNSTLQS|0.524
Q13131|P30153_QEALTVLSL|0.0
Q13131|P30154_QILPYIKEL|0.001
Q13131|P30154_WAQNTIVPK|0.0
Q13131|P63151_CDRHSKLFE|0.014
Q13131|P63151_SKLCSLYEN|0.0
Q13131|P63151_NGSDSVVMT|0.371
Q13131|P63151_SVVMTGSYN|0.0
Q13131|P63151_KDEISVDSL|0.047
Q13131|P63151_TNNLYIFQD|0.0
Q13131|Q00005_HSGRYIMTR|0.493
Q13131|Q00005_MTRDYLTVK|0.263
Q13131|Q00005_SKLCSLYEN|0.002
Q13131|Q9Y2T4_RPIETYQVH|0.584
Q13131|Q9Y2T4_SKLCSLYEN|0.597
Q13131|Q9Y2T4_RDDISVDSL|0.501
Q13131|Q9Y2T4_ISVDSLDFT|0.456
Q13131|Q66LE6_SKLCSLYEN|0.0
Q13131|Q66LE6_KDEISVDSL|0.0
Q13131|Q06190_VKRGSTFQN|0.0
Q13131|Q06190_TFQNTYNLK|0.0
Q13131|Q06190_GEAISFASG|0.0
Q13131|Q06190_FNRRSVDLD|0.0
Q13131|Q06190_GLLRSSSVE|0.891
Q13131|Q06190_LLRSSSVEE|0.0
Q13131|Q06190_LRSSSVEEK|0.953
Q13131|Q06190_EKPLSHRNS|0.005
Q13131|Q06190_SGNDTISSS|0.0
Q13131|Q06190_QPPKYEDVV|0.0
Q13131|Q06190_VVQLSASDS|0.0
Q13131|Q06190_QLSASDSGR|0.0
Q13131|Q06190_SASDSGRFQ|0.0
Q13131|Q06190_QRDFTNSSS|0.056
Q13131|Q06190_DFTNSSSQE|0.433
Q13131|Q06190_FTNSSSQEE|0.0
Q13131|Q06190_TNSSSQEEI|0.884
Q13131|Q06190_SKVSSPIEK|0.109
Q13131|Q06190_PSCLTRIIE|0.0
Q13131|Q06190_PPPATSPSS|0.0
Q13131|Q06190_PPATSPSSP|0.0
Q13131|Q06190_PRPLSPVPH|0.0
Q13131|Q06190_NRSWSGKIT|0.114
Q13131|Q06190_KITSTEIRK|0.0
Q13131|Q06190_QASSSRIIE|0.0
Q13131|Q06190_SGAVTRGKT|0.525
Q13131|Q06190_TRGKTIQKE|0.0
Q13131|Q06190-2_NRSWSGKIT|0.0
Q13131|Q06190-2_KITSTEIRK|0.0
Q13131|Q9Y5P8_DHALSTKMI|0.732
Q13131|Q9Y5P8_HALSTKMID|0.856
Q13131|Q9Y5P8_DRIFSGAVT|0.526
Q13131|Q969Q6_EFYKTIPRF|0.0
Q13131|Q969Q6_IPRFYYRLP|0.002
Q13131|Q969Q6_RIGLSLYDV|0.0
Q13131|Q969Q6_GLSLYDVAG|0.0
Q13131|Q15257_KQSVSCDEC|0.439
Q13131|Q15257_ALLNTLDRW|0.756
Q13131|Q15257_VFNRYLEVM|0.0
Q13131|Q15257_HPVTSG___|0.789
Q13131|Q15172_MSSSSPPAG|0.43
Q13131|Q15172_RQKRSQGSS|0.993
Q13131|Q15172_SQFRSQGSQ|0.157
Q13131|Q15172_NVLKTLMEM|0.668
Q13131|Q15172_QNSAYNMHS|0.406
Q13131|Q15172_LSNTSAE__|0.0
Q13131|Q15173_TSPSSPGLS|0.001
Q13131|Q15173_SQFRYQSNQ|0.566
Q13131|Q15173_IEPVYPDII|0.001
Q13131|Q13362_NKAGSRMVV|0.0
Q13131|Q13362_EMVEYITHN|0.099
Q13131|Q13362_RNVITEPIY|0.0
Q13131|Q13362_NNIFYRFIY|0.0
Q13131|Q13362_ERALYYWNN|0.0
Q13131|Q13362_RALYYWNNE|0.0
Q13131|Q13362_WNNEYIMSL|0.0
Q13131|Q13362_IMFPSLYRN|0.0
Q13131|Q13362_FPSLYRNSK|0.0
Q13131|Q13362_HWNKTIHGL|0.582
Q13131|Q13362_ARRKSELPQ|0.539
Q13131|Q13362-3_ARRKSELPQ|0.0
Q13131|Q13362-4_VRKNSLVAV|0.0
Q13131|Q13362-4_SSRFSASNN|0.0
Q13131|Q13362-4_ARRKSELPQ|0.0
Q13131|Q13362-5_PEEPSSPKV|0.0
Q13131|Q13362-5_EEPSSPKVP|0.0
Q13131|Q14738_VAKCTAKPS|0.0
Q13131|Q14738_SQPPSSNKR|0.0
Q13131|Q14738_RPSNSTPPP|0.037
Q13131|Q14738_TPPPTQLSK|0.0
Q13131|Q14738_SKIKYSGGP|0.0
Q13131|Q14738_RFNLSKNRE|0.538
Q13131|Q14738_ALKDSPTQE|0.0
Q13131|Q14738_FPALYRNSK|0.0
Q13131|Q14738_CTQQYKAEK|0.0
Q13131|Q14738_LNPQYPMFR|0.001
Q13131|Q14738_LPPVYSMET|0.0
Q13131|Q14738_PPVYSMETE|0.438
Q13131|Q14738_YSMETETPT|0.0
Q13131|Q14738_METETPTAE|0.022
Q13131|Q14738_RTVETEAVQ|0.179
Q13131|Q14738_PQDVYTIKA|0.0
Q13131|Q14738_QDVYTIKAL|0.0
Q13131|Q16537_TTPPSVDKV|0.0
Q13131|Q16537_FSRKSVRKA|0.002
Q13131|Q16537_RSQSSSQFR|0.431
Q13131|Q16537_SQFRSQGKP|0.08
Q13131|Q16537_PIELTPLPL|0.005
Q13131|Q16537_ELVDYITIS|0.017
Q13131|Q16537_VDYITISRG|0.001
Q13131|Q16537_YITISRGCL|0.0
Q13131|Q16537_EKDPSLTEP|0.0
Q13131|Q16537_DPSLTEPVI|0.0
Q13131|Q16537_GIIPT____|0.0
Q13131|Q08209____MSEPKA|0.0
Q13131|Q08209_FLGDYVDRG|0.002
Q13131|Q08209_HLTEYFTFK|0.0
Q13131|Q08209_ARVFSVLRE|0.826
Q13131|Q08209_LKGLTPTGM|0.528
Q13131|Q08209_IKGFSPQHK|0.0
Q13131|Q08209_ANLNSINKA|0.0
Q13131|Q08209_NGTDSNGSN|0.0
Q13131|Q08209_DSNGSNSSN|0.0
Q13131|Q08209_GSNSSNIQ_|0.0
Q13131|Q08209-2_SGVLSGGKQ|0.0
Q13131|P16298_PFPPTHRLT|0.0
Q13131|P16298_FLGDYVDRG|0.026
Q13131|P16298_HLTEYFTFK|0.0
Q13131|P16298_ARVFSVLRE|0.915
Q13131|P16298_LKGLTPTGM|0.567
Q13131|P16298_IRGFSPPHR|0.0
Q13131|P16298_HRICSFEEA|0.0
Q13131|P48454_FLGDYVDRG|0.0
Q13131|P48454_ARVFSILRQ|0.0
Q13131|P48454_TPTGTLPLG|0.0
Q13131|P48454_IRGFSLQHK|0.0
Q13131|P48454_HKIRSFEEA|0.565
Q13131|P63098_DGYISNGEL|0.606
Q13131|Q96LZ3_DGYISNGEL|0.21
Q13131|P60510_QRVDSPVTV|0.0
Q13131|P60510_PETNYLFMG|0.0
Q13131|Q8TF05_IVVRYLADQ|0.0
Q13131|Q8TF05_EESKSSEEM|0.0
Q13131|Q8TF05_DQELYNSFH|0.34
Q13131|Q8TF05_ELYNSFHFW|0.0
Q13131|Q8TF05_PVPSSPNIT|0.0
Q13131|Q8TF05_LRASSLDAH|0.543
Q13131|Q8TF05_EETISIEKR|0.0
Q13131|Q8TF05_HYIHSDSDL|0.282
Q13131|Q8TF05_YKLVSEMVK|0.0
Q13131|Q8TF05_LHAATPPTF|0.0
Q13131|Q8TF05_TLRQTLLEK|0.0
Q13131|Q8TF05_ASSTY____|0.0
Q13131|Q9P1A2_TSAKTSDCP|0.0
Q13131|Q9P1A2_SAKTSDCPH|0.0
Q13131|Q9P1A2_SPVESCVSA|0.0
Q13131|Q9P1A2_ESCVSAGAE|0.0
Q13131|Q9P1A2_GAEWTRVSP|0.0
Q13131|Q9NY27_CVYPSSEKN|0.604
Q13131|Q9NY27_NGPGTPRPL|0.315
Q13131|Q9NY27_ESEVSSVSP|0.327
Q13131|Q9NY27_EEEESFMTS|0.006
Q13131|Q9NY27_DLLHSEGSE|0.724
Q13131|Q9NY27_HSEGSENEG|0.512
Q13131|Q9NY27_GSNSSKTGE|0.583
Q13131|Q6NUP7_RFLDTCEFI|0.0
Q13131|Q6NUP7_IFSKSFFCK|0.0
Q13131|Q6NUP7_FFCKYFFLP|0.0
Q13131|Q6NUP7_GRPMSDKMF|0.702
Q13131|Q6NUP7_RDTKTPTQS|0.316
Q13131|Q6NUP7_VPGPSSVTP|0.0
Q13131|Q6NUP7_PGPSSVTPS|0.483
Q13131|Q6NUP7_SVTPSTSKE|0.566
Q13131|Q6NUP7_VTPSTSKEI|0.25
Q13131|Q6NUP7_TPSTSKEIK|0.001
Q13131|Q6NUP7_KLIRSQSFN|0.195
Q13131|Q6NUP7_IRSQSFNNQ|0.951
Q13131|Q6NUP7_ASKSSTTGY|0.0
Q13131|Q6NUP7_STTGYTTSV|0.0
Q13131|Q6NUP7_GTGNSVDPK|0.001
Q13131|Q6NUP7_DPKSSGSKD|0.542
Q13131|Q6NUP7_KSSGSKDTQ|0.087
Q13131|P53041_EELKTQAND|0.432
Q13131|P53041_ECYGYALGD|0.378
Q13131|P53041_RRAASNMAL|0.504
Q13131|P53041_ALRDYETVV|0.206
Q13131|P53041_RDYETVVKV|0.44
Q13131|P53041_IEDEYSGPK|0.006
Q13131|P53041_VDRGSFSVE|0.688
Q13131|P53041_RGSFSVEVI|0.0
Q13131|P53041_EVILTLFGF|0.285
Q13131|P53041_MNQIYGFEG|0.0
Q13131|P53041_DLLWSDPQP|0.455
Q13131|P53041_KRGVSCQFG|0.0
Q13131|P53041_NNLDYIIRS|0.635
Q13131|P53041_KAEGYEVAH|0.347
Q13131|O00743_RLCKYLPEN|0.411
Q13131|O00743_DLVWSDPED|0.473
Q13131|O00743_TWAISPRGA|0.393
Q13131|O00743_SAPNYCYRC|0.366
Q13131|O00743_PRTTTPYFL|0.485
Q13131|Q9BSY9_GGHPYPFSG|0.0
Q13131|Q9BSY9_ELGETFKFK|0.0
Q13131|P35813_RVNGSLAVS|0.796
Q13131|P35813_RDNMSVILI|0.41
Q13131|P35813_ELDKYLECR|0.48
Q13131|P35813_IEAVYNRLN|0.419
Q13131|P35813_KNDDTDSTS|0.411
Q13131|P35813_TDSTSTDDM|0.601
Q13131|Q5VV67_HKLLTLSRT|0.002
Q13131|Q5VV67_LLTLSRTPP|0.006
Q13131|Q5VV67_TLSRTPPER|0.159
Q13131|Q5VV67_RDLITPVDP|0.108
Q13131|Q5VV67_VRQVSPGPR|0.0
Q13131|Q5VV67_KEGLSLNSE|0.323
Q13131|Q5VV67_EKLDSACLL|0.0
Q13131|Q5VV67_SAGQSSPAK|0.0
Q13131|Q5VV67_LKIESGTSA|0.0
Q13131|Q5VV67_TEERSPQPP|0.0
Q13131|Q5VV67_SLPETPTGL|0.0
Q13131|Q5VV67_LARPSPPVQ|0.015
Q13131|Q5VV67_PVPASPHPK|0.0
Q13131|Q5VV67_LRKLSFLPT|0.0
Q13131|Q5VV67_SFLPTPRTQ|0.0
Q13131|Q5VV67_VAGLTPPAT|0.0
Q13131|Q5VV67_TPPATPPHQ|0.0
Q13131|Q5VV67_LAAVSLLAK|0.0
Q13131|Q5VV67_YCVRSRTPP|0.0
Q13131|Q5VV67_SSLLSPEAS|0.0
Q13131|Q5VV67_SPEASPCRN|0.0
Q13131|Q5VV67_MNTRTPPEP|0.0
Q13131|Q5VV67_RNSRSVSSG|0.25
Q13131|Q5VV67_VSSGSNRTS|0.0
Q13131|Q5VV67_TSEASSSSS|0.0
Q13131|Q5VV67_EASSSSSSS|0.0
Q13131|Q5VV67_ASSSSSSSS|0.002
Q13131|Q5VV67_SSSSSSSSS|0.0
Q13131|Q5VV67_SSSSSSRSR|0.325
Q13131|Q5VV67_SSSSSRSRS|0.0
Q13131|Q5VV67_SSGRSRRCS|0.0
Q13131|Q5VV67_SRRCSSSSS|0.0
Q13131|Q5VV67_RRCSSSSSS|0.002
Q13131|Q5VV67_RCSSSSSSS|0.005
Q13131|Q5VV67_CSSSSSSSS|0.0
Q13131|Q5VV67_SSSSSSSRS|0.0
Q13131|Q5VV67_PRRRSDRRR|0.0
Q13131|Q5VV67_PGRMTRSEL|0.048
Q13131|Q5VV67_RMTRSELKQ|0.606
Q13131|Q5VV67_KRSYSDLDS|0.0
Q13131|P50897_IPGIYVLSL|0.0
Q13131|P50897_IYVLSLEIG|0.0
Q13131|P50897_AMGFSQGGQ|0.0
Q13131|P50897_NAGAYSKVV|0.0
Q13131|P50897_VQAEYWHDP|0.0
Q13131|P50897_ETSLYTQDR|0.002
Q13131|Q8NI37_HRLHTANLG|0.627
Q13131|Q8NI37_SIQQTARSI|0.045
Q13131|Q96BP3_MAAESGSDF|0.999
Q13131|Q96BP3_HVVCTKTDF|0.474
Q13131|Q96BP3_KAVVSSDKS|0.473
Q13131|Q96BP3_DTDLYEFAK|0.568
Q13131|Q96BP3_SVCFSPDGK|0.508
Q13131|Q96BP3_KSADSDRDV|0.999
Q13131|O60828_IAEDYDDDP|0.002
Q13131|O60828_VSWLSPHDP|0.525
Q13131|O60828_KLRSSNADA|0.754
Q13131|O60828_SHDKSDRGH|0.423
Q13131|O60828_RERGYDKVD|0.424
Q13131|O60828_ELAPYPKSK|0.496
Q13131|O60828_DPSSYSDAP|0.0
Q13131|O60828_PSSYSDAPR|0.001
Q13131|O60828_GTWSTGLPK|0.397
Q13131|O60828-3_IAEDYDDDP|0.0
Q13131|Q8N2U9_DIRRTQNAD|0.0
Q13131|Q8N2U9_RRFESPLLW|0.0
Q13131|Q8N2U9_LLWQSAIMI|0.0
Q13131|Q8N2U9_LGQAYAFAR|0.0
Q13131|Q6ZP29_IGGDSCNLI|0.0
Q13131|P06401_QDQQSLSDV|0.0
Q13131|P06401_EGAYSRAEA|0.82
Q13131|P06401_GGSSSSPPE|0.0
Q13131|P06401_EEDGSESEE|0.0
Q13131|P06401_LEDESYDGG|0.0
Q13131|P06401_GAEASARSP|0.0
Q13131|P06401_LRPDSEASQ|0.742
Q13131|P06401_DSEASQSPQ|0.368
Q13131|P06401_SPQYSFESL|0.498
Q13131|P06401_YSFESLPQK|0.669
Q13131|P06401_VPNESQALS|0.0
Q13131|P06401_KWSKSLPGF|0.0
Q13131|P06401-2_EEDGSESEE|0.0
Q13131|P06401-2_DSRFSAPRV|0.0
Q13131|P06401-2_APGRSPLAT|0.0
Q13131|P06401-2_ASARSPRSY|0.0
Q13131|P06401-2_SPQYSFESL|0.0
Q13131|Q96KF2_GETRSDGSA|0.0
Q13131|Q96KF2_RSDGSACNS|0.0
Q13131|Q96KF2_SACNSGISG|0.0
Q13131|Q96KF2_NSGISGGRG|0.015
Q13131|O60831____MSEVRL|0.0
Q13131|O60831_FVLGSARLA|0.003
Q13131|O60831_GLKRTPMGL|0.001
Q13131|O60831_QEAGS____|0.0
Q13131|Q96QH2_LKKFSQPEL|0.914
Q13131|Q96QH2_PKKPSKLEL|0.0
Q13131|Q96QH2_PDELSHPAR|0.536
Q13131|Q96QH2_AGEATPRSP|0.001
Q13131|Q96QH2_ATPRSPQPE|0.0
Q13131|Q96QH2_LTRTSSEPE|0.0
Q13131|Q96QH2_TRTSSEPEV|0.0
Q13131|Q96QH2_GLPRTSSEP|0.149
Q13131|Q96QH2_LPRTSSEPE|0.141
Q13131|Q96QH2_PRTSSEPEF|0.0
Q13131|Q96QH2_PEFNSLPRK|0.395
Q13131|Q96QH2_PRKFSQPEP|0.0
Q13131|Q96QH2_PSSASESSL|0.0
Q13131|Q96QH2_RHPLSPGFG|0.0
Q13131|Q96QH2_PRWRSGGLV|0.503
Q13131|Q96QH2_LPPASSLGH|0.002
Q13131|Q96QH2_PPASSLGHP|0.277
Q13131|Q96QH2_VDMQSFRRP|0.708
Q13131|Q96QH2_FRRPSAASI|0.01
Q13131|Q96QH2_PSAASIDLR|0.009
Q13131|Q96QH2_RRTRSAAGL|0.571
Q13131|Q96QH2_DSSPSPKGR|0.538
Q13131|O95521_SLMKTLHLE|0.488
Q13131|O95521_MKCLSQYPS|0.0
Q13131|O95521_PSLGYLKHL|0.0
Q13131|O95521_HLNLSYVLL|0.009
Q13131|O60809_LQAPSRLLE|0.0
Q13131|O60809_LAGQSLLRN|0.073
Q13131|O60809_KVAATLKTL|0.0
Q13131|O60813_KLVLSHMDV|0.0
Q13131|O60813_KEIVTQFTT|0.0
Q13131|Q5VWM6_SLMKTLHLE|0.04
Q13131|Q5VWM6_VKCLSQYPS|0.0
Q13131|Q5VWM6_PSLGYLKHL|0.0
Q13131|Q5VWM6_HLNLSYVLL|0.0
Q13131|Q5SWL7_SLMKTLHLE|0.0
Q13131|Q5SWL7_MKCLSQYPS|0.0
Q13131|Q5SWL7_PSLGYLKHL|0.0
Q13131|Q5SWL7_HLNLSYVLL|0.0
Q13131|P0DUQ1_KLVLSHMDV|0.0
Q13131|P0DUQ1_KEIVTQFTT|0.0
Q13131|Q5VTA0_MSLQSPSRL|0.0
Q13131|Q5VWM3_SLMKTPDLE|0.0
Q13131|Q5VWM3_LLRHTGRLS|0.232
Q13131|Q5VWM3_SLETYPAPR|0.0
Q13131|Q5SWL8_SLMKTPDLE|0.0
Q13131|Q5SWL8_LLRHTGRLS|0.0
Q13131|Q5SWL8_SLETYPAPR|0.0
Q13131|O60811_SLMKTLHLE|0.001
Q13131|O60811_HLCCSKLVN|0.0
Q13131|O60811_VNYLTPIKY|0.0
Q13131|O60811_YLRKSLKII|0.0
Q13131|Q5VT98_IDSRYISPE|0.52
Q13131|Q5VT98_SRYISPEQK|0.0
Q13131|Q5VT98_SKYPSIGQL|0.0
Q13131|A3QJZ6_SLMKTPDLE|0.0
Q13131|A3QJZ6_KLFISDGCR|0.0
Q13131|A3QJZ6_CLPRYPSLS|0.0
Q13131|A3QJZ6_LLRHTGRLS|0.006
Q13131|A3QJZ6_SLETYPAPR|0.0
Q13131|A6NGN4_KLVLSHMDV|0.003
Q13131|H0Y7S4_KLVLSHMDV|0.0
Q13131|A3QJZ7_KLVLSHMDV|0.0
Q13131|O60810_KEIVTQFTT|0.0
Q13131|Q5TYX0_KLVLSHMDV|0.0
Q13131|Q5TYX0_KEIVTQFTT|0.0
Q13131|Q5TYX0_PRESYDADG|0.0
Q13131|Q5VXH4_KLVLSHMDV|0.204
Q13131|Q5VXH4_KEIVTQFTT|0.0
Q13131|Q5VXH5_PHLESLKSV|0.0
Q13131|Q5VXH5_ESLKSVLEG|0.001
Q13131|Q5VWM4_PHLESLKSV|0.484
Q13131|Q5VWM4_ESLKSVLEG|0.707
Q13131|Q96B36_LVLLTAAPP|0.0
Q13131|Q96B36_RLNTSDFQK|0.378
Q13131|Q96B36_LKRKY____|0.045
Q13131|Q96B36-3____MSFEGG|0.0
Q13131|P04280_NEDVSQEES|0.0
Q13131|P04280_QGDKSRSPR|0.0
Q13131|P04280_DKSRSPRSP|0.0
Q13131|O43663__MRRSEVLA|0.766
Q13131|O43663_IKSISVCQK|0.037
Q13131|O43663_KDLRTQVEL|0.359
Q13131|O43663_EAVATIMSG|0.0
Q13131|O43663_PNRFTNRGG|0.081
Q13131|O43663_MLYGSAPRT|0.416
Q13131|O43663_PRTPSKRRG|0.0
Q13131|O43663_IFGGTVYHS|0.026
Q13131|O43663_GGTVYHSPV|0.608
Q13131|O43663_HSPVSRLPP|0.587
Q13131|O43663_RLPPSGSKP|0.0
Q13131|O43663_PPSGSKPVA|0.0
Q13131|O43663_PVAASTCSG|0.0
Q13131|O43663_VAASTCSGK|0.0
Q13131|O43663_ASTCSGKKT|0.627
Q13131|O43663_ELNGSILSG|0.284
Q13131|O43663_GSILSGGYP|0.0
Q13131|O43663_GYPGSAPLQ|0.576
Q13131|O43663_FSINSVAST|0.004
Q13131|O43663_NSVASTYSE|0.502
Q13131|O43663_SLSDSSTVG|0.0
Q13131|O43663_SDSSTVGLQ|0.002
Q13131|O43663-2_SAPRTPSKR|0.0
Q13131|O43663-2_SGKKTPRTG|0.0
Q13131|O43663-2_QRNFSINSV|0.0
Q13131|O43663-2_FSINSVAST|0.0
Q13131|O43663-2_ASTYSEFAR|0.0
Q13131|O43663-3_ELNGSILSA|0.0
Q13131|Q92733_SRKPSDGSP|0.308
Q13131|Q92733_MKSFSKKKG|0.0
Q13131|Q92733_HQITYLIHQ|0.0
Q13131|Q00LT1_AARGSSLDA|0.0
Q13131|Q00LT1_ADPQSSGRE|0.0
Q13131|Q00LT1_DPQSSGREK|0.0
Q13131|P42785_HLKRTIPGA|0.0
Q13131|P42785_LDPMSVLLA|0.0
Q13131|O75626_PKCNSSTVR|0.438
Q13131|O75626_CNSSTVRFQ|0.446
Q13131|O75626_QTQSSLKQP|0.38
Q13131|O75626_RSNISPLTS|0.699
Q13131|O75626_RRRGSPEMP|0.455
Q13131|O75626_SARSSPDQS|0.409
Q13131|O75626_LKSSSPHSS|0.009
Q13131|O75626_SPHSSPGNT|0.146
Q13131|O75626_SPGNTVSPV|0.109
Q13131|O75626_GNTVSPVGP|0.774
Q13131|O75626_DKACSPTSG|0.446
Q13131|O75626_SGSPTAGTA|0.0
Q13131|O75626_HKRFSSTSN|0.655
Q13131|Q9NQV6_IHDISEEER|0.005
Q13131|Q9NQV6_LEITSENGE|0.665
Q13131|Q9NQV6_KHVRSFHSE|0.004
Q13131|Q9NQV6_RSFHSEKIY|0.035
Q13131|Q9NQV6_MLRHSDRKD|0.086
Q13131|Q9NQV6_ADRISRSKT|0.0
Q13131|Q9NQV6_TDYDSFTFK|0.0
Q13131|Q9NQV6_ELPPSIRKL|0.456
Q13131|Q9NQV6_VLSESQSEL|0.759
Q13131|Q9NQV5_RRPDSSAME|0.0
Q13131|Q9NQV5_TSGESDVRC|0.001
Q13131|Q9NQV5_QREKSEQVL|0.006
Q13131|Q9H4Q4_EDHRSWMTY|0.0
Q13131|Q9H4Q4_SNLRSHMRI|0.0
Q13131|Q9H4Q4_VRLHTGERP|0.0
Q13131|Q9H4Q3_GKYLSDRRE|0.0
Q13131|Q9H4Q3_GQIFYRALR|0.007
Q13131|Q9H4Q3_YREESSSKQ|0.0
Q13131|Q9H4Q3_REESSSKQG|0.0
Q13131|Q9H4Q3_GLLKYPESI|0.0
Q13131|Q9H4Q3_AELGSLASI|0.0
Q13131|Q9GZV8_NLAAYYTPF|0.0
Q13131|Q9GZV8_LAAYYTPFP|0.0
Q13131|Q9GZV8_SYGHYRNSL|0.0
Q13131|Q9GZV8_TYKYYRDKH|0.0
Q13131|P57071_ERIATRSPD|0.0
Q13131|P57071_IATRSPDPI|0.0
Q13131|P57071_SRARSWPAS|0.0
Q13131|P57071_SWPASGHVH|0.181
Q13131|P57071_IPPGTELRV|0.002
Q13131|P57071_HAAGTPENS|0.0
Q13131|P57071_NDDNSDESA|0.251
Q13131|P57071_NSDESADSE|0.0
Q13131|P57071_GIKEYECKE|0.001
Q13131|P57071_CDKKYVTEY|0.0
Q13131|P57071_YVTEYMLQK|0.274
Q13131|Q9HAZ2_DSAMSPIPV|0.358
Q13131|Q9HAZ2_VGPPSPFPT|0.0
Q13131|Q9HAZ2_PKEGSPYEA|0.842
Q13131|Q9HAZ2_SEQIYYKVI|0.155
Q13131|Q9HAZ2_EQIYYKVIK|0.276
Q13131|Q9HAZ2_FATSSGLKQ|0.727
Q13131|Q9HAZ2_ADCRTQIKC|0.077
Q13131|Q9HAZ2_GQMFSTTSS|0.015
Q13131|Q9HAZ2_QMFSTTSSL|0.005
Q13131|Q9HAZ2_MFSTTSSLN|0.502
Q13131|Q9HAZ2_GLPLTPSPM|0.0
Q13131|Q9HAZ2_SLLKSPLNH|0.852
Q13131|Q9HAZ2_EKFESRLED|0.517
Q13131|Q9HAZ2_RLEDSCVEK|0.644
Q13131|Q9HAZ2_VNTTTGTDL|0.516
Q13131|Q9HAZ2_KRKVTDPVG|0.033
Q13131|Q9HAZ2_LRTHTGEQP|0.022
Q13131|Q9HAZ2_DRSFSISSN|0.283
Q13131|Q9HAZ2_MNQASTRTE|0.548
Q13131|Q9HAZ2_NQASTRTEK|0.003
Q13131|Q13029_GVWATKPIL|0.501
Q13131|Q13029_EPDFTSANM|0.0
Q13131|Q13029_PDFTSANMR|0.034
Q13131|Q13029_KPSQTLQPS|0.568
Q13131|Q13029_TLQPSEDLA|0.472
Q13131|Q13029_KDDSSPPSL|0.162
Q13131|Q13029_TINSSVVEE|0.478
Q13131|Q13029_QDKLTPAGI|0.0
Q13131|Q13029_PVCVSAPAS|0.323
Q13131|Q13029_SSPPSSPQH|0.529
Q13131|Q13029_SHSDSPAWS|0.007
Q13131|Q13029_SPAWSLSGR|0.0
Q13131|Q13029_VQWESVLDL|0.729
Q13131|Q13029_QPTCSAVKK|0.495
Q13131|Q13029_RKPTTCMLQ|0.467
Q13131|Q13029_LLNEYNGID|0.466
Q13131|Q13029_PADGTRSPS|0.276
Q13131|Q13029_DGTRSPSPC|0.001
Q13131|Q13029_TRSPSPCKS|0.234
Q13131|Q13029_TLSSSSSSS|0.61
Q13131|Q13029_LSSSSSSSS|0.18
Q13131|Q13029_SSSSSSSSS|0.0
Q13131|Q13029_EEPQSAAEQ|0.003
Q13131|Q13029_NVCESPFLS|0.274
Q13131|Q13029_PLETSKEEE|0.008
Q13131|Q13029_ELNDSSEEL|0.485
Q13131|Q13029_LNQHYPSFK|0.0
Q13131|Q13029_QHYPSFKPP|0.0
Q13131|Q13029_CASASDKKR|0.555
Q13131|Q13029_SKMSSNKLK|0.85
Q13131|Q13029_KKPLSPPKK|0.008
Q13131|Q13029_KKKVSHSSK|0.602
Q13131|Q13029_SDKNSNSNH|0.54
Q13131|Q13029_KNSNSNHRR|0.0
Q13131|Q13029_QSMQTPLGK|0.0
Q13131|Q13029_KPSSSSLRN|0.578
Q13131|Q13029_MAKITHVEG|0.873
Q13131|Q13029_FNIKSRERS|0.009
Q13131|Q13029_SRERSGGPV|0.036
Q13131|Q13029_PVTRSLQLA|0.001
Q13131|Q13029-4_KATASAWRP|0.0
Q13131|Q9UKN5_MENVSRVTS|0.495
Q13131|Q9UKN5_VSRVTSPIS|0.461
Q13131|Q9UKN5_SRVTSPIST|0.527
Q13131|Q9UKN5_TSPISTDGM|0.548
Q13131|Q9UKN5_GQKNYRCTL|0.591
Q13131|Q9UKN5_LKCDYCDKL|0.403
Q13131|Q9UKN5_KHLNSHEGK|0.256
Q13131|Q9UKN5_EEDDSEEED|0.469
Q13131|Q9UKN5_SAVYSADES|0.549
Q13131|Q9UKN5_SADESLSAH|0.086
Q13131|Q9NQX1_GEVLYILDA|0.133
Q13131|Q9NQX1_SRRQSTAGR|0.013
Q13131|Q9NQX1_LKESSRSFQ|0.39
Q13131|Q9NQX1_KKFISANQL|0.0
Q13131|Q9NQX1_QKFASSGTL|0.0
Q13131|Q9NQX1_KFASSGTLR|0.0
Q13131|Q9NQX1_ASSGTLRVH|0.006
Q13131|Q9NQX1_MHIRTHTRE|0.025
Q13131|Q9NQX1_IRTHTREKP|0.001
Q13131|Q9NQX1_EHKRTHTGE|0.0
Q13131|Q9NQX1_KRTHTGEKP|0.063
Q13131|Q9NQX1_HKKFTRNDY|0.57
Q13131|Q9NQX0_DPGGSAFLK|0.0
Q13131|Q9NQX0_AGLLSAPQP|0.0
Q13131|Q9NQX0_PPPDSLRPR|0.0
Q13131|Q9NQX0_NHIRTHTGE|0.008
Q13131|Q9NQX0_IRTHTGEKP|0.472
Q13131|Q9NQX0_PITESPESI|0.0
Q13131|Q9NQW5_GLRATRPAF|0.471
Q13131|Q9NQW5_RRKETEGKM|0.335
Q13131|Q9NQW5_EGKMYSLRE|0.584
Q13131|Q9NQW5_KGHAYKEIS|0.0
Q13131|Q9NQW5-2_NWMRTKARD|0.0
Q13131|Q9NQW5-2_ARDPSMSLM|0.006
Q13131|Q9NQW5-2_QSLLSELPR|0.0
Q13131|Q9NQV8_CLECSQRFQ|0.724
Q13131|Q9NQV8_RGGSSCSPA|0.015
Q13131|Q9NQV8_GSSCSPAQS|0.023
Q13131|Q9NQV8_AQSLSSGSG|0.487
Q13131|Q9NQV8_ARSFSQLSP|0.43
Q13131|Q9NQV7_DTERTERKP|0.803
Q13131|Q9NQV7_GLRATRPAF|0.537
Q13131|Q9NQV7_FSNESSLKE|0.667
Q13131|Q9NQV7_SNESSLKEL|0.363
Q13131|Q9NQV7_ERKMYSLRE|0.938
Q13131|Q9NQV7_KGHAYKEVS|0.468
Q13131|Q9NQV7_THQRTHTGE|0.471
Q13131|Q9NQV7_QRTHTGEKL|0.697
Q13131|Q9NQV7_QRIHTGEKP|0.967
Q13131|Q9NQV7_QRTHTGEKP|0.746
Q13131|Q9NQV7_RHQRTHTGE|0.462
Q13131|Q9NQV7_FRDKSHLLR|0.513
Q13131|Q9NQV7_SHQRTHTGE|0.443
Q13131|Q9NQV7_YHQRTHTGE|0.013
Q13131|Q06830_FKDISLSDY|0.919
Q13131|Q06830_SLSDYKGKY|0.325
Q13131|Q06830_VIGASVDSH|0.255
Q13131|Q06830_ASVDSHFCH|0.915
Q13131|Q06830_IPLVSDPKR|0.739
Q13131|Q06830_DPKRTIAQD|0.324
Q13131|Q06830_IAQDYGVLK|0.758
Q13131|Q06830_DEGISFRGL|0.535
Q13131|Q06830_LRQITVNDL|0.998
Q13131|Q06830_PVGRSVDET|0.929
Q13131|Q06830_SVDETLRLV|0.494
Q13131|Q06830_AFQFTDKHG|0.393
Q13131|Q06830_WKPGSDTIK|0.919
Q13131|Q06830_KEYFSKQK_|0.263
Q13131|P32119___MASGNAR|0.509
Q13131|P32119_DFKATAVVD|0.778
Q13131|P32119_EVKLSDYKG|0.771
Q13131|P32119_VLGVSVDSQ|0.811
Q13131|P32119_AWINTPRKE|0.67
Q13131|P32119_LSEDYGVLK|0.83
Q13131|P32119_GVLKTDEGI|0.891
Q13131|P32119_EGIAYRGLF|0.615
Q13131|P32119_LRQITVNDL|0.982
Q13131|P32119_PVGRSVDEA|0.471
Q13131|P32119_NVDDSKEYF|0.425
Q13131|P32119_KEYFSKHN_|0.497
Q13131|P32119-2_KIMETLPPK|0.0
Q13131|P30048_QHAPYFKGT|0.672
Q13131|P30048_FKDLSLDDF|0.0
Q13131|P30048_ISRDYGVLL|0.771
Q13131|P30048_LLEGSGLAL|0.627
Q13131|P30048_IKHLSVNDL|0.991
Q13131|P30048_SVEETLRLV|0.457
Q13131|P30048_PANWTPDSP|0.639
Q13131|P30048_WTPDSPTIK|0.009
Q13131|Q13162_ASRVSVADH|0.0
Q13131|Q13162_VADHSLHLS|0.121
Q13131|Q13162_ISKDYGVYL|0.0
Q13131|Q13162_DYGVYLEDS|0.034
Q13131|Q13162_PVGRSVDET|0.664
Q13131|Q13162_SVDETLRLV|0.0
Q13131|Q13162_GKLKYFDKL|0.554
Q13131|P30044_ARRYSEGEW|0.79
Q13131|P30044_PGAFTPGCS|0.611
Q13131|P30044_TPGCSKTHL|0.85
Q13131|P30044_LKRFSMVVQ|0.966
Q13131|P30041_FLGDSWGIL|0.684
Q13131|P30041_HLAWSKDIN|0.202
Q13131|P30041_GMPVTARVV|0.509
Q13131|P30041_KLKLSILYP|0.7
Q13131|Q9HCU5_GTDGYVRVW|0.178
Q13131|Q9HCU5_LPLRTKSCG|0.071
Q13131|Q9HCU5_GIVVTDVAF|0.286
Q13131|Q9Y3A3_NSNKYFPSR|0.283
Q13131|Q9Y3A3_PSRVSIKES|0.358
Q13131|Q9Y3A3_CHRFTKFVM|0.002
Q13131|Q9Y3A3_FVMKYNLMS|0.072
Q13131|Q9Y255__MVKYFLGQ|0.49
Q13131|Q9Y255_FLGQSVLRS|0.002
Q13131|Q9Y255_SVLRSSWDQ|0.727
Q13131|Q9Y255_VLRSSWDQV|0.003
Q13131|Q9Y255_QKLLSRRLL|0.028
Q13131|Q9Y255_RRLLTKTNR|0.568
Q13131|Q9Y255_KGFEYILAK|0.0
Q13131|Q9Y255_GEAPSKTLV|0.0
Q13131|Q8N945_KNVISVKIM|0.0
Q13131|Q8N945_KRDESTGVI|0.0
Q13131|Q8N945_RDESTGVIY|0.0
Q13131|Q8N945_TGVIYRKRI|0.0
Q13131|P51888_LVFLYMEKN|0.346
Q13131|P51888_EEVPSALPR|0.0
Q13131|P51888_LNNNSIEKI|0.0
Q13131|P48147_AVQDYHGHK|0.0
Q13131|P48147_ICDPYAWLE|0.0
Q13131|P48147_MTELYDYPK|0.476
Q13131|P48147_ELYDYPKYS|0.0
Q13131|P48147_YFYFYNTGL|0.0
Q13131|P48147_PNILSDDGT|0.514
Q13131|P48147_GAELSDDGR|0.0
Q13131|P48147_DDGRYVLLS|0.001
Q13131|P48147_YVLLSIREG|0.0
Q13131|P48147_DASDYQTVQ|0.0
Q13131|P48147_VQIFYPSKD|0.0
Q13131|P48147_GGGEYGETW|0.0
Q13131|P48147_GHAWTTDYG|0.005
Q13131|P48147_LVKYSPLHN|0.0
Q13131|P48147_ATLQYIVGR|0.051
Q13131|P48147_SRKQSNPLL|0.975
Q13131|Q4J6C6_LTKDSRFLT|0.0
Q13131|Q4J6C6_SRFLTINIM|0.0
Q13131|Q4J6C6_KLMRTAADT|0.0
Q13131|Q4J6C6_DSVRSLKLP|0.0
Q13131|Q4J6C6_FQLCSPIRP|0.0
Q13131|Q4J6C6_LVHVYGAYG|0.0
Q13131|Q8TCU6_AFLLSCMLL|0.0
Q13131|Q8TCU6_KTVCSNINE|0.007
Q13131|Q8TCU6_KSRVTGSKK|0.0
Q13131|Q8TCU6_RVTGSKKST|0.353
Q13131|Q8TCU6_GRINTEVME|0.505
Q13131|Q8TCU6_RKLSTVPKC|0.065
Q13131|Q8TCU6_HSLYTPVIK|0.201
Q13131|Q8TCU6_FRDESQYFR|0.0
Q13131|Q8TCU6_LLVATKAKE|0.926
Q13131|Q8TCU6_SQEASTEDP|0.0
Q13131|Q8TCU6_GPRLSLCED|0.0
Q13131|Q8TCU6_SVGRSFSIR|0.699
Q13131|Q8TCU6_LHDGSFGPA|0.651
Q13131|Q8TCU6_DRGLSFLLK|0.099
Q13131|Q8TCU6_AEEASSLPL|0.0
Q13131|Q8TCU6_DQEDSGHDT|0.294
Q13131|Q8TCU6_HDTMSYRDS|0.589
Q13131|Q8TCU6_DTMSYRDSY|0.0
Q13131|Q8TCU6_SNRDSVLSY|0.102
Q13131|Q8TCU6_DSVLSYTSV|0.723
Q13131|Q8TCU6_RSNSSYLGS|0.98
Q13131|Q8TCU6_SYLGSDEMG|0.0
Q13131|Q8TCU6_PMNHSLQEF|0.0
Q13131|Q8TCU6_IRGRSLIQI|0.977
Q13131|Q8TCU6_KVIFYLDSY|0.0
Q13131|Q8TCU6_DASTTAVKI|0.0
Q13131|Q70Z35_GEKLYKMMC|0.0
Q13131|Q70Z35_QDVISKGVR|0.374
Q13131|Q70Z35_VEKGSNAEM|0.268
Q13131|Q70Z35_PKTSTSLGS|0.0
Q13131|Q70Z35_KTSTSLGSA|0.429
Q13131|Q70Z35_VQLDSRKHN|0.549
Q13131|Q70Z35_HGLRYLLKE|0.38
Q13131|Q70Z35_EDLETQDIY|0.054
Q13131|Q70Z35_TQDIYQKLL|0.006
Q13131|Q70Z35_LLSVSSELC|0.518
Q13131|Q70Z35_LPPRYIMQA|0.0
Q13131|P14222_RAKVSSTEA|0.707
Q13131|P14222_LGGGTCLDY|0.004
Q13131|Q8TBJ4_LSIYSALYA|0.005
Q13131|Q9Y2Y8_EVQGSPRCK|0.0
Q13131|Q9Y2Y8_FNFNYRIQC|0.0
Q13131|Q92954_QQVSSQDLS|0.0
Q13131|Q92954_RCFESFERG|0.0
Q13131|Q92954_CCPDYESFC|0.0
Q13131|Q92954_PDYESFCAE|0.0
Q13131|Q92954_TTKRSPKPP|0.0
Q13131|Q92954_QESSSSSSS|0.0
Q13131|Q92954_ESSSSSSSS|0.0
Q13131|Q92954_SSSSSSSSS|0.0
Q13131|Q92954_VNKETTVET|0.0
Q13131|Q92954_NKETTVETK|0.0
Q13131|Q92954_TTVETKETT|0.0
Q13131|Q92954_GPALTTPKE|0.0
Q13131|Q92954_PALTTPKEP|0.0
Q13131|Q92954_PKEPTPTTP|0.0
Q13131|Q92954_EPTPTTPKE|0.0
Q13131|Q92954_EPTPTTIKS|0.0
Q13131|Q92954_SAPTTPKEP|0.0
Q13131|Q92954_APTTTKSAP|0.0
Q13131|Q92954_TTTKSAPTT|0.0
Q13131|Q92954_KSAPTTPKE|0.0
Q13131|Q92954_EPAPTTPKK|0.0
Q13131|Q92954_PAPTTPKKP|0.0
Q13131|Q92954_KPAPTTPKE|0.0
Q13131|Q92954_EPAPTTPKE|0.0
Q13131|Q92954_APTTTKEPS|0.0
Q13131|Q92954_PSPTTPKEP|0.0
Q13131|Q92954_PAPTTPKEP|0.0
Q13131|Q92954_APTTTKKPA|0.0
Q13131|Q92954_PAPTTPKET|0.0
Q13131|Q92954_PKKLTPTTP|0.0
Q13131|Q92954_LTPTTPEKL|0.0
Q13131|Q92954_ELAPTTPEE|0.0
Q13131|Q92954_LAPTTPEEP|0.0
Q13131|Q92954_PTPTTPEEP|0.0
Q13131|Q92954_KPAPTTPKG|0.0
Q13131|Q92954_PAPTTPKGT|0.0
Q13131|Q92954_TPKGTAPTT|0.0
Q13131|Q92954_GTAPTTPKE|0.0
Q13131|Q92954_TAPTTPKEP|0.0
Q13131|Q92954_LAPTTTKGP|0.0
Q13131|Q92954_PTSTTSDKP|0.0
Q13131|Q92954_TSTTSDKPA|0.0
Q13131|Q92954_PAPTTPETP|0.0
Q13131|Q92954_TPPPTTSEV|0.0
Q13131|Q92954_SEVSTPTTT|0.0
Q13131|Q92954_TKEPTTIHK|0.0
Q13131|Q92954_KEPTTIHKS|0.0
Q13131|Q92954_PTTKTPAAT|0.0
Q13131|Q92954_PETTTAAPK|0.0
Q13131|Q92954_APKMTKETA|0.0
Q13131|Q92954_MTKETATTT|0.0
Q13131|Q92954_TTEKTTESK|0.0
Q13131|Q92954_ESKITATTT|0.0
Q13131|Q92954_KITATTTQV|0.0
Q13131|Q92954_TATTTQVTS|0.0
Q13131|Q92954_TQVTSTTTQ|0.0
Q13131|Q92954_TTLKTTTLA|0.0
Q13131|Q92954_VNPKSEDAG|0.0
Q13131|Q92954_KPDGYDYYA|0.0
Q13131|Q92954_GQTLSKVWY|0.0
Q13131|Q92954-5_TLPIYLLLL|0.0
Q13131|Q92954-5_LLLLSVFVI|0.0
Q13131|Q92954-5_SQELSCKGR|0.0
Q13131|Q92954-5_EPTPTTIKS|0.0
Q13131|Q92954-5_SAPTTPKEP|0.0
Q13131|Q92954-5_APTTTKSAP|0.0
Q13131|P49643_KLLKSVENL|0.043
Q13131|P49643_NLGVSYVKG|0.675
Q13131|P49643_LGVSYVKGT|0.726
Q13131|P49643_RDHISHFIL|0.0
Q13131|P49643_GRKVYLEDG|0.244
Q13131|P49643_DGFAYVPLK|0.0
Q13131|P49643_SNPPSQGDY|0.001
Q13131|P49643_PFRHSDPEL|0.0
Q13131|P49643_QKLQSYKIS|0.287
Q13131|P49643_KLQSYKISP|0.0
Q13131|P49643_SYKISPGGI|0.255
Q13131|P49643_PGGISQILD|0.0
Q13131|P49643_QPKPSVQKT|0.583
Q13131|P49643_KDASSALAS|0.0
Q13131|P49643_SALASLNSS|0.0
Q13131|P49643_ASLNSSLEM|0.001
Q13131|Q9BYK8_GDLLTPPAP|0.316
Q13131|Q9BYK8_SSVASGPIS|0.5
Q13131|Q9BYK8_PISPTNYRQ|0.555
Q13131|Q9BYK8_VLICTHTNS|0.798
Q13131|Q9BYK8_HVAGSPDRD|0.002
Q13131|Q9BYK8_VQEAYNTWP|0.175
Q13131|Q9BYK8_RVLNTVLTR|0.277
Q13131|Q9BYK8_CRMDTWDPR|0.173
Q13131|Q9BYK8_SDQATITKV|0.471
Q13131|Q9BYK8_QKYHTELGR|0.003
Q13131|Q9BYK8_HRLRSDCFY|0.0
Q13131|Q9BYK8_SDCFYEQPD|0.291
Q13131|Q9BYK8_RTQDYEQMV|0.002
Q13131|Q9BYK8_APTASPRPG|0.421
Q13131|Q9BYK8_APNPYSSEI|0.0
Q13131|Q9BYK8_PNPYSSEIK|0.43
Q13131|Q9BYK8_NPYSSEIKA|0.582
Q13131|Q96MT3_QRSSTSDDD|0.0
Q13131|Q96MT3_RYCQSLSEE|0.473
Q13131|Q96MT3_SLLLSPALN|0.188
Q13131|Q96MT3_LDDLSLSRQ|0.858
Q13131|Q96MT3_EHWISDNMV|0.0
Q13131|Q96MT3_NMVKSKTEL|0.397
Q13131|Q96MT3_PGPASSRRL|0.0
Q13131|Q96MT3_GPASSRRLQ|0.571
Q13131|Q96MT3_ESLKSLSSE|0.604
Q13131|Q96MT3_KSLSSELCP|0.948
Q13131|Q96MT3_RRSKSQSRP|0.385
Q13131|Q96MT3_QPPMSERTR|0.451
Q13131|Q96MT3_EERGSRSHH|0.176
Q13131|Q96MT3_RSRKSRSDN|0.992
Q13131|Q96MT3_RKSRSDNAL|0.919
Q13131|Q96MT3_LNLVTERKY|0.677
Q13131|Q7Z3G6_PYVNSPGEK|0.0
Q13131|Q7Z3G6_DGKIYCGRH|0.003
Q13131|Q7Z3G6_DPNGSDSSD|0.0
Q13131|Q7Z3G6_QLQVSSNRL|0.042
Q13131|Q7Z3G6_NIRTSYSPG|0.0
Q13131|Q7Z3G6_SLAMTGHAG|0.0
Q13131|Q7Z3G6_GHAGSFIKE|0.0
Q13131|Q7Z3G6_CREDYYPGR|0.0
Q13131|Q7Z3G6_REDYYPGRL|0.0
Q13131|Q7Z3G6_RSQESYSDM|0.0
Q13131|Q7Z3G6_EGGLSTQQC|0.0
Q13131|Q7Z3G6_GGLSTQQCR|0.0
Q13131|Q7Z3G6_TEDMTPTEQ|0.0
Q13131|Q7Z3G6_PTEQTPRGS|0.0
Q13131|Q7Z3G6_TPRGSMESL|0.805
Q13131|Q7Z3G6_LSRFSMPDL|0.242
Q13131|Q7Z3G6_SEKLSNMGT|0.001
Q13131|Q7Z3G6_SNMGTLNSS|0.0
Q13131|Q7Z3G6_LHQLSNPIG|0.0
Q13131|Q7Z3G6_RMHQSFDFD|0.0
Q13131|Q7Z3G6_GMAGSKLPG|0.0
Q13131|Q7Z3G6_IQPMSERTR|0.0
Q13131|Q7Z3G6_RSRRSRSDN|0.021
Q13131|Q7Z3G6_RRSRSDNAL|0.122
Q13131|Q7Z3G6_MRQRSFQES|0.042
Q13131|Q7Z3G6_MGHGSRRDL|0.748
Q13131|Q7Z3G6_QCPRTVSDL|0.0
Q13131|Q7Z3G6_PRTVSDLAL|0.317
Q13131|Q7Z3G6_RYVTSDELL|0.0
Q13131|Q7Z3G6_LLHKYSSYG|0.0
Q13131|Q2TBC4_KPGEYGVFA|0.0
Q13131|P49642_RRCCSSADI|0.127
Q13131|P49642_RCCSSADIC|0.299
Q13131|P49642_SAVRSGIVE|0.428
Q13131|P49642_VEYLSLVKG|0.626
Q13131|P49642_FIRKSINII|0.579
Q13131|P49642_DINVSKGIN|0.933
Q13131|P49642_HLLKSPFSV|0.814
Q13131|P49642_TGRISVPID|0.559
Q13131|P49642_LDAISTNEE|0.653
Q13131|P49642_DAISTNEEE|0.0
Q13131|P49642_DYKKTSLAP|0.306
Q13131|P49642_YKKTSLAPY|0.004
Q13131|P49642_SLAPYVKVF|0.326
Q13131|Q86XR5_ENGTSVAEY|0.0
Q13131|Q86XR5_SVAEYPMSA|0.0
Q13131|Q86XR5_EYPMSASQS|0.0
Q13131|Q86XR5_SASQSNKGV|0.0
Q13131|Q96LW4_RPRLSKPEE|0.0
Q13131|Q96LW4_EDDDSAPET|0.0
Q13131|Q96LW4_SAEQSSPDL|0.0
Q13131|Q96LW4_AEQSSPDLS|0.0
Q13131|Q96LW4_SIGTSVETI|0.0
Q13131|Q96LW4_HFVLSLVNK|0.847
Q13131|Q96LW4_PHKPSPSRL|0.485
Q13131|Q96LW4_LSYNSEVDE|0.331
Q13131|Q969G5_GLAGSVRRI|0.794
Q13131|Q969G5_SHDTTSNTL|0.11
Q13131|Q969G5_EVPASAFQK|0.008
Q13131|Q969G5_GPGRSAEAQ|0.343
Q13131|P14314_KERESLQQM|0.0
Q13131|P14314_PPPLSPPQP|0.022
Q13131|P14314_PQPASPAEE|0.0
Q13131|P14314_TTNEYVYRL|0.008
Q13131|P14314_FKLVSQKPK|0.0
Q13131|P14314_KLGGSPTSL|0.478
Q13131|P14314_TSLGTWGSW|0.002
Q13131|P14314_GTWGSWIGP|0.0
Q13131|P14314_MVTSTTEPS|0.0
Q13131|P14314_TTEPSRCEY|0.144
Q13131|Q15139_NVSLTGVST|0.0
Q13131|Q15139_AELSTSAPD|0.0
Q13131|Q15139_ELSTSAPDE|0.0
Q13131|Q15139_LLQKSPSES|0.0
Q13131|Q15139_SPSESFIGR|0.0
Q13131|Q15139_REKRSNSQS|0.0
Q13131|Q15139_CQNDSGEMQ|0.0
Q13131|Q15139_DANRTISPS|0.083
Q13131|Q15139_ISPSTSNNI|0.103
Q13131|Q15139_RKSSTVMKE|0.641
Q13131|Q15139_RKRHYWRLD|0.0
Q13131|Q15139_NDTGSRYYK|0.485
Q13131|Q15139_IPKGSSVGT|0.352
Q13131|Q15139_PKGSSVGTG|0.573
Q13131|Q15139_GTPAYLAPE|0.0
Q13131|Q15139_NPSASHSDT|0.0
Q13131|Q15139_SASHSDTPE|0.0
Q13131|Q9BZL6_KHDPTSANL|0.0
Q13131|Q9BZL6_RCAFSIPNN|0.0
Q13131|Q9BZL6_PNNCSGARK|0.0
Q13131|Q9BZL6_VRLGTSESL|0.006
Q13131|Q9BZL6_RLGTSESLP|0.0
Q13131|Q9BZL6_ELSRSTTEL|0.476
Q13131|Q9BZL6_SRSTTELLP|0.0
Q13131|Q9BZL6_RPPSSSSSS|0.0
Q13131|Q9BZL6_PPSSSSSSS|0.0
Q13131|Q9BZL6_PSSSSSSSA|0.0
Q13131|Q9BZL6_SSSSSSASS|0.0
Q13131|Q9BZL6_SSSSSASSY|0.0
Q13131|Q9BZL6_SSASSYTGR|0.0
Q13131|Q9BZL6_SASSYTGRP|0.0
Q13131|Q9BZL6_LIHSYTRPT|0.018
Q13131|Q9BZL6_PGSHSENAL|0.087
Q13131|Q9BZL6_ALHASEEEE|0.465
Q13131|Q9BZL6_GKAQSSLGY|0.473
Q13131|Q9BZL6_SSLGYIPLM|0.0
Q13131|Q9BZL6_RVVQSVRHT|0.297
Q13131|Q9BZL6_SVRHTTRKS|0.0
Q13131|Q9BZL6_VRHTTRKSS|0.0
Q13131|Q9BZL6_TTRKSSTTL|0.615
Q13131|Q9BZL6_KSSTTLREG|0.0
Q13131|Q9BZL6_SNKDTLRKR|0.0
Q13131|Q9BZL6_CMFETPEKV|0.0
Q13131|O94806____MSANNS|0.0
Q13131|O94806_SSPKTGLSA|0.0
Q13131|O94806_NGSFSAPSL|0.0
Q13131|O94806_IPSWSGRPI|0.0
Q13131|O94806_KRCASKVPR|0.0
Q13131|O94806_GLDDTEEPS|0.0
Q13131|O94806_EAVKTISPS|0.0
Q13131|O94806_RVVQSIKHT|0.0
Q13131|O94806_KRKSSTMVK|0.555
Q13131|O94806_SKCLTLFQN|0.008
Q13131|O94806_SGSKYYKEI|0.0
Q13131|O94806_EIPLSEILR|0.0
Q13131|O94806_GTPAYLAPE|0.0
Q13131|Q9H875___MASPAAS|0.347
Q13131|Q9H875_VMGSSAGAG|0.715
Q13131|Q9H875_AGAGSGEFH|0.804
Q13131|Q9H875_EFHVYRHLR|0.465
Q13131|Q9H875_RRREYQRQD|0.121
Q13131|O43422_LEDKTPDQL|0.0
Q13131|O43422_KHFETSMIC|0.0
Q13131|O43422_NNPHSRHRK|0.02
Q13131|O43422_IKELSEDEI|0.641
Q13131|O43422_AQNPSEEEG|0.813
Q13131|O43422_RGQAYIVSS|0.002
Q13131|O43422_KVVASRLLE|0.0
Q13131|O43422_FAAGSLTAV|0.0
Q13131|O43422_AGSLTAVLH|0.232
Q13131|O43422_KETLSVPTV|0.002
Q13131|O43422_KDIFSEQHL|0.0
Q13131|O43422_LKCLSLVPS|0.553
Q13131|O43422_SLVPSVMGQ|0.201
Q13131|O43422_PTDNSETVE|0.001
Q13131|P51817_LVDRTWTLC|0.653
Q13131|P51817_DRTWTLCGT|0.985
Q13131|P51817_TLCGTPEYL|0.805
Q13131|P51817_RWFRSVDWE|0.851
Q13131|O43930_LVDRTWTLC|0.001
Q13131|O43930_DRTWTLCGT|0.001
Q13131|O43930_TLCGTPEYL|0.0
Q13131|P81277_THRHSMEIR|0.0
Q13131|P16471_FKILSLHPG|0.001
Q13131|P16471_PGQKYLVQV|0.449
Q13131|P16471_GSCDSPSLL|0.492
Q13131|P16471_CDSPSLLSE|0.0
Q13131|P16471_PSLLSEKCE|0.016
Q13131|P16471_KPLDYVEIH|0.683
Q13131|P16471_DGALSLLPK|0.714
Q13131|P16471_TATSSKCRL|0.398
Q13131|P04554_HVEVYERTH|0.506
Q13131|Q99873_LEEVSCGQA|0.0
Q13131|Q99873_TSKDYYFDS|0.321
Q13131|Q99873_SKDYYFDSY|0.0
Q13131|Q99873_IECSSISDY|0.477
Q13131|Q99873_RATLYVTAI|0.315
Q13131|Q99873_TLYVTAIED|0.349
Q13131|Q99873_EVDIYTVKV|0.002
Q13131|Q99873_ESPYTHWKQ|0.0
Q13131|Q99873_HWKQTVFYM|0.032
Q13131|Q99873-2_GQAESSEKP|0.0
Q13131|P55345_AIADYAATD|0.001
Q13131|O60678___MCSLASG|0.812
Q13131|O60678_RDFIYQNPH|0.005
Q13131|O60678_WDDVYGFKM|0.002
Q13131|O60678_LNNSTQTYG|0.068
Q13131|O60678_NSTQTYGLQ|0.561
Q13131|O14744_DLLLSGRDW|0.732
Q13131|O14744_IRRNSEAAM|0.806
Q13131|O14744_EFCSYLQYL|0.462
Q13131|O14744_SYLQYLEYL|0.254
Q13131|O14744_QYLEYLSQN|0.534
Q13131|O14744_DYLQSPLQP|0.474
Q13131|O14744_PIKYSQYQQ|0.824
Q13131|O14744_QQAIYKCLL|0.491
Q13131|Q96LA8_RKLESGGGG|0.0
Q13131|Q96LA8_VKQHYGVDM|0.0
Q13131|Q96LA8_EGFATRCLM|0.012
Q13131|Q96LA8_QALLYLNEP|0.0
Q13131|Q9NVM4_EDEHYDYHQ|0.0
Q13131|Q9NVM4_EHYDYHQEI|0.0
Q13131|Q9NVM4_LDIGTGTGL|0.0
Q13131|Q9NR22_EWMGYCLFY|0.0
Q13131|Q9NR22_YCLFYESML|0.0
Q13131|Q9NR22_RAALYVVAI|0.0
Q13131|Q9NR22_EVDIYTVKT|0.0
Q13131|Q6P2P2_TGILSMFAK|0.416
Q13131|Q6P2P2_VKFQSPAYS|0.002
Q13131|Q6P2P2_DTEETIEPY|0.379
Q13131|Q6P2P2_AVQGTERTL|0.452
Q13131|P04156_GGSRYPGQG|0.313
Q13131|P04156_FGSDYEDRY|0.105
Q13131|E7EW31_RLSVSAQNS|0.645
Q13131|E7EW31_LLLRTGSLD|0.104
Q13131|E7EW31_LRTGSLDES|0.003
Q13131|E7EW31_SLDESLGPL|0.0
Q13131|E7EW31_GFVQTALAR|0.0
Q13131|E7EW31_ARKLSPEAP|0.0
Q13131|E7EW31_APAPSSATF|0.0
Q13131|E7EW31_PAPSSATFG|0.0
Q13131|E7EW31_EARKTRFPR|0.0
Q13131|E7EW31_QRARSPPFE|0.0
Q13131|E7EW31_VRPRSPSPP|0.0
Q13131|E7EW31_PRSPSPPRQ|0.0
Q13131|E7EW31_PRCPSPQNL|0.176
Q13131|E7EW31_ERSPSLEAP|0.0
Q13131|E7EW31_DGRTSPLGG|0.002
Q13131|E7EW31_SSQRSPVGP|0.0
Q13131|E7EW31_AGVRSPRPG|0.001
Q13131|E7EW31_PRPGSPQMQ|0.0
Q13131|E7EW31_QASPSPGIA|0.0
Q13131|E7EW31_PRAASAPPT|0.0
Q13131|E7EW31_SAPPTDRSP|0.0
Q13131|E7EW31_RSPQSPSQG|0.264
Q13131|E7EW31_PQSPSQGAR|0.0
Q13131|E7EW31_ESGRYYFVE|0.0
Q13131|E7EW31_SGRYYFVEA|0.0
Q13131|Q8NCQ7_IERWTKEKT|0.0
Q13131|Q8NCQ7_PPDVSRSLS|0.0
Q13131|Q8NCQ7_SRSLSARQL|0.0
Q13131|Q8NCQ7-2_PKARSWDES|0.0
Q13131|Q9UF12_SLELSPERL|0.44
Q13131|Q9UF12_TQPDYEATS|0.543
Q13131|P07737_MADGTCQDA|0.014
Q13131|P07737_AIVGYKDSP|0.565
Q13131|P07737_GYKDSPSVW|0.424
Q13131|P07737_KDSPSVWAA|0.004
Q13131|P07737_VPGKTFVNI|0.782
Q13131|P07737_FVNITPAEV|0.0
Q13131|P07737_RSSFYVNGL|0.858
Q13131|P07737_VNGLTLGGQ|0.82
Q13131|P07737_VIRDSLLQD|0.917
Q13131|P07737_MDLRTKSTG|0.65
Q13131|P07737_RTKSTGGAP|0.812
Q13131|P07737_GGAPTFNVT|0.096
Q13131|P07737_TFNVTVTKT|0.765
Q13131|P07737_NVTVTKTDK|0.749
Q13131|P07737_TVTKTDKTL|0.857
Q13131|P07737_YEMASHLRR|0.5
Q13131|P07737_RRSQY____|0.418
Q13131|P35080_IRTKSQGGE|0.787
Q13131|P35080_GGEPTYNVA|0.273
Q13131|P35080-2_VHGGTLNKK|0.0
Q13131|P35080-2_NKKAYELAL|0.0
Q13131|P35080-2_ELALYLRRS|0.0
Q13131|Q8NHR9____MSHLQS|0.0
Q13131|Q8NHR9_SHLQSLLLD|0.0
Q13131|P58294_ATRVSIMLL|0.59
Q13131|P58294_LVTVSDCAV|0.563
Q13131|P58294_CAVITGACE|0.0
Q13131|Q8NFJ6_GSKSSADLD|0.0
Q13131|Q8NFJ6_LDLRTNGVP|0.088
Q13131|Q8NFJ6_NGVPTTEEV|0.0
Q13131|Q8N271_AEHLTFTPA|0.0
Q13131|Q8N271_HLTFTPAAR|0.0
Q13131|Q8N271_FAVKTSKYF|0.0
Q13131|Q8N271_AVKTSKYFR|0.0
Q13131|Q8N271_KTSKYFRPI|0.0
Q13131|Q8N271_RKRLSSTSS|0.895
Q13131|Q8N271_KRLSSTSSE|0.642
Q13131|Q8N271_RLSSTSSEE|0.85
Q13131|Q8N271_LSSTSSEET|0.0
Q13131|Q8N271_SSTSSEETQ|0.676
Q13131|Q8N271_SSEETQLFH|0.0
Q13131|O75360_LARDTGLSE|0.0
Q13131|O75360_DTGLSEARI|0.0
Q13131|O15091_GIVSYDLLV|0.31
Q13131|O15091_MKARYKTLE|0.0
Q13131|O15091_ARYKTLEPR|0.0
Q13131|O15091_EPRGYSLLI|0.042
Q13131|O15091_PRGYSLLIR|0.02
Q13131|O15091_DILSYLRNN|0.0
Q13131|O15091_SPEEYECLK|0.0
Q13131|Q9H606_MMRRSPSGL|0.0
Q13131|Q9H606_SPRVSQGRK|0.0
Q13131|P07225_NDPETDYFY|0.0
Q13131|P07225_ARQSTNAYP|0.0
Q13131|P07225_PDQCSPLPC|0.0
Q13131|P07225_LCVNYPGGY|0.0
Q13131|P07225_GYTCYCDGK|0.0
Q13131|O60299_AKLETLPVR|0.0
Q13131|O60299_GGGGSQGSF|0.0
Q13131|O60299_GRYPSEDKG|0.0
Q13131|O60299_KNFHSMQNL|0.0
Q13131|O60299_PAGGSGSGL|0.0
Q13131|O60299_YGSGSGGSS|0.0
Q13131|O60299_GGSGYQDLG|0.0
Q13131|O60299_QDLGTSDSG|0.0
Q13131|O60299_GTSDSGRAS|0.0
Q13131|O60299_SKSGSSSSM|0.0
Q13131|O60299_CSPPSPSAL|0.0
Q13131|O60299_SLRDSFSSK|0.0
Q13131|O60299_GGASTPTPQ|0.0
Q13131|O60299_KKAWTPSRL|0.001
Q13131|O60299_ERIESTEI_|0.0
Q13131|O94903_FGENYVQEL|0.0
Q13131|O94903_KVNSSWQRK|0.656
Q13131|O94903_QRKGSPERL|0.0
Q13131|O94903_QINTSGEES|0.0
Q13131|O94903_SGEESKHGL|0.0
Q13131|O94903_RIGSTIFGE|0.07
Q13131|O94903_GERDYSKKP|0.0
Q13131|O94903_ERDYSKKPT|0.002
Q13131|O94903_SKKPTPDKC|0.0
Q13131|Q86XN7_IFPGTPLKK|0.0
Q13131|Q86XN7_SAIPTPQRT|0.0
Q13131|Q86XN7_VMIKTEPTS|0.0
Q13131|Q86XN7_KTEPTSPTP|0.0
Q13131|Q86XN7_PTSPTPSAF|0.0
Q13131|Q86XN7_PSYPSAPGT|0.0
Q13131|Q86WR7_NSDTSPSCR|0.483
Q13131|Q86WR7_LRAFSRGGS|0.927
Q13131|Q86WR7_SRGGSLESR|0.892
Q13131|Q86WR7_LDDESLKYL|0.505
Q13131|Q86WR7_ESLKYLTHE|0.285
Q13131|Q86WR7_PAPETLLAP|0.428
Q13131|Q86WR7_RLLRSVPTP|0.391
Q13131|Q86WR7_RSVPTPLVM|0.537
Q13131|Q86WR7_GEWRTPAAR|0.155
Q13131|Q86WR7_RGPRSGDPG|0.493
Q13131|Q86WR7_GPGPSHPAQ|0.286
Q13131|Q86WR7_RARQSFPGP|0.941
Q13131|Q86WR7_PQGITVQFA|0.0
Q13131|Q86WR7_LLRESS___|0.685
Q13131|Q86WR7_LRESS____|0.449
Q13131|Q2NL68_SIQDSPFGD|0.0
Q13131|Q2NL68_GRSHYWPSQ|0.0
Q13131|Q2NL68_SQSQTWCPK|0.0
Q13131|Q2NL68_RAPASPAPA|0.0
Q13131|Q2NL68_VPPLTPALR|0.0
Q13131|Q2NL68_EATPSPGAC|0.0
Q13131|Q2NL68_EVPLSPAEQ|0.0
Q13131|Q2NL68_LGSWSPPAG|0.0
Q13131|Q2NL68_PPAGSPPRS|0.0
Q13131|Q2NL68_SPPRSPRRL|0.0
Q13131|Q2NL68_REGDSLEAR|0.0
Q13131|P00734_MTPRSEGSS|0.084
Q13131|P00734_ATSEYQTFF|0.0
Q13131|P00734_RTFGSGEAD|0.0
Q13131|P00734_SRTRYERNI|0.004
Q13131|P85299_LKFMSSPSL|0.0
Q13131|P85299_KFMSSPSLS|0.0
Q13131|P85299_MSSPSLSDL|0.0
Q13131|P85299_LLRRSRSGD|0.325
Q13131|P85299_PVVRSKSYN|0.354
Q13131|P85299_VRSKSYNTP|0.0
Q13131|P85299_KSYNTPLLN|0.0
Q13131|P85299_AGGTSIRRH|0.0
Q13131|P85299_IRRHSVSEM|0.0
Q13131|P85299_RHSVSEMTS|0.0
Q13131|P85299_TFRSSPAPH|0.0
Q13131|P85299_LPRSSPENL|0.0
Q13131|P85299_QILESVDSD|0.0
Q13131|P85299_RGRGSGMSD|0.0
Q13131|P85299_GSGMSDLEG|0.0
Q13131|P85299_DLEGSGGRQ|0.0
Q13131|Q6MZQ0_PRFMSSPVL|0.99
Q13131|Q6MZQ0_RFMSSPVLS|0.587
Q13131|Q6MZQ0_FITDYFQNQ|0.705
Q13131|Q6MZQ0_LLAQSKLPS|0.911
Q13131|Q6MZQ0_SGDRSFSGP|0.0
Q13131|Q6MZQ0_DRSFSGPTY|0.022
Q13131|Q6MZQ0_FSGPTYTLA|0.179
Q13131|Q6MZQ0_GPTYTLARR|0.56
Q13131|Q6MZQ0_LNCASLS__|0.574
Q13131|Q92786_RANSYEDAM|0.0
Q13131|Q92786_FPGATIISQ|0.52
Q13131|Q92786_ATIISQLLK|0.535
Q13131|Q92786_SHSPSVALR|0.814
Q13131|Q92786_MAPQSVSPR|0.731
Q13131|Q92786_RAQDSVGRS|0.991
Q13131|Q92786_VKVFSAKPS|0.63
Q13131|Q92786_HHPCSPAHP|0.61
Q13131|Q92786_GLSLSLIKS|0.722
Q13131|Q3B8N5_GGCGTGKGP|0.0
Q13131|Q3B8N5_KRLDSPRYP|0.0
Q13131|Q3B8N5_LLKVYFPDV|0.0
Q13131|P22891_TAKCSLLHR|0.001
Q13131|P22891_YCERSSVAA|0.0
Q13131|P22891_CERSSVAAM|0.0
Q13131|Q13523_QNKHSRHKK|0.001
Q13131|Q13523_NRSSTRSSS|0.0
Q13131|Q13523_SSTRSSSTK|0.215
Q13131|Q13523_STRSSSTKG|0.0
Q13131|Q13523_RSSSTKGKL|0.325
Q13131|Q13523_TKKRSKSRS|0.54
Q13131|Q13523_TRHRSDKKK|0.014
Q13131|Q13523_DKKKSKGGI|0.673
Q13131|Q13523_LRRRSQEKI|0.0
Q13131|Q13523_NESRSRDRG|0.486
Q13131|Q13523_KDASSGKEN|0.0
Q13131|Q13523_KENRSPSRR|0.029
Q13131|Q13523_SSPRTRPRD|0.0
Q13131|Q13523_PRRRSRSPR|0.0
Q13131|Q13523_RRSRSKVKE|0.863
Q13131|Q13523_KFKGSLSEG|0.692
Q13131|Q13523_KGSLSEGMK|0.0
Q13131|Q13523_TFEASVKAK|0.5
Q13131|Q13523_MFTESDDMF|0.588
Q13131|Q13523_MFAAYFDSA|0.005
Q13131|Q13523_AYFDSARLR|0.112
Q13131|Q13523_DAEGYYRVN|0.628
Q13131|Q13523_KAVRSYSQQ|0.495
Q13131|Q13523_CDFGSASHV|0.013
Q13131|Q13523_FGSASHVAD|0.483
Q13131|Q13523_VSRFYRAPE|0.0
Q13131|Q99633_EEEAYFERC|0.0
Q13131|Q99633_QKPLTSSNP|0.0
Q13131|Q99633_KPLTSSNPV|0.0
Q13131|Q99633_IEILTPEVN|0.0
Q13131|Q99633_LNDETQRKY|0.0
Q13131|Q9UMS4____MSLICS|0.0
Q13131|Q9UMS4_HPCVSPVSN|0.11
Q13131|Q9UMS4_ATVLTTERK|0.0
Q13131|Q9UMS4_TVLTTERKK|0.002
Q13131|Q9UMS4_KRGKTVPEE|0.644
Q13131|Q9UMS4_DLVFSASPD|0.0
Q13131|Q9UMS4_VFSASPDAT|0.0
Q13131|Q9UMS4_VPNASCVQV|0.0
Q13131|Q9UMS4_SENGYYLAT|0.526
Q13131|Q9UMS4_LKFYSL___|0.042
Q13131|O43395_DSEISKESS|0.0
Q13131|O43395_PGMLTKLQI|0.696
Q13131|O43395_PIGNTIQPS|0.0
Q13131|O43395_HRMPTLKAN|0.0
Q13131|O43395_VDNDTPVTL|0.548
Q13131|O43395_KVRISNLMR|0.539
Q13131|Q8WWY3_KIEEYISKQ|0.0
Q13131|Q8WWY3_AAPEYRVIV|0.0
Q13131|Q8WWY3_KHRIYEYVE|0.033
Q13131|Q8WWY3_RIYEYVESR|0.0
Q13131|Q8WWY3_PHTGYIYHS|0.824
Q13131|Q8WWY3_ARVDSFHES|0.863
Q13131|Q8WWY3_EEDAYQEDL|0.0
Q13131|Q8WWY3_RVRQTQVNE|0.554
Q13131|Q8WWY3_VNEATKARI|0.001
Q13131|Q8WWY3_QSVVYGGKS|0.495
Q13131|Q8WWY3_ANQKYFSSM|0.0
Q13131|Q8WWY3_QKYFSSMAE|0.003
Q13131|Q8WWY3_KGEKSGLMS|0.453
Q13131|Q8WWY3_SGLMST___|0.438
Q13131|Q8WWY3_GLMST____|0.0
Q13131|Q8NAV1_SIHGTNPQY|0.649
Q13131|Q8NAV1_HRRRSYRDL|0.669
Q13131|Q8NAV1_PKRRSPSPR|0.442
Q13131|Q8NAV1_RRSPSPRRE|0.484
Q13131|Q8NAV1_RRHRSRSRD|0.394
Q13131|Q8NAV1_HRSRSRDRR|0.622
Q13131|Q8NAV1_RRHRSRSKS|0.752
Q13131|Q5VTL8_TNILSSPYF|0.104
Q13131|Q5VTL8_NILSSPYFK|0.545
Q13131|Q5VTL8_VDEIYFKVT|0.014
Q13131|Q5VTL8_TDSPYIRAL|0.012
Q13131|Q5VTL8_ERRRSRSPR|0.001
Q13131|Q5VTL8_RRSRSPRRS|0.0
Q13131|Q5VTL8_SPRRSRSRS|0.0
Q13131|Q5VTL8_RRSRSRSHH|0.828
Q13131|Q5VTL8_SRSRSHHRE|0.003
Q13131|Q5VTL8_HRSRSRSRD|0.037
Q13131|Q5VTL8_SRSRSRDRK|0.331
Q13131|Q5VTL8_SQGRTDSVE|0.01
Q13131|Q5VTL8_SVEKSKKRE|0.015
Q13131|Q5VTL8_KRSRSKERS|0.036
Q13131|Q86UA1_IMNVTEMEQ|0.516
Q13131|Q86UA1_SPDDSPNVN|0.0
Q13131|Q86UA1_TIRGTFEHA|0.0
Q13131|Q86UA1_RDLLTGEQF|0.042
Q13131|Q86UA1_NLPKSRKVL|0.526
Q13131|Q86UA1_AVHGSLPIK|0.027
Q13131|O43172_KPHIYYGSL|0.466
Q13131|O43172_PHIYYGSLE|0.0
Q13131|O43172_IYYGSLEEK|0.107
Q13131|O43172_SKEEYQQTW|0.0
Q13131|O43172_YCHFSPNSK|0.0
Q13131|O94906_APLGYVPGL|0.565
Q13131|O94906_ADAIYAALD|0.0
Q13131|O94906_LAEVTEEEW|0.0
Q13131|O94906_RNPRYEKLT|0.292
Q13131|O94906_ENHTSVDPR|0.147
Q13131|O94906_GGLNTPYPG|0.395
Q13131|O94906_PGGMTPGLM|0.537
Q13131|O94906_PGLMTPGTG|0.476
Q13131|O94906_SDSVSGQTV|0.333
Q13131|O94906_QPGDTAKAV|0.236
Q13131|O94906_HLPQSVRIY|0.687
Q13131|O94906_VKLESENDE|0.466
Q13131|O94906_ALRHYEDFP|0.0
Q13131|O94906_LWLESVRLE|0.718
Q13131|O94906_NIANTLMAK|0.0
Q13131|O94906_KLFWSQRKI|0.948
Q13131|O94906_QRKITKARE|0.592
Q13131|Q6P2Q9_PDYMSEEKL|0.461
Q13131|Q6P2Q9_GALKYMPHA|0.0
Q13131|Q6P2Q9_DTPLYTDNT|0.0
Q13131|Q6P2Q9_CRQGYNMLN|0.274
Q13131|Q6P2Q9_MRGITPLLE|0.0
Q13131|Q6P2Q9_QRVESHFDL|0.0
Q13131|Q6P2Q9_PGLPTPIEN|0.0
Q13131|Q6P2Q9_MILRYVKAK|0.001
Q13131|Q6P2Q9_IEQAYDNPH|0.0
Q13131|Q6P2Q9_NIADYMTAK|0.0
Q13131|Q6P2Q9_ADYMTAKNN|0.0
Q13131|Q6P2Q9_LFCRYIDRI|0.0
Q13131|Q6P2Q9_LIQRYLTEH|0.0
Q13131|Q6P2Q9_NIVGYNNKK|0.0
Q13131|Q6P2Q9_CRTSYEEFT|0.0
Q13131|Q6P2Q9_LIPQSDLRW|0.031
Q13131|Q6P2Q9_NRRLTLEDL|0.687
Q13131|Q6P2Q9_HTLAYDKGW|0.0
Q13131|Q6P2Q9_GFEESMKWK|0.0
Q13131|Q6P2Q9_NAQRSGLNQ|0.0
Q13131|Q6P2Q9_LEIETVQKE|0.0
Q13131|Q6P2Q9_RWGDYDSHD|0.0
Q13131|Q6P2Q9_NPALYVLRE|0.028
Q13131|Q6P2Q9_ALIRSLPVE|0.402
Q13131|Q6P2Q9_VIKGSELQL|0.0
Q13131|Q6P2Q9_WPTLTDEEW|0.0
Q13131|Q6P2Q9_TKEQSQLTA|0.0
Q13131|Q6P2Q9_EIITSTTSN|0.0
Q13131|Q6P2Q9_TTSNYETQT|0.0
Q13131|Q6P2Q9_TNHIYVSSD|0.0
Q13131|Q6P2Q9_HIYVSSDDI|0.0
Q13131|Q6P2Q9_KETGYTYIL|0.0
Q13131|Q6P2Q9_SPQLSPQDV|0.0
Q13131|Q6P2Q9_ADNPSWDGE|0.0
Q13131|Q6P2Q9_LPSHYERVQ|0.0
Q13131|Q6P2Q9_PNMKYELQL|0.22
Q13131|P23942_ISNRYLDFS|0.0
Q13131|P23942_LDFSSKEVK|0.0
Q13131|Q96S44_ARATTPADG|0.417
Q13131|Q96S44_PQGLSNLAK|0.0
Q13131|Q96S44_GVDLYVLEK|0.002
Q13131|P60891_TKKFSNQET|0.441
Q13131|P60891_VDNLYAEPA|0.395
Q13131|P60891_DKLLSAGAT|0.752
Q13131|P60891_SAGATRVYA|0.507
Q13131|P60891_ATRVYAILT|0.828
Q13131|P60891_HNGESVSYL|0.438
Q13131|P60891_GESVSYLFS|0.034
Q13131|P60891_ESVSYLFSH|0.623
Q13131|P21108_TKKFSNQET|0.439
Q13131|P21108_DKLLSAGAT|0.668
Q13131|P21108_SAGATRVYA|0.491
Q13131|P21108_ATRVYAILT|0.748
Q13131|P21108_AVVVTNTIP|0.677
Q13131|P21108_VVTNTIPQD|0.555
Q13131|P21108_GESVSYLFS|0.004
Q13131|P21108_ESVSYLFSH|0.561
Q13131|P11908_KKDKSRAPI|0.763
Q13131|P11908_VDNLYAEPA|0.395
Q13131|P11908_DMADTCGTI|0.596
Q13131|P11908_DKLLSAGAT|0.836
Q13131|P11908_SAGATKVYA|0.407
Q13131|P11908_ATKVYAILT|0.805
Q13131|P11908_AVVVTNTIP|0.823
Q13131|P11908_HNGESVSYL|0.435
Q13131|P11908_GESVSYLFS|0.328
Q13131|P11908_ESVSYLFSH|0.737
Q13131|Q14558_KSVVYQETN|0.0
Q13131|Q14558_THIITMDLH|0.0
Q13131|Q14558_FLLQYIQEE|0.0
Q13131|Q14558_EIPNYRNAV|0.0
Q13131|Q14558_KRAQSYAER|0.002
Q13131|Q14558_EAQCTELDM|0.703
Q13131|Q14558_ERGAYKIYV|0.0
Q13131|Q14558_AYKIYVMAT|0.0
Q13131|O60256_FSANSNSSC|0.0
Q13131|O60256_KVQVYQEPN|0.343
Q13131|O60256_THLITMDLH|0.002
Q13131|O60256_IVAKSPASA|0.0
Q13131|O60256_KSPASAKRA|0.0
Q13131|O60256_KRAQSFAER|0.996
Q13131|O60256_AIHPSLEIP|0.749
Q13131|Q96HE9_RVGISSIDI|0.001
Q13131|Q96HE9_SIDISQSRS|0.0
Q13131|Q96HE9_CVLITPGDS|0.045
Q13131|Q96HE9_LRKPSLAKA|0.455
Q13131|Q96HE9_KLKKTQSLD|0.0
Q13131|Q96HE9_KKTQSLDEK|0.007
Q13131|Q96HE9_KLIPSPKAR|0.238
Q13131|Q96HE9_METGTGLTP|0.487
Q13131|Q96HE9_TLPLSTSSF|0.0
Q13131|Q96HE9_LPLSTSSFD|0.0
Q13131|Q9ULL5_ASLVYGSSR|0.639
Q13131|Q9ULL5_GPAQTPPYR|0.003
Q13131|Q9ULL5_QTPPYRPGP|0.036
Q13131|Q9ULL5_NLACSPLGG|0.0
Q13131|Q9ULL5_GGEPSPGAG|0.0
Q13131|Q9ULL5_PIIQSPGYK|0.073
Q13131|Q9ULL5_GQAYSPGQP|0.0
Q13131|Q9ULL5_RPLQSPPAT|0.0
Q13131|Q9ULL5_PGVGSPGAP|0.0
Q13131|Q9ULL5_GLGGSGGAG|0.0
Q13131|Q9ULL5_GPPGTPYEL|0.0
Q13131|Q9ULL5_RTSASLDEG|0.044
Q13131|Q9ULL5_EGLATSVVH|0.007
Q13131|Q9ULL5_GPPNSEGKD|0.0
Q13131|Q9ULL5_PAGAYRSPS|0.0
Q13131|Q9ULL5_GAYRSPSPQ|0.352
Q13131|Q9ULL5_YRSPSPQGT|0.0
Q13131|Q9ULL5_SPQGTKAPR|0.0
Q13131|Q9ULL5_CFPDSLLQD|0.0
Q13131|Q9ULL5_AYDPYGPYC|0.0
Q13131|Q9ULL5_AGPETPGLG|0.0
Q13131|Q9ULL5_GLIQSGPHQ|0.0
Q13131|Q9ULL5_GGLTSPIFC|0.184
Q13131|Q9ULL5_SSCRSRPAL|0.0
Q13131|Q9ULL5_RPALSPLGD|0.0
Q13131|Q9ULL5_AGPASASTP|0.007
Q13131|Q9ULL5_ASASTPTDG|0.0
Q13131|Q9ULL5_KIKLSVPKA|0.001
Q13131|Q9ULL5_GDAISGTDH|0.0
Q13131|Q9ULL5_TDHNSLDSS|0.0
Q13131|Q9ULL5_NSLDSSLTR|0.002
Q13131|Q9ULL5_SLDSSLTRE|0.389
Q13131|Q9ULL5_LGCPSPCKR|0.0
Q13131|Q9ULL5_RNLETLPSF|0.0
Q13131|Q9ULL5_ETLPSFSSD|0.127
Q13131|Q9ULL5_KKQETAAVC|0.0
Q13131|Q9ULL5_KNPVSAGGS|0.0
Q13131|Q9ULL5_SAGGSSAPP|0.0
Q13131|Q9ULL5_PPGSSSDSE|0.065
Q13131|Q9ULL5_PGAPSEDER|0.0
Q13131|Q9ULL5_RLLKTRAMR|0.624
Q13131|Q9ULL5_QVEQSGEGS|0.0
Q13131|Q9NZ81_GKHSSSSSS|0.0
Q13131|Q9NZ81_KHSSSSSSS|0.018
Q13131|Q9NZ81_HSSSSSSSS|0.0
Q13131|Q9NZ81_SSSSSSSSS|0.029
Q13131|Q9NZ81_SSSSSSSSD|0.175
Q13131|Q9BWN1_LPGDSSPPG|0.0
Q13131|Q9BWN1_PGDSSPPGQ|0.0
Q13131|Q9BWN1_WGARSPKRP|0.0
Q13131|Q9BWN1_PGAPSPLEK|0.0
Q13131|Q9BWN1_QPPASPPRQ|0.0
Q13131|Q9BWN1_EDIASPRPP|0.0
Q13131|Q9BWN1_VRQPTPPPG|0.0
Q13131|Q9BWN1_PFQPSALPA|0.0
Q13131|Q9BWN1_LELPSTPPP|0.0
Q13131|Q9BWN1_RPRLSPWGL|0.0
Q13131|Q9BWN1_SKLESFADI|0.0
Q13131|Q9BWN1_GRSYSCPDL|0.322
Q13131|Q9BWN1_PRRHTVGGG|0.185
Q13131|Q9BWN1_DQVLSEPET|0.0
Q13131|Q9BWN1_KKEFSLEEI|0.0
Q13131|Q9BWN1_LEEIYTNKN|0.0
Q13131|Q9BWN1_KNYQSPTTR|0.0
Q13131|Q9BWN1_EFRDSSLPR|0.0
Q13131|Q5THK1_CCEETYETL|0.0
Q13131|Q5THK1_CEETYETLD|0.0
Q13131|Q5THK1_LLKRSAEKT|0.001
Q13131|Q5THK1_EPVVSPKEN|0.0
Q13131|Q5THK1_FERKSIVSL|0.0
Q13131|Q5THK1_KSIVSLMPE|0.0
Q13131|Q5THK1_ISPVSEVLK|0.0
Q13131|Q5THK1_LLLPSPEFD|0.0
Q13131|Q5THK1_IKDISPPGN|0.0
Q13131|Q5THK1_KALHSRLRS|0.496
Q13131|Q5THK1_SRLRSNKRE|0.442
Q13131|Q5THK1_RKNVSQENM|0.0
Q13131|Q5THK1_SSKISLQVD|0.0
Q13131|Q5THK1_NSLITKYEN|0.0
Q13131|Q5THK1_SCKVSYTSQ|0.0
Q13131|Q5THK1_CKVSYTSQE|0.0
Q13131|Q5THK1_KVSYTSQER|0.0
Q13131|Q5THK1_VSYTSQERE|0.0
Q13131|Q5THK1_KNVKSVETL|0.581
Q13131|Q5THK1_DKGTSLRET|0.003
Q13131|Q5THK1_RSLKSIEIM|0.0
Q13131|Q5THK1_EIMPSQENS|0.0
Q13131|Q5THK1_VKDCTVLPE|0.0
Q13131|Q5THK1_EKQQSPEVL|0.0
Q13131|Q5THK1_ESCTSPCLL|0.0
Q13131|Q5THK1_SILASKLAP|0.0
Q13131|Q5THK1_YRRCSSELL|0.402
Q13131|Q5THK1_RRCSSELLP|0.496
Q13131|Q5THK1_AIVQTRADC|0.0
Q13131|Q5THK1_RADCSVLGL|0.0
Q13131|Q5THK1_TKKRSFSSH|0.0
Q13131|Q5THK1_KRSFSSHMP|0.0
Q13131|Q5THK1_RSFSSHMPT|0.0
Q13131|Q5THK1_SHMPTMQRL|0.0
Q13131|Q5THK1_KKEFSLEEI|0.0
Q13131|Q5THK1_LEEIYTNKN|0.037
Q13131|Q5THK1_FQDFTVPRK|0.0
Q13131|Q8IV56__MADSGDAG|0.158
Q13131|Q8IV56_GDAGSSGPW|0.0
Q13131|Q8IV56_PWWKSLTNS|0.537
Q13131|Q8IV56_SLTNSRKKS|0.002
Q13131|Q8IV56_SRKKSKEAA|0.0
Q13131|Q8IV56_PAPPSPDWT|0.0
Q13131|Q8IV56_KVRATLLPE|0.0
Q13131|Q8IV56_EAGRSPEEA|0.0
Q13131|Q8N4B5_GLDRTQPPA|0.0
Q13131|A6NJB7_KPSPSPGRA|0.0
Q13131|A6NJB7_FPMPYTSSM|0.0
Q13131|A6NJB7_PMPYTSSMP|0.0
Q13131|A6NJB7_PYTSSMPTA|0.0
Q13131|P86496_ARPESPPPA|0.0
Q13131|P86481_ARPESPPPA|0.0
Q13131|P86479_ARPESPPPA|0.0
Q13131|P86480_ARPESPPPA|0.003
Q13131|P86478_ARPESPPPA|0.0
Q13131|A6NEV1___MGSRPRS|0.0
Q13131|A6NEV1_PRVGSPGPH|0.0
Q13131|Q6ZRT6_MFIPYREGP|0.0
Q13131|P79522_EREETGDEE|0.0
Q13131|P79522_GPRSSPYGR|0.0
Q13131|P79522_RRLKSWSLI|0.0
Q13131|P79522_LKSWSLIKN|0.007
Q13131|P79522_LIKNTCPPK|0.012
Q13131|P79522-2_HQPPTQQQP|0.0
Q13131|P79522-2_EREETGDEE|0.0
Q13131|P79522-2_EEDGSPIAL|0.0
Q13131|Q53SZ7_QYRDTGSGS|0.0
Q13131|Q53SZ7_TGSGSPGVV|0.0
Q13131|Q53SZ7_RCVPSEKDP|0.0
Q13131|Q53SZ7_PVVEYPICL|0.0
Q13131|B1ATL7_AHFHSGGMP|0.001
Q13131|P0CG20_KPYNYKCFQ|0.0
Q13131|P0CG20_RGSTTPRPH|0.001
Q13131|P0CG20_VSPRSPSGT|0.0
Q13131|P0CG20_LPKASPSLT|0.0
Q13131|P0CG20_KASPSLTRF|0.0
Q13131|P0CG20_SPSLTRFCS|0.0
Q13131|P0CG20_TRFCSRSSL|0.0
Q13131|Q9H6K5_PGLLTPRPP|0.0
Q13131|Q9H6K5_RPPGSPRPP|0.0
Q13131|Q9H6K5_PPPVTPAAL|0.0
Q13131|Q9H6K5_TIPESAPRA|0.0
Q13131|Q9H6K5_PAKNTSPGP|0.073
Q13131|Q9H6K5_AKNTSPGPV|0.0
Q13131|Q9H6K5_PGPVSSPGR|0.018
Q13131|Q9H6K5_GPVSSPGRA|0.018
Q13131|Q9H6K5_RGKATEAPK|0.0
Q13131|Q9H6K5_APKRSALSA|0.0
Q13131|Q9H6K5_RSALSAGAR|0.0
Q13131|Q9H6K5_TSGPTPGTP|0.001
Q13131|Q9H6K5_PTPGTPSPA|0.019
Q13131|Q9H6K5_PGTPSPAMA|0.0
Q13131|Q9H6K5_GPRKSVSSA|0.0
Q13131|Q9H6K5_KSVSSASEH|0.004
Q13131|Q9H6K5_TTEPSPAAR|0.0
Q13131|Q9H6K5_RRRPSAGGG|0.057
Q13131|Q9H6K5_SRSLSSSAT|0.024
Q13131|Q9H6K5_RSLSSSATP|0.006
Q13131|Q9H6K5_SSSATPLSS|0.0
Q13131|Q9H6K5_TPLSSPARS|0.0
Q13131|Q9H6K5_PPQVTPPRK|0.003
Q13131|Q9H6K5_LATPSPSGT|0.0
Q13131|Q9H6K5_RRPPTPGPD|0.001
Q13131|Q9H6K5_GPDTSVSGP|0.0
Q13131|Q9H6K5_GAAASPPPD|0.0
Q13131|Q9H6K5_SPGTSGGKA|0.001
Q13131|Q9H6K5_RAALSDAEL|0.0
Q13131|Q16378_HRQLSLPRF|0.0
Q13131|Q8TB68_ELEGSLAGS|0.643
Q13131|Q8TB68_SLAGSPPGL|0.522
Q13131|Q8TB68_RKIVTPFLS|0.427
Q13131|Q8TB68_SRRDSAEKQ|0.511
Q13131|Q8TB68_RVFPSWTDS|0.797
Q13131|Q96M27_VGSTYDITR|0.004
Q13131|Q96M27_RAPQTPLMP|0.526
Q13131|Q96M27_VLDKTKHSV|0.312
Q13131|Q96M27_HSVESMITT|0.56
Q13131|Q96M27_GMAPYIKSG|0.029
Q13131|Q96M27_PYIKSGGEL|0.532
Q13131|Q96M27_NLRWSGLLV|0.003
Q13131|Q96M27_VLEKSLLNV|0.0
Q13131|Q96M27_IAGMYKQRL|0.678
Q13131|Q9Y520_SGQSTKAKD|0.0
Q13131|Q9Y520_DGKKYATLS|0.035
Q13131|Q9Y520_SLFNTYKGK|0.353
Q13131|Q9Y520_LFNTYKGKS|0.0
Q13131|Q9Y520_HGLQSLGKV|0.419
Q13131|Q9Y520_ANLPSLKAE|0.001
Q13131|Q9Y520_EEEKTPEVP|0.0
Q13131|Q9Y520_IQVNSQFQQ|0.0
Q13131|Q9Y520_KEKETNDDN|0.0
Q13131|Q9Y520_NDDNYGPGP|0.028
Q13131|Q9Y520_AGSPSSSDQ|0.002
Q13131|Q9Y520_GSPSSSDQD|0.001
Q13131|Q9Y520_LASQYRAMM|0.0
Q13131|Q9Y520_MFQQYPRMT|0.0
Q13131|Q9Y520_PSWASEPER|0.0
Q13131|Q9Y520_QGSNSPKEN|0.0
Q13131|Q9Y520_TKSSSQIPA|0.0
Q13131|Q9Y520_PAQPSVAKV|0.0
Q13131|Q9Y520_AKVPYGKGP|0.0
Q13131|Q9Y520_QERGTSSHL|0.0
Q13131|Q9Y520_RRQQSEISA|0.001
Q13131|Q9Y520_QSEISAAVE|0.0
Q13131|Q9Y520_EPVFTRQDS|0.0
Q13131|Q9Y520_TRQDSNRSE|0.024
Q13131|Q9Y520_DSNRSEKEA|0.0
Q13131|Q9Y520_EKEATPVVH|0.0
Q13131|Q9Y520_PESGSQPRP|0.0
Q13131|Q9Y520_VLSGYFKQF|0.0
Q13131|Q9Y520_LMMQSYMDP|0.0
Q13131|Q9Y520_MMQSYMDPR|0.004
Q13131|Q9Y520_GSPNSSESF|0.0
Q13131|Q9Y520_DHAISLSEP|0.001
Q13131|Q9Y520_MLWGSDPYP|0.0
Q13131|Q9Y520_GSDPYPHAE|0.0
Q13131|Q9Y520_PQQATTPKA|0.0
Q13131|Q9Y520_QQATTPKAT|0.0
Q13131|Q9Y520_EDVRSEAAL|0.401
Q13131|Q9Y520_QEQITAAYS|0.0
Q13131|Q9Y520_ITAAYSVEH|0.0
Q13131|Q9Y520_TAAYSVEHN|0.0
Q13131|Q9Y520_RPHHTDANN|0.496
Q13131|Q9Y520_ANNQSACFE|0.0
Q13131|Q9Y520_SRKRSVSHG|0.13
Q13131|Q9Y520_KRSVSHGSN|0.508
Q13131|Q9Y520_VSHGSNHTQ|0.0
Q13131|Q9Y520_PEKVYKSKS|0.0
Q13131|Q9Y520_PRPSSNRRE|0.0
Q13131|Q9Y520_EKFPSTETA|0.0
Q13131|Q9Y520_KFPSTETAT|0.0
Q13131|Q9Y520_PSTETATLA|0.0
Q13131|Q9Y520_AQKPSQDTE|0.0
Q13131|Q9Y520_PAVKTVNQQ|0.001
Q13131|Q9Y520_PRPDSRPAV|0.0
Q13131|Q9Y520_KKESTLPPR|0.0
Q13131|Q9Y520_GRGEYYSRG|0.002
Q13131|Q9Y520_GRGHTRDYP|0.0
Q13131|Q9Y520_HTRDYPQYR|0.291
Q13131|Q9Y520_DYPQYRDNK|0.019
Q13131|Q9Y520_EHIPSGPLR|0.0
Q13131|Q9Y520_EESETRSES|0.0
Q13131|Q9Y520_TDTDSEIHE|0.0
Q13131|Q9Y520_EIHESASDK|0.0
Q13131|Q9Y520_HESASDKDS|0.0
Q13131|Q9Y520_SDKDSLSKG|0.043
Q13131|Q9Y520_GGRPSRPST|0.0
Q13131|Q9Y520_PSRPSTLRR|0.0
Q13131|Q9Y520_SRPSTLRRP|0.0
Q13131|Q9Y520_LGDISGNKT|0.292
Q13131|Q9Y520_EEWETASES|0.05
Q13131|Q9Y520_WETASESSD|0.0
Q13131|Q9Y520_ASESSDFNE|0.0
Q13131|Q9Y520_LNAQTVVKV|0.0
Q13131|Q9Y520_IAKRSFSSQ|0.003
Q13131|Q9Y520_GRNFSGPRN|0.058
Q13131|Q9Y520_NSKDSTGKK|0.0
Q13131|Q9Y520_SKDSTGKKR|0.002
Q13131|Q9Y520_DLNNYASVV|0.0
Q13131|Q9Y520_IRLPSAQTP|0.0
Q13131|Q9Y520_NGTDYVASG|0.003
Q13131|Q9Y520_DYVASGKSI|0.029
Q13131|Q9Y520_ASGKSIQTP|0.001
Q13131|Q9Y520_KSIQTPQSH|0.393
Q13131|Q9Y520_QTPQSHGTL|0.0
Q13131|Q9Y520_QSHGTLTAE|0.0
Q13131|Q9Y520_PQPPSVSAW|0.0
Q13131|Q9Y520_KPLTSFGSA|0.0
Q13131|Q9Y520_TSFGSAPSS|0.0
Q13131|Q9Y520_GSAPSSEGA|0.0
Q13131|Q9Y520_GKERSLKNR|0.0
Q13131|Q9Y520_PSPATVRST|0.001
Q13131|Q9Y520_ISVSSAEYG|0.0
Q13131|Q9Y520_SSAEYGTNA|0.0
Q13131|Q9Y520_NAKESVTDY|0.0
Q13131|Q9Y520_KESVTDYTT|0.0
Q13131|Q9Y520_SVTDYTTPS|0.0
Q13131|Q9Y520_TDYTTPSSS|0.0
Q13131|Q9Y520_FKMESARKA|0.0
Q13131|Q9Y520_GAGTYTTSS|0.0
Q13131|Q9Y520_QSSLSQPSV|0.0
Q13131|Q9Y520_VLSGTAIHN|0.016
Q13131|Q9Y520_AKAQSGLAF|0.0
Q13131|Q9Y520_IPILYEHQL|0.0
Q13131|Q9Y520_LGQASGLGG|0.399
Q13131|Q9Y520_GTQHSMIAT|0.462
Q13131|Q9Y520_KAFGSGIDI|0.414
Q13131|Q9Y520_AGRSTTPTS|0.0
Q13131|Q9Y520_STTPTSSPF|0.0
Q13131|Q9Y520_TTPTSSPFR|0.051
Q13131|Q9Y520_PFRATSTSP|0.0
Q13131|Q9Y520_NSQSSKMNS|0.001
Q13131|Q9Y520_SKMNSIVYQ|0.0
Q13131|Q9Y520_NSIVYQKQF|0.0
Q13131|Q9Y520_KQFQSAPAT|0.0
Q13131|Q9Y520_EETKS____|0.0
Q13131|O14668_ILKRYPRAN|0.0
Q13131|O14668_GRSDSVSTR|0.0
Q13131|O14668_STRLSNCDP|0.0
Q13131|O14668_NLQRSETEP|0.0
Q13131|O14669_VDVASLAVG|0.0
Q13131|O14669_AVGLTGGIL|0.0
Q13131|O14669_GAFWYLRWR|0.0
Q13131|Q9BZD7_EAANSPQVV|0.0
Q13131|Q9BZD6_EVFTSKEEA|0.0
Q13131|Q9BZD6_AKGPTTKSD|0.0
Q13131|Q9BZD6_KGPTTKSDG|0.0
Q13131|Q9BZD6_SSAVYERGR|0.0
Q13131|Q9BZD6_RGRHTPSII|0.085
Q13131|Q9BZD6_AGLPSYEQA|0.0
Q13131|Q9BZD6_GLPSYEQAV|0.0
Q13131|Q9BZD6_TRKHSVSPP|0.28
Q13131|Q9BZD6_KHSVSPPPP|0.0
Q13131|Q9BZD6_PPPPYPGHT|0.0
Q13131|Q9BZD6_KKSMSLPSH|0.0
Q13131|Q7Z6L0_PEPHSPPSK|0.0
Q13131|Q7Z6L0_HSPPSKKSP|0.0
Q13131|Q7Z6L0_PSKKSPPAN|0.012
Q13131|Q7Z6L0_RRAHSGHPG|0.0
Q13131|Q7Z6L0_GHPGSPRGS|0.0
Q13131|Q7Z6L0_SPRGSLSRH|0.0
Q13131|Q7Z6L0_RGSLSRHPS|0.0
Q13131|Q5FWE3_PLENSEIPM|0.001
Q13131|Q5FWE3_VPPTSPSDH|0.0
Q13131|Q5FWE3_LATPSSGAW|0.007
Q13131|Q5FWE3_GAWGSAASL|0.573
Q13131|Q5FWE3_GSAASLGRG|0.545
Q13131|Q5FWE3_GPAPSLSEL|0.577
Q13131|Q5FWE3_APSLSELDL|0.804
Q13131|Q5FWE3_LRPPSPINL|0.211
Q13131|Q5FWE3_PINLSRSID|0.001
Q13131|Q5FWE3_RGLASPPPG|0.416
Q13131|Q5FWE3_PRRGSHPKA|0.198
Q13131|Q5FWE3_GRCRSLSDV|0.755
Q13131|Q5FWE3_AASGSSLDS|0.699
Q13131|Q5FWE3_SSVDSLPLD|0.431
Q13131|C9JH25_PLGGSGFKG|0.0
Q13131|C9JH25_LFRLSPGHA|0.0
Q13131|C9JH25_GLGLYRTAS|0.0
Q13131|C9JH25_YRTASLGTG|0.0
Q13131|C9JH25_IDELSVGSD|0.0
Q13131|P54821_GRLDSPGNL|0.773
Q13131|P54821_EAGRSLLES|0.168
Q13131|P54821_SLLESPGLT|0.11
Q13131|P54821_SPGLTSGSD|0.323
Q13131|P54821_PGLTSGSDT|0.449
Q13131|P54821_LTSGSDTPQ|0.451
Q13131|P54821_SGSDTPQQD|0.364
Q13131|Q99811_RKNFSVSHL|0.0
Q13131|Q99811_NFSVSHLLD|0.0
Q13131|Q99811_AMLASRSAS|0.367
Q13131|Q99811_SLLKSYSQE|0.0
Q13131|P56730_AVTCSFSHG|0.0
Q13131|P56730_SHGPTFPII|0.0
Q13131|P56730_SIACYPGGE|0.0
Q13131|P56730_GHRLSLGFP|0.0
Q13131|P56730_GGKNSLRGG|0.0
Q13131|P56730_ASNCYITGW|0.0
Q13131|P56730_TGRAYSRTL|0.0
Q13131|P56730_GRAYSRTLQ|0.002
Q13131|P36776__MAASTGYV|0.822
Q13131|P36776_MAASTGYVR|0.44
Q13131|P36776_ASTGYVRLW|0.0
Q13131|P36776_GRVPTAAGA|0.243
Q13131|P36776_FWEASSRGG|0.123
Q13131|P36776_GGAFSGGED|0.467
Q13131|P36776_LDEIYHTGT|0.26
Q13131|P36776_LYRESVLQM|0.06
Q13131|P36776_THRKYLLQE|0.655
Q13131|P36776_EEDHYGMED|0.006
Q13131|P36776_ILCFYGPPG|0.488
Q13131|P36776_YFRFSVGGM|0.994
Q13131|P36776_CLKKTKTEN|0.0
Q13131|P36776_AKLSSDVLT|0.441
Q13131|Q9NQE7_RFLSSRLAL|0.0
Q13131|Q9NQE7_RRLRSGGAA|0.0
Q13131|Q9Y6M0_YYTRYFVSN|0.0
Q13131|Q9Y6M0_RYFVSNIYL|0.001
Q13131|Q9Y6M0_LSPRYLGNS|0.0
Q13131|Q9Y6M0_GNSPYDIAL|0.0
Q13131|O95084_KRQIYGYDS|0.432
Q13131|O95084_DSRFSIFGK|0.435
Q13131|O95084_STGCTGTLV|0.459
Q13131|O95084_MDYDYALLE|0.434
Q13131|Q9BQR3_AKAATACGR|0.0
Q13131|Q8NF86_LPPDYSEDG|0.0
Q13131|Q8N3Z0_KRQVYGTDS|0.0
Q13131|Q8N3Z0_QVYGTDSRF|0.011
Q13131|Q8N3Z0_YGTDSRFSI|0.0
Q13131|Q8N3Z0_DSRFSILDK|0.0
Q13131|Q8N3Z0_HKKKYMELG|0.54
Q13131|Q8N3Z0_ELGISPTIK|0.0
Q13131|Q8N3Z0_GISPTIKKM|0.002
Q13131|A8MTI9_GRFRSMIVH|0.063
Q13131|P98073_EIFLSSNLK|0.005
Q13131|P98073_IFLSSNLKN|0.0
Q13131|P98073_VGLLSLPLD|0.0
Q13131|P98073_LLAVYTGPG|0.035
Q13131|P98073_LAVYTGPGP|0.0
Q13131|P98073_TNRMTVLLI|0.515
Q13131|P98073_VLLITNDVL|0.0
Q13131|P98073_VKLNTAPDG|0.0
Q13131|P98073_KSNLTSPQT|0.544
Q13131|P98073_SNLTSPQTV|0.0
Q13131|Q9NRG1_GDDLSTLAG|0.0
Q13131|Q9NRG1_NIEKYKPNM|0.0
Q13131|Q9NRG1_DYNEYFRDL|0.0
Q13131|Q2VWP7_TLPMTMDRI|0.303
Q13131|Q2VWP7_HAGVYVCRA|0.0
Q13131|Q2VWP7_CRATTPGTR|0.0
Q13131|Q2VWP7_RKIHSNGRI|0.373
Q13131|Q2VWP7_YSVHYMKAE|0.0
Q13131|Q2VWP7_TSHRTPKAT|0.0
Q13131|Q2VWP7_TPKATSVKA|0.0
Q13131|Q2VWP7_PHHLYAKAN|0.0
Q13131|Q86TP1_TPASSTHPN|0.0
Q13131|Q86TP1_PASSTHPNL|0.565
Q13131|Q86TP1_PLPPTPMNS|0.297
Q13131|Q86TP1_TPMNSLVDE|0.665
Q13131|Q8WUY3_TLVGSSVLA|0.0
Q13131|Q8WUY3_RLRGSILFK|0.0
Q13131|Q8WUY3_AGKDSLVEH|0.0
Q13131|Q8WUY3_QRQDSPRDN|0.031
Q13131|Q8WUY3_PRDNSERNL|0.0
Q13131|Q8WUY3_ERNLSLTDF|0.602
Q13131|Q8WUY3_NLSLTDFVG|0.496
Q13131|Q8WUY3_VGDESPSPE|0.0
Q13131|Q8WUY3_DESPSPERL|0.0
Q13131|Q8WUY3_EHKPSSIDR|0.0
Q13131|Q8WUY3_DRRASDSVF|0.717
Q13131|Q8WUY3_KNEESLPFQ|0.498
Q13131|Q8WUY3_EKVDSWNLF|0.455
Q13131|Q8WUY3_RNRISSGPG|0.0
Q13131|Q8WUY3_LNEKSGQLI|0.0
Q13131|Q8WUY3_NVKDTHSPD|0.0
Q13131|Q8WUY3_KDTHSPDAP|0.048
Q13131|Q8WUY3_QTGMSADNL|0.014
Q13131|Q8WUY3_SQRNSGETT|0.0
Q13131|Q8WUY3_EFEKSFDRK|0.0
Q13131|Q8WUY3_EHDISATVQ|0.003
Q13131|Q8WUY3_RAWDSLNES|0.0
Q13131|Q8WUY3_SLNESNKFL|0.518
Q13131|Q8WUY3_SENIYDYLD|0.0
Q13131|Q8WUY3_NIYDYLDSS|0.0
Q13131|Q8WUY3_YLDSSEPAE|0.0
Q13131|Q8WUY3_EKRSSPETG|0.426
Q13131|Q8WUY3_SSPETGTTG|0.0
Q13131|Q8WUY3_ETGTTGDVA|0.0
Q13131|Q8WUY3_AWQISPKAS|0.0
Q13131|Q8WUY3_RLIESPFER|0.0
Q13131|Q8WUY3_ERELSDSSG|0.0
Q13131|Q8WUY3_PDILTHCEH|0.0
Q13131|Q8WUY3_EEPIYEPGR|0.001
Q13131|Q8WUY3_SHKGSPEPS|0.0
Q13131|Q8WUY3_SPEPSEING|0.0
Q13131|Q8WUY3_NGDNSTGLQ|0.0
Q13131|Q8WUY3_GDNSTGLQV|0.0
Q13131|Q8WUY3_EKGASPDMA|0.0
Q13131|Q8WUY3_KLTLSEGHP|0.587
Q13131|Q8WUY3_GHPETPVDG|0.0
Q13131|Q8WUY3_LEEDSLKQS|0.0
Q13131|Q8WUY3_PDRRSEGNQ|0.0
Q13131|Q8WUY3_RLPGSQLAV|0.0
Q13131|Q8WUY3_LHMDYILVN|0.571
Q13131|Q8WUY3_QESESIPEY|0.002
Q13131|Q8WUY3_NLFLYVIST|0.0
Q13131|Q8WUY3_VAEDYMIVY|0.0
Q13131|Q8WUY3_LNGATPRRR|0.0
Q13131|Q9BXM0_CLKRTVPTG|0.504
Q13131|Q9BXM0_RTVPTGDLA|0.586
Q13131|Q9BXM0_LRPGTVSGY|0.541
Q13131|Q9BXM0_PGTVSGYEI|0.433
Q13131|Q9BXM0_TVSGYEIKG|0.495
Q13131|Q9BXM0_IKMPSLGIG|0.423
Q13131|Q9BXM0_GIGVSGPEV|0.675
Q13131|Q9BXM0_FRVPSVEIV|0.0
Q13131|Q9BXM0_KFAISLPKA|0.0
Q13131|Q9BXM0_AVAVSGMQL|0.59
Q13131|Q9BXM0_AAPKSPVRE|0.138
Q13131|Q9BXM0_VREKSPKFR|0.0
Q13131|Q9BXM0_FPRVSLSPK|0.0
Q13131|Q9BXM0_RVSLSPKAR|0.657
Q13131|Q9BXM0_ARSGSGDQE|0.0
Q13131|Q9BXM0_VRLPSVGFS|0.0
Q13131|Q9BXM0_GFSETGAPG|0.0
Q13131|Q9BXM0-2_VRVLSPAPA|0.0
Q13131|Q9BXM0-2_SDPVSAP__|0.0
Q13131|Q9BRX8_AALEYLEDI|0.0
Q13131|Q9BRX8_SSLKSMLDQ|0.0
Q13131|Q9BRX8_GVPLYAVVK|0.0
Q13131|P07602_FLLASLLGA|0.01
Q13131|P07602_KDVVTAAGD|0.006
Q13131|P07602_KDNATEEEI|0.0
Q13131|P07602_EILVYLEKT|0.0
Q13131|P07602_EIVDSYLPV|0.467
Q13131|P07602_IVDSYLPVI|0.394
Q13131|P07602_ELDMTEVVA|0.002
Q13131|P07602_PLLLYPQDG|0.0
Q13131|P07602_DGPRSKPQP|0.0
Q13131|P07602_KLVGYLDRN|0.134
Q13131|P07602_VMDPSFVCL|0.467
Q13131|Q9H300_GAIMTVLAA|0.361
Q13131|Q9Y617_KLPHSVLLE|0.739
Q13131|Q9Y617_ELLDYKGVG|0.241
Q13131|Q9Y617_GVGISVLEM|0.889
Q13131|Q9Y617_RECPSVLEY|0.731
Q13131|Q9Y617_SQTIYEIID|0.0
Q13131|O43653_LQPGTALLC|0.0
Q13131|O60759_MLADTVATL|0.001
Q13131|O60759_DTVATLPRG|0.405
Q13131|O60759_LIRSSGNLL|0.504
Q13131|O60759_LSSMTMDSE|0.0
Q13131|O60759_SEDSSRGAF|0.0
Q13131|O60759_RRNRSISNT|0.009
Q13131|O60759_EGNLSSMFG|0.004
Q13131|O60759_GNLSSMFGT|0.789
Q13131|O60759_EEEESRF__|0.0
Q13131|A5PKW4_SPPASMYGS|0.0
Q13131|A5PKW4_GLSRSWDLG|0.0
Q13131|A5PKW4_LMGETQERE|0.0
Q13131|A5PKW4_LKALYSSIK|0.0
Q13131|A5PKW4_ELRRSLSEL|0.863
Q13131|A5PKW4_HALATRASD|0.0
Q13131|A5PKW4_PGAGSGRRK|0.0
Q13131|Q15700_PHDHSLPRL|0.0
Q13131|Q15700_KEAGSIVRL|0.311
Q13131|Q15700_IVRLYVRRR|0.57
Q13131|Q15700_SIYVTKIID|0.584
Q13131|Q15700_LEEVTHEEA|0.0
Q13131|Q15700_LEYKTSLPP|0.004
Q13131|Q15700_EYKTSLPPI|0.385
Q13131|Q15700_SPGRYSPIP|0.0
Q13131|Q15700_VDDDYTRPP|0.0
Q13131|Q15700_PEPVYSTVN|0.0
Q13131|Q15700_QRAVSLEGE|0.0
Q13131|Q15700_MMNHSMSSG|0.0
Q13131|Q15700_SGSGSLRTN|0.273
Q13131|Q15700_KSKDSGLPS|0.546
Q13131|Q15700_GVIPSKRRV|0.0
Q13131|Q15700_PKRDYEVDG|0.002
Q13131|Q15700_DGRDYHFVI|0.634
Q13131|Q15700-3_GDDGYGTKT|0.0
Q13131|Q15700-3_DGYGTKTLR|0.0
Q13131|Q15700-4_NAYLTKQHS|0.0
Q13131|Q15700-4_TKQHSCSRG|0.198
Q13131|Q15700-4_CSRGSDGMD|0.0
Q13131|Q15700-4_QGLGYSSQT|0.001
Q13131|Q15700-4_TMPSSGPGG|0.0
Q13131|Q15700-4_GGPASNRTG|0.0
Q13131|P78352_LCIVTTKKY|0.607
Q13131|P78352_QDEDTPPLE|0.27
Q13131|P78352_PLEHSPAHL|0.491
Q13131|P78352_GLGFSIAGG|0.584
Q13131|P78352_RVNDSILFV|0.925
Q13131|P78352_KEAGSIVRL|0.124
Q13131|P78352_IVRLYVMRR|0.671
Q13131|P78352_SIYVTKIIE|0.0
Q13131|P78352_LKNTYDVVY|0.625
Q13131|P78352_YDVVYLKVA|0.586
Q13131|P78352_ASLRSNPKR|0.316
Q13131|P78352_PKREYEIDG|0.0
Q13131|P78352_FEEIYHKVK|0.0
Q13131|Q9BQI7_DKLLSAVPE|0.001
Q13131|Q9BQI7_EGDATRDPG|0.0
Q13131|Q9BQI7_SSSRSENVL|0.0
Q13131|Q9BQI7_KLLNSASDP|0.0
Q13131|Q9BQI7_LTRKTHADM|0.0
Q13131|Q9BQI7_DGKRTPRGR|0.321
Q13131|Q9BQI7_AAIFSAPAF|0.0
Q13131|Q9BQI7_PAAVSSMKK|0.0
Q13131|Q9BQI7_AAVSSMKKF|0.002
Q13131|Q9BQI7_PLLPSCTTR|0.0
Q13131|Q9BQI7_LPSCTTRLC|0.0
Q13131|Q9BQI7_PSCTTRLCQ|0.0
Q13131|Q9BQI7_ARLATLEGD|0.471
Q13131|Q9BQI7_SLRKTHSSP|0.619
Q13131|Q9BQI7_RKTHSSPAL|0.749
Q13131|Q9BQI7_KTHSSPALS|0.235
Q13131|Q9BQI7_SPALSQGHV|0.0
Q13131|Q9BQI7_QGHVTGSKT|0.001
Q13131|Q9BQI7_HVTGSKTTK|0.0
Q13131|Q9BQI7_TGSKTTKDA|0.0
Q13131|Q9NYI0_AKAKYEFLF|0.0
Q13131|Q9NYI0_APSQSHLKE|0.0
Q13131|Q9NYI0_LKEQSLQPI|0.0
Q13131|Q9NYI0_ASRKTQRVN|0.313
Q13131|Q9NYI0_RVNKTLPAG|0.0
Q13131|Q9NYI0_LTGDTQAEI|0.0
Q13131|Q9NYI0_QRTASPDSK|0.0
Q13131|Q9NYI0_DSKESSKVP|0.0
Q13131|Q9NYI0_ERPGTSSGT|0.0
Q13131|Q9NYI0_RPGTSSGTF|0.0
Q13131|Q9NYI0_SGTFSPVRL|0.0
Q13131|Q9NYI0_RLDESGEDE|0.0
Q13131|Q9NYI0_EMPLTPMIQ|0.0
Q13131|Q9NYI0_SDSIYTKGT|0.0
Q13131|Q9NYI0_GVKTTRLEA|0.0
Q13131|Q9NYI0_SEMGSTEIL|0.13
Q13131|Q9NYI0_FFDFTGMTL|0.0
Q13131|Q9NYI0_ALYNSIKNE|0.0
Q13131|Q9NYI0_EKKKSPSES|0.0
Q13131|Q9NYI0_THPKTISRI|0.0
Q13131|Q9NYI0_RIGSTTNPF|0.0
Q13131|Q9NYI0_IGSTTNPFL|0.0
Q13131|Q9NYI0_DGKKTPRGK|0.012
Q13131|Q9NYI0_WKTFYAVLK|0.0
Q13131|Q9NYI0_QKKFSRPLL|0.0
Q13131|Q9NYI0_LLPATTTKL|0.0
Q13131|Q9NYI0_LPATTTKLS|0.0
Q13131|Q9NYI0_PATTTKLSQ|0.0
Q13131|Q9NYI0_EKTRYEMYV|0.0
Q13131|Q9NYI0_EMYVSILKE|0.035
Q13131|Q9NYI0_KELLSNDES|0.0
Q13131|Q9NYI0_GLKKSHSSP|0.347
Q13131|Q9NYI0_KKSHSSPSL|0.33
Q13131|Q9NYI0_KSHSSPSLN|0.0
Q13131|Q9NYI0_HSSPSLNPD|0.379
Q13131|Q9NYI0_LNPDTSPIT|0.0
Q13131|Q9NYI0_TSPITAKVK|0.0
Q13131|Q9NYI0_KRNVSERKD|0.011
Q13131|Q9NYI0_HRPETPSIK|0.0
Q13131|Q9NYI0_PETPSIKQK|0.414
Q13131|Q8NDX1_FEEQTWATD|0.0
Q13131|Q8NDX1_PPWGSGVEL|0.557
Q13131|Q8NDX1_THLGSWVHQ|0.0
Q13131|Q8NDX1_GVELTHLGS|0.288
Q13131|Q8NDX1_THLGSPSAQ|0.0
Q13131|Q8NDX1_SPVNSHLPG|0.579
Q13131|Q8NDX1_LREGTPDSS|0.013
Q13131|Q8NDX1_GTPDSSPQW|0.0
Q13131|Q8NDX1_WASLSPEGW|0.0
Q13131|Q8NDX1_WPQVTLNSQ|0.0
Q13131|Q8NDX1_GPRPSPASS|0.029
Q13131|Q8NDX1_PSPASSQEG|0.0
Q13131|Q8NDX1_SPASSQEGS|0.0
Q13131|Q8NDX1_SQEGSPQLQ|0.0
Q13131|Q8NDX1_TLDASQSSL|0.03
Q13131|Q8NDX1_DASQSSLLE|0.039
Q13131|Q8NDX1_SLLETDGEQ|0.001
Q13131|Q8NDX1_GEQPSSLKK|0.0
Q13131|Q8NDX1_EQPSSLKKK|0.309
Q13131|Q8NDX1_ENLRTPMNS|0.002
Q13131|Q8NDX1_WLPGSPMPQ|0.0
Q13131|Q8NDX1_PQAQSPEEG|0.0
Q13131|Q8NDX1_AGKMSKPFL|0.687
Q13131|Q8NDX1_KMFHTLLRG|0.0
Q13131|Q8NDX1_GMVLYFLKQ|0.0
Q13131|Q8NDX1_AAVGSQRRF|0.331
Q13131|Q8NDX1_EKTRYETYV|0.0
Q13131|Q8NDX1_EPKLSLKKS|0.0
Q13131|Q8NDX1_SLKKSHSSP|0.108
Q13131|Q8NDX1_KSHSSPSLH|0.0
Q13131|Q8NDX1_HSSPSLHQD|0.576
Q13131|Q8NDX1_EAPTTAKVK|0.0
Q13131|Q8NDX1_KRNISERRT|0.0
Q13131|Q8NDX1_SERRTYRKI|0.0
Q13131|P49768_DEELTLKYG|0.628
Q13131|P49768_ATIKSVSFY|0.916
Q13131|P49768_IKSVSFYTR|0.659
Q13131|P49768_LVVLYKYRC|0.501
Q13131|P49768_VFIKYLPEW|0.237
Q13131|P49768_VISVYDLVA|0.678
Q13131|P49768_VSKNSKYNA|0.902
Q13131|P49768_KNSKYNAES|0.471
Q13131|P49768_TERESQDTV|0.778
Q13131|P49768-3_MMAGSVRNG|0.0
Q13131|P49810_AQWRSQENE|0.908
Q13131|P49810_PALIYSSAM|0.0
Q13131|P23246_HHPPYHQQH|0.0
Q13131|P23246_PGGRSEEKI|0.912
Q13131|P23246_KISDSEGFK|0.542
Q13131|P23246_PGEKTYTQR|0.009
Q13131|P23246_PADITEDEF|0.442
Q13131|P23246_ELDDTPMRG|0.0
Q13131|P23246_NLSPYVSNE|0.062
Q13131|P23246_SPYVSNELL|0.826
Q13131|P23246_KERETPPRF|0.464
Q13131|P23246_GTFEYEYSQ|0.467
Q13131|P23246_FEYEYSQRW|0.0
Q13131|P23246_EYEYSQRWK|0.8
Q13131|P23246_DKLESEMED|0.911
Q13131|P23246_MEDAYHEHQ|0.346
Q13131|P23246_SRMGYMDPR|0.529
Q13131|P23246_MGDPYGSGG|0.208
Q13131|P23246_GREEYEGPN|0.002
Q13131|Q9Y248_LNHASDNIP|0.0
Q13131|Q9Y248_NTSGTFLTQ|0.093
Q13131|P11464_ENYTYIWWL|0.0
Q13131|P11464_LNGQSLPVS|0.0
Q13131|P11464_SLPVSPRVK|0.0
Q13131|P11464_LPSVTRNET|0.0
Q13131|P11464_GGIRSDPVT|0.537
Q13131|P11464_SDPVTLNVL|0.0
Q13131|P11464_LNVLYGPDL|0.0
Q13131|Q9UQ72_SGRETVYSN|0.0
Q13131|Q9UQ72_EDAGSYTLH|0.0
Q13131|Q9UQ72_STSLTIRVI|0.0
Q13131|P11465_HPSYTNYRS|0.0
Q13131|P11465_LYVCSVRNS|0.0
Q13131|P11465_EESSTSLTV|0.0
Q13131|P11465_TVKVSASTR|0.0
Q13131|P11465_KVSASTRIG|0.0
Q13131|Q16557_TRGETGHFT|0.0
Q13131|Q16557_ENYTYIWWL|0.0
Q13131|Q16557_LNGQSLPVS|0.0
Q13131|Q16557_SLPVSPRVK|0.0
Q13131|Q16557_LPSVTRNET|0.0
Q13131|Q16557_SVRNSATGM|0.011
Q13131|Q16557_RNSATGMES|0.0
Q13131|Q16557_TGMESSKSM|0.0
Q13131|Q16557_GMESSKSMT|0.0
Q13131|Q16557_SKSMTVKVS|0.0
Q13131|Q00888_KNYTYIWWL|0.0
Q13131|Q00888_LNGQSLPVS|0.0
Q13131|Q00888_SLPVSPRVK|0.0
Q13131|Q00888_PDLPSIYPS|0.0
Q13131|Q15238_TGRETVYSN|0.0
Q13131|Q15238_EDAGSYTLH|0.0
Q13131|Q15238_TRGVTGYFT|0.0
Q13131|Q15238_ENYTYIWWL|0.0
Q13131|Q15238_LNGQSLPVS|0.0
Q13131|Q15238_SLPVSPRVK|0.0
Q13131|Q15238_LPSVTRNET|0.0
Q13131|Q15238_ETGPYECEI|0.0
Q13131|Q15238_PDLPSIYPS|0.0
Q13131|Q00889_LPSVTRNET|0.0
Q13131|Q13046_ENYTYIWWL|0.0
Q13131|Q13046_LNGQSLPVS|0.0
Q13131|Q13046_SLPVSPRVK|0.0
Q13131|Q13046_LPSVTRNET|0.0
Q13131|Q13046_GGIRSDPVT|0.544
Q13131|Q13046_SDPVTLNVL|0.0
Q13131|Q13046_LNVLYGPDL|0.0
Q13131|Q13046_TGKESSKSV|0.0
Q13131|Q13046_GKESSKSVT|0.0
Q13131|Q13046_ESSKSVTVR|0.0
Q13131|Q13046_SKSVTVRVS|0.0
Q13131|Q9UQ74_ENYTYIWWL|0.0
Q13131|Q9UQ74_LNGQSLPVS|0.0
Q13131|Q9UQ74_SLPVSPRVK|0.0
Q13131|Q9UQ74_LPSVTRNET|0.0
Q13131|Q9UQ74_SVRNSATGK|0.0
Q13131|Q9UQ74_GKESSKSMT|0.0
Q13131|Q9UQ74_ESSKSMTVK|0.0
Q13131|Q9UQ74_RIPVSLAIG|0.0
Q13131|Q00887_KIIIYGPAY|0.022
Q13131|Q00887_DAGTYTLHI|0.011
Q13131|Q00887_AGTYTLHII|0.478
Q13131|Q00887_GVTKYIAGP|0.0
Q13131|Q00887_IAGPYECEI|0.0
Q13131|Q00887_LPIPYITIN|0.0
Q13131|Q00887_LPSVTRNET|0.146
Q13131|Q00887_TRNHSGLYA|0.58
Q13131|Q00887_TVKVSGPCH|0.0
Q13131|Q00887_HGDLTESQS|0.0
Q13131|Q00887_DLTESQS__|0.479
Q13131|Q00887_TESQS____|0.01
Q13131|P11801_KSDVYKHFI|0.559
Q13131|P11801_EVFETQERV|0.804
Q13131|P11801_MELATGGEL|0.0
Q13131|Q96QS6_VLARYDIKA|0.0
Q13131|Q96QS6_VEQKTTKKP|0.0
Q13131|Q96QS6_EQKTTKKPF|0.0
Q13131|Q96QS6_GSAQSSKSH|0.0
Q13131|Q96QS6_QSSKSHYSH|0.0
Q13131|Q96QS6_KSHYSHKSR|0.0
Q13131|P25786_VGLKSKTHA|0.377
Q13131|P25786_LKSKTHAVL|0.715
Q13131|P25786_PLPVSRLVS|0.947
Q13131|P25786_SLIGSKTQI|0.884
Q13131|P25786_IGSKTQIPT|0.0
Q13131|P25786_TQIPTQRYG|0.575
Q13131|P25786_QTCPSANYF|0.001
Q13131|P25786_PSANYFDCR|0.431
Q13131|P25786_CRAMSIGAR|0.289
Q13131|P25786_TKNVSIGIV|0.597
Q13131|P25786_DDDVSPFLE|0.536
Q13131|P25787_AERGYSFSL|0.072
Q13131|P25787_GYSFSLTTF|0.399
Q13131|P25787_GGAPSVGIK|0.054
Q13131|P25787_KKQKSILYD|0.001
Q13131|P25787_GLVYSGMGP|0.791
Q13131|P25787_LAQQYYLVY|0.641
Q13131|P25787_YYLVYQEPI|0.372
Q13131|P25787_MGKNYVNGK|0.444
Q13131|P25787_DAIHTAILT|0.759
Q13131|P25787_FRRLTPTEV|0.802
Q13131|P25787_RLTPTEVKD|0.616
Q13131|P25788_ENSSTAIGI|0.24
Q13131|P25788_REEASNFRS|0.461
Q13131|P25788_SNFRSNFGY|0.243
Q13131|P25788_SNFGYNIPL|0.52
Q13131|P25788_MKEMTCRDI|0.453
Q13131|P25788_AKIIYIVHD|0.343
Q13131|P25789_EVFFSEKIY|0.332
Q13131|P25789_IKQAYTQFG|0.0
Q13131|P25789_WDKHYGFQL|0.0
Q13131|P25789_GFQLYQSDP|0.005
Q13131|P25789_IGNNSAAAV|0.0
Q13131|P25789_MTLKSALAL|0.202
Q13131|P25789_ENGKTVIRV|0.005
Q13131|P28066_FLTRSEYDR|0.0
Q13131|P28066_TRSEYDRGV|0.0
Q13131|P28066_FQVEYAIEA|0.0
Q13131|P28066_KLGSTAIGI|0.032
Q13131|P28066_GIQTSEGVC|0.0
Q13131|P28066_LMEPSSIEK|0.0
Q13131|P28066_GCAMSGLIA|0.0
Q13131|P28066_RAIGSASEG|0.0
Q13131|P28066_IGSASEGAQ|0.002
Q13131|P28066_LQEVYHKSM|0.0
Q13131|P60900_MSRGSSAGF|0.678
Q13131|P60900_SRGSSAGFD|0.744
Q13131|P60900_DRHITIFSP|0.356
Q13131|P60900_EGRLYQVEY|0.339
Q13131|P60900_YQVEYAFKA|0.263
Q13131|P60900_LDSSTVTHL|0.361
Q13131|P60900_LFKITENIG|0.465
Q13131|P60900_QRARYEAAN|0.22
Q13131|P60900_ANWKYKYGY|0.0
Q13131|P60900_WKYKYGYEI|0.0
Q13131|P60900_YKYGYEIPV|0.002
Q13131|P60900_DPAGYYCGF|0.0
Q13131|P60900_DFKPSEIEV|0.284
Q13131|P60900_FRILTEAEI|0.0
Q13131|O14818____MSYDRA|0.605
Q13131|O14818_DRAITVFSP|0.0
Q13131|O14818_FQVEYAQEA|0.0
Q13131|O14818_VEKKSVAKL|0.001
Q13131|O14818_FAGLTADAR|0.001
Q13131|O14818_YITRYIASL|0.285
Q13131|O14818_QTDPSGTYH|0.0
Q13131|O14818_DPSGTYHAW|0.0
Q13131|O14818_RGAKSVREF|0.292
Q13131|O14818_EKNYTDEAI|0.0
Q13131|O14818_EAIETDDLT|0.0
Q13131|O14818_RRDQSLKIL|0.447
Q13131|Q8TAA3_DRAITVFSP|0.0
Q13131|Q8TAA3_ITVFSPDGH|0.038
Q13131|Q8TAA3_FQVEYAQEA|0.0
Q13131|Q8TAA3_VKKGSTAVG|0.596
Q13131|Q8TAA3_KKGSTAVGI|0.011
Q13131|Q8TAA3_VEKKSVAKL|0.0
Q13131|Q8TAA3_VTVEYITRF|0.0
Q13131|Q8TAA3_VEYITRFIA|0.077
Q13131|Q8TAA3_QTDPSGTYH|0.0
Q13131|Q8TAA3_DPSGTYHAW|0.0
Q13131|Q8TAA3_PSGTYHAWK|0.208
Q13131|Q8TAA3_EVVQSGGKN|0.656
Q13131|Q8TAA3_LKMFSAKEV|0.061
Q13131|Q8TAA3-2_IRGLTADAR|0.0
Q13131|Q9HBA9__MGGSAPPD|0.0
Q13131|Q9HBA9_RVDCTPLMY|0.0
Q13131|Q9HBA9_VYNLTKELK|0.0
Q13131|Q9HBA9_LGIASGRAR|0.0
Q13131|Q9HBA9_KFSGYPLYH|0.0
Q13131|Q9HBA9_VLRKYADKI|0.0
Q13131|P20618_STAMYSAPG|0.0
Q13131|P20618_FSIHTRDSP|0.689
Q13131|P20618_CYKLTDKTV|0.691
Q13131|P20618_LTDKTVIGC|0.0
Q13131|P20618_VIGCSGFHG|0.292
Q13131|P20618_GDCLTLTKI|0.0
Q13131|P20618_CLTLTKIIE|0.002
Q13131|P20618_RLKMYKHSN|0.579
Q13131|P20618_STILYSRRF|0.0
Q13131|P20618_RFFPYYVYN|0.0
Q13131|P20618_PYYVYNIIG|0.001
Q13131|P20618_KGAVYSFDP|0.096
Q13131|P20618_PVGSYQRDS|0.263
Q13131|P20618_HVPLSLDRA|0.659
Q13131|P20618_DVFISAAER|0.0
Q13131|P20618_ERDVYTGDA|0.232
Q13131|P40306_APKIYCCGA|0.0
Q13131|P40306_PHGSYSRLP|0.001
Q13131|P40306_LRTLSSPTE|0.845
Q13131|P40306_RSGRYHFVP|0.0
Q13131|P40306_VKPLTLELV|0.02
Q13131|P40306_LVEETVQAM|0.204
Q13131|P49721_RVAASNIVQ|0.02
Q13131|P49721_NVQLYKMRN|0.0
Q13131|P49721_MRNGYELSP|0.0
Q13131|P49721_AAHGYGAFL|0.0
Q13131|P49721_ILDRYYTPT|0.006
Q13131|P49721_LDRYYTPTI|0.0
Q13131|P49721_DRYYTPTIS|0.0
Q13131|P49721_LPTFSVRII|0.0
Q13131|P49720_AQMVTTDFQ|0.0
Q13131|P49720_QMVTTDFQK|0.011
Q13131|P49720_RFGPYYTEP|0.0
Q13131|P49720_FGPYYTEPV|0.0
Q13131|P49720_FETISQAML|0.0
Q13131|P28070_LGSRSGLWA|0.448
Q13131|P28070_RIPSTPDSF|0.003
Q13131|P28070_STPDSFMDP|0.008
Q13131|P28070_PITRTQNPM|0.033
Q13131|P28070_MVTGTSVLG|0.567
Q13131|P28070_MLGSYGSLA|0.45
Q13131|P28070_RVNNSTMLG|0.618
Q13131|P28070_ADFQYLKQV|0.098
Q13131|P28070_GHSYSPRAI|0.472
Q13131|P28070_LATGYGAYL|0.39
Q13131|P28070_GYGAYLAQP|0.25
Q13131|P28070_QPVLSQTEA|0.116
Q13131|P28070_VLSQTEARD|0.4
Q13131|P28070_MRVLYYRDA|0.0
Q13131|P28070_RVLYYRDAR|0.553
Q13131|P28070_RDARSYNRF|0.602
Q13131|P28070_FQIATVTEK|0.0
Q13131|P28070_IATVTEKGV|0.463
Q13131|P28070_EGPLSTETN|0.551
Q13131|P28070_AHMISGFE_|0.398
Q13131|P28074_AYIASQTVK|0.518
Q13131|P28074_EINPYLLGT|0.0
Q13131|P28074_ANMVYQYKG|0.0
Q13131|P28074_MVYQYKGMG|0.003
Q13131|P28074_GPGLYYVDS|0.0
Q13131|P28074_YYVDSEGNR|0.0
Q13131|P28074_VEQAYDLAR|0.0
Q13131|P28074_RRAIYQATY|0.436
Q13131|P28074_YRDAYSGGA|0.0
Q13131|P28074_AVNLYHVRE|0.385
Q13131|P28074_WIRVSSDNV|0.0
Q13131|P28074_IRVSSDNVA|0.755
Q13131|P28074_KYSGSTP__|0.469
Q13131|P28074_YSGSTP___|0.046
Q13131|P28074-2_LSMGTMICG|0.001
Q13131|P28072_PEAFTPDWE|0.0
Q13131|P28072_ADSRTTTGS|0.408
Q13131|P28072_SRTTTGSYI|0.726
Q13131|P28072_TTTGSYIAN|0.688
Q13131|P28072_TTGSYIANR|0.449
Q13131|P28072_MVRQSFAIG|0.805
Q13131|P28072_VDATYREGM|0.447
Q13131|P28072_CLQFTANAL|0.345
Q13131|P28072_ERDGSSGGV|0.453
Q13131|P28072_RDGSSGGVI|0.567
Q13131|P28072_AIAESGVER|0.863
Q13131|Q99436_MAAVSVYAP|0.003
Q13131|Q99436_AVSVYAPPV|0.0
Q13131|Q99436_KVRKTGTTI|0.648
Q13131|Q99436_RKTGTTIAG|0.676
Q13131|Q99436_AGVVYKDGI|0.471
Q13131|Q99436_TMDTS____|0.001
Q13131|P28062_SGRRSDPGH|0.866
Q13131|P28062_FSMRSPELA|0.494
Q13131|P28062_DSRASAGSY|0.662
Q13131|P28062_EINPYLLGT|0.0
Q13131|P28062_ADCQYWERL|0.0
Q13131|P28062_MMCQYRGMG|0.006
Q13131|P28062_GPGLYYVDE|0.223
Q13131|P28062_PGLYYVDEH|0.005
Q13131|P28062_RAIAYATHR|0.821
Q13131|P28062_HRDSYSGGV|0.446
Q13131|P28062_VVNMYHMKE|0.0
Q13131|P28062-2_GPGLYYVDE|0.0
Q13131|P28065_AGAPTGDLP|0.411
Q13131|P28065_FDKLSPLHE|0.0
Q13131|P28065_SRDGSSGGV|0.417
Q13131|P28065_LPKFYDE__|0.45
Q13131|Q9P2W1____MSKGRA|0.396
Q13131|Q9P2W1_AKVQSLQQS|0.0
Q13131|Q9P2W1_SLQQSCRYM|0.0
Q13131|Q9P2W1_QSCRYMEAE|0.0
Q13131|Q9P2W1_LKELSSALT|0.0
Q13131|Q9P2W1_SSALTTPEM|0.0
Q13131|Q9P2W1_TNHVTPEEK|0.002
Q13131|Q9P2W1_KRMATELSD|0.0
Q13131|Q99460_DDHKYKQAI|0.435
Q13131|Q99460_TPIASVPGS|0.056
Q13131|Q99460_SVPGSTNTG|0.0
Q13131|Q99460_SEKDSDSME|0.372
Q13131|Q99460_TEEKTSSAF|0.0
Q13131|Q99460_RNNNTDLMI|0.544
Q13131|Q99460_RQDVYDLLK|0.175
Q13131|Q99460_HVAVSDVND|0.122
Q13131|Q99460_FRQLYSKVI|0.535
Q13131|Q99460_STFAYPAPL|0.0
Q13131|Q99460_ETCRYQPFK|0.0
Q13131|Q99460_EPFEYIDD_|0.002
Q13131|O75832_DAGWSPLHI|0.208
Q13131|O75832_AKDHYEATA|0.478
Q13131|O00231_DILHSIVKR|0.74
Q13131|O00231_VKEQSILEL|0.477
Q13131|O00231_LELGSLLAK|0.0
Q13131|O00231_LLAKTGQAA|0.742
Q13131|O00231_GLLKYVRPF|0.521
Q13131|O00231_LVSLYFDTK|0.521
Q13131|O00231_LHLGSQLLR|0.573
Q13131|O00231_YHALSNLPK|0.241
Q13131|O00231_ANAIYCPPK|0.0
Q13131|O00231_KLQATLDMQ|0.672
Q13131|O00231_LDMQSGIIH|0.545
Q13131|O00231_AGRQTEALK|0.772
Q13131|O00231_SKNRSLADF|0.445
Q13131|O00231_DPIISTHLA|0.642
Q13131|O00231_PVDKTYEAA|0.0
Q13131|O00231_VDKTYEAAL|0.0
Q13131|O00231_KVVDSLYNK|0.001
Q13131|O00231_VDSLYNKAK|0.0
Q13131|O00232_MEVDYSATV|0.005
Q13131|O00232_EVDYSATVD|0.585
Q13131|O00232_QCCTYVEEI|0.0
Q13131|O00232_EGKIYVEIE|0.0
Q13131|O00232_QEENTEKLK|0.006
Q13131|O00232_LRKGSLESP|0.858
Q13131|O00232_GSLESPATD|0.146
Q13131|O00232_DVFGSTEEG|0.268
Q13131|O00232_IMAKYYTRI|0.498
Q13131|O00232_MAKYYTRIT|0.23
Q13131|O00232_QKLNSLMSL|0.706
Q13131|O00232_NSLMSLVNK|0.497
Q13131|Q9UNM6_ENFISEFEH|0.0
Q13131|Q9UNM6_EKVKSSDEA|0.0
Q13131|Q9UNM6_DLQVTKETI|0.478
Q13131|Q9UNM6_LPGVTSVHS|0.416
Q13131|Q9UNM6_PGVTSVHSR|0.487
Q13131|Q9UNM6_HSRFYDLSS|0.453
Q13131|Q9UNM6_LSSKYYQTI|0.048
Q13131|Q9UNM6_NHASYYKDA|0.041
Q13131|Q9UNM6_DLPVSEQQE|0.466
Q13131|Q9UNM6_LVKGSIDEV|0.845
Q13131|O00487_QVYISSLAL|0.0
Q13131|O00487_TLQDYSEHC|0.0
Q13131|Q13200_EQELSEEDK|0.039
Q13131|Q13200_LKEIYENMA|0.0
Q13131|Q13200_AMTMSGERE|0.452
Q13131|Q13200_WGHEYVRHL|0.0
Q13131|Q13200_EPLLTLVKE|0.0
Q13131|Q13200_DENAYAKVC|0.076
Q13131|Q13200_PDDIYKTHL|0.0
Q13131|Q13200_SQVDSARMN|0.211
Q13131|Q13200_QIDKYLYSS|0.0
Q13131|Q13200_DKYLYSSED|0.468
Q13131|Q13200_KYLYSSEDY|0.0
Q13131|Q13200_YLYSSEDYI|0.463
Q13131|Q13200_SSEDYIKSG|0.203
Q13131|Q13200_DYIKSGALL|0.0
Q13131|Q13200_EDVLTLLLP|0.0
Q13131|Q13200_VMGDSKSSM|0.53
Q13131|Q13200_LKDTYARWL|0.0
Q13131|Q13200_LDTLSKFSH|0.0
Q13131|Q13200_KNPNYDL__|0.0
Q13131|O43242_EEAATGGGS|0.0
Q13131|O43242_TGGGSTGEA|0.662
Q13131|O43242_AAEHSQREL|0.125
Q13131|O43242_LPSTSRRLN|0.0
Q13131|O43242_HYSLYDQAE|0.015
Q13131|O43242_ARYLYYTGR|0.418
Q13131|O43242_IQLEYSEAR|0.0
Q13131|O43242_QLEYSEARR|0.0
Q13131|O43242_ADGTYTLII|0.016
Q13131|O43242_DGTYTLIIR|0.0
Q13131|O43242_NVIKTGVRM|0.158
Q13131|O43242_MISLSYSRI|0.585
Q13131|O43242_ISLSYSRIS|0.238
Q13131|O43242_VIEASINHE|0.001
Q13131|O43242_HQRISFCLD|0.831
Q13131|O43242_KDLESAEER|0.0
Q13131|O43242_DDDDSFP__|0.001
Q13131|P55036_AAAASAAEA|0.0
Q13131|P55036_EEDDYDVMQ|0.0
Q13131|Q16401_HPDDSVKIL|0.0
Q13131|Q16401_ILTLSQIGR|0.0
Q13131|Q16401_IVENSDAVT|0.0
Q13131|Q16401_KQIVYCIGG|0.001
Q13131|Q16401_SGLVTQLLR|0.002
Q13131|Q16401_SSLLYLPPE|0.0
Q13131|Q16401_RMTESWFSS|0.0
Q13131|Q16401_LMFNSPGFV|0.027
Q13131|Q16401_GFVEYVVDR|0.0
Q13131|Q16401_KDAKYELVK|0.0
Q13131|Q16401_ALANSKTIA|0.0
Q13131|Q16401_GNPNYLRLR|0.014
Q13131|Q15008_EKAKSLIEE|0.0
Q13131|Q15008_TFVTYTVYV|0.0
Q13131|Q15008_TYTVYVSMI|0.0
Q13131|Q15008_TVYVSMIAL|0.635
Q13131|Q15008_KNWQYQETI|0.0
Q13131|Q15008_QYQETIKKG|0.0
Q13131|P51665_HDDGTPTSK|0.245
Q13131|P51665_TTVGTLSQR|0.346
Q13131|P51665_VGTLSQRIT|0.548
Q13131|P51665_VYLASLIRS|0.03
Q13131|P51665_SLIRSVVAL|0.452
Q13131|P48556_RCRKSGGLL|0.0
Q13131|P48556_LLAASRKMA|0.32
Q13131|P48556_PKKMTDYAK|0.0
Q13131|P48556_GPNNYYSFA|0.0
Q13131|P48556_PNNYYSFAS|0.0
Q13131|O00233____MSDEEA|0.925
Q13131|O00233_SGGSSQAGV|0.881
Q13131|O00233_IKANYDVLE|0.533
Q13131|O00233_DCEGYPRSD|0.517
Q13131|O00233_GYPRSDVDL|0.487
Q13131|O00233_DVDLYQVRT|0.845
Q13131|O00233_KLGQSESQG|0.891
Q13131|O00233_GQSESQGPP|0.0
Q13131|Q06323_EDLCTKTEN|0.0
Q13131|Q06323_LCTKTENLL|0.69
Q13131|Q06323_NLLGSYFPK|0.518
Q13131|Q06323_PKKISELDA|0.771
Q13131|Q06323_EANLSNLKA|0.538
Q13131|Q06323_HTQISKYFS|0.678
Q13131|Q06323_DEAEYRDIR|0.0
Q13131|Q06323_KGMIY____|0.066
Q13131|Q06323-2_QRQLSQATH|0.0
Q13131|Q9UL46_EKVLSLLAL|0.0
Q13131|Q9UL46_HVMDYRALV|0.0
Q13131|Q9UL46_DEAAYGELR|0.011
Q13131|Q9UL46_YAELYHIIS|0.022
Q13131|Q9UL46_KPSMY____|0.0
Q13131|P61289_LLTNSHDGL|0.945
Q13131|P61289_DGPTYKKRR|0.749
Q13131|P61289_GMLKSNQQL|0.735
Q13131|P61289_AELRTVESE|0.098
Q13131|P61289_RTVESEAAS|0.094
Q13131|P61289_SEAASYLDQ|0.012
Q13131|P61289_EAASYLDQI|0.309
Q13131|P61289_LDQISRYYI|0.001
Q13131|P61289_DEKEYISLR|0.541
Q13131|P61289_RPRSSNAET|0.0
Q13131|P61289_AETLY____|0.038
Q13131|Q9GZU8_PEEVYDPRS|0.0
Q13131|Q9GZU8_YDPRSLYER|0.0
Q13131|Q9GZU8_PRSLYERLQ|0.001
Q13131|Q9GZU8_KQQEYEEQF|0.0
Q13131|Q9GZU8_EKKLTVKPI|0.0
Q13131|Q9GZU8_KPIETKNKF|0.0
Q13131|Q9GZU8_FRTNTFLEA|0.0
Q13131|Q14997_RKLSTYIRL|0.614
Q13131|Q14997_KLSTYIRLY|0.0
Q13131|Q14997_KAITYFEIF|0.0
Q13131|Q14997_GLFNSITSF|0.045
Q13131|Q14997_FNSITSFYH|0.077
Q13131|Q14997_NSITSFYHP|0.0
Q13131|Q14997_EETETEKMT|0.001
Q13131|Q14997_THLESLVEL|0.005
Q13131|Q14997_ILDNSEDDT|0.0
Q13131|Q14997_HELRTLTVE|0.33
Q13131|Q14997_LRTLTVEGC|0.593
Q13131|Q14997_IHRQYETIG|0.0
Q13131|Q14997_KMAISAVAG|0.004
Q13131|Q14997_KLGRSREDM|0.675
Q13131|Q14997_SKHWTFEKV|0.0
Q13131|Q14997_RLLKYLEPK|0.146
Q13131|Q14997_NDNSYDELK|0.35
Q13131|Q14997_DTIPSAELV|0.0
Q13131|Q92530_SRIVSGIIT|0.0
Q13131|Q92530_SGIITPIHE|0.0
Q13131|Q92530_PPPGYDDMY|0.0
Q13131|Q92530_YDDMYL___|0.0
Q13131|Q969U7_TPFRYLLTP|0.045
Q13131|Q9BT73__MEDTPLVI|0.0
Q13131|Q9BT73_VKDKSMEGL|0.0
Q13131|Q9UIG5_HLAATQDDC|0.0
Q13131|Q8WXF1_SPVVSNELL|0.54
Q13131|Q8WXF1_KTQQYHKER|0.549
Q13131|Q8WXF1_FEFEYASRW|0.493
Q13131|Q8WXF1_ANMGTPMMP|0.015
Q13131|Q8WXF1_SPMGSRTGS|0.67
Q13131|Q8WXF1_TGSETPQAP|0.637
Q13131|Q8WXF1_QAPMSGVGP|0.381
Q13131|P78330_PPHLTPGIR|0.0
Q13131|O60542_KAGGTWLGT|0.005
Q13131|O60542_SLTLSVAEL|0.14
Q13131|Q6PGN9_TVLVTPEKP|0.0
Q13131|Q6PGN9_RVKPSPRRE|0.001
Q13131|Q6PGN9_PRRETFVLK|0.0
Q13131|Q6PGN9_PTVNSLTRS|0.56
Q13131|Q6PGN9_LTRSTPSPS|0.0
Q13131|Q6PGN9_PSPSSLTPR|0.0
Q13131|Q6PGN9_LFPASKSPA|0.0
Q13131|Q6PGN9_KSPASSPLT|0.0
Q13131|Q6PGN9_KLRVSGSGE|0.848
Q13131|Q6PGN9_FLHPSPPGP|0.0
Q13131|Q6PGN9_LPPDSLSTR|0.014
Q13131|Q6PGN9_PDSLSTRKG|0.0
Q13131|Q6PGN9_DSLSTRKGL|0.0
Q13131|Q6PGN9_VMGATRSNL|0.0
Q13131|Q6PGN9-3_HSQQSAAPQ|0.0
Q13131|Q6PGN9-3_APQESGSPR|0.0
Q13131|O60293_SSSSSGGGL|0.006
Q13131|O60293_GLLPYPRRR|0.0
Q13131|O60293_LRNFSRSRH|0.639
Q13131|O60293_NFSRSRHAS|0.88
Q13131|O60293_VRMPSSSLS|0.474
Q13131|O60293_RMPSSSLSE|0.509
Q13131|O60293_MPSSSLSES|0.0
Q13131|O60293_SSSLSESSP|0.0
Q13131|O60293_WREPSPPRK|0.066
Q13131|O60293_PPRKSSKSF|0.032
Q13131|O60293_PRKSSKSFG|0.05
Q13131|O60293_KSSKSFGRS|0.418
Q13131|O60293_SFGRSPSRK|0.565
Q13131|O60293_GRSPSRKQN|0.485
Q13131|O60293_RQKLTLPGD|0.622
Q13131|O60293_AKPLSLKSD|0.003
Q13131|O60293_TTDSSQGLQ|0.245
Q13131|O60293_RRISTSDIL|0.982
Q13131|O60293_RISTSDILS|0.996
Q13131|O60293_LALQSASKK|0.925
Q13131|O60293_KVSTTAKQA|0.474
Q13131|O60293_RRSRSKSSD|0.485
Q13131|O60293_SRSKSSDPD|0.887
Q13131|O60293_DLRRSLDKQ|0.906
Q13131|O60293_LGYFSPAPS|0.0
Q13131|O60293_TSSNSDPPS|0.897
Q13131|O60293_EASKSTNSV|0.606
Q13131|O60293_KSTNSVFGG|0.773
Q13131|O60293_VPPKSEKEN|0.0
Q13131|O60293_QLKTSSSSP|0.512
Q13131|O60293_SFLESNYFT|0.0
Q13131|O60293_LNKNTVEKP|0.0
Q13131|O60293_QKLYSKADS|0.554
Q13131|O60293_SKADSLKQL|0.0
Q13131|O60293_RPYHSPLLV|0.335
Q13131|O60293_RFSPYYRTK|0.44
Q13131|O60293_FSPYYRTKE|0.281
Q13131|O60293_SAEKYVEKL|0.005
Q13131|O60293_SKGHTPPFT|0.484
Q13131|O60293_FFYLSCVPK|0.002
Q13131|Q8IV42_QSMRYEVYQ|0.586
Q13131|Q8IV42_ARKYSLGFC|0.534
Q13131|Q8IV42_CPLETCLQR|0.223
Q13131|O43586_KAMESKKTY|0.0
Q13131|O43586_QVEKSQNKA|0.0
Q13131|O43586_QEHRTTCEA|0.005
Q13131|O43586_EHRTTCEAF|0.0
Q13131|O43586_LEGCSIDAD|0.0
Q13131|O43586_PLTSSPGIQ|0.0
Q13131|O43586_IKRFSGLLH|0.0
Q13131|O43586_LLHGSPKTT|0.0
Q13131|O43586_ASTETLTPT|0.0
Q13131|Q9H939_QFKKTMDAK|0.0
Q13131|Q9H939_RDIEYFVNQ|0.265
Q13131|Q9H939_NQRKTGQIP|0.0
Q13131|Q9H939_ENFYSSQKN|0.642
Q13131|Q9H939_NFYSSQKNA|0.0
Q13131|Q9H939_DDPNYSLVD|0.696
Q13131|Q9H939_LVDDYSLLY|0.655
Q13131|Q9H939_YSLLYQ___|0.648
Q13131|Q9H939-2__MTRSLFKG|0.0
Q13131|Q9H939-2_TRAFSG___|0.0
Q13131|P25105_KRGISLSLV|0.592
Q13131|P25105_EKFYSMRSS|0.139
Q13131|P25105_IPGNSLKN_|0.392
Q13131|Q7Z6K3__MAETSEEV|0.0
Q13131|Q7Z6K3_MAETSEEVA|0.0
Q13131|Q7Z6K3_PEARYNRSP|0.0
Q13131|Q7Z6K3_RYNRSPIVL|0.0
Q13131|Q7Z6K3_LIQETSLPS|0.0
Q13131|Q7Z6K3_IQETSLPSF|0.0
Q13131|Q7Z6K3_TSLPSFVTK|0.0
Q13131|Q7Z6K3_PSFVTKGNL|0.0
Q13131|Q7Z6K3_RLKRTPVPD|0.0
Q13131|Q9UKA9_NGNDSKKFK|0.0
Q13131|Q9UKA9_NQPIYIQYS|0.017
Q13131|Q9UKA9_NNDKSRDYT|0.0
Q13131|Q9UKA9_KKPGSKNFQ|0.0
Q13131|Q9UKA9_SFSKSTI__|0.0
Q13131|Q9UKA9_FSKSTI___|0.0
Q13131|Q9UKA9-3_PGALSPLAI|0.0
Q13131|O75127_LFRKSAAQF|0.918
Q13131|O75127_NLKTYHALL|0.037
Q13131|O75127_RLMLSLGLQ|0.787
Q13131|Q8WV60_IKGKYKSAL|0.0
Q13131|Q8WV60_GKYKSALQV|0.0
Q13131|Q8WV60_PLSQSLLAE|0.0
Q13131|Q96EY7_MAVVSAVRW|0.0
Q13131|Q96EY7_SATLSKVEG|0.0
Q13131|Q96EY7_QDDPYLMPA|0.635
Q13131|Q96EY7_IINSYPKYF|0.0
Q13131|Q96EY7_LMPEYFEPQ|0.0
Q13131|Q96EY7_ALNLYTELL|0.0
Q13131|Q96EY7_LNLYTELLN|0.625
Q13131|Q96EY7_SLATYHHII|0.0
Q13131|Q96EY7_LELAYQVHG|0.0
Q13131|Q96EY7_LTALTSDSD|0.247
Q13131|Q96EY7_SDSDTDSSS|0.0
Q13131|Q96EY7_SSSDSDSDT|0.606
Q13131|Q13635_FQLMTPKQM|0.0
Q13131|Q13635_LKSFSDVSV|0.763
Q13131|Q13635_RWDCSKSQG|0.019
Q13131|Q13635_NRLPTPSPE|0.719
Q13131|Q13635_LPTPSPEPP|0.019
Q13131|Q13635_TEGHSGPSN|0.0
Q13131|Q13635_ERRDSKVEV|0.265
Q13131|Q9Y6C5____MTRSPP|0.225
Q13131|Q9Y6C5__MTRSPPLR|0.023
Q13131|Q9Y6C5_PPSYTPPAR|0.0
Q13131|Q9Y6C5_PPPATQAPR|0.0
Q13131|Q9Y6C5_SGNLSSRGP|0.0
Q13131|Q96NR3_LRRLSVTSK|0.285
Q13131|Q9P2K9_NHEASQRFD|0.289
Q13131|Q9P2K9_PDGPTKGFF|0.0
Q13131|Q9P2K9_PGQLSHGAV|0.042
Q13131|Q3KNS1_SYRFSASRR|0.0
Q13131|Q3KNS1_RFSASRRST|0.0
Q13131|Q3KNS1_MRLLYYLKT|0.0
Q13131|Q3KNS1_EDPEYDVQS|0.0
Q13131|Q3KNS1_VVHFTSLSR|0.0
Q13131|Q3KNS1_VHFTSLSRQ|0.0
Q13131|Q3KNS1_FTSLSRQLE|0.0
Q13131|Q3KNS1_AWHKTNLAD|0.0
Q13131|Q3KNS1_MSNVYSKAA|0.0
Q13131|Q3KNS1_SNVYSKAAV|0.0
Q13131|Q3KNS1_ILALYTGIM|0.0
Q13131|Q6ZW05_TATLSSSMK|0.054
Q13131|Q6ZW05_RRLCSGFTA|0.003
Q13131|Q6ZW05_AGDESNIIA|0.006
Q13131|Q6ZW05_ASRLYLVAR|0.0
Q13131|Q6ISU1_RALGSHRLH|0.0
Q13131|P48651___MASCVGS|0.0
Q13131|P48651_SCVGSRTLS|0.28
Q13131|P48651_DDVNYKMHF|0.0
Q13131|P48651_KDIHTTTGK|0.0
Q13131|P48651_DIHTTTGKI|0.0
Q13131|P48651_IHTTTGKIK|0.0
Q13131|P48651_ASWTYVRWF|0.0
Q13131|P48651_SPEISWHHR|0.0
Q13131|P48651_HRKGTKGSE|0.0
Q13131|P48651_GTKGSEDSP|0.13
Q13131|P48651_RNRHSKSKV|0.0
Q13131|Q9BVG9_PDGPSAGQA|0.0
Q13131|Q9BVG9_EGRRSTESE|0.0
Q13131|Q9BVG9_GRRSTESEV|0.039
Q13131|Q9BVG9_QFLKYVDPK|0.0
Q13131|Q9BVG9_FLGWYLKTL|0.0
Q13131|Q9BVG9_MREIYDFMD|0.499
Q13131|P60484_RRYVYYYSY|0.468
Q13131|P60484_RYVYYYSYL|0.54
Q13131|P60484_YVYYYSYLL|0.433
Q13131|P60484_VYYYSYLLK|0.671
Q13131|P60484_YYYSYLLKN|0.055
Q13131|P60484_KIYSSNSGP|0.537
Q13131|P60484_VENGSLCDQ|0.668
Q13131|P60484_QEIDSICSI|0.014
Q13131|Q96BW5____MSSLSG|0.0
Q13131|Q96BW5_LVEPSKLGR|0.0
Q13131|Q96BW5_QEAISKEPI|0.0
Q13131|Q96BW5_TRAMSVEQL|0.018
Q13131|Q96BW5_GGHGYSHIL|0.0
Q13131|Q96BW5_GHGYSHILT|0.217
Q13131|Q96BW5_SHILTNVVP|0.019
Q13131|Q96BW5_LRGITENVL|0.0
Q13131|Q7RTS3_LRGLSGAAA|0.635
Q13131|Q7RTS3_RRVRSEAEL|0.969
Q13131|Q7RTS3_RRMQSINDA|0.682
Q13131|Q7RTS3_SHIPTLPYE|0.0
Q13131|Q13258_GREASPQPL|0.0
Q13131|Q13258_LRYRSRCSN|0.0
Q13131|Q13258_RCSNSTNME|0.0
Q13131|Q13258_CSNSTNMES|0.0
Q13131|Q13258_TNMESSL__|0.471
Q13131|Q13258_NMESSL___|0.001
Q13131|P41222_GSYSYRSPH|0.0
Q13131|P41222_FRMATLYSR|0.0
Q13131|P41222_MATLYSRTQ|0.618
Q13131|P41222_ATLYSRTQT|0.606
Q13131|P43116_NDSQSEDCE|0.0
Q13131|P43116_EDCETRQWL|0.0
Q13131|P43116_SVMFSAGVL|0.235
Q13131|P43116_DVGCSAGRR|0.0
Q13131|P43116_AGRRSSLSL|0.0
Q13131|P43116_RHGRTAYLQ|0.0
Q13131|P43116_GRTAYLQLY|0.0
Q13131|P43116_PSLGSGRGG|0.009
Q13131|P43115_ETRGYGGDA|0.0
Q13131|P43115_APFCTRLNH|0.0
Q13131|P43115_QLLTTPVVI|0.0
Q13131|P35408_AAAASVASR|0.0
Q13131|P35408_HPAASPALP|0.147
Q13131|P35408_LPRLSDFRR|0.585
Q13131|P35408_LLRKTVLSK|0.872
Q13131|P35408_KTVLSKAIE|0.0
Q13131|P35408_STSQTLLPD|0.0
Q13131|P35408_LPDLSLPDL|0.0
Q13131|O14684_GGPQYCRSD|0.0
Q13131|Q9H7Z7_AGGPSPVAA|0.004
Q13131|Q9H7Z7_GLYHTARWH|0.003
Q13131|Q9H7Z7_HAERSAAQL|0.832
Q13131|Q9H7Z7_QLSLSSRLQ|0.0
Q13131|Q9H7Z7_YQYKTCPFC|0.0
Q13131|Q9H7Z7_HALPYQVVE|0.0
Q13131|Q9H7Z7_EIITYYPAM|0.0
Q13131|Q9H7Z7_GKEVTEFGN|0.0
Q13131|Q9H7Z7_FGNKYWLML|0.0
Q13131|Q9H7Z7_EALASFDYI|0.0
Q13131|Q9H7Z7_ASFDYIVRE|0.0
Q13131|Q9H7Z7_AVAKYMGAA|0.0
Q13131|Q9H7Z7_AAAMYLISK|0.0
Q13131|Q9H7Z7_MYLISKRLK|0.017
Q13131|Q9H7Z7_REDLYEAAD|0.0
Q13131|Q9H7Z7_ITEASPAH_|0.0
Q13131|E9PB15_LDDDSDSAD|0.554
Q13131|E9PB15_DDSDSADDA|0.529
Q13131|P43088_GHRDYKIQA|0.0
Q13131|Q9P2B2_YEQRYHSGD|0.0
Q13131|Q9P2B2_SKEHTDTFN|0.0
Q13131|Q9P2B2_EHTDTFNFR|0.0
Q13131|Q9P2B2_SWVKSKDVF|0.0
Q13131|Q9P2B2_AAGNTFEMT|0.0
Q13131|Q9P2B2_TCKVSSKNI|0.0
Q13131|Q9P2B2_CKVSSKNIK|0.0
Q13131|P43119_YVRGSVGPA|0.45
Q13131|P43119_VGPATSTLM|0.454
Q13131|P43119_GPATSTLMF|0.003
Q13131|P43119_PRAPSAPVG|0.483
Q13131|Q16647_KDAASFLTR|0.0
Q13131|Q16647_HYSPSDEKA|0.105
Q13131|Q16647_DRVHSADVF|0.59
Q13131|Q16647_DPEIYTDPE|0.0
Q13131|Q16647_PEIYTDPEV|0.0
Q13131|Q8N8N7_MEEVYLPDN|0.0
Q13131|Q8N8N7_SVDPYMRCR|0.0
Q13131|Q8N8N7_PPPLSPAIE|0.0
Q13131|P01270_ICFLTKSDG|0.0
Q13131|P01270_FLTKSDGKS|0.0
Q13131|P01270_VKKRSVSEI|0.817
Q13131|P01270_KRSVSEIQL|0.659
Q13131|P01270_KHLNSMERV|0.617
Q13131|Q96A98_HWLNSYMHK|0.0
Q13131|Q96A98_WLNSYMHKL|0.0
Q13131|P49190_LMLGSCLLA|0.448
Q13131|P49190_VGHDTRKQY|0.0
Q13131|P49190_PPCGSRRCG|0.0
Q13131|Q03431_LSSAYALVD|0.0
Q13131|Q03431_LYPESEEDK|0.0
Q13131|Q03431_KEAPTGSRY|0.0
Q13131|Q03431_APTGSRYRG|0.0
Q13131|Q03431_GMIYTVGYS|0.004
Q13131|Q03431_SEKKYLWGF|0.0
Q13131|Q03431_EIKKSWSRW|0.0
Q13131|Q03431_RKARSGSSS|0.564
Q13131|Q03431_SSYSYGPMV|0.0
Q13131|Q03431_MVSHTSVTN|0.001
Q13131|Q03431_GLPLSPRLL|0.059
Q13131|Q03431_PALETLETT|0.0
Q13131|P12272_VQQWSVAVF|0.0
Q13131|P12272_VFLLSYAVP|0.076
Q13131|P12272_VEGLSRRLK|0.018
Q13131|P12272_NSKPSPNTK|0.0
Q13131|P12272_NKVETYKEQ|0.0
Q13131|P20962_AAELSAKDL|0.6
Q13131|P20962_EEKASRKER|0.0
Q13131|P20962_EEEETAEDG|0.0
Q13131|P20962_KRQKTENGA|0.0
Q13131|P21246_AECKYQFQA|0.0
Q13131|P21246_CDLNTALKT|0.0
Q13131|P21246_ECQKTVTIS|0.0
Q13131|Q86YD1_SWPASPRGP|0.0
Q13131|Q86YD1_PIGPSSPGL|0.0
Q13131|Q86YD1_IGPSSPGLT|0.005
Q13131|Q86YD1_GLAVSEHRL|0.131
Q13131|Q86YD1_GLIPYDQSG|0.0
Q13131|Q86YD1_PSHVYVNQG|0.0
Q13131|Q05209_RRLSTKYRT|0.629
Q13131|Q05209_KKNRYKDIL|0.132
Q13131|Q05209_LKTPSQDSD|0.499
Q13131|Q05209_QDSDYINAN|0.0
Q13131|Q05209_QLQLYEIHG|0.063
Q13131|Q05209_NEINTENMV|0.106
Q13131|Q05209_ENMVSSIEP|0.0
Q13131|Q05209_PRTRSCLVE|0.897
Q13131|Q05209_ILTPSPPSA|0.001
Q13131|Q05209_LHMVSSEQH|0.664
Q13131|Q05209_HMVSSEQHS|0.758
Q13131|Q05209_SEQHSADLN|0.0
Q13131|Q05209_NYSKSTELP|0.0
Q13131|Q05209_IKIKSASPC|0.561
Q13131|Q05209_NVGDTSQNS|0.0
Q13131|Q05209_VGDTSQNSC|0.0
Q13131|Q05209_TSQNSCVDC|0.0
Q13131|Q05209_SNKVSVTPP|0.001
Q13131|Q05209_QTRKTVSLT|0.0
Q13131|Q05209_TQVETPDLV|0.0
Q13131|Q05209_TQNKTNIST|0.0
Q13131|Q05209_SAATSTESI|0.684
Q13131|Q05209_VLPMSIARH|0.002
Q13131|Q05209_GTTHSGAEK|0.678
Q13131|Q05209_LPERTPESF|0.322
Q13131|Q05209_SQERSEQKK|0.0
Q13131|Q05209_EQKKSEGLI|0.638
Q13131|Q05209_GLITSENEK|0.644
Q13131|Q05209_GGIHYEMCI|0.22
Q13131|Q05209_PSEWT____|0.0
Q13131|Q15256_PVFIYKHSQ|0.0
Q13131|Q15256_PQKIYRHSY|0.016
Q13131|Q15256_EIHLSPITL|0.415
Q13131|Q15256_SVCPSPFKM|0.0
Q13131|Q15256_GSNVSLTLD|0.0
Q13131|Q15256_EPFVSIPTP|0.0
Q13131|Q15256_VSIPTPREK|0.376
Q13131|Q15256_PNPLSRVCL|0.0
Q13131|Q15256_PKNVTDSLS|0.136
Q13131|Q15256_IRGYSGKEK|0.298
Q13131|Q15256_KCVLYWPEK|0.0
Q13131|Q15256_HVKHYWYTS|0.001
Q13131|P18031_QIDKSGSWA|0.553
Q13131|P18031_DKSGSWAAI|0.991
Q13131|P18031_NRNRYRDVS|0.975
Q13131|P18031_PFDHSRIKL|0.691
Q13131|P18031_YINASLIKM|0.996
Q13131|P18031_MEKGSLKCA|0.885
Q13131|P18031_LTLISEDIK|0.915
Q13131|P18031_SGSLSPEHG|0.603
Q13131|P18031_GIGRSGTFC|0.479
Q13131|P18031_GRSGTFCLA|0.602
Q13131|P18031_VKEETQEDK|0.51
Q13131|P18031_NAAPYGIES|0.607
Q13131|Q93096_PTNATLNKF|0.733
Q13131|Q93096_GAFNSKQLL|0.0
Q13131|Q93096_KQLLYLEKY|0.0
Q13131|Q12974_VEISYENMR|0.062
Q13131|Q12974_PTNATLNKF|0.596
Q13131|Q12974_CDATYDKAP|0.0
Q13131|Q12974_GAFNSKQLL|0.0
Q13131|Q12974_KQLLYLEKY|0.0
Q13131|O75365_PVEVSYKHM|0.316
Q13131|A2A3K4_LERPTPKYT|0.098
Q13131|A2A3K4_RRLSYSDSD|0.0
Q13131|A2A3K4_EQGETPQTV|0.0
Q13131|A2A3K4_ETPQTVPAQ|0.0
Q13131|A2A3K4_YIPQSPEPD|0.0
Q13131|A2A3K4_LSFWSQSKF|0.0
Q13131|A2A3K4_KDNGSPIFH|0.077
Q13131|A2A3K4_GEPVSPSFA|0.0
Q13131|A2A3K4_HGVGSPGSV|0.0
Q13131|A2A3K4_GSPGSVRQN|0.0
Q13131|A2A3K4_QNSRTPRSP|0.393
Q13131|A2A3K4_LDCGSSPKA|0.0
Q13131|A2A3K4_TVYNTLKKI|0.0
Q13131|A2A3K4_KRKMTKDGP|0.003
Q13131|B0YJ81_MGRLTEAAA|0.451
Q13131|B0YJ81_AAAGSGSRA|0.765
Q13131|B0YJ81_AGSGSRAAG|0.428
Q13131|B0YJ81_TGMFSIRLP|0.805
Q13131|Q9P035_RVELSDVQN|0.02
Q13131|Q9P035_ESEGSPETL|0.609
Q13131|Q6Y1H2_AVAATAAAK|0.042
Q13131|Q6Y1H2_PMGVSGELL|0.27
Q13131|Q8WUK0_PTLLYTLFR|0.39
Q13131|Q8WUK0_TLLYTLFRG|0.005
Q13131|Q8WUK0_HRDWYHRID|0.237
Q13131|Q8WUK0_MNEEYETRF|0.029
Q13131|Q8WUK0-3_PSLLSHLFA|0.0
Q13131|Q8WUK0-3_HLFASAAGT|0.0
Q13131|Q12923_KIHIYSLGM|0.0
Q13131|Q12923_IHIYSLGMT|0.0
Q13131|Q12923_DHLNSILLG|0.24
Q13131|Q12923_PTGRSSTSD|0.0
Q13131|Q12923_TGRSSTSDV|0.602
Q13131|Q12923_QDENYFKDI|0.0
Q13131|Q12923_ENTFSPYQF|0.001
Q13131|Q12923_IDVLSKKKI|0.46
Q13131|Q12923_KIWASSMDL|0.769
Q13131|Q12923_VRTSTTPRK|0.0
Q13131|Q12923_EARYSDGSI|0.021
Q13131|Q12923_YSDGSIALD|0.008
Q13131|Q12923_MDPIYHTRE|0.0
Q13131|Q12923_PVRRYKTYH|0.0
Q13131|Q12923_KRFESSSGL|0.788
Q13131|Q12923_ALRQSRLSL|0.227
Q13131|Q12923_QSRLSLYPG|0.004
Q13131|Q12923_RLSLYPGDT|0.0
Q13131|Q12923_YPGDTIKAS|0.0
Q13131|Q12923_TIKASMLDI|0.777
Q13131|Q12923_IALETAMTQ|0.0
Q13131|Q12923_KISFSKKKI|0.0
Q13131|Q12923_TLQNTSDGI|0.0
Q13131|Q12923_LQNTSDGIK|0.002
Q13131|Q12923_IERASFRSL|0.0
Q13131|Q12923_LQAESVRGF|0.002
Q13131|Q12923_RAISTGSLA|0.595
Q13131|Q12923_GSLASSTLN|0.0
Q13131|Q12923_SLASSTLNK|0.576
Q13131|Q12923_LASSTLNKL|0.0
Q13131|Q12923_VRPLSVQAE|0.051
Q13131|Q12923_LKRLSCSEL|0.984
Q13131|Q12923_RLSCSELSL|0.513
Q13131|Q12923_ELSLYQPLQ|0.0
Q13131|Q12923_EMSKSYHDL|0.758
Q13131|Q12923_QMSRSDAES|0.809
Q13131|Q12923_SDAESLAGV|0.0
Q13131|Q12923_KLNNSKSVA|0.012
Q13131|Q12923_NNSKSVASL|0.0
Q13131|Q12923_RKHESDSSS|0.475
Q13131|Q12923_KDAKYGLGF|0.0
Q13131|Q12923_SKVPSTPVH|0.0
Q13131|Q12923_KVPSTPVHL|0.01
Q13131|Q12923_LRHISENSF|0.0
Q13131|Q12923_ISENSFGPS|0.408
Q13131|Q12923_DEATYSSSQ|0.0
Q13131|Q12923_QESSSSVNT|0.0
Q13131|Q12923_MNFKTFSSS|0.0
Q13131|Q12923_KTFSSSPPK|0.0
Q13131|Q12923_TFSSSPPKP|0.0
Q13131|Q12923_EKGQSPTSK|0.0
Q13131|Q12923_HVPVTPQCT|0.001
Q13131|Q12923_VNGASLKGL|0.0
Q13131|Q12923_LKGLSQQEV|0.0
Q13131|Q12923_ALRGTAPEV|0.0
Q13131|Q12923_TALLTPLQS|0.002
Q13131|Q12923_QSTSSDENE|0.0
Q13131|Q12923_DPAKSDGRL|0.0
Q13131|Q12923_PVVPSSKRS|0.277
Q13131|Q12923_VVPSSKRSA|0.0
Q13131|Q12923_QIKGSPNLT|0.0
Q13131|Q12923_DCDGSPLPE|0.0
Q13131|Q12923_DKDHSFLTN|0.266
Q13131|Q12923_RKNRYKNIL|0.513
Q13131|Q12923_NILPYDATR|0.0
Q13131|Q12923_ILGKTTMVS|0.0
Q13131|Q12923_LGKTTMVSN|0.215
Q13131|Q12923_TTMVSNRLR|0.478
Q13131|Q12923-3_LQAESVRGF|0.001
Q13131|Q12923-3_RKHESDSSS|0.399
Q13131|Q12923-3_ESDSSSIED|0.0
Q13131|Q12923-3_SDSSSIEDP|0.0
Q13131|Q12923-3_PGQAYVLDV|0.0
Q13131|Q12923-3_HKRWSIVSS|0.0
Q13131|Q12923-3_WSIVSSPER|0.0
Q13131|Q15678_RTRRYNVLS|0.0
Q13131|Q15678_NCFVTRIRL|0.001
Q13131|Q15678_CTEQSNSPP|0.082
Q13131|Q15678_RRQPTWSRS|0.888
Q13131|Q15678_QPTWSRSSL|0.0
Q13131|Q15678_TWSRSSLPR|0.002
Q13131|Q15678_WSRSSLPRQ|0.843
Q13131|Q15678_SSNLSIPGS|0.003
Q13131|Q15678_MRADYIPSH|0.774
Q13131|Q15678_SHRHSAIIV|0.957
Q13131|Q15678_IVPSYRPTP|0.0
Q13131|Q15678_PTPDYETVM|0.0
Q13131|Q15678_PDYETVMRQ|0.0
Q13131|Q15678_LHTDSQSQS|0.92
Q13131|Q15678_TDSQSQSLR|0.703
Q13131|Q15678_SQSQSLRNL|0.841
Q13131|Q15678_NIINTHAYN|0.0
Q13131|Q15678_EDLVYSQPE|0.046
Q13131|Q15678_ERHPYTVPY|0.242
Q13131|Q15678_RHPYTVPYG|0.167
Q13131|Q15678_PQGVYSNKL|0.371
Q13131|Q15678_SHTVSTPEL|0.897
Q13131|Q15678_RPATSTPDL|0.857
Q13131|Q15678_PATSTPDLA|0.558
Q13131|Q15678_PDLVTRKVQ|0.541
Q13131|Q15678_KVQLSVKTF|0.0
Q13131|Q15678_VVHQSLQEV|0.95
Q13131|Q15678_ARRNTLREQ|0.954
Q13131|Q15678_PEEGSGSHE|0.0
Q13131|Q15678_EGSGSHEVP|0.0
Q13131|Q15678_EKMEYSAQL|0.036
Q13131|Q15678_GPRKSVSNG|0.68
Q13131|Q15678_RKSVSNGAL|0.947
Q13131|Q15678_AKAISMSRT|0.0
Q13131|Q15678_SMSRTDPPA|0.162
Q13131|Q15678_VNGASLGPS|0.254
Q13131|Q15678_EPDLTSVKE|0.0
Q13131|Q15678_ERPVSEMFS|0.882
Q13131|Q15678_SLEDSIIER|0.111
Q13131|Q15678_LNGLSVARV|0.597
Q13131|Q15678_VFTEYEQIP|0.0
Q13131|Q15678_IAMVTAEEE|0.077
Q13131|Q15678_GVGRTGVLI|0.057
Q13131|P17706_WQPLYLEIR|0.102
Q13131|P17706_ESHDYPHRV|0.424
Q13131|P17706_YRDVSPYDH|0.571
Q13131|P17706_DVSPYDHSR|0.842
Q13131|P17706_AENDYINAS|0.007
Q13131|P17706_YINASLVDI|0.537
Q13131|P17706_GLIQTPDQL|0.34
Q13131|P17706_NKIMTEKYN|0.369
Q13131|P17706_KMQDTMEEN|0.0
Q13131|P17706_ENSESALRK|0.984
Q13131|P17706_KRWLYWQPI|0.007
Q13131|Q4JDL3_KVKLSLRNF|0.561
Q13131|Q4JDL3_RDRWSSEDE|0.0
Q13131|Q4JDL3_SQALSPLLS|0.0
Q13131|Q4JDL3_SPLLSDTRK|0.459
Q13131|Q4JDL3_RKIVSEGEL|0.0
Q13131|Q4JDL3_LEEKTAAYD|0.0
Q13131|Q4JDL3_KTAAYDIMQ|0.0
Q13131|Q4JDL3-11_QEFMTGTSH|0.0
Q13131|Q4JDL3-11_FMTGTSHSV|0.0
Q13131|Q16825_IQFQTEDME|0.499
Q13131|Q16825_AQLPSPAAA|0.016
Q13131|Q16825_VGAVSVPEL|0.92
Q13131|Q16825_RPANSTPDL|0.983
Q13131|Q16825_PANSTPDLS|0.555
Q13131|Q16825_SRHLYISSS|0.53
Q13131|Q16825_YISSSNPDL|0.825
Q13131|Q16825_PVAHSLQEV|0.614
Q13131|Q16825_ERTLSASAA|0.955
Q13131|Q16825_TLSASAAEV|0.761
Q13131|Q16825_PRAVSVGSQ|0.553
Q13131|Q16825_VSVGSQPSV|0.712
Q13131|Q16825_MLIHSSEEE|0.945
Q13131|Q16825_LIHSSEEEE|0.766
Q13131|Q16825_MMDSSPVRT|0.466
Q13131|Q16825_MPSMSESDL|0.892
Q13131|Q16825_KRPVSDLLS|0.8
Q13131|Q16825_GECSTARLP|0.703
Q13131|Q16825_TLCQYTFVY|0.62
Q13131|Q9Y2R2_EDSSYINAN|0.014
Q13131|Q9Y2R2_YIIRTLKVK|0.195
Q13131|Q9Y2R2_ADSYSPNLP|0.058
Q13131|Q9Y2R2_PITRTKSTP|0.692
Q13131|Q9Y2R2_AELNYSLPY|0.0
Q13131|Q9Y2R2_ELNYSLPYD|0.014
Q13131|Q9Y2R2_ALGVYSYIP|0.291
Q13131|Q9Y2R2_LGVYSYIPL|0.165
Q13131|Q9Y2R2_GVYSYIPLV|0.006
Q13131|Q9Y2R2_VENPYFSSW|0.0
Q13131|Q9Y2R2_SSKMSLDLP|0.568
Q13131|Q9Y2R2_KIGTSLEWG|0.012
Q13131|Q9Y2R2_HQDRSSPPP|0.483
Q13131|Q9Y2R2_QDRSSPPPP|0.123
Q13131|Q9Y2R2_QTLKTPGKS|0.002
Q13131|Q9Y2R2_GKSFTRSKS|0.005
Q13131|Q9H3S7_FEGCSVLRK|0.0
Q13131|Q9H3S7_QVVDYYKEA|0.0
Q13131|Q9H3S7_GQPDTVQDA|0.0
Q13131|Q9H3S7_HEASSLYSE|0.0
Q13131|Q9H3S7_AGAISITSK|0.0
Q13131|Q9H3S7_HEKASFTNS|0.0
Q13131|Q9H3S7_KASFTNSEL|0.001
Q13131|Q9H3S7_SFTNSELHR|0.0
Q13131|Q9H3S7_DITASLVTT|0.002
Q13131|Q9H3S7_RRVLSDLDQ|0.004
Q13131|Q9H3S7_LLERTQSTC|0.232
Q13131|Q9H3S7_RTQSTCQAR|0.0
Q13131|Q9H3S7_EELRSLPPD|0.267
Q13131|Q9H3S7_ERDPYEHPE|0.002
Q13131|Q9H3S7_ARGRSIAIA|0.0
Q13131|Q9H3S7_ARCYSLKNR|0.0
Q13131|Q9H3S7_DVMPYDSNR|0.018
Q13131|Q9H3S7_VMLVSEAEM|0.0
Q13131|Q9H3S7_ERVLSLQFR|0.055
Q13131|Q9H3S7_SASISQKNH|0.0
Q13131|Q9H3S7_LPQDSQDLV|0.51
Q13131|Q9H3S7_TPIPSSSPP|0.0
Q13131|Q9H3S7_PPPLSSPLP|0.0
Q13131|Q9H3S7_PEAFSLDSS|0.0
Q13131|Q9H3S7_SLDSSLRGK|0.0
Q13131|Q9H3S7_KQRMSKHNF|0.0
Q13131|Q9H3S7_ATRPSDDPL|0.639
Q13131|Q9H3S7_DDPLSLLDP|0.0
Q13131|Q9H3S7_DPLWTLNKT|0.562
Q13131|Q9H3S7_TLNKT____|0.587
Q13131|P26045_GVAVYRKYI|0.004
Q13131|P26045_WTMGSRNTK|0.0
Q13131|P26045_NTKKSVNNQ|0.632
Q13131|P26045_QDSDSEVSQ|0.001
Q13131|P26045_TQKSSSSVS|0.0
Q13131|P26045_PGSCSPDGV|0.049
Q13131|P26045_TKGGSTEDA|0.642
Q13131|P26045_DVLPYDTTR|0.116
Q13131|P26045_LPYDTTRVL|0.0
Q13131|P29074_VEFHYARDQ|0.0
Q13131|P29074_ARDQSNNEI|0.0
Q13131|P29074_IGVMSGGIL|0.207
Q13131|P29074_GILIYKNRV|0.0
Q13131|P29074_VFARSPSKP|0.0
Q13131|P29074_LPSRSPPGT|0.0
Q13131|P43378_QALFYLLDR|0.0
Q13131|P43378_KQGIYEEYE|0.009
Q13131|P43378_IYEEYEDIR|0.0
Q13131|P43378_NPVGTFHCS|0.0
Q13131|P43378_HCSMSPGNL|0.001
Q13131|P43378_NMNHYKKTT|0.001
Q13131|P43378_QRAFSIQTP|0.825
Q13131|P43378_PEQYYFCYK|0.0
Q13131|P43378_LAVESQ___|0.824
Q13131|P18433_LICVSANNA|0.0
Q13131|P18433_LLARSPSTN|0.018
Q13131|P18433_RSPSTNRKY|0.0
Q13131|P18433_TNRKYPPLP|0.0
Q13131|P18433_GVPDSDYIN|0.0
Q13131|P18433_FHFTSWPDF|0.0
Q13131|P18433_LQKIYNKIP|0.017
Q13131|P18433_KKLTSIKIQ|0.0
Q13131|P18433_DKMRTGNLP|0.801
Q13131|P18433_QTVKSLRLQ|0.475
Q13131|P18433_IDAFSDYAN|0.0
Q13131|P18433-6_TLEQYEFCY|0.0
Q13131|P18433-6_YEFCYKVVQ|0.0
Q13131|P23467___MLSHGAG|0.0
Q13131|P23467_YSSDTLGAA|0.0
Q13131|P23467_TNGSTVPSP|0.0
Q13131|P23467_STVPSPVKD|0.0
Q13131|P23467_CQGRTVPLA|0.0
Q13131|P23467_VTSISGDLK|0.0
Q13131|P23467_ISSETSRYS|0.0
Q13131|P23467_SSETSRYSF|0.0
Q13131|P23467_VRECSFSSL|0.0
Q13131|P23467_CSFSSLTPG|0.0
Q13131|P23467_GRLYTVTIT|0.538
Q13131|P23467_LYTVTITTR|0.0
Q13131|P23467_RSGKYENHS|0.0
Q13131|P23467_YENHSFSQE|0.0
Q13131|P23467_NHSFSQERT|0.0
Q13131|P23467_DNAYSSYSL|0.0
Q13131|P23467_WFNWSPASG|0.0
Q13131|P23467_ELILYNPNG|0.0
Q13131|P23467_NNRKSEGRI|0.0
Q13131|P23467_GRIVYGLRP|0.003
Q13131|P23467_PGRSYQFNV|0.0
Q13131|P23467_DRPLSVHLN|0.765
Q13131|P23467_GKNRYNNIL|0.0
Q13131|P23467_NILPYDATR|0.0
Q13131|P23467_PYDATRVKL|0.0
Q13131|P23467_TECQYVYLH|0.0
Q13131|P23467_CQYVYLHQC|0.0
Q13131|P23467_VNPEYHRDP|0.0
Q13131|P23467_RDPVYSRH_|0.0
Q13131|P23467-3_SRGPSRSAI|0.0
Q13131|P23467-3_VSVRSTRNT|0.0
Q13131|P23467-3_SVRSTRNTA|0.0
Q13131|P23467-3_AAENYSQNS|0.0
Q13131|P23467-3_YSQNSSERQ|0.0
Q13131|P23467-3_SQNSSERQH|0.0
Q13131|Q14761_DSGGYYHPA|0.0
Q13131|Q14761_SGGYYHPAR|0.0
Q13131|Q14761_LLWASPPGR|0.511
Q13131|Q14761_ELGSTDNDL|0.552
Q13131|Q14761_DEQDTDYDH|0.001
Q13131|Q14761_QDTDYDHVA|0.785
Q13131|Q14761_RDSDTEGDL|0.0
Q13131|P23468_QPLRTPRDE|0.0
Q13131|P23468_ECVASNNVG|0.0
Q13131|P23468_SPMPYVKWM|0.0
Q13131|P23468_AEDLTPEDD|0.0
Q13131|P23468_NGIITEYSI|0.0
Q13131|P23468_DTTKYLLEQ|0.0
Q13131|P23468_KWTEYRITV|0.0
Q13131|P23468_DGARSKPKL|0.0
Q13131|P23468_HKGASYVFR|0.0
Q13131|P23468_KGASYVFRL|0.0
Q13131|P23468_IITKYTLLY|0.0
Q13131|P23468_YTLLYRDIN|0.0
Q13131|P23468_DGRATQKLI|0.0
Q13131|P23468_NIKGYYIII|0.0
Q13131|P23468_IKGYYIIIV|0.042
Q13131|P23468_SRKSSIPNN|0.245
Q13131|P23468_PKNRYANVI|0.608
Q13131|P23468_NVIAYDHSR|0.0
Q13131|P23468_AYDHSRVLL|0.364
Q13131|P23468_GENVTGMEL|0.0
Q13131|P23468_NIMPYESTR|0.0
Q13131|P23468_PYESTRVCL|0.0
Q13131|P23468_KCHQYWPAE|0.0
Q13131|P23468_NMPQYILRE|0.0
Q13131|P23468_EFKVTDARD|0.181
Q13131|P23468_RDGQSRTVR|0.044
Q13131|P23468_GQSRTVRQF|0.468
Q13131|P23468_AALEYLGSF|0.0
Q13131|P23468_SFDHYAT__|0.0
Q13131|P23468-7_RSGGTPIRG|0.0
Q13131|P23469_KAVVSTSDK|0.0
Q13131|P23469_AVVSTSDKK|0.0
Q13131|P23469_LLSRSPSGP|0.054
Q13131|P23469_EKNRYPNIL|0.042
Q13131|P23469_PNDHSRVIL|0.001
Q13131|P23469_FRKLTNVRI|0.0
Q13131|P23469_QAVKSLRLQ|0.002
Q13131|P23469_IDIFSDYAN|0.0
Q13131|P10586_RSANYTCVA|0.002
Q13131|P10586_IGGLSPFSE|0.0
Q13131|P10586_LAVNSIGRG|0.487
Q13131|P10586_GYRVYYTPD|0.0
Q13131|P10586_YRVYYTPDS|0.001
Q13131|P10586_RVYYTPDSR|0.273
Q13131|P10586_YTPDSRRPP|0.0
Q13131|P10586_VGVFTPTIE|0.0
Q13131|P10586_VFTPTIEAR|0.0
Q13131|P10586_VLVRTDEDV|0.0
Q13131|P10586_EDVPSGPPR|0.0
Q13131|P10586_KIVTTTGAV|0.0
Q13131|P10586_IVTTTGAVP|0.328
Q13131|P10586_PGRPTMMIS|0.001
Q13131|P10586_TSKGSGPLS|0.0
Q13131|P10586_SGPLSPSIQ|0.0
Q13131|P10586_AAMKTSVLL|0.0
Q13131|P10586_AMKTSVLLS|0.76
Q13131|P10586_SVLLSWEVP|0.0
Q13131|P10586_KRTHSPSSK|0.063
Q13131|P10586_KDEQSIGLK|0.582
Q13131|P10586_LLAHSSDPV|0.696
Q13131|P10586_LAHSSDPVE|0.0
Q13131|P10586_RRLNYQTPG|0.236
Q13131|P10586_LNYQTPGMR|0.0
Q13131|P10586_PIPITDLAD|0.0
Q13131|P10586_FSQEYESID|0.0
Q13131|P10586_PKNRYANVI|0.645
Q13131|P10586_NVIAYDHSR|0.002
Q13131|P10586_AYDHSRVIL|0.002
Q13131|P10586_PGSDYINAN|0.24
Q13131|P10586_INANYIDGY|0.0
Q13131|P10586_KHEKTVDIY|0.0
Q13131|P10586_ARNLYAHIQ|0.632
Q13131|P10586_NIMPYELTR|0.0
Q13131|P10586_EGSDYINAS|0.0
Q13131|P10586_KCHQYWPAE|0.0
Q13131|P10586_NMPQYILRE|0.059
Q13131|P10586_TEDQYQLCY|0.07
Q13131|P10586_YQLCYRAAL|0.0
Q13131|P10586_AALEYLGSF|0.0
Q13131|P10586_SFDHYAT__|0.003
Q13131|P23470_LKDDYFVSG|0.0
Q13131|P23470_VVSKSAVRD|0.142
Q13131|P23470_AVRDSWNHD|0.0
Q13131|P23470_PDSLYLFRV|0.0
Q13131|P23470_NDMRSDFSQ|0.0
Q13131|P23470_RSDFSQTML|0.001
Q13131|P23470_PPTATEEQY|0.0
Q13131|P23470_REVPSSGER|0.0
Q13131|P23470_VPNESIPII|0.0
Q13131|P23470_HKNRYINIL|0.0
Q13131|P23470_KHSDYINAN|0.0
Q13131|P23470_INANYVDGY|0.0
Q13131|P23470_VVIQYHYTQ|0.0
Q13131|P23470_IQYHYTQWP|0.0
Q13131|P23470_GVPEYALPV|0.0
Q13131|P23470_CNAKYVECF|0.0
Q13131|P23470_TQDDYVLEV|0.0
Q13131|P23470_KAMLSLVST|0.006
Q13131|Q9HD43_TRNATTAHN|0.774
Q13131|Q9HD43_VEIVTSATA|0.001
Q13131|Q9HD43_GTRSTAHTN|0.001
Q13131|Q9HD43_TDPRTQSTS|0.0
Q13131|Q9HD43_STSGTDITL|0.023
Q13131|Q9HD43_GTDITLKEL|0.067
Q13131|Q9HD43_KMRESRPLM|0.633
Q13131|Q9HD43_LMVQTEAQY|0.168
Q13131|Q9HD43_TEAQYVFLH|0.0
Q13131|Q9HD43_ENLIYENVA|0.561
Q13131|Q12913_KAALSWSNG|0.0
Q13131|Q12913_NGNGTASCR|0.974
Q13131|Q12913_GKNRYNNVL|0.482
Q13131|Q12913_NVLPYDISR|0.0
Q13131|Q12913_QTHSTDDYI|0.589
Q13131|Q12913_STDDYINAN|0.371
Q13131|Q12913_INANYMPGY|0.773
Q13131|Q12913_YMPGYHSKK|0.279
Q13131|Q12913_PGYHSKKDF|0.064
Q13131|Q12913_EKNVYAIIM|0.718
Q13131|Q12913_IIMLTKCVE|0.0
Q13131|Q12913_LVRDYMKQS|0.524
Q13131|Q12913_IYQNTTAMT|0.011
Q13131|Q15262_LDPDTEYEI|0.411
Q13131|Q15262_TIIQTDEDV|0.299
Q13131|Q15262_AMGNTRQEM|0.235
Q13131|Q15262_MDRSYADQS|0.5
Q13131|Q15262_QHNFSPRYE|0.692
Q13131|Q15262_FSPRYENHS|0.381
Q13131|Q15262_YENHSATAE|0.474
Q13131|Q15262_DVPRYLCEG|0.459
Q13131|Q15262_LCEGTESPY|0.505
Q13131|Q15262_EGTESPYQT|0.803
Q13131|Q15262_TESPYQTGQ|0.498
Q13131|Q15262_SPYQTGQLH|0.63
Q13131|Q15262_AKNRYGNII|0.809
Q13131|Q15262_NIIAYDHSR|0.536
Q13131|Q15262_PSSDYINAN|0.398
Q13131|Q15262_INANYIDGY|0.422
Q13131|Q15262_FKAAYFDMI|0.142
Q13131|Q15262_LNSVTPRLQ|0.475
Q13131|Q15262_GMLRYGPIQ|0.44
Q13131|P28827_YKAVSSFDP|0.0
Q13131|P28827_KAVSSFDPE|0.0
Q13131|P28827_EIDLSNQSG|0.315
Q13131|P28827_LSNQSGRVS|0.998
Q13131|P28827_SGRVSKLGN|0.972
Q13131|P28827_TKKTTEILK|0.074
Q13131|P28827_KGAATPKPV|0.0
Q13131|P28827_RQEMTVMVN|0.898
Q13131|P28827_VMVNSMDKS|0.992
Q13131|P28827_GRSVSSPSS|0.992
Q13131|P28827_PSSFTMKTN|0.0
Q13131|P28827_DETHTMASD|0.464
Q13131|P28827_ASDTSSLVQ|0.888
Q13131|P28827_NIIAYDHSR|0.417
Q13131|Q16849_VSEGSPGMV|0.626
Q13131|Q16849_PGMVSVGPL|0.452
Q13131|Q16849_EKPASPAVQ|0.0
Q13131|Q16849_VLAGYGVEL|0.463
Q13131|Q16849_TTFEYQDLC|0.872
Q13131|Q16849_DFLPYDHAR|0.299
Q13131|Q16849_GRTGTYILI|0.443
Q13131|Q16849_RTGTYILID|0.448
Q13131|Q92932_PAAPSSVPR|0.0
Q13131|Q92932_AAPSSVPRG|0.0
Q13131|Q92932_PEASSPARP|0.0
Q13131|Q92932_PARPSKHSV|0.377
Q13131|Q92932_SERRYSREG|0.0
Q13131|Q92932_YVAHTSALT|0.0
Q13131|Q92932_LLPRTLGQL|0.0
Q13131|Q92932_PDELSPKVD|0.0
Q13131|Q92932_MAALSAYAA|0.0
Q13131|Q92932_ALSAYAAQR|0.0
Q13131|Q92932_EHPESSLSS|0.0
Q13131|Q92932_HPESSLSSE|0.0
Q13131|Q92932_ESSLSSEEE|0.0
Q13131|Q92932_SSLSSEEET|0.092
Q13131|Q92932_FIALTLVSL|0.0
Q13131|Q92932_LTLVSLACI|0.0
Q13131|Q92932_LRHSSQHRL|0.001
Q13131|Q92932_ATAAYQELC|0.0
Q13131|Q92932_SSVSSQFSD|0.0
Q13131|Q92932_GPIPSPSAR|0.0
Q13131|Q92932_PKNRSLAVL|0.872
Q13131|Q92932_DIAATLEHL|0.0
Q13131|Q16827_LLLVTLIIL|0.0
Q13131|Q16827_VNFASLERD|0.371
Q13131|Q16827_SMVQTEEQY|0.0
Q13131|Q16827_TEEQYIFIH|0.0
Q13131|Q16827_QFCISDVIY|0.0
Q13131|Q16827_SDVIYENVS|0.017
Q13131|Q16827-2_PYNWSKNGL|0.0
Q13131|Q9UMZ3_TTYTSPVTR|0.0
Q13131|Q9UMZ3_ERVGSAGIL|0.0
Q13131|Q9UMZ3_GILLSWNTP|0.0
Q13131|Q9UMZ3_LSWNTPPNP|0.0
Q13131|Q9UMZ3_ITGKSFSIL|0.028
Q13131|Q9UMZ3_GKSFSILWD|0.0
Q13131|Q9UMZ3_PTIVTGKFS|0.0
Q13131|Q9UMZ3_RVELYGPSG|0.0
Q13131|Q9UMZ3_LYGPSGRIL|0.0
Q13131|Q9UMZ3_TVPDSAPEN|0.0
Q13131|Q9UMZ3_NEERTINTT|0.25
Q13131|Q9UMZ3_NGIITQYMV|0.047
Q13131|Q9UMZ3_IDVKSVDND|0.0
Q13131|Q9UMZ3_ILSVTLCIL|0.0
Q13131|Q9UMZ3_DQLITVADL|0.0
Q13131|Q9UMZ3_PGSDYINAS|0.0
Q13131|Q9UMZ3_QKMDSLDAM|0.0
Q13131|Q9UMZ3_EWEETTM__|0.0
Q13131|Q9UMZ3_WEETTM___|0.0
Q13131|Q13332_DQGKYECVA|0.0
Q13131|Q13332_ECVATNSAG|0.006
Q13131|Q13332_VATNSAGVR|0.484
Q13131|Q13332_SIIKYELLF|0.0
Q13131|Q13332_PGPESSPVV|0.0
Q13131|Q13332_LQPETAYSI|0.0
Q13131|Q13332_TVAAYTMKG|0.0
Q13131|Q13332_VAAYTMKGD|0.0
Q13131|Q13332_SVQQTPEGS|0.0
Q13131|Q13332_TPLATLEFP|0.0
Q13131|Q13332_EDRYTASGV|0.0
Q13131|Q13332_RYTASGVHK|0.0
Q13131|Q13332_HKGATYVFR|0.0
Q13131|Q13332_PPVRYRTFL|0.0
Q13131|Q13332_RDQVSPKNF|0.0
Q13131|Q13332_VLPPTFHPG|0.0
Q13131|Q13332_DQKQYGGFD|0.0
Q13131|Q13332_LSQEYESID|0.0
Q13131|Q13332_PKNRYANVI|0.551
Q13131|Q13332_NVIAYDHSR|0.0
Q13131|Q13332_AYDHSRVIL|0.0
Q13131|Q13332_WEQRSATIV|0.0
Q13131|Q13332_QRSATIVMM|0.0
Q13131|Q13332_ARSLYAYIQ|0.0
Q13131|Q13332_SKAHTSRFI|0.004
Q13131|Q13332_KAHTSRFIS|0.0
Q13131|Q13332_NIMPYESTR|0.0
Q13131|Q13332_PYESTRVCL|0.0
Q13131|Q13332_KCHQYWPAE|0.0
Q13131|Q13332_NMPQYILRE|0.0
Q13131|Q13332_EFKVTDARD|0.018
Q13131|Q13332_RDGQSRTVR|0.0
Q13131|Q13332_GQSRTVRQF|0.132
Q13131|Q13332_AALEYLGSF|0.0
Q13131|Q13332_SFDHYAT__|0.0
Q13131|O14522_IDFHYYFSS|0.0
Q13131|O14522_DFHYYFSSR|0.24
Q13131|O14522_HYYFSSRDR|0.357
Q13131|O14522_YYFSSRDRS|0.0
Q13131|O14522_HRRFSATVS|0.0
Q13131|O14522_RFSATVSVA|0.0
Q13131|O14522_SATVSVADT|0.001
Q13131|O14522_TAQRSVSKY|0.003
Q13131|O14522_ARQLTLQWE|0.006
Q13131|O14522_EPFGYAVTR|0.104
Q13131|O14522_GYAVTRCHS|0.0
Q13131|O14522_SADLSSQRG|0.002
Q13131|O14522_ADLSSQRGK|0.183
Q13131|O14522_TKGASTQNS|0.0
Q13131|O14522_GVMLTIKRR|0.426
Q13131|O14522_DKNRSMDVL|0.328
Q13131|O14522-1_ALMVTRVVN|0.0
Q13131|O14522-1_QVDNTVKMA|0.0
Q13131|O14522-1_GVMLTIKRR|0.375
Q13131|O14522-1_PQDGYRIVQ|0.0
Q13131|O14522-1_QHLQYIGWP|0.003
Q13131|Q92729_GQNASFQCM|0.0
Q13131|Q92729_YEISYQSIE|0.0
Q13131|Q92729_RNETYHVFS|0.0
Q13131|Q92729_PGTTYLFSV|0.0
Q13131|Q92729_PISVYQVIV|0.0
Q13131|Q92729_FQAASHLKG|0.0
Q13131|Q92729_VTEASSLLG|0.0
Q13131|Q92729_GRKGSPYHT|0.512
Q13131|Q92729_KGSPYHTGQ|0.418
Q13131|Q92729_SPYHTGQLH|0.641
Q13131|Q92729_PMPAYDRHR|0.275
Q13131|Q92729_DKNRSMDVL|0.001
Q13131|Q92729_FLRWSAYRD|0.0
Q13131|P23471_WGKKYPTCN|0.016
Q13131|P23471_KKYPTCNSP|0.0
Q13131|P23471_KCNMSSDGS|0.474
Q13131|P23471_ILVETPKVD|0.002
Q13131|P23471_EDGDTDDDG|0.0
Q13131|P23471_KCFQTAHFY|0.363
Q13131|P23471_TAHFYLEDS|0.013
Q13131|P23471_STPPTPIFP|0.481
Q13131|P23471_LSKETEVLD|0.834
Q13131|P23471_FQLLSQSNI|0.461
Q13131|P23471_EKNRTSSII|0.933
Q13131|P23471_TQDDYVLEV|0.76
Q13131|P23471_DSPISKTFE|0.0
Q13131|P23471_YQFLYKVIL|0.001
Q13131|P23471_KVILSLVST|0.368
Q13131|P23471_LSLVSTRQE|0.376
Q13131|Q6NZI2_PEPSSAGAQ|0.456
Q13131|Q6NZI2_ELIKSDQVN|0.526
Q13131|Q6NZI2_GAVQSIQGE|0.897
Q13131|Q6NZI2_QGELSKLGK|0.71
Q13131|Q6NZI2_AHATTSNTV|0.594
Q13131|Q6NZI2_HATTSNTVS|0.507
Q13131|Q6NZI2_SNTVSKLLE|0.941
Q13131|Q6NZI2_TVRGSLERQ|0.88
Q13131|Q6NZI2_KKAFSKEKM|0.411
Q13131|Q6NZI2_TRLKTKENL|0.95
Q13131|Q6NZI2_KTRHTLEKR|0.656
Q13131|Q6NZI2_ARSKTAVYK|0.529
Q13131|Q6NZI2_KTAVYKVPP|0.84
Q13131|Q86Y79_IRERSQGPS|0.0
Q13131|Q9Y3E5_PKSKTSKTH|0.0
Q13131|Q9Y3E5_KTSKTHTDT|0.581
Q13131|Q9Y3E5_SKTHTDTES|0.0
Q13131|Q9Y3E5_THTDTESEA|0.643
Q13131|Q9Y3E5_TDTESEASI|0.438
Q13131|Q9Y3E5_ILGDSGEYK|0.717
Q13131|Q9Y3E5_AVSAYKQIQ|0.475
Q13131|Q03393_SKFLSDEEN|0.08
Q13131|P53801_AEMKTRHDE|0.0
Q13131|Q9NZH5_ESRPSIKAL|0.51
Q13131|Q9NZH5_YDAPSALPK|0.173
Q13131|Q9NZH5_QKQPSFSAK|0.562
Q13131|Q9NZH5_QPSFSAKKM|0.616
Q13131|Q9NZH5_SDDAYPEIE|0.025
Q13131|Q9NZH4_LKLGSGPSI|0.727
Q13131|Q9NZH4_GSGPSIKAL|0.908
Q13131|Q9NZH4_DAPTSLPKA|0.332
Q13131|Q9NZH4_QKQPSFSAK|0.651
Q13131|Q9NZH4_QPSFSAKKM|0.749
Q13131|Q96RQ1_NRKKTLSLV|0.029
Q13131|Q96RQ1_DGLVYEPTV|0.0
Q13131|Q96RQ1_HGHLYVNKV|0.027
Q13131|P26022_ELRQTRADL|0.665
Q13131|P26022_VLNKTILFS|0.0
Q13131|P17947_VPPPSEDLV|0.353
Q13131|P17947_TYQFSGEVL|0.424
Q13131|Q15397_FHKNSDSGS|0.0
Q13131|Q15397_KNSDSGSSK|0.001
Q13131|Q15397_GSSKTFPTR|0.0
Q13131|Q15397_KTFPTRKVA|0.533
Q13131|Q15397_NFEKSITKL|0.0
Q13131|Q15397_QGDKSPKNK|0.318
Q13131|Q15397_PDGRSDESA|0.0
Q13131|Q15397_RSDESAAKK|0.572
Q13131|Q15397_AIVEYAYND|0.0
Q13131|Q15397_TEELYGNTF|0.296
Q13131|Q15397_LYGNTFQLY|0.0
Q13131|Q15397_TFQLYKSAD|0.06
Q13131|Q15397_QLYKSADHR|0.0
Q13131|Q15397_ADHRTLDKV|0.018
Q13131|Q15397_KQILTPMAQ|0.654
Q13131|Q15397_EAVVYLAHT|0.186
Q13131|Q15397_VIVKTMKTY|0.001
Q13131|Q15397_SEIISSLPS|0.0
Q13131|Q15397_LYLLSPRDP|0.003
Q13131|Q15397_LESISPALL|0.0
Q13131|Q15397_VLDKSACVL|0.683
Q13131|Q15397_CVLVSDILG|0.0
Q13131|Q15397_DILGSATGD|0.001
Q13131|Q15397_LGSATGDVQ|0.0
Q13131|Q9BXH1_RHRPSPWRV|0.372
Q13131|Q14671_AMVDYFFQR|0.966
Q13131|Q14671_DHSVSQPIM|0.674
Q13131|Q14671_SEVNSVLSP|0.95
Q13131|Q14671_PRSESGGLG|0.96
Q13131|Q14671_GLGVSMVEY|0.508
Q13131|Q14671_SMVEYVLSS|0.465
Q13131|Q14671_SPGDSCLRK|0.72
Q13131|Q14671_RDADSDEND|0.85
Q13131|Q14671_KNKGTFDGD|0.41
Q13131|Q14671_DFSRTPGNC|0.846
Q13131|Q14671_QRPLTPNQN|0.48
Q13131|Q14671_SLTGSSDLY|0.507
Q13131|Q14671_SSDLYKRTS|0.691
Q13131|Q14671_GSGRYISAA|0.916
Q13131|Q14671_AEAKYRSAS|0.739
Q13131|Q14671_AKYRSASSA|0.789
Q13131|Q14671_YRSASSASS|0.894
Q13131|Q14671_SSASSLFSP|0.729
Q13131|Q14671_FSPSSTLFS|0.249
Q13131|Q14671_STLFSSSRL|0.709
Q13131|Q14671_TLFSSSRLR|0.292
Q13131|Q14671_LFSSSRLRY|0.166
Q13131|Q14671_VLVLSQHKF|0.019
Q13131|Q14671_HSALYTMMK|0.436
Q13131|Q14671_MKDQYANYV|0.396
Q13131|Q14671_QYANYVVQK|0.445
Q13131|Q14671_PHIATLRKY|0.749
Q13131|Q14671-4_RDADSDEND|0.001
Q13131|Q8TB72_ELLPTKKFW|0.472
Q13131|Q8TB72_HHSMSQPIM|0.454
Q13131|Q8TB72_FHGNSEVNA|0.987
Q13131|Q8TB72_GLGVSMVEY|0.524
Q13131|Q8TB72_SMVEYVLSS|0.463
Q13131|Q8TB72_YVLSSSPAD|0.724
Q13131|Q8TB72_VLSSSPADK|0.746
Q13131|Q8TB72_DKLDSRFRK|0.334
Q13131|Q8TB72_DFNRTPGSR|0.715
Q13131|Q8TB72_QQAESLAAA|0.0
Q13131|Q8TB72_RESLSTSSD|0.749
Q13131|Q8TB72_LSTSSDLYK|0.648
Q13131|Q8TB72_SSDLYKRSS|0.445
Q13131|Q8TB72_GSGRYISAA|0.954
Q13131|Q8TB72_AEAKYRSAS|0.819
Q13131|Q8TB72_SLFSSSSQL|0.347
Q13131|Q8TB72_FSSSSQLFP|0.397
Q13131|Q8TB72_SRLRYNRSD|0.607
Q13131|Q8TB72_QYANYVVQK|0.45
Q13131|Q8TB72_PHITTLRKY|0.842
Q13131|Q8TB72_TLRKYTYGK|0.663
Q13131|Q8TB72_RKYTYGKHI|0.438
Q13131|Q8TB72_LEKYYLKNS|0.436
Q13131|Q8TB72_YLKNSPDLG|0.432
Q13131|Q8IVU1_STHSTLLAN|0.53
Q13131|Q8IVU1_KLLAYNQHG|0.008
Q13131|Q8IVU1_DGNATVRFV|0.215
Q13131|Q8IVU1_VRFVSLRGA|0.523
Q13131|Q96QR8_FQPASRGGG|0.691
Q13131|Q96QR8_NKRFYLDVK|0.395
Q13131|Q96QR8_GAGGSKSRL|0.0
Q13131|Q96QR8_EFRDSLGDF|0.604
Q13131|Q96QR8_RALKSEFLV|0.683
Q13131|Q96QR8_GCNKYGVFL|0.009
Q13131|Q96QR8_EVKPSYRNA|0.263
Q13131|Q96QR8_VKPSYRNAI|0.511
Q13131|Q96QR8_RDKLYERRG|0.045
Q13131|Q00577_GHPGSGSGS|0.453
Q13131|Q00577_PGSGSGSGG|0.428
Q13131|Q00577_SGSGSGGGG|0.003
Q13131|Q00577_GGGGSGGGG|0.688
Q13131|Q00577_NKRFYLDVK|0.452
Q13131|Q00577_GGNKSRLTL|0.874
Q13131|Q00577_QLGPSQPPD|0.146
Q13131|Q00577_RALKSEFLV|0.739
Q13131|Q00577_NRKYYMDLK|0.746
Q13131|Q00577_RIRQTVNRG|0.782
Q13131|Q00577_TQGQTIALP|0.831
Q13131|Q00577_GSNKYGVFM|0.448
Q13131|Q00577_EVKPTYRNS|0.812
Q13131|Q00577_VKPTYRNSI|0.379
Q13131|Q00577_TYRNSITVP|0.908
Q13131|Q00577_ITVPYKVWA|0.454
Q13131|Q00577_TFCKYSEEM|0.647
Q13131|Q9UJV8_KKRFYLDVK|0.0
Q13131|Q9UJV8_HSAPSPPVS|0.0
Q13131|Q9UJV8_SPPVSVGSE|0.0
Q13131|Q9UJV8_VSVGSEEHP|0.212
Q13131|Q9UJV8_NKRFYFDVG|0.0
Q13131|Q9Y606_MRKMSFQRC|0.742
Q13131|Q9Y606_DKGVSAAGQ|0.494
Q13131|Q9Y606_SHLPSHIRI|0.516
Q13131|Q3MIT2_HVGSTASKN|0.417
Q13131|Q3MIT2_PPQLSVREH|0.01
Q13131|Q9BZE2_IRENSAGAG|0.456
Q13131|Q9BZE2_RGRDSEDFN|0.017
Q13131|Q9BZE2_QKPQYSMAV|0.0
Q13131|Q9BZE2_KPQYSMAVE|0.0
Q13131|Q9BZE2_PLVLYDCKF|0.0
Q13131|Q9BZE2_KMRTYKPLM|0.004
Q13131|Q9BZE2_EEENTNLET|0.0
Q13131|Q9BZE2_VCVDTEIKS|0.0
Q13131|Q96PZ0_EDNDSGVPV|0.013
Q13131|Q96PZ0_KQKLSECSL|0.476
Q13131|Q96PZ0_LSECSLTKG|0.0
Q13131|Q96PZ0_NDFLSISED|0.0
Q13131|Q96PZ0_EDGLSEECE|0.0
Q13131|Q96PZ0_TKFVSSHQG|0.012
Q13131|Q96PZ0_LNDLSIPVD|0.24
Q13131|Q96PZ0_QAIKSLFPG|0.0
Q13131|Q96PZ0_NRLMYIHSY|0.079
Q13131|Q96PZ0_YIHSYQSYV|0.0
Q13131|Q96PZ0_SYQSYVWNN|0.002
Q13131|Q96PZ0_RIEDYGLKP|0.0
Q13131|Q96PZ0_KMDFSLPPS|0.0
Q13131|Q96PZ0_QLNTTWLR_|0.531
Q13131|Q9H0K6_MEEDTDYRI|0.001
Q13131|Q9H0K6_LVNKTIDEP|0.0
Q13131|Q9H0K6_TLIKYTDGD|0.0
Q13131|Q9H0K6_LIKYTDGDQ|0.0
Q13131|Q9H0K6_QNHQSGSEK|0.0
Q13131|Q9H0K6_HQSGSEKED|0.0
Q13131|Q9H0K6_KRPLSECQE|0.0
Q13131|Q9H0K6_GFVNYYGPQ|0.0
Q13131|Q9H0K6_FVNYYGPQR|0.0
Q13131|Q9H0K6_KGTLSLMPE|0.0
Q13131|Q8N0Z8_EALNTHLRH|0.0
Q13131|Q8N0Z8_QSAGSPVPS|0.0
Q13131|P20472____MSMTDL|0.659
Q13131|P20472_LKGFSPDAR|0.0
Q13131|P20472_SAKETKMLM|0.0
Q13131|P15151_YSAVSRENS|0.169
Q13131|P15151_SRENSSSQD|0.794
Q13131|P15151_RENSSSQDP|0.0
Q13131|P15151_QDPQTEGTR|0.0
Q13131|P15151_QTEGTR___|0.0
Q13131|Q6DKI7_TELSSFTIR|0.0
Q13131|Q6DKI7_LSSFTIRCG|0.0
Q13131|Q6DKI7_QSSISLILE|0.0
Q13131|Q6DKI7_ILEGSGASS|0.001
Q13131|Q6DKI7_ILGVSGVLL|0.0
Q13131|Q6DKI7_FGCVYLLHL|0.0
Q13131|Q6DKI7_PSRTSPQAP|0.0
Q13131|Q6DKI7_PARGSFVSV|0.6
Q13131|Q9NQS3_DELDSYPDS|0.826
Q13131|Q9NQS3_ELDSYPDSV|0.433
Q13131|Q9NQS3_SYPDSVKKE|0.604
Q13131|Q9NQS3_IRKDYLEEP|0.416
Q13131|Q9NQS3_RPMDYYEDL|0.468
Q13131|Q9NQS3_PMDYYEDLK|0.752
Q13131|Q9NQS3_SDEHYDENE|0.063
Q13131|Q9NQS3_DDLVSHVDG|0.842
Q13131|Q9NQS3-3_PRSFSGNPR|0.0
Q13131|Q9NQS3-3_PPPLYEERS|0.0
Q13131|Q9NQS3-3_YEERSPPLP|0.0
Q13131|Q13610_GLTVYGSND|0.253
Q13131|Q13610_DQDPYVTLK|0.009
Q13131|Q13610_DTEQYERED|0.274
Q13131|Q13610_SVALYDCRS|0.389
Q13131|Q13610_MWRFSGQIE|0.0
Q13131|Q13610_GLDLSSQIK|0.555
Q13131|Q13610_LVLGSARNS|0.708
Q13131|Q13610_NSSISGPFG|0.003
Q13131|Q15269_LPLATRYNV|0.252
Q13131|Q15269_KFVVTKGNI|0.016
Q13131|Q15269_DNLIYYALG|0.568
Q13131|Q15269_GDRETTIRG|0.0
Q13131|Q15269_DRETTIRGK|0.342
Q13131|Q15269_RGKATPAEE|0.001
Q13131|Q15269_SVLASASWD|0.001
Q13131|Q15269_GKAFTALCY|0.028
Q13131|Q15269_IRVTSLRFS|0.341
Q13131|Q15269_SLRFSPTGR|0.227
Q13131|Q15269_LDDLSKLCS|0.015
Q13131|Q15269_GTKRSLDPL|0.394
Q13131|Q6NUJ5_CTKKSGLFG|0.431
Q13131|Q6NUJ5_QVDESPVND|0.0
Q13131|Q6NUJ5_PPEASPGPP|0.0
Q13131|Q6NUJ5_ISYSTPQGK|0.0
Q13131|Q6NUJ5_RVHGSLEPF|0.008
Q13131|Q6NUJ5_LHTQSVSEC|0.0
Q13131|Q96N64_EKLFSGVLM|0.0
Q13131|Q96N64_LMDLSKRFG|0.0
Q13131|Q96N64_GIPVTVFPK|0.0
Q13131|Q96N64_KVLQSKNMD|0.0
Q13131|Q96N64_FTRRYQNPS|0.0
Q13131|Q96N64_EKMRSGKMA|0.0
Q13131|Q96N64_ASVCSIDST|0.0
Q13131|Q5TGL8___MASAVFE|0.0
Q13131|Q5TGL8_PSFQSPVKI|0.0
Q13131|Q92626_KRIPSGAFE|0.004
Q13131|Q92626_YLYLYKNEI|0.0
Q13131|Q92626_MKTDSRLNL|0.715
Q13131|Q92626_PVCGSGMTS|0.002
Q13131|Q92626_GSGMTSLLM|0.422
Q13131|Q92626_LLMNSVYPR|0.063
Q13131|Q92626_MNSVYPREQ|0.431
Q13131|Q92626_TGPPTECMR|0.0
Q13131|Q92626_SAFSTRSDA|0.0
Q13131|A1KZ92_VKKVSVQLT|0.01
Q13131|A1KZ92_LPQDTSVEV|0.0
Q13131|A1KZ92_QITESGKFH|0.0
Q13131|A1KZ92_AQFHYPRDP|0.0
Q13131|A1KZ92_DSAATIIQR|0.0
Q13131|A1KZ92_ARNVTVLAK|0.328
Q13131|Q9NR77_ENSRSLDVG|0.0
Q13131|Q9NR77_WRVWTPLQF|0.367
Q13131|P28328_QPLKSGIEM|0.44
Q13131|P28328_GIEMSEVNA|0.416
Q13131|P49023_LSEETPYSY|0.0
Q13131|P49023_ETPYSYPTG|0.0
Q13131|P49023_TPYSYPTGN|0.0
Q13131|P49023_YSYPTGNHT|0.001
Q13131|P49023_TGNHTYQEI|0.063
Q13131|P49023_QPQSSSPVY|0.0
Q13131|P49023_PVYGSSAKT|0.005
Q13131|P49023_SAKTSSVSN|0.0
Q13131|P49023_NPQDSVGSP|0.0
Q13131|P49023_GSPCSRVGE|0.004
Q13131|P49023_PTVMSTSLG|0.236
Q13131|P49023_TSLGSNLSE|0.0
Q13131|P49023_PETNSPLGG|0.0
Q13131|P49023_PSVESLLDE|0.004
Q13131|P49023_SSVPSPVPA|0.0
Q13131|P49023_QGEMSSPQR|0.001
Q13131|P49023_PQRVTSTQQ|0.001
Q13131|P49023_RVTSTQQQT|0.117
Q13131|P49023_TQQQTRISA|0.001
Q13131|P49023_RISASSATR|0.14
Q13131|P49023_ASSATRELD|0.0
Q13131|P49023_GKTGSSSPP|0.0
Q13131|P49023_SQLDSMLGS|0.002
Q13131|P49023_SMLGSLQSD|0.108
Q13131|P49023_GQVVTAMGK|0.0
Q13131|P49023_CEKDYHNLF|0.0
Q13131|P49023_HNLFSPRCY|0.001
Q13131|P49023_CRKDYFDMF|0.001
Q13131|P49023-2_TSHISKRPV|0.0
Q13131|P49023-2_TPYSYPTGN|0.0
Q13131|P49023-2_PVYGSSAKT|0.0
Q13131|P49023-2_VYGSSAKTS|0.0
Q13131|P49023-2_SAKTSSVSN|0.0
Q13131|P49023-2_AKTSSVSNP|0.0
Q13131|P49023-2_TSSVSNPQD|0.0
Q13131|P49023-2_GSPCSRVGE|0.0
Q13131|P49023-2_GSNLSELDR|0.0
Q13131|P49023-2_PQRVTSTQQ|0.0
Q13131|P49023-2_QRVTSTQQQ|0.0
Q13131|P49023-2_RVTSTQQQT|0.001
Q13131|P49023-2_TQQQTRISA|0.0
Q13131|P49023-2_RISASSATR|0.0
Q13131|P49023-2_ASSATRELD|0.0
Q13131|P49023-2_GKTGSSSPP|0.0
Q13131|P49023-2_SQLDSMLGS|0.0
Q13131|P49023-2_SMLGSLQSD|0.0
Q13131|P49023-2_CEKDYHNLF|0.0
Q13131|P49023-2_CRKDYFDMF|0.0
Q13131|P49023-2_QKPITGRCI|0.0
Q13131|P49023-3_EETPYSYPT|0.0
Q13131|P49023-3_TPYSYPTGN|0.0
Q13131|P49023-3_GNHTYQEIA|0.0
Q13131|P49023-3_PQSSSPVYG|0.0
Q13131|P49023-3_SSPVYGSSA|0.0
Q13131|P49023-3_EEHVYSFPN|0.0
Q13131|P49023-3_PQRVTSTQQ|0.0
Q13131|P49023-3_QRVTSTQQQ|0.0
Q13131|P49023-3_RVTSTQQQT|0.0
Q13131|P49023-3_QTRISASSA|0.0
Q13131|P49023-3_RISASSATR|0.0
Q13131|P49023-3_ISASSATRE|0.0
Q13131|P49023-3_ASSATRELD|0.0
Q13131|P49023-3_ARHRTPSLR|0.0
Q13131|P49023-3_HRTPSLRSP|0.0
Q13131|P49023-3_PSLRSPDQP|0.0
Q13131|P49023-3_TGSSSPPGG|0.0
Q13131|O75469_RPKESWNHA|0.963
Q13131|O75469_FNVMTCEGC|0.978
Q13131|O75469_KDLCSLKVS|0.851
Q13131|O75469_GEDGSVWNY|0.829
Q13131|O75469_KGIISFAKV|0.754
Q13131|O75469_EDQISLLKG|0.83
Q13131|O75469_CGRLSYCLE|0.818
Q13131|Q8NFP0_WLKYSFQKA|0.694
Q13131|Q8TE99_HGDRYPLYV|0.0
Q13131|Q8TE99_RYPLYVIPK|0.0
Q13131|Q8TE99_EIDCTLVAN|0.0
Q13131|Q9ULZ3_GALLSMDAL|0.59
Q13131|Q9ULZ3_LVSFYLETY|0.538
Q13131|Q9ULZ3_LDALYGKVL|0.607
Q13131|Q9ULZ3_RKLFSFTPA|0.479
Q13131|Q9ULZ3_DLERS____|0.525
Q13131|I3L0S3_LRGGTWTPR|0.0
Q13131|I3L0S3_RLPPTLVSR|0.0
Q13131|I3L0S3_PTLVSRLPA|0.0
Q13131|P32322_GATVYATGT|0.0
Q13131|P32322_PGGATIHAL|0.0
Q13131|P32322_AVEASCIRT|0.0
Q13131|P32322_RELQSMADQ|0.0
Q13131|P32322_VKLDSPAGT|0.006
Q13131|P32322_SPAGTALSP|0.285
Q13131|Q96C36____MSVGFI|0.003
Q13131|Q96C36_GQLAYALAR|0.0
Q13131|Q96C36_AGILSAHKI|0.0
Q13131|Q96C36_KIIASSPEM|0.0
Q13131|Q96C36_IIASSPEMN|0.0
Q13131|Q96C36_MNLPTVSAL|0.0
Q13131|Q96C36_DNVCSPGGA|0.0
Q13131|Q96C36_GGFRSLLIN|0.009
Q13131|Q96C36_AVEASCIRT|0.0
Q13131|Q96C36_SCIRTRELQ|0.0
Q13131|Q96C36_VKLESPTVS|0.0
Q13131|Q96C36_LESPTVSTL|0.491
Q13131|Q96C36_GKLLTRSLA|0.0
Q13131|Q96C36_LLTRSLALG|0.0
Q13131|Q53H96_HVGSSETKL|0.002
Q13131|Q53H96_TLLGTAKML|0.0
Q13131|Q53H96_SDVCTPGGT|0.002
Q13131|P11216_PLTDSEKRK|0.811
Q13131|P11216_EVRKSFNRH|0.726
Q13131|P11216_HLHFTLVKD|0.133
Q13131|P11216_TPRDYFFAL|0.0
Q13131|P11216_TQQHYYERD|0.0
Q13131|P11216_PKRIYYLSL|0.563
Q13131|P11216_KRIYYLSLE|0.452
Q13131|P11216_IYYLSLEFY|0.0
Q13131|P11216_SLEFYMGRT|0.504
Q13131|P11216_DWLRYGNPW|0.039
Q13131|P11216_PVHFYGRVE|0.457
Q13131|P11216_RVEHTPDGV|0.333
Q13131|P11216_LAMPYDTPV|0.143
Q13131|P11216_MPYDTPVPG|0.0
Q13131|P11216_NTVNTMRLW|0.002
Q13131|P11216_NVGDYIEAV|0.036
Q13131|P11216_SRVLYPNDN|0.276
Q13131|P11216_ITKKTCAYT|0.0
Q13131|P11216_LEIIYAINQ|0.507
Q13131|P11216_LRRMSVIEE|0.738
Q13131|P11216_FKDFYELEP|0.0
Q13131|P11216_LPLVSDEVF|0.0
Q13131|P11216_LEKEYKVKI|0.554
Q13131|P11216_AAPGYHMAK|0.001
Q13131|P11216_DRKGYNARE|0.323
Q13131|P11216_NAREYYDHL|0.0
Q13131|P11216_AREYYDHLP|0.348
Q13131|P11216_SGFFSPKEP|0.002
Q13131|P11216_TITEYAREI|0.0
Q13131|P06737_AKPLTDQEK|0.0
Q13131|P06737_ELKKSFNRH|0.001
Q13131|P06737_HLHFTLVKD|0.494
Q13131|P06737_KRVYYLSLE|0.092
Q13131|P06737_DEAIYQLGL|0.016
Q13131|P06737_DWLRYGNPW|0.196
Q13131|P06737_PWEKSRPEF|0.0
Q13131|P06737_PVHFYGKVE|0.0
Q13131|P06737_NVGDYIQAV|0.0
Q13131|P06737_SRVLYPNDN|0.51
Q13131|P06737_KLPWSKAWE|0.0
Q13131|P06737_LEIIYEINQ|0.0
Q13131|P06737_LRRMSLIEE|0.997
Q13131|P06737_CIVGSHAVN|0.519
Q13131|P06737_FKDFSELEP|0.0
Q13131|P06737_VKDLSQLTK|0.353
Q13131|P06737_LSQLTKLHS|0.0
Q13131|P06737_TKLHSFLGD|0.269
Q13131|P06737_KLKFSQFLE|0.0
Q13131|P06737_AAPGYHMAK|0.002
Q13131|P06737_KLITSVADV|0.433
Q13131|P06737_NGFFSPKQP|0.0
Q13131|P06737_VFADYEAYV|0.0
Q13131|P06737_DLKISLSNE|0.739
Q13131|P06737_KISLSNESN|0.0
Q13131|P11217____MSRPLS|0.609
Q13131|P11217_VENVTELKK|0.675
Q13131|P11217_HLHFTLVKD|0.0
Q13131|P11217_QQHYYEKDP|0.0
Q13131|P11217_PKRIYYLSL|0.418
Q13131|P11217_KRIYYLSLE|0.01
Q13131|P11217_IYYLSLEFY|0.0
Q13131|P11217_SLEFYMGRT|0.378
Q13131|P11217_YGIRYEFGI|0.0
Q13131|P11217_DWLRYGNPW|0.0
Q13131|P11217_PVHFYGHVE|0.0
Q13131|P11217_LAMPYDTPV|0.001
Q13131|P11217_SRVLYPNDN|0.023
Q13131|P11217_VTVRTCAYT|0.0
Q13131|P11217_HLLETLLPR|0.067
Q13131|P11217_LRRMSLVEE|0.628
Q13131|P11217_CIAGSHAVN|0.0
Q13131|P11217_ILKKTIFKD|0.135
Q13131|P11217_FKDFYELEP|0.0
Q13131|P11217_EDFISDLDQ|0.0
Q13131|P11217_RKLLSFVDD|0.0
Q13131|P11217_FVPRTVMIG|0.001
Q13131|P11217_AAPGYHMAK|0.0
Q13131|P11217_IRLVTAIGD|0.678
Q13131|P11217_NAQEYYDRI|0.507
Q13131|P11217_AQEYYDRIP|0.108
Q13131|P11217_QEKVSALYK|0.625
Q13131|P11217_VSALYKNPR|0.0
Q13131|Q9Y3Y4_VQLGSPDKK|0.0
Q13131|Q9Y3Y4-2_VQLGSPDKK|0.0
Q13131|Q9BRQ0_PAPPSTGRK|0.0
Q13131|Q9BRQ0_APPSTGRKQ|0.482
Q13131|Q9BRQ0_RKSNTQGPA|0.0
Q13131|Q9BRQ0_YSHLTEFAP|0.0
Q13131|Q9BRQ0_APPPTPMVD|0.0
Q13131|Q9BRQ0_PGYSTGGGG|0.0
Q13131|Q9BRQ0_PDANSLAPP|0.0
Q13131|Q9BRQ0_AGGGSGPQP|0.005
Q13131|Q6K0P9_MANNYKKIV|0.776
Q13131|Q6K0P9_VINDYHFRI|0.0
Q13131|Q6K0P9_RKKPSEEET|0.0
Q13131|Q6K0P9_KVFKYESSE|0.365
Q13131|Q6K0P9_RENMSKLMS|0.748
Q13131|Q6K0P9_SKLMSEMHS|0.001
Q13131|Q6K0P9_HPKPSEAST|0.0
Q13131|Q6K0P9-3_SEASTTLPE|0.0
Q13131|Q6K0P9-3_PTTPSSSSF|0.0
Q13131|Q14289____MSGVSE|0.006
Q13131|Q14289_VKLGTLRRP|0.012
Q13131|Q14289_PQALSIKTS|0.0
Q13131|Q14289_IPDETLRRP|0.13
Q13131|Q14289_GGPQYGIAR|0.377
Q13131|Q14289_FGEVYEGVY|0.095
Q13131|Q14289_ILVASPECV|0.245
Q13131|Q14289_DFGLSRYIE|0.853
Q13131|Q14289_GLSRYIEDE|0.431
Q13131|Q14289_YYKASVTRL|0.609
Q13131|Q14289_LSDVYQMEK|0.394
Q13131|Q14289_RNARYRTPK|0.606
Q13131|Q14289_ARYRTPKIL|0.024
Q13131|Q14289_PPKPSRPKY|0.231
Q13131|Q14289_GLCASSPTL|0.948
Q13131|Q14289_LCASSPTLT|0.0
Q13131|Q14289_ASSPTLTSP|0.0
Q13131|Q14289_PTLTSPMEY|0.0
Q13131|Q14289_QEEKSLDPM|0.285
Q13131|Q14289_YLEFTGPPQ|0.23
Q13131|Q14289_KLIGSVDDL|0.288
Q13131|O15553_AKTPSDHLL|0.0
Q13131|O15553_DHLLSTLEE|0.0
Q13131|O15553_HLLSTLEEL|0.0
Q13131|O15553_GGAASLRCS|0.0
Q13131|O15553_GKPRTRSPA|0.15
Q13131|O15553_PGGRSPGPC|0.0
Q13131|O15553_RNASSAGRL|0.581
Q13131|O15553_LEEKTAANL|0.008
Q13131|O15553_ANLDSATEP|0.0
Q13131|O15553_HERKSPGSL|0.001
Q13131|O15553_PGSLSPQPL|0.0
Q13131|O15553_GACKTSISR|0.013
Q13131|O15553_ACKTSISRK|0.0
Q13131|O15553_SISFYNVTA|0.002
Q13131|O15553_RSHIYTFAS|0.0
Q13131|Q8WU10_LPDIYAAGD|0.0
Q13131|Q8WU10_SSGDSIDMD|0.116
Q13131|Q8WU10_KGREYIKVV|0.0
Q13131|Q8N2H3_AVAASPFPA|0.0
Q13131|Q8N2H3_LRNPYSFTP|0.406
Q13131|Q8N2H3_EGAGSKVPR|0.045
Q13131|Q8N2H3_KMVLSNTSP|0.0
Q13131|P20742_PKIISIMDE|0.0
Q13131|P20742_KVNITVCGE|0.073
Q13131|P20742_MLQITNTGF|0.456
Q13131|P20742_QITNTGFEM|0.0
Q13131|P20742_LKVFTNSKI|0.0
Q13131|P20742_VFTNSKIRK|0.0
Q13131|P20742_GEVFTLKAT|0.0
Q13131|P20742_TVLNYLPKC|0.001
Q13131|P20742_LKLPSNVVK|0.014
Q13131|P20742_VVKESARAS|0.344
Q13131|P20742_EDEATLSAY|0.0
Q13131|P20742_VKMVSGFIP|0.0
Q13131|P20742_PLKPTVKML|0.478
Q13131|P20742_SSSVSRTEV|0.0
Q13131|O95297_RWLWSVLAA|0.52
Q13131|O95297_LGLLTAGVS|0.0
Q13131|O95297_KRDYTGCST|0.0
Q13131|O95297_GLVKSLPSG|0.0
Q13131|O95297_KSLPSGSHQ|0.0
Q13131|O95297_LPSGSHQGP|0.0
Q13131|O95297_QLDHSGGHH|0.004
Q13131|O95297_GGHHSDKIN|0.0
Q13131|O95297-3_SKRDYTGAQ|0.0
Q13131|O95297-3_TGAQSYMHS|0.0
Q13131|O95297-3_GAQSYMHS_|0.0
Q13131|O95297-3_SYMHS____|0.0
Q13131|P47897_TLKNSALSA|0.002
Q13131|P47897_TLGSTIDKA|0.0
Q13131|P47897_GILLYGLAS|0.0
Q13131|P47897_SFLVSYIAS|0.0
Q13131|P47897_EPQLSAALE|0.0
Q13131|P47897_AALEYVRSH|0.0
Q13131|P47897_FNFGYAKAN|0.0
Q13131|P47897_NTLPSPWRD|0.0
Q13131|P47897_LFTLTALRR|0.0
Q13131|P47897_VLNDTAPRA|0.0
Q13131|P09417_RVLVYGGRG|0.495
Q13131|P09417_GNAKSKSLF|0.006
Q13131|P09417_SHLATKHLK|0.473
Q13131|P09417_VLPVTLDTP|0.0
Q13131|P09417_VTLDTPMNR|0.902
Q13131|P09417_MNRKSMPEA|0.713
Q13131|P09417_FSSWTPLEF|0.0
Q13131|Q9H0K1_KSHRSSFPV|0.986
Q13131|Q9H0K1_RRPSTIAEQ|0.822
Q13131|Q9H0K1_GLPVTMHSP|0.503
Q13131|Q9H0K1_VTMHSPNMR|0.768
Q13131|Q9H0K1_RHTLSEVTN|0.998
Q13131|Q9H0K1_PSLDSVDSE|0.955
Q13131|Q9H0K1_EDNPSLKDI|0.952
Q13131|Q9H0K1_ANQPSPRMT|0.967
Q13131|Q9H0K1_VHNRSPVSF|0.94
Q13131|Q9H0K1_RASDTSLTQ|0.997
Q13131|Q9H0K1_ASDTSLTQG|0.809
Q13131|Q9H0K1_TCQLYCKEP|0.403
Q13131|Q5XKP0_PPKIYFPIR|0.0
Q13131|Q96PU8_MYNDTLNGS|0.432
Q13131|Q96PU8_TLNGSTEKR|0.849
Q13131|Q96PU8_LNGSTEKRS|0.471
Q13131|Q96PU8_TEKRSAELP|0.879
Q13131|Q96PU8_ILNGTYRDA|0.476
Q13131|Q96PU8_ANIKSPALA|0.715
Q13131|Q96PU8_AALRTPTPA|0.575
Q13131|Q96PU8_LRTPTPAGP|0.037
Q13131|Q96PU8-3_ANIKSPTAQ|0.0
Q13131|Q96PU8-3_IKSPTAQAA|0.0
Q13131|Q5T6V5_VFIDSGGVR|0.0
Q13131|Q16769_YGYRSFSNI|0.0
Q13131|Q16769_NIISTLNPT|0.105
Q13131|Q16769_TLNPTAKRH|0.513
Q13131|Q9NXS2_SIPHSPGPT|0.0
Q13131|Q9NXS2_SPGPTRIQA|0.186
Q13131|Q15274_ASHRYDLGG|0.556
Q13131|Q2TAL8_SFEEYIRVK|0.008
Q13131|Q2TAL8_VGALSPPPS|0.344
Q13131|Q2TAL8_VGTASVLQP|0.749
Q13131|Q2TAL8_SGSPTALAA|0.455
Q13131|Q2TAL8_KMVGTTSVV|0.0
Q13131|Q2TAL8_VVKNSHEEV|0.01
Q13131|Q2TAL8_HSPSTLLTT|0.0
Q13131|Q9H0J4_EVQRSLVQP|0.004
Q13131|Q9H0J4_YKRVTDMAD|0.0
Q13131|Q9H0J4_ADYTYSTVP|0.001
Q13131|Q9H0R6_LREVSAALK|0.111
Q13131|Q9H0R6_AALGSDTGG|0.001
Q13131|Q9H0R6_LGSDTGGST|0.0
Q13131|Q9H0R6_TGGSTRNPA|0.048
Q13131|Q2KHR3_LRECSVIKH|0.0
Q13131|Q2KHR3_SLSCSPIGD|0.0
Q13131|Q2KHR3_IGDSTQVSN|0.001
Q13131|Q2KHR3_TKIKSCSTE|0.0
Q13131|Q2KHR3_LPDSSPTQN|0.0
Q13131|Q2KHR3_DSSPTQNYI|0.0
Q13131|Q2KHR3_PTQNYISMH|0.0
Q13131|Q2KHR3_SSPQSQKFL|0.0
Q13131|Q2KHR3_RKLDSDVYP|0.0
Q13131|Q2KHR3_ASLESSTQR|0.0
Q13131|Q2KHR3_DDRYSQSVI|0.0
Q13131|Q2KHR3_KKEESVVGS|0.0
Q13131|Q2KHR3_NLIQTPQIR|0.0
Q13131|Q2KHR3_VSLGSMCFP|0.0
Q13131|Q2KHR3_AVLLSDERN|0.046
Q13131|Q2KHR3_ACGVTPTDF|0.0
Q13131|Q2KHR3_VVGPSHEVQ|0.0
Q13131|Q2KHR3_QEQSSGPFK|0.0
Q13131|Q2KHR3_EFVSSSRSI|0.0
Q13131|Q2KHR3_FVSSSRSIS|0.0
Q13131|Q2KHR3_SSSRSISGE|0.0
Q13131|Q2KHR3_SRSISGENA|0.0
Q13131|Q2KHR3_GGDDSGVSM|0.004
Q13131|Q2KHR3_DSGVSMNPA|0.0
Q13131|Q2KHR3_NPARSALAL|0.0
Q13131|Q2KHR3_IYLPYTPPS|0.0
Q13131|Q2KHR3_YLPYTPPSS|0.0
Q13131|Q2KHR3_PSSTTPTPL|0.0
Q13131|Q2KHR3_KSVSTPLTT|0.0
Q13131|Q2KHR3_TLDATSDKK|0.0
Q13131|Q2KHR3_LDATSDKKK|0.0
Q13131|Q2KHR3_QVATTSPTA|0.0
Q13131|Q2KHR3_PTANTTGTA|0.0
Q13131|Q2KHR3_ATNSYLGYF|0.0
Q13131|Q2KHR3_ETFKSYMEL|0.0
Q13131|Q2KHR3_TFKSYMELL|0.0
Q13131|Q2KHR3_ELLVSIALD|0.0
Q13131|Q2KHR3_SKAKSGGTA|0.001
Q13131|Q2KHR3_KSGGTAISK|0.0
Q13131|Q9Y2K2_PAPGSPAAP|0.0
Q13131|Q9Y2K2_LNLDSDEGE|0.0
Q13131|Q9Y2K2_LQPPTLQLL|0.0
Q13131|Q9Y2K2_VDEESSDGE|0.0
Q13131|Q9Y2K2_DEESSDGEP|0.267
Q13131|Q9Y2K2_TERFSPVRR|0.009
Q13131|Q9Y2K2_DGAASIQAF|0.0
Q13131|Q9Y2K2_GNNSSIKQL|0.32
Q13131|Q9Y2K2_LQKMYGGQI|0.38
Q13131|Q9Y2K2_RIQPSSPPP|0.039
Q13131|Q9Y2K2_IQPSSPPPN|0.0
Q13131|Q9Y2K2_FRQPSNSPP|0.679
Q13131|Q9Y2K2_QPSNSPPPM|0.01
Q13131|Q9Y2K2_MATLSYGHR|0.521
Q13131|Q9Y2K2_LSADSAEAH|0.396
Q13131|Q9Y2K2_GVGFSPTQA|0.239
Q13131|Q9Y2K2_QGLLSPRHS|0.59
Q13131|Q9Y2K2_QQQEYQELF|0.527
Q13131|Q9Y2K2_MHSESMEED|0.0
Q13131|Q9Y2K2_NKVPSREPV|0.0
Q13131|Q9Y2K2_QRHHTIQNS|0.608
Q13131|Q9Y2K2_SDDAYVQLD|0.338
Q13131|Q9Y2K2_ILLSYKHPE|0.0
Q13131|Q9Y2K2-6_NKFKTLSVL|0.0
Q13131|Q9Y2K2-6_FKTLSVLLS|0.0
Q13131|Q9Y2K2-6_SVLLSHLHL|0.0
Q13131|Q9Y2K2-8_MRRHTVGVA|0.65
Q13131|Q9Y2K2-8_GRRASDGGA|0.123
Q13131|Q9Y2K2-8_VDEESSDGE|0.0
Q13131|Q9Y2K2-8_DEESSDGEP|0.001
Q13131|Q9Y2K2-8_QRHHTIQNS|0.116
Q13131|Q6ZRP7_AVARSPGIG|0.501
Q13131|Q6ZRP7_VRKKSLPLP|0.432
Q13131|Q6ZRP7_KSKLYTVDL|0.644
Q13131|Q6ZRP7_SKLYTVDLE|0.516
Q13131|Q9BXR0_ATQASLESA|0.471
Q13131|Q9BXR0_ASLESAPRI|0.151
Q13131|Q9BXR0_SGGESKSQF|0.0
Q13131|Q9H974_LRLLSSVTA|0.958
Q13131|O00391_LQADTVRGA|0.409
Q13131|O00391_ESRNSTLDP|0.411
Q13131|O00391_SRNSTLDPG|0.48
Q13131|O00391_EMMKSPTNT|0.0
Q13131|O00391_SPTNTTPHV|0.584
Q13131|O00391_PTNTTPHVP|0.039
Q13131|Q2MKA7_QQQGTVGPL|0.419
Q13131|Q9BXY4_AIPDSKSLE|0.436
Q13131|Q9BXY4_PDSKSLESS|0.423
Q13131|Q9BXY4_KSLESSKEI|0.431
Q13131|Q9BXY4_SLESSKEIP|0.545
Q13131|Q9Y3T6_QKQLSKVLL|0.0
Q13131|Q9Y3T6_FPPLSSRLR|0.0
Q13131|Q9Y3T6_PPLSSRLRY|0.0
Q13131|Q9Y3T6_PVLMTQGTE|0.005
Q13131|Q9Y3T6_MTQGTEDLK|0.0
Q13131|Q9Y3T6_RFGSTLQLD|0.0
Q13131|Q9Y3T6_DLLATFSEF|0.0
Q13131|Q9Y3T6_LATFSEFQE|0.0
Q13131|Q15032__MRMSDTVT|0.005
Q13131|Q15032_VKDETATMK|0.0
Q13131|Q15032_DETATMKDL|0.004
Q13131|Q15032_VCEESPPPP|0.0
Q13131|Q15032_QLTQSFEKE|0.0
Q13131|Q15032_RKMLSRDSS|0.846
Q13131|Q15032_LSRDSSQEY|0.0
Q13131|Q15032_SQEYTDSTG|0.0
Q13131|Q15032_PMTSYHRML|0.003
Q13131|Q15032_FQKRYILKR|0.123
Q13131|Q15032_KRDNSSFDK|0.871
Q13131|Q15032_REEEYQRAR|0.0
Q13131|Q15032_DRIFSQDSL|0.151
Q13131|Q15032_DSLCSQENY|0.0
Q13131|Q15032_SQENYIIDK|0.052
Q13131|Q15032_NELKYSEPR|0.0
Q13131|Q15032_ELKYSEPRP|0.0
Q13131|Q15032_PRPWSSTDS|0.14
Q13131|Q15032_RPWSSTDSD|0.0
Q13131|Q15032_SSTDSDSSL|0.363
Q13131|Q15032_IGRLSKTGS|0.0
Q13131|Q15032_NPDGSPVVY|0.0
Q13131|Q15032_MPACYCAPG|0.0
Q13131|Q15032_PRTTSPCSS|0.0
Q13131|Q15032_QNKYYCDHQ|0.0
Q13131|Q15032_SPIISPAQS|0.0
Q13131|Q15032_SPAQSPAPA|0.0
Q13131|Q15032_KAASTDLGA|0.374
Q13131|Q15032_LCCGSGDNT|0.0
Q13131|Q15032_KQINSVNKF|0.003
Q13131|Q15032_SKKHYDFHI|0.0
Q13131|Q15032_LERASSQ__|0.0
Q13131|Q15032_ERASSQ___|0.579
Q13131|Q15032-2_QLTQSFEKE|0.0
Q13131|Q15032-2_NPDGSPVVY|0.0
Q13131|Q9Y2K5____MSNSNT|0.592
Q13131|Q9Y2K5__MSNSNTTQ|0.0
Q13131|Q9Y2K5_NKFISKTPS|0.0
Q13131|Q9Y2K5_FISKTPSKE|0.0
Q13131|Q9Y2K5_RKMLSRDSS|0.531
Q13131|Q9Y2K5_LSRDSSQEY|0.0
Q13131|Q9Y2K5_SSQEYTDST|0.0
Q13131|Q9Y2K5_SQEYTDSTG|0.0
Q13131|Q9Y2K5_RVAAYFGMD|0.0
Q13131|Q9Y2K5_NVDQTGKAV|0.006
Q13131|Q9Y2K5_SRTSSSRQS|0.0
Q13131|Q9Y2K5_SSRQSSTDS|0.0
Q13131|Q9Y2K5_SRQSSTDSE|0.0
Q13131|Q9Y2K5_RQSSTDSEL|0.0
Q13131|Q9Y2K5_VTKASSFSG|0.001
Q13131|Q9Y2K5_ASSFSGISI|0.0
Q13131|Q9Y2K5_ISILTRGDS|0.08
Q13131|Q9Y2K5_TRGDSIGSS|0.0
Q13131|Q9Y2K5_SIGSSKGGS|0.0
Q13131|Q9Y2K5_SRQGSTEAA|0.0
Q13131|Q9Y2K5_RQGSTEAAD|0.0
Q13131|Q9Y2K5_CKYYSMDQR|0.0
Q13131|Q9Y2K5_KSASTDLGT|0.001
Q13131|Q9Y2K5_TDLGTADVV|0.0
Q13131|Q9Y2K5_VLEVTDLPE|0.0
Q13131|Q9Y2K5_PEGITRTEA|0.0
Q13131|Q9Y2K5_DKLFTQLAM|0.0
Q13131|Q9Y2K5_NGRHSDLAA|0.0
Q13131|Q9Y2K5_LAALYTIVA|0.052
Q13131|Q9Y2K5_ERASSQ___|0.151
Q13131|Q96D70_AAEGTPGGR|0.0
Q13131|Q96D70_PALASSQVK|0.0
Q13131|Q96D70_ALASSQVKR|0.0
Q13131|P61026_MAKKTYDLL|0.684
Q13131|P61026_LIGDSGVGK|0.0
Q13131|P61026_TFISTIGID|0.0
Q13131|P61026_FKIKTVELQ|0.0
Q13131|P61026_QIWDTAGQE|0.011
Q13131|P61026_HTITTSYYR|0.522
Q13131|P61026_TITTSYYRG|0.54
Q13131|P61026_KAFLTLAED|0.188
Q13131|P61026_ILRKTPVKE|0.499
Q13131|P61026_KEPNSENVD|0.55
Q13131|P61026_NVDISSGGG|0.347
Q13131|P61026_VDISSGGGV|0.063
Q13131|P61026_GGGVTGWKS|0.0
Q13131|P62491___MGTRDDE|0.0
Q13131|P62491_LIGDSGVGK|0.0
Q13131|P62491_FNLESKSTI|0.0
Q13131|P62491_LESKSTIGV|0.0
Q13131|P62491_ESKSTIGVE|0.0
Q13131|P62491_VEFATRSIQ|0.0
Q13131|P62491_FATRSIQVD|0.0
Q13131|P62491_GQERYRAIT|0.0
Q13131|P62491_RAITSAYYR|0.282
Q13131|P62491_ALLVYDIAK|0.0
Q13131|P62491_AKHLTYENV|0.009
Q13131|P62491_KHLTYENVE|0.0
Q13131|P62491_DHADSNIVI|0.331
Q13131|P62491_RAVPTDEAR|0.0
Q13131|Q15907___MGTRDDE|0.0
Q13131|Q15907_LIGDSGVGK|0.0
Q13131|Q15907_FNLESKSTI|0.0
Q13131|Q15907_FATRSIQVD|0.0
Q13131|Q15907_GQERYRAIT|0.0
Q13131|Q15907_RAITSAYYR|0.656
Q13131|Q15907_ALLVYDIAK|0.0
Q13131|Q15907_AKHLTYENV|0.434
Q13131|Q15907_KHLTYENVE|0.038
Q13131|Q15907_DHADSNIVI|0.574
Q13131|Q15907_RAVPTDEAR|0.0
Q13131|Q15907_LTEIYRIVS|0.0
Q13131|Q6WKZ4_RNNMTASMF|0.472
Q13131|Q6WKZ4_NMTASMFDL|0.858
Q13131|Q6WKZ4_MFDLSMKDK|0.106
Q13131|Q6WKZ4_KNKDSGSDT|0.002
Q13131|Q6WKZ4_SGSDTASAI|0.0
Q13131|Q6WKZ4_SDTASAIIP|0.73
Q13131|Q6WKZ4_SKIKTLLSK|0.714
Q13131|Q6WKZ4_KTLLSKSNL|0.978
Q13131|Q6WKZ4_LLSKSNLQK|0.69
Q13131|Q6WKZ4_NLQKTPLSQ|0.408
Q13131|Q6WKZ4_KTPLSQSMS|0.662
Q13131|Q6WKZ4_VLPTSKPEK|0.541
Q13131|Q6WKZ4_NEDESSSAS|0.005
Q13131|Q6WKZ4_DESSSASDV|0.58
Q13131|Q6WKZ4_SHKRTASTD|0.004
Q13131|Q6WKZ4_KRTASTDLK|0.888
Q13131|Q6WKZ4_RTASTDLKQ|0.731
Q13131|Q6WKZ4_QVNFTLPKK|0.53
Q13131|Q6WKZ4_GGLRSKNDV|0.894
Q13131|Q6WKZ4_GNHVYLEQP|0.102
Q13131|Q6WKZ4_LFSSTENLA|0.793
Q13131|Q6WKZ4_LAAGSWKEP|0.626
Q13131|Q6WKZ4_DRQLSESST|0.001
Q13131|Q6WKZ4_QLSESSTKD|0.636
Q13131|Q6WKZ4_SESSTKDSL|0.72
Q13131|Q6WKZ4_STKDSLKSM|0.903
Q13131|Q6WKZ4_DSLKSMTLP|0.546
Q13131|Q6WKZ4_LKSMTLPSY|0.157
Q13131|Q6WKZ4_MTLPSYRPA|0.039
Q13131|Q6WKZ4_TLPSYRPAP|0.221
Q13131|Q6WKZ4_KKPESRRSS|0.0
Q13131|Q6WKZ4_ESRRSSLLS|0.647
Q13131|Q6WKZ4_SSLLSLMTG|0.578
Q13131|Q6WKZ4_LSLMTGKKD|0.508
Q13131|Q6WKZ4_VAKGSEGEN|0.0
Q13131|Q6WKZ4_LVRRSEKDT|0.164
Q13131|Q6WKZ4_SEKDTAAVV|0.644
Q13131|Q6WKZ4_RQGSSLNLF|0.756
Q13131|Q6WKZ4_DVQITEPEA|0.002
Q13131|Q6WKZ4_AEPESKSEP|0.0
Q13131|Q6WKZ4_PESKSEPRP|0.002
Q13131|Q6WKZ4_RPPISSPRA|0.172
Q13131|Q6WKZ4_GQAKSEGPP|0.0
Q13131|Q6WKZ4_TESLTPVPN|0.0
Q13131|Q6WKZ4_FKQPSFPAN|0.005
Q13131|Q6WKZ4_GTEDSLMGR|0.419
Q13131|Q6WKZ4_TEKNTSSLE|0.841
Q13131|Q6WKZ4_EKNTSSLEL|0.949
Q13131|Q6WKZ4_KNTSSLELE|0.365
Q13131|Q6WKZ4_ELEESLPEQ|0.289
Q13131|Q6WKZ4_DGAVSPVGE|0.0
Q13131|Q6WKZ4_RDLESQAGS|0.59
Q13131|Q6WKZ4_GAPASPADH|0.0
Q13131|Q6WKZ4_TQYQSKASD|0.733
Q13131|Q6WKZ4_QSKASDHEG|0.51
Q13131|Q6WKZ4_EGLLSDPLS|0.698
Q13131|Q6WKZ4_QAWVSPSET|0.027
Q13131|Q6WKZ4_NAMATKVAN|0.017
Q13131|Q6WKZ4_VANCSLGTA|0.449
Q13131|Q6WKZ4_CSLGTATII|0.002
Q13131|Q6WKZ4_MKKYSPSDP|0.794
Q13131|Q6WKZ4_KYSPSDPAF|0.0
Q13131|Q6WKZ4_YAQLTHDEL|0.0
Q13131|Q6WKZ4_ELEDYIDNL|0.061
Q13131|Q6WKZ4_LRIPTQVGK|0.586
Q13131|Q6WKZ4-2_RPPISSPRA|0.0
Q13131|Q6WKZ4-2_PPISSPRAP|0.0
Q13131|Q7L804_KWFPTHVQV|0.0
Q13131|Q7L804_RNNMTASMF|0.003
Q13131|Q7L804_MFDLSMKDK|0.0
Q13131|Q7L804_PQRLSSAHS|0.0
Q13131|Q7L804_AHSMSDLSG|0.955
Q13131|Q7L804_LKAGTIGQT|0.0
Q13131|Q7L804_HQLDSFGTV|0.0
Q13131|Q7L804_DSFGTVPES|0.0
Q13131|Q7L804_PHRRTLSFD|0.0
Q13131|Q7L804_LSFDTSKMN|0.0
Q13131|Q7L804_NQPDSIVDE|0.0
Q13131|Q7L804_QKFATLPRK|0.0
Q13131|Q7L804_CDLKSPNAF|0.0
Q13131|Q7L804_NRQDYFDYE|0.0
Q13131|Q7L804_MSPTSNEDL|0.523
Q13131|Q7L804_ELEDYIDNL|0.0
Q13131|O75154_LEDPSPELM|0.04
Q13131|O75154_LEKDTAATG|0.363
Q13131|O75154_DEIESLTLR|0.002
Q13131|O75154_RRGRSSSMG|0.467
Q13131|O75154_QEYHSRARE|0.0
Q13131|Q86YS3_KLVKYLDPN|0.0
Q13131|Q86YS3_DETRTNVYS|0.0
Q13131|Q86YS3_SAGQTPRKM|0.474
Q13131|Q86YS3_NRKISSTAF|0.899
Q13131|Q86YS3_TRLKSQTEK|0.043
Q13131|Q86YS3_GRGRSASSG|0.0
Q13131|Q9BXF6_TMHRSLIGV|0.457
Q13131|Q9BXF6_EIEVTIQFT|0.148
Q13131|Q9BXF6_MFDLSMKDK|0.167
Q13131|Q9BXF6_YDLESASAI|0.328
Q13131|Q9BXF6_LESASAILP|0.731
Q13131|Q9BXF6_PDLGSLGKM|0.632
Q13131|Q9BXF6_TSLGSDSTL|0.008
Q13131|Q9BXF6_LLTRSPSRS|0.098
Q13131|Q9BXF6_TRSPSRSSW|0.679
Q13131|Q9BXF6_SPSRSSWLS|0.647
Q13131|Q9BXF6_PSRSSWLST|0.597
Q13131|Q9BXF6_SWLSTEGGR|0.608
Q13131|Q9BXF6_GGRDSAQSP|0.734
Q13131|Q9BXF6_DSAQSPKLF|0.429
Q13131|Q9BXF6_THKRTYSDE|0.771
Q13131|Q9BXF6_LDAASRSSL|0.898
Q13131|Q9BXF6_CVNGSHIYN|0.354
Q13131|Q9BXF6_GSHIYNEEP|0.0
Q13131|Q9BXF6_SISGSLPSS|0.403
Q13131|Q9BXF6_GSLPSSGSL|0.7
Q13131|Q9BXF6_SLPSSGSLQ|0.275
Q13131|Q9BXF6_SSRFSEEGP|0.335
Q13131|Q9BXF6_APGASHPGE|0.595
Q13131|Q9BXF6_VQVATPIVA|0.314
Q13131|Q9BXF6_HQGLSRSEL|0.478
Q13131|Q9BXF6_LGRRSSLGE|0.681
Q13131|Q9BXF6_GRRSSLGEK|0.781
Q13131|Q9BXF6_PHHSSSGEE|0.605
Q13131|Q9BXF6_HHSSSGEEK|0.0
Q13131|Q9BXF6_AKDPTQKPS|0.429
Q13131|Q9BXF6_TQKPSPHPV|0.471
Q13131|Q9BXF6_QSRSSLSIA|0.806
Q13131|Q9BXF6_RSSLSIALS|0.02
Q13131|Q9BXF6_KTVTSGSIQ|0.091
Q13131|Q9BXF6_RLKDSAVLD|0.169
Q13131|Q9BXF6_QELESYIDR|0.549
Q13131|Q9BXF6_ELESYIDRL|0.35
Q13131|Q6IQ22_FKIKTVELR|0.0
Q13131|Q6IQ22_QIWDTAGQE|0.0
Q13131|Q6IQ22_FNSITSAYY|0.0
Q13131|Q6IQ22_NSITSAYYR|0.005
Q13131|P51153_LIGDSGVGK|0.0
Q13131|P51153_FNNTYISTI|0.003
Q13131|P51153_FKIRTVDIE|0.588
Q13131|P51153_QVWDTAGQE|0.535
Q13131|P51153_ERFKTITTA|0.0
Q13131|P51153_ITTAYYRGA|0.001
Q13131|P51153_KENASAGVE|0.767
Q13131|P51153_ILLKSGGRR|0.667
Q13131|P61106_QIWDTAGQE|0.0
Q13131|P61106_VTRSYYRGA|0.0
Q13131|P61106_TRSYYRGAA|0.0
Q13131|P61106_ALMVYDITR|0.174
Q13131|P61106_RRSTYNHLS|0.424
Q13131|P61106_YNHLSSWLT|0.0
Q13131|P61106_SSWLTDARN|0.0
Q13131|P59190_LIGDSGVGK|0.0
Q13131|P59190_QIWDTAGQE|0.0
Q13131|P59190_YDISSERSY|0.0
Q13131|P59190-2_HQKASRRSL|0.0
Q13131|Q9H0T7_QAHRTPQPR|0.0
Q13131|Q9NP72_LLRFTDDTF|0.025
Q13131|Q9NP72_FKVKTISVD|0.0
Q13131|Q9NP72_ERFRTLTPS|0.0
Q13131|Q9NP72_FRTLTPSYY|0.041
Q13131|Q9NP72_TLTPSYYRG|0.0
Q13131|Q9NP72_LTPSYYRGA|0.311
Q13131|Q9NP72_TPSYYRGAQ|0.0
Q13131|Q9NP72_FIEASAKTC|0.0
Q13131|Q9NP72_KIIQTPGLW|0.0
Q13131|Q9NP72_ACGGYCSVL|0.0
Q13131|A4D1S5_IARNSLHLY|0.0
Q13131|A4D1S5_LYGESALNG|0.0
Q13131|P62820_MNPEYDYLF|0.377
Q13131|P62820_PEYDYLFKL|0.491
Q13131|P62820_LIGDSGVGK|0.004
Q13131|P62820_ADDTYTESY|0.219
Q13131|P62820_TYTESYIST|0.0
Q13131|P62820_YTESYISTI|0.0
Q13131|P62820_FKIRTIELD|0.021
Q13131|P62820_QIWDTAGQE|0.149
Q13131|P62820_FRTITSSYY|0.678
Q13131|P62820_ITSSYYRGA|0.0
Q13131|P62820_TSSYYRGAH|0.0
Q13131|P62820_VYDVTDQES|0.356
Q13131|P62820_EIDRYASEN|0.28
Q13131|P62820_DRYASENVN|0.708
Q13131|P62820_KVVDYTTAK|0.0
Q13131|P62820_EFADSLGIP|0.225
Q13131|P62820_PFLETSAKN|0.0
Q13131|P62820_GPGATAGGA|0.0
Q13131|P62820_GAEKSNVKI|0.833
Q13131|Q9H0U4_LIGDSGVGK|0.003
Q13131|Q9H0U4_ADDTYTESY|0.21
Q13131|Q9H0U4_TYTESYIST|0.0
Q13131|Q9H0U4_YTESYISTI|0.0
Q13131|Q9H0U4_FKIRTIELD|0.011
Q13131|Q9H0U4_QIWDTAGQE|0.153
Q13131|Q9H0U4_ERFRTITSS|0.758
Q13131|Q9H0U4_FRTITSSYY|0.681
Q13131|Q9H0U4_ITSSYYRGA|0.0
Q13131|Q9H0U4_TSSYYRGAH|0.0
Q13131|Q9H0U4_VYDVTDQES|0.405
Q13131|Q9H0U4_DQESYANVK|0.05
Q13131|Q9H0U4_EIDRYASEN|0.283
Q13131|Q9H0U4_EFADSLGIP|0.192
Q13131|Q9H0U4_PFLETSAKN|0.0
Q13131|Q9H0U4_PGAASGGER|0.375
Q13131|Q92928_FWTITSSYY|0.0
Q13131|Q92928_EFADSLGIP|0.0
Q13131|Q92928_PFLETSAKN|0.0
Q13131|Q92928_PGAASGGER|0.005
Q13131|P61019_YLFKYIIIG|0.0
Q13131|P61019_IIGDTGVGK|0.007
Q13131|P61019_AGQESFRSI|0.445
Q13131|P61019_ESFRSITRS|0.048
Q13131|P61019_FRSITRSYY|0.544
Q13131|P61019_ALLVYDITR|0.0
Q13131|P61019_VYDITRRDT|0.0
Q13131|P61019_ARQHSNSNM|0.624
Q13131|P61019_AKTASNVEE|0.0
Q13131|P61019_AFINTAKEI|0.0
Q13131|Q9NX57_LLQRYMERR|0.0
Q13131|Q9NX57_KEECSPNMD|0.003
Q13131|Q9NX57_GDRVSPRAP|0.014
Q13131|Q9UL25_GRAYSFKVV|0.0
Q13131|Q9UL25_KHITTLQAS|0.0
Q13131|Q9UL25_TLQASFLTK|0.434
Q13131|Q9UL25_ERHVSIQEA|0.523
Q13131|Q9UL25_EAESYAESV|0.0
Q13131|Q9UL25_SQPGTARRG|0.007
Q13131|Q9UL26_LLGDTGVGK|0.0
Q13131|Q9UL26_GVGKSSIVW|0.0
Q13131|Q9UL26_VGKSSIVWR|0.0
Q13131|Q9UL26_ANLPSGGKG|0.245
Q13131|Q9ULC3_KLRFYRTSV|0.862
Q13131|Q9ULC3_EVFKYLAEK|0.0
Q13131|Q9ULC3_GVFNTSGGS|0.0
Q13131|Q9ULC3_TSGGSHSGQ|0.612
Q13131|Q9ULC3_SGQNSGTLN|0.0
Q13131|Q9ULC3_QNSGTLNGG|0.518
Q13131|Q969Q5_LVGPYQNTI|0.0
Q13131|P57735_TEEDYNFVF|0.0
Q13131|P57735_GLERYRAIT|0.0
Q13131|P57735_RAITSAYYR|0.842
Q13131|P57735_VFDLTKHQT|0.0
Q13131|P57735_KSDLSQARE|0.006
Q13131|P57735_QRQNSIRTN|0.808
Q13131|Q9ULW5_PGRPSLGGG|0.005
Q13131|Q9ULW5_LKQRSMKAP|0.0
Q13131|P51159_SDGDYDYLI|0.0
Q13131|P51159_GDYDYLIKF|0.042
Q13131|P51159_TSVLYQYTD|0.0
Q13131|P51159_QLWDTAGQE|0.0
Q13131|P51159_ERFRSLTTA|0.467
Q13131|P51159_CVDKSWIPE|0.042
Q13131|P51159_GVVRSNGHA|0.711
Q13131|O00194____MTDGDY|0.0
Q13131|O00194_TDGDYDYLI|0.0
Q13131|O00194_QLWDTAGQE|0.0
Q13131|O00194_ERFRSLTTA|0.006
Q13131|O00194_NGGNSGNLD|0.545
Q13131|P51157____MSDSEE|0.179
Q13131|P51157__MSDSEEES|0.0
Q13131|P51157_PMSRTVNPP|0.0
Q13131|O14966_YSQDSFSKH|0.0
Q13131|O14966_KHYKSTVGV|0.182
Q13131|O14966_HYKSTVGVD|0.0
Q13131|O14966_VLQWSDYEI|0.0
Q13131|O14966_QWSDYEIVR|0.0
Q13131|O14966_KCDLSPWAV|0.02
Q13131|O14966_PWAVSRDQI|0.0
Q13131|O14966_ENGFTGWTE|0.0
Q13131|O14966_GWTETSVKE|0.0
Q13131|O14966_WTETSVKEN|0.0
Q13131|O14966_TQGDYINLQ|0.0
Q13131|O14966-2_FSKHYKSTV|0.0
Q13131|Q8WUD1___MTYAYLF|0.104
Q13131|Q8WUD1_MTYAYLFKY|0.016
Q13131|Q8WUD1_YLFKYIIIG|0.003
Q13131|Q8WUD1_IIGDTGVGK|0.384
Q13131|Q8WUD1_AGQESFRSI|0.783
Q13131|Q8WUD1_ESFRSITRS|0.714
Q13131|Q8WUD1_FRSITRSYY|0.895
Q13131|Q8WUD1_ALLVYDITR|0.0
Q13131|Q8WUD1_VYDITRRET|0.0
Q13131|Q8WUD1_GPQQSISTS|0.571
Q13131|Q8WUD1_SISTSVGPS|0.0
Q13131|Q15771_QIWDTAGQE|0.0
Q13131|Q15771_ERFRSITQS|0.0
Q13131|Q15771_NKVITVLVG|0.015
Q13131|Q13636_YYRGSAAAV|0.025
Q13131|Q13636_DAKEYAESI|0.595
Q13131|Q13636_EYAESIGAI|0.0
Q13131|Q13636_FQGISRQIP|0.0
Q13131|Q13636_GNNGTIKVE|0.0
Q13131|Q13637_PAPETREHL|0.0
Q13131|Q13637_FSQHYRATI|0.0
Q13131|Q13637_LPNGSPIPA|0.212
Q13131|Q13637_QNKDSSQSP|0.003
Q13131|Q13637_DSSQSPSQV|0.0
Q13131|Q14088_RFRKSMVEH|0.3
Q13131|Q14088_KAQKSLLYR|0.093
Q13131|Q14088_KSLLYRDAE|0.001
Q13131|Q9H082_QLWDTAGQE|0.0
Q13131|Q9H082_RFRKSMVQH|0.014
Q13131|Q9BZG1_VGDLSVGKT|0.0
Q13131|Q9BZG1_FCKDTFDKN|0.0
Q13131|Q9BZG1_FDKNYKATI|0.002
Q13131|Q9BZG1_QLWDTAGQE|0.0
Q13131|Q15286_IIGDSGVGK|0.365
Q13131|Q15286_TFSGSYITT|0.0
Q13131|Q15286_FSGSYITTI|0.0
Q13131|Q15286_GSYITTIGV|0.382
Q13131|Q15286_FKIRTVEIN|0.694
Q13131|Q15286_QIWDTAGQE|0.005
Q13131|Q15286_FRTITSTYY|0.0
Q13131|Q15286_RTITSTYYR|0.536
Q13131|Q15286_TITSTYYRG|0.003
Q13131|Q15286_ITSTYYRGT|0.0
Q13131|Q15286_TEDAYKFAG|0.0
Q13131|O95755_QTPPTTSTI|0.0
Q13131|O95755_TPPTTSTIR|0.0
Q13131|O95755_PPTTSTIRV|0.0
Q13131|O95755_PTTSTIRVA|0.56
Q13131|O95755_GRMRSSLTP|0.003
Q13131|O95755_RMRSSLTPL|0.493
Q13131|Q96AX2__MTGTPGAV|0.0
Q13131|Q96AX2_APERSPPCS|0.0
Q13131|Q96AX2_QIWDTAGQE|0.0
Q13131|Q96AX2_EIHEYAQRD|0.0
Q13131|P57729_GVGKTSIIK|0.097
Q13131|P57729_VGKTSIIKR|0.466
Q13131|P57729_FSSHYRATI|0.205
Q13131|P57729_DSKLSLPNG|0.49
Q13131|P57729_GKPVSVVLL|0.262
Q13131|P57729_DLMESIEPD|0.488
Q13131|Q14964_QLWDTAGQE|0.0
Q13131|Q14964_EAKMYVQPF|0.0
Q13131|Q14964_TVHSSEEAV|0.0
Q13131|Q96DA2_IRRFTEGRF|0.0
Q13131|Q96DA2_QIWDTAGQE|0.015
Q13131|Q96DA2_ERFRSITRA|0.0
Q13131|P20336_VKTIYRNDK|0.0
Q13131|P20336_QIWDTAGQE|0.0
Q13131|P20336_YRTITTAYY|0.0
Q13131|P20336_ITTAYYRGA|0.0
Q13131|P20336_KMSESLDTA|0.526
Q13131|P20337_QNFDYMFKL|0.0
Q13131|P20337_QIWDTAGQE|0.0
Q13131|P20337_YRTITTAYY|0.0
Q13131|P20337_ITTAYYRGA|0.0
Q13131|Q96E17_QDARYGQKD|0.0
Q13131|Q96E17_GQKDSSDQN|0.0
Q13131|Q96E17_QKDSSDQNF|0.0
Q13131|Q96E17_QNFDYMFKL|0.0
Q13131|Q96E17_QIWDTAGQE|0.0
Q13131|Q96E17_GQERYRTIT|0.0
Q13131|Q96E17_YRTITTAYY|0.0
Q13131|Q96E17_ITTAYYRGA|0.0
Q13131|Q96E17_TTAYYRGAM|0.0
Q13131|Q96E17_FILMYDITN|0.0
Q13131|Q96E17_QIKTYSWDN|0.0
Q13131|O95716___MASAGDT|0.0
Q13131|O95716_QNFDYMFKL|0.0
Q13131|O95716_QIWDTAGQE|0.0
Q13131|O95716_YRTITTAYY|0.0
Q13131|O95716_ITTAYYRGA|0.0
Q13131|Q15042_MAADSEPES|0.746
Q13131|Q15042_SEPESEVFE|0.001
Q13131|Q15042_PGVRTDFEM|0.366
Q13131|Q15042_RRKESTDEI|0.961
Q13131|Q15042_RKESTDEIL|0.002
Q13131|Q15042_ILGRSAFEE|0.797
Q13131|Q15042_THALSKLTE|0.102
Q13131|Q15042_NMVHTAKKK|0.641
Q13131|Q15042_GVEESPLNN|0.492
Q13131|Q15042_NQFKSAPSD|0.506
Q13131|Q15042_EVGKSWDSW|0.386
Q13131|Q15042_ARMQSACLL|0.978
Q13131|Q15042_KRMGSPEER|0.009
Q13131|Q15042_RRQNSVSDF|0.192
Q13131|Q15042_QNSVSDFPP|0.0
Q13131|Q9H2M9_EEILSGALR|0.045
Q13131|Q9H2M9_RRDPSKSTD|0.0
Q13131|Q9H2M9_VLSLSPTND|0.0
Q13131|Q9H2M9_VEPATPLAV|0.0
Q13131|Q9H2M9_PFGNSQGPS|0.0
Q13131|Q9H2M9_HLALSDKKS|0.466
Q13131|Q9H2M9_AIDETWDSQ|0.0
Q13131|Q9H2M9_ETWDSQSVS|0.0
Q13131|Q9H2M9_SQSVSPWWQ|0.0
Q13131|Q9H2M9_EKKFSQTVL|0.0
Q13131|Q9H2M9_ALTDSWEAL|0.259
Q13131|Q9H2M9_KQDFSPEVL|0.0
Q13131|Q9H2M9_FSLKTVKPL|0.0
Q13131|Q9H2M9_SLFDSKGKN|0.0
Q13131|Q9H2M9_TEEATPTPF|0.0
Q13131|Q9H2M9_ALLHTQTKE|0.45
Q13131|Q9H2M9_LHTQTKEGM|0.096
Q13131|Q8TBN0_GHRESPGAL|0.0
Q13131|Q8TBN0_LRLRSSSME|0.567
Q13131|Q8TBN0_RLRSSSMEI|0.653
Q13131|Q8TBN0_LRSSSMEIR|0.543
Q13131|Q8TBN0_LVITSTPAS|0.197
Q13131|Q8TBN0_VITSTPASP|0.0
Q13131|Q8TBN0_RKGHSRHKS|0.0
Q13131|Q8TBN0_SRHKSTSST|0.416
Q13131|Q8TBN0_GHTLTPDRE|0.002
Q13131|Q96QF0_TQPVYSSPR|0.0
Q13131|Q96QF0_PVYSSPRRL|0.401
Q13131|Q96QF0_TSGVTAGLT|0.014
Q13131|Q96QF0_IFGLSTDSL|0.559
Q13131|Q96QF0_LVLSSSPTS|0.666
Q13131|Q96QF0_PGGKTPFKK|0.0
Q13131|Q96QF0_RNKSTSSAM|0.813
Q13131|Q96QF0_AMSGSHQDL|0.728
Q13131|Q96QF0_HQDLSVIQP|0.01
Q13131|Q96QF0_KDEPTMDRT|0.0
Q13131|Q96QF0_DSSNYYYIS|0.0
Q13131|Q96QF0_AKLGYFKEE|0.0
Q13131|P20338_QIWDTAGQE|0.0
Q13131|P20338_DREVTFLEA|0.003
Q13131|P20338_FLEASRFAQ|0.0
Q13131|P20338_SGIQYGDAA|0.386
Q13131|Q8WXH6_CPPQSPPKN|0.0
Q13131|P0C0E4_DVGKSEILE|0.0
Q13131|P0C0E4_LTTSSTHKR|0.037
Q13131|Q12829____MSALGS|0.0
Q13131|Q12829_SHLKSFSMA|0.464
Q13131|Q12829_LKSFSMANG|0.0
Q13131|Q12829_LTTSSTHKR|0.165
Q13131|Q96S21_GSQGSPVKS|0.0
Q13131|Q96S21_MHGRSYSLA|0.0
Q13131|Q96S21_GRSYSLASG|0.0
Q13131|Q96S21_GGGGSKGNS|0.06
Q13131|Q96S21_SKGNSLKRS|0.011
Q13131|Q96S21_KRSKSIRPP|0.0
Q13131|Q96S21_RPPQSPPQN|0.0
Q13131|Q5JT25_QLWDTAGQE|0.0
Q13131|Q5JT25_AKTGYNVKK|0.0
Q13131|Q5JT25-2_SGKTSIISR|0.0
Q13131|Q8N4Z0_CITRSFYRN|0.088
Q13131|Q8N4Z0_QIPRSPSRK|0.0
Q13131|Q86YS6_TGAFSERQG|0.667
Q13131|Q86YS6_ERQGSTIGV|0.0
Q13131|Q86YS6_RQGSTIGVD|0.445
Q13131|Q86YS6_QIWDTAGQE|0.173
Q13131|Q86YS6_AILAYDITK|0.006
Q13131|Q86YS6_ITKRSSFLS|0.592
Q13131|Q7Z6P3_SGPQTPRVV|0.0
Q13131|Q7Z6P3_VRQISISEP|0.0
Q13131|Q7Z6P3_QISISEPQA|0.0
Q13131|Q7Z6P3_GAPRTPPGV|0.0
Q13131|Q7Z6P3_EPGSTPEGR|0.57
Q13131|Q7Z6P3_PPANSPPPQ|0.0
Q13131|Q7Z6P3_TPGKSAPPR|0.305
Q13131|Q7Z6P3_PPRGSPPRG|0.886
Q13131|Q7Z6P3_QLWDTAGQE|0.0
Q13131|P61018_QIWDTAGQE|0.0
Q13131|P61018_EREVTFLEA|0.0
Q13131|P61018_FLEASRFAQ|0.0
Q13131|P61018_ERMGSGIQY|0.0
Q13131|P61018_SGIQYGDAS|0.0
Q13131|P20339___MASRGAT|0.266
Q13131|P20339_LLGESAVGK|0.182
Q13131|P20339_GQERYHSLA|0.232
Q13131|P61020_LLGESAVGK|0.241
Q13131|P61020_GQERYHSLA|0.419
Q13131|P61020_QASPSIVIA|0.0
Q13131|P61020_KLPKSEPQN|0.007
Q13131|P61020_LHEQSQQNK|0.117
Q13131|P51148_LLGESAVGK|0.249
Q13131|P51148_GQERYHSLA|0.318
Q13131|P51148_QRQASPNIV|0.755
Q13131|P51148_ADLASKRAV|0.006
Q13131|P51148_NNPASRSQC|0.0
Q13131|P20340_LGEQSVGKT|0.5
Q13131|P20340_TRFMYDSFD|0.59
Q13131|P20340_FMYDSFDNT|0.593
Q13131|P20340_IDFLSKTMY|0.563
Q13131|P20340_FLSKTMYLE|0.459
Q13131|P20340_SKTMYLEDR|0.479
Q13131|P20340_LEDRTVRLQ|0.331
Q13131|P20340_QLWDTAGQE|0.003
Q13131|P20340_ERFRSLIPS|0.037
Q13131|P20340_KRQVSIEEG|0.766
Q13131|P20340_TQDRSREDM|0.759
Q13131|Q9NRW1____MSAGGD|0.67
Q13131|Q9NRW1_LGEQSVGKT|0.513
Q13131|Q9NRW1_TRFMYDSFD|0.577
Q13131|Q9NRW1_FMYDSFDNT|0.572
Q13131|Q9NRW1_IDFLSKTMY|0.551
Q13131|Q9NRW1_FLSKTMYLE|0.47
Q13131|Q9NRW1_SKTMYLEDR|0.464
Q13131|Q9NRW1_LEDRTVRLQ|0.426
Q13131|Q9NRW1_QLWDTAGQE|0.035
Q13131|Q9NRW1_ERFRSLIPS|0.123
Q13131|Q9NRW1_KRQITIEEG|0.0
Q13131|Q9NRW1_RRVASALPG|0.619
Q13131|Q9H0N0____MSAGGD|0.582
Q13131|Q9H0N0_SKTMYLEDG|0.0
Q13131|Q9H0N0_RLWDTAGQE|0.0
Q13131|Q53S08____MSAGGD|0.478
Q13131|Q53S08_SKTMYLEDG|0.0
Q13131|Q53S08_RLWDTAGQE|0.0
Q13131|Q6IQ26_GGGGSAPSR|0.002
Q13131|Q6IQ26_GSAPSRFAD|0.0
Q13131|Q6IQ26_RDGASPFIS|0.036
Q13131|Q6IQ26_AFIITREDG|0.0
Q13131|Q6IQ26_RFNSYDISR|0.0
Q13131|Q6IQ26_NIAGSPLHS|0.05
Q13131|Q6IQ26_SPLHSYELL|0.0
Q13131|Q6IQ26_PLHSYELLK|0.0
Q13131|Q6IQ26_KENETIARL|0.447
Q13131|Q6IQ26_LNVRTPTLR|0.0
Q13131|Q6IQ26_QREKYIQEA|0.0
Q13131|Q6IQ26_LSNLSPSVI|0.505
Q13131|Q6IQ26_QRKLTSGSL|0.0
Q13131|Q6IQ26_RKLTSGSLS|0.0
Q13131|Q6IQ26_LTSGSLSTS|0.0
Q13131|Q6IQ26_SGSLSTSGI|0.0
Q13131|Q6IQ26_ILLDSERRK|0.616
Q13131|Q6IQ26_ERRKSDASS|0.777
Q13131|Q6IQ26_KSDASSLMP|0.0
Q13131|Q6IQ26_SDASSLMPP|0.0
Q13131|Q6IQ26_RPCRTPPLQ|0.354
Q13131|Q6IQ26_PLQQSPSVI|0.363
Q13131|P51149_ILGDSGVGK|0.054
Q13131|P51149_LMNQYVNKK|0.0
Q13131|P51149_FSNQYKATI|0.0
Q13131|P51149_QYKATIGAD|0.696
Q13131|P51149_KTLDSWRDE|0.0
Q13131|P51149_LIQASPRDP|0.591
Q13131|P51149_QAFQTIARN|0.768
Q13131|P51149_LKQETEVEL|0.805
Q13131|P51149_RAKASAESC|0.0
Q13131|P51149_ASAESCSC_|0.036
Q13131|P51149_AESCSC___|0.0
Q13131|P61006__MAKTYDYL|0.0
Q13131|P61006_MAKTYDYLF|0.0
Q13131|P61006_KTYDYLFKL|0.0
Q13131|P61006_LIGDSGVGK|0.0
Q13131|P61006_FKIRTIELD|0.0
Q13131|P61006_QIWDTAGQE|0.0
Q13131|P61006_ITTAYYRGA|0.0
Q13131|P61006_TTAYYRGAM|0.0
Q13131|P61006_KRQVSKERG|0.0
Q13131|P61006_NAFFTLARD|0.0
Q13131|P61006_QKRSSFFRC|0.0
Q13131|Q92930__MAKTYDYL|0.0
Q13131|Q92930_MAKTYDYLF|0.0
Q13131|Q92930_KTYDYLFKL|0.0
Q13131|Q92930_LIGDSGVGK|0.0
Q13131|Q92930_FKIRTIELD|0.0
Q13131|Q92930_QIWDTAGQE|0.0
Q13131|Q92930_ITTAYYRGA|0.0
Q13131|Q92930_EEHASSDVE|0.0
Q13131|Q92930_EHASSDVER|0.0
Q13131|Q92930_KRQVSKERG|0.0
Q13131|Q92930_LAIDYGIKF|0.0
Q13131|Q92930_EAFFTLARD|0.0
Q13131|Q92930_KMNDSNSAG|0.0
Q13131|Q92930_NDSNSAGAG|0.0
Q13131|Q92930_SKKTSFFRC|0.0
Q13131|P51151_MAGKSSLFK|0.006
Q13131|P51151_AGKSSLFKV|0.0
Q13131|P51151_QLFHTIGVE|0.0
Q13131|P51151_KEFIYYADV|0.0
Q13131|P51151_EFIYYADVK|0.451
Q13131|Q9NP90_QIWDTAGQE|0.021
Q13131|Q9NP90_CCLLTFSVD|0.0
Q13131|Q9NP90_LLTFSVDDR|0.01
Q13131|Q9NP90_DDRQSFENL|0.001
Q13131|Q9NP90_KEFIYYADV|0.0
Q13131|Q9NP90_EFIYYADVK|0.618
Q13131|Q9UI14_AEGLSGTTL|0.538
Q13131|Q9UI14_GLSGTTLLP|0.0
Q13131|Q9UI14_LSGTTLLPK|0.526
Q13131|Q9UI14_KLIPSGAGR|0.649
Q13131|Q9UI14_RRRATIRPW|0.003
Q13131|Q9UI14_LYLRTLESK|0.787
Q13131|Q15276_PGPASQPDV|0.0
Q13131|Q15276_EEVASLQAV|0.0
Q13131|Q15276_RRRLSEGQE|0.894
Q13131|Q15276_KDKLTEAED|0.0
Q13131|Q15276_ELNHYLEAE|0.0
Q13131|Q15276_NTQKSVLQE|0.002
Q13131|Q15276_EIVLTSEQL|0.0
Q13131|Q15276_EHLDSTRGS|0.0
Q13131|Q15276_PFSKSDNDM|0.0
Q13131|Q15276_GTSGSLQSK|0.0
Q13131|Q15276_YKAKSAGNL|0.0
Q13131|Q15276_VGADSVSEN|0.0
Q13131|Q15276_MESAYVSPS|0.0
Q13131|Q15276_YRLVSETEW|0.052
Q13131|Q15276_QEAETRDQV|0.0
Q13131|Q15276_KDNDSLQGK|0.006
Q13131|Q9H5N1_EDSRSQEGA|0.0
Q13131|Q9H5N1_ILKDSISSY|0.0
Q13131|Q9H5N1_RHAPSLHGS|0.436
Q13131|Q9H5N1_LHGSTELLP|0.0
Q13131|Q9H5N1_RQGLSPEQE|0.0
Q13131|Q7Z6M1_PRKATWYTL|0.0
Q13131|Q7Z6M1_KATWYTLTV|0.513
Q13131|Q7Z6M1_NPNRSFSDV|0.403
Q13131|Q7Z6M1_NRSFSDVHT|0.001
Q13131|Q7Z6M1_GANQSGNRN|0.505
Q13131|Q7Z6M1_GNPPSPRHG|0.34
Q13131|Q7Z6M1_EKEDSNSLT|0.001
Q13131|Q7Z6M1_EDSNSLTLN|0.498
Q13131|Q7Z6M1_SNSLTLNHE|0.0
Q13131|Q9Y3P9_DDKASVGKI|0.0
Q13131|Q9Y3P9_VGKISVSSD|0.532
Q13131|Q9Y3P9_KISVSSDSV|0.0
Q13131|Q9Y3P9_ISVSSDSVS|0.004
Q13131|Q9Y3P9_VGNGSEQQL|0.873
Q13131|Q9Y3P9_SEASSPFTP|0.0
Q13131|Q9Y3P9_SSPFTPVAD|0.661
Q13131|Q9Y3P9_VPNVSEGIV|0.0
Q13131|Q9Y3P9_AAPQTPDSD|0.001
Q13131|Q9Y3P9_DGKGYFSAV|0.709
Q13131|Q9Y3P9_DVRNSDMHL|0.832
Q13131|Q9Y3P9_WNPKSPHFQ|0.135
Q13131|Q9Y3P9_DLVITEVQE|0.0
Q13131|Q9Y3P9_FSKRSTTEN|0.0
Q13131|Q9Y3P9_RLPQSGSQS|0.384
Q13131|Q9Y3P9_EPLLSGSGD|0.147
Q13131|Q9Y3P9_SPQDSAITR|0.0
Q13131|Q9Y3P9_DLLLTDFEG|0.007
Q13131|Q9Y3P9_IKKNSSIIG|0.037
Q13131|Q9Y3P9_KKNSSIIGD|0.591
Q13131|Q9Y3P9_IIGDYKQIC|0.003
Q13131|Q9Y3P9_EKQQTANKV|0.054
Q13131|Q9Y3P9_EEKETLKNQ|0.469
Q13131|Q9Y3P9_WFNRTLSSI|0.0
Q13131|Q9Y3P9_NRTLSSIKT|0.844
Q13131|Q9Y3P9_RTLSSIKTA|0.591
Q13131|Q9UJ41_KKFFSASSR|0.0
Q13131|Q9UJ41_FFSASSRVG|0.0
Q13131|Q9UJ41_SRVGSKKEI|0.04
Q13131|Q9UJ41_INRQTSIET|0.0
Q13131|Q9UJ41_FCNPSRLMT|0.0
Q13131|Q9UJ41_QEAESWSPD|0.0
Q13131|Q9UJ41_IVEKYPLEI|0.215
Q13131|Q92696_LKVKTSEEQ|0.0
Q13131|Q92696_KVKTSEEQA|0.045
Q13131|Q92696_VEKSTVLQS|0.258
Q13131|Q92696_TVLQSELES|0.0
Q13131|Q92696_SELESCKEL|0.0
Q13131|Q92696_YEKETLQYF|0.0
Q13131|P53611_VIIKSDAPD|0.795
Q13131|P53611_PDVCYSWWV|0.0
Q13131|Q9UBK7_PQQLSTYAL|0.0
Q13131|Q9UBK7_TYALTLYKH|0.0
Q13131|Q9UBK7_ALTLYKHTA|0.0
Q13131|Q9UBK7-2_VTQKSFNFA|0.0
Q13131|Q9UNT1_PQQLSTYAL|0.0
Q13131|Q9UNT1_TYALTLYKH|0.0
Q13131|Q9UNT1_ALTLYKHTA|0.0
Q13131|Q9UNT1_QRKVTYRNL|0.485
Q13131|Q9UNT1_DINVTQKSF|0.003
Q13131|Q5HYI8_RAVFYNSVN|0.528
Q13131|Q5HYI8_LRRWSLEAL|0.959
Q13131|Q5HYI8_TNPRYLAAG|0.0
Q13131|Q5HYI8_AAGSSNAVK|0.0
Q13131|Q5HYI8_FGAGTLKSL|0.0
Q13131|Q5HYI8_GTLKSLHYD|0.0
Q13131|Q5HYI8_KSLHYD___|0.0
Q13131|Q9BW83_YTLTTGMDL|0.0
Q13131|Q9H7X7_ITEYSPTQG|0.0
Q13131|Q9H7X7_AKFESCWPA|0.0
Q13131|Q9H7X7_KGSLSLSPP|0.0
Q13131|Q9H7X7_REEMSIMT_|0.0
Q13131|Q9H7X7_MSIMT____|0.0
Q13131|Q3YEC7_KLVGSDQAP|0.953
Q13131|Q3YEC7_AGLQSMNQA|0.915
Q13131|Q3YEC7_KGVQYNMKI|0.0
Q13131|Q3YEC7_GDRNTGKTA|0.234
Q13131|Q3YEC7_RSIISRLFG|0.083
Q13131|Q3YEC7_FLEDTTPAR|0.0
Q13131|Q3YEC7_SIPASKPRR|0.002
Q13131|Q3YEC7_PRRGTAPTR|0.676
Q13131|Q3YEC7_GTAPTRTAA|0.0
Q13131|Q3YEC7_VSVRTGPEK|0.002
Q13131|Q3YEC7_EKRSSTRPP|0.0
Q13131|Q3YEC7_LKNDSDLFG|0.0
Q13131|Q3YEC7_SRERTAADE|0.0
Q13131|Q3YEC7-6_SMKNSFGLK|0.008
Q13131|Q3YEC7-6_FGLKYLHKF|0.0
Q13131|Q9Y2J0_QEELTDEEK|0.0
Q13131|Q9Y2J0_GMLGSACVV|0.885
Q13131|Q9Y2J0_ARGDSEDRR|0.47
Q13131|Q9Y2J0_EARMSSSSR|0.376
Q13131|Q9Y2J0_ARMSSSSRD|0.209
Q13131|Q9Y2J0_RMSSSSRDS|0.58
Q13131|Q9Y2J0_MSSSSRDSE|0.47
Q13131|Q9Y2J0_SSRDSESWD|0.219
Q13131|Q9Y2J0_RDSESWDHS|0.449
Q13131|Q9Y2J0_RRANSVQAS|0.897
Q13131|Q9Y2J0_REERTGGVG|0.623
Q13131|Q9Y2J0_PSGPYSQAS|0.394
Q13131|Q9Y2J0_SGPYSQASA|0.0
Q13131|Q9Y2J0_KPMDSNGLA|0.462
Q13131|Q9Y2J0_MQRKTLRIS|0.518
Q13131|Q9Y2J0_TLRISVCDE|0.0
Q13131|P63000_FPGEYIPTV|0.0
Q13131|P63000_VSPASFENV|0.0
Q13131|P63000_CSALTQRGL|0.84
Q13131|P63000-2_GQEDYDRLR|0.0
Q13131|P63000-2_SYPQTVGET|0.0
Q13131|P63000-2_VGETYGKDI|0.0
Q13131|P15153_FPGEYIPTV|0.0
Q13131|P15153_GQEDYDRLR|0.21
Q13131|P15153_CSALTQRGL|0.86
Q13131|P15153_RGLKTVFDE|0.702
Q13131|P60763_GQEDYDRLR|0.255
Q13131|P60763_VSPASFENV|0.001
Q13131|P60763_APITYPQGL|0.0
Q13131|P60763_CSALTQRGL|0.852
Q13131|P60763_RGLKTVFDE|0.71
Q13131|P63244_QIATTPQFP|0.028
Q13131|P63244_SRDKTIIMW|0.94
Q13131|P63244_MWKLTRDET|0.743
Q13131|P63244_LRGHSHFVS|0.955
Q13131|P63244_LWDLTTGTT|0.003
Q13131|P63244_WDLTTGTTT|0.111
Q13131|P63244_KDVLSVAFS|0.582
Q13131|P63244_SRDKTIKLW|0.885
Q13131|P63244_KLWNTLGVC|0.583
Q13131|P63244_VQDESHSEW|0.455
Q13131|P63244_CVRFSPNSS|0.598
Q13131|P63244_SPNSSNPII|0.518
Q13131|P63244_PIIVSCGWD|0.0
Q13131|P63244_HIGHTGYLN|0.296
Q13131|P63244_ATGPSIKIW|0.1
Q13131|Q9ULU4_KDPGSAERT|0.428
Q13131|Q9ULU4_SPPHSSNGH|0.261
Q13131|Q9ULU4_SNGHSPQDT|0.481
Q13131|Q9ULU4_SPQDTSTSP|0.285
Q13131|Q9ULU4_DTSTSPIKK|0.002
Q13131|Q9ULU4_GLLNSNNKE|0.67
Q13131|Q9ULU4_NHKLTQIAK|0.357
Q13131|Q9ULU4_GVFNYSPFR|0.719
Q13131|Q9ULU4_VFNYSPFRT|0.0
Q13131|Q9ULU4_FRTPYTPNS|0.01
Q13131|Q9ULU4_KILMSKPVL|0.614
Q13131|Q9ULU4_LSGGTGRRI|0.618
Q13131|Q9ULU4_RISLSDMPR|0.797
Q13131|Q9ULU4_RSPMSTNSS|0.002
Q13131|Q9ULU4_SPMSTNSSV|0.594
Q13131|Q9ULU4_MSTNSSVHT|0.82
Q13131|Q9ULU4_STNSSVHTG|0.821
Q13131|Q9ULU4_SSVHTGSDV|0.65
Q13131|Q9ULU4_KKATSSHFS|0.307
Q13131|Q9ULU4_FLDKSTASP|0.648
Q13131|Q9ULU4_KSTASPAST|0.396
Q13131|Q9ULU4_SPASTKTGQ|0.174
Q13131|Q9ULU4_ASTKTGQAG|0.643
Q13131|Q9ULU4_SPQLSAPIT|0.752
Q13131|Q9ULU4_ELSESVQQQ|0.657
Q13131|Q9ULU4_VQQQSTPVP|0.636
Q13131|Q9ULU4_AVEHSDSED|0.456
Q13131|Q9ULU4_EHSDSEDSE|0.0
Q13131|Q9ULU4_DSEDSEKSD|0.215
Q13131|Q9ULU4_DSEKSDSSD|0.011
Q13131|Q9ULU4_DEQKSKNEP|0.0
Q13131|Q9ULU4_DKEPSAVKK|0.451
Q13131|Q9ULU4_KPKPTNPVE|0.0
Q13131|Q9ULU4_EKDFSEKAK|0.725
Q13131|Q9ULU4_GKDETDSPT|0.507
Q13131|Q9ULU4_TPPSTTVGS|0.0
Q13131|Q9ULU4_SPPETPVLT|0.353
Q13131|Q9ULU4_TPVLTRSSA|0.675
Q13131|Q9ULU4_AATGSPVKK|0.126
Q13131|Q9ULU4_SSQGSSSST|0.0
Q13131|Q9ULU4_SSSSTQSAP|0.002
Q13131|Q9ULU4_SAEKSKESG|0.0
Q13131|Q9ULU4_TLDLSGSRE|0.529
Q13131|Q9ULU4_KSSWSSSDE|0.0
Q13131|Q9ULU4-10_MHPQSLAEE|0.0
Q13131|Q9ULU4-10_KDPGSAERT|0.0
Q13131|Q9ULU4-14_MHPQSLAEE|0.0
Q13131|Q9ULU4-14_KDPGSAERT|0.0
Q13131|Q9ULU4-14_GLLNSNNKE|0.008
Q13131|Q9ULU4-6_SNQGSVSKR|0.0
Q13131|O60671_MPLLTQQIQ|0.692
Q13131|O75943_NGPSTLESS|0.435
Q13131|O75943_GLENSKEYL|0.052
Q13131|O75943_GDIRSAINS|0.51
Q13131|O75943_MSLKSDAVL|0.877
Q13131|O75943_DAVLSKSKR|0.972
Q13131|O75943_CKRASLTEL|0.923
Q13131|O75943_TELDSPRLP|0.532
Q13131|O75943_IIEDYESDG|0.374
Q13131|Q9NS91_RKFLSYKTQ|0.678
Q13131|Q9NS91_KFLSYKTQC|0.0
Q13131|Q9NS91_TCCVTVTEP|0.0
Q13131|Q9NS91_ASSSSKNLA|0.688
Q13131|Q9NS91_EMSGSTSEL|0.888
Q13131|Q9NS91_KENKSKFSP|0.769
Q13131|Q9NS91_KETRSVEEI|0.922
Q13131|Q9NS91_VMVFTKDQT|0.0
Q13131|Q9NS91_IAGMSQKTV|0.007
Q13131|Q9NS91_TEKLSSVCM|0.003
Q13131|Q9NS91_EKLSSVCMG|0.0
Q13131|Q9NS91_SCNSSSSDI|0.0
Q13131|Q9NS91_NSSSSDIIR|0.0
Q13131|Q9NS91_DLQDTEISP|0.011
Q13131|O60216_NLESSVESI|0.001
Q13131|O60216_MALRTSGHL|0.319
Q13131|O60216_ALRTSGHLL|0.0
Q13131|O60216_VVRIYHRKA|0.007
Q13131|O60216_DMLVSTTTS|0.804
Q13131|O60216_LVSTTTSNL|0.872
Q13131|O60216_VSTTTSNLL|0.888
Q13131|O60216_STTTSNLLL|0.966
Q13131|O60216_EQSTSNLNE|0.0
Q13131|O60216_NHLEYEDQY|0.217
Q13131|O60216_YEDQYKDDN|0.0
Q13131|O60216_QLSDYSDIV|0.003
Q13131|O60216_IEEPSRLQE|0.492
Q13131|O60216_VMEASRTNI|0.882
Q13131|O60216_NIDESAMPP|0.0
Q13131|O60216_AAKFYSFLV|0.0
Q13131|O60216_EEPYSDIIA|0.0
Q13131|Q9H4I0_SHEDTNKNI|0.0
Q13131|Q9H4I0_AAKFYSFLV|0.0
Q13131|P54725_LQQQTFKIR|0.517
Q13131|P54725_GKILSDDVP|0.051
Q13131|P54725_GSVPSSGSS|0.432
Q13131|P54725_SVPSSGSSG|0.651
Q13131|P54725_SSGSSGREE|0.0
Q13131|P54725_TGSEYETML|0.0
Q13131|P54725_LRASYNNPH|0.244
Q13131|P54725_RAVEYLLTG|0.675
Q13131|P54725_PEHGSVQES|0.0
Q13131|P54725_SVQESQVSE|0.207
Q13131|P54725_LQQISRHQE|0.251
Q13131|P54725_PQMNYIQVT|0.0
Q13131|P54725-3_GIPGSPEPE|0.0
Q13131|P54727__MQVTLKTL|0.452
Q13131|P54727_VTLKTLQQQ|0.374
Q13131|P54727_LQQQTFKID|0.548
Q13131|P54727_TATDSTSGD|0.69
Q13131|P54727_ATDSTSGDS|0.719
Q13131|P54727_SGDSSRSNL|0.426
Q13131|P54727_DSSRSNLFE|0.415
Q13131|P54727_RAVEYLLMG|0.899
Q13131|P54727_QQNPSLLPA|0.487
Q13131|P54727_LQQISQHQE|0.503
Q13131|P54727_GHMNYIQVT|0.366
Q13131|Q5T890_ASIKSITVD|0.0
Q13131|Q5T890_IKSITVDEN|0.0
Q13131|Q5T890_KEPLSSTAK|0.0
Q13131|Q5T890_AKKMSGWFL|0.0
Q13131|Q5T890_CDLCSDFSD|0.0
Q13131|Q5T890_CSDFSDEEP|0.0
Q13131|Q5T890_KPRLSDSET|0.0
Q13131|Q5T890_ETKKSPVSS|0.0
Q13131|Q5T890_ASEDTVTSR|0.0
Q13131|Q5T890_VTSRSLNSE|0.0
Q13131|Q5T890_SHGNSPTQL|0.562
Q13131|Q5T890_AVIETLCEK|0.0
Q13131|Q92878_GEKVSLSSK|0.084
Q13131|Q92878_KVSLSSKCA|0.654
Q13131|Q92878_QVRQTQGQK|0.539
Q13131|Q92878_EHNLSKIMK|0.667
Q13131|Q92878_LNDLYHNHQ|0.523
Q13131|Q92878_QLEGSSDRI|0.742
Q13131|Q92878_LEGSSDRIL|0.321
Q13131|Q92878_EEQLSSYED|0.0
Q13131|Q92878_EQLSSYEDK|0.003
Q13131|Q92878_DIENYIQDG|0.0
Q13131|Q92878_IVMRTTELV|0.742
Q13131|Q92878_VMRTTELVN|0.773
Q13131|Q92878_LDIYYKTLD|0.409
Q13131|Q92878_QDIEYIEIR|0.089
Q13131|Q06609_TTRLYLRKG|0.539
Q13131|Q96B01_TMNKSPHIS|0.0
Q13131|Q96B01_LDKITVEDD|0.0
Q13131|Q96B01_RKAASKAAA|0.001
Q13131|Q96B01_VKVKSPVEK|0.0
Q13131|Q96B01_LEIRSPSAE|0.0
Q13131|Q96B01_IRSPSAESK|0.534
Q13131|Q96B01_PSAESKKPK|0.0
Q13131|Q96B01_SRSSSSPLV|0.472
Q13131|Q96B01_LVVVSVKSP|0.163
Q13131|Q96B01_SPNQSLRLG|0.0
Q13131|Q96B01_NATST____|0.462
Q13131|Q09MP3_IAKPSYFRD|0.122
Q13131|Q09MP3_AKPSYFRDS|0.029
Q13131|Q09MP3_YFRDSGTIS|0.0
Q13131|Q09MP3_SGTISVPQF|0.005
Q13131|Q09MP3_FSKCYENDY|0.0
Q13131|Q09MP3_EENKYVNQN|0.0
Q13131|Q09MP3_QNYVTNTNE|0.0
Q13131|Q09MP3_LAAKYLSTE|0.0
Q13131|Q09MP3_FHEISRENE|0.001
Q13131|Q09MP3_NMGKSHQSL|0.0
Q13131|Q09MP3_KSHQSLFKW|0.0
Q13131|Q09MP3_EEFNYLLRG|0.009
Q13131|Q09MP3_LRGGSHFPH|0.274
Q13131|O15315_PKMQTAYGI|0.417
Q13131|O75771_DAGLYTGEV|0.231
Q13131|O75771_AGLYTGEVT|0.432
Q13131|O75771_TAVVSPLLG|0.391
Q13131|O75771_RELKTLARD|0.488
Q13131|O75771-6_EELKTSTAI|0.0
Q13131|O75771-6_ELKTSTAIL|0.0
Q13131|O75771-6_WEDCSCLRS|0.0
Q13131|P43351_GYGVSEGLK|0.0
Q13131|P43351_SKALSLEKA|0.0
Q13131|P43351_EEARYNSCR|0.001
Q13131|P43351_ARYNSCRPN|0.044
Q13131|P43351_LQQVTSPSR|0.0
Q13131|P43351_QQVTSPSRP|0.075
Q13131|P43351_SAVESEATH|0.0
Q13131|P43351_VRVSTPSAE|0.0
Q13131|P43351_SAEKSEAAP|0.0
Q13131|P43351_PVTHSTPVT|0.0
Q13131|P43351_STPVTVSEP|0.0
Q13131|P43351_ADQRTTGNW|0.0
Q13131|Q9Y620__MRRSAAPS|0.872
Q13131|Q9Y620_RKCFSNPFK|0.48
Q13131|Q9Y620_VLIISYEML|0.052
Q13131|Q9Y620_YRKIYEEPI|0.007
Q13131|Q9Y620_EKECSSTCD|0.0
Q13131|Q9Y620_KECSSTCDK|0.0
Q13131|Q9Y620_ECSSTCDKN|0.0
Q13131|Q9Y620_LQVLSKLLA|0.602
Q13131|Q9Y620_DGQKYPVHI|0.269
Q13131|Q9Y620-2_HTVQTWMRR|0.0
Q13131|Q92698__MRRSLAPS|0.539
Q13131|Q92698_RKRKSSSET|0.0
Q13131|Q92698_RKSSSETQI|0.006
Q13131|Q92698_SSSETQIQE|0.0
Q13131|Q92698_IDGGSKDEI|0.0
Q13131|Q92698_SENQTYQAL|0.0
Q13131|Q92698_ENQTYQALD|0.0
Q13131|Q92698_QALDSLNTS|0.0
Q13131|Q92698_RELTSIVNR|0.43
Q13131|Q92698_LVLDYILAV|0.453
Q13131|Q92698_LDEASLSDT|0.0
Q13131|Q9Y4B4_PPRCTSTTS|0.048
Q13131|Q9Y4B4_QRKDYAAPI|0.582
Q13131|Q9Y4B4_ADWVSEGGV|0.438
Q13131|Q9Y4B4_LLMGYEMYR|0.476
Q13131|Q9Y4B4_GYEMYRLLT|0.449
Q13131|Q9Y4B4_YRLLTLKKS|0.345
Q13131|Q9Y4B4_TLASSMGEA|0.88
Q13131|Q9Y4B4_EKKIYDRQI|0.447
Q13131|Q9Y4B4_DRQISKQGM|0.69
Q13131|Q9Y4B4_KQGMSDRVV|0.455
Q13131|Q9Y4B4_MLNFTRKEV|0.468
Q13131|Q9Y4B4_PVQSTPIPM|0.733
Q13131|Q9Y4B4_RMAASGSQG|0.555
Q13131|Q9Y4B4_SRRRSRKGH|0.687
Q13131|Q9Y4B4_IYPGYMSPH|0.438
Q13131|Q9Y4B4_PGYMSPHAG|0.643
Q13131|Q9Y4B4_EVGFSSNDD|0.605
Q13131|Q9Y4B4_VGFSSNDDE|0.709
Q13131|Q99638_LAEVTLGIG|0.184
Q13131|Q99638_TIKDSLLDG|0.001
Q13131|Q99638_TLSDTDSHS|0.0
Q13131|Q99638_RVLPSISLS|0.562
Q13131|Q99638_EAEPSTVPG|0.459
Q13131|Q99638_AEPSTVPGT|0.419
Q13131|Q99638_KKFRSLFFG|0.828
Q13131|Q6WBX8_LVKMSENEL|0.606
Q13131|Q6WBX8_FILATLADE|0.303
Q13131|Q6WBX8_ADEQSRASS|0.282
Q13131|Q96JH8_HFIMSPPTK|0.0
Q13131|Q96JH8_SRTLSYKYR|0.0
Q13131|Q96JH8_TGTHYKSVL|0.001
Q13131|Q96JH8_VGHRTVVLH|0.0
Q13131|Q96JH8_SLGLYYLLL|0.007
Q13131|Q96JH8_LGLYYLLLF|0.0
Q13131|Q96JH8_ERRESWSSA|0.0
Q13131|Q96JH8_ASPGSPGRP|0.228
Q13131|P35241_DSKGYSTWL|0.045
Q13131|P35241_LLASYAVQA|0.239
Q13131|P35241_VQAKYGDYN|0.061
Q13131|P35241_KYGDYNKEI|0.0
Q13131|P35241_GFPWSEIRN|0.0
Q13131|P35241_IRNISFNDK|0.995
Q13131|P35241_DFVFYAPRL|0.003
Q13131|P35241_NHELYMRRR|0.527
Q13131|P35241_RKPDTIEVQ|0.959
Q13131|P35241_QALSSELAQ|0.927
Q13131|P35241_GRDKYKTLR|0.387
Q13131|Q6NSI4_QMRISRVSC|0.0
Q13131|Q6NSI4_HLEMTWTNR|0.0
Q13131|Q6NSI4_EMTWTNRRN|0.061
Q13131|Q6NSI4_PKLLYLTTT|0.0
Q13131|Q6NSI4_IKVESLLTA|0.0
Q13131|Q6NSI4_LTAISEVRK|0.0
Q13131|Q6NSI4_TESASASET|0.0
Q13131|Q6NSI4_SASASETLR|0.0
Q13131|Q6NSI4_SASETLRNA|0.0
Q13131|Q6NSI4_PGMPSIFNR|0.0
Q13131|P78406_SGFGTSGTS|0.0
Q13131|P78406_WDTRSSNPM|0.002
Q13131|P78406_ADVIYPMAV|0.0
Q13131|P78406_PQDIYAVNG|0.156
Q13131|P78406_GHEFYNPQK|0.564
Q13131|Q6H3X3_SKTVTPVSP|0.0
Q13131|Q6H3X3_VTPVSPLGK|0.751
Q13131|Q6H3X3_KLNVTTAWK|0.0
Q13131|Q6H3X3_MGMDSTLEP|0.0
Q13131|Q6H3X3_GMDSTLEPS|0.0
Q13131|Q5VY80_VDEKTFLHY|0.0
Q13131|Q5VY80_TFLHYDCGN|0.0
Q13131|Q5VY80_NKTVTPVSP|0.254
Q13131|Q5VY80_VTPVSPLGK|0.638
Q13131|P04049_WKTISNGFG|0.987
Q13131|P04049_CISPTIVQQ|0.896
Q13131|P04049_QQFGYQRRA|0.556
Q13131|P04049_DGKLTDPSK|0.967
Q13131|P04049_PALPSLTMR|0.454
Q13131|P04049_LPSLTMRRM|0.655
Q13131|P04049_RMRESVSRM|0.843
Q13131|P04049_SQHRYSTPH|0.003
Q13131|P04049_HRYSTPHAF|0.478
Q13131|P04049_PHAFTFNTS|0.536
Q13131|P04049_FTFNTSSPS|0.064
Q13131|P04049_SSPSSEGSL|0.006
Q13131|P04049_SSEGSLSQR|0.898
Q13131|P04049_VHMVSTTLP|0.444
Q13131|P04049_DAIRSHSES|0.783
Q13131|P04049_IRSHSESAS|0.985
Q13131|P04049_SHSESASPS|0.989
Q13131|P04049_PTGWSQPKT|0.013
Q13131|P04049_SQPKTPVPA|0.435
Q13131|P04049_PVSGTQEKN|0.996
Q13131|P04049_VMLSTRIGS|0.923
Q13131|P04049_TRIGSGSFG|1.0
Q13131|P04049_GSFGTVYKG|0.993
Q13131|P04049_QGMDYLHAK|0.324
Q13131|P04049_HEGLTVKIG|0.946
Q13131|P04049_YELMTGELP|0.0
Q13131|P04049_LLQHSLPKI|0.969
Q13131|P04049_INACTLTTS|0.98
Q13131|P04049_ACTLTTSPR|0.396
Q13131|P15918_HNRRYPVHG|0.05
Q13131|P15918_VDGKTLGLL|0.0
Q13131|P15918_PCEVYFPRN|0.145
Q13131|P15918_KKLKTVLDQ|0.845
Q13131|P15918_LKNVSSSTD|0.002
Q13131|P15918_NVSSSTDVG|0.487
Q13131|Q9BRV3_CVVFTLGMF|0.0
Q13131|Q9BRV3_GLFCSVFTI|0.257
Q13131|Q9BRV3_KVIQTKSTQ|0.0
Q13131|Q9BRV3_QDRNYWLLQ|0.0
Q13131|P55895_NKKVTFRCT|0.817
Q13131|P55895_PEARYGHSI|0.334
Q13131|P55895_INVVYSRGK|0.624
Q13131|P55895_CNIISLEDN|0.026
Q13131|Q15109_EAGESSTGG|0.0
Q13131|Q15109_AGESSTGGP|0.003
Q13131|Q15109-2_GAGRTRRGG|0.0
Q13131|Q15109-4_ESRRSRKRP|0.0
Q13131|Q15109-9_DGLRTREPT|0.0
Q13131|Q15109-9_PIPATGPRK|0.0
Q13131|Q7Z5J4_KQQNYQQTS|0.0
Q13131|Q7Z5J4_RLENYRQPS|0.0
Q13131|Q7Z5J4_QAGLSCDRQ|0.01
Q13131|Q7Z5J4_LAKDYYNPQ|0.03
Q13131|Q7Z5J4_AKDYYNPQP|0.001
Q13131|Q7Z5J4_NPQPYPSYE|0.0
Q13131|Q7Z5J4_QPYPSYEGG|0.0
Q13131|Q7Z5J4_PYPSYEGGA|0.0
Q13131|Q7Z5J4_GGAGTPSGT|0.001
Q13131|Q7Z5J4_AGTPSGTAA|0.0
Q13131|Q7Z5J4_TPSGTAAAV|0.0
Q13131|Q7Z5J4_AADKYHRGS|0.0
Q13131|Q7Z5J4_AFPGYGVQD|0.0
Q13131|Q7Z5J4_VPFRTHSLH|0.006
Q13131|Q7Z5J4_NLHAYQSGR|0.611
Q13131|Q7Z5J4_HAYQSGRLS|0.001
Q13131|Q7Z5J4_ETLHYQNLA|0.417
Q13131|Q7Z5J4_TFSPSSSHS|0.734
Q13131|Q7Z5J4_KNLVSRTPE|0.327
Q13131|Q7Z5J4_QEADYLSGS|0.0
Q13131|Q7Z5J4_ADYLSGSED|0.0
Q13131|Q7Z5J4_PLERSFLYC|0.311
Q13131|Q7Z5J4_QARGSPARV|0.241
Q13131|Q7Z5J4_CSVTSPDDM|0.0
Q13131|Q7Z5J4_VKDSSKPPF|0.885
Q13131|Q7Z5J4_FEDPSVAFA|0.0
Q13131|Q7Z5J4_GGKASDGIS|0.681
Q13131|Q7Z5J4_AEEEYSSLC|0.0
Q13131|Q7Z5J4_EEEYSSLCE|0.0
Q13131|Q7Z5J4_EEYSSLCEL|0.0
Q13131|Q7Z5J4_AGWGSPCHL|0.045
Q13131|Q7Z5J4_PCHLSGESV|0.576
Q13131|Q7Z5J4_PRGKSLRSR|0.03
Q13131|Q7Z5J4_KSLRSRRVH|0.027
Q13131|Q7Z5J4_EAEDSPCRA|0.001
Q13131|Q7Z5J4_GLTTTPAPP|0.0
Q13131|Q7Z5J4_VGKPSPKAA|0.0
Q13131|Q7Z5J4_KETDSPSTP|0.0
Q13131|Q7Z5J4_DSPSTPGKD|0.0
Q13131|Q7Z5J4_SRTKTQEIF|0.0
Q13131|Q7Z5J4_EIFHSKRRR|0.0
Q13131|Q7Z5J4_RRRPSEGRL|0.007
Q13131|Q7Z5J4_LLDNSHLPA|0.0
Q13131|Q7Z5J4_TFKVSSSPQ|0.533
Q13131|Q7Z5J4_KVSSSPQKE|0.0
Q13131|Q7Z5J4_LKRKSAFMA|0.916
Q13131|Q7Z5J4_LVLRSRSSS|0.912
Q13131|Q7Z5J4_SRSSSSSNA|0.49
Q13131|Q7Z5J4_RSSSSSNAS|0.0
Q13131|Q7Z5J4_FKRMSSPKK|0.0
Q13131|Q7Z5J4_KRMSSPKKA|0.463
Q13131|Q7Z5J4_PPPETPDAC|0.0
Q13131|Q7Z5J4_VNVGTGQKL|0.469
Q13131|Q7Z5J4_KLPTSGADP|0.939
Q13131|Q7Z5J4_SKKLSSTDC|0.0
Q13131|Q7Z5J4_KKLSSTDCF|0.0
Q13131|Q7Z5J4_DCFKTEAFT|0.0
Q13131|Q7Z5J4_PKKRSRKGR|0.157
Q13131|Q7Z5J4_LKYISSCKR|0.001
Q13131|Q7Z5J4_KRLRSDSRT|0.0
Q13131|Q7Z5J4_LRSDSRTPA|0.583
Q13131|Q7Z5J4_SDSRTPAFS|0.0
Q13131|Q7Z5J4_TPAFSPFVR|0.0
Q13131|Q7Z5J4_RDAFTTICT|0.006
Q13131|Q7Z5J4_DAFTTICTV|0.0
Q13131|Q7Z5J4_TTICTVVNS|0.002
Q13131|Q7Z5J4_CEEASLPLE|0.021
Q13131|Q7Z5J4_PLRTSARGL|0.043
Q13131|Q7Z5J4_ARGLSRRLQ|0.017
Q13131|Q7Z5J4_RRLQSCYCC|0.0
Q13131|Q9P0K7_RKSDTNEWN|0.465
Q13131|Q9P0K7_EKVASLLGK|0.0
Q13131|Q9P0K7_CEHKSPINL|0.0
Q13131|Q9P0K7_NLVDSLGYN|0.0
Q13131|Q9P0K7_DSLGYNALH|0.53
Q13131|Q9P0K7_AGIQSLLLS|0.544
Q13131|Q9P0K7_LKTPTKPKQ|0.0
Q13131|Q9P0K7_ERSGTPKKR|0.0
Q13131|Q9P0K7_SGKESVFFA|0.659
Q13131|Q9P0K7_EADLSFDSY|0.468
Q13131|Q9P0K7_SFDSYHSTQ|0.0
Q13131|Q9P0K7_PGETSPPDS|0.0
Q13131|Q9P0K7_PDSKSSPSV|0.0
Q13131|Q9P0K7_DSKSSPSVL|0.143
Q13131|Q9P0K7_KSSPSVLIH|0.627
Q13131|Q9P0K7_GKSTTDNDV|0.001
Q13131|Q9P0K7_NTEISENSS|0.0
Q13131|Q9P0K7_ISENSSDLS|0.0
Q13131|Q9P0K7_SENSSDLSQ|0.454
Q13131|Q9P0K7_SMDNYSHFH|0.056
Q13131|Q9P0K7_MDNYSHFHE|0.096
Q13131|Q9P0K7_PVEEYEEMK|0.0
Q13131|Q9P0K7_EMKSSYCSV|0.0
Q13131|Q9P0K7_MKSSYCSVI|0.046
Q13131|Q9P0K7_LFEKYQEAQ|0.0
Q13131|Q9P0K7_KSQMTQEAS|0.0
Q13131|Q9P0K7_TQEASDEAE|0.0
Q13131|Q9P0K7_LEDVTAEYI|0.0
Q13131|Q9P0K7_VTAEYIHKA|0.0
Q13131|Q9P0K7_KLQSSLESE|0.03
Q13131|Q9P0K7_EMKRYAESS|0.0
Q13131|Q9P0K7_LSQLSYSTS|0.0
Q13131|Q9P0K7_SQLSYSTSS|0.0
Q13131|Q9P0K7_LSYSTSSSK|0.0
Q13131|Q9P0K7_YSTSSSKRQ|0.0
Q13131|Q9P0K7_STSSSKRQS|0.0
Q13131|Q9P0K7_SKRQSQQLE|0.538
Q13131|Q9P0K7-4_ADLKTPTKP|0.0
Q13131|Q9P0K7-4_LSDVSSPRS|0.0
Q13131|Q9P0K7-4_SSPRSITST|0.0
Q13131|Q9P0K7-4_RSITSTPLS|0.0
Q13131|Q9P0K7-4_SITSTPLSG|0.0
Q13131|Q9ULJ6_PPYLSPSQD|0.389
Q13131|Q9Y5P3_ALDLSMKSV|0.0
Q13131|Q9Y5P3_AGEVSPPIF|0.0
Q13131|Q9Y5P3_AHRKSEPPP|0.0
Q13131|Q9Y5P3_KREDSVLQG|0.0
Q13131|Q9Y5P3_KKVNSQEIH|0.0
Q13131|Q8NFJ5_LVKKSYGVE|0.0
Q13131|Q8NFJ5_VKKSYGVEN|0.0
Q13131|Q8NFJ5_QEEITQGFE|0.0
Q13131|Q8NFJ5_GFEETGDTL|0.086
Q13131|Q8NFJ5_YAPYSTHFQ|0.478
Q13131|Q8NFJ5_APYSTHFQL|0.0
Q13131|Q8NFJ5_KKEGS____|0.0
Q13131|P11233_IMVGSGGVG|0.757
Q13131|P11233_FVEDYEPTK|0.0
Q13131|P11233_KADSYRKKV|0.479
Q13131|P11233_GQEDYAAIR|0.002
Q13131|P11233_IRDNYFRSG|0.658
Q13131|P11233_VGNKSDLED|0.809
Q13131|P11233_KRQVSVEEA|0.991
Q13131|P11233_WNVNYVETS|0.241
Q13131|P11234_AANKSKGQS|0.0
Q13131|P11234_IMVGSGGVG|0.836
Q13131|P11234_FVEDYEPTK|0.0
Q13131|P11234_KADSYRKKV|0.422
Q13131|P11234_GQEDYAAIR|0.0
Q13131|P11234_IRDNYFRSG|0.685
Q13131|P11234_NYFRSGEGF|0.231
Q13131|P11234_SFTATAEFR|0.003
Q13131|P11234_WGVQYVETS|0.476
Q13131|Q15311_FLPPTSSPS|0.706
Q13131|Q15311_TSSPSEHRR|0.95
Q13131|Q15311_VEHGSGLTR|0.832
Q13131|Q15311_GSGLTRTPS|0.475
Q13131|Q15311_EISPTKFPG|0.723
Q13131|Q15311_KEKRTEGYA|0.562
Q13131|Q15311_RTEGYAAFQ|0.151
Q13131|Q15311_DEAESPSKM|0.476
Q13131|Q15311_KEKKSKDLT|0.0
Q13131|Q15311_ECIDYVEKY|0.035
Q13131|Q15311_IYRVSGIKS|0.0
Q13131|Q15311_DREESTNLE|0.008
Q13131|Q15311_REESTNLED|0.217
Q13131|Q15311_KPSPSRDRK|0.705
Q13131|Q6GYQ0_DVKKSTQKV|0.0
Q13131|Q6GYQ0_VKKSTQKVL|0.0
Q13131|Q6GYQ0_KVLDTKKDA|0.0
Q13131|Q6GYQ0_RAAASLVSR|0.0
Q13131|Q6GYQ0_ASLVSREES|0.0
Q13131|Q6GYQ0_SREESKNDN|0.672
Q13131|Q6GYQ0_EPEQSHSNT|0.0
Q13131|Q6GYQ0_EQSHSNTST|0.0
Q13131|Q6GYQ0_HSNTSTLTE|0.0
Q13131|Q6GYQ0_EREPSSSSL|0.0
Q13131|Q6GYQ0_REPSSSSLC|0.0
Q13131|Q6GYQ0_EPSSSSLCS|0.0
Q13131|Q6GYQ0_PSSSSLCSI|0.0
Q13131|Q6GYQ0_SSLCSIDEE|0.0
Q13131|Q6GYQ0_DHDISMEEG|0.005
Q13131|Q6GYQ0_VRNSSWAKN|0.0
Q13131|Q6GYQ0_AKNGSYQGA|0.531
Q13131|Q6GYQ0_LKMPSQAFL|0.0
Q13131|Q6GYQ0_KKNMTLAGR|0.637
Q13131|Q6GYQ0_LDKLSEQKQ|0.551
Q13131|Q6GYQ0_SVDKSFSRG|0.002
Q13131|Q6GYQ0_MRQRSATTT|0.52
Q13131|Q6GYQ0_QRSATTTGS|0.339
Q13131|Q6GYQ0_GSPGTEKAR|0.0
Q13131|Q6GYQ0_EKARSIVRQ|0.423
Q13131|Q6GYQ0_SSSTSDILE|0.0
Q13131|Q6GYQ0_DIGGSSANV|0.001
Q13131|Q6GYQ0_ERLRSGNAS|0.0
Q13131|Q6GYQ0_SGNASTMTR|0.0
Q13131|Q6GYQ0_QEVASLTTL|0.0
Q13131|Q6GYQ0_LGSRSQTPS|0.0
Q13131|Q6GYQ0_SRSQTPSPS|0.0
Q13131|Q6GYQ0_SQTPSPSTL|0.022
Q13131|Q6GYQ0_TPSPSTLNI|0.0
Q13131|Q6GYQ0_PSPSTLNID|0.0
Q13131|Q6GYQ0_VICVSLKFT|0.0
Q13131|Q6GYQ0_ILIATITHL|0.0
Q13131|Q6GYQ0_IATITHLLP|0.0
Q13131|Q6GYQ0_EPLHSPDSE|0.0
Q13131|Q6GYQ0_ELFESPNIQ|0.0
Q13131|Q6GYQ0_VLNNTTLVS|0.27
Q13131|Q6GYQ0_TTLVSCIQI|0.003
Q13131|Q6GYQ0_IQIRSEENM|0.0
Q13131|Q6GYQ0_GGGLSAGLA|0.0
Q13131|Q6GYQ0_AGLASANSN|0.001
Q13131|Q6GYQ0_ASANSNVRI|0.0
Q13131|Q6GYQ0_SAILYGPPP|0.0
Q13131|Q6GYQ0_KDGLSLQFK|0.0
Q13131|Q6GYQ0_PTWDTIRDE|0.0
Q13131|Q6GYQ0_LGMNSWDKR|0.015
Q13131|Q6GYQ0_DKRRSFHLL|0.0
Q13131|Q6GYQ0_RNLDSRQCR|0.0
Q13131|Q6GYQ0_QCRETHKIA|0.0
Q13131|Q6GYQ0_NHMFSIQIM|0.0
Q13131|Q6GYQ0-2_KSRMSMKLR|0.0
Q13131|Q6GYQ0-3_LTPLSDELS|0.0
Q13131|Q2PPJ7_LEKKYLTAT|0.0
Q13131|Q2PPJ7_EQDKSHSNS|0.049
Q13131|Q2PPJ7_DKSHSNSST|0.0
Q13131|Q2PPJ7_SHSNSSTLS|0.0
Q13131|Q2PPJ7_HSNSSTLSD|0.0
Q13131|Q2PPJ7_SSTLSDRRL|0.669
Q13131|Q2PPJ7_DRRLSNSSL|0.793
Q13131|Q2PPJ7_RLSNSSLCS|0.668
Q13131|Q2PPJ7_LSNSSLCSI|0.539
Q13131|Q2PPJ7_SSLCSIEEE|0.0
Q13131|Q2PPJ7_HRMVYEMVQ|0.245
Q13131|Q2PPJ7_SETDSKEAS|0.478
Q13131|Q2PPJ7_KRSSSWGRT|0.761
Q13131|Q2PPJ7_TYSFTSAMS|0.0
Q13131|Q2PPJ7_TSAMSRGCV|0.0
Q13131|Q2PPJ7_LSWRSHPDV|0.666
Q13131|Q2PPJ7_MRFRSATTS|0.007
Q13131|Q2PPJ7_RSATTSGAP|0.0
Q13131|Q2PPJ7_QVLRSSSTS|0.476
Q13131|Q2PPJ7_VLRSSSTSD|0.314
Q13131|Q2PPJ7_LRSSSTSDI|0.612
Q13131|Q2PPJ7_RSSSTSDIP|0.0
Q13131|Q2PPJ7_SSSTSDIPE|0.0
Q13131|Q2PPJ7_HEGITILVR|0.017
Q13131|Q2PPJ7_LVRRSSSPA|0.353
Q13131|Q2PPJ7_ERQKSESTN|0.34
Q13131|Q2PPJ7_QKSESTNSD|0.0
Q13131|Q2PPJ7_KSESTNSDT|0.0
Q13131|Q2PPJ7_ESTNSDTTL|0.0
Q13131|Q2PPJ7_GRNPSFLIS|0.337
Q13131|Q2PPJ7_ERALYLEAI|0.001
Q13131|Q86X10_FLNVSGMPQ|0.0
Q13131|Q86X10_MRGISCLVD|0.0
Q13131|Q86X10_SRPRSDSAP|0.33
Q13131|Q86X10_VNRLSMPQS|0.004
Q13131|Q86X10_SMPQSAAVS|0.014
Q13131|Q86X10_SAAVSTTPP|0.0
Q13131|Q86X10_HRAVTVNKA|0.558
Q13131|Q86X10_QHQTSSTSP|0.296
Q13131|Q86X10_INRDSSMTA|0.493
Q13131|Q86X10_NRDSSMTAI|0.53
Q13131|Q86X10_DSSMTAITT|0.0
Q13131|Q86X10_TTQASMEFR|0.0
Q13131|Q86X10_RRKGSQMST|0.33
Q13131|Q86X10_SQMSTDTMV|0.207
Q13131|Q86X10_EACGTLCRI|0.0
Q13131|Q86X10_RIFCSKKTG|0.454
Q13131|Q86X10_NSGISSASG|0.0
Q13131|Q86X10_ISSASGGST|0.001
Q13131|Q86X10_ASGGSTEPT|0.013
Q13131|Q86X10_SGGSTEPTT|0.406
Q13131|Q86X10_LLIRSIHLV|0.0
Q13131|Q86X10_IHLVTQRLN|0.472
Q13131|Q86X10_ASPCSLVNE|0.0
Q13131|Q86X10_VGFKYSVKH|0.431
Q13131|Q86X10_GFKYSVKHR|0.558
Q13131|Q86X10_VFIFYMKPG|0.0
Q13131|Q86X10_ESNISDQDS|0.0
Q13131|Q86X10_LKQPSLTLE|0.0
Q13131|Q86X10_QPSLTLELF|0.0
Q13131|Q86X10_WVERYDDIE|0.0
Q13131|Q86X10_IQGATGKFN|0.0
Q13131|Q86X10_KRLESDSYS|0.0
Q13131|Q86X10_SDSYSPPHV|0.004
Q13131|Q12967_SKFATLEMN|0.0
Q13131|Q12967_AMKDYLYGR|0.011
Q13131|Q12967_VKRWSDRQA|0.541
Q13131|Q12967_KFWESASQS|0.0
Q13131|Q12967_SASQSSPET|0.0
Q13131|Q12967_TSGISSASS|0.0
Q13131|Q12967_SASTTPVAA|0.0
Q13131|Q12967_NMYKSILVT|0.001
Q13131|Q12967_SILVTSQDK|0.0
Q13131|Q12967_ILVTSQDKA|0.0
Q13131|Q12967_GASSTLPRM|0.0
Q13131|Q5JS13_ASKSYDAVV|0.0
Q13131|Q5JS13_RKDKTTFEK|0.0
Q13131|Q5JS13_KDKTTFEKL|0.0
Q13131|Q5JS13_NEQRSNQMN|0.0
Q13131|Q5JS13_NYKLSLRIE|0.0
Q13131|Q5JS13_PRLVSSKED|0.336
Q13131|Q5JS13_RLVSSKEDL|0.342
Q13131|Q5JS13_PSAGSGSAR|0.0
Q13131|Q5JS13_AGSGSARFS|0.0
Q13131|Q5JS13_SRRPTCPDT|0.0
Q13131|Q5JS13_GSLPTPPVP|0.0
Q13131|Q5JS13_SKSATFPSE|0.0
Q13131|Q5JS13-2_RGRLYATLG|0.56
Q13131|Q5JS13-2_RLYATLGPN|0.492
Q13131|Q5JS13-2_PVRNSPRTR|0.576
Q13131|Q86X27_ELKKSFDAV|0.0
Q13131|Q86X27_RLTKTWALL|0.0
Q13131|Q86X27_EDDNYKLSL|0.0
Q13131|Q86X27_PGTSTPRSA|0.0
Q13131|Q86X27_SGRKSVAAE|0.0
Q13131|Q86X27_HSLGYNFIH|0.0
Q13131|Q86X27_HKMNTAEFK|0.0
Q13131|Q86X27_AEFKSATFP|0.0
Q13131|Q86X27_PHAPSRGQA|0.0
Q13131|Q86X27_RNRLYHSLG|0.0
Q13131|Q86X27_GKKPTVASW|0.0
Q13131|Q86X27_KHFKSTSNK|0.0
Q13131|Q86X27_HFKSTSNKN|0.0
Q13131|Q86X27_FKSTSNKNV|0.0
Q13131|Q9UKM9____MSLKLQ|0.619
Q13131|Q9UKM9_GNLNTALVK|0.536
Q13131|Q9UKM9_LVKKSDVET|0.153
Q13131|Q9UKM9_VHKGYAFVQ|0.0
Q13131|Q9UKM9_AFVQYSNER|0.513
Q13131|Q9UKM9_LAGQTLDIN|0.315
Q13131|Q9UKM9_ASAIYSGYI|0.531
Q13131|Q9UKM9_IYSGYIFDY|0.024
Q13131|Q9UKM9_FDYDYYRDD|0.0
Q13131|Q9UKM9_RDDFYDRLF|0.0
Q13131|Q9UKM9_RPRVTVPLV|0.516
Q13131|Q9UKM9_LFARSTAVT|0.0
Q13131|Q9UKM9_TAVTTSSAK|0.008
Q13131|Q9UKM9_AVTTSSAKI|0.866
Q13131|Q9UKM9_VTTSSAKIK|0.633
Q13131|Q9UKM9_IKLKSSELQ|0.003
Q13131|Q9UKM9_TQIKSNIDA|0.652
Q13131|Q9UKM9_ENTTSEAGL|0.0
Q13131|Q9UKM9-2_VHKGYAFVQ|0.0
Q13131|Q9UKM9-2_ASAIYRLFD|0.0
Q13131|Q86SE5____MTGKTQ|0.0
Q13131|Q86SE5_GKTQTSNVT|0.0
Q13131|Q86SE5_TSNVTNKND|0.0
Q13131|Q86SE5_IFSKYGKIV|0.0
Q13131|Q86SE5_IVGCSVHKG|0.0
Q13131|Q86SE5_YRLESKEPF|0.0
Q13131|Q86SE5_AVTTTRRGK|0.0
Q13131|Q86SE5_SKLKSDELQ|0.0
Q13131|Q9BTL3_EMFASRFTE|0.0
Q13131|Q9BTL3_EYQEYLKRP|0.0
Q13131|Q9BTL3_SDNRSNQWH|0.0
Q13131|Q9BTL3_YPQQYGHYG|0.0
Q13131|Q9NZJ0_KQTPSKPKK|0.439
Q13131|Q9NZJ0_LRKNYTAYR|0.541
Q13131|Q9NZJ0_KKKESRPGL|0.64
Q13131|Q9NZJ0_PGLVTVTSS|0.476
Q13131|Q9NZJ0_LVTVTSSQS|0.453
Q13131|Q9NZJ0_VTVTSSQST|0.98
Q13131|Q9NZJ0_TSSQSTPAK|0.985
Q13131|Q9NZJ0_SSQSTPAKA|0.745
Q13131|Q9NZJ0_KCNPSNSSP|0.639
Q13131|Q9NZJ0_PSNSSPSSA|0.628
Q13131|Q9NZJ0_NSSPSSAAC|0.517
Q13131|Q9NZJ0_SSPSSAACA|0.49
Q13131|Q9NZJ0_LPLPSNTPT|0.504
Q13131|Q9NZJ0_FSIKTSPAK|0.957
Q13131|Q9NZJ0_SIKTSPAKA|0.85
Q13131|Q9NZJ0_AKARSPINR|0.631
Q13131|Q9NZJ0_RGSVSSVSP|0.886
Q13131|Q9NZJ0_GSVSSVSPK|0.899
Q13131|Q9NZJ0_KPPSSFKMS|0.92
Q13131|Q9NZJ0_TPPASETKI|0.721
Q13131|Q9NZJ0_TKIMSPRKA|0.549
Q13131|Q9NZJ0_LIPVSQKSS|0.944
Q13131|Q9NZJ0_SQKSSQAEA|0.767
Q13131|Q9NZJ0_RLDSSCLES|0.945
Q13131|Q9NZJ0_SCLESVKQK|0.977
Q13131|Q9NZJ0_GTSISEPPS|0.625
Q13131|Q9NZJ0_SEPPSPISP|0.481
Q13131|Q9NZJ0_PSPISPYAS|0.466
Q13131|Q9NZJ0_KENSSPENK|0.622
Q13131|Q9NZJ0_QTPNSRRQS|0.774
Q13131|Q9NZJ0_SRRQSGKKL|0.874
Q13131|Q9NZJ0_KKLPSPVTI|0.817
Q13131|Q9NZJ0_PSPVTITPS|0.441
Q13131|O60894_VHGRYFRSC|0.002
Q13131|O60894_RYFRSCPIS|0.0
Q13131|O60894_SCPISGRAV|0.0
Q13131|Q9Y6X1_EEKASVGPW|0.223
Q13131|P62826_GDGGTGKTT|0.165
Q13131|P62826_TGKTTFVKR|0.007
Q13131|P62826_KRHLTGEFE|0.0
Q13131|P62826_FEKKYVATL|0.0
Q13131|P62826_YYDISAKSN|0.433
Q13131|P43487_CANHYITPM|0.544
Q13131|P43487_NHYITPMME|0.0
Q13131|Q6VN20_GGLPSPGEQ|0.001
Q13131|Q6VN20_SEVRSLSSR|0.0
Q13131|Q6VN20_VRSLSSRSP|0.0
Q13131|Q6VN20_RSLSSRSPK|0.013
Q13131|Q6VN20_LSSRSPKSQ|0.264
Q13131|Q6VN20_RSPKSQDSY|0.336
Q13131|Q6VN20_TGADSPSCS|0.0
Q13131|Q6VN20_PAPSSSSSS|0.0
Q13131|Q6VN20_APSSSSSSS|0.0
Q13131|Q6VN20_PSSSSSSSS|0.0
Q13131|Q6VN20_SSSSSSSSS|0.0
Q13131|Q6VN20_SSSSSSSSP|0.005
Q13131|Q6VN20_SSSSSSSPS|0.0
Q13131|Q6VN20_SSSSSSPSS|0.0
Q13131|Q6VN20_NYSESNSTD|0.003
Q13131|Q6VN20_ESNSTDSTK|0.004
Q13131|Q6VN20_STDSTKSQH|0.023
Q13131|Q6VN20_NQETSDSEM|0.0
Q13131|Q6VN20_EAEHYPNGV|0.002
Q13131|Q6VN20_EDLQTDESS|0.003
Q13131|Q6VN20_TDESSMDDR|0.026
Q13131|Q6VN20_LGQASECLR|0.0
Q13131|Q9H2T7_SLFNSPERA|0.0
Q13131|Q9H2T7_APEITKAFI|0.0
Q13131|Q9H2T7_LQRTSKVYA|0.002
Q13131|Q9H2T7_KMVCTYGNQ|0.03
Q13131|Q9H2T7_KDQIYPMKL|0.0
Q13131|Q9H2T7_ISICYSALK|0.0
Q13131|Q9H2T7_SICYSALKS|0.0
Q13131|Q9H2T7_VFKLYGDNH|0.0
Q13131|Q9H2T7_DLLQYRKLS|0.0
Q13131|P49792_DVERYIASV|0.001
Q13131|P49792_RYIASVQGS|0.044
Q13131|P49792_PRQKSMKGF|0.026
Q13131|P49792_FAKLYYEAK|0.002
Q13131|P49792_EAKEYDLAK|0.0
Q13131|P49792_LGLLYELEE|0.003
Q13131|P49792_ELNPTQKDL|0.0
Q13131|P49792_IALRSSLEW|0.004
Q13131|P49792_ALRSSLEWN|0.0
Q13131|P49792_LEWNSCVVQ|0.0
Q13131|P49792_MGQHSSNVQ|0.068
Q13131|P49792_WRALSELAA|0.0
Q13131|P49792_CDRLSQSGH|0.0
Q13131|P49792_RLSQSGHML|0.173
Q13131|P49792_LLNLSRGKQ|0.475
Q13131|P49792_EIVETFANK|0.371
Q13131|P49792_FANKSGQSA|0.574
Q13131|P49792_QSALYDALF|0.0
Q13131|P49792_DALFSSQSP|0.002
Q13131|P49792_ALFSSQSPK|0.59
Q13131|P49792_SPKDTSFLG|0.0
Q13131|P49792_PKDTSFLGS|0.0
Q13131|P49792_SFLGSDDIG|0.004
Q13131|P49792_LNSFYDQRE|0.0
Q13131|P49792_DQREYIGRS|0.01
Q13131|P49792_RSVHYWKKV|0.569
Q13131|P49792_NDALSPEEQ|0.0
Q13131|P49792_IIDDSDSNL|0.009
Q13131|P49792_DDSDSNLSV|0.664
Q13131|P49792_ELEDYSEGG|0.0
Q13131|P49792_LEDYSEGGP|0.0
Q13131|P49792_GGPLYKNGS|0.052
Q13131|P49792_YKNGSLRNA|0.731
Q13131|P49792_RNADSEIKH|0.933
Q13131|P49792_SPTRYSLSP|0.0
Q13131|P49792_PTRYSLSPS|0.577
Q13131|P49792_SPSKSYKYS|0.54
Q13131|P49792_PSKSYKYSP|0.294
Q13131|P49792_EDQNSLLKM|0.467
Q13131|P49792_AANVTPTKG|0.179
Q13131|P49792_KGPVYGMNR|0.262
Q13131|P49792_QQHIYAYPQ|0.034
Q13131|P49792_QQMHTPPVQ|0.457
Q13131|P49792_RGDDYFNYN|0.0
Q13131|P49792_PEPGYFTKP|0.0
Q13131|P49792_AESKTIEFG|0.006
Q13131|P49792_GLRPSLPTQ|0.107
Q13131|P49792_TTQPTPFKF|0.165
Q13131|P49792_GDGYSGAKP|0.0
Q13131|P49792_GFRRSDDMF|0.721
Q13131|P49792_GPGKSVFGT|0.58
Q13131|P49792_FDVESKEWK|0.0
Q13131|P49792_LRHKTSGKI|0.11
Q13131|P49792_CANHYISPD|0.0
Q13131|P49792_DMKLTPNAG|0.462
Q13131|P49792_GSDRSFVWH|0.582
Q13131|P49792_HALDYADEL|0.015
Q13131|P49792_KKEGSWWHC|0.0
Q13131|P49792_WHCNSCSLK|0.0
Q13131|P49792_CNSCSLKNA|0.0
Q13131|P49792_KKCVSCQNL|0.555
Q13131|P49792_HWDCSICLV|0.109
Q13131|P49792_NKSGSSFVH|0.606
Q13131|P49792_RSVFSTKEG|0.0
Q13131|P49792_QWDCSACLV|0.031
Q13131|P49792_QNEGSSTKC|0.569
Q13131|P49792_SLPATSIPT|0.09
Q13131|P49792_LPATSIPTP|0.379
Q13131|P49792_KFGTSETSK|0.0
Q13131|P49792_TSETSKTLK|0.0
Q13131|P49792_PSPSTSVPA|0.0
Q13131|P49792_PAPASFKFG|0.0
Q13131|P49792_KAPKSGFEG|0.536
Q13131|P49792_KQNQTTSAV|0.471
Q13131|P49792_NQTTSAVST|0.649
Q13131|P49792_TSAVSTPAS|0.0
Q13131|P49792_SAVSTPASS|0.003
Q13131|P49792_STPASSETS|0.0
Q13131|P49792_TPASSETSK|0.0
Q13131|P49792_TTAISTPAS|0.0
Q13131|P49792_STPASSEIS|0.011
Q13131|P49792_TPASSEISK|0.0
Q13131|P49792_AEAPSAFTL|0.0
Q13131|P49792_KLHDSSGSQ|0.549
Q13131|P49792_SQVGTGFKS|0.605
Q13131|P49792_KFGNTEQGF|0.0
Q13131|P49792_KEGFSIPVS|0.0
Q13131|P49792_SIPVSADGF|0.259
Q13131|P49792_KFGISEPGN|0.522
Q13131|P49792_AQDISGQKN|0.035
Q13131|P49792_GQTSSTFTF|0.0
Q13131|P49792_DLAKSTSGE|0.596
Q13131|P49792_LAKSTSGEG|0.817
Q13131|P49792_FKGFSGAGE|0.0
Q13131|P49792_KLFSSQYGK|0.47
Q13131|P49792_FSSQYGKMA|0.474
Q13131|P49792_NKANTSGDF|0.659
Q13131|P49792_DDDAYKTED|0.0
Q13131|P49792_VELVTGEED|0.003
Q13131|P49792_KLVDTGRAA|0.623
Q13131|P49792_EEMKSGLKD|0.441
Q13131|P49792_KTFLTNDQT|0.02
Q13131|P49792_TNDQTKVTE|0.0
Q13131|P49792_QTKVTEEEN|0.0
Q13131|P49792_ENKGSGTGA|0.277
Q13131|P49792_EWDNYDLRE|0.0
Q13131|P49792_ALDDSVSSS|0.138
Q13131|P49792_DDSVSSSSV|0.501
Q13131|P49792_DSVSSSSVH|0.01
Q13131|P49792_GESTTGFNF|0.003
Q13131|P49792_TPDMTLQNM|0.0
Q13131|P49792_DEAKTAQEK|0.0
Q13131|P49792_HVSRSSTPR|0.505
Q13131|P49792_VSRSSTPRE|0.003
Q13131|P49792_SRSSTPRES|0.192
Q13131|P49792_TPRESPCGK|0.0
Q13131|P49792_LEETTRERT|0.0
Q13131|P49792_VADATSEVE|0.419
Q13131|P49792_FGNSSATGS|0.373
Q13131|P49792_SATGSLFGF|0.0
Q13131|P49792_LFGFSFNAP|0.502
Q13131|P49792_KSNNSETSS|0.783
Q13131|P49792_NNSETSSVA|0.111
Q13131|P49792_SVAQSGSES|0.03
Q13131|P49792_AQSGSESKV|0.677
Q13131|P49792_KCELSKNSD|0.447
Q13131|P49792_LSKNSDIEQ|0.306
Q13131|P49792_IEQSSDSKV|0.445
Q13131|P49792_NLFASFPTE|0.0
Q13131|P49792_ASFPTEESS|0.0
Q13131|P49792_PTEESSINY|0.0
Q13131|P49792_TEESSINYT|0.0
Q13131|P49792_ELTPTAEQK|0.0
Q13131|P49792_YLDGSEKCR|0.474
Q13131|P49792_LEENTADNE|0.0
Q13131|P49792_TDSVYTGGT|0.033
Q13131|P49792_EEPDSITKS|0.019
Q13131|P49792_PSVSSETMD|0.0
Q13131|P49792_IDTDSTSQG|0.0
Q13131|P49792_TDSTSQGES|0.001
Q13131|P49792_STGLSFADL|0.0
Q13131|P49792_FAFGSKDKN|0.0
Q13131|P49792_VEVKSGEED|0.461
Q13131|P49792_KGHVSLAAE|0.484
Q13131|P49792_AAELSKETN|0.469
Q13131|Q9H6Z4_PAGASASTP|0.594
Q13131|Q9H6Z4_GASASTPPP|0.026
Q13131|Q9H6Z4_EQQRSVLRP|0.663
Q13131|Q9H6Z4_ALSQTVPSS|0.508
Q13131|Q9H6Z4_TNGVSLPAD|0.629
Q13131|Q9H6Z4_WRSPSEAAD|0.323
Q13131|Q9H6Z4_QKNESSNAS|0.733
Q13131|Q9H6Z4_KNESSNASE|0.0
Q13131|Q9H6Z4_SSNASEEEA|0.719
Q13131|Q9H6Z4_KDPATQQAF|0.002
Q13131|Q9H6Z4_LINESVDEA|0.451
Q13131|Q9H6Z4_TATNYFLQY|0.113
Q13131|Q9H6Z4_GQNMSERVL|0.971
Q13131|Q9H6Z4_GSESSSQEA|0.0
Q13131|Q9H6Z4_SQEATPEKE|0.053
Q13131|Q9H6Z4_LILNTKLWA|0.612
Q13131|Q9H6Z4_LISASSKDT|0.3
Q13131|Q9H6Z4_TGQLYAALH|0.338
Q13131|Q9H6Z4-2_AAWRSPSEA|0.0
Q13131|Q9H6Z4-2_WRSPSEAAD|0.0
Q13131|Q9H6Z4-2_QKNESSNAS|0.0
Q13131|Q9H6Z4-2_KNESSNASE|0.0
Q13131|Q9H6Z4-2_SSNASEEEA|0.0
Q13131|Q86VV4_RVRSSSFTF|0.0
Q13131|Q86VV4_VRSSSFTFH|0.0
Q13131|Q86VV4_TFHITDSQS|0.0
Q13131|Q86VV4_ESCKTKEKT|0.0
Q13131|Q86VV4_IKNTSLIES|0.0
Q13131|Q86VV4_SSQPSRKCL|0.0
Q13131|Q86VV4_IDVITGEET|0.0
Q13131|O60518__MAATASAG|0.0
Q13131|O60518_GVPATVSEK|0.0
Q13131|O60518_PATVSEKQE|0.0
Q13131|O60518_ETHASMRKK|0.754
Q13131|O60518_SVLESLVEI|0.206
Q13131|O60518_DSRLSNLQR|0.09
Q13131|O60518_SYMVSAWAR|0.16
Q13131|O60518_DFQQYLPLV|0.011
Q13131|O60518_PLIKTASAK|0.0
Q13131|O60518_VENMSDDDG|0.0
Q13131|O60518_GFVEYTEQV|0.0
Q13131|O60518_FVEYTEQVV|0.0
Q13131|O60518_PKIISIIAE|0.0
Q13131|Q96S59_LRVHYKGHG|0.704
Q13131|Q96S59_NLLFTLKVR|0.499
Q13131|Q96S59_LGGRSPKSQ|0.663
Q13131|Q96S59_RSPKSQDSY|0.857
Q13131|Q96S59_KSQDSYPVS|0.472
Q13131|Q96S59_SQDSYPVSP|0.325
Q13131|Q96S59_SMSPSHGMN|0.476
Q13131|Q96S59_HNLASGKGS|0.858
Q13131|Q96S59_SGKGSTAHF|0.587
Q13131|Q96S59_ETDHYSNGV|0.516
Q13131|Q96S59_EDCDTEMEV|0.392
Q13131|Q96S59_LCGGSQAAI|0.384
Q13131|P46060___MASEDIA|0.0
Q13131|P46060_FKGKSLKLN|0.0
Q13131|P46060_LNDNTFTEK|0.0
Q13131|P46060_CLVRSKGAV|0.014
Q13131|P46060_IAQQTDTSD|0.0
Q13131|P46060_QQTDTSDPE|0.0
Q13131|P46060_QTDTSDPEK|0.142
Q13131|P46060_AFNSSSFNS|0.0
Q13131|P46060_LQTLYKV__|0.0
Q13131|Q9HD47_VHVESVQPL|0.0
Q13131|Q9HD47_VQPLSLENL|0.0
Q13131|Q9UK61___MATAVET|0.174
Q13131|Q9UK61_TNFNYRRAC|0.005
Q13131|Q9UK61_YLSRYADLL|0.121
Q13131|Q9UK61_IKSIYDPMG|0.0
Q13131|Q9UK61_MGVKSLESM|0.001
Q13131|Q9UK61_KSLESMLNK|0.094
Q13131|Q9UK61_ANRITSLLA|0.0
Q13131|Q9UK61_SLLAYRAYE|0.0
Q13131|Q9UK61_VSFTYKDDI|0.0
Q13131|Q9UK61_DDIQTPKFV|0.101
Q13131|Q9UK61_PSSRSNSFN|0.568
Q13131|Q9UK61_GDRGYLFLL|0.003
Q13131|Q9UK61_LLSPYQMVP|0.256
Q13131|Q9UK61_PPYEYQTAK|0.0
Q13131|Q9UK61_IMFPYDSRL|0.176
Q13131|Q9UK61_KKFLYSAPR|0.152
Q13131|Q9UK61_KRNNSRGEA|0.855
Q13131|Q9UK61_GKQRSSHSL|0.069
Q13131|Q9UK61_KQRSSHSLD|0.607
Q13131|Q9UK61_HSLDYDKDR|0.0
Q13131|Q9UK61_CRKKSVGGD|0.656
Q13131|Q9UK61_VGGDSDTED|0.0
Q13131|Q9UK61_GDSDTEDMR|0.012
Q13131|Q9UK61_EDMRSKTVL|0.0
Q13131|Q9UK61_NCHLYEESP|0.0
Q13131|Q9UK61_NARHSDASL|0.0
Q13131|Q9UK61_TDDAYEELR|0.001
Q13131|Q9UK61_QKHEYELNS|0.0
Q13131|Q9UK61_DKKDYEQPT|0.031
Q13131|Q9UK61_ATSKYSVAI|0.0
Q13131|Q9UK61_RRQQSKSNN|0.726
Q13131|Q9UK61_QQSKSNNVE|0.239
Q13131|Q9UK61_NVEETEIHW|0.0
Q13131|Q9UK61_LIPITGGNA|0.601
Q13131|Q9UK61_GEKQTPGMK|0.0
Q13131|Q9UK61_PGMKSPEEQ|0.0
Q13131|Q9UK61_RQRSSDYQF|0.766
Q13131|Q9UK61_RSSDYQFPS|0.001
Q13131|Q9UK61_YQFPSSPFT|0.039
Q13131|Q9UK61_DDVLTGQVE|0.0
Q13131|Q9UK61_QKNVSYVST|0.0
Q13131|Q9UK61_KNVSYVSTV|0.301
Q13131|Q9UK61_IIKASAKGG|0.0
Q13131|Q9UK61_SPNDSGAKI|0.566
Q13131|Q9UK61_AKIASNPLE|0.565
Q13131|Q9UK61_EPLCSDPLK|0.087
Q13131|Q9UK61_PVEETTKSP|0.0
Q13131|Q9UK61_ETTKSPSDV|0.002
Q13131|Q9UK61_EVFNSLVKI|0.53
Q13131|Q9UK61_IELQSSPDV|0.0
Q13131|Q9UK61_DVQNSLLED|0.003
Q13131|Q9UK61_DRDKSPPPL|0.0
Q13131|Q9UK61-2_QTPDTLKGT|0.0
Q13131|Q9UK61-2_TLKGTTEDD|0.0
Q13131|Q9UK61-2_LKGTTEDDV|0.0
Q13131|P62834_FVEKYDPTI|0.0
Q13131|P62834_TIEDSYRKQ|0.334
Q13131|P62834_IEDSYRKQV|0.034
Q13131|P62834_NEIFYDLVR|0.237
Q13131|P61224_VVLGSGGVG|0.414
Q13131|P61224_FVEKYDPTI|0.0
Q13131|P61224_TIEDSYRKQ|0.417
Q13131|P61224_IEDSYRKQV|0.134
Q13131|P61224_NEIFYDLVR|0.421
Q13131|A6NIZ1_FVEKYDPTI|0.0
Q13131|A6NIZ1_IEDSYREQV|0.708
Q13131|A6NIZ1_NEIFYDLVR|0.57
Q13131|P47736_TEEDYIPYP|0.0
Q13131|P47736_EPLQSPTTK|0.016
Q13131|P47736_RVIRSRSQS|0.795
Q13131|P47736_IRSRSQSMD|0.925
Q13131|P47736_STSHSGSFA|0.0
Q13131|P47736_GPFGSRRSS|0.612
Q13131|P47736_GSRRSSAIG|0.665
Q13131|P47736_AGQKTPDSG|0.038
Q13131|P47736_SSTQSSPEM|0.71
Q13131|P47736_STQSSPEMP|0.016
Q13131|P47736_PEMPTTKNR|0.065
Q13131|P47736_EMPTTKNRA|0.446
Q13131|P47736_SGGSSPGPS|0.0
Q13131|P47736-2_GRRGSAIGI|0.002
Q13131|P47736-2_IGIGTVEES|0.0
Q13131|P47736-2_TVEESLIVP|0.0
Q13131|P47736-2_VPGKSPTRK|0.0
Q13131|P47736-3_PRRGSLPAG|0.0
Q13131|P47736-4_GRKRSFTFG|0.0
Q13131|P47736-4_KRSFTFGAY|0.0
Q13131|Q684P5_TMLASLKVK|0.0
Q13131|Q684P5_TAPPTMKSS|0.261
Q13131|Q684P5_PTMKSSEFF|0.0
Q13131|Q684P5_TMKSSEFFE|0.0
Q13131|Q684P5_NKDDYIPYP|0.001
Q13131|Q684P5_GFLESFKRA|0.0
Q13131|Q684P5_IRVRSHSME|0.736
Q13131|Q684P5_VRSHSMETM|0.91
Q13131|Q684P5_HSMETMVGG|0.07
Q13131|Q684P5_PRLHTGSEG|0.012
Q13131|Q684P5_LHTGSEGQG|0.811
Q13131|Q684P5_GQGDSRARC|0.0
Q13131|Q684P5_ARCDSTSST|0.0
Q13131|Q684P5_RCDSTSSTP|0.002
Q13131|Q684P5_CDSTSSTPK|0.0
Q13131|Q684P5_DSTSSTPKT|0.0
Q13131|Q684P5_STSSTPKTP|0.0
Q13131|Q684P5_STPKTPDGG|0.086
Q13131|Q684P5_DGGHSSQEI|0.0
Q13131|Q684P5_GGHSSQEIK|0.388
Q13131|Q684P5_QEIKSETSS|0.0
Q13131|Q684P5_DSGGSQPST|0.0
Q13131|Q684P5_GSQPSTTSP|0.004
Q13131|Q684P5_QPSTTSPFK|0.0
Q13131|Q684P5_PSTTSPFKQ|0.0
Q13131|Q684P5-2_MQDDYIPYP|0.0
Q13131|P52306_AQQASLTEQ|0.002
Q13131|P52306-3_ADNLSDTLK|0.0
Q13131|P10114__MREYKVVV|0.0
Q13131|P10114_VVLGSGGVG|0.492
Q13131|P10114_IEDFYRKEI|0.0
Q13131|P10114_DTAGTEQFA|0.0
Q13131|P10114_EQFASMRDL|0.582
Q13131|P61225__MREYKVVV|0.0
Q13131|P61225_VVLGSGGVG|0.609
Q13131|P61225_IEDFYRKEI|0.0
Q13131|P61225_DTAGTEQFA|0.0
Q13131|P61225_EQFASMRDL|0.714
Q13131|P61225_RVKRYERVP|0.0
Q13131|P61225_RQMNYAAQP|0.0
Q13131|Q9Y3L5__MREYKVVV|0.0
Q13131|Q9Y3L5_VVLGSGGVG|0.379
Q13131|Q9Y3L5_IEDFYRKEI|0.0
Q13131|Q9Y3L5_DTAGTEQFA|0.0
Q13131|Q9Y3L5_RVKRYEKVP|0.0
Q13131|Q9Y3L5_RQMNYSSLP|0.45
Q13131|Q96RL1_VKEVSESRN|0.468
Q13131|Q96RL1_KDVETTSSV|0.0
Q13131|Q96RL1_VETTSSVSV|0.669
Q13131|Q96RL1_ETTSSVSVK|0.611
Q13131|Q96RL1_RPLATGPSS|0.306
Q13131|Q96RL1_ATGPSSQSH|0.678
Q13131|Q96RL1_PSSQSHQEK|0.003
Q13131|Q96RL1_HQEKTTDSG|0.0
Q13131|Q96RL1_GSHISQGNE|0.809
Q13131|Q96RL1_EEPVSGSSG|0.513
Q13131|Q96RL1_PVSGSSGSW|0.0
Q13131|Q96RL1_VSGSSGSWD|0.0
Q13131|Q96RL1_GSSGSWDQS|0.0
Q13131|Q96RL1_CTGHSAEHT|0.005
Q13131|Q96RL1_TGRGSAFLK|0.777
Q13131|Q96RL1_PRPPSLIQN|0.682
Q13131|Q96RL1_NECISEDMG|0.301
Q13131|Q96RL1_EEEPTTSHG|0.0
Q13131|Q96RL1_EEPTTSHGQ|0.0
Q13131|Q96RL1_PASQSVAAL|0.0
Q13131|Q96RL1_ETQLSSSET|0.0
Q13131|Q96RL1_ISTFSSSNQ|0.183
Q13131|Q96RL1_AKTKSDSGT|0.594
Q13131|Q96RL1_TKSDSGTAA|0.538
Q13131|Q96RL1_AAQTSLDID|0.781
Q13131|Q96RL1_GRACSTVEG|0.0
Q13131|Q96RL1_FLEQSEHKT|0.0
Q13131|Q96RL1_EAGCSREMQ|0.356
Q13131|Q96RL1_EMQSSFTRR|0.636
Q13131|Q96RL1_SPVKSFVSI|0.694
Q13131|Q96RL1_KKQVTVQPG|0.837
Q13131|Q96RL1_VQPGSRTRT|0.717
Q13131|Q13905_SHLSSFTMK|0.27
Q13131|Q13905_DKFHSPKIK|0.329
Q13131|Q13905_LPEGYPLPL|0.0
Q13131|Q13905_VEFMSTSAV|0.471
Q13131|Q13905_QGRPSPTSP|0.0
Q13131|Q13905_PSPTSPVKP|0.0
Q13131|Q13905_PVKPSSPAS|0.597
Q13131|Q13905_VKPSSPASK|0.391
Q13131|Q13905_GMSQSTELL|0.803
Q13131|Q13905_LPDATDEEV|0.0
Q13131|Q13905_QSAPSPTRV|0.291
Q13131|Q13905_VAPMSRATS|0.817
Q13131|Q13905_ATSGSSLPV|0.017
Q13131|Q13905_DVDCYAQRR|0.248
Q13131|Q13905_LSGGSHSYG|0.617
Q13131|Q13905_GSHSYGGES|0.0
Q13131|Q13905_YGGESPRLS|0.085
Q13131|Q13905_SPRLSPCSS|0.258
Q13131|Q13905_LSPCSSIGK|0.62
Q13131|Q13905_SPCSSIGKL|0.841
Q13131|Q13905_IGKLSKSDE|0.728
Q13131|Q13905_EQLSSLDRD|0.464
Q13131|Q13905_LDRDSGQCS|0.686
Q13131|Q13905_YDPDYEFLQ|0.0
Q13131|Q13905_GESGSPFLG|0.0
Q13131|Q13905_KKRRSAASQ|0.868
Q13131|Q13905_RSAASQTAD|0.0
Q13131|Q13905_HMLAYMQLL|0.121
Q13131|Q13905_LLEDYSEPQ|0.002
Q13131|Q13905_PSMFYQTPQ|0.0
Q13131|Q13905_MFYQTPQNE|0.0
Q13131|Q13905_NEHIYQQKN|0.412
Q13131|Q13905_RAPKSPDAL|0.465
Q13131|Q13905_DLVLYCEAF|0.0
Q13131|Q13905_FLTTYRTFI|0.486
Q13131|Q13905_LRCATSSQP|0.0
Q13131|Q13905_RCATSSQPL|0.026
Q13131|Q13905_WQKQTSEGL|0.0
Q13131|Q13905_QKQTSEGLA|0.0
Q13131|Q13905_IDSSSSFRA|0.0
Q13131|Q13905_DSSSSFRAY|0.485
Q13131|Q13905_PRNITRRKT|0.0
Q13131|Q13905_TRRKTDREE|0.465
Q13131|Q13905_REEKT____|0.0
Q13131|Q9Y4G8_TAVDSEDDD|0.0
Q13131|Q9Y4G8_VIKGTSERL|0.002
Q13131|Q9Y4G8_IKGTSERLT|0.0
Q13131|Q9Y4G8_VEEHSVVDP|0.0
Q13131|Q9Y4G8_VVDPTFIED|0.0
Q13131|Q9Y4G8_DFLLTYRTF|0.116
Q13131|Q9Y4G8_FLLTYRTFL|0.0
Q13131|Q9Y4G8_IKKASRYSI|0.0
Q13131|Q9Y4G8_KASRYSIPD|0.0
Q13131|Q9Y4G8_ASRYSIPDL|0.19
Q13131|Q9Y4G8_TLSSSNPDL|0.288
Q13131|Q9Y4G8_DLLQSHHRI|0.0
Q13131|Q9Y4G8_DFSATPDLP|0.0
Q13131|Q9Y4G8_ADQQSRYIM|0.0
Q13131|Q9Y4G8_QQSRYIMIS|0.0
Q13131|Q9Y4G8_RIQLSGRYY|0.0
Q13131|Q9Y4G8_NMAKYRNVL|0.0
Q13131|Q9Y4G8_NVLNSQNLQ|0.0
Q13131|Q9Y4G8_GRMASVNMD|0.0
Q13131|Q9Y4G8_KKWRSLGSL|0.6
Q13131|Q9Y4G8_AKKLYEDAQ|0.0
Q13131|Q9Y4G8_PATNTLPKN|0.0
Q13131|Q9Y4G8_SPPTSPQSS|0.0
Q13131|Q9Y4G8_SSIVSNSSF|0.591
Q13131|Q9Y4G8_RQRHSVSIV|0.6
Q13131|Q9Y4G8_RHSVSIVET|0.495
Q13131|Q9Y4G8_MERRTMIEP|0.0
Q13131|Q9Y4G8_EPDQYSLGS|0.0
Q13131|Q9Y4G8_TVISSPSTE|0.0
Q13131|Q9Y4G8_CSSGSHDNI|0.0
Q13131|Q9Y4G8_QSRESLEQA|0.001
Q13131|Q9Y4G8_QSRASWASS|0.0
Q13131|Q9Y4G8_WGEDSEGDT|0.0
Q13131|Q9Y4G8_SEGDTGTIK|0.0
Q13131|Q9Y4G8_GDTGTIKRR|0.0
Q13131|Q9Y4G8_SQGFSTEED|0.0
Q13131|Q9Y4G8_QGFSTEEDE|0.0
Q13131|Q8WZA2_ILDNTPRHA|0.608
Q13131|Q8WZA2_LWEKYRQYM|0.333
Q13131|Q8WZA2_KYRQYMAGL|0.039
Q13131|Q8WZA2_NAILSRAPH|0.457
Q13131|Q8WZA2_NFKKTTANL|0.36
Q13131|Q8WZA2_FKKTTANLD|0.0
Q13131|Q8WZA2_HCKEYKNLN|0.253
Q13131|Q8WZA2_DVRSYVRQL|0.656
Q13131|Q92565_LSDRYVVVS|0.452
Q13131|Q92565_YVVVSGTPE|0.006
Q13131|Q92565_VVSGTPEKI|0.0
Q13131|Q92565_LLRHYSAKK|0.0
Q13131|Q92565_LRHYSAKKY|0.019
Q13131|Q92565_HRRHTVDEY|0.0
Q13131|Q92565_TVDEYSPQK|0.0
Q13131|Q92565_VDEYSPQKK|0.477
Q13131|Q92565_FHQFSLKEN|0.968
Q13131|Q92565_SELESLTDP|0.0
Q13131|Q92565_QELKSYVNH|0.574
Q13131|Q92565_LFELSHRIE|0.0
Q13131|Q8TEU7_EDLNTIYSY|0.0
Q13131|Q8TEU7_LNTIYSYLH|0.0
Q13131|Q8TEU7_NTIYSYLHG|0.0
Q13131|Q8TEU7_ARARYERYS|0.118
Q13131|Q8TEU7_RYERYSGNQ|0.079
Q13131|Q8TEU7_PARQSRRRF|0.0
Q13131|Q8TEU7_RKINYKGER|0.0
Q13131|Q8TEU7_NSYLSLPAD|0.0
Q13131|Q8TEU7_NLEDTKMNG|0.0
Q13131|Q8TEU7_SNRHSIQHV|0.704
Q13131|Q8TEU7_QEKGSKKVK|0.0
Q13131|Q8TEU7_SQDDSIVGT|0.0
Q13131|Q8TEU7_ETLCSDEDA|0.0
Q13131|Q8TEU7_RLRGTWEKL|0.0
Q13131|Q8TEU7_LPSKYEKHL|0.0
Q13131|Q8TEU7_VVRMTSANM|0.359
Q13131|Q8TEU7_VRMTSANMD|0.0
Q13131|Q8TEU7_FRQRSLSQG|0.695
Q13131|Q8TEU7_LSQGSTNSN|0.001
Q13131|Q8TEU7_SQGSTNSNM|0.0
Q13131|Q8TEU7_GSTNSNMLD|0.001
Q13131|Q8TEU7_AKKLYEDAQ|0.0
Q13131|Q8TEU7_WEPAYGTLT|0.0
Q13131|Q8TEU7_PAYGTLTKN|0.0
Q13131|Q8TEU7_SAKSSEMSP|0.0
Q13131|Q8TEU7_SSEMSPVPM|0.0
Q13131|Q8TEU7_PHRVSQVLQ|0.0
Q13131|Q8TEU7_ALNTSLPQK|0.008
Q13131|Q8TEU7_SLHSSPPAS|0.112
Q13131|Q8TEU7_SPPASPQGS|0.086
Q13131|Q8TEU7_SPQGSPHKG|0.0
Q13131|Q8TEU7_PHKGYTLIP|0.532
Q13131|Q8TEU7_SDNLSDSSH|0.144
Q13131|Q8TEU7_VSNCSVDSM|0.0
Q13131|Q8TEU7_DERCSSQAL|0.124
Q13131|Q8TEU7_DNFQSLPNP|0.0
Q13131|Q8TEU7_PNPKSWDFL|0.0
Q13131|Q8TEU7_FLNSYRHTH|0.0
Q13131|Q8TEU7_EVEPTDSEP|0.0
Q13131|Q8TEU7_EPTDSEPYS|0.0
Q13131|Q8TEU7_DSEPYSCSK|0.0
Q13131|Q8TEU7_SEPYSCSKS|0.0
Q13131|Q8TEU7_PYSCSKSCS|0.0
Q13131|Q8TEU7_QCKGSLERK|0.0
Q13131|Q8TEU7_LERKSWTSS|0.0
Q13131|Q8TEU7_RKSWTSSSS|0.534
Q13131|Q8TEU7_TSSSSLSDT|0.0
Q13131|Q8TEU7_SLSDTYEPN|0.0
Q13131|Q8TEU7_LSDTYEPNY|0.117
Q13131|Q8TEU7_YEPNYGTVK|0.112
Q13131|Q8TEU7_PNYGTVKQR|0.0
Q13131|Q8TEU7_VLESTPAES|0.0
Q13131|Q8TEU7_PKDATDPVY|0.0
Q13131|Q8TEU7_TDPVYKTVT|0.0
Q13131|Q8TEU7_PVYKTVTSS|0.0
Q13131|Q8TEU7_GLIVYCVTS|0.637
Q13131|Q8TEU7_VYCVTSPKK|0.0
Q13131|Q8TEU7_EGPHTHLKP|0.0
Q13131|Q8TEU7_PPDYSVAVQ|0.0
Q13131|Q8TEU7_MMHNSLSRL|0.399
Q13131|Q8TEU7_LGDVTDADS|0.0
Q13131|Q8TEU7-2_DEKGSAIFN|0.0
Q13131|Q8TEU7-2_AIFNSNSQG|0.0
Q13131|Q8TEU7-2_SQGNSNTLN|0.0
Q13131|Q9UHV5_RRIDSCLQT|0.625
Q13131|Q9UHV5_AFRGSDEIF|0.0
Q13131|Q9UHV5_VTIRSRLSA|0.0
Q13131|Q9UHV5_GRRETANLE|0.0
Q13131|Q9UHV5_NAAVSRLRL|0.0
Q13131|Q9UHV5_REVISKMKP|0.001
Q13131|Q70E73_KLTQSLDSD|0.0
Q13131|Q70E73_ETKATQKLP|0.0
Q13131|Q70E73_VSRHTLKHG|0.0
Q13131|Q70E73_LKHGTLKGL|0.0
Q13131|Q70E73_LSSSSNRIA|0.0
Q13131|Q70E73_IAKPSHASY|0.0
Q13131|Q70E73_HASYSLDDV|0.0
Q13131|Q70E73_SISNSSHSS|0.0
Q13131|Q70E73_ISNSSHSSI|0.0
Q13131|Q70E73_SSHSSITSA|0.0
Q13131|Q70E73_MSDDSSKTM|0.0
Q13131|Q70E73_SDDSSKTMM|0.0
Q13131|Q70E73_NPQNYLLGK|0.0
Q13131|Q70E73_LLRASGIYY|0.0
Q13131|Q70E73_APTDYCLVL|0.0
Q13131|Q70E73_KKSQYIKYL|0.0
Q13131|Q70E73_GKQLYMNYQ|0.0
Q13131|Q70E73_LSSSSIKSG|0.0
Q13131|Q70E73_SSSSSIPES|0.0
Q13131|Q70E73_GHVRSQSIV|0.0
Q13131|Q70E73_QSIVSSVFS|0.0
Q13131|Q70E73_SIVSSVFSE|0.0
Q13131|Q70E73_SSVFSEAWK|0.0
Q13131|Q70E73_ARMESMNRP|0.0
Q13131|Q70E73_MNRPYTSLV|0.001
Q13131|Q70E73_NRPYTSLVP|0.0
Q13131|Q70E73_RPYTSLVPP|0.0
Q13131|Q70E73_MFVKYSTIT|0.0
Q13131|Q70E73_VAPPTPPPP|0.0
Q13131|Q70E73_AAPPTPTPP|0.0
Q13131|Q70E73_AFPASYIPP|0.0
Q13131|Q70E73_FPASYIPPS|0.0
Q13131|Q70E73_VPPPTLPKQ|0.0
Q13131|Q70E73_TASPTPDKS|0.0
Q13131|Q70E73_QRNSSIKSS|0.0
Q13131|Q70E73_VSKFTPPAE|0.0
Q13131|Q70E73_SGSPSKETL|0.0
Q13131|Q70E73_PSKETLPPP|0.0
Q13131|Q70E73_QGCVSAKAP|0.0
Q13131|Q70E73_APVLSGRGK|0.0
Q13131|Q70E73_RGKDSVVEF|0.0
Q13131|Q70E73_APPPTRPKR|0.0
Q13131|Q70E73_KRNDSTRLT|0.0
Q13131|Q70E73_RNDSTRLTQ|0.0
Q13131|Q70E73_STRLTQAEI|0.0
Q13131|Q70E73_SEQPTMATV|0.0
Q13131|Q70E73_DLNRTLQRK|0.0
Q13131|Q70E73_HGSLSSRMS|0.0
Q13131|Q70E73_GSHISGYAT|0.0
Q13131|Q70E73_SGYATLRRG|0.0
Q13131|Q70E73-3_EHAISLRCS|0.0
Q13131|Q13702_EMGRYKEML|0.0
Q13131|Q13702_GLPGTRAGA|0.001
Q13131|Q13702_GGQVSLSMG|0.001
Q13131|Q13702_AFPRYDSAM|0.002
Q13131|Q8N122_SLAQSWRMK|0.806
Q13131|Q8N122_VPRPTVNGE|0.597
Q13131|Q8N122_EEKNYALPS|0.0
Q13131|Q8N122_PSPATTEGG|0.013
Q13131|Q8N122_SPATTEGGS|0.581
Q13131|Q8N122_TEGGSLTPV|0.038
Q13131|Q8N122_DSPCTPRLR|0.563
Q13131|Q8N122_SSYSSLNSL|0.488
Q13131|Q8N122_VLDTSSLTQ|0.446
Q13131|Q8N122_PPASSTSSS|0.013
Q13131|Q8N122_STSSSSLTN|0.944
Q13131|Q8N122_TSSSSLTND|0.888
Q13131|Q8N122_SSSLTNDVA|0.002
Q13131|Q8N122_AGAQYTPHS|0.432
Q13131|Q8N122_GAQYTPHSH|0.638
Q13131|Q8N122_LGDGSIRVY|0.785
Q13131|Q8N122_SIRVYDRRM|0.36
Q13131|P10276_EIVPSPPSP|0.004
Q13131|P10276_EIPGSMPPL|0.135
Q13131|P10276-2_PSPPSPPPL|0.0
Q13131|P10826_LPGFTGLTI|0.631
Q13131|P10826-2_FYTASPSSC|0.0
Q13131|P10826-2_PSPPSPLPP|0.0
Q13131|P13631_ALRGSPPFE|0.44
Q13131|P13631_FEMLSPSFR|0.0
Q13131|P13631_LRGISTKGA|0.887
Q13131|P13631_GGLKSPA__|0.039
Q13131|P13631-2_MVPSSPSPP|0.0
Q13131|P13631-2_PSSPSPPPP|0.0
Q13131|P49788_QQEDYLLYK|0.0
Q13131|Q99969_CPIETQVLR|0.019
Q13131|Q9UL19_FSVLSNSAE|0.0
Q13131|Q9UL19_VLSNSAEVK|0.001
Q13131|Q9UL19_EHFVTQLRY|0.0
Q13131|Q9UL19_TQLRYGKSR|0.003
Q13131|Q9UL19_RYGKSRCKQ|0.0
Q13131|P54136_EEIKSLTAE|0.358
Q13131|P54136_ILRKSLQAE|0.0
Q13131|P54136_PLLVTPSQQ|0.018
Q13131|P54136_LVTPSQQAK|0.013
Q13131|P54136_VDFSSPNIA|0.0
Q13131|P54136_HLRSTIIGE|0.003
Q13131|P54136_EFAGYDVLR|0.0
Q13131|P54136_YLTVSPPIG|0.391
Q13131|P54136_KKRAYQCVV|0.3
Q13131|P54136_GESFYQDRM|0.211
Q13131|P54136_VPGCSIPLT|0.0
Q13131|P54136_TIVKSDGGY|0.575
Q13131|P54136_GGYTYDTSD|0.0
Q13131|P54136_RSGETVRLM|0.0
Q13131|P54136_RLNDYIFSF|0.001
Q13131|P54136_DYIFSFDKM|0.001
Q13131|P54136_AYLLYAFTR|0.508
Q13131|Q5T160_MIYVTDKGQ|0.363
Q13131|Q5T160_LLGITPVCR|0.034
Q13131|P20936_DGPEYEEEE|0.0
Q13131|P20936_MCGDYYIGG|0.509
Q13131|P20936_RYYNSIGDI|0.442
Q13131|P20936_IVEGYYLKE|0.0
Q13131|P20936_VLNDTVDGK|0.0
Q13131|P20936_EIYNTIRRK|0.605
Q13131|P20936_KDAFYKNIV|0.435
Q13131|P20936_NLRKSSPGT|0.52
Q13131|P20936_VKHFTNPYC|0.569
Q13131|P20936_TLLASILLR|0.0
Q13131|P20936_AKEPYMEGV|0.007
Q13131|Q15283_KKKTSNPQF|0.0
Q13131|Q15283_NEIFYFEVT|0.0
Q13131|Q15283_QTIRTLTLI|0.0
Q13131|Q15283_LISKTIQTL|0.0
Q13131|Q15283_WGSLSKSKS|0.0
Q13131|Q15283_SLSKSKSSF|0.0
Q13131|Q15283_KSKSSFKET|0.0
Q13131|Q15283_EGEMYKRAQ|0.0
Q13131|Q15283_KDAIYTIPV|0.0
Q13131|Q15283_EDRETERIY|0.0
Q13131|Q15283_EACGTIAVY|0.0
Q13131|Q15283_TIAVYQGPQ|0.0
Q13131|Q15283_EPDDYSNFV|0.0
Q13131|Q14644_RVFQSVKIK|0.246
Q13131|Q14644_LCPFYGEDF|0.0
Q13131|Q14644_GEDFYCEIP|0.0
Q13131|Q14644_HLSFYIFDR|0.0
Q13131|Q14644_FRRDSIIGK|0.478
Q13131|Q14644_DEVFYFEVT|0.0
Q13131|Q14644_YFEVTRPCS|0.0
Q13131|Q14644_TRPCSYSKK|0.307
Q13131|Q14644_RPCSYSKKS|0.0
Q13131|Q14644_LRQSSSYEA|0.0
Q13131|Q14644_DDLGSLRLN|0.536
Q13131|Q14644_LFLHYGRVV|0.0
Q13131|Q14644_VSCPTVMCD|0.0
Q13131|Q14644_QTSRTLTLI|0.0
Q13131|Q14644_LISKTVQTL|0.0
Q13131|Q14644_KTVQTLGSL|0.0
Q13131|Q14644_QTLGSLSKS|0.0
Q13131|Q14644_LGSLSKSKS|0.0
Q13131|Q14644_SKSASFKES|0.0
Q13131|Q14644_LDLISSSGR|0.0
Q13131|Q14644_DLISSSGRR|0.463
Q13131|Q14644_LISSSGRRD|0.0
Q13131|Q14644_CRAPSDSAP|0.0
Q13131|Q14644_SKSVYDGPE|0.0
Q13131|Q14644_DPQETYKTL|0.0
Q13131|Q14644_PQETYKTLK|0.0
Q13131|Q14644_EHAQYKRDK|0.458
Q13131|Q14644_KFKKTKYGS|0.0
Q13131|Q14644_KKTKYGSQE|0.0
Q13131|Q14644_IGDKSFQNY|0.0
Q13131|Q14644_SFQNYIRQQ|0.365
Q13131|Q14644_IRQQSETST|0.744
Q13131|Q14644_QQSETSTHS|0.0
Q13131|Q14644_QSETSTHSI|0.001
Q13131|Q14644_SETSTHSI_|0.225
Q13131|Q14644_TSTHSI___|0.0
Q13131|O43374_LTRDTIASH|0.006
Q13131|O43374_DTIASHPKG|0.484
Q13131|O43374_ELSRTSETN|0.011
Q13131|O43374_EEKKYVELD|0.001
Q13131|O43374_ELDPSKVEV|0.009
Q13131|O43374_GALLSALSR|0.377
Q13131|O43374_LSALSRSVR|0.1
Q13131|O43374_LRFFSPAIM|0.474
Q13131|O43374_PAIMSPKLF|0.0
Q13131|O43374_GNMDTPASR|0.0
Q13131|O43374_DTPASRAKE|0.0
Q13131|O43374_QRTLSLQAP|0.919
Q13131|O43374_KLYFSLTTE|0.356
Q13131|O43374_TVPTSPGKV|0.431
Q13131|C9J798_LTRDTIASH|0.001
Q13131|C9J798_DTIASHPKG|0.464
Q13131|C9J798_ELSRTSETN|0.001
Q13131|C9J798_EEKKYVELD|0.0
Q13131|C9J798_ELDPSKVEV|0.002
Q13131|C9J798_GALLSALSR|0.338
Q13131|C9J798_LSALSRSVR|0.03
Q13131|C9J798_LRFFSPAIM|0.336
Q13131|C9J798_PAIMSPKLF|0.0
Q13131|C9J798_GNMDTPASR|0.0
Q13131|C9J798_DTPASRAKE|0.0
Q13131|C9J798_QRTLSLQAP|0.921
Q13131|C9J798_KLYFSLTTE|0.203
Q13131|C9J798_TVPTSPGKV|0.407
Q13131|O95294__MAKSSSLN|0.0
Q13131|O95294_MAKSSSLNV|0.0
Q13131|O95294_ARTATVWRS|0.53
Q13131|O95294_MVEFSPKTL|0.0
Q13131|O95294_AEEDSGGNL|0.0
Q13131|O95294_TRRISFKGA|0.0
Q13131|O95294_LEADTGACP|0.0
Q13131|Q9UJF2_RRSISGTST|0.995
Q13131|Q9UJF2_SISGTSTSE|0.476
Q13131|Q9UJF2_EKPNSMDTA|0.422
Q13131|Q9UJF2_NSMDTANTS|0.802
Q13131|Q9UJF2_DTANTSPFK|0.994
Q13131|Q9UJF2_PGFFSKRLK|0.437
Q13131|Q9UJF2_KRTKSQSKL|0.744
Q13131|Q9UJF2_LDRNTSFRL|0.986
Q13131|Q9UJF2_DRNTSFRLP|1.0
Q13131|Q9UJF2_FRLPSLRST|0.953
Q13131|Q9UJF2_RSHESLLSP|0.962
Q13131|Q9UJF2_LSPCSTVEC|0.677
Q13131|Q9UJF2_SKCFSCNSA|0.588
Q13131|Q9UJF2_DKNNYVGLV|0.951
Q13131|Q9UJF2_DLVMSEVDR|0.874
Q13131|Q9UJF2_SIEEYLKLV|0.429
Q13131|Q9UJF2_VGQQYLHDA|0.461
Q13131|Q9UJF2_PDTISNTPG|0.429
Q13131|Q9UJF2_GFDGYIDLG|0.434
Q13131|Q9UJF2_TKSLTNPTP|0.936
Q13131|Q9UJF2_LRRFTEHNS|1.0
Q13131|Q9UJF2_TEHNSSPNV|0.962
Q13131|Q9UJF2_EHNSSPNVS|0.946
Q13131|Q9UJF2_SPNVSGSLS|0.918
Q13131|Q9UJF2_NVSGSLSSG|0.541
Q13131|Q9UJF2_GSLSSGLQK|0.995
Q13131|Q9UJF2_DNTDSYFRG|0.449
Q13131|Q9UJF2_NTDSYFRGK|0.446
Q13131|Q9UJF2_ERESSLPNG|0.832
Q13131|Q9UJF2_PIRLTGSQL|1.0
Q13131|Q9UJF2_RLTGSQLSI|0.997
Q13131|Q9UJF2_GSQLSITQV|0.998
Q13131|Q9UJF2_QLSITQVAS|0.842
Q13131|Q9UJF2_TQVASIKQL|0.662
Q13131|Q9UJF2_ETQSTPQSA|0.829
Q13131|Q9UJF2_LQPLSFQNP|0.603
Q13131|Q9UJF2_QNPVYHLNN|0.751
Q13131|Q9UJF2_SIDSSLENL|0.921
Q13131|Q9UJF2_ASSRSQSNS|0.749
Q13131|Q9UJF2_PSNSSMEDF|0.999
Q13131|Q9UJF2_FTKRSTQSE|0.999
Q13131|Q9UJF2_RSTQSEDFS|0.999
Q13131|Q9UJF2_SRRHTVPDR|0.628
Q13131|Q9UJF2_RQNSTGQAQ|0.989
Q13131|Q9UJF2_KAPPSLPHS|0.983
Q13131|Q9UJF2_SLPHSASLR|0.985
Q13131|Q9UJF2_PHSASLRST|0.999
Q13131|Q9UJF2_ASLRSTGSM|0.802
Q13131|Q9UJF2_RSTGSMSVV|1.0
Q13131|Q9UJF2_VQNGSRSRQ|0.997
Q13131|Q9UJF2_NGSRSRQQS|0.986
Q13131|Q9UJF2_SRQQSSSSR|0.86
Q13131|Q9UJF2_RQQSSSSRE|0.547
Q13131|Q9UJF2_QQSSSSRES|0.998
Q13131|Q9UJF2_QSSSSRESP|0.977
Q13131|Q9UJF2_SSRESPVPK|0.487
Q13131|Q9UJF2_QRQQTQQVQ|0.45
Q13131|Q9UJF2_QQVQSPVDS|0.876
Q13131|Q9UJF2_SATMSPVER|0.906
Q13131|Q9UJF2_KRIVSLDSA|0.959
Q13131|Q9UJF2_KERYSMQVR|0.993
Q13131|Q9UJF2-2_ILTDSQLVL|0.012
Q13131|Q9UJF2-2_CLRRTVSVP|0.0
Q13131|Q9UJF2-2_RRTVSVPSE|0.0
Q13131|Q9UJF2-2_VSVPSEGQF|0.0
Q13131|Q86YV0_MDPPSPSRT|0.001
Q13131|Q86YV0_QPTATSPLT|0.199
Q13131|Q86YV0_PLTSYRWHT|0.0
Q13131|Q86YV0_YRWHTGGGG|0.006
Q13131|Q86YV0_EPMVSTQPA|0.0
Q13131|Q86YV0_RRVLSAPPK|0.0
Q13131|Q86YV0_PPKESRTSR|0.0
Q13131|Q86YV0_VGSASSEGS|0.407
Q13131|Q86YV0_SSEGSIHVA|0.336
Q13131|Q86YV0_DGPPSALGS|0.25
Q13131|Q86YV0_ESLATLSEL|0.0
Q13131|Q86YV0_ARRLSLRLR|0.678
Q13131|Q86YV0_AIDEYMKLV|0.262
Q13131|Q86YV0_SKSQSLRSV|0.416
Q13131|Q86YV0_QSLRSVRRS|0.0
Q13131|Q86YV0_RRSESWARP|0.0
Q13131|Q86YV0_RRRQSAGPW|0.001
Q13131|Q86YV0_RPKGSLSMG|0.649
Q13131|Q86YV0_KGSLSMGPA|0.523
Q13131|Q86YV0_WTRDSASLP|0.772
Q13131|Q86YV0_RDSASLPRK|0.53
Q13131|Q86YV0_PRKPSVPWQ|0.773
Q13131|Q86YV0_QALGTHRPV|0.0
Q13131|Q86YV0_LRAGSSEFD|0.701
Q13131|Q86YV0_RAGSSEFDS|0.808
Q13131|Q86YV0_SEFDSEHNL|0.481
Q13131|Q86YV0_NEGHSLKNL|0.61
Q13131|Q86YV0_RTRGSWSQP|0.673
Q13131|Q9Y272_PSEMSPDLH|0.0
Q13131|Q9Y272_HRKVSVQYC|0.0
Q13131|Q9Y272_LRAGSGGGG|0.7
Q13131|Q9Y272_ARRPSVHSD|0.0
Q13131|Q96D21_ELLVSGDEN|0.435
Q13131|Q96D21_HRKISVQYG|0.0
Q13131|Q8IZ41_GFLGSLRGG|0.271
Q13131|Q8IZ41_AMQLSELEE|0.001
Q13131|Q8IZ41_LRRQYETEV|0.227
Q13131|Q8IZ41_SKRVSQKED|0.856
Q13131|Q8IZ41_KKQIYDLSM|0.782
Q13131|Q8IZ41_EDRNSLERQ|0.617
Q13131|Q8IZ41_KLHDSNDGL|0.729
Q13131|Q8IZ41_ALENSYSKF|0.0
Q13131|Q8IZ41_KFNRSLHIN|0.0
Q13131|Q8IZ41_INNISPGNT|0.475
Q13131|Q8IZ41_FIGHSPQPL|0.539
Q13131|Q8IZ41_QPLGYDRSS|0.388
Q13131|Q8IZ41_EDCDSLALC|0.125
Q13131|Q8IZ41_GGDASDTDV|0.648
Q13131|Q8IZ41_DNAKSFSSQ|0.0
Q13131|Q8IZ41_NISATLGVD|0.0
Q13131|Q8IZ41_QLWDTAGQE|0.0
Q13131|Q8IZ41_DKDDSRSIT|0.627
Q13131|Q8IZ41_DDSRSITNL|0.835
Q13131|Q8IZ41_SRSITNLTG|0.328
Q13131|Q8N9B8_AKLKSFSAK|0.0
Q13131|Q8N9B8_LKSFSAKIV|0.0
Q13131|Q8N9B8_EENGTVKKA|0.493
Q13131|Q8N9B8_KKTWSKVKT|0.0
Q13131|Q0VAM2_FMHPYELMA|0.0
Q13131|Q0VAM2_EEQTYRKNV|0.0
Q13131|Q0VAM2_FNRLSYLVA|0.549
Q13131|Q0VAM2_NRLSYLVAT|0.0
Q13131|Q0VAM2_YLVATEICM|0.0
Q13131|Q0VAM2_RLKKTWAKV|0.305
Q13131|Q8N431_RLKKTWAKV|0.535
Q13131|Q8N431_AKVRTAKFF|0.0
Q13131|Q76NI1_GPRASPTKA|0.0
Q13131|Q76NI1_RASPTKALL|0.0
Q13131|Q76NI1_KALLSTPVR|0.0
Q13131|Q76NI1_RKVQTFPRL|0.0
Q13131|Q76NI1_TRGKSQLPI|0.024
Q13131|Q76NI1_QLPISELFS|0.0
Q13131|Q76NI1_RGMDSRKIL|0.0
Q13131|Q76NI1_IMGEYIFAL|0.0
Q13131|Q76NI1_FCDLYWDEK|0.0
Q13131|Q76NI1_EGSQSPRSP|0.0
Q13131|Q76NI1_SDALSRGNF|0.001
Q13131|Q76NI1_NYRKTLKFY|0.0
Q13131|Q76NI1_PLDGSAKHL|0.0
Q13131|Q76NI1_CKRLSEDGI|0.0
Q13131|Q76NI1_PKLQSYLKQ|0.018
Q13131|Q76NI1_KLQSYLKQR|0.0
Q13131|Q76NI1_IARFSGADI|0.0
Q13131|Q76NI1_GADISTLAA|0.0
Q13131|Q76NI1_ADISTLAAD|0.0
Q13131|Q76NI1_LAADSRANF|0.0
Q13131|Q13972_GHVASLGLL|0.029
Q13131|Q13972_GRLGSLSLK|0.004
Q13131|Q13972_RWLRSLELL|0.0
Q13131|Q13972_EPPKSPRAT|0.0
Q13131|Q13972_TRKFSSPPP|0.0
Q13131|Q13972_TSSPSRRRK|0.003
Q13131|Q13972_RRKLSLNIP|0.0
Q13131|Q13972_TSMYSAMSP|0.003
Q13131|Q13972_LEEITQMAE|0.0
Q13131|Q13972_FNDISNLIA|0.001
Q13131|Q13972_NLIASEIIR|0.031
Q13131|Q13972_LLDQSFVMD|0.0
Q13131|O14827_TAEASRWHE|0.0
Q13131|O14827_ERLKSEIIA|0.0
Q13131|O14827_ALNKTKERM|0.0
Q13131|O14827_IRQGSLIQV|0.0
Q13131|O14827_IQVPSVERG|0.0
Q13131|O14827_VRLGSLSLK|0.08
Q13131|O14827_EPDASDDDS|0.0
Q13131|O14827_CFSKTLNSC|0.0
Q13131|O14827_KTLNSCKVP|0.0
Q13131|O14827_VDGKSPRLC|0.0
Q13131|O14827_CRKFSSPPP|0.0
Q13131|O14827_KLSLTSPLN|0.02
Q13131|O14827_LSLTSPLNS|0.0
Q13131|O14827_SPLNSKIGA|0.138
Q13131|O14827_SPAASPPPH|0.0
Q13131|O14827_SPCRSPSTP|0.0
Q13131|O14827_RSPSTPRHL|0.0
Q13131|O14827_ECFESLSAM|0.0
Q13131|O14827_FESLSAMEL|0.0
Q13131|O14827_CLHNYNGVL|0.0
Q13131|O14827_LEITSALNR|0.0
Q13131|O14827_RLKKTWAKV|0.558
Q13131|P47224_LFLPSMRKK|0.0
Q13131|O95267_LAHITQFRM|0.0
Q13131|O95267_KRKVSLLFD|0.623
Q13131|O95267_PEELSEHLT|0.0
Q13131|O95267_EHLTYLEFK|0.0
Q13131|O95267_KETSSHVPH|0.0
Q13131|O95267_RMVDSVFKN|0.001
Q13131|O95267_DGYISQEEF|0.0
Q13131|O95267_MGVSSQKIS|0.325
Q13131|O95267_SQKISLRLK|0.0
Q13131|O95267_FVLSSPRKT|0.001
Q13131|O95267_YVLPSPTSP|0.0
Q13131|O95267_PSPTSPCPS|0.039
Q13131|O95267_SPCPSPVLV|0.0
Q13131|O95267_ENKDSLIKS|0.0
Q13131|Q7LDG7_RRHSSLIDI|0.912
Q13131|Q7LDG7_SVPTYKWKR|0.034
Q13131|Q7LDG7_KSSPTSPTS|0.425
Q13131|Q7LDG7_NFQESNSLR|0.711
Q13131|Q7LDG7_RRAQSVSLE|0.891
Q13131|Q7LDG7_GSAPSPSPM|0.263
Q13131|Q7LDG7_AFSFSLPRP|0.55
Q13131|Q7LDG7-2_MHPWYIPSS|0.0
Q13131|Q7LDG7-2_LLHIYQQSR|0.001
Q13131|Q7LDG7-2_NRRHSSLID|0.019
Q13131|Q7LDG7-2_RRHSSLIDI|0.129
Q13131|Q7LDG7-2_IDIDSVPTY|0.0
Q13131|Q7LDG7-2_SVPTYKWKR|0.0
Q13131|Q7LDG7-2_KRQVTQRNP|0.001
Q13131|Q7LDG7-2_KRKMSLLFD|0.039
Q13131|Q7LDG7-2_DQYQTEDEL|0.0
Q13131|Q7LDG7-2_EDELYQLSL|0.0
Q13131|Q7LDG7-2_RRAQSVSLE|0.0
Q13131|Q7LDG7-2_AQSVSLEGS|0.0
Q13131|Q7LDG7-2_SLEGSAPSP|0.0
Q13131|Q7LDG7-2_GSAPSPSPM|0.001
Q13131|Q7LDG7-2_APSPSPMHS|0.0
Q13131|Q7LDG7-2_SPMHSHHHR|0.0
Q13131|Q7LDG7-2_HRAFSFSLP|0.032
Q13131|Q7LDG7-2_AFSFSLPRP|0.0
Q13131|Q7LDG7-2_GRRGSRPPE|0.0
Q13131|Q7LDG7-2_EEVQTVEDG|0.0
Q13131|Q8IV61_MHRWYLSST|0.334
Q13131|Q8IV61_QRATTSQAT|0.52
Q13131|Q8IV61_EPVWSEAGW|0.004
Q13131|Q8IV61_PKMKSKFHD|0.0
Q13131|Q8IV61-2_KSPTSPTTP|0.0
Q13131|Q8TDF6_RLGDSSDLL|0.359
Q13131|Q8TDF6_LNNLYLRLQ|0.675
Q13131|Q8TDF6_QGRGSFSRE|0.799
Q13131|Q8TDF6-2_LGDSSDLPG|0.0
Q13131|Q5U651_KEGGSPRFG|0.149
Q13131|Q5U651_RRWPSAASV|0.726
Q13131|Q5U651_PSAASVKSS|0.12
Q13131|Q5U651_ASVKSSSSD|0.0
Q13131|Q5U651_VKSSSSDTG|0.0
Q13131|Q5U651_KSSSSDTGS|0.0
Q13131|Q5U651_AKRISQLFR|0.914
Q13131|Q5U651_SGTGTTGSS|0.0
Q13131|Q5U651_TTGSSGAGG|0.0
Q13131|Q5U651_GGPGTPGGA|0.0
Q13131|Q5U651_SGANYKSVL|0.0
Q13131|Q5U651_SRAASGGAA|0.563
Q13131|Q5U651_AALASPGPG|0.0
Q13131|Q5U651_SENLSLRRS|0.498
Q13131|Q5U651_SLRRSVSEL|0.815
Q13131|Q5U651_LLQGYQDAQ|0.059
Q13131|Q5U651_VYVMTREQH|0.265
Q13131|Q5U651_PRHCTVRAG|0.0
Q13131|Q5U651_ALAAYLDGR|0.001
Q13131|Q5U651_FRKLSMAVN|0.47
Q13131|Q5U651_CVPRTSLLK|0.0
Q13131|Q5U651_PVATSP___|0.003
Q13131|Q96S79_GVGKSAIVR|0.0
Q13131|Q96S79_VCVPTTARR|0.0
Q13131|Q6T310_RVGKSAMIV|0.41
Q13131|Q6T310_RRRASIIPR|0.0
Q13131|Q6T310_PRPRSPNMQ|0.014
Q13131|Q9BPW5_VFSITDYKS|0.015
Q13131|Q9BPW5_SITDYKSYE|0.002
Q13131|Q9BPW5_QQPSSTPEK|0.0
Q13131|Q9BPW5_PRPKSPNMQ|0.0
Q13131|Q9BPW5_KQALSAKVR|0.799
Q13131|Q9NYN1_PRAGSGPQS|0.0
Q13131|Q9NYN1_ELEKSPLTR|0.0
Q13131|Q9NS23_LHVLSRTRA|0.173
Q13131|Q9NS23_VLSRTRARE|0.0
Q13131|Q9NS23_HGQVYLRKL|0.253
Q13131|A6NK89_SRRTTCSDV|0.0
Q13131|A6NK89_VLVRSEASL|0.0
Q13131|A6NK89_RSEASLPNA|0.0
Q13131|A6NK89_ASSCSSSPR|0.0
Q13131|A6NK89_SSCSSSPRT|0.0
Q13131|P50749_SHQTSLVPC|0.076
Q13131|P50749_LQEDTPQLM|0.0
Q13131|P50749_QLMRTRSDV|0.65
Q13131|P50749_RHRFSINGH|0.241
Q13131|P50749_EFALYVVHT|0.156
Q13131|P50749_EEVTYDVAQ|0.0
Q13131|P50749_LMRKYTVLR|0.084
Q13131|P50749_MRKYTVLRL|0.524
Q13131|P50749_ETPATI___|0.205
Q13131|Q86WH2____MSSGYS|0.0
Q13131|Q86WH2___MSSGYSS|0.0
Q13131|Q86WH2_SSGYSSLEE|0.0
Q13131|Q86WH2_SGYSSLEED|0.0
Q13131|Q86WH2_SNGIYTGFI|0.0
Q13131|Q86WH2_LVTESPAKF|0.0
Q13131|Q9H2L5_PRRPSCPLK|0.453
Q13131|Q9H2L5_MRTKSDASC|0.0
Q13131|Q9H2L5_RHRFSINGH|0.001
Q13131|Q9H2L5_PVLDSFVEK|0.001
Q13131|Q8WWW0_KIDSYNTRE|0.0
Q13131|Q8WWW0_SEDGTYTGF|0.0
Q13131|Q8WWW0_EDGTYTGFI|0.0
Q13131|Q8WWW0_IRPQSIYDA|0.399
Q13131|Q8WWW0_PQSIYDAIK|0.001
Q13131|Q8WWW0_TDKRTSFYL|0.058
Q13131|Q8WWW0_RTSFYLPLD|0.002
Q13131|Q8WWW0_FQKLSIADR|0.0
Q13131|Q8WWW0-2_SGYCSLDEE|0.0
Q13131|Q6ZTQ3_DEPDSPVLY|0.495
Q13131|Q6ZTQ3_YRTMSEAAL|0.455
Q13131|Q8NHQ8_ERPTSDSVA|0.0
Q13131|Q8NHQ8_QIDKSIKRR|0.0
Q13131|Q8NHQ8_SLTFTGGAK|0.0
Q13131|Q8NHQ8_AVERSLGQA|0.0
Q13131|Q8NHQ8_LGQATKRLQ|0.0
Q13131|Q8NHQ8_APFQSGSLK|0.0
Q13131|Q8NHQ8_RPGSSRQLP|0.0
Q13131|Q8NHQ8_PEGIYV___|0.0
Q13131|O75901_KPSDYCIIE|0.0
Q13131|Q8IY67_DVSVTHRPP|0.473
Q13131|Q8IY67_LSPKSGAEV|0.005
Q13131|Q8IY67_HDLLSDYEL|0.0
Q13131|Q8IY67_LLSDYELKY|0.0
Q13131|Q8IY67_YELKYCFVD|0.0
Q13131|Q8IY67_FVDKYKGTA|0.0
Q13131|Q8IY67_MKKDSAARA|0.0
Q13131|Q8IY67_AGQLTPALL|0.0
Q13131|Q8IY67_ILGDSPLGA|0.0
Q13131|Q8IY67_AIGSSPLGS|0.148
Q13131|Q8IY67_SPLGSGEGL|0.407
Q13131|Q8IY67_LLGLSPGPN|0.107
Q13131|Q8IY67_PNGHSHLLK|0.237
Q13131|Q8IY67_CPRPSPAQK|0.026
Q13131|Q8IY67_MWASTPRAS|0.0
Q13131|Q8IY67-2_GLRGSGLRG|0.436
Q13131|Q8IY67-2_LQKDSGPLP|0.0
Q13131|Q8IY67-2_GPLPTPPGV|0.0
Q13131|Q8IY67-2_PPGVSLLGE|0.0
Q13131|Q8IY67-2_PLNPYLNLH|0.0
Q13131|Q8IY67-2_EGPLTNPPA|0.0
Q13131|Q8IY67-2_SRLLSPLSS|0.0
Q13131|Q8IY67-2_LSPLSSARL|0.0
Q13131|Q8IY67-2_SPLSSARLP|0.0
Q13131|Q8IY67-2_GLSDSYSFD|0.0
Q13131|Q8IY67-2_YSFDYPSDM|0.0
Q13131|Q8IY67-2_RRLFSHPRE|0.0
Q13131|Q8IY67-2_PHGPSRHKM|0.001
Q13131|Q8IY67-2_RHKMSPPPS|0.0
Q13131|Q8IY67-2_SPPPSGFGE|0.0
Q13131|Q8IY67-2_FYSGSPTSY|0.0
Q13131|Q8IY67-2_SPTSYFTSG|0.0
Q13131|Q8IY67-2_LLGLSPGPN|0.0
Q13131|Q8IY67-2_HLLPSPEPS|0.0
Q13131|Q8IY67-2_SPEPSPEGS|0.0
Q13131|Q8IY67-2_VGQHSQGLG|0.0
Q13131|Q8IY67-2_LGGHYADSY|0.0
Q13131|Q9HCJ3_AGLGSAAGL|0.004
Q13131|Q9HCJ3_AVLGTPHSL|0.001
Q13131|Q9HCJ3_GTPHSLPHL|0.508
Q13131|Q9HCJ3_LMNPSISPA|0.001
Q13131|Q9HCJ3_NPSISPAFL|0.0
Q13131|Q9HCJ3_QPKGTEISS|0.0
Q13131|Q9HCJ3_SVLPSVCLS|0.171
Q13131|Q9HCJ3_QGSESQHAL|0.0
Q13131|Q9HCJ3_KCIAYSPPF|0.0
Q13131|Q9HCJ3_CIAYSPPFG|0.0
Q13131|Q9Y2V3_SRLHSIEAI|0.512
Q13131|P06400_KEIDTSTKV|0.223
Q13131|P06400_DNAMSRLLK|0.476
Q13131|P06400_FALFSKLER|0.731
Q13131|P06400_LKEPYKTAV|0.0
Q13131|P06400_EPYKTAVIP|0.001
Q13131|P06400_LSKRYEEIY|0.0
Q13131|P06400_YEEIYLKNK|0.309
Q13131|P06400_KTLQTDSID|0.259
Q13131|P06400_LQTDSIDSF|0.81
Q13131|P06400_DSIDSFETQ|0.849
Q13131|P06400_TPRKSNLDE|0.972
Q13131|P06400_VRLYYRVME|0.738
Q13131|P06400_REGPTDHLE|0.354
Q13131|P06400_DHLESACPL|0.807
Q13131|P06400_KKKGSTTRV|0.508
Q13131|P06400_RVNSTANAE|0.681
Q13131|P06400_QRLKTNILQ|0.937
Q13131|P06400_NILQYASTR|0.643
Q13131|P06400_LQYASTRPP|0.556
Q13131|P06400_QYASTRPPT|0.3
Q13131|P06400_TRPPTLSPI|0.791
Q13131|P06400_PRSPYKFPS|0.298
Q13131|P06400_YKFPSSPLR|0.639
Q13131|P06400_PYKISEGLP|0.722
Q13131|P06400_MTPRSRILV|0.531
Q13131|P06400_RILVSIGES|0.622
Q13131|P06400_SFGTSEKFQ|0.027
Q13131|P06400_VLKRSAEGS|0.827
Q13131|P06400_SAEGSNPPK|0.657
Q13131|P06400_DIEGSDEAD|0.79
Q13131|P06400_LPGESKFQQ|0.05
Q13131|P06400_LAEMTSTRT|0.544
Q13131|P06400_KMNDSMDTS|0.635
Q13131|P28749_CVSLTRILR|0.0
Q13131|P28749_PRKFTRDTP|0.347
Q13131|P28749_SFAPSTPLT|0.422
Q13131|P28749_STPLTGRRY|0.519
Q13131|P28749_TPVASATQS|0.461
Q13131|P28749_AEILYYKIL|0.463
Q13131|P28749_EILYYKILE|0.022
Q13131|P28749_LSPISVHER|0.436
Q13131|P28749_VHERYSSPT|0.187
Q13131|P28749_YSSPTAGSA|0.175
Q13131|P28749_LTAHSLIGA|0.333
Q13131|P28749_QTNLTKAQE|0.892
Q13131|P28749_LALFYRKVY|0.421
Q13131|P28749_DATKTPDCS|0.92
Q13131|P28749_TPDCSSGPV|0.002
Q13131|P28749_YNTIYVGRV|0.453
Q13131|P28749_FALKYDLAN|0.727
Q13131|P28749_PRRISQQHS|0.308
Q13131|P28749_LTPRSALLY|0.02
Q13131|P28749_SALLYKFNG|0.104
Q13131|P28749_NGSPSKSLK|0.408
Q13131|P28749_IAIDSDAES|0.917
Q13131|Q08999_ACRKSVPTV|0.049
Q13131|Q08999_VEGNYVSLT|0.0
Q13131|Q08999_GNYVSLTRI|0.001
Q13131|Q08999_YVSLTRILK|0.001
Q13131|Q08999_EEIGTLSRC|0.002
Q13131|Q08999_IGTLSRCLN|0.0
Q13131|Q08999_LNAGSGTET|0.398
Q13131|Q08999_STPLTGVRY|0.0
Q13131|Q08999_AFHRSLLAC|0.225
Q13131|Q08999_VVTFSYKPP|0.0
Q13131|Q08999_VTFSYKPPG|0.482
Q13131|Q08999_WKPESPLWE|0.0
Q13131|Q08999_PRRVTEVRA|0.828
Q13131|Q08999_GRSITSPTT|0.726
Q13131|Q08999_ITSPTTLYD|0.005
Q13131|Q08999_TSPTTLYDR|0.0
Q13131|Q08999_PTTLYDRYS|0.037
Q13131|Q08999_LYDRYSSPP|0.001
Q13131|Q08999_SPPASTTRR|0.004
Q13131|Q08999_PASTTRRRL|0.008
Q13131|Q08999_NDSPSDGGT|0.0
Q13131|Q08999_QNSPTELNK|0.0
Q13131|Q08999_NKDRTSRDS|0.62
Q13131|Q08999_PPTPTRLTG|0.398
Q13131|Q08999_TGANSDMEE|0.496
Q13131|Q08999_KQIKTFAMK|0.0
Q13131|Q08999_PLSPYPFVR|0.0
Q13131|Q08999_PFVRTGSPR|0.003
Q13131|Q08999_NHPVYISPH|0.523
Q13131|Q08999_PVYISPHKN|0.215
Q13131|Q08999_HKNETMLSP|0.094
Q13131|Q08999_FYYFSNSPS|0.519
Q13131|Q08999_SNSPSKRLR|0.666
Q13131|Q08999_REINSMIRT|0.005
Q13131|Q08999_NDRGSH___|0.003
Q13131|Q8TDY2_KVEESLMMP|0.437
Q13131|Q8TDY2_KKLCSFCEG|0.493
Q13131|Q8TDY2_LECLTRHSY|0.487
Q13131|Q8TDY2_LTRHSYREC|0.913
Q13131|Q8TDY2_ESLLTSFPK|0.921
Q13131|Q8TDY2_ADAESGKEI|0.556
Q13131|Q8TDY2_VEALSTVPQ|0.973
Q13131|Q8TDY2_EALSTVPQM|0.001
Q13131|Q8TDY2_VPQMYCLAV|0.537
Q13131|Q8TDY2_LDEMSQTIT|0.818
Q13131|Q8TDY2_SQTITDLLS|0.263
Q13131|Q8TDY2_KASVSQTSP|0.804
Q13131|Q8TDY2_SVSQTSPQS|0.66
Q13131|Q8TDY2_AGITTTTSP|0.0
Q13131|Q8TDY2_GDHTSLNVQ|0.795
Q13131|Q8TDY2_AELQSLEQS|0.945
Q13131|Q8TDY2_ELEDTLQVR|0.642
Q13131|Q8TDY2_KLKVSDLSD|0.998
Q13131|Q8TDY2_NKVTSLHNQ|0.995
Q13131|Q8TDY2_QEEKYEAII|0.019
Q13131|Q8TDY2_QIAKSPAID|0.447
Q13131|Q8TDY2_QRLMSQSMS|0.847
Q13131|Q9NYW8_EKITYRDVM|0.0
Q13131|Q9NYW8_PCQHSPEAW|0.0
Q13131|Q9NYW8_QRAHTGEKP|0.0
Q13131|Q9NYW8_QRNHSGERP|0.061
Q13131|Q9NYW8_FSRKSALSD|0.0
Q13131|Q9NYW8_KSALSDHQR|0.0
Q13131|Q9NYW8_DHQRTHTGE|0.0
Q13131|Q9NYW8_QRTHTGEKL|0.0
Q13131|Q9NYW8_THQRTHTGE|0.0
Q13131|Q9NYW8_QRTHTGEKP|0.001
Q13131|Q9NYW8_EHYRSHSEE|0.0
Q13131|Q9NYW8_YRSHSEEKP|0.0
Q13131|Q9NYW8_EEKPYGCSE|0.0
Q13131|Q9NYW8_PYGCSECGK|0.0
Q13131|Q9NYW8_QRVHTGEKP|0.345
Q13131|Q9NYW8_GEKPYECYE|0.0
Q13131|Q9NYW8_PYECYECGK|0.0
Q13131|Q9NYW8_SQKSYLTIH|0.0
Q13131|Q9NYW8_HRIHSGEKP|0.001
Q13131|Q9NYW8_GKVFSRMSN|0.0
Q13131|Q9NYW8_MSNLTVHYR|0.494
Q13131|Q9NYW8_LTVHYRSHS|0.026
Q13131|P29374_DEPAYLTVG|0.0
Q13131|P29374_VSAKYRGAF|0.0
Q13131|P29374_LRRTSLCLK|0.0
Q13131|P29374_EHFGTPVIA|0.0
Q13131|P29374_RGRRSSLPV|0.559
Q13131|P29374_EILESSSSD|0.0
Q13131|P29374_ILESSSSDD|0.0
Q13131|P29374_WKQIYMDLG|0.0
Q13131|P29374_DLEESMEEA|0.57
Q13131|P29374_ENIDSNSES|0.001
Q13131|P29374_IDSNSESER|0.288
Q13131|P29374_SNSESEREE|0.0
Q13131|P29374_KDNDTENKD|0.0
Q13131|P29374_GRKNTPKQK|0.0
Q13131|P29374_KQEDSDKDS|0.0
Q13131|P29374_SDKDSDEEE|0.0
Q13131|P29374_SKCDSEGEE|0.0
Q13131|P29374_NKEDSEKDE|0.0
Q13131|P29374_ERQKSKRGR|0.0
Q13131|P29374_STLSSNMPY|0.0
Q13131|P29374_PYGLSKTAN|0.0
Q13131|P29374_GLSKTANSE|0.0
Q13131|P29374_SDSETEDAL|0.0
Q13131|P29374_EAEKSPKGK|0.0
Q13131|P29374_RRSKTKDLS|0.01
Q13131|P29374_TKDLSLEII|0.0
Q13131|P29374_KNFSSATED|0.0
Q13131|P29374_FSSATEDEI|0.361
Q13131|P29374_ERFDSPAEE|0.0
Q13131|P29374_IEVDSIAEE|0.0
Q13131|P29374_IAEESQEGL|0.0
Q13131|P29374_QKRPSDGNS|0.579
Q13131|P29374_EKNGTGQSS|0.202
Q13131|P29374_GTGQSSDSE|0.0
Q13131|P29374_QSSDSEDLP|0.0
Q13131|P29374_SPRTYKWSF|0.0
Q13131|P29374_MSSASSDTG|0.0
Q13131|P29374_SSASSDTGM|0.0
Q13131|P29374_SPSSSSPPQ|0.0
Q13131|Q09028_INEEYKIWK|0.0
Q13131|Q09028_FGSVSGKIE|0.677
Q13131|Q09028_IATKTPSSD|0.475
Q13131|Q09028_KTPSSDVLV|0.207
Q13131|Q09028_VFDYTKHPS|0.0
Q13131|Q09028_TKHPSKPDP|0.442
Q13131|Q09028_SADKTVALW|0.321
Q13131|Q09028_QVQWSPHNE|0.077
Q13131|Q09028_HGGHTAKIS|0.41
Q13131|Q15291_ELLESFGQN|0.0
Q13131|Q15291_FGQNYPEEA|0.0
Q13131|Q15291_EADGTLDCI|0.0
Q13131|Q15291_WDFLTRGIA|0.0
Q13131|Q15291_GTSNTTAIK|0.0
Q13131|Q15291_ARKGSCFLI|0.0
Q13131|Q15291_ENVEYEERE|0.0
Q13131|Q15291_PLEGSAKGK|0.006
Q13131|Q15291-2_RPKGSKAGG|0.0
Q13131|Q7Z6E9_TSKTYVISR|0.131
Q13131|Q7Z6E9_EANASEEDK|0.0
Q13131|Q7Z6E9_SGHEYDPIN|0.168
Q13131|Q7Z6E9_GIPRSFMME|0.002
Q13131|Q7Z6E9_GAMLTNTGK|0.464
Q13131|Q7Z6E9_MLTNTGKYA|0.039
Q13131|Q7Z6E9_NTGKYAIPT|0.01
Q13131|Q7Z6E9_YAIPTIDAE|0.008
Q13131|Q7Z6E9_DAEAYAIGK|0.269
Q13131|Q7Z6E9_PFRDSDNKI|0.023
Q13131|Q7Z6E9_PVLGTPSLL|0.619
Q13131|Q7Z6E9_ERRRSFSRS|0.013
Q13131|Q7Z6E9_SRSKSPYSG|0.044
Q13131|Q7Z6E9_SKSPYSGSS|0.002
Q13131|Q7Z6E9_KSPYSGSSY|0.076
Q13131|Q7Z6E9_PYSGSSYSR|0.48
Q13131|Q7Z6E9_YSGSSYSRS|0.092
Q13131|Q7Z6E9_RSSYTYSKS|0.268
Q13131|Q7Z6E9_GSTRSRSYS|0.012
Q13131|Q7Z6E9_TRSRSYSRS|0.161
Q13131|Q7Z6E9_SRSHSRSYS|0.769
Q13131|Q7Z6E9_SHSRSYSRS|0.349
Q13131|Q7Z6E9_SRSYSRSPP|0.99
Q13131|Q7Z6E9_GYHRSRSRS|0.186
Q13131|Q7Z6E9_HRSRSRSPP|0.524
Q13131|Q7Z6E9_SRSRSPPYR|0.448
Q13131|Q7Z6E9_WYEKYYKGY|0.044
Q13131|Q7Z6E9_RREDYVGGQ|0.0
Q13131|Q7Z6E9_KGEESEGFL|0.609
Q13131|Q7Z6E9_ELLETSRKS|0.006
Q13131|Q7Z6E9_RSPRSEPPI|0.426
Q13131|Q7Z6E9_AKEETPKTD|0.008
Q13131|Q7Z6E9_LNRETGKKI|0.019
Q13131|Q7Z6E9_TENISNTKE|0.728
Q13131|Q7Z6E9_NISNTKEPS|0.0
Q13131|Q7Z6E9_EKLESTSSK|0.391
Q13131|Q7Z6E9_KLESTSSKV|0.29
Q13131|Q7Z6E9_LESTSSKVK|0.187
Q13131|Q7Z6E9_ESTSSKVKQ|0.038
Q13131|Q7Z6E9_RRKVTGTEG|0.019
Q13131|Q7Z6E9_TLVDYTSTS|0.339
Q13131|Q7Z6E9_PVRKSEEKT|0.821
Q13131|Q7Z6E9_TMEEYNNDN|0.0
Q13131|Q7Z6E9_IKNVSTKPS|0.901
Q13131|Q7Z6E9_TKDVSHEII|0.001
Q13131|Q7Z6E9_EKGKTKDRD|0.003
Q13131|Q7Z6E9_KDRDYSVLE|0.018
Q13131|Q7Z6E9_GNFKSLSQS|0.018
Q13131|Q7Z6E9_FKSLSQSSK|0.022
Q13131|Q7Z6E9_TRASSNKDF|0.974
Q13131|Q7Z6E9_RRKDSPSRN|0.47
Q13131|Q7Z6E9_HKATYDTKR|0.516
Q13131|Q7Z6E9_ATYDTKRPN|0.236
Q13131|Q7Z6E9_EETKSVDKN|0.657
Q13131|Q7Z6E9_SRNQSHSSP|0.983
Q13131|Q7Z6E9_NQSHSSPSV|0.941
Q13131|Q7Z6E9_QSHSSPSVS|0.01
Q13131|Q7Z6E9_HSSPSVSPS|0.517
Q13131|Q7Z6E9_SVSPSRSHS|0.321
Q13131|Q7Z6E9_SPSRSHSPS|0.0
Q13131|Q7Z6E9_SHSPSGSQT|0.168
Q13131|Q7Z6E9_SSSASSAES|0.0
Q13131|Q7Z6E9_ESQDSKKKK|0.427
Q13131|Q7Z6E9-2_EESKSPYSG|0.0
Q13131|Q7Z6E9-2_KSPYSGSSY|0.0
Q13131|Q16576_INEEYKIWK|0.0
Q13131|Q16576_EGKDYALHW|0.52
Q13131|Q16576_SHCDSDKGE|0.481
Q13131|Q16576_GGFGSVTGK|0.622
Q13131|Q16576_IATKTPSSD|0.469
Q13131|Q16576_TKTPSSDVL|0.736
Q13131|Q16576_KTPSSDVLV|0.027
Q13131|Q16576_VFDYTKHPA|0.0
Q13131|Q16576_SADKTVALW|0.084
Q13131|Q16576_VWDLSKIGE|0.674
Q13131|Q16576-2_GAGASPDGD|0.0
Q13131|Q8NC74_AKEGTSDPP|0.0
Q13131|Q8NC74_KEGTSDPPS|0.0
Q13131|Q8NC74_SDPPSPLLL|0.0
Q13131|Q8NC74_LLLPSPGGW|0.0
Q13131|Q8NC74_GHRTSPVAK|0.0
Q13131|Q8NC74_VAKISPGAT|0.0
Q13131|Q8NC74_APDMSPQRI|0.0
Q13131|Q8NC74_PANGTPPPL|0.0
Q13131|Q8NC74_PARSSPPSP|0.0
Q13131|Q8NC74_SSPPSPAYE|0.0
Q13131|Q8NC74_ERGLSLDSF|0.0
Q13131|Q8NC74_APKLSPKVD|0.0
Q13131|Q8NC74_QSPHSSPLA|0.0
Q13131|Q8NC74_SPHSSPLAP|0.0
Q13131|Q8NC74_AAAPSDPRL|0.0
Q13131|Q8NC74_LPVGSDSEG|0.0
Q13131|Q8NC74_RGQDTPKPA|0.0
Q13131|Q8NC74_HGSLSPAAA|0.0
Q13131|Q8NC74_AHTASPEPP|0.0
Q13131|Q8NC74_SGPLTRSPQ|0.0
Q13131|Q8NC74_PLTRSPQAL|0.0
Q13131|Q8NC74_RRKLTATEG|0.0
Q13131|Q8NC74_EGPGSPRDA|0.0
Q13131|Q8NC74_AEDHSPSPN|0.0
Q13131|Q8NC74_DHSPSPNSS|0.0
Q13131|O75884_IGHSSGAIA|0.0
Q13131|Q9BYM8_RPEAYQVPA|0.302
Q13131|Q9BYM8_QVPASYQPD|0.637
Q13131|Q9BYM8_QEGNYLQHV|0.461
Q13131|Q9BYM8_LDQRSLVLN|0.951
Q13131|Q9BYM8_EAEVSCPFI|0.214
Q13131|Q9BYM8_DNTYSCSGK|0.313
Q13131|Q9BYM8_TYSCSGKLL|0.36
Q13131|Q9BYM8_KALLTPEDY|0.224
Q13131|Q9BYM8_RSAFSYHCK|0.234
Q13131|Q9BYM8_PGDTSGGCR|0.0
Q13131|Q8N0V3_KVSLTPDFS|0.0
Q13131|Q8N0V3_QPCGTTEPT|0.0
Q13131|Q8N0V3_TTEPTTSSS|0.0
Q13131|Q8N0V3_TEPTTSSSL|0.0
Q13131|Q8N0V3-2_YKMISGTLM|0.0
Q13131|Q8N0V3-2_MISGTLMPH|0.0
Q13131|B7ZAP0_QGIETDDEK|0.001
Q13131|Q9H477_FGNDYIENL|0.469
Q13131|Q9H477-2_KHIPTEKVK|0.0
Q13131|P98175_RTGRYGATD|0.0
Q13131|P98175_RYGATDRSQ|0.0
Q13131|P98175_ATDRSQDDG|0.335
Q13131|P98175_GENRSRDHD|0.0
Q13131|P98175_RDHDYRDMD|0.0
Q13131|P98175_RDMDYRSYP|0.0
Q13131|P98175_DYRSYPREY|0.0
Q13131|P98175_SAEDSYEAS|0.0
Q13131|P98175_PGSETQRRR|0.0
Q13131|P98175_RDQDYRTEQ|0.0
Q13131|P98175_QDYRTEQGE|0.0
Q13131|P98175_ANQHSLNIL|0.006
Q13131|P98175_SMHYSDPKP|0.537
Q13131|P98175_GRELSQGLL|0.02
Q13131|P98175_LPQPYQAQG|0.0
Q13131|P98175_GSEPSSENA|0.0
Q13131|P98175_NPHSTMDSI|0.001
Q13131|P98175_GYGNSQGTE|0.001
Q13131|P98175_GPGITGTKG|0.0
Q13131|P98175_GITGTKGDP|0.0
Q13131|P98175_KGDPTGAGP|0.0
Q13131|P98175_MQAFSRAQP|0.0
Q13131|P98175_AEASSSQGT|0.0
Q13131|P98175_SSQGTAANS|0.0
Q13131|P98175_YTIMSPAVL|0.0
Q13131|P98175_SELQSPTHP|0.0
Q13131|P98175_PTHPSSALP|0.0
Q13131|P98175_THPSSALPP|0.0
Q13131|P98175_LPPATSPTA|0.001
Q13131|P98175_PPATSPTAQ|0.0
Q13131|P98175_ATSPTAQES|0.0
Q13131|P98175_ALEQSADGH|0.0
Q13131|P98175_GHKETGAPS|0.0
Q13131|P98175_TGAPSKEGK|0.0
Q13131|P98175_RWARSLNKQ|0.005
Q13131|P98175_ERRESATAD|0.0
Q13131|P98175_ADAGYAILE|0.0
Q13131|P98175_ERQHTSMDL|0.0
Q13131|P98175_RQHTSMDLP|0.0
Q13131|P98175_RREKYGIPE|0.0
Q13131|P98175_DGLGSDNIG|0.0
Q13131|P98175_GARGSSYGV|0.0
Q13131|P98175_ARGSSYGVT|0.417
Q13131|P98175_TSTESYKET|0.0
Q13131|P98175-2_RDHDYRDMD|0.0
Q13131|P98175-2_RDMDYRSYP|0.0
Q13131|P98175-2_YPREYGSQE|0.0
Q13131|P98175-2_REYGSQEGK|0.0
Q13131|P98175-2_GKHDYDDSS|0.0
Q13131|P98175-2_YDDSSEEQS|0.0
Q13131|P98175-2_SEEQSAEDS|0.0
Q13131|P98175-2_AEDSYEASP|0.0
Q13131|P98175-2_SYEASPGSE|0.0
Q13131|P98175-2_RHRHSPTGP|0.0
Q13131|P98175-2_RHSPTGPPG|0.0
Q13131|P98175-2_MRNKSSGQS|0.0
Q13131|P98175-2_SQALSQGSE|0.0
Q13131|P98175-2_ADAGYAILE|0.0
Q13131|P98175-2_PKLASDDRP|0.0
Q13131|P98175-2_DDRPSPPRG|0.0
Q13131|P98175-2_VAAYSGESD|0.0
Q13131|P98175-2_YSGESDSEE|0.0
Q13131|P98175-2_GESDSEEEQ|0.0
Q13131|P98175-2_HQQLSGLHK|0.0
Q13131|P98175-2_RAHLSENEL|0.0
Q13131|P98175-2_RREKYGIPE|0.0
Q13131|P98175-2_QGIVTPIEA|0.0
Q13131|P98175-2_ARGSSYGVT|0.0
Q13131|P98175-3_REYGSQEGK|0.0
Q13131|P98175-3_DYDDSSEEQ|0.0
Q13131|P98175-5__MSGSPSLT|0.0
Q13131|P98175-5_AEKVSVDAG|0.0
Q13131|P98175-5_GGGESLQEA|0.0
Q13131|P98175-5_LQEASPRLA|0.0
Q13131|P98175-5_ADHGSSSGG|0.0
Q13131|P98175-5_QDMEYERRG|0.0
Q13131|P98175-5_AEASSSQGT|0.0
Q13131|P98175-5_EASSSQGTA|0.0
Q13131|P98175-5_SSQGTAANS|0.0
Q13131|P57052_RQKQTSDSD|0.0
Q13131|Q9NTZ6_IVAGTMDIR|0.218
Q13131|Q9NTZ6_TIKGSKVTL|0.571
Q13131|Q9NTZ6_GSKVTLLLS|0.0
Q13131|Q9NTZ6_LSSKTEMQN|0.0
Q13131|Q9NTZ6_PPPSSGMSS|0.0
Q13131|Q9NTZ6_MIQRYVEVS|0.001
Q13131|Q9NTZ6_VSPATERQW|0.0
Q13131|Q9NTZ6_TLPRSKSPS|0.429
Q13131|Q8IXT5_EMQKTIEMK|0.255
Q13131|Q8IXT5_SGVDSLSNF|0.854
Q13131|Q8IXT5_AENPYLFLR|0.242
Q13131|Q8IXT5_CVDASGGLK|0.744
Q13131|Q8IXT5_NRTRYAFVM|0.457
Q13131|Q8IXT5_SLHKTVLQY|0.531
Q13131|Q8IXT5_TVLQYRPVH|0.036
Q13131|Q8IXT5_FIARYEKKR|0.018
Q13131|Q8IXT5_EKKRSGSLE|0.464
Q13131|Q8IXT5_VSQKYSQEG|0.0
Q13131|Q8IXT5_EDDIYLLYD|0.492
Q13131|Q8IXT5_IYLLYDDKG|0.38
Q13131|Q8IXT5_MQARSQSRE|0.847
Q13131|Q8IXT5_ARSQSRERG|0.799
Q13131|Q8IXT5_DPPIYSVGA|0.04
Q13131|Q8IXT5_DFRHSSEDF|0.233
Q13131|Q8IXT5_HFRRSREED|0.041
Q13131|Q8IXT5_EDFRSPQEE|0.545
Q13131|Q8IXT5_FRCPSDEDF|0.967
Q13131|Q8IXT5_EDFRSPPDD|0.547
Q13131|Q8IXT5_HNMGSFPEG|0.003
Q13131|Q8IXT5_INCGSGRVT|0.433
Q13131|Q8IXT5_SGRVTPIKI|0.676
Q13131|Q8IXT5_FFHGYRIIP|0.032
Q13131|Q9BXY0___MQSDDVI|0.0
Q13131|Q9BXY0_TKTQSFCRN|0.528
Q13131|Q9BXY0_CRNEYSLTG|0.0
Q13131|Q9BXY0_KGQCYLYMK|0.0
Q13131|Q9BXY0_ENLIYWPRF|0.0
Q13131|Q9BXY0_FTKITQYLI|0.0
Q13131|Q9BXY0_KITQYLIRI|0.0
Q13131|Q9BXY0_YGDIYNFPI|0.0
Q13131|Q9BXY0_KLDASSDED|0.0
Q13131|Q9BXY0_LDASSDEDQ|0.0
Q13131|Q9BXY0_QDGKSSSEE|0.0
Q13131|Q9BXY0_DGKSSSEEE|0.0
Q13131|Q9BXY0_GKSSSEEEE|0.0
Q13131|Q9BXY0_VEIEYEQET|0.0
Q13131|Q9BXY0_YEQETEPVA|0.0
Q13131|Q96PK6_AACTSQELR|0.001
Q13131|Q96PK6_VVKDYAFVH|0.887
Q13131|Q96PK6_NVELSTKGQ|0.226
Q13131|Q96PK6_SGDKTKKPG|0.0
Q13131|Q96PK6_VAPLTAQPA|0.0
Q13131|Q96PK6_AQPATYRAQ|0.021
Q13131|Q96PK6_QPATYRAQP|0.0
Q13131|Q96PK6_LGAAYRAQP|0.222
Q13131|Q96PK6_RAQPSASLG|0.929
Q13131|Q96PK6_VGYRTQPMT|0.354
Q13131|Q96PK6_TQPMTAQAA|0.002
Q13131|Q96PK6_QAASYRAQP|0.085
Q13131|Q96PK6_LGAPYRGQL|0.322
Q13131|Q96PK6_GQLASPSSQ|0.549
Q13131|Q96PK6_AASSYNTQG|0.513
Q13131|Q96PK6_ATGSYGAAA|0.311
Q13131|Q96PK6_APYRTQSSA|0.0
Q13131|Q96PK6_RTQSSASLA|0.891
Q13131|Q96PK6_LAASYAAQQ|0.0
Q13131|Q96PK6_QAAASYRGQ|0.0
Q13131|Q96PK6_PGNAYDGAG|0.0
Q13131|Q96PK6_AGQPSAAYL|0.0
Q13131|Q96PK6_PSAAYLSMS|0.018
Q13131|Q96PK6_TPPPYERTR|0.0
Q13131|Q96PK6_PYERTRLSP|0.716
Q13131|Q96PK6_YDDPYKKAV|0.0
Q13131|Q96PK6_LAELSDYRR|0.725
Q13131|Q96PK6_ELSDYRRLS|0.826
Q13131|Q96PK6_SPTKSSLDY|0.004
Q13131|Q96PK6_PTKSSLDYR|0.298
Q13131|Q96PK6_SSLDYRRLP|0.002
Q13131|Q96PK6_DYARYSGSY|0.0
Q13131|Q96PK6_RYSGSYNDY|0.809
Q13131|Q96PK6_YSGSYNDYL|0.005
Q13131|Q96PK6_SYNDYLRAA|0.001
Q13131|Q96PK6_MHSGYQRRM|0.567
Q13131|Q96T37_GRRVTQLRG|0.626
Q13131|Q96T37_GSGGSNGSS|0.438
Q13131|Q96T37_SNGSSSGKT|0.451
Q13131|Q96T37_HLDKSSSRG|0.761
Q13131|Q96T37_DKSSSRGGS|0.824
Q13131|Q96T37_GSREYDTGG|0.021
Q13131|Q96T37_TGGGSSSSR|0.583
Q13131|Q96T37_RLHSYSSPS|0.545
Q13131|Q96T37_YSSPSTKNS|0.44
Q13131|Q96T37_STKNSSGGG|0.447
Q13131|Q96T37_TKNSSGGGE|0.704
Q13131|Q96T37_ESRSSSRGG|0.93
Q13131|Q96T37_GGGESRSSG|0.449
Q13131|Q96T37_GESRSSGAA|0.684
Q13131|Q96T37_TLKISELGS|0.457
Q13131|Q96T37_GSQLSDEAV|0.967
Q13131|Q96T37_FGDVSVKIS|0.45
Q13131|Q96T37_SVKISHLSG|0.749
Q13131|Q96T37_SGSGSGDER|0.744
Q13131|Q96T37_IEAVYVSRR|0.462
Q13131|Q96T37_TYPPSASVV|0.44
Q13131|Q96T37_PPSASVVGA|0.542
Q13131|Q96T37_VVGASVGGH|0.662
Q13131|Q96T37_DYPFYERVR|0.404
Q13131|Q96T37_VRPAYSLEP|0.434
Q13131|Q96T37_RPAYSLEPR|0.777
Q13131|Q96T37_NLDITVTES|0.491
Q13131|Q96T37_QTSTYGFLK|0.497
Q13131|Q96T37_DRFGTIRTI|0.428
Q13131|Q96T37_YQQQYLQPL|0.474
Q13131|Q96T37_PLPLTHYEL|0.647
Q13131|Q96T37_PLTHYELVT|0.77
Q13131|Q96T37_YELVTDAFG|0.335
Q13131|Q96T37_DRDLYPDSD|0.454
Q13131|Q96T37_LYPDSDWVP|0.449
Q13131|Q96T37_TAATSVPAY|0.797
Q13131|Q96T37_SVPAYEPLD|0.626
Q13131|Q96T37_EPLDSLDRR|0.69
Q13131|Q96T37_DLPSSRDQP|0.448
Q13131|Q96T37_LPEESGGRH|0.447
Q13131|Q96T37_SRDRYNSDN|0.694
Q13131|Q96T37_DRYNSDNDR|0.952
Q13131|Q96T37_DNDRSSRLL|0.458
Q13131|Q96T37_NDRSSRLLL|0.454
Q13131|Q96T37_SLEKSQGDK|0.577
Q13131|Q96T37_DRKNSASAE|0.691
Q13131|Q96T37_RKHRTTAPT|0.994
Q13131|Q96T37_KHRTTAPTE|0.457
Q13131|Q96T37_QDGGTAPVA|0.52
Q13131|Q96T37_SSAASDTAT|0.839
Q13131|Q96T37_RNLVSYLKQ|0.928
Q13131|Q96T37_PCEFSQQFL|0.353
Q13131|Q8NDT2_SERDSSPSG|0.0
Q13131|Q8NDT2_AHKASGGAK|0.0
Q13131|Q8NDT2_DGRGTGDAN|0.0
Q13131|Q8NDT2_NHRASSGRS|0.237
Q13131|Q8NDT2_GGKASGDPG|0.001
Q13131|Q8NDT2_FGEISLRLS|0.0
Q13131|Q8NDT2_QLLLYDRPL|0.0
Q13131|Q8NDT2_SSRRSSSSS|0.637
Q13131|Q8NDT2_RRSSSSSAA|0.0
Q13131|Q8NDT2_SAAASTPPP|0.0
Q13131|Q8NDT2_DPLGYLPLH|0.0
Q13131|Q8NDT2_RALDYYGLY|0.0
Q13131|Q8NDT2_ALDYYGLYD|0.0
Q13131|Q8NDT2_AFEKYGIIE|0.0
Q13131|Q8NDT2_QGGAYAFLK|0.0
Q13131|Q8NDT2_KANPTTRLW|0.0
Q13131|Q8NDT2_ANPTTRLWV|0.0
Q13131|Q8NDT2_QYQPSPLPV|0.0
Q13131|Q8NDT2_LPVHYELLT|0.0
Q13131|Q8NDT2_LTDGYTRHR|0.007
Q13131|Q8NDT2_DRDRTFLEG|0.233
Q13131|Q8NDT2_EGDWTSPSK|0.192
Q13131|Q8NDT2_THSPYEERS|0.0
Q13131|Q8NDT2_ERSRTKGSG|0.0
Q13131|Q8NDT2_SGQQSERGS|0.0
Q13131|Q8NDT2_GSDRTPERS|0.0
Q13131|Q8NDT2_ENHSSEGTK|0.0
Q13131|Q8NDT2_SSSNSLSNS|0.0
Q13131|Q8NDT2_SNSLSNSRH|0.0
Q13131|Q8NDT2_SLSNSRHGA|0.124
Q13131|Q8NDT2_KARDSERNH|0.0
Q13131|Q8NDT2_RNLVSYLKQ|0.578
Q13131|Q8NDT2_IVRDTA___|0.0
Q13131|Q9UPN6_NSELYSLND|0.767
Q13131|Q9UPN6_SLNDYKPPI|0.0
Q13131|Q9UPN6_KPPISKAKM|0.0
Q13131|Q9UPN6_KRKSSRSYS|0.623
Q13131|Q9UPN6_KSSRSYSSE|0.645
Q13131|Q9UPN6_LSSGSYKIG|0.0
Q13131|Q9UPN6_PVKETVQTT|0.437
Q13131|Q9UPN6_HQISSGENT|0.0
Q13131|Q9UPN6_RVFDYFEGA|0.025
Q13131|Q9UPN6_DPELYEKLT|0.78
Q13131|Q96I25_KLLQSQLQV|0.585
Q13131|Q96I25_DPVPSGFSA|0.008
Q13131|Q96I25_EDEDYERER|0.054
Q13131|Q96I25_APPTSLVEK|0.004
Q13131|Q96I25_RDFPYEEDS|0.006
Q13131|Q96I25_YEEDSRPRS|0.039
Q13131|Q96I25_PPPVYEEQD|0.009
Q13131|Q96I25_LKCPTKVVL|0.257
Q13131|Q96H35_PSSSTEPTQ|0.0
Q13131|Q96H35_STEPTQSNL|0.0
Q13131|Q96H35_EPTQSNLSV|0.0
Q13131|Q96H35_PDAEYPAAP|0.0
Q13131|Q96H35_AAPVYSYFK|0.0
Q13131|Q96H35_APVYSYFKP|0.0
Q13131|Q9Y4C8_KDSTTPEIK|0.005
Q13131|Q9Y4C8_QKELSDMDY|0.199
Q13131|Q9Y4C8_EEEESEDEA|0.002
Q13131|Q9Y4C8_CDEGSEAEE|0.0
Q13131|Q9Y4C8_CNREYMGGR|0.0
Q13131|Q9Y4C8_LFSKYGPLS|0.709
Q13131|Q9Y4C8_SELHYPIDS|0.485
Q13131|Q9Y4C8_VLPSTIKKE|0.542
Q13131|Q9Y4C8_KKEASEDAS|0.529
Q13131|Q9Y4C8_SEDASALGS|0.824
Q13131|Q9Y4C8_ALGETQLVQ|0.488
Q13131|Q9Y4C8_KLQDTPSEP|0.006
Q13131|Q9Y4C8_QDTPSEPME|0.137
Q13131|Q9Y4C8_PDGETPEDE|0.009
Q13131|Q9Y4C8_LNFDTTEEK|0.0
Q13131|Q9Y4C8_SERATKPAV|0.001
Q13131|Q9Y4C8_KPAVTLARK|0.437
Q13131|Q9Y4C8_FQAHSREIR|0.619
Q13131|Q9Y4C8_TGTGTHRGF|0.016
Q13131|Q5T481_GARASPAPS|0.0
Q13131|Q5T481_TSDRTPPSF|0.0
Q13131|Q5T481_RTPPSFGGR|0.0
Q13131|Q5T481_MVQYYQEKS|0.001
Q13131|Q5T481_MSKRYKELQ|0.555
Q13131|Q5T481_PRSRSPVSR|0.001
Q13131|Q5T481_PVSRSLSPR|0.088
Q13131|Q5T481_SRSLSPRSH|0.0
Q13131|Q5T481_PRSHTPSFT|0.0
Q13131|Q5T481_KYPRSGSPN|0.107
Q13131|Q5T481_KTKRTDRDQ|0.0
Q13131|Q5T481_RKENTMAEN|0.0
Q13131|Q5T481_GMEESPQSV|0.0
Q13131|Q5T481_SLEDSDCYE|0.023
Q13131|Q5T481_QQMSSPKPA|0.0
Q13131|Q5T481_QEVLTPENS|0.0
Q13131|Q5T481_VEMKSLEVR|0.031
Q13131|Q5T481_SPEYTEVEL|0.0
Q13131|Q5T481_RTGFYCKLC|0.0
Q13131|Q9H6E5_SDVESLPRG|0.0
Q13131|Q9H6E5_KEFQSPASK|0.014
Q13131|Q9H6E5_PASKSPKGA|0.327
Q13131|Q9H6E5_LPPASPLLE|0.0
Q13131|Q9H6E5_ELAETPKEE|0.759
Q13131|Q9H6E5_CHRPSGLHG|0.001
Q13131|Q9H6E5_GRGLSGSGP|0.004
Q13131|Q9H6E5_KRTRSEGGG|0.718
Q13131|Q9H6E5_EGGGTGESS|0.001
Q13131|Q9H6E5_GTGESSQGG|0.004
Q13131|Q9H6E5_TGESSQGGT|0.0
Q13131|Q9H6E5_QGGTSKRLK|0.553
Q13131|Q9NW64_GENPYIRMT|0.391
Q13131|Q9NW64_LDLEYGLPI|0.093
Q13131|Q9NW64_VNKEYYTQN|0.0
Q13131|Q9NW64_NKEYYTQNM|0.0
Q13131|Q9NW64_KEYYTQNME|0.072
Q13131|Q9NW64_GKATSTSDM|0.125
Q13131|Q9NW64_RTTPYYKRN|0.446
Q13131|Q9NW64_TTPYYKRNR|0.014
Q13131|Q9NW64_IKDRYYGIN|0.009
Q13131|Q9NW64_KRASTMPRL|0.0
Q13131|Q9NW64_IHYPSQDPQ|0.0
Q13131|Q9NW64_GKHSSP___|0.0
Q13131|Q86U06_DRKRSRSRD|0.592
Q13131|Q86U06_KRSRSRDRD|0.718
Q13131|Q86U06_HGSESRSRD|0.0
Q13131|Q86U06_DRVHYRSPP|0.555
Q13131|Q86U06_PPLATGYRY|0.153
Q13131|Q86U06_RYGHSKSPH|0.011
Q13131|Q86U06_GHSKSPHFR|0.0
Q13131|Q86U06_VDNLSPEER|0.0
Q13131|Q86U06_RDARTVFCM|0.452
Q13131|Q86U06_VRIISDRNS|0.536
Q13131|Q86U06_CEIQSVPLA|0.0
Q13131|Q86U06_IVQASQAEK|0.0
Q13131|Q86U06-2_VKKDYPSNT|0.0
Q13131|Q86U06-2_KDYPSNTTS|0.0
Q13131|Q86U06-2_SNTTSSTSN|0.0
Q13131|Q86U06-2_GNETSGSST|0.0
Q13131|Q86U06-2_ETSGSSTIG|0.0
Q13131|Q86U06-2_TSGSSTIGE|0.0
Q13131|Q86U06-2_TSNRSRDRD|0.0
Q13131|Q86U06-2_VRIISDRNS|0.0
Q13131|Q86U06-2_CEIQSVPLA|0.0
Q13131|Q86U06-4_VKKDYPSNT|0.0
Q13131|Q86U06-4_KDYPSNTTS|0.0
Q13131|Q86U06-4_GNETSGSST|0.0
Q13131|Q86U06-4_TSNRSRDRD|0.0
Q13131|Q86U06-4_VHYRSPPLA|0.0
Q13131|Q9BX46_VNLAYLGAK|0.436
Q13131|Q9BX46_PYAASPAAA|0.427
Q13131|P49756_KKKASNGNA|0.0
Q13131|P49756_ARPETVTND|0.0
Q13131|P49756_PETVTNDDE|0.0
Q13131|P49756_LDEETKRRD|0.0
Q13131|P49756_LIREYSSEL|0.0
Q13131|P49756_IREYSSELN|0.0
Q13131|P49756_REYSSELNA|0.0
Q13131|P49756_PLIPYPLIT|0.0
Q13131|P49756_DRDRTKERD|0.0
Q13131|P49756_DRERSSDRN|0.596
Q13131|P49756_NKDRSRSRE|0.458
Q13131|P49756_DRSRSREKS|0.0
Q13131|P49756_EEDAYERRK|0.589
Q13131|P49756_KEAAYQERL|0.002
Q13131|P49756_KIGLSLKLG|0.233
Q13131|P49756_VPLDYGEDD|0.0
Q13131|P49756_ATKGTVNTE|0.0
Q13131|P49756_RLLIYETEA|0.0
Q13131|Q5T8P6___MVSKMII|0.0
Q13131|Q5T8P6_EALKSWLSK|0.0
Q13131|Q5T8P6_KSWLSKTLE|0.0
Q13131|Q5T8P6_DADPSALAK|0.0
Q13131|Q5T8P6_EKKFSRRLN|0.0
Q13131|Q5T8P6_SPPQSSSRY|0.0
Q13131|Q5T8P6_PPQSSSRYR|0.0
Q13131|Q5T8P6_PQSSSRYRE|0.0
Q13131|Q5T8P6_RKRDYDRNP|0.0
Q13131|Q5T8P6_RRGRSRSYS|0.0
Q13131|Q5T8P6_GRSRSYSRS|0.0
Q13131|Q5T8P6_SRSYSRSRS|0.0
Q13131|Q5T8P6_SYSRSRSRS|0.111
Q13131|Q5T8P6_SRSWSKERL|0.0
Q13131|Q5T8P6_IVVDSESRK|0.659
Q13131|Q5T8P6_NFNRTNSPG|0.0
Q13131|Q5T8P6_AISSTEAVL|0.0
Q13131|Q5T8P6_FIKVYWHRE|0.0
Q13131|Q5T8P6_HREGSTQQL|0.0
Q13131|Q5T8P6_REGSTQQLQ|0.0
Q13131|Q5T8P6_VVKQSVKER|0.0
Q13131|Q5T8P6_VKAASPGRC|0.0
Q13131|Q5T8P6_IKTKTQMQK|0.0
Q13131|Q5T8P6_ELLDTELDL|0.0
Q13131|Q5T8P6_ELDLYKKMQ|0.0
Q13131|Q5T8P6_LRRKYTELQ|0.0
Q13131|Q5T8P6-3_QQLQTTSPK|0.0
Q13131|Q9P2N5_KLFESLYTK|0.0
Q13131|Q9P2N5_YTKNYLPLL|0.0
Q13131|Q9P2N5_RKKKYPSPQ|0.0
Q13131|Q9P2N5_KKYPSPQKT|0.0
Q13131|Q9P2N5_SPQKTRSES|0.0
Q13131|Q9P2N5_TRSESSERR|0.0
Q13131|Q9P2N5_KWRDYDRYY|0.0
Q13131|Q9P2N5_YDRYYERNE|0.0
Q13131|Q9P2N5_SRGRSKDRD|0.0
Q13131|Q9P2N5_PITQSSLIN|0.0
Q13131|Q9P2N5_GYHTSVSSP|0.0
Q13131|Q9P2N5_HTSVSSPTP|0.0
Q13131|Q9P2N5_TSVSSPTPL|0.0
Q13131|Q9P2N5_VSSPTPLVP|0.0
Q13131|Q9P2N5_SRTQTQRPN|0.0
Q13131|Q9P2N5_KRAMSGLEG|0.653
Q13131|Q9P2N5_IQYLTNEEA|0.0
Q13131|Q9P2N5_AISSTEAVL|0.0
Q13131|Q9P2N5_TSGAYVLNK|0.0
Q13131|Q9P2N5_QSDASHLLN|0.0
Q13131|Q9P2N5_LLNQSGGAG|0.001
Q13131|Q9P2N5_QIFSTPGHP|0.0
Q13131|Q9P2N5_PKMIYSSSN|0.0
Q13131|Q9P2N5_KMIYSSSNL|0.0
Q13131|Q9P2N5_MIYSSSNLK|0.0
Q13131|Q9P2N5_IYSSSNLKT|0.0
Q13131|Q9P2N5_SNLKTPSKL|0.0
Q13131|Q9P2N5_LKTPSKLCS|0.0
Q13131|Q9P2N5_SKLCSGSKS|0.0
Q13131|Q9P2N5_ELKTSSAVS|0.0
Q13131|Q9P2N5_SSAVSTPSK|0.0
Q13131|Q9P2N5_KRLSSGEDT|0.0
Q13131|Q9P2N5_RKKLSQLQV|0.001
Q13131|Q9P2N5_EETETSDLF|0.0
Q13131|Q9P2N5_DEDEYESRS|0.0
Q13131|Q9NW13_KNENSECPK|0.0
Q13131|Q9NW13_KYKDTQSVS|0.596
Q13131|Q9NW13_KDTQSVSAI|0.617
Q13131|Q9NW13_RKLPSDVNE|0.0
Q13131|Q9NW13_IRNLSFDSE|0.692
Q13131|Q9NW13_LSFDSEEEE|0.0
Q13131|Q9NW13_AEGVSAADM|0.001
Q13131|Q9NW13_RKAGSTSWT|0.783
Q13131|Q9NW13_AGSTSWTGF|0.0
Q13131|Q9NW13_KQQLSSEQV|0.59
Q13131|Q9NW13_QQLSSEQVS|0.952
Q13131|Q9NW13_LLGPSKGAP|0.0
Q13131|Q9NW13_KWFDS____|0.0
Q13131|P98179____MSSEEG|0.374
Q13131|P98179___MSSEEGK|0.0
Q13131|P98179_PEHASVAMR|0.094
Q13131|P98179_MNGESLDGR|0.552
Q13131|P98179_RGRSYSRGG|0.0
Q13131|P98179_GDQGYGSGR|0.294
Q13131|P98179_RYYDSRPGG|0.568
Q13131|P98179_RPGGYGYGY|0.006
Q13131|P98179_GYGRSRDYN|0.244
Q13131|P98179_RSRDYNGRN|0.493
Q13131|P98179_NQGGYDRYS|0.565
Q13131|P98179_SGGNYRDNY|0.538
Q13131|Q9BQ04_IIKNYGFVH|0.927
Q13131|Q9BQ04_NVEASKNKS|0.468
Q13131|Q9BQ04_KFEEYGPVI|0.025
Q13131|Q9BQ04_IVKDYAFVH|0.539
Q13131|Q9BQ04_MGDQSGCYR|0.0
Q13131|Q9BQ04_FTEQYNEQY|0.0
Q13131|Q9BQ04_YNEQYGAVR|0.637
Q13131|Q9BQ04_YTMGYGESM|0.279
Q13131|Q9BQ04_GYGESMYYN|0.001
Q13131|Q9BQ04_GESMYYNDA|0.0
Q13131|Q9BQ04_YNDAYGALD|0.268
Q13131|Q9BQ04_ATRNSLYDM|0.519
Q13131|Q9BQ04_RNSLYDMAR|0.683
Q13131|Q9BQ04_EREQYVDRA|0.016
Q13131|Q9BQ04_DRARYSAF_|0.001
Q13131|Q96EV2_ALGASGGAG|0.534
Q13131|Q96EV2_GAERSWRRR|0.0
Q13131|Q96EV2_EDLLSGKKN|0.0
Q13131|Q96EV2_EEGQYEGHE|0.003
Q13131|Q96EV2_TLELSAEAK|0.001
Q13131|Q96EV2_ALLPTQPPV|0.0
Q13131|Q96EV2_RMMMTPPPV|0.003
Q13131|Q96EV2_LEQRSPPPP|0.0
Q13131|Q96EV2_HPVPTQSPL|0.104
Q13131|Q96EV2_VPTQSPLPF|0.0
Q13131|Q96EV2_EMSSSRCSA|0.0
Q13131|Q96EV2_RCSATPSAQ|0.0
Q13131|Q96EV2_SATPSAQVK|0.003
Q13131|Q96EV2_KPIVSASPP|0.232
Q13131|Q96EV2_GSRSSQGKT|0.739
Q13131|Q96EV2_SQGKTEVKV|0.41
Q13131|Q96EV2_EEAKTETEF|0.0
Q13131|Q96EV2_QQQLYAPPP|0.0
Q13131|Q96EV2_EQALSPSPT|0.003
Q13131|Q96EV2_AVPQTPRVA|0.138
Q13131|Q96EV2_RPQDTKPGV|0.0
Q13131|Q96EV2_KRTVTHRTN|0.003
Q13131|Q96EV2_HRTNSGGGD|0.716
Q13131|Q96EV2_GPHISSKVR|0.001
Q13131|Q96EV2_PHISSKVRV|0.0
Q13131|Q96EV2_PHAHSPVPP|0.0
Q13131|P42696_PPEDYRLGQ|0.0
Q13131|P42696_ASLFSSLEP|0.038
Q13131|P42696_IQPVYVPVP|0.41
Q13131|P42696_KRKNSQPGV|0.235
Q13131|P42696_DTVVSQRKK|0.835
Q13131|P42696_NLPVTCNKK|0.768
Q13131|P42696_KKLKSFFKE|0.0
Q13131|P42696_VRFRSLIPA|0.375
Q13131|P42696_PAEGTLSKK|0.322
Q13131|P42696_NINAYVVFK|0.509
Q13131|P42696_GNLPYKVEE|0.452
Q13131|Q6NXG1_IDDNTVVRA|0.426
Q13131|Q6NXG1_PWQSSDQDI|0.974
Q13131|Q6NXG1_YIEVYKATG|0.438
Q13131|Q6NXG1_IPLPTPPII|0.432
Q13131|Q6NXG1_RNGLSPPPC|0.621
Q13131|Q6NXG1_AVIPTEAAI|0.366
Q13131|Q6NXG1_EAAIYQPSV|0.406
Q13131|Q6NXG1_IYQPSVILN|0.91
Q13131|Q6NXG1-3_RNGLSPPPC|0.0
Q13131|Q9H6T0____MTPPPP|0.0
Q13131|Q9H6T0_ARDLTVATM|0.191
Q13131|Q9H6T0_LTVATMAQG|0.471
Q13131|Q9H6T0_MGVRYIEVY|0.437
Q13131|Q9H6T0_ARFLSREDQ|0.566
Q13131|Q9H6T0_LAPGTGRDC|0.479
Q13131|Q9H6T0_MKERYVEVV|0.009
Q13131|Q9H6T0_VPCSTEEMS|0.0
Q13131|Q9H6T0_GVPYTAGMK|0.398
Q13131|Q9H6T0_DPPRTVLQA|0.035
Q13131|Q9H0Z9_VNLAYLGAK|0.455
Q13131|Q9BWF3_IIKNYGFVH|0.996
Q13131|Q9BWF3_KFEEYGPVI|0.433
Q13131|Q9BWF3_IVKDYAFVH|0.676
Q13131|Q9BWF3_MGDQSGCYR|0.464
Q13131|Q9BWF3_VRTPYTMSY|0.382
Q13131|Q9BWF3_YTMSYGDSL|0.002
Q13131|Q9BWF3_SYGDSLYYN|0.138
Q13131|Q9BWF3_GDSLYYNNA|0.001
Q13131|Q9BWF3_DSLYYNNAY|0.489
Q13131|Q9BWF3_YNNAYGALD|0.48
Q13131|Q9BWF3_ALDAYYKRC|0.561
Q13131|Q9BWF3_LDAYYKRCR|0.91
Q13131|Q9BWF3_SLDPYDRHL|0.514
Q13131|Q9BWF3_TAASTSYYG|0.139
Q13131|Q9BWF3_ASTSYYGRD|0.403
Q13131|Q9BWF3_VGEGYGYGH|0.41
Q13131|Q9BWF3_EGYGYGHES|0.414
Q13131|Q9BWF3_YGHESELSQ|0.595
Q13131|Q9BWF3_ESELSQASA|0.783
Q13131|Q9BWF3_LSQASAAAR|0.902
Q13131|Q9BWF3_AARNSLYDM|0.335
Q13131|Q9BWF3_RNSLYDMAR|0.91
Q13131|Q9BWF3_DMARYEREQ|0.423
Q13131|Q9BWF3_EREQYADRA|0.976
Q13131|Q9BWF3_DRARYSAF_|0.443
Q13131|Q96IZ5_KRVNSCVKS|0.64
Q13131|Q96IZ5_VIDFSPEQC|0.641
Q13131|Q96IZ5_MFSSYNPGE|0.574
Q13131|Q9BTD8_RDKRTGKTK|0.554
Q13131|Q9BTD8_KTKGYGFVS|0.432
Q13131|Q9BTD8_MNGKYVGSR|0.529
Q13131|Q6ZSC3_KKIPSLSFS|0.0
Q13131|Q6ZSC3_NLQRSNNSL|0.0
Q13131|Q6ZSC3_RSNNSLASV|0.0
Q13131|Q6ZSC3_ETARSGEML|0.0
Q13131|Q6ZSC3_LRKETFILE|0.0
Q13131|Q6ZP01_FLNKTYSIP|0.386
Q13131|Q6ZP01_LNKTYSIPY|0.0
Q13131|Q6ZP01_NKTYSIPYS|0.0
Q13131|Q6ZP01_PYSESKLKK|0.0
Q13131|Q6ZP01_SNHLSFDQT|0.0
Q13131|Q6ZP01_SFDQTKALD|0.0
Q13131|Q6ZP01_NRVNSGSGS|0.053
Q13131|Q6ZP01_VNSGSGSII|0.306
Q13131|Q6ZP01_GSIISFDSL|0.0
Q13131|Q6ZP01_EKQKSVACS|0.322
Q13131|Q6ZP01_SVACSTDWS|0.0
Q13131|Q6ZP01_VACSTDWSY|0.0
Q13131|Q6ZP01_STDWSYSED|0.0
Q13131|A0AV96_LMERTGYSM|0.572
Q13131|A0AV96_ERTGYSMVQ|0.0
Q13131|A0AV96_RTGYSMVQE|0.047
Q13131|A0AV96_GQRKYGGPP|0.0
Q13131|A0AV96_AFVEYESHR|0.001
Q13131|A0AV96_KIRDYAFVH|0.0
Q13131|A0AV96_GPRGSYLGG|0.0
Q13131|A0AV96_IPTVSTPPP|0.0
Q13131|A0AV96_ITPVYTVAP|0.0
Q13131|A0AV96_QRIPTAGIY|0.0
Q13131|A0AV96_IYGASYVPF|0.0
Q13131|A0AV96_YGASYVPFA|0.001
Q13131|A0AV96_ATIATLQKN|0.0
Q13131|Q5RL73__MASSGGEL|0.445
Q13131|Q5RL73_LESQYLLIQ|0.0
Q13131|Q5RL73_MRKAYVVKT|0.475
Q13131|Q5RL73_NKDHYVTKK|0.011
Q13131|Q5RL73_NHNDSLRKT|0.113
Q13131|P52756_RSGRYGSII|0.085
Q13131|P52756_RRRDSDYKR|0.112
Q13131|P52756_RGDRYDDYR|0.0
Q13131|P52756_RYDDYRDYD|0.0
Q13131|P52756_DYRDYDSPE|0.0
Q13131|P52756_SDGDYGEHD|0.006
Q13131|P52756_TITESDIRE|0.0
Q13131|P52756_IAPHTVVDS|0.0
Q13131|P52756_DSIMTALSP|0.01
Q13131|P52756_MTALSPYAS|0.002
Q13131|P52756_ALSPYASLA|0.0
Q13131|P52756_SPYASLAVN|0.0
Q13131|P52756_ERRESAAAD|0.147
Q13131|P52756_GTVNYEQPT|0.001
Q13131|P52756_CQGITAPIE|0.0
Q13131|P52756_GAKGSAYGL|0.372
Q13131|P52756_KGSAYGLSG|0.143
Q13131|P52756_AYGLSGADS|0.0
Q13131|P52756_FARFTEME_|0.0
Q13131|P78332_QERHSGNFP|0.941
Q13131|P78332_SRDSSQLDF|0.897
Q13131|P78332_RDIHSGDFR|0.792
Q13131|P78332_GGDGTSMDY|0.001
Q13131|P78332_GRDLSDLDF|0.291
Q13131|P78332_RDRDTPHSD|0.004
Q13131|P78332_DTPHSDFRG|0.714
Q13131|P78332_GRHRSRTDQ|0.337
Q13131|P78332_FEHESPADF|0.502
Q13131|P78332_DQDKSQLSG|0.354
Q13131|P78332_KSQLSGREE|0.594
Q13131|P78332_GRQDTDYRS|0.032
Q13131|P78332_QDTDYRSME|0.596
Q13131|P78332_TDYRSMEYR|0.0
Q13131|P78332_RSMEYRDVD|0.613
Q13131|P78332_LIRLSGVPE|0.913
Q13131|P78332_PEDATKEEI|0.0
Q13131|P78332_GGHRSSCSF|0.94
Q13131|P78332_GHRSSCSFC|0.741
Q13131|P78332_RSSCSFCKN|0.013
Q13131|P78332_MGHTYGFID|0.002
Q13131|P78332_RRNDSGDHS|0.901
Q13131|P78332_SGDHSDHMH|0.007
Q13131|P78332_EKKPTSQGK|0.009
Q13131|P78332_KKPTSQGKS|0.041
Q13131|P78332_LLGEYGGDS|0.0
Q13131|P78332_GDSDYEEEE|0.393
Q13131|P78332_HQQLSDLHK|0.02
Q13131|P78332_RETDSDRKL|0.785
Q13131|P78332_EDIDTSSKG|0.026
Q13131|P78332_DIDTSSKGG|0.0
Q13131|P78332_IDTSSKGGC|0.283
Q13131|P78332_VQQATGWRK|0.54
Q13131|Q9Y580_SSPTSTSPS|0.433
Q13131|Q9Y580_SPTSTSPSR|0.466
Q13131|Q9Y580_DNMTSSAQI|0.784
Q13131|Q9Y580_AVMNSALRQ|0.992
Q13131|Q9Y580_LRQMSYGGK|0.807
Q13131|Q9Y580_KFGSSPLDQ|0.653
Q13131|Q9Y580_PLDQSGFSP|0.829
Q13131|Q9Y580_QSGFSPSVQ|0.48
Q13131|Q9Y580_VQSHSHSFN|0.679
Q13131|Q9Y580_SHSHSFNQS|0.883
Q13131|Q9Y580_RMNSYPYLA|0.566
Q13131|Q9Y5S9_YLKGYTLVE|0.811
Q13131|Q9Y5S9_TLVEYETYK|0.447
Q13131|Q9Y5S9_VEYETYKEA|0.14
Q13131|Q9Y5S9-2_RGFGSEGSR|0.0
Q13131|Q9Y5S9-2_GSEGSRARM|0.0
Q13131|Q9Y5S9-2_EDYDSVEQD|0.0
Q13131|O43251_DGQQSQTQS|0.0
Q13131|O43251_ESKSTPKRL|0.0
Q13131|O43251_VASLYRGGY|0.196
Q13131|O43251-10_NQEPTTTPD|0.0
Q13131|O43251-10_QPFTTIPFP|0.0
Q13131|O43251-6_MKRESELEL|0.0
Q13131|O43251-6_NEPLTPGYH|0.0
Q13131|O43251-6_LTPGYHGFP|0.0
Q13131|P29558_KQQMYPQYA|0.0
Q13131|P29558_MYPQYATYY|0.0
Q13131|P29558_PQYATYYYP|0.0
Q13131|P29558_QYATYYYPQ|0.0
Q13131|P29558_YATYYYPQY|0.0
Q13131|P29558_QAKQSLVPA|0.0
Q13131|P29558_PSTTSSNNN|0.0
Q13131|P29558_LCQPYGKIV|0.0
Q13131|P29558_ILDKTTNKC|0.0
Q13131|P29558_LDKTTNKCK|0.0
Q13131|P29558_KCKGYGFVD|0.0
Q13131|P29558_ARMESTEKC|0.0
Q13131|P29558_PPGVSAPTE|0.0
Q13131|P29558_GFYPSPYSI|0.0
Q13131|P29558_SNDHSPYTF|0.0
Q13131|P29558_DHSPYTFQP|0.0
Q13131|P29558_HSPYTFQPN|0.0
Q13131|Q15434_MAPPSPSNS|0.027
Q13131|Q15434_PPSPSNSTP|0.0
Q13131|Q15434_SPSNSTPNS|0.001
Q13131|Q15434_PSNSTPNSS|0.0
Q13131|Q15434_TPNSSSGSN|0.003
Q13131|Q15434_QLSKTNLYI|0.0
Q13131|Q15434_LQPGTTDQD|0.0
Q13131|Q15434_QPGTTDQDL|0.0
Q13131|Q15434_LCQPYGKIV|0.172
Q13131|Q15434_ILDKTTNKC|0.007
Q13131|Q15434_LDKTTNKCK|0.124
Q13131|Q15434_FDSPSAAQK|0.0
Q13131|Q15434_ARMESTEKC|0.04
Q13131|Q15434_FNGKYIKTP|0.0
Q13131|Q15434_KYIKTPPGV|0.2
Q13131|Q15434_SPYLSSPVS|0.484
Q13131|Q15434_SPVSSYQRV|0.0
Q13131|Q15434_EHGVYSFQF|0.045
Q13131|Q6XE24_QPQMYPQYT|0.0
Q13131|Q6XE24_MYPQYTYYY|0.0
Q13131|Q6XE24_YYPHYLQTK|0.0
Q13131|Q6XE24_LCQPYGKIV|0.033
Q13131|Q6XE24_QCKGYGFVD|0.0
Q13131|Q6XE24_ARMESTEKC|0.001
Q13131|Q6XE24_GFYSSPYSI|0.0
Q13131|P38159_GGLNTETNE|0.544
Q13131|P38159_FAFVTFESP|0.585
Q13131|P38159_MNGKSLDGK|0.61
Q13131|P38159_VEQATKPSF|0.85
Q13131|P38159_PPPRSRGPP|0.444
Q13131|P38159_GRGGSGGTR|0.919
Q13131|P38159_RGPPSRGGH|0.897
Q13131|P38159_DDGGYSMNF|0.557
Q13131|P38159_DGGYSMNFN|0.435
Q13131|P38159_FNMSSSRGP|0.635
Q13131|P38159_NMSSSRGPL|0.626
Q13131|P38159_PPPRSGGPP|0.43
Q13131|P38159_RSAPSGPVR|0.427
Q13131|P38159_GRDSYGGPP|0.478
Q13131|P38159_RRDVYLSPR|0.855
Q13131|P38159_RDDGYSTKD|0.465
Q13131|P38159_STKDSYSSR|0.961
Q13131|P38159_TKDSYSSRD|0.411
Q13131|P38159_KDSYSSRDY|0.864
Q13131|P38159_DSYSSRDYP|0.915
Q13131|P38159_SSRDYPSSR|0.675
Q13131|P38159_SSRDTRDYA|0.52
Q13131|P38159_DTRDYAPPP|0.429
Q13131|P38159_PPRDYTYRD|0.448
Q13131|P38159_PRDYTYRDY|0.437
Q13131|P38159_RDYTYRDYG|0.47
Q13131|P38159_DYGHSSSRD|0.838
Q13131|P38159_YGHSSSRDD|0.641
Q13131|P38159_SRDDYPSRG|0.438
Q13131|P38159_DDYPSRGYS|0.394
Q13131|P38159_PSRGYSDRD|0.412
Q13131|P38159_DRDGYGRDR|0.448
Q13131|P38159_RDRDYSDHP|0.804
Q13131|P38159_DRDYSDHPS|0.946
Q13131|P38159_SGGSYRDSY|0.711
Q13131|P38159_SYRDSYESY|0.973
Q13131|P38159_YRDSYESYG|0.743
Q13131|P38159_DSYESYGNS|0.862
Q13131|P38159_SYESYGNSR|0.504
Q13131|P38159_SYGNSRSAP|0.887
Q13131|P38159_GNSRSAPPT|0.965
Q13131|P38159_PPPSYGGSS|0.445
Q13131|P38159_SYGGSSRYD|0.722
Q13131|P38159_YGGSSRYDD|0.935
Q13131|P38159_GSSRYDDYS|0.455
Q13131|P38159_RYDDYSSSR|0.705
Q13131|P38159_YDDYSSSRD|0.759
Q13131|P38159_DYSSSRDGY|0.745
Q13131|P38159_GYGGSRDSY|0.94
Q13131|P38159_RSDLYSSGR|0.447
Q13131|P38159_SDLYSSGRD|0.878
Q13131|P38159_MERGYPPPR|0.539
Q13131|P38159_GRGGSRSDR|0.702
Q13131|Q9Y388_APKDSEEID|0.0
Q13131|Q9Y388_CGARTPSPS|0.0
Q13131|Q9Y388_ARTPSPSLS|0.0
Q13131|Q9Y388_TPSPSLSES|0.0
Q13131|Q9Y388_SLSESSEDE|0.0
Q13131|Q9Y388_LSESSEDEK|0.0
Q13131|Q9Y388_RGRSSDAHS|0.352
Q13131|Q9Y388_DAHSSWYNG|0.0
Q13131|Q9Y388_HSSWYNGRS|0.001
Q13131|Q9Y388_RARRSRERE|0.0
Q13131|Q9Y388_RERESSNPS|0.0
Q13131|Q96E39_GGLNTETNE|0.513
Q13131|Q96E39_FAFVTFESP|0.53
Q13131|Q96E39_VTFESPADA|0.714
Q13131|Q96E39_MNGKSLDGK|0.558
Q13131|Q96E39_PPPRSRGPP|0.454
Q13131|Q96E39_GRGGSGGTR|0.847
Q13131|Q96E39_RGPPSRGGH|0.806
Q13131|Q96E39_DDGGYSMNF|0.525
Q13131|Q96E39_DGGYSMNFN|0.416
Q13131|Q96E39_NFNMSSSRG|0.538
Q13131|Q96E39_FNMSSSRGP|0.58
Q13131|Q96E39_NMSSSRGPL|0.572
Q13131|Q96E39_VRSSSGMGG|0.893
Q13131|Q96E39_RGRDSYGGP|0.708
Q13131|Q96E39_GRDSYGGPP|0.467
Q13131|Q96E39_RDDGYSTKD|0.456
Q13131|Q96E39_DDGYSTKDS|0.451
Q13131|Q96E39_DGYSTKDSY|0.763
Q13131|Q96E39_STKDSYSSR|0.889
Q13131|Q96E39_TKDSYSSRD|0.427
Q13131|Q96E39_KDSYSSRDY|0.758
Q13131|Q96E39_DSYSSRDYP|0.824
Q13131|Q96E39_SSRDYPSSR|0.611
Q13131|Q96E39_SSRDTRDYA|0.496
Q13131|Q96E39_DTRDYAPPP|0.442
Q13131|Q96E39_PPRDYTYRD|0.439
Q13131|Q96E39_PRDYTYRDY|0.451
Q13131|Q96E39_RDYTYRDYG|0.462
Q13131|Q96E39_TYRDYGHSS|0.716
Q13131|Q96E39_DYGHSSSRD|0.739
Q13131|Q96E39_YGHSSSRDD|0.573
Q13131|Q96E39_GHSSSRDDY|0.91
Q13131|Q96E39_SRDDYPSRG|0.451
Q13131|Q96E39_DDYPSRGYG|0.474
Q13131|Q96E39_PSGGSYRDS|0.577
Q13131|Q96E39_SGGSYRDSY|0.635
Q13131|Q96E39_SYRDSYESY|0.922
Q13131|Q96E39_YRDSYESYG|0.667
Q13131|Q96E39_GPPPSYGGS|0.625
Q13131|Q96E39_PPPSYGGSS|0.454
Q13131|Q96E39_SYGGSSRYD|0.648
Q13131|Q96E39_YGGSSRYDD|0.853
Q13131|Q96E39_GSSRYDDYS|0.458
Q13131|Q96E39_RYDDYSSSR|0.627
Q13131|Q96E39_YDDYSSSRD|0.666
Q13131|Q96E39_DDYSSSRDG|0.706
Q13131|Q96E39_DYSSSRDGY|0.657
Q13131|Q96E39_SRDGYGGSR|0.506
Q13131|Q96E39_GYGGSRDSY|0.87
Q13131|Q96E39_SRDSYSSSR|0.425
Q13131|Q96E39_RDSYSSSRS|0.602
Q13131|Q96E39_SSSRSDLYS|0.939
Q13131|Q96E39_RSDLYSSCD|0.548
Q13131|Q96E39_DLYSSCDRV|0.93
Q13131|Q96E39_GLPPSVERG|0.851
Q13131|Q96E39_SSRDSYSSS|0.481
Q13131|Q96E39_SRDSYSSSS|0.574
Q13131|O75526_FAFVTFESP|0.0
Q13131|O75526_MNGKSLDGK|0.11
Q13131|O75526_VAQATKPAF|0.043
Q13131|O75526_FLRGTRGGG|0.002
Q13131|O75526_GRDGYSGPP|0.0
Q13131|O75526_SRDGYSSRD|0.0
Q13131|O75526_RDGYSSRDY|0.0
Q13131|Q8N7X1_FAFVTFESP|0.0
Q13131|Q8N7X1_VTFESPADA|0.0
Q13131|Q8N7X1_GGGSSPQRP|0.004
Q13131|Q8N7X1_RIGGSGMPG|0.001
Q13131|Q8N7X1_SSSNSYGQS|0.001
Q13131|Q8N7X1_YRGRSHEAR|0.003
Q13131|Q8N7X1_SGGRSTDAH|0.0
Q13131|Q8N7X1_GGRSTDAHS|0.0
Q13131|Q8N7X1_GHDSSSWSD|0.0
Q13131|Q8N7X1_HDSSSWSDC|0.0
Q13131|Q8N7X1_YRGRSHDAH|0.0
Q13131|Q8N7X1_HDAHSGGCS|0.0
Q13131|Q8N7X1_SGGCSADAY|0.0
Q13131|Q8N7X1_HDSSSQSNR|0.001
Q13131|Q8N7X1_SGGRSPDAY|0.0
Q13131|Q8N7X1_YTEAYSRGR|0.0
Q13131|Q8N7X1_TEAYSRGRD|0.0
Q13131|Q8N7X1_SFSNSYGRS|0.0
Q13131|Q8N7X1_FSNSYGRSD|0.0
Q13131|Q8N7X1_RGGCYEEYQ|0.001
Q13131|Q8N7X1_CYEEYQGRS|0.0
Q13131|Q8N7X1_YQGRSPNAY|0.004
Q13131|Q8N7X1_SPNAYGGGR|0.0
Q13131|Q8N7X1_SSNNSHGRS|0.586
Q13131|P0DJD3_LNRETNEKM|0.003
Q13131|P0DJD3_SRNRSPSGS|0.21
Q13131|P0DJD3_NRSPSGSLR|0.018
Q13131|P0DJD3_SPSGSLRSA|0.001
Q13131|P0DJD3_NRRSSRETR|0.587
Q13131|P0DJD3_ETRDYAPPH|0.0
Q13131|P0DJD3_RDYAYRDYG|0.0
Q13131|P0DJD3_WDEHSSRGY|0.0
Q13131|P0DJD3_DEHSSRGYS|0.004
Q13131|P0DJD3_TRDRYGRSW|0.006
Q13131|P0DJD3_SWESYSSCG|0.0
Q13131|P0DJD3_ESYSSCGDF|0.0
Q13131|P0DJD3_GDFHYCDRE|0.518
Q13131|A6NDE4_LNRETNEKM|0.001
Q13131|A6NDE4_SRNRSPSGS|0.061
Q13131|A6NDE4_NRSPSGSLR|0.003
Q13131|A6NDE4_SPSGSLRSA|0.0
Q13131|A6NDE4_NRRSSRETR|0.478
Q13131|A6NDE4_ETRDYAPPH|0.0
Q13131|A6NDE4_RDYAYRDYG|0.0
Q13131|A6NDE4_WDEHSSRGY|0.0
Q13131|A6NDE4_DEHSSRGYS|0.001
Q13131|A6NDE4_TRDRYGRSW|0.0
Q13131|A6NDE4_SWESYSSCG|0.0
Q13131|A6NDE4_ESYSSCGDF|0.0
Q13131|A6NDE4_GDFHYCDRE|0.401
Q13131|P0DJD4_LNRETNEKM|0.009
Q13131|P0C7P1_LNRETNEKM|0.002
Q13131|P0C7P1_ETRDYAPPH|0.0
Q13131|P0C7P1_RDYAYRDYG|0.0
Q13131|P0C7P1_WDEHSSRGY|0.0
Q13131|P0C7P1_DEHSSRGYS|0.003
Q13131|P0C7P1_TRDRYGRSW|0.001
Q13131|P0C7P1_SWESYSSCG|0.0
Q13131|P0C7P1_ESYSSCGDF|0.0
Q13131|P0C7P1_GDFHYCDRE|0.453
Q13131|A6NEQ0_LNRETNEKM|0.002
Q13131|A6NEQ0_ETRDYAPPH|0.0
Q13131|A6NEQ0_RDYAYRDYG|0.0
Q13131|A6NEQ0_WDEHSSRGY|0.0
Q13131|A6NEQ0_DEHSSRGYS|0.004
Q13131|A6NEQ0_TRDRYGRSW|0.009
Q13131|A6NEQ0_SWESYSSCG|0.0
Q13131|A6NEQ0_ESYSSCGDF|0.0
Q13131|A6NEQ0_GDFHYCDRE|0.507
Q13131|Q15415_LNRETNEKM|0.0
Q13131|Q15415_GSLRSARGS|0.0
Q13131|Q15415_SARGSSGGT|0.0
Q13131|Q15415_ARGSSGGTR|0.005
Q13131|Q15415_ETRDYAPPH|0.0
Q13131|Q15415_RDYAYRDYG|0.0
Q13131|Q15415_WDEHSSRGY|0.0
Q13131|Q15415_DEHSSRGYS|0.0
Q13131|Q15415_TRDRYGRSW|0.0
Q13131|Q15415_SWESYSSCG|0.0
Q13131|Q15415_ESYSSCGDF|0.0
Q13131|Q15415_GDFHYCDRE|0.36
Q13131|P09455-3_AAPQSPLSP|0.0
Q13131|P09455-3_QSPLSPEGA|0.0
Q13131|P50120_EFDEYTKSL|0.0
Q13131|P50120_GDKLYLELT|0.009
Q13131|P10745_VGERTGGGA|0.0
Q13131|P10745_GPRYSTQRG|0.037
Q13131|P10745_VYLLTSHRT|0.534
Q13131|P10745_TSKVTEVWT|0.954
Q13131|P02753_FKMKYWGVA|0.002
Q13131|P02753_VHNGYCDGR|0.0
Q13131|P02753_CDGRSERNL|0.0
Q13131|Q06330_HTEGSPAEE|0.055
Q13131|Q06330_AHAPSPGKF|0.164
Q13131|Q06330_EGKNYCTAK|0.0
Q13131|Q06330_KNYCTAKTL|0.153
Q13131|Q06330_AKTLYISDS|0.299
Q13131|Q06330_TLYISDSDK|0.019
Q13131|Q06330_YISDSDKRK|0.393
Q13131|Q06330_NRLRSQTVS|0.362
Q13131|Q06330_LRSQTVSTR|0.001
Q13131|Q06330_SQTVSTRYL|0.0
Q13131|Q06330_QTVSTRYLH|0.866
Q13131|Q06330_VCSVTGMAL|0.0
Q13131|Q9UBG7_NRLRSQTVS|0.001
Q13131|Q9UBG7_LRSQTVSTR|0.0
Q13131|Q9UBG7_SQTVSTRYL|0.0
Q13131|Q9UBG7_QTVSTRYLS|0.873
Q13131|Q93062_EKENTPSEA|0.853
Q13131|Q93062_ENTPSEANL|0.931
Q13131|Q93062_EEVRTLFVS|0.687
Q13131|Q93062_TLFVSGLPL|0.451
Q13131|Q93062_TPNPSTPLP|0.086
Q13131|Q93062_LYPSSPEVW|0.316
Q13131|Q93062-4_PNPSTPLPN|0.0
Q13131|P62877_TPSGTNSGA|0.593
Q13131|P62877_EFQKYGH__|0.298
Q13131|Q8TDJ6_LKVWYPMTG|0.0
Q13131|Q8TDJ6_KTSKYMPRG|0.006
Q13131|Q8TDJ6_GQRRSSVLV|0.0
Q13131|Q8TDJ6_DEEHSQEDR|0.0
Q13131|Q8TDJ6_DHDLSLDRE|0.01
Q13131|Q8TDJ6_YSRLSVPMP|0.0
Q13131|Q8TDJ6_CQWDSDNKL|0.0
Q13131|Q8TDJ6_TGGVSELAR|0.001
Q13131|Q8TDJ6_LAKASEGAS|0.74
Q13131|Q8TDJ6_EGASSESLL|0.597
Q13131|Q8TDJ6_ASSESLLSV|0.0
Q13131|Q8TDJ6_PHSSSIANL|0.022
Q13131|Q8TDJ6_ANLQTASKL|0.044
Q13131|Q8TDJ6_SLPVSLSWV|0.0
Q13131|Q8TDJ6_MQDHSTFKS|0.0
Q13131|Q8TDJ6_QDHSTFKSN|0.0
Q13131|Q8TDJ6_HLSRTISVS|0.0
Q13131|Q8TDJ6_TISVSGSTA|0.0
Q13131|Q8TDJ6_IPQSYEDQT|0.0
Q13131|Q8TDJ6_PEDQYSELF|0.0
Q13131|Q8TDJ6_ARVLSSHLM|0.0
Q13131|Q8TDJ6_RVLSSHLMH|0.001
Q13131|Q8TDJ6_HLMHSSLPG|0.0
Q13131|Q8TDJ6_SPEGTLATL|0.0
Q13131|Q8TDJ6_TSSQYDWSQ|0.0
Q13131|Q8TDJ6_LATGYEVDG|0.0
Q13131|Q8TDJ6_YSSKTYSKV|0.066
Q13131|Q8TDJ6_SSKTYSKVE|0.0
Q13131|Q8TDJ6_SKTYSKVES|0.0
Q13131|Q8TDJ6_PDIGSYERH|0.432
Q13131|Q8TDJ6_KQLQSPLPL|0.0
Q13131|Q8TDJ6_INLLSSAQD|0.0
Q13131|Q8TDJ6_NLLSSAQDE|0.0
Q13131|Q8TDJ6_VKDATPPPV|0.005
Q13131|Q8TDJ6_KRKQSEVEA|0.472
Q13131|Q8TDJ6_DDVDYRGST|0.033
Q13131|Q8TDJ6_PVHQYYLTG|0.0
Q13131|Q5TC82_KPLSSARGV|0.679
Q13131|Q5TC82_STTQSVLSR|0.635
Q13131|Q5TC82_QSVLSRPMQ|0.503
Q13131|Q5TC82_DKLQTPASF|0.166
Q13131|Q5TC82_RRPLSASLG|0.989
Q13131|Q5TC82_IDHLSSSAP|0.18
Q13131|Q5TC82_HLSSSAPGS|0.621
Q13131|Q5TC82_QTDVYYQDP|0.289
Q13131|Q5TC82_TDVYYQDPR|0.33
Q13131|Q5TC82_QPQQYPPIY|0.0
Q13131|Q5TC82_QQIESYYPV|0.008
Q13131|Q5TC82_QIESYYPVA|0.276
Q13131|Q5TC82_RKVISPPPF|0.33
Q13131|Q5TC82_PFAPSPTLP|0.188
Q13131|Q5TC82_APSPTLPPT|0.586
Q13131|Q5TC82_GNDYSQYSP|0.06
Q13131|Q5TC82_DYSQYSPWS|0.004
Q13131|Q5TC82_YSQYSPWSC|0.33
Q13131|Q5TC82_SEVASHGKP|0.473
Q13131|Q5TC82_IGKRTRELS|0.0
Q13131|Q5TC82_TRELSMENQ|0.697
Q13131|P53805_LFRTYDKDI|0.126
Q13131|P53805_QLHKTEFLG|0.08
Q13131|P53805_VEDATPVIN|0.413
Q13131|P53805_YDLLYAISK|0.459
Q13131|P53805_ATDTTPSVV|0.519
Q13131|P53805_HVCESDQEK|0.469
Q13131|P53805_KIIQTRRPE|0.058
Q13131|Q9UKA8_HVCESETEE|0.751
Q13131|Q9UKA8_CESETEEEE|0.516
Q13131|O00559_TVDYSSVPK|0.414
Q13131|O00559_VDYSSVPKQ|0.298
Q13131|O00559_EEWTSWDED|0.765
Q13131|O00559_GNVATQQNS|0.71
Q13131|O00559_FKDMTPTIR|0.36
Q13131|O00559_DMTPTIRKT|0.303
Q13131|O00559_RLAATQDLP|0.514
Q13131|O00559-2_CLLCSLLFH|0.044
Q13131|O00559-2_FHHPTPTST|0.0
Q13131|Q8NDN9-2_LSVVSIVIG|0.006
Q13131|O95199_KNFISKASR|0.0
Q13131|O95199_ISKASRVGA|0.0
Q13131|P18754_AIPKSKKVK|0.444
Q13131|P18754_KVKVSHRSH|0.85
Q13131|P18754_VSHRSHSTE|0.914
Q13131|P18754_RSHSTEPGL|0.844
Q13131|P18754_CLSKSGQVY|0.632
Q13131|P18754_SGQVYSFGC|0.005
Q13131|P18754_GQVYSFGCN|0.468
Q13131|P18754_GRDTSVEGS|0.501
Q13131|P18754_GDSHTAALT|0.645
Q13131|P18754_TAALTDDGR|0.126
Q13131|P18754_PMKKSMVPV|0.514
Q13131|P18754_GQHHTVCMD|0.472
Q13131|P18754_VCMDSEGKA|0.049
Q13131|P18754_AEEKSIPTL|0.0
Q13131|P18754_KSIPTLISR|0.49
Q13131|P18754-2_ACGPSPPDQ|0.0
Q13131|Q96I51_LNKDSQLGF|0.791
Q13131|Q96I51_GRAHSLVLT|0.002
Q13131|Q96I51_SLVLTDREG|0.61
Q13131|Q96I51_EGVFSMGNN|0.0
Q13131|Q96I51_ENEIYSESH|0.0
Q13131|Q96I51_NEIYSESHR|0.0
Q13131|A6NED2_RQVHSPSPL|0.312
Q13131|A6NED2_RAYVSPRAP|0.555
Q13131|A6NED2_GQVFSWGGG|0.637
Q13131|A6NED2_NEDGSQVKR|0.78
Q13131|Q9Y256_LRLLSVSRP|0.832
Q13131|Q9Y256_LLSVSRPER|0.453
Q13131|Q96PM5_LLHRTCYEE|0.364
Q13131|Q96PM5_HRTCYEEML|0.439
Q13131|Q96PM5_LKEGYRCPL|0.0
Q13131|Q96PM5_LCMHSALDM|0.452
Q13131|Q9Y2P8_LDKITNGSR|0.784
Q13131|Q9Y2P8_ITNGSRIEI|0.001
Q13131|Q9Y2P8_NQTGTTLYY|0.0
Q13131|Q9Y2P8_GTTLYYQPG|0.006
Q13131|Q9Y2P8_TTLYYQPGL|0.038
Q13131|Q9Y2P8_PGLLYGGSV|0.358
Q13131|Q9Y2P8_EVVFSCPVR|0.0
Q13131|Q9Y2P8_PIQLTDPGK|0.264
Q13131|Q9Y2P8_IPDIYIYTD|0.0
Q13131|Q9Y2P8_LGPLSPYTI|0.0
Q13131|Q9Y2P8_RHLKSFFQI|0.0
Q13131|Q9Y2P8_KVLMTCVGI|0.0
Q13131|Q9Y2P8_GIGFSNLSK|0.0
Q13131|Q9Y2P8_FSNLSKTLK|0.014
Q13131|Q15293_EDSKTFDQL|0.73
Q13131|Q15293_DGFVTTEEL|0.0
Q13131|Q15293_GFVTTEELK|0.462
Q13131|Q15293_VQKRYIFDN|0.513
Q13131|Q15293_DDKISWEEY|0.0
Q13131|Q15293_KQATYGYYL|0.0
Q13131|Q15293_ATYGYYLGN|0.699
Q13131|Q15293_NGDLTATRE|0.729
Q13131|Q15293_REEFTAFLH|0.0
Q13131|Q15293_VVLETLEDI|0.0
Q13131|Q15293_ADMFSHEEN|0.001
Q13131|Q15293_LPQDYDHAQ|0.001
Q13131|Q15293_RHLVYESDK|0.535
Q13131|Q15293_LVYESDKNK|0.647
Q13131|Q14257_LGPRTAALG|0.002
Q13131|Q14257_EELHYPLGE|0.0
Q13131|Q14257_GERRSDYDR|0.523
Q13131|Q14257_DVDEYVKLG|0.321
Q13131|Q14257_AEEESFRKL|0.586
Q13131|Q14257_DGFVSLEEF|0.253
Q13131|Q14257_LHDDYFYHD|0.568
Q13131|Q96D15_GNFQYDHEA|0.0
Q13131|Q96D15_HIRDSVSAA|0.561
Q13131|Q9UKL0_GPEVSGKRR|0.524
Q13131|Q9UKL0_GSSGSSSDE|0.385
Q13131|Q9UKL0_SGSSSDEEH|0.934
Q13131|Q9UKL0_MLVWSPNQN|0.546
Q13131|Q9UKL0_KLDEYIAIA|0.745
Q13131|Q9UKL0_LPNFTPFPD|0.24
Q13131|Q9UKL0_KFYYSWKKT|0.637
Q13131|Q9UKL0_KQTNSALKE|0.726
Q13131|Q9UKL0_GIEPYRLPE|0.445
Q13131|Q9UKL0_GKEETNGPS|0.899
Q13131|Q9UKL0_TNGPSNQKP|0.503
Q13131|Q9UKL0_SPDNSIKMP|0.634
Q13131|Q8IZ40_MEKPSAGSG|0.0
Q13131|Q8IZ40_PSAGSGILS|0.001
Q13131|Q8IZ40_PARYSNKEL|0.416
Q13131|Q8IZ40_MLVWSPNHC|0.0
Q13131|Q8IZ40_KLDKYIAMA|0.0
Q13131|Q8IZ40_KLIPSLVKY|0.0
Q13131|Q8IZ40_KYYYSWKKT|0.0
Q13131|Q8IZ40_DKEDSDELE|0.146
Q13131|Q8IZ40_RGGVSEGEP|0.371
Q13131|Q8IZ40_GMYLSPEGL|0.0
Q13131|Q8IZ40_RGLDSQLIS|0.0
Q13131|Q9P2K3_MLVWSPYHS|0.187
Q13131|Q9P2K3_KLDEYIAIA|0.0
Q13131|Q9P2K3_LPNFTPFPD|0.0
Q13131|Q9P2K3_KYYYSWKKT|0.0
Q13131|Q9P2K3_VVAVSCSPN|0.0
Q13131|Q9P2K3_EEAQTPQAP|0.0
Q13131|Q9P2K3-2_GSAKSPAGG|0.0
Q13131|Q9P2K3-2_GLHYSEPES|0.0
Q13131|Q9P2K3-2_SEPESGCSS|0.0
Q13131|Q9P2K3-2_FKSASTTSY|0.0
Q13131|Q9P2K3-2_KSASTTSYS|0.0
Q13131|Q9P2K3-2_TTSYSPC__|0.0
Q13131|P35243_EELCSWYQS|0.0
Q13131|P35243_LCSWYQSFL|0.0
Q13131|P35243_DFKEYVIAL|0.0
Q13131|P35243_DDENTPEKR|0.0
Q13131|P35243_KIWKYFGKN|0.0
Q13131|Q7Z3Z2_SDIRTISED|0.004
Q13131|Q7Z3Z2_IRTISEDVE|0.0
Q13131|Q7Z3Z2_VERDTPPPL|0.0
Q13131|P0DJH9_WEIVYIFKQ|0.0
Q13131|P18615_PPGLSEEEE|0.893
Q13131|P18615_LKKQSSSST|0.0
Q13131|P18615_KKQSSSSTT|0.565
Q13131|P18615_SSSTTSQGG|0.236
Q13131|P18615_SSTTSQGGV|0.719
Q13131|P18615_PVMDTATAT|0.414
Q13131|P18615_TATATEQAK|0.807
Q13131|P18615_QLVKSGAIS|0.792
Q13131|P18615_SGAISAIKA|0.969
Q13131|P18615_GFKRSRTLE|0.424
Q13131|P18615_KRSRTLEGK|0.872
Q13131|P18615_GPVPTFQPF|0.351
Q13131|P18615_DLQESSRRP|0.745
Q13131|P18615_RKSLYESFV|0.93
Q13131|P18615_SLYESFVSS|0.374
Q13131|P18615_FDWGYEERS|0.812
Q13131|P18615_YEERSGAHS|0.684
Q13131|P18615_LDAATGKSV|0.528
Q13131|P18615_SVWGSLAVQ|0.411
Q13131|P18615_TQIVYSDDV|0.473
Q13131|P18615_QIVYSDDVY|0.993
Q13131|P18615_SDDVYKENL|0.777
Q13131|Q8IZV5_RENVYLTAE|0.0
Q13131|Q8IZV5_YLVDTGMFR|0.0
Q13131|Q8IZV5_PRLMYIVTF|0.51
Q13131|Q8IZV5_MYIVTFMKS|0.318
Q13131|Q8IZV5_DKCMYPFIA|0.234
Q13131|Q8TC12_PFLLYMAAP|0.0
Q13131|Q8TC12_IQTTTGNQQ|0.0
Q13131|Q8TC12_SDTKSIRAF|0.0
Q13131|Q96NR8_VVVITGANT|0.0
Q13131|Q96NR8_TGANTGIGK|0.007
Q13131|Q96NR8_RELASRGAR|0.83
Q13131|Q96NR8_TGVTTYAVH|0.035
Q13131|Q8NBN7__MSRYLLPL|0.519
Q13131|Q8NBN7_LLPLSALGT|0.0
Q13131|Q8NBN7_PSKATIPGK|0.0
Q13131|Q8NBN7_TGANTGIGK|0.0
Q13131|Q8NBN7_TKAAYCQSK|0.0
Q13131|Q9HBH5_IVVVSSKLY|0.0
Q13131|Q9HBH5_VVVSSKLYK|0.004
Q13131|Q9HBH5_SSKLYKYGD|0.0
Q13131|Q9HBH5_SEQSYNKSF|0.0
Q13131|Q9HBH5_RLEGTNVTV|0.006
Q13131|Q9HBH5_GTNVTVNVL|0.484
Q13131|O75452_FVGLYYLLH|0.0
Q13131|O75452_LRDKYVFIT|0.0
Q13131|O75452_TGCDSGFGK|0.001
Q13131|O75452_IEPGYFKTA|0.0
Q13131|Q92781_GFFRTPVTN|0.07
Q13131|Q92781_RTPVTNLES|0.693
Q13131|Q9NYR8_SGCSSGIGL|0.0
Q13131|Q9NYR8_PKKRYQVVA|0.081
Q13131|Q9NYR8_QVVATMRDL|0.353
Q13131|Q8NG50_VVLESGKIA|0.0
Q13131|Q8NG50-3_IKDHYHSL_|0.0
Q13131|Q8NG50-3_DHYHSL___|0.0
Q13131|Q7Z4M0_LLFGTTIKD|0.0
Q13131|O95072_GCFATIWLA|0.0
Q13131|O95072_WLAATRGSR|0.008
Q13131|O95072_PRLPSPFDI|0.0
Q13131|O95072_PEVPTEPRE|0.007
Q13131|O95072_IEVPSEIEV|0.0
Q13131|O95072_ALEPSVPLM|0.0
Q13131|O95072_EPDFSSLVS|0.0
Q13131|O95980_LHCCSKANT|0.008
Q13131|O95980_SKANTSTCR|0.0
Q13131|O95980_KANTSTCRE|0.0
Q13131|O95980_ANTSTCREL|0.0
Q13131|O95980_LSEHSSEDD|0.005
Q13131|O95980_EKLDTIAKV|0.002
Q13131|O95980_IAKVTNKKP|0.0
Q13131|O95980_HLLWTYN__|0.0
Q13131|O95980_LLWTYN___|0.0
Q13131|P46063_CLEDSDAGA|0.21
Q13131|P46063_DAGASNEYD|0.626
Q13131|P46063_ASNEYDSSP|0.0
Q13131|P46063_EYDSSPAAW|0.007
Q13131|P46063_LQLETINVT|0.0
Q13131|P46063_LIYVTPEKI|0.0
Q13131|P46063_FRPDYKALG|0.0
Q13131|P46063_MENYYQESG|0.683
Q13131|P46063_NITEYCRDL|0.486
Q13131|P46063_LIQQYLKED|0.0
Q13131|P46063_LKEDYSFTA|0.008
Q13131|P46063_FRAESSQTC|0.0
Q13131|P46063_RAESSQTCH|0.813
Q13131|P46063_ESSQTCHSE|0.0
Q13131|P46063_QTCHSEQGD|0.0
Q13131|O94761_SPQSTPGRS|0.352
Q13131|O94761_TPGRSRQGS|0.0
Q13131|O94761_SRQGSVPDY|0.661
Q13131|O94761_SKASTPKPP|0.523
Q13131|O94761_PGAGSQGPE|0.0
Q13131|O94761_YHGLSPSSQ|0.048
Q13131|O94761_DRGNYVRLN|0.021
Q13131|O94761_WVPGSGGRA|0.0
Q13131|O94761_VVVATVAFG|0.0
Q13131|O94762_FGFDSFKTP|0.035
Q13131|O94762_DSFKTPLQE|0.0
Q13131|O94762_PLQESATMA|0.0
Q13131|O94762_SWSKTCIGP|0.002
Q13131|O94762_CIGPSQGNG|0.178
Q13131|O94762_GRKGYGDFS|0.702
Q13131|O94762_DFSRYDEGS|0.002
Q13131|O94762_YDEGSGGSG|0.229
Q13131|O94762_WNLFYQKQM|0.467
Q13131|O94762_NRQSTRTAD|0.001
Q13131|O94762_QSTRTADEA|0.361
Q13131|O94762_LMETTRIRE|0.517
Q13131|O94762_VPGGSAHYG|0.009
Q13131|O94762_RRVESPALL|0.522
Q13131|O94762_EVQPTPAKD|0.471
Q13131|O94762_KRPRSQQEN|0.981
Q13131|O94762-3_GHGKSLRAA|0.0
Q13131|O94762-3_AAWCSQVVS|0.0
Q13131|O94762-3_SQVVSRHAE|0.0
Q13131|P78563_PKDGSTPGP|0.399
Q13131|P78563_KDGSTPGPG|0.412
Q13131|P78563_PGEGSQLSN|0.021
Q13131|P78563_GSQLSNGGG|0.563
Q13131|P78563_DNFSSPHAR|0.58
Q13131|P78563_AKVISVSTG|0.486
Q13131|P78563_VSTGTKCIN|0.108
Q13131|P78563_DQKRSIFQK|0.014
Q13131|P78563_IFQKSERGG|0.923
Q13131|P78563_SGEGTIPVR|0.421
Q13131|P78563_AAKEYQAAK|0.0
Q13131|P78563_ARLFTAFIK|0.976
Q13131|P78563_QFSLTP___|0.737
Q13131|P78509_WARQTFLLA|0.0
Q13131|P78509_AAAGYYPRF|0.0
Q13131|P78509_AAGYYPRFS|0.038
Q13131|P78509_RFSYSDPSI|0.0
Q13131|P78509_YSDPSIIVL|0.0
Q13131|P78509_IIVLYAKNN|0.0
Q13131|P78509_LCTPSMDTT|0.0
Q13131|P78509_PSMDTTGYG|0.0
Q13131|P78509_DTTGYGNLR|0.082
Q13131|P78509_GAEVSFGCG|0.0
Q13131|P78509_GVLASGKAL|0.22
Q13131|P78509_SFLDSSQSR|0.242
Q13131|P78509_SSMRYVETQ|0.199
Q13131|P78509_CEGNSRELS|0.0
Q13131|P78509_SRELSEPTM|0.384
Q13131|P78509_VPLPYTAQT|0.0
Q13131|P78509_PLPYTAQTN|0.009
Q13131|P78509_YTAQTNATR|0.0
Q13131|P78509_CDPGYSGPT|0.0
Q13131|P78509_DPGYSGPTC|0.0
Q13131|P78509_ECSRYHLQR|0.249
Q13131|P78509_LVSDTFNKW|0.037
Q13131|P78509_FNKWTRITL|0.002
Q13131|P78509_KRITYPLPE|0.0
Q13131|P78509_HNALSSREL|0.181
Q13131|P78509_IQPGYMMQF|0.093
Q13131|P78509_RQAATKPLD|0.0
Q13131|P78509_RKQNYMMNF|0.0
Q13131|Q9H902_YTKGSSLLY|0.0
Q13131|Q9H902_TKGSSLLYR|0.0
Q13131|Q9H902_AKDRSYDAL|0.624
Q13131|Q9H902_VMAASKGQG|0.0
Q13131|Q9H902_ERLRSFSMQ|0.001
Q13131|Q9H902-4_DCGASACRT|0.0
Q13131|Q9H902-4_PSGETAPLL|0.0
Q13131|Q9BRK0_HPTLSNKEK|0.001
Q13131|Q9BRK0_DEYITQARD|0.0
Q13131|Q9BRK0_EKLRSFSMQ|0.467
Q13131|Q9BRK0_PSPGSLLDT|0.347
Q13131|Q9BRK0_RTEASEDDM|0.01
Q13131|Q6NUK4___MVSWMIS|0.052
Q13131|Q6NUK4_SWMISRAVV|0.0
Q13131|Q6NUK4_EIDDYIVQA|0.002
Q13131|Q6NUK4_TAAVTAAVK|0.025
Q13131|Q6NUK4_GQRPYQPLP|0.0
Q13131|Q6NUK4_KPAPSESAG|0.007
Q13131|Q6NUK4_APSESAGYG|0.0
Q13131|Q6NUK4_RRSQSMKSV|0.509
Q13131|Q6NUK4_VRYGSLKYK|0.594
Q13131|Q6NUK4_GSLKYKVKK|0.0
Q13131|Q6NUK4_RPQVYF___|0.376
Q13131|Q9H6H4_KAVKTKNIR|0.047
Q13131|Q9H6H4_EIDAYIVQA|0.001
Q13131|Q9H6H4_AATKSQGAL|0.496
Q13131|Q9H6H4_PAPAYHDPL|0.006
Q13131|Q9H6H4_HDPLYLEDQ|0.196
Q13131|Q9H6H4_EDQVSHRRP|0.015
Q13131|Q9H6H4_PPIGYRAGG|0.0
Q13131|Q9H6H4_CWSDTEAVP|0.0
Q13131|Q9H6H4_PLIRSQSLR|0.598
Q13131|Q9H6H4_GTSRSLKVR|0.509
Q13131|Q9H6H4_LKVRTRKKT|0.612
Q13131|Q9H6H4_SDVDS____|0.329
Q13131|Q00765_SQMDSVVKD|0.0
Q13131|Q00765_AKKATVNLL|0.0
Q13131|Q00765_EEKKST___|0.36
Q13131|Q00765_EKKST____|0.0
Q13131|Q96HR9_VYPAYASIK|0.0
Q13131|Q96HR9_MNDLSGRAL|0.543
Q13131|Q96HR9-2_KPSQTPQPK|0.0
Q13131|P05451_GTNAYRSYC|0.0
Q13131|P05451_SLVSYKSWG|0.0
Q13131|P48304_GTNAYRSYC|0.0
Q13131|Q9BYZ8___MASRSMR|0.0
Q13131|Q9BYZ8_MASRSMRLL|0.0
Q13131|Q9BYZ8_LLLLSCLAK|0.0
Q13131|Q9BYZ8_TIAEYISGY|0.0
Q13131|Q04864___MASGAYN|0.867
Q13131|Q04864_ASGAYNPYI|0.254
Q13131|Q04864_RSAGSIPGE|0.789
Q13131|Q04864_NNRTYPSIQ|0.02
Q13131|Q04864_CRDGYYEAE|0.003
Q13131|Q04864_RDGYYEAEF|0.0
Q13131|Q04864_SNPIYDNRA|0.36
Q13131|Q04864_SQAESYYPS|0.0
Q13131|Q04864_QAESYYPSP|0.0
Q13131|Q04864_SSFSTRTLP|0.01
Q13131|Q04864_FSTRTLPSN|0.001
Q13131|Q04864_PRLLSMNLE|0.946
Q13131|Q04864_LENPSCNSV|0.759
Q13131|Q04864_PSCNSVLDP|0.947
Q13131|Q04864_QDSQYSGIG|0.0
Q13131|Q01201_AVSRSTDEL|0.003
Q13131|Q01201_APPATPPPW|0.0
Q13131|Q01201_RPHVSPRHS|0.0
Q13131|Q01201_SPRHSFNNL|0.009
Q13131|Q01201_YNAGSLKNH|0.467
Q13131|Q01201_SEPVYDKKS|0.0
Q13131|Q01201_ELNSSDPHG|0.353
Q13131|Q01201_GPEAT____|0.0
Q13131|Q9P260_LDPGSAGSL|0.0
Q13131|Q9P260_GTGETPARL|0.0
Q13131|Q9P260_RDYFSNPGN|0.0
Q13131|Q9P260_FERQSGTPP|0.0
Q13131|Q9P260_RQSGTPPGM|0.0
Q13131|Q9P260_REPSTASGG|0.0
Q13131|Q9P260_KNYKSSPEI|0.002
Q13131|Q9P260_NYKSSPEIQ|0.0
Q13131|Q9P260_VDVASGVEE|0.0
Q13131|Q9P260_LEALTPIIS|0.0
Q13131|Q9P260_EDKISLLNS|0.0
Q13131|Q9P260_SEKWSLMEQ|0.0
Q13131|Q9P260_RRLKSEMDF|0.0
Q13131|Q9P260_DIHLSISDE|0.0
Q13131|Q9P260_DEADSTIPK|0.0
Q13131|Q9P260_NSPNSFPRR|0.0
Q13131|Q9P260_GMPPSSLSS|0.0
Q13131|Q9P260_MPPSSLSSK|0.0
Q13131|Q9P260_PSSLSSKKT|0.0
Q13131|Q9P260_SSLSSKKTV|0.0
Q13131|Q9P260_NRKLSPAFH|0.0
Q13131|Q9P260_SRLGYEVSR|0.0
Q13131|Q9P260_LILCTACLH|0.0
Q13131|Q8IUW5_ENSDTVGQI|0.028
Q13131|Q8IUW5_SPGGTPGKH|0.0
Q13131|Q8IUW5_HHLHTVGGV|0.829
Q13131|Q8IUW5_VTVLSVGRF|0.392
Q13131|Q8IUW5_SGAETVNGE|0.0
Q13131|Q8IUW5_KRERSGTE_|0.0
Q13131|Q8IUW5_ERSGTE___|0.002
Q13131|Q8NC24_RQGRSKEGK|0.157
Q13131|Q8NC24_HRDGSPTDR|0.407
Q13131|Q8NC24_DGSPTDRSW|0.0
Q13131|Q969Z4_INPAYRTED|0.001
Q13131|Q969Z4_CSRCSQKKW|0.0
Q13131|Q969Z4_EVLLSPEAV|0.505
Q13131|Q969Z4_VAATTPVPS|0.402
Q13131|Q969Z4_TPVPSLLPN|0.039
Q13131|Q969Z4_LPNPTRVPK|0.628
Q13131|O75628_RRASTPLPL|0.0
Q13131|O75628_PLPLSPRGH|0.0
Q13131|O75628_GQSASLNPP|0.0
Q13131|O75628_ADRGSFESA|0.0
Q13131|O75628_GSFESASEL|0.0
Q13131|O75628_RRRDSAAKE|0.0
Q13131|O75628_ARSKSCHNL|0.0
Q13131|Q8IYK8_SRRASPPGT|0.0
Q13131|Q8IYK8_SPPGTPTPE|0.0
Q13131|Q8IYK8_ELDRSGLPS|0.0
Q13131|Q8IYK8_RRRGSMPVP|0.378
Q13131|Q8IYK8_MPVPYKHQL|0.0
Q13131|Q8IYK8_TLVVYDIWE|0.0
Q13131|Q8IYK8_PDPGSPEGP|0.0
Q13131|Q8IYK8_ARRESLTKK|0.0
Q13131|Q8IYK8_QRSRSCHDL|0.0
Q13131|P00797_KRMPSIRES|0.004
Q13131|P00797_SIRESLKER|0.49
Q13131|P00797_DTQYYGEIG|0.063
Q13131|P00797_NEGPTLPDI|0.0
Q13131|P00797_YTLTSADYV|0.0
Q13131|P00797_VFQESYSSK|0.003
Q13131|Q5VYX0_GAGMTGSLC|0.0
Q13131|Q5VYX0_GMTGSLCAA|0.0
Q13131|Q5VYX0_LEAVSYSSR|0.009
Q13131|Q5VYX0_EAVSYSSRY|0.0
Q13131|Q5VYX0_AVSYSSRYA|0.0
Q13131|Q5VYX0_VSYSSRYAL|0.0
Q13131|P51606_QVAEYTFRQ|0.0
Q13131|P51606_VAEYTFRQF|0.0
Q13131|P51606_APAPSPAPT|0.0
Q13131|Q92900_EEDTYYTKD|0.0
Q13131|Q92900_EDTYYTKDL|0.002
Q13131|Q92900_ACVVYCNTS|0.476
Q13131|Q92900_AKADSVVVL|0.753
Q13131|Q92900_VKIPSEQEQ|0.298
Q13131|Q92900_SVSGYIYHK|0.0
Q13131|Q92900_PKRFTAQGL|0.0
Q13131|Q92900_HSQVYAVKT|0.554
Q13131|Q92900_ATIVYHLAR|0.312
Q13131|Q92900_LKDETGELS|0.053
Q13131|Q92900_KAGLSQSLF|0.0
Q13131|Q92900_TRARYGVII|0.23
Q13131|Q92900_TTAMYDARE|0.0
Q13131|Q92900_PGSVYDRSS|0.61
Q13131|Q92900_PSSMYFQTH|0.0
Q13131|Q92900_DEFKSQIDV|0.599
Q13131|Q92900_GERAYQHGG|0.689
Q13131|Q92900-2_KRIAYFTLP|0.001
Q13131|Q92900-2_IAYFTLPKT|0.0
Q13131|Q92900-2_TLPKTDSDM|0.0
Q13131|Q92900-2_PKTDSDMRL|0.0
Q13131|Q6BDI9_VVLDSVKSQ|0.0
Q13131|Q9BWE0_PRLLSGPSQ|0.5
Q13131|Q9BWE0_LSGPSQESP|0.005
Q13131|Q9BWE0_RPAVTAPRP|0.0
Q13131|Q9BWE0_RRVHTGERP|0.016
Q13131|Q9BWE0_RRIHTGEKP|0.306
Q13131|Q9BWE0_QRQHTGERP|0.002
Q13131|Q9BWE0_SRVHSGERP|0.221
Q13131|Q9BWE0_GRRFSQGSH|0.001
Q13131|Q9BWE0_FSQKSNLVS|0.008
Q13131|Q9BWE0_RRIHTGERP|0.347
Q13131|Q9BWE0-4_GIGVSLLLQ|0.0
Q13131|Q9BWE0-4_LLQFSLTPG|0.0
Q13131|Q96D71_AVAQSGFPL|0.0
Q13131|Q96D71_RFVASKNEQ|0.819
Q13131|Q96D71_RHAASYSSD|0.488
Q13131|Q96D71_HAASYSSDS|0.0
Q13131|Q96D71_AASYSSDSE|0.0
Q13131|Q96D71_YSSDSENQG|0.002
Q13131|Q96D71_ENQGSYSGV|0.0
Q13131|Q96D71_NQGSYSGVI|0.373
Q13131|Q96D71_QGSYSGVIP|0.413
Q13131|Q96D71_VSHDTVQPR|0.0
Q13131|Q96D71_VQPRTSADA|0.0
Q13131|Q96D71_SPPTSPHTW|0.245
Q13131|Q96D71_TSPHTWRKH|0.376
Q13131|Q96D71_SRHPSGGNS|0.062
Q13131|Q96D71_SGGNSERPL|0.0
Q13131|Q96D71_RTVASATTA|0.029
Q13131|Q96D71_VASATTAIE|0.538
Q13131|Q96D71_ASATTAIEI|0.001
Q13131|Q96D71_RQSSSYDDP|0.004
Q13131|Q96D71_QSSSYDDPW|0.0
Q13131|Q96D71_PWKITDEQR|0.537
Q13131|Q96D71_DLEDSADVG|0.001
Q13131|Q96D71_GEVGYSGSP|0.001
Q13131|Q96D71_EVGYSGSPA|0.139
Q13131|Q96D71_GYSGSPAEA|0.0
Q13131|Q96D71_EAPPSKSPS|0.378
Q13131|Q96D71_PPSKSPSMP|0.132
Q13131|Q96D71_SERSSSSQT|0.131
Q13131|Q96D71_ERSSSSQTL|0.0
Q13131|Q96D71_RSSSSQTLT|0.002
Q13131|Q96D71_PIRMTPSKI|0.462
Q13131|Q96D71_RMTPSKIHM|0.369
Q13131|Q96D71_ELKRTGSDH|0.613
Q13131|Q96D71_GSDHTNPTS|0.502
Q13131|Q96D71_HTNPTSPLL|0.467
Q13131|Q96D71_KINSSVKFA|0.004
Q13131|Q96D71_DGYSSSDSF|0.0
Q13131|Q96D71_SSSDSFTSD|0.001
Q13131|Q96D71_TRQRSHSGT|0.551
Q13131|Q96D71_QRSHSGTSP|0.316
Q13131|Q96D71_SHSGTSPDN|0.489
Q13131|Q96D71_SPDNTAPPP|0.222
Q13131|Q96D71_RPQPSHSRS|0.596
Q13131|Q96D71_QPSHSRSSS|0.371
Q13131|Q96D71_SHSRSSSLD|0.535
Q13131|Q96D71_HSRSSSLDM|0.59
Q13131|Q96D71_DPASSLRVA|0.017
Q13131|Q96D71_SKGTTPLAP|0.501
Q13131|Q96D71_VDEHTQKTG|0.47
Q13131|Q96D71_ASQPSIPRS|0.487
Q13131|Q96D71_AIQASIRRN|0.288
Q13131|Q96D71_RNKETNTVL|0.005
Q13131|Q96D71_ARLNSELQQ|0.645
Q13131|Q96D71_LRPFSHL__|0.002
Q13131|Q96D71-2_PPSKSPSMP|0.0
Q13131|Q96D71-2_SKSPSMPSL|0.0
Q13131|Q96D71-2_SLNQTWPEL|0.0
Q13131|Q96D71-2_SSEDTAIVH|0.0
Q13131|Q96D71-4_PPSKSPSMP|0.001
Q13131|Q96D71-4_SKSPSMPSL|0.003
Q13131|Q96D71-4_SLNQTWPEL|0.0
Q13131|Q96D71-4_SSEDTAIVH|0.015
Q13131|Q8NFH8_KRVGYFGPT|0.0
Q13131|Q8NFH8_YFGPTQFYI|0.0
Q13131|Q8NFH8_PTQFYIALK|0.0
Q13131|Q8NFH8_QETQSPTMS|0.0
Q13131|Q8NFH8_SPTMSPLAS|0.0
Q13131|Q8NFH8_SPLASPPSS|0.0
Q13131|Q8NFH8_ASPPSSPPH|0.0
Q13131|Q8NFH8_SPPSSPPHY|0.0
Q13131|Q8NFH8_LSHGYSKLR|0.0
Q13131|Q8NFH8_SHGYSKLRS|0.0
Q13131|Q8NFH8_SKLRSSAEQ|0.074
Q13131|Q8NFH8_KLRSSAEQM|0.0
Q13131|Q8NFH8_IRSFSVERE|0.0
Q13131|Q8NFH8_FISGSVAKN|0.0
Q13131|Q8NFH8_EDPATPKDS|0.0
Q13131|Q8NFH8_ARPRSRSYS|0.003
Q13131|Q8NFH8_PRSRSYSST|0.0
Q13131|Q8NFH8_RSRSYSSTS|0.0
Q13131|Q8NFH8_RSYSSTSIE|0.0
Q13131|Q8NFH8_YSSTSIEEA|0.0
Q13131|Q8NFH8_QKTHSRASS|0.458
Q13131|Q8NFH8_HSRASSLDL|0.022
Q13131|Q8NFH8_VFQPSVPAT|0.0
Q13131|Q8NFH8_PATKSGLLP|0.0
Q13131|Q8NFH8_SRAPSQAAE|0.0
Q13131|Q8NFH8_SQPPSKPIR|0.0
Q13131|Q8NFH8_ARLNSELQQ|0.481
Q13131|Q8NFH8_GGPGSGPPE|0.0
Q13131|Q92785_SGQLYSYPA|0.02
Q13131|Q92785_SQDGSSLEA|0.749
Q13131|Q92785_QDGSSLEAL|0.569
Q13131|Q92785_ALLRTDPLE|0.135
Q13131|Q92785_HYAHSHLAE|0.975
Q13131|Q92785_PTPVSQRSE|0.543
Q13131|Q92785_SGHPSCLQF|0.004
Q13131|Q92785_CLQFTPVMM|0.69
Q13131|Q92785_MYCLTPSMS|0.553
Q13131|Q92785_KASIYQNQN|0.0
Q13131|Q92785_QNQNSS___|0.689
Q13131|Q92785_NQNSS____|0.733
Q13131|O15258_LSFVYMIRV|0.001
Q13131|O15258_MIRVYLLQG|0.0
Q13131|O15258_IAFLSPKVD|0.0
Q13131|O15258_KVDPSLMED|0.0
Q13131|O15258_IKYRYIPFT|0.0
Q13131|Q9P2R6_RPRRSCTLE|0.984
Q13131|Q9P2R6_PNTPYFICS|0.732
Q13131|Q9P2R6_ACCRSPTPA|0.481
Q13131|Q9P2R6_ARVDSFFYI|0.44
Q13131|Q9P2R6_DSFFYILGY|0.466
Q13131|Q9P2R6_YNPETRRLN|0.463
Q13131|Q9P2R6_RRLNSTQGE|0.458
Q13131|Q9P2R6_RLNSTQGEI|0.887
Q13131|Q9P2R6_PDGDTVTQH|0.525
Q13131|Q9P2R6_RAARSMAAF|0.506
Q13131|Q9P2R6_CDGGSTEDG|0.319
Q13131|Q9P2R6_DGGSTEDGC|0.435
Q13131|Q9P2R6_CVAASRDDT|0.483
Q13131|Q9P2R6_IKTRTASTP|0.424
Q13131|Q9P2R6_TRTASTPVN|0.698
Q13131|Q9P2R6_TPVNTPSRP|0.445
Q13131|Q9P2R6_SRPPSSEFL|0.986
Q13131|Q9P2R6_RTRRSRGSM|0.553
Q13131|Q9P2R6_RSRGSMSTL|0.979
Q13131|Q9P2R6_DIRSSGRNS|0.894
Q13131|Q9P2R6_RNSPSAAST|0.475
Q13131|Q9P2R6_PSAASTSSN|0.442
Q13131|Q9P2R6_SAASTSSND|0.366
Q13131|Q9P2R6_AASTSSNDS|0.458
Q13131|Q9P2R6_ASTSSNDSK|0.65
Q13131|Q9P2R6_KKTKTQEIS|0.38
Q13131|Q9P2R6_PNSPSEGEG|0.92
Q13131|Q9P2R6_SDSRSVNDE|0.846
Q13131|Q9P2R6_LSGPSPFSM|0.6
Q13131|Q9P2R6_RTDLYFMPL|0.471
Q13131|Q9P2R6_PLAGSKLAK|0.473
Q13131|Q9P2R6_VMSPTNRNH|0.963
Q13131|Q9P2R6_PLLAYHMPG|0.484
Q13131|Q96A58_FVLVYDITD|0.112
Q13131|Q96A58_VYDITDRGS|0.194
Q13131|Q96A58_PKNVTLILV|0.457
Q13131|Q9H628_FIGEYASNF|0.0
Q13131|Q9H628_EPQTSHCKR|0.0
Q13131|Q9HCM1_ERITYANVN|0.0
Q13131|Q9HCM1_SRQTSAVPS|0.0
Q13131|Q9HCM1_TKHLSMEVP|0.0
Q13131|Q9HCM1_QPFNSPIRS|0.397
Q13131|Q9HCM1_AERQTPTVV|0.328
Q13131|Q9HCM1_LALLSQARK|0.518
Q13131|Q9HCM1_KNMETPSTS|0.007
Q13131|Q9HCM1_METPSTSNV|0.0
Q13131|Q9HCM1_VLDNSFCSG|0.774
Q13131|Q9HCM1_IHVKSPCSV|0.464
Q13131|Q9HCM1_IAVVSPLVL|0.472
Q13131|Q9HCM1_SEVKTLSVK|0.018
Q13131|Q9HCM1_VKTLSVKGI|0.343
Q13131|Q9HCM1_SAIHSPMND|0.483
Q13131|Q9HCM1_SIKNSSSEE|0.0
Q13131|Q9HCM1_IKNSSSEEE|0.004
Q13131|Q9HCM1_KNSSSEEEK|0.0
Q13131|Q9HCM1_KEQCSPLDT|0.019
Q13131|Q9HCM1_DRDVTVVQF|0.0
Q13131|Q9HCM1_DTPKTKHKS|0.0
Q13131|Q9HCM1_TKHKSLPRT|0.0
Q13131|Q9HCM1_KMTASYEQA|0.024
Q13131|Q9HCM1_MTASYEQAS|0.0
Q13131|Q9HCM1_KKHVTQNSR|0.054
Q13131|Q9HCM1_EQKGSVGAT|0.9
Q13131|Q9HCM1_SVGATFKLG|0.0
Q13131|Q9HCM1_EKMVSNTKS|0.617
Q13131|Q9HCM1_KEALSNKAS|0.0
Q13131|Q9HCM1_LSKRSFSAD|0.978
Q13131|Q9HCM1_YKQMYLEKR|0.679
Q13131|Q9HCM1_LEKRSRSLG|0.508
Q13131|Q9HCM1_RSLGSSPVK|0.023
Q13131|Q9HCM1_SLGSSPVK_|0.029
Q13131|Q5W5W9_KDDITQDAM|0.0
Q13131|Q5W5W9_MEHASRLHP|0.001
Q13131|Q5W5W9_ALFPTKTTE|0.0
Q13131|Q5W5W9_PTKTTESPL|0.0
Q13131|Q5W5W9_DQCFTSEVV|0.0
Q13131|Q5W5W9_QCFTSEVVS|0.0
Q13131|Q5W5W9_SEVVSKALK|0.0
Q13131|Q5W5W9_TYRCSYGGL|0.0
Q13131|Q5W5W9_YRCSYGGLD|0.065
Q13131|Q5W5W9_APGPSKEEI|0.0
Q13131|Q5W5W9_EEIIYKIMR|0.651
Q13131|Q13127_DNNFSDSEE|0.054
Q13131|Q13127_NFSDSEEGE|0.003
Q13131|Q13127_RESGSSTAE|0.015
Q13131|Q13127_ESGSSTAEE|0.454
Q13131|Q13127_EGDFSKGPI|0.007
Q13131|Q13127_RTRKSVTEV|0.372
Q13131|Q13127_LEVDSHSLH|0.471
Q13131|Q13127_LKNKSSKKS|0.163
Q13131|Q13127_KNKSSKKSS|0.036
Q13131|Q13127_SSKKSSKPP|0.448
Q13131|Q13127_QMELSPPME|0.45
Q13131|Q13127_QIELSPPME|0.666
Q13131|Q13127_KIELSPPIE|0.575
Q13131|Q13127_QMELSPPMG|0.447
Q13131|Q13127_LLKESVSTE|0.456
Q13131|Q13127_KESVSTEDL|0.245
Q13131|Q13127_RENLTGINS|0.107
Q13131|Q13127_EEPVSPMLP|0.494
Q13131|Q13127_REAVSKTAL|0.484
Q13131|Q13127_SDNMSEGSD|0.482
Q13131|Q13127_MSEGSDDSG|0.909
Q13131|P30622____MSMLKP|0.0
Q13131|P30622_SEKASSTPS|0.0
Q13131|P30622_NGLQTTPAS|0.0
Q13131|P30622_ASMVSSSPS|0.0
Q13131|P30622_PQKPSQPAA|0.0
Q13131|P30622_AKEPSATPP|0.0
Q13131|P30622_TPPISNLTK|0.0
Q13131|P30622_ISNLTKTAS|0.0
Q13131|P30622_TKTASESIS|0.559
Q13131|P30622_AVAGTRYFQ|0.0
Q13131|P30622_AGTRYFQCQ|0.0
Q13131|P30622_CQPKYGLFA|0.0
Q13131|P30622_VHKVTKIGF|0.0
Q13131|P30622_IGFPSTTPA|0.0
Q13131|P30622_TTSASLKRS|0.0
Q13131|P30622_SLKRSPSAS|0.0
Q13131|P30622_SPSASSLSS|0.0
Q13131|P30622_PSASSLSSM|0.009
Q13131|P30622_ASSLSSMSS|0.0
Q13131|P30622_LSSMSSVAS|0.0
Q13131|P30622_SVASSVSSR|0.0
Q13131|P30622_SSVSSRPSR|0.0
Q13131|P30622_RPSRTGLLT|0.0
Q13131|P30622_ARKISGTTA|0.003
Q13131|P30622_KISGTTALQ|0.0
Q13131|P30622_ISGTTALQE|0.0
Q13131|P30622_ELEDTRVAT|0.0
Q13131|P30622_VSEKSRIME|0.0
Q13131|P30622_ESLKSKLEH|0.52
Q13131|P30622_LRKASSEGK|0.0
Q13131|P30622_RKASSEGKS|0.0
Q13131|P30622_SEGKSEMKK|0.0
Q13131|P30622_KNAESSKAS|0.0
Q13131|P30622_ELKLTNLQE|0.0
Q13131|P30622_QENLSEVSQ|0.0
Q13131|P30622_LSEVSQVKE|0.0
Q13131|P30622_QVKETLEKE|0.0
Q13131|P30622_NENASFLQK|0.006
Q13131|P30622_ERKLSDLEK|0.0
Q13131|P30622_REENSGLLQ|0.0
Q13131|P30622_KAAQTAEDA|0.0
Q13131|P30622_ELNKSKELL|0.584
Q13131|P30622_AAQKSQQLS|0.0
Q13131|P30622_EEKASLQKS|0.0
Q13131|P30622_SLQKSISIT|0.0
Q13131|P30622_QKSISITSA|0.525
Q13131|P30622_ISITSALLT|0.0
Q13131|P30622_KRQLSSSSG|0.0
Q13131|P30622_RQLSSSSGN|0.0
Q13131|P30622_QLSSSSGNT|0.0
Q13131|P30622_LSSSSGNTD|0.0
Q13131|P30622_SSGNTDTQA|0.0
Q13131|P07949_PACSSLKPR|0.0
Q13131|P07949_FVRATVHDY|0.0
Q13131|P07949_AFPVSYSSS|0.0
Q13131|P07949_PVSYSSSGA|0.0
Q13131|P07949_PSLDSMENQ|0.0
Q13131|P07949_ENQVSVDAF|0.0
Q13131|P07949_QGMQYLAEM|0.0
Q13131|P07949_YEEDSYVKR|0.0
Q13131|P07949_YVKRSQGRI|0.944
Q13131|P07949_GGNPYPGIP|0.598
Q13131|P07949_LYGMSDPNW|0.0
Q13131|P07949_KLMDTFDS_|0.0
Q13131|P07949_DTFDS____|0.014
Q13131|Q6NUM9_FSGSSPNPF|0.0
Q13131|Q6NUM9_LEQHTKAGG|0.001
Q13131|Q6NUM9_GRKEYPMYS|0.0
Q13131|Q6NUM9_EYPMYSGEK|0.016
Q13131|Q6NUM9_PRGGSSEIA|0.0
Q13131|Q6NUM9_GAVLTKATV|0.0
Q13131|Q6NUM9_PSTNYYVYY|0.0
Q13131|Q6NUM9_YYVYYDTDM|0.0
Q13131|Q6NUM9_AMERYVSMP|0.0
Q13131|Q6NUM9_GKRGSDYET|0.601
Q13131|Q6NUM9_RGSDYETFK|0.0
Q13131|Q9UBZ9_ASRLSPAFS|0.0
Q13131|Q9UBZ9_HRTNSFSLS|0.716
Q13131|Q9UBZ9_SFSLSPLHS|0.0
Q13131|Q9UBZ9_QAVPYDFHA|0.0
Q13131|Q9UBZ9_DFHAYKEVA|0.0
Q13131|Q9UBZ9_KCAASVGIG|0.0
Q13131|Q9UBZ9_LQYMTMAKL|0.448
Q13131|Q9UBZ9_FGPKTGQML|0.0
Q13131|Q9UBZ9_KLNISDMRG|0.022
Q13131|Q9UBZ9_HLPTSPDTN|0.0
Q13131|Q9UBZ9_KRIQSPLNN|0.547
Q13131|Q9UBZ9_KLLNSPAKT|0.047
Q13131|Q9UBZ9_SPAKTLPGA|0.0
Q13131|O60673_PYDGYGQQP|0.0
Q13131|O60673_KIYLYNPTM|0.003
Q13131|O60673_ELLQSGAIM|0.003
Q13131|O60673_NRMPSPCRS|0.04
Q13131|O60673_YPQNSDDEE|0.597
Q13131|O60673_SRTHSSVIA|0.436
Q13131|O60673_LPVSSCESS|0.0
Q13131|O60673_KSSETGSTK|0.0
Q13131|O60673_SETGSTKDN|0.0
Q13131|O60673_ETGSTKDNF|0.0
Q13131|O60673_VNYETEDSE|0.0
Q13131|O60673_ETEDSESSF|0.0
Q13131|O60673_EDSESSFVT|0.0
Q13131|O60673_RRKMSKKLP|0.477
Q13131|O60673_DSPATKYPI|0.0
Q13131|O60673_LGFLSERST|0.013
Q13131|O60673_SERSTSPIN|0.0
Q13131|O60673_SPINSSPPR|0.028
Q13131|O60673_PINSSPPRC|0.0
Q13131|O60673_PRCWSPTDP|0.0
Q13131|O60673_GPNVYKKTV|0.037
Q13131|O60673_LANPSIVTK|0.0
Q13131|O60673_PLSASLPTG|0.0
Q13131|O60673_LKVDSLNLQ|0.152
Q13131|O60673_QPNNSDWIQ|0.0
Q13131|O60673_NGSFTPRTA|0.0
Q13131|O60673_KTKPTGVVK|0.004
Q13131|O60673_AENFSSSVN|0.0
Q13131|O60673_KMDVSPCIL|0.0
Q13131|O60673_DDRPSSPVE|0.494
Q13131|O60673_DRPSSPVEE|0.5
Q13131|O60673_GIQKSPCSE|0.0
Q13131|O60673_PLVISPINT|0.0
Q13131|O60673_APGLSPLST|0.0
Q13131|O60673_AAVNTPQKE|0.0
Q13131|O60673_IRYQTPLLI|0.002
Q13131|O60673_LEVTYAADE|0.0
Q13131|O60673_CVLQTKKRY|0.0
Q13131|O60673_RKMLTYDRR|0.0
Q13131|O60673_KMLTYDRRS|0.186
Q13131|O60673_LNATYYITK|0.0
Q13131|O60673_NATYYITKQ|0.0
Q13131|Q96EN9_AEEATEARG|0.078
Q13131|Q8N1G1_AGLGYDPYN|0.0
Q13131|Q8N1G1_GYDPYNPEL|0.0
Q13131|Q8N1G1_GALEYVPKA|0.0
Q13131|Q8N1G1_PKAVSQPRR|0.0
Q13131|Q8N1G1_VVDNSRPPT|0.0
Q13131|Q8N1G1_ARHLSRASS|0.068
Q13131|Q8N1G1_DARFSDSED|0.0
Q13131|Q8N1G1_RFSDSEDEA|0.0
Q13131|Q8N1G1_GNEPTTAST|0.0
Q13131|Q8N1G1_NEPTTASTP|0.0
Q13131|Q8N1G1_PTTASTPKA|0.0
Q13131|Q8N1G1_EIKATGQPP|0.0
Q13131|Q8N1G1_GQPPSKEGL|0.0
Q13131|Q8N1G1_TPVATSGKG|0.0
Q13131|Q8N1G1_PVATSGKGR|0.0
Q13131|Q8N1G1_RPSPTSGDS|0.0
Q13131|Q8N1G1_PSPTSGDSR|0.032
Q13131|Q8N1G1_DEGASQDAP|0.0
Q13131|Q8N1G1_APSSSSSSS|0.0
Q13131|Q8N1G1_PSSSSSSSS|0.0
Q13131|Q8N1G1_SSSSSSSSS|0.0
Q13131|Q8N1G1_SSSSSSSST|0.0
Q13131|Q8N1G1_EKGLSGLTT|0.0
Q13131|Q8N1G1_LAEKSPSVH|0.0
Q13131|Q8N1G1_GAKRTLAAS|0.0
Q13131|Q8N1G1_AASGSQSSN|0.0
Q13131|Q8N1G1_QQLKTRTLS|0.0
Q13131|Q8N1G1_ASKTTTTII|0.0
Q13131|Q8N1G1_RIAHSPSLQ|0.1
Q13131|Q8N1G1_VAVNTLKKL|0.0
Q13131|Q8N1G1_LAAKTSFSL|0.0
Q13131|Q8N1G1_KTSFSLSRP|0.502
Q13131|Q8N1G1_SFSLSRPSS|0.311
Q13131|Q8N1G1_LSRPSSPRV|0.262
Q13131|Q8N1G1_RPKDSSCRT|0.0
Q13131|Q8N1G1_PKDSSCRTC|0.0
Q13131|Q8N1G1_SSCRTCCRC|0.0
Q13131|Q8N1G1_CRCGTEYLV|0.0
Q13131|Q8IX06_DAKRTRVAS|0.0
Q13131|Q8IX06_RVASSSQRS|0.279
Q13131|Q8IX06_TRNRSGMAC|0.479
Q13131|Q8IX06_KTTATTSSK|0.0
Q13131|Q8IX06_VRRASLPSL|0.0
Q13131|Q8IX06_ASLPSLSLK|0.273
Q13131|Q8IX06_GLTPSSMPG|0.0
Q13131|Q8IX06_RAALYSRLQ|0.679
Q13131|Q8IX06_AALYSRLQE|0.591
Q13131|Q9Y3B8_MLGGSLGSR|0.056
Q13131|Q9GZR2_KKPASGPGA|0.0
Q13131|Q9GZR2_LKQKSQAPE|0.394
Q13131|Q9GZR2_PLVISQMGS|0.342
Q13131|Q9GZR2_TKERTNGDI|0.665
Q13131|Q9GZR2_QSEGSVSLS|0.0
Q13131|Q9GZR2_SGRPSLRLL|0.001
Q13131|Q96IC2_FYRFYLEFG|0.0
Q13131|Q96IC2_IIQKYGSKK|0.0
Q13131|Q96IC2_QKYGSKKVG|0.0
Q13131|Q96IC2_GPVQSMTFV|0.0
Q13131|Q96IC2_LKFKSFGSA|0.0
Q13131|Q96IC2_KSFGSAQQA|0.0
Q13131|Q96IC2_LNILTGKDW|0.0
Q13131|P15927_GFESYGSSS|0.0
Q13131|P15927_GSSSYGGAG|0.485
Q13131|P15927_EKAPTNIVY|0.0
Q13131|P15927_LKHMSVSSI|0.887
Q13131|P15927_HMSVSSIKQ|0.9
Q13131|P35251_GVIPSGKKL|0.533
Q13131|P35251_EKTKSDEET|0.04
Q13131|P35251_SDEETLKAK|0.0
Q13131|P35251_ESEETLQVK|0.0
Q13131|P35251_QDPVTYISE|0.0
Q13131|P35251_DPVTYISET|0.0
Q13131|P35251_ENGRSTNSH|0.0
Q13131|P35251_HLGTSNMKK|0.675
Q13131|P35251_NEENTKTKN|0.0
Q13131|P35251_SVQRSNKKM|0.755
Q13131|P35251_LSQNTDESG|0.589
Q13131|P35251_NTDESGLND|0.0
Q13131|P35251_ARKDTEAGE|0.265
Q13131|P35251_ETFSSVQAN|0.0
Q13131|P35251_QANLSKAEK|0.013
Q13131|P35251_HKVKTAQVS|0.0
Q13131|P35251_TAQVSDERK|0.0
Q13131|P35251_ERKSYSPRK|0.0
Q13131|P35251_QHSKSSADK|0.0
Q13131|P35251_HSKSSADKI|0.0
Q13131|P35251_IGEVSSPKA|0.0
Q13131|P35251_SPKASSKLA|0.0
Q13131|P35251_PKASSKLAI|0.0
Q13131|P35251_GETKTPKKT|0.0
Q13131|P35251_TPKKTKSSP|0.0
Q13131|P35251_KTKSSPAKK|0.0
Q13131|P35251_AKKESVSPE|0.033
Q13131|P35251_SPEDSEKKR|0.203
Q13131|P35251_KRTNYQAYR|0.0
Q13131|P35251_NYQAYRSYL|0.01
Q13131|P35251_KALGSKEIP|0.0
Q13131|P35251_GQSKSDKAA|0.036
Q13131|P35251_VFWKSLDFK|0.0
Q13131|P35251_VAEETSGDS|0.0
Q13131|P35251_AEETSGDSK|0.0
Q13131|P35251_TSGDSKARN|0.0
Q13131|P35251_QELGYSYVE|0.0
Q13131|P35251_LGYSYVELN|0.0
Q13131|P35251_LMLLSRAAD|0.0
Q13131|P35251_RAADSICDG|0.0
Q13131|P35251_KQNWSLLPA|0.001
Q13131|P35251_EAHLTPYSL|0.0
Q13131|P35251_LTPYSLQAI|0.067
Q13131|P35251_SRHSTSPSL|0.0
Q13131|P35251_RHSTSPSLD|0.0
Q13131|P35251_STSPSLDSE|0.0
Q13131|P35251_PSLDSEYNE|0.0
Q13131|P35251_LDSEYNEEL|0.0
Q13131|P35251_DAIETDAMI|0.0
Q13131|P35251_GKGKSSKK_|0.0
Q13131|P35251_KGKSSKK__|0.0
Q13131|P35250_SAGHYELPW|0.475
Q13131|P35250_ELNASNDRG|0.0
Q13131|P35250_ALRRTMEIY|0.371
Q13131|P35250_TMEIYSKTT|0.0
Q13131|P35250_MEIYSKTTR|0.0
Q13131|P35250_IYSKTTRFA|0.0
Q13131|P35250_YSKTTRFAL|0.052
Q13131|P35250_ACNASDKII|0.0
Q13131|P40938____MSLWVD|0.487
Q13131|P40938_YRPCSLGRL|0.462
Q13131|P40938_HQTITTPSK|0.432
Q13131|P40938_QTITTPSKK|0.463
Q13131|P40938_IASNYHLEV|0.021
Q13131|P40938_QQLETNSQR|0.429
Q13131|P40938_LNLPSQLAH|0.392
Q13131|P40938_YELLTHCIP|0.0
Q13131|P40938_FMALYKKFM|0.046
Q13131|P35249_LKGTSISTK|0.895
Q13131|P35249_GVAASAGSS|0.427
Q13131|P35249_ASAGSSGEN|0.293
Q13131|P35249_SAGSSGENK|0.667
Q13131|P35249_ALRRTMEKE|0.528
Q13131|P35249_ESKTTRFCL|0.0
Q13131|P35249_CNYVSRIIE|0.001
Q13131|P35249_IEPLTSRCS|0.268
Q13131|P35249_EPLTSRCSK|0.105
Q13131|P35249_CQSGSFDKL|0.001
Q13131|P40937_CNYLSKIIP|0.071
Q13131|P40937_FGPLTPELM|0.0
Q13131|P40937_FGKVTEETV|0.744
Q13131|P40937_VTEETVYTC|0.001
Q13131|P40937_EETVYTCTG|0.747
Q13131|P40937_ETVYTCTGH|0.035
Q13131|P40937_EYRLSVGTN|0.804
Q13131|Q8TAC1_EKREYSSVC|0.0
Q13131|Q8TAC1_KREYSSVCV|0.012
Q13131|Q8TAC1_VVIFYHKGE|0.009
Q13131|Q8TAC1_GEGLYQSIN|0.136
Q13131|Q8TAC1_IHTVTVDNG|0.0
Q13131|Q8WZ73_RMQAYSNPG|0.605
Q13131|Q8WZ73_MQAYSNPGY|0.0
Q13131|Q8WZ73_PGYSSFPSP|0.0
Q13131|Q8WZ73_SSFPSPTGL|0.703
Q13131|Q8WZ73_HFANTARKQ|0.525
Q13131|Q8WZ73_RTRASTLSP|0.001
Q13131|Q8WZ73_TRASTLSPD|0.003
Q13131|Q8WZ73_ASTLSPDFP|0.279
Q13131|Q8WZ73_EEPVYLESV|0.0
Q13131|Q8WZ73_AEDETQSID|0.0
Q13131|Q8WZ73_DSEDSFVPG|0.215
Q13131|Q969G6_GWNPYYKNT|0.005
Q13131|Q969G6_WNPYYKNTK|0.001
Q13131|Q969G6_HIMHTFKED|0.0
Q13131|Q9Y644_QGGRTVTTV|0.526
Q13131|Q9Y644_RLLHSPLFH|0.457
Q13131|O75677_MKRLSLVTT|0.044
Q13131|O75679_MKRLSLVTT|0.418
Q13131|A6NLU0_PKLKSVLTM|0.851
Q13131|A6NLU0_YLIISEDLR|0.43
Q13131|F8VTS6_YLIISEDLR|0.434
Q13131|Q6ZWI9_GEVKSWSLG|0.777
Q13131|Q6ZWI9_VKSWSLGVC|0.564
Q13131|Q6ZWI9_GFWISMKAG|0.444
Q13131|Q6ZWI9_IHANTHLER|0.468
Q13131|Q96AA3_LTLLYSTTL|0.0
Q13131|Q96AA3_TLLYSTTLF|0.0
Q13131|Q96AA3_LLYSTTLFL|0.0
Q13131|Q96AA3_AVLESLLKL|0.3
Q13131|Q96AA3_EVDRYNFVM|0.001
Q13131|Q14699_PGNIYSTLK|0.577
Q13131|Q14699_GNIYSTLKR|0.52
Q13131|Q14699_IDVSYEYRF|0.005
Q13131|Q14699_HNEGYILEL|0.868
Q13131|Q14699_SSVNSAGSS|0.604
Q13131|Q14699_APVSTANST|0.0
Q13131|Q14699_AKQPSSPSG|0.856
Q13131|Q14699_PSSPSGEGD|0.396
Q13131|Q14699_GGELSPQGV|0.0
Q13131|Q14699_QWRFSREEM|0.953
Q13131|Q14699_QMRKSKGKL|0.684
Q13131|Q14699_KGKLSARDK|0.686
Q13131|Q14699_EDQSSKAGD|0.698
Q13131|Q14699_EGGVSEEMK|0.0
Q13131|Q52LD8_GFFIYEEEG|0.0
Q13131|Q52LD8_VPGSSRKGN|0.0
Q13131|Q52LD8_SAAQTPDKK|0.0
Q13131|Q52LD8_KNKATSRSI|0.0
Q13131|Q52LD8_ATSRSIGLD|0.0
Q13131|Q52LD8_GLDTTSSQP|0.0
Q13131|Q52LD8_DTTSSQPAE|0.0
Q13131|Q52LD8_QPAESRHLP|0.0
Q13131|Q52LD8_RLSPSRECW|0.0
Q13131|Q52LD8_AQHNSFSGF|0.0
Q13131|Q52LD8_HNSFSGFSS|0.0
Q13131|Q6PCD5_PLDAYFQVS|0.304
Q13131|Q6PCD5_PKQPSPQKS|0.422
Q13131|Q6PCD5_AWVLSCSPS|0.928
Q13131|P22670_SETVSEASP|0.521
Q13131|P22670_GSTASQTGV|0.0
Q13131|P22670_LLVQTSVQA|0.552
Q13131|P22670_GGQVSLTVH|0.002
Q13131|P22670_TVHGTQQVH|0.321
Q13131|P22670_VVQATPQAP|0.029
Q13131|P22670_TRGNSKYHY|0.632
Q13131|P22670_RIKASSPLL|0.527
Q13131|P22670_IKASSPLLR|0.081
Q13131|P22670_VLQNTAQIN|0.001
Q13131|P22670_NQMLSDLNR|0.517
Q13131|P48378_GGADSPASV|0.0
Q13131|P48378_GDAVYTNGA|0.0
Q13131|P48378_TAYTYNPEP|0.0
Q13131|P48378_EPQMYAPSS|0.0
Q13131|P48378_STASYFEAP|0.0
Q13131|P48378_LPRSSLYNH|0.0
Q13131|P48378_RSSLYNHYL|0.163
Q13131|P48378_LYNHYLRHC|0.0
Q13131|P48378_LKPDSPLNR|0.0
Q13131|P48378_KRERSDPNH|0.0
Q13131|P48378_DPNHSLQGI|0.0
Q13131|P48380_TTRASPATI|0.005
Q13131|P48380_VKPDSPLNR|0.239
Q13131|P48380_YSPSTPTDG|0.0
Q13131|P48380_PTDGTTITE|0.0
Q13131|P48380_GTTITESSN|0.0
Q13131|P48380_LNAVSPGNL|0.149
Q13131|P48380_QCSATGNTY|0.0
Q13131|Q33E94_DSTESWIER|0.0
Q13131|Q33E94_LGNVSNDEN|0.0
Q13131|Q33E94_GQSKYHYYG|0.0
Q13131|Q33E94_SKYHYYGIA|0.492
Q13131|Q33E94_KYHYYGIAV|0.0
Q13131|Q33E94_AVKESSQYY|0.0
Q13131|Q33E94_ESSQYYDVM|0.0
Q13131|Q33E94_QTVAYSPRS|0.339
Q13131|Q33E94_RILDTVIRA|0.0
Q13131|Q33E94_RRQTSLNHL|0.08
Q13131|Q33E94_LCQASRTVI|0.0
Q13131|Q33E94_KQTLYTMED|0.0
Q13131|Q33E94_PYHRSSAQY|0.0
Q13131|Q33E94_NSPTSRMEP|0.0
Q13131|Q33E94-4_GGDRTRPRR|0.0
Q13131|P48382_RLRGTISKA|0.008
Q13131|P48382_RGTISKAVQ|0.082
Q13131|P48382_NDKLYLYLQ|0.221
Q13131|P48382_AYRKYCESL|0.102
Q13131|P48382_KYCESLACC|0.0
Q13131|P48382_DLKGSESPE|0.74
Q13131|P48382_VVESSAPGA|0.0
Q13131|P48382_PIPVSPPIL|0.002
Q13131|P48382_APRLSSGAL|0.0
Q13131|P48382_LPLSSRAGA|0.0
Q13131|P48382_MILPTVPAL|0.043
Q13131|P48382_EDTASDAKR|0.307
Q13131|P48382_ERNSTPLKS|0.008
Q13131|P48382_AAMESAQSS|0.0
Q13131|P48382_ETWGSGGEG|0.459
Q13131|P48382_QSSLSQEHK|0.947
Q13131|P48382_DPKATPP__|0.243
Q13131|Q8HWS3_APQLSPGIQ|0.345
Q13131|Q8HWS3_GIKESSAYY|0.001
Q13131|Q8HWS3_IKESSAYYH|0.0
Q13131|Q8HWS3_AYYHSVYSG|0.028
Q13131|Q8HWS3_YHSVYSGKG|0.351
Q13131|Q8HWS3_LTRFSGSKL|0.0
Q13131|Q8HWS3_MHNLTLNNA|0.0
Q13131|Q8HWS3_LLDEYILLA|0.0
Q13131|Q8HWS3_LAMETQFNN|0.007
Q13131|Q8HWS3_SVISSIRSL|0.764
Q13131|Q2KHR2_RRLGTRGKS|0.009
Q13131|Q2KHR2_TRGKSKYCY|0.0
Q13131|Q2KHR2_KTLPSPIDA|0.157
Q13131|Q2KHR2_QHMQSVKQA|0.525
Q13131|Q2KHR2_QAPKTPQNV|0.0
Q13131|Q2KHR2_GGDRSARHR|0.349
Q13131|Q2KHR2_ARHRYPQIL|0.074
Q13131|Q2KHR2_LTIRSPTTV|0.008
Q13131|Q2KHR2_TISLTPSNS|0.012
Q13131|Q2KHR2_PLKHSASVS|0.001
Q13131|Q2KHR2_KHSASVSSA|0.002
Q13131|Q2KHR2_SASVSSATG|0.104
Q13131|Q2KHR2_ASVSSATGT|0.003
Q13131|Q2KHR2_VSLQSPGSR|0.267
Q13131|Q2KHR2_QSPGSRSSS|0.032
Q13131|Q2KHR2_SRSSSAGGT|0.473
Q13131|Q2KHR2_RKRLSSTLQ|0.019
Q13131|Q2KHR2_RLSSTLQET|0.0
Q13131|Q2KHR2_TLQETQVPP|0.0
Q13131|Q2KHR2_VEQLSAATI|0.002
Q13131|Q2KHR2_FLLDSDSKS|0.02
Q13131|Q2KHR2_SDSKSVGSF|0.001
Q13131|Q2KHR2_FGRLTPVSP|0.244
Q13131|Q2KHR2_LTPVSPVQH|0.005
Q13131|Q2KHR2_HQGATVNNT|0.456
Q13131|Q2KHR2_TVNNTNKQE|0.001
Q13131|Q2KHR2_FRCRSVSPA|0.259
Q13131|Q2KHR2_CRSVSPAVH|0.0
Q13131|Q2KHR2_LSGSTLYPV|0.385
Q13131|Q2KHR2_RSNVTPFGS|0.0
Q13131|Q2KHR2_TPFGSPVTP|0.002
Q13131|Q2KHR2_GSPVTPEVH|0.0
Q13131|Q2KHR2_IAQRSQSVP|0.321
Q13131|Q2KHR2_QRSQSVPLT|0.526
Q13131|Q2KHR2_SVPLTVMMQ|0.0
Q13131|Q2KHR2_SKKITNVLL|0.0
Q13131|Q2KHR2_NVLLSKLDS|0.0
Q13131|Q2KHR2_PSNYTARMN|0.0
Q13131|Q2KHR2_ELSGSINDL|0.002
Q13131|Q6ZV50_QYLKSVQLF|0.0
Q13131|Q6ZV50_LLQISKLKE|0.0
Q13131|Q6ZV50_EALITLKDG|0.0
Q13131|O14593_LFPCTPEPV|0.0
Q13131|O14593_ASVSSPQAG|0.0
Q13131|O14593_ADSGYTPMD|0.075
Q13131|O14593-2_LFPCTPEPV|0.0
Q13131|O14593-2_ASVSSPQGS|0.0
Q13131|O00287_GGSMSKTCT|0.0
Q13131|O00287_KTCTYEGCS|0.0
Q13131|O00287_KKKKSDQAL|0.0
Q13131|O00287_KLEESADNI|0.0
Q13131|O00287_QRTGSFGDR|0.007
Q13131|O00287_QKRLSLLRS|0.687
Q13131|O00287_SLLRSPEVV|0.119
Q13131|Q7L0Y3_FRPFTRFLV|0.384
Q13131|Q7L0Y3_KNESTPPSE|0.0
Q13131|Q7L0Y3_TMKSSVQEE|0.797
Q13131|Q7L0Y3_PEHITEEEL|0.0
Q13131|Q7L0Y3_LKYLYTKEK|0.326
Q13131|Q7L0Y3_KYLYTKEKV|0.018
Q13131|Q7L0Y3_LLETTEEDK|0.0
Q13131|Q7L0Y3_HDKVYVIGS|0.02
Q13131|Q7L0Y3_YVIGSFVDK|0.353
Q13131|Q7L0Y3_LNLATECLP|0.154
Q13131|Q7L0Y3_ISQHSQEFI|0.596
Q13131|Q8TBZ6_DQEESQKPR|0.043
Q13131|Q8TBZ6_MEPNSDGHD|0.0
Q13131|Q8TBZ6_QFYLTSHGG|0.0
Q13131|Q8TBZ6_HDNQSVRME|0.482
Q13131|Q8TBZ6_EEGGSDSDS|0.0
Q13131|Q8TBZ6_GGSDSDSSE|0.0
Q13131|Q8TBZ6_SDSDSSEEE|0.0
Q13131|Q8TBZ6_DSDSSEEEY|0.0
Q13131|Q8TBZ6_SEEEYSRNE|0.0
Q13131|Q8TBZ6_EEEYSRNEL|0.0
Q13131|Q6PF06_LRALTKDKL|0.0
Q13131|Q6PF06_KKELSRLAG|0.0
Q13131|Q8NET4_IPLHSLRFN|0.0
Q13131|Q8NET4_SGAMSTPLM|0.0
Q13131|Q8NET4_GAMSTPLMG|0.0
Q13131|Q8NET4_TLQKTVPAS|0.176
Q13131|Q8NET4_SEAMSMPQM|0.0
Q13131|Q8NET4_PQMRTMASG|0.0
Q13131|Q8NET4_TPKASGTMF|0.0
Q13131|Q8NET4_GTMFTEKMT|0.0
Q13131|Q8NET4_EAMPTLLMR|0.0
Q13131|Q8NET4_RDTASGAMS|0.001
Q13131|Q8NET4_TSQMTATVS|0.0
Q13131|Q8NET4_SGGMSMPLM|0.466
Q13131|Q8NET4_GMSMSPMKS|0.0
Q13131|Q8NET4_MSTPTVRAW|0.0
Q13131|Q8NET4_SRVTSTSQM|0.206
Q13131|Q8NET4_QMMPTASGD|0.0
Q13131|Q8NET4_GDMCTLPVR|0.0
Q13131|Q8NET4_RAPASGTMP|0.0
Q13131|Q8NET4_PIRASASGA|0.0
Q13131|Q8NET4_RASASGARS|0.0
Q13131|Q8NET4_GTMSTPQTA|0.0
Q13131|Q8NET4_AFLVSLHLG|0.0
Q13131|Q8NET4_QGQKSVRQY|0.0
Q13131|Q9H4X1_RHFHYEEHL|0.0
Q13131|Q9H4X1_KRRSSASVS|0.999
Q13131|Q9H4X1_GFSDSESAD|0.729
Q13131|Q9H4X1_LYRNSFSFS|0.954
Q13131|Q9H4X1_RNSFSFSDE|0.955
Q13131|Q9H4X1_PTDSTPALL|0.083
Q13131|Q9H4X1_PALLSATVT|0.861
Q13131|Q9H4X1_LLSATVTPQ|0.718
Q13131|Q9H4X1_DLDKTLASM|0.819
Q13131|Q9H4X1_KTLASM___|0.427
Q13131|Q9H4X1-2_RSSASVSDS|0.466
Q13131|Q9H4X1-2_SATVTPQKA|0.424
Q13131|Q9NZL6_LKNFSSLRA|0.807
Q13131|Q9NZL6_RLKKTWAAV|0.015
Q13131|Q9NZL6_FEELSDIFS|0.0
Q13131|Q9NZL6_VKRLSLLFL|0.905
Q13131|Q9NZL6_LFLGSDMIT|0.001
Q13131|Q9NZL6_SIMLTSQDK|0.491
Q13131|Q9NZL6_LRSRTSLTL|0.862
Q13131|Q9NZL6_RTSLTLPRT|0.0
Q13131|O15211_GVVLSSFRS|0.413
Q13131|O15211_VVLSSFRSR|0.649
Q13131|O15211_SSFRSRDPE|0.501
Q13131|O15211_GVVPYLGTF|0.439
Q13131|O15211_LENGYINFD|0.489
Q13131|O15211_EAPTTPAPL|0.554
Q13131|O15211_MKWPSVSSL|0.998
Q13131|O15211_PPASSPRPS|0.415
Q13131|O15211_GHRRSASCG|0.999
Q13131|O15211_RRSASCGSP|0.981
Q13131|O15211_QRRRSSTAT|0.844
Q13131|O15211_RRRSSTATP|0.439
Q13131|O15211_RRSSTATPG|0.44
Q13131|O15211_SSTATPGVT|0.477
Q13131|O15211_TPGVTSGPS|0.015
Q13131|O15211_TSGPSASGT|0.636
Q13131|O15211_GPSASGTPP|0.762
Q13131|O15211_SASGTPPSE|0.505
Q13131|O15211_GTPPSEGGG|0.815
Q13131|O15211_GGGGSFPRI|0.85
Q13131|Q3MIN7_SQRRSPAEG|0.556
Q13131|Q3MIN7_AAPGSAEAQ|0.0
Q13131|Q3MIN7_RLKRSWGAV|0.0
Q13131|Q3MIN7_ASCPSSPRI|0.445
Q13131|Q3MIN7_RRRISLTKR|0.252
Q13131|Q3MIN7_SSPTSSVSP|0.0
Q13131|Q3MIN7_VSPGSPPSS|0.0
Q13131|Q3MIN7_GSPPSSPRS|0.0
Q13131|Q3MIN7_NLYRSILLT|0.001
Q13131|Q3MIN7_GTRNTLSVS|0.423
Q13131|Q3MIN7_RNTLSVSPS|0.073
Q13131|Q3MIN7_TLSVSPS__|0.0
Q13131|Q3MIN7_SVSPS____|0.0
Q13131|Q3MIN7-2_SPSGSPGDP|0.0
Q13131|Q3MIN7-2_GSPPSSPRS|0.0
Q13131|Q8IZJ4_AEQLTLMDA|0.0
Q13131|Q8IZJ4_WAGVSSKSM|0.001
Q13131|Q8IZJ4_TNKRSKEVR|0.0
Q13131|Q8IZJ4_SYKLSCQLE|0.0
Q13131|Q96B86_PRLRTLPPA|0.0
Q13131|Q96B86_IQAKYIGTT|0.0
Q13131|Q15493_APVSSVALR|0.249
Q13131|Q15493_ALRQSGGYV|0.415
Q13131|Q15493_GGKNYSEMY|0.0
Q13131|Q15493_GKNYSEMYV|0.632
Q13131|Q15493_YSEMYVTCA|0.0
Q13131|Q15493_EMYVTCARD|0.55
Q13131|Q8N1W1__MELSCSEA|0.0
Q13131|Q8N1W1_ELSCSEAPL|0.0
Q13131|Q8N1W1_EAPLYGQMM|0.547
Q13131|Q8N1W1_RLLVTQANR|0.393
Q13131|Q8N1W1_KRVKSLVVQ|0.999
Q13131|Q8N1W1_EDQHSLDLD|0.904
Q13131|Q8N1W1_DLDRSFDIL|0.728
Q13131|Q8N1W1_LWPQSSKHT|0.431
Q13131|Q8N1W1_WPQSSKHTL|0.694
Q13131|Q8N1W1_KRSSSLDAL|0.995
Q13131|Q8N1W1_LDADSEGEG|0.558
Q13131|Q8N1W1_TGIPSGDEL|0.903
Q13131|Q8N1W1_SRAESLPLS|0.993
Q13131|Q8N1W1_VRSRSYSCS|0.084
Q13131|Q8N1W1_SRSYSCSSP|0.838
Q13131|Q8N1W1_SLGKTRLVR|0.796
Q13131|Q8N1W1_AYSLSEPPR|0.754
Q13131|Q8N1W1_APACTKKFQ|0.001
Q13131|Q8N1W1_FQEKYNKNK|0.361
Q13131|Q8N1W1_GRRETVGQV|0.274
Q13131|Q8N1W1_VHPLSRSVP|0.53
Q13131|Q8N1W1_PLSRSVPGT|0.98
Q13131|Q8N1W1_SVPGTTLES|0.054
Q13131|Q8N1W1_VPGTTLESF|0.272
Q13131|Q8N1W1_RITKYPVLV|0.35
Q13131|Q8N1W1_KDQKYIFAA|0.0
Q13131|Q8N1W1_SCGDSVLAD|0.315
Q13131|Q8N1W1_VLADTLSSH|0.334
Q13131|Q8N1W1_ADTLSSHDV|0.457
Q13131|Q8N1W1_DTLSSHDVP|0.0
Q13131|Q8N1W1_DVPGSPTAS|0.003
Q13131|Q8N1W1_PGSPTASLV|0.372
Q13131|Q8N1W1_RECQSQEEL|0.0
Q13131|Q8N1W1_NRSESLCHE|0.009
Q13131|Q8N1W1_PTTQSHSDL|0.515
Q13131|Q8N1W1_TQSHSDLVR|0.535
Q13131|Q8N1W1-5_KQDRSFDIL|0.031
Q13131|Q92546_QSVKYVYKL|0.0
Q13131|Q92546_GKKDSWLAE|0.0
Q13131|Q92546_TSCRSLHLY|0.0
Q13131|Q92546_FKSVYRLGE|0.0
Q13131|Q92546_VSHVTHARH|0.627
Q13131|P0DJD0_FAKLYYEAK|0.0
Q13131|P0DJD0_AKLYYEAKE|0.0
Q13131|P0DJD0_EAKEYDLAK|0.0
Q13131|P0DJD0_LGLLYELEE|0.0
Q13131|P0DJD0_LFPGSPAIY|0.0
Q13131|P0DJD0_IALRSSLEW|0.0
Q13131|P0DJD0_ALRSSLEWN|0.0
Q13131|P0DJD0_LEWNSCVVQ|0.0
Q13131|P0DJD0_ELLESFDSA|0.0
Q13131|P0DJD0_ESFDSALQS|0.0
Q13131|P0DJD0_CDRLSQSGH|0.0
Q13131|P0DJD0_RLSQSGHML|0.0
Q13131|P0DJD0_LLNLSRGKQ|0.0
Q13131|P0DJD0_FANKSGQSV|0.0
Q13131|P0DJD0_DQQEYIGRS|0.0
Q13131|P0DJD0_RSVHYWKKV|0.037
Q13131|P0DJD0_IIDDSDSNL|0.0
Q13131|P0DJD0_DDSDSNLSV|0.001
Q13131|P0DJD0_DSNLSVVKK|0.0
Q13131|P0DJD0_ELEDYSEGG|0.0
Q13131|P0DJD0_GGPLYKNGS|0.0
Q13131|P0DJD0_YKNGSLRNA|0.18
Q13131|P0DJD0_EIKHSTPSP|0.003
Q13131|P0DJD0_IKHSTPSPT|0.0
Q13131|P0DJD0_HSTPSPTKY|0.0
Q13131|P0DJD0_SPTKYSLSP|0.0
Q13131|P0DJD0_PTKYSLSPS|0.012
Q13131|P0DJD0_SPSKSYKYS|0.019
Q13131|P0DJD0_PSKSYKYSP|0.0
Q13131|P0DJD0_KSYKYSPKT|0.0
Q13131|P0DJD0_SYKYSPKTP|0.0
Q13131|P0DJD0_YSPKTPPRW|0.0
Q13131|P0DJD0_EDQNSLRKM|0.0
Q13131|P0DJD0_AANVTPTKG|0.0
Q13131|P0DJD0_KFGISEPGN|0.0
Q13131|P0DJD0_SSTFTFADV|0.0
Q13131|P0DJD0_DVAKSTSGE|0.0
Q13131|P0DJD0_VAKSTSGEG|0.0
Q13131|P0DJD0_AKSTSGEGF|0.0
Q13131|P0DJD0_NKANTSGDF|0.001
Q13131|P0DJD0_KANTSGDFE|0.0
Q13131|P0DJD0_DACKTEDSD|0.0
Q13131|P0DJD0_KTEDSDDIH|0.0
Q13131|P0DJD0_AQFKTPELA|0.0
Q13131|P0DJD0_IPLQTPHKL|0.0
Q13131|P0DJD0_KLVDTGRAA|0.021
Q13131|P0DJD0_EEMKSGLKD|0.083
Q13131|P0DJD0_KTFLTNDQT|0.0
Q13131|P0DJD0_TNDQTKVTE|0.0
Q13131|P0DJD0_QTKVTEEEN|0.0
Q13131|P0DJD0_ENKGSGTGA|0.0
Q13131|P0DJD0_EWDNYDLRE|0.0
Q13131|P0DJD0_VSSSSVHDS|0.0
Q13131|P0DJD0_RFDESTTGF|0.0
Q13131|P0DJD0_GFNFSFKSA|0.0
Q13131|P0DJD0_KSALSLSKS|0.0
Q13131|P0DJD0_ALSLSKSPA|0.0
Q13131|P0DJD0_SLSKSPAKL|0.0
Q13131|P0DJD0_KLNQSGTSV|0.004
Q13131|P0DJD0_NQSGTSVGT|0.0
Q13131|P0DJD0_QSGTSVGTD|0.045
Q13131|P0DJD0_TSVGTDEES|0.0
Q13131|P0DJD0_TDEESDVTQ|0.0
Q13131|P0DJD0_ESDVTQEEE|0.0
Q13131|P0DJD0_NHRITPDMS|0.0
Q13131|P0DJD0_TPDMSLQNM|0.0
Q13131|P0DJD0_NMKGTERVW|0.0
Q13131|P0DJD0_DVADSFKKI|0.0
Q13131|P0DJD0_DEAKTAQEK|0.0
Q13131|P0DJD0_QEKDSLITP|0.0
Q13131|P0DJD0_DSLITPHVS|0.0
Q13131|P0DJD0_TPHVSRSST|0.332
Q13131|P0DJD0_HVSRSSTPR|0.0
Q13131|P0DJD0_VSRSSTPRE|0.0
Q13131|P0DJD0_SRSSTPRES|0.0
Q13131|P0DJD0_TPRESPCGK|0.0
Q13131|P0DJD0_VLEETTRER|0.0
Q13131|P0DJD0_LEETTRERT|0.0
Q13131|P0DJD0_EVSSTSETT|0.0
Q13131|P0DJD0_KAVVSPPKF|0.0
Q13131|P0DJD0_FVFGSESVK|0.0
Q13131|P0DJD0_FGSESVKRI|0.0
Q13131|P0DJD0_KRIFSSEKS|0.0
Q13131|P0DJD0_SVAQSGSES|0.0
Q13131|P0DJD0_AQSGSESKV|0.028
Q13131|P0DJD0_SGSESKVEP|0.0
Q13131|P0DJD0_KCELSKNSD|0.0
Q13131|P0DJD0_LSKNSDIEQ|0.0
Q13131|P0DJD0_IEQSSDSKV|0.0
Q13131|P0DJD0_SSINYTFKT|0.0
Q13131|P0DJD0_YTFKTPEKE|0.0
Q13131|P0DJD0_VQKLSSTTK|0.0
Q13131|P0DJD0_STTKSADQL|0.0
Q13131|P0DJD0_NQEESAANV|0.0
Q13131|P0DJD0_MLQLSPEEK|0.0
Q13131|P0DJD1_GSAPSPGKK|0.0
Q13131|P0DJD1_FAKLYYEAK|0.0
Q13131|P0DJD1_AKLYYEAKE|0.0
Q13131|P0DJD1_EAKEYDLAK|0.0
Q13131|P0DJD1_LFPGSPAIY|0.0
Q13131|P0DJD1_IALRSSLEW|0.0
Q13131|P0DJD1_ALRSSLEWN|0.0
Q13131|P0DJD1_LEWNSCVVQ|0.0
Q13131|P0DJD1_ELLESFDSA|0.0
Q13131|P0DJD1_ESFDSALQS|0.0
Q13131|P0DJD1_CDRLSQSGH|0.0
Q13131|P0DJD1_RLSQSGHML|0.0
Q13131|P0DJD1_LLNLSRGKQ|0.0
Q13131|P0DJD1_FANKSGQSV|0.0
Q13131|P0DJD1_IIDDSDSNL|0.0
Q13131|P0DJD1_DDSDSNLSV|0.0
Q13131|P0DJD1_DSNLSVVKK|0.0
Q13131|P0DJD1_ELEDYSEGG|0.0
Q13131|P0DJD1_GGPLYKNGS|0.0
Q13131|P0DJD1_YKNGSLRNA|0.0
Q13131|P0DJD1_EIKHSTPSP|0.0
Q13131|P0DJD1_IKHSTPSPT|0.0
Q13131|P0DJD1_HSTPSPTKY|0.0
Q13131|P0DJD1_SPTKYSLSP|0.0
Q13131|P0DJD1_PTKYSLSPS|0.001
Q13131|P0DJD1_KYSLSPSKS|0.0
Q13131|P0DJD1_SLSPSKSYK|0.0
Q13131|P0DJD1_SPSKSYKYS|0.0
Q13131|P0DJD1_PSKSYKYSP|0.0
Q13131|P0DJD1_KSYKYSPKT|0.0
Q13131|P0DJD1_SYKYSPKTP|0.0
Q13131|P0DJD1_YSPKTPPRW|0.0
Q13131|P0DJD1_EDQNSLRKM|0.0
Q13131|P0DJD1_AANVTPTKG|0.0
Q13131|P0DJD1_KFGISEPGN|0.0
Q13131|P0DJD1_SSTFTFADV|0.0
Q13131|P0DJD1_DVAKSTSGE|0.0
Q13131|P0DJD1_VAKSTSGEG|0.0
Q13131|P0DJD1_AKSTSGEGF|0.0
Q13131|P0DJD1_NKANTSGDF|0.0
Q13131|P0DJD1_KANTSGDFE|0.0
Q13131|P0DJD1_DACKTEDSD|0.0
Q13131|P0DJD1_KTEDSDDIH|0.0
Q13131|P0DJD1_AQFKTPELA|0.0
Q13131|P0DJD1_IPLQTPHKL|0.0
Q13131|P0DJD1_KLVDTGRAA|0.0
Q13131|P0DJD1_EEMKSGLKD|0.099
Q13131|P0DJD1_KTFLTNDQT|0.0
Q13131|P0DJD1_TNDQTKVTE|0.0
Q13131|P0DJD1_QTKVTEEEN|0.0
Q13131|P0DJD1_ENKGSGTGA|0.0
Q13131|P0DJD1_EWDNYDLRE|0.0
Q13131|P0DJD1_VSSSSVHDS|0.0
Q13131|P0DJD1_RFDESTTGF|0.0
Q13131|P0DJD1_GFNFSFKSA|0.0
Q13131|P0DJD1_KSALSLSKS|0.0
Q13131|P0DJD1_ALSLSKSPA|0.0
Q13131|P0DJD1_SLSKSPAKL|0.0
Q13131|P0DJD1_KLNQSGTSV|0.0
Q13131|P0DJD1_NQSGTSVGT|0.0
Q13131|P0DJD1_QSGTSVGTD|0.0
Q13131|P0DJD1_TSVGTDEES|0.0
Q13131|P0DJD1_TDEESDVTQ|0.0
Q13131|P0DJD1_NHRITPDMS|0.0
Q13131|P0DJD1_TPDMSLQNM|0.0
Q13131|P0DJD1_NMKGTERVW|0.0
Q13131|P0DJD1_DVADSFKKI|0.0
Q13131|P0DJD1_DEAKTAQEK|0.0
Q13131|P0DJD1_QEKDSLITP|0.0
Q13131|P0DJD1_DSLITPHVS|0.0
Q13131|P0DJD1_TPHVSRSST|0.001
Q13131|P0DJD1_HVSRSSTPR|0.0
Q13131|P0DJD1_VSRSSTPRE|0.0
Q13131|P0DJD1_SRSSTPRES|0.0
Q13131|P0DJD1_TPRESPCGK|0.0
Q13131|P0DJD1_VLEETTRER|0.0
Q13131|P0DJD1_LEETTRERT|0.0
Q13131|P0DJD1_EVSSTSETT|0.0
Q13131|P0DJD1_VSSTSETTT|0.0
Q13131|P0DJD1_STSETTTKA|0.0
Q13131|P0DJD1_TSETTTKAV|0.0
Q13131|P0DJD1_SETTTKAVV|0.0
Q13131|P0DJD1_KAVVSPPKF|0.0
Q13131|P0DJD1_FVFGSESVK|0.0
Q13131|P0DJD1_FGSESVKRI|0.0
Q13131|P0DJD1_KRIFSSEKS|0.0
Q13131|P0DJD1_SVAQSGSES|0.0
Q13131|P0DJD1_AQSGSESKV|0.0
Q13131|P0DJD1_SGSESKVEP|0.0
Q13131|P0DJD1_KCELSKNSD|0.0
Q13131|P0DJD1_LSKNSDIEQ|0.0
Q13131|P0DJD1_IEQSSDSKV|0.0
Q13131|P0DJD1_SSINYTFKT|0.0
Q13131|P0DJD1_YTFKTPEKE|0.0
Q13131|P0DJD1_VQKLSSTTK|0.0
Q13131|P0DJD1_STTKSADQL|0.0
Q13131|P0DJD1_NQEESAANV|0.0
Q13131|P0DJD1_MLQLSPEEK|0.0
Q13131|A6NKT7_FAKLYYEAK|0.0
Q13131|A6NKT7_EAKEYDLAK|0.0
Q13131|A6NKT7_LGLLYELEE|0.0
Q13131|A6NKT7_CYRRSVELN|0.0
Q13131|A6NKT7_ELNPTQKDL|0.0
Q13131|A6NKT7_LFPGSPAIY|0.0
Q13131|A6NKT7_IALRSSLEW|0.0
Q13131|A6NKT7_ALRSSLEWN|0.0
Q13131|A6NKT7_LEWNSCVVQ|0.0
Q13131|A6NKT7_ELLESFDSA|0.0
Q13131|A6NKT7_ESFDSALQS|0.0
Q13131|A6NKT7_CDRLSQSGH|0.0
Q13131|A6NKT7_RLSQSGHML|0.0
Q13131|A6NKT7_LLNLSRGKQ|0.0
Q13131|A6NKT7_FANKSGQSA|0.001
Q13131|A6NKT7_QSALYDALF|0.0
Q13131|A6NKT7_DALFSSQSP|0.0
Q13131|A6NKT7_ALFSSQSPK|0.0
Q13131|A6NKT7_DQREYIGRS|0.0
Q13131|A6NKT7_RSVHYWKKV|0.147
Q13131|A6NKT7_DSNLSVVKK|0.0
Q13131|A6NKT7_GGPLYKNGS|0.0
Q13131|A6NKT7_YKNGSLRNA|0.373
Q13131|A6NKT7_EIKHSTPSP|0.014
Q13131|A6NKT7_IKHSTPSPT|0.0
Q13131|A6NKT7_HSTPSPTKY|0.0
Q13131|A6NKT7_SPTKYSLSP|0.0
Q13131|A6NKT7_PTKYSLSPS|0.026
Q13131|A6NKT7_KYSLSPSKS|0.0
Q13131|A6NKT7_SLSPSKSYK|0.0
Q13131|A6NKT7_SPSKSYKYS|0.114
Q13131|A6NKT7_PSKSYKYSP|0.0
Q13131|A6NKT7_KSYKYSPKT|0.0
Q13131|A6NKT7_SYKYSPKTP|0.0
Q13131|A6NKT7_YSPKTPPRW|0.0
Q13131|A6NKT7_EDQNSLLKM|0.0
Q13131|A6NKT7_AANVTPTKG|0.0
Q13131|A6NKT7_KEGFSIPVS|0.0
Q13131|A6NKT7_SIPVSADGF|0.0
Q13131|A6NKT7_KFGISEPGN|0.0
Q13131|A6NKT7_SSTFTFADV|0.0
Q13131|A6NKT7_DVAKSTSGE|0.0
Q13131|A6NKT7_VAKSTSGEG|0.0
Q13131|A6NKT7_AKSTSGEGF|0.0
Q13131|A6NKT7_FKGFSGAGE|0.0
Q13131|A6NKT7_KLFSSQYGK|0.0
Q13131|A6NKT7_FSSQYGKMA|0.0
Q13131|A6NKT7_NKANTSGDF|0.006
Q13131|A6NKT7_KANTSGDFE|0.003
Q13131|A6NKT7_DDDAYKTED|0.0
Q13131|A6NKT7_DAYKTEDSD|0.0
Q13131|A6NKT7_KTEDSDDIH|0.0
Q13131|A6NKT7_AKFKTPELA|0.0
Q13131|A6NKT7_IPLQTPHKL|0.0
Q13131|A6NKT7_KLVDTGRAA|0.116
Q13131|A6NKT7_EEMKSGLKD|0.117
Q13131|A6NKT7_EWDNYDLRE|0.0
Q13131|A6NKT7_ALDDSVSSS|0.0
Q13131|A6NKT7_DDSVSSSSV|0.333
Q13131|A6NKT7_DSVSSSSVH|0.0
Q13131|A6NKT7_SVSSSSVHA|0.0
Q13131|A6NKT7_VSSSSVHAS|0.0
Q13131|A6NKT7_SVHASPLAS|0.0
Q13131|A6NKT7_SPLASSPVR|0.047
Q13131|A6NKT7_KSALSLSKS|0.0
Q13131|A6NKT7_ALSLSKSPA|0.0
Q13131|A6NKT7_KLNQSGTSV|0.035
Q13131|A6NKT7_NQSGTSVGT|0.0
Q13131|A6NKT7_QSGTSVGTD|0.247
Q13131|A6NKT7_TSVGTDEES|0.0
Q13131|A6NKT7_TDEESDVTQ|0.0
Q13131|A6NKT7_ESDVTQEEE|0.0
Q13131|A6NKT7_NHRITPDMS|0.0
Q13131|A6NKT7_TPDMSLQNM|0.0
Q13131|A6NKT7_NMKGTERVW|0.0
Q13131|A6NKT7_DVADSFKKI|0.0
Q13131|A6NKT7_DEAKTAQEK|0.0
Q13131|A6NKT7_QEKDSLITP|0.0
Q13131|A6NKT7_DSLITPHVS|0.0
Q13131|A6NKT7_HVSRSSTPR|0.0
Q13131|A6NKT7_VSRSSTPRE|0.0
Q13131|A6NKT7_SRSSTPRES|0.0
Q13131|A6NKT7_TPRESPCGK|0.0
Q13131|A6NKT7_VLEETTRER|0.0
Q13131|A6NKT7_LEETTRERT|0.0
Q13131|A6NKT7_EVSSTSETT|0.0
Q13131|A6NKT7_VSSTSETTT|0.0
Q13131|A6NKT7_STSETTTKA|0.0
Q13131|A6NKT7_TSETTTKAV|0.0
Q13131|A6NKT7_SETTTKAVV|0.0
Q13131|A6NKT7_KRIFSSEKS|0.0
Q13131|A6NKT7_FGNSSATGS|0.026
Q13131|A6NKT7_SATGSLFGF|0.0
Q13131|A6NKT7_LFGFSFNAP|0.0
Q13131|A6NKT7_KSNNSETSS|0.368
Q13131|A6NKT7_NNSETSSVA|0.0
Q13131|A6NKT7_SVAQSGSES|0.0
Q13131|A6NKT7_AQSGSESKV|0.201
Q13131|A6NKT7_KCELSKNSD|0.0
Q13131|A6NKT7_LSKNSDIEQ|0.0
Q13131|A6NKT7_IEQSSDSKV|0.002
Q13131|A6NKT7_VKNLSASFP|0.253
Q13131|A6NKT7_SSINYTFKT|0.0
Q13131|A6NKT7_YTFKTPEKE|0.0
Q13131|A6NKT7_VQKLSSTTK|0.0
Q13131|A6NKT7_STTKSADHL|0.0
Q13131|Q7Z3J3_CYRRSVELN|0.0
Q13131|Q7Z3J3_ELNPTQKDL|0.0
Q13131|Q7Z3J3_LFPGSPAIY|0.0
Q13131|Q7Z3J3_IALRSSLEW|0.0
Q13131|Q7Z3J3_ALRSSLEWN|0.0
Q13131|Q7Z3J3_LEWNSCVVQ|0.0
Q13131|Q7Z3J3_ELLESFDSA|0.0
Q13131|Q7Z3J3_ESFDSALQS|0.0
Q13131|Q7Z3J3_CDRLSQSGH|0.0
Q13131|Q7Z3J3_RLSQSGHML|0.0
Q13131|Q7Z3J3_LLNLSRGKQ|0.0
Q13131|Q7Z3J3_FANKSGQSA|0.0
Q13131|Q7Z3J3_QSALYDALF|0.0
Q13131|Q7Z3J3_DALFSSQSP|0.0
Q13131|Q7Z3J3_ALFSSQSPK|0.0
Q13131|Q7Z3J3_FSSQSPKDT|0.0
Q13131|Q7Z3J3_DQREYIGRS|0.0
Q13131|Q7Z3J3_RSVHYWKKV|0.044
Q13131|Q7Z3J3_DSNLSVVKK|0.0
Q13131|Q7Z3J3_YKNGSLRNA|0.11
Q13131|Q7Z3J3_EIKHSTPSP|0.001
Q13131|Q7Z3J3_IKHSTPSPT|0.0
Q13131|Q7Z3J3_HSTPSPTKY|0.0
Q13131|Q7Z3J3_SPTKYSLSP|0.0
Q13131|Q7Z3J3_PTKYSLSPS|0.017
Q13131|Q7Z3J3_KYSLSPSKS|0.0
Q13131|Q7Z3J3_SLSPSKSYK|0.0
Q13131|Q7Z3J3_SPSKSYKYS|0.016
Q13131|Q7Z3J3_PSKSYKYSP|0.0
Q13131|Q7Z3J3_KSYKYSPKT|0.0
Q13131|Q7Z3J3_SYKYSPKTP|0.0
Q13131|Q7Z3J3_YSPKTPPRW|0.0
Q13131|Q7Z3J3_EDQNSLLKM|0.0
Q13131|Q7Z3J3_AANVTPTKG|0.0
Q13131|Q7Z3J3_KEGFSIPVS|0.0
Q13131|Q7Z3J3_SIPVSADGF|0.0
Q13131|Q7Z3J3_KFGISEPGN|0.0
Q13131|Q7Z3J3_SSTFTFADV|0.0
Q13131|Q7Z3J3_DVAKSTSGE|0.0
Q13131|Q7Z3J3_VAKSTSGEG|0.0
Q13131|Q7Z3J3_AKSTSGEGF|0.0
Q13131|Q7Z3J3_NKANTSGDF|0.0
Q13131|Q7Z3J3_KANTSGDFE|0.0
Q13131|Q7Z3J3_DDDAYKTED|0.0
Q13131|Q7Z3J3_DAYKTEDSD|0.0
Q13131|Q7Z3J3_KTEDSDDIH|0.0
Q13131|Q7Z3J3_AKFKTPELA|0.0
Q13131|Q7Z3J3_IPLQTPHKL|0.0
Q13131|Q7Z3J3_KLVDTGRAA|0.016
Q13131|Q7Z3J3_EEMKSGLKD|0.187
Q13131|Q7Z3J3_KTFLTNDQT|0.0
Q13131|Q7Z3J3_TNDQTKVTE|0.0
Q13131|Q7Z3J3_QTKVTEEEN|0.0
Q13131|Q7Z3J3_ENKGSGTGA|0.0
Q13131|Q7Z3J3_ALDDSVSSS|0.0
Q13131|Q7Z3J3_DDSVSSSSV|0.159
Q13131|Q7Z3J3_DSVSSSSVH|0.0
Q13131|Q7Z3J3_SVSSSSVHA|0.0
Q13131|Q7Z3J3_VSSSSVHAS|0.0
Q13131|Q7Z3J3_SVHASPLAS|0.0
Q13131|Q7Z3J3_SPLASSPVR|0.004
Q13131|Q7Z3J3_FSFKSALSP|0.0
Q13131|Q7Z3J3_KSALSPSKS|0.0
Q13131|Q7Z3J3_ALSPSKSPA|0.0
Q13131|Q7Z3J3_SPSKSPAKL|0.072
Q13131|Q7Z3J3_KLNQSGTSV|0.004
Q13131|Q7Z3J3_NQSGTSVGT|0.0
Q13131|Q7Z3J3_QSGTSVGTD|0.037
Q13131|Q7Z3J3_TSVGTDEES|0.0
Q13131|Q7Z3J3_TDEESDVTQ|0.0
Q13131|Q7Z3J3_RDGQYFEPV|0.0
Q13131|Q7Z3J3_NHTITPDMS|0.0
Q13131|Q7Z3J3_TPDMSLQNM|0.0
Q13131|Q7Z3J3_NMKGTERVW|0.0
Q13131|Q7Z3J3_DVADSFKKI|0.0
Q13131|Q7Z3J3_DEAKTAQEK|0.0
Q13131|Q7Z3J3_QEKDSLITP|0.0
Q13131|Q7Z3J3_DSLITPHVS|0.0
Q13131|Q7Z3J3_TPHVSRSST|0.251
Q13131|Q7Z3J3_HVSRSSTPR|0.0
Q13131|Q7Z3J3_VSRSSTPRE|0.0
Q13131|Q7Z3J3_SRSSTPRES|0.0
Q13131|Q7Z3J3_TPRESPCGK|0.0
Q13131|Q7Z3J3_VLEETTRER|0.0
Q13131|Q7Z3J3_LEETTRERT|0.0
Q13131|Q7Z3J3_EVSSTSETT|0.0
Q13131|Q7Z3J3_VSSTSETTT|0.0
Q13131|Q7Z3J3_STSETTTKA|0.0
Q13131|Q7Z3J3_TSETTTKAV|0.0
Q13131|Q7Z3J3_SETTTKAVV|0.0
Q13131|Q7Z3J3_KAVVSPPKF|0.0
Q13131|Q7Z3J3_FVFGSESVK|0.0
Q13131|Q7Z3J3_FGSESVKRI|0.0
Q13131|Q7Z3J3_KRIFSSEKS|0.0
Q13131|Q7Z3J3_KSNNSETSS|0.108
Q13131|Q7Z3J3_NNSETSSVA|0.0
Q13131|Q7Z3J3_SVAQSGSES|0.0
Q13131|Q7Z3J3_AQSGSESKV|0.026
Q13131|Q7Z3J3_KCELSKNSD|0.0
Q13131|Q7Z3J3_LSKNSDIEQ|0.0
Q13131|Q7Z3J3_IEQSSDSKV|0.0
Q13131|Q7Z3J3_SSINYTFKT|0.0
Q13131|Q7Z3J3_YTFKTPEKE|0.0
Q13131|Q7Z3J3_VQKLSSTTK|0.0
Q13131|Q7Z3J3_STTKSADHL|0.0
Q13131|Q7Z3J3_MLQLSPEEK|0.0
Q13131|Q99666_FAKLYYEAK|0.0
Q13131|Q99666_EAKEYDLAK|0.0
Q13131|Q99666_LGLLYELEE|0.0
Q13131|Q99666_CYRRSVELN|0.0
Q13131|Q99666_ELNPTQKDL|0.0
Q13131|Q99666_LFPGSPAIY|0.0
Q13131|Q99666_IALRSSLEW|0.0
Q13131|Q99666_ALRSSLEWN|0.0
Q13131|Q99666_LEWNSCVVQ|0.0
Q13131|Q99666_ELLESFDSA|0.0
Q13131|Q99666_ESFDSALQS|0.0
Q13131|Q99666_YLQKTGSGL|0.0
Q13131|Q99666_GQLEYIGRS|0.0
Q13131|Q99666_RSVHYWKKV|0.081
Q13131|Q99666_ELEDYSEGG|0.0
Q13131|Q99666_GGPLYKNGS|0.0
Q13131|Q99666_YKNGSLRNA|0.309
Q13131|Q99666_RNADSEIKH|0.356
Q13131|Q99666_EIKHSTPSP|0.004
Q13131|Q99666_IKHSTPSPT|0.0
Q13131|Q99666_HSTPSPTKY|0.0
Q13131|Q99666_TPSPTKYSL|0.0
Q13131|Q99666_SPTKYSLSP|0.0
Q13131|Q99666_PTKYSLSPS|0.016
Q13131|Q99666_SLSPSKSYK|0.0
Q13131|Q99666_SPSKSYKYS|0.047
Q13131|Q99666_KSYKYSPET|0.0
Q13131|Q99666_SYKYSPETP|0.0
Q13131|Q99666_YSPETPPRW|0.0
Q13131|Q99666_AANVTPTKG|0.0
Q13131|Q99666_KEGFSIPVS|0.0
Q13131|Q99666_SIPVSADGF|0.0
Q13131|Q99666_KFGISEPGN|0.0
Q13131|Q99666_AQDISGRKK|0.0
Q13131|Q99666_SSTFTFADV|0.0
Q13131|Q99666_DVAKSTSGE|0.0
Q13131|Q99666_VAKSTSGEG|0.0
Q13131|Q99666_AKSTSGEGF|0.0
Q13131|Q99666_NKANTSGDF|0.001
Q13131|Q99666_KANTSGDFE|0.001
Q13131|Q99666_DDDAYKTED|0.0
Q13131|Q99666_DAYKTEDSD|0.0
Q13131|Q99666_KTEDSDDIH|0.0
Q13131|Q99666_AKFKTPELA|0.0
Q13131|Q99666_KLVDTGRAA|0.046
Q13131|Q99666_EEMKSGLKD|0.144
Q13131|Q99666_KTFLTNDQT|0.0
Q13131|Q99666_TNDQTKVTE|0.0
Q13131|Q99666_QTKVTEEEN|0.0
Q13131|Q99666_ENKGSGTGA|0.0
Q13131|Q99666_EWDNYDLRE|0.0
Q13131|Q99666_ALDDSVSSS|0.0
Q13131|Q99666_DDSVSSSSV|0.256
Q13131|Q99666_DSVSSSSVH|0.0
Q13131|Q99666_SVSSSSVHA|0.0
Q13131|Q99666_VSSSSVHAS|0.0
Q13131|Q99666_SVHASPLAS|0.0
Q13131|Q99666_SPLASSPVR|0.014
Q13131|Q99666_GSNFSFKSA|0.061
Q13131|Q99666_KSALSLSKS|0.0
Q13131|Q99666_ALSLSKSPA|0.0
Q13131|Q99666_NHRITPDMS|0.0
Q13131|Q99666_TPDMSLQNM|0.0
Q13131|Q99666_NMKGTERVW|0.0
Q13131|Q99666_DVADSFKKI|0.0
Q13131|Q99666_DEAKTAQEK|0.0
Q13131|Q99666_QEKDSLITP|0.0
Q13131|Q99666_HVSRSSTPR|0.0
Q13131|Q99666_VSRSSTPRE|0.0
Q13131|Q99666_SRSSTPRES|0.0
Q13131|Q99666_TPRESPCGK|0.0
Q13131|Q99666_EVSSTSETT|0.0
Q13131|Q99666_VSSTSETTT|0.0
Q13131|Q99666_STSETTTKA|0.0
Q13131|Q99666_TSETTTKAV|0.0
Q13131|Q99666_SETTTKAVV|0.0
Q13131|Q99666_KAVVSPPKF|0.0
Q13131|Q99666_FVSESVKRI|0.0
Q13131|Q99666_KRIFSSEKS|0.0
Q13131|Q99666_NSSATGSLF|0.0
Q13131|Q99666_SATGSLFGF|0.0
Q13131|Q99666_LFGFSFNAP|0.0
Q13131|Q99666_KSNNSETSS|0.322
Q13131|Q99666_NNSETSSVA|0.0
Q13131|Q99666_SVAQSGSES|0.0
Q13131|Q99666_AQSGSESKV|0.088
Q13131|Q99666_KCELSKNSD|0.0
Q13131|Q99666_LSKNSDIEQ|0.0
Q13131|Q99666_IEQSSDSKV|0.001
Q13131|Q99666_VKNLSASFP|0.09
Q13131|Q99666_SSINYTFKT|0.0
Q13131|Q99666_YTFKTPEKE|0.0
Q13131|Q99666_QKLRSTTKS|0.0
Q13131|Q99666_KLRSTTKSA|0.0
Q13131|Q99666_STTKSADHL|0.0
Q13131|Q99666_EREKSAANL|0.0
Q13131|Q99666_ANLEYLKNV|0.0
Q13131|Q99666_MLQLSPEEK|0.0
Q13131|Q99666_NASRSSG__|0.0
Q13131|Q99666_ASRSSG___|0.0
Q13131|O14715_CYRRSVELN|0.0
Q13131|O14715_ELNPTQKDL|0.0
Q13131|O14715_LFPGSPAIY|0.0
Q13131|O14715_IALRSSLEW|0.0
Q13131|O14715_ALRSSLEWN|0.0
Q13131|O14715_LEWNSCVVQ|0.0
Q13131|O14715_ELLESFDSA|0.0
Q13131|O14715_ESFDSALQS|0.0
Q13131|O14715_YLQKTGSGL|0.0
Q13131|O14715_GQLEYIGRS|0.0
Q13131|O14715_RSVHYWKKV|0.213
Q13131|O14715_ELEDYSEGG|0.0
Q13131|O14715_GGPLYKNGS|0.0
Q13131|O14715_YKNGSLRNA|0.37
Q13131|O14715_EIKHSTPSP|0.019
Q13131|O14715_IKHSTPSPT|0.0
Q13131|O14715_HSTPSPTKY|0.0
Q13131|O14715_SPTKYSLSP|0.0
Q13131|O14715_PTKYSLSPS|0.042
Q13131|O14715_KYSLSPSKS|0.0
Q13131|O14715_SLSPSKSYK|0.001
Q13131|O14715_SPSKSYKYS|0.146
Q13131|O14715_KSYKYSPET|0.0
Q13131|O14715_SYKYSPETP|0.0
Q13131|O14715_YSPETPPRW|0.0
Q13131|O14715_AANVTPTKG|0.0
Q13131|O14715_KEGFSIPVS|0.0
Q13131|O14715_SIPVSADGF|0.0
Q13131|O14715_KFGISEPGN|0.0
Q13131|O14715_SSTFTFADV|0.0
Q13131|O14715_DVAKSTSGE|0.0
Q13131|O14715_VAKSTSGEG|0.0
Q13131|O14715_AKSTSGEGF|0.0
Q13131|O14715_NKANTSGDF|0.01
Q13131|O14715_KANTSGDFE|0.005
Q13131|O14715_DDDAYKTED|0.0
Q13131|O14715_DAYKTEDSD|0.0
Q13131|O14715_KTEDSDDIH|0.0
Q13131|O14715_AKFKTPELA|0.0
Q13131|O14715_IPLQTPHKL|0.0
Q13131|O14715_KLVDTGRAA|0.15
Q13131|O14715_EEMKSGLKD|0.232
Q13131|O14715_KTFLTNDQT|0.0
Q13131|O14715_TNDQTKVTE|0.0
Q13131|O14715_QTKVTEEEN|0.0
Q13131|O14715_EWDNYDLRE|0.0
Q13131|O14715_ALDDSVSSS|0.0
Q13131|O14715_DDSVSSSSV|0.303
Q13131|O14715_DSVSSSSVH|0.0
Q13131|O14715_SVSSSSVHA|0.0
Q13131|O14715_VSSSSVHAS|0.0
Q13131|O14715_SVHASPLAS|0.0
Q13131|O14715_SPLASSPVR|0.077
Q13131|O14715_GSNFSFKSA|0.126
Q13131|O14715_KSALSLSKS|0.0
Q13131|O14715_ALSLSKSPA|0.0
Q13131|O14715_SLSKSPAKL|0.001
Q13131|O14715_NHRITPDMS|0.0
Q13131|O14715_TPDMSLQNM|0.0
Q13131|O14715_NMKGTERVW|0.0
Q13131|O14715_DVADSFKKI|0.0
Q13131|O14715_DEAKTAQEK|0.0
Q13131|O14715_QEKDSLITP|0.0
Q13131|O14715_DSLITPHVS|0.0
Q13131|O14715_TPHVSRSST|0.364
Q13131|O14715_HVSRSSTPR|0.0
Q13131|O14715_VSRSSTPRE|0.0
Q13131|O14715_SRSSTPRES|0.0
Q13131|O14715_TPRESPCGK|0.0
Q13131|O14715_EVSSTSETT|0.0
Q13131|O14715_VSSTSETTT|0.0
Q13131|O14715_STSETTTKA|0.0
Q13131|O14715_TSETTTKAV|0.0
Q13131|O14715_SETTTKAVV|0.0
Q13131|O14715_KAVVSPPKF|0.0
Q13131|O14715_FVSESVKRI|0.0
Q13131|O14715_KRIFSSEKS|0.0
Q13131|O14715_FGNSSATGS|0.037
Q13131|O14715_SATGSLFGF|0.0
Q13131|O14715_LFGFSFNAP|0.0
Q13131|O14715_KSNNSETSS|0.352
Q13131|O14715_NNSETSSVA|0.0
Q13131|O14715_SVAQSGSES|0.0
Q13131|O14715_AQSGSESKV|0.267
Q13131|O14715_KCELSKNSD|0.001
Q13131|O14715_LSKNSDIEQ|0.0
Q13131|O14715_IEQSSDSKV|0.005
Q13131|O14715_VKNLSASFP|0.266
Q13131|O14715_SSINYTFKT|0.0
Q13131|O14715_YTFKTPEKE|0.0
Q13131|O14715_QKLRSTTKS|0.0
Q13131|O14715_KLRSTTKSA|0.0
Q13131|O14715_STTKSADHL|0.0
Q13131|O14715_EREKSAANL|0.0
Q13131|O14715_ANLEYLKNV|0.0
Q13131|O14715_MLQLSPEEK|0.0
Q13131|O14715_PSRSSG___|0.0
Q13131|P47804_LPARTLLLG|0.0
Q13131|P47804_WQCLSPQKR|0.0
Q13131|Q08116_SGMKSSKSK|0.352
Q13131|O43665_VSRLSRKRP|0.232
Q13131|O43665_DIHDSDGSS|0.0
Q13131|O43665_SSHQSLKST|0.472
Q13131|O43665-1_DIHDSDGSS|0.0
Q13131|O43665-1_GSSSSSHQS|0.0
Q13131|O43665-1_SSSSSHQSL|0.0
Q13131|O43665-1_KWAASLENL|0.0
Q13131|O43665-1_AKEIYMTFL|0.0
Q13131|O43665-1_KYDSYSRFL|0.0
Q13131|O43665-1_ASRIYNT__|0.0
Q13131|O94810_AKQRSKGDR|0.713
Q13131|O94810_CQEQTYWLV|0.0
Q13131|O94810_REIEYFRKA|0.0
Q13131|O14924_LPGPSPPRV|0.0
Q13131|O14924_FESCSSDEE|0.0
Q13131|O14924_ESCSSDEEG|0.0
Q13131|O14924_QRSLSESAA|0.541
Q13131|O14924_PNMLSKEEI|0.04
Q13131|O14924_QEEKSNRVL|0.0
Q13131|O14924_DPEGSPPFE|0.0
Q13131|O14924_AAHQTDRFW|0.0
Q13131|O14924_SARRSFGRS|0.0
Q13131|O14924_SITRSLDDL|0.222
Q13131|O14924_SATVSDGEL|0.158
Q13131|O14924_DGELTGADL|0.0
Q13131|O14924_SSNASLPSV|0.0
Q13131|O14924_ASLPSVQSC|0.0
Q13131|O14924_PSVQSCRRL|0.0
Q13131|O14924_RRVASWAVS|0.0
Q13131|O14924_SWAVSFERL|0.262
Q13131|O14924_QVPSSPASK|0.0
Q13131|O14924_SSPASKHSL|0.0
Q13131|O14924_ASKHSLGSD|0.0
Q13131|O14924_SSVSTPKKL|0.0
Q13131|O14924_GKSKSGRSL|0.716
Q13131|O14924_KSGRSLNEE|0.478
Q13131|O14924_STGRSQKKR|0.001
Q13131|O14924_ESQGSVSSA|0.0
Q13131|O14924_QGSVSSAGS|0.0
Q13131|O14924_SLDLSEACR|0.0
Q13131|O14924_GKSNSIKIK|0.0
Q13131|O14924_PGQKSPSGP|0.0
Q13131|O14924_CTPQSPVSL|0.0
Q13131|O14924_WKRQSQEVE|0.0
Q13131|O14924_GGIQTVEDE|0.0
Q13131|O14921_GPVVYAAYL|0.002
Q13131|O14921_VYAAYLKME|0.001
Q13131|O14921_KSEMYQKLL|0.0
Q13131|O43566_GRGSSLSIH|0.0
Q13131|O43566_HSLPSGPSS|0.0
Q13131|O43566_SGPSSPFPT|0.0
Q13131|O43566_ARNIYQEFL|0.647
Q13131|O43566_RFVKSPLYR|0.134
Q13131|O43566_EPGSSRLGS|0.675
Q13131|O43566_SRLGSPDAT|0.076
Q13131|O43566_ELGGTANAA|0.0
Q13131|O43566_ESQGSLNSS|0.272
Q13131|O43566_SHRKSLGST|0.638
Q13131|O43566_KSLGSTEGE|0.702
Q13131|O43566_SLGSTEGES|0.741
Q13131|O43566_KRGLSLPDI|0.006
Q13131|O43566_QDKATHPPP|0.0
Q13131|O43566_PPPASPSSL|0.0
Q13131|O43566_PASPSSLVK|0.0
Q13131|O43566_ASPSSLVKV|0.059
Q13131|O43566_VKVPSSATG|0.0
Q13131|O43566_PSSATGKRQ|0.0
Q13131|O43566_NRVQSSGAH|0.383
Q13131|O43566_AQGPSSEET|0.0
Q13131|O15492_DLLLSSKNG|0.0
Q13131|O15492_LLLSSKNGV|0.0
Q13131|Q9UGC6_ARMIYEDYI|0.0
Q13131|Q9UGC6_NPHMYEDAQ|0.0
Q13131|Q9NS28_EQDSYTRFL|0.001
Q13131|Q9NS28_KSDIYLDLM|0.0
Q13131|P49795_AWQASRESK|0.0
Q13131|P49795_ASRESKLQP|0.905
Q13131|P49795_QPLPSCEVC|0.737
Q13131|P49795_ARLIYEDYV|0.672
Q13131|P49795_IYEDYVSIL|0.671
Q13131|P49795_EDYVSILSP|0.0
Q13131|P49795_LQIYTLMHR|0.005
Q13131|P49795_RFLSSPTYR|0.0
Q13131|P49795_SSPTYRALL|0.031
Q13131|P49795_LQGPSQSSS|0.0
Q13131|P41220___MQSAMFL|0.665
Q13131|P41220_QNSSTPGKP|0.036
Q13131|P41220_QKRVYSLME|0.139
Q13131|P41220_KRVYSLMEN|0.835
Q13131|O76081_GLLSSPLSS|0.003
Q13131|O76081_EEDATAGQS|0.0
Q13131|O76081_TAGQSSPMP|0.0
Q13131|O76081_PQMGSERME|0.0
Q13131|Q2M5E4_QKLIYCLMA|0.0
Q13131|Q2M5E4_KSEIYKKLV|0.0
Q13131|Q8NE09_TKERSEEIE|0.0
Q13131|Q8NE09_EIEQTSLSS|0.0
Q13131|Q8NE09_DWCISHRTY|0.0
Q13131|Q8NE09_MKKCYLVSN|0.0
Q13131|Q8NE09_SNGDYYLSA|0.0
Q13131|Q8NE09_DYYLSAEIL|0.0
Q13131|Q8NE09_LYPGSSKDD|0.017
Q13131|Q8NE09_SKYMSESSK|0.0
Q13131|Q8NE09_RRYAYTEEP|0.0
Q13131|Q8NE09_GLQPYGRQP|0.072
Q13131|Q8NE09_LQPLTNFKA|0.0
Q13131|P49796_QSRQSGLIG|0.864
Q13131|P49796_KLKITIPRG|0.0
Q13131|P49796_ASCKSTHDL|0.552
Q13131|P49796_SCKSTHDLQ|0.0
Q13131|P49796_HDLQSPPNK|0.327
Q13131|P49796_EQRHSCHLV|0.738
Q13131|P49796_GWERYTEVA|0.0
Q13131|P49796_TDPNYIILA|0.0
Q13131|P49796_KGKSYTGLG|0.0
Q13131|P49796_GHGNYQNCP|0.0
Q13131|P49796_RPHATHSSY|0.0
Q13131|P49796_GTYVTLAPK|0.0
Q13131|P49796_AQDLSPCQD|0.0
Q13131|P49796_AIQESPTRD|0.0
Q13131|P49796_QESPTRDLP|0.065
Q13131|P49796_DLPPSQVSL|0.0
Q13131|P49796_PSQVSLPAK|0.005
Q13131|P49796_EAKRSSMIE|0.0
Q13131|P49796_AKRSSMIET|0.658
Q13131|P49796_SMIETGQGA|0.016
Q13131|P49796_RVQNSLRRR|0.503
Q13131|P49796_LRRRTHSEG|0.655
Q13131|P49796_HSEGSLLQE|0.495
Q13131|P49796_PCFASDTTL|0.0
Q13131|P49796_TLHCSDGEG|0.0
Q13131|P49796_WGMPSPSTL|0.0
Q13131|P49796_RNGGSMHHL|0.544
Q13131|P49796_HRKMSGADT|0.625
Q13131|P49796_SGADTVGDD|0.007
Q13131|P49796_RRNESPGAP|0.212
Q13131|P49796_FKPTSEEAL|0.0
Q13131|P49796_QKKMSPPL_|0.0
Q13131|P49796-4_LRRRTHSEG|0.0
Q13131|P49796-4_HSEGSLLQE|0.0
Q13131|P49798-3_AQSRSHSSS|0.0
Q13131|P49798-3_SRSHSSSCR|0.0
Q13131|P49798-3_RSHSSSCRI|0.0
Q13131|P49798-3_SHSSSCRIS|0.0
Q13131|P49798-3_LLANSKLLN|0.0
Q13131|O15539_LQNNYGLAS|0.0
Q13131|O15539_SFLKSEFSE|0.0
Q13131|O15539_AKQIYEEFI|0.0
Q13131|P49758_KKGKSLAGK|0.49
Q13131|P49802_IRSHSPTHT|0.0
Q13131|P49802_SHSPTHTPT|0.0
Q13131|P49802_SKEPSQQRV|0.0
Q13131|P49802_KSGNSMDRR|0.004
Q13131|P57771-2_TRSLSDHPV|0.0
Q13131|O75916_RLWISSLEA|0.001
Q13131|O75916_QKMNYKWDF|0.0
Q13131|O75916_AFNFSELIR|0.0
Q13131|O75916_RSSPSPVIL|0.063
Q13131|O75916_ECSGSMAPR|0.0
Q13131|O75916_SVTESSEAS|0.0
Q13131|O75916_ASLDTSWPR|0.0
Q13131|O75916_SLDTSWPRS|0.0
Q13131|O75916_SWPRSRPRA|0.0
Q13131|O75916-3_LDRRSQLKK|0.0
Q13131|Q6ZS82_PLVRTGVAG|0.151
Q13131|A5PLK6_DYYLSLLLM|0.0
Q13131|A5PLK6_LPLKSQTIQ|0.0
Q13131|A5PLK6_LKSQTIQGL|0.0
Q13131|A5PLK6_RIQQSLELS|0.0
Q13131|A5PLK6_KICKSLIEN|0.0
Q13131|A5PLK6_STDKYPFSS|0.0
Q13131|Q02094_NTYFSLAAC|0.0
Q13131|Q02094_ACVLTAFAF|0.0
Q13131|Q02094_AFAFSSLVE|0.0
Q13131|Q02094_FAFSSLVEH|0.0
Q13131|Q8TEB9_DWHLYFNMA|0.436
Q13131|Q8TEB9_FNMASMLWK|0.289
Q13131|Q8TEB9_GSSGYQDYY|0.481
Q13131|Q8TEB9_GYQDYYPHG|0.438
Q13131|Q8TEB9_YQDYYPHGR|0.425
Q13131|Q8TEB9_RPDHYEEAP|0.469
Q13131|Q8TEB9_RNYDTYTAG|0.622
Q13131|Q8TEB9_NYDTYTAGL|0.434
Q13131|Q8TEB9_YDTYTAGLS|0.781
Q13131|Q8TEB9_TAGLSEEEQ|0.806
Q13131|Q8TEB9_DRGNTRNSP|0.794
Q13131|Q8TEB9_NTRNSPPPY|0.424
Q13131|Q8TEB9_SPPPYGFHL|0.486
Q13131|Q8TEB9_GFHLSPEEM|0.654
Q13131|Q6NTF9_VPSATFFTA|0.077
Q13131|Q6NTF9_TQHASGQKL|0.958
Q13131|Q6NTF9_PGTVYSGAL|0.014
Q13131|Q96CC6_ARRDSTSSL|0.957
Q13131|Q96CC6_DSTSSLQRK|0.0
Q13131|Q96CC6_AFLRSVSMP|0.708
Q13131|Q96CC6_LRSVSMPAE|0.838
Q13131|Q96CC6_MPAETAHIS|0.541
Q13131|Q96CC6_AHISSPHHE|0.001
Q13131|Q96CC6_LQRQTSITQ|0.928
Q13131|Q96CC6_QTSITQTIR|0.586
Q13131|Q96CC6_IRRGTADWF|0.0
Q13131|Q96CC6_WFGVSKDSD|0.736
Q13131|Q96CC6_LDLPSQDNV|0.506
Q13131|Q96CC6_AEGLSAPHT|0.58
Q13131|Q96CC6_SAPHTPVTP|0.13
Q13131|Q96CC6_HTPVTPGAA|0.482
Q13131|Q96CC6_PGAASLCSF|0.002
Q13131|Q96CC6_SSSRSGFHR|0.002
Q13131|Q96CC6_EVFESPSEA|0.0
Q13131|Q96CC6_ALDRSELER|0.706
Q13131|Q96CC6_QEVVSTAGP|0.617
Q13131|Q96CC6_EVVSTAGPR|0.779
Q13131|Q96CC6_VGRLTNRTY|0.671
Q13131|Q96CC6_LTNRTYRKR|0.0
Q13131|Q96CC6_PQVHSFIRS|0.477
Q13131|O75783_GLGVYKRFV|0.217
Q13131|O75783_RFVRYVAYE|0.382
Q13131|O75783_RYVAYEILP|0.0
Q13131|Q9NX52_HRIVSKWML|0.03
Q13131|Q9NX52_VGLVYLAGV|0.006
Q13131|Q9NX52_VIAGSLASS|0.003
Q13131|Q9NX52_GSLASSIFD|0.0
Q13131|Q9NX52_SLASSIFDP|0.0
Q13131|P58872_GEHPSPGPA|0.0
Q13131|P58872_RHVAYETLP|0.0
Q13131|P58872_VAYETLPRE|0.0
Q13131|Q6PJF5_QASLSQSIR|0.566
Q13131|Q6PJF5_SLSQSIRKG|0.552
Q13131|Q6PJF5_WFGVSGDWE|0.013
Q13131|Q6PJF5_WQRRSLHHC|0.0
Q13131|Q6PJF5_LHHCSMRYG|0.048
Q13131|Q6PJF5_LELPSQEAP|0.222
Q13131|Q6PJF5_QEAPSFQGT|0.246
Q13131|Q6PJF5_SFQGTESPK|0.367
Q13131|Q6PJF5_QGTESPKPC|0.039
Q13131|Q6PJF5_HPPLTPGVL|0.0
Q13131|Q6PJF5_TSVRSGYSH|0.255
Q13131|Q6PJF5_VRSGYSHLP|0.0
Q13131|Q6PJF5_RKRMSVAHM|0.823
Q13131|Q6PJF5_VAHMSLQAA|0.003
Q13131|Q6PJF5_LKGRSVLDA|0.0
Q13131|Q6PJF5_DGADTFDSS|0.0
Q13131|Q6PJF5_DVFESPPLS|0.109
Q13131|Q6PJF5_SPPLSASYF|0.002
Q13131|Q6PJF5_GIPHSASPV|0.369
Q13131|Q6PJF5_WLNRSYRRS|0.086
Q13131|Q6PJF5_SYRRSISST|0.484
Q13131|Q6PJF5_RRSISSTVQ|0.688
Q13131|Q6PJF5_RSISSTVQR|0.696
Q13131|Q6PJF5_SISSTVQRQ|0.0
Q13131|Q6PJF5_WQDDTGPPM|0.0
Q13131|Q6PJF5_GTKGSCEIT|0.305
Q13131|Q6PJF5_IFILSGITG|0.0
Q13131|Q6PJF5_LSGITGNLA|0.001
Q13131|Q6PJF5_GNLASAIFL|0.0
Q13131|P18577_MSSKYPRSV|0.0
Q13131|P18577_MSAMSVLIS|0.0
Q13131|Q9UBD6_ENEFYYRYP|0.0
Q13131|Q02161_MSSKYPRSV|0.0
Q13131|Q15382_AILGYRSVG|0.167
Q13131|Q15382_LGYRSVGKS|0.592
Q13131|Q15382_ALAESWNAA|0.524
Q13131|Q15382_DGAASQGKS|0.464
Q13131|Q8TAI7_KADLSPERE|0.401
Q13131|Q6ZWK4_VPRPSPGHH|0.004
Q13131|Q6ZWK4_LKNDSPLDY|0.518
Q13131|Q9BSD3_LTFESPQSS|0.001
Q13131|Q9BSD3_KLSRSQFLV|0.339
Q13131|Q9BSD3_FLVKS____|0.0
Q13131|P61586_ACGKTCLLI|0.409
Q13131|P61586_LIVFSKDQF|0.356
Q13131|P61586_ALWDTAGQE|0.0
Q13131|P61586_GAFGYMECS|0.0
Q13131|P61586_YMECSAKTK|0.494
Q13131|P62745_ACGKTCLLI|0.018
Q13131|P62745_LIVFSKDEF|0.079
Q13131|P62745_FPEVYVPTV|0.29
Q13131|P62745_ALWDTAGQE|0.0
Q13131|P62745_GQEDYDRLR|0.001
Q13131|P62745_EHVRTELAR|0.0
Q13131|O94844_SSNKSLVEA|0.0
Q13131|O94844_KGTFSDVTF|0.002
Q13131|O94844_AVLDYLYTK|0.0
Q13131|O94844_LDYLYTKQL|0.0
Q13131|Q9BYZ6_HHVKTMWYP|0.0
Q13131|Q9BYZ6_RGNGTGYLP|0.007
Q13131|Q9BYZ6_RVLSSWSRA|0.0
Q13131|Q9BYZ6_LSSWSRAFV|0.0
Q13131|Q9BYZ6_AVLKYLYTG|0.0
Q13131|Q9BYZ6_LKYLYTGEL|0.0
Q13131|Q9BYZ6_KYLYTGELD|0.0
Q13131|O94955_RALNSVPVI|0.659
Q13131|O94955_AAVGTRQNE|0.0
Q13131|O94955_ELPCTCPLC|0.0
Q13131|O94955_CPLCTSDRG|0.0
Q13131|O94955_PLCTSDRGS|0.045
Q13131|O94955_KMSNSFHGI|0.669
Q13131|O94955_RELASMNLD|0.563
Q13131|P08134_ACGKTCLLI|0.113
Q13131|P08134_LIVFSKDQF|0.004
Q13131|P08134_FPEVYVPTV|0.437
Q13131|P08134_ALWDTAGQE|0.0
Q13131|P08134_GQEDYDRLR|0.011
Q13131|P08134_ANRISAFGY|0.557
Q13131|P08134_SAFGYLECS|0.0
Q13131|P08134_YLECSAKTK|0.012
Q13131|O00212_RKDKSLVNK|0.468
Q13131|P08100_AIERYVVVC|0.011
Q13131|P08100_SAAIYNPVI|0.0
Q13131|P08100_NPVIYIMMN|0.0
Q13131|P61587_LSSKSIMDP|0.131
Q13131|P61587_SHMPSRPEL|0.0
Q13131|P61587_RPELSAVAT|0.0
Q13131|P61587_SAVATDLRK|0.004
Q13131|Q9HBH0_FPEHYAPSV|0.0
Q13131|Q9HBH0_HYAPSVFEK|0.0
Q13131|Q9HBH0_TASVTVGSK|0.127
Q13131|Q9HBH0_VTVGSKEVT|0.711
Q13131|Q9HBH0_TLNLYDTAG|0.588
Q13131|Q9HBH0_NLYDTAGQE|0.327
Q13131|Q9HBH0_GQEDYDRLR|0.184
Q13131|P84095_FPKEYIPTV|0.586
Q13131|P84095_GQEEYDRLR|0.33
Q13131|P84095_AQPDTLRRL|0.14
Q13131|P52565_SLRKYKEAL|0.351
Q13131|P52565_YIQHTYRKG|0.004
Q13131|P52565_IQHTYRKGV|0.494
Q13131|P52565_YMVGSYGPR|0.517
Q13131|P52565_YEFLTPVEE|0.447
Q13131|P52566_DELDSKLNY|0.618
Q13131|P52566_KDDESLIKY|0.473
Q13131|P52566_SLIKYKKTL|0.275
Q13131|P52566_KYKKTLLGD|0.004
Q13131|P52566_GPVVTDPKA|0.44
Q13131|P52566_LVCESAPGP|0.0
Q13131|P52566_YVQHTYRTG|0.551
Q13131|P52566_MVGSYGPRP|0.0
Q13131|P52566_YEFLTPVEE|0.628
Q13131|P52566_KSFFTDDDK|0.0
Q13131|P52566_EWNLSIKKE|0.452
Q13131|Q15669_LVGDSAVGK|0.0
Q13131|Q9H4E5_CKEGTDSSC|0.0
Q13131|P17081_GQEDYDRLR|0.458
Q13131|P17081_KGLKTVFDE|0.002
Q13131|Q8IXI2_SELFYYAQK|0.0
Q13131|Q8IXI2_PPDCTTELN|0.0
Q13131|Q8IXI2_PDCTTELNH|0.0
Q13131|Q8IXI2_INTVYVYGQ|0.0
Q13131|Q8IXI2_TVYVYGQEK|0.0
Q13131|Q8IXI2_PQAFTCNTA|0.0
Q13131|Q8IXI2_FTCNTADAP|0.0
Q13131|Q8IXI2_ADAPSKDIF|0.001
Q13131|Q8IXI2_SFGATVFAV|0.0
Q13131|Q8IXI2_GFAMYKALL|0.0
Q13131|Q8IXI2-3_RDRLSRDMG|0.0
Q13131|Q8IXI1_HIVDYSEAE|0.006
Q13131|Q8IXI1_IVDYSEAEQ|0.832
Q13131|Q8IXI1_EAEQTDEEL|0.102
Q13131|Q8IXI1_LRNISELFY|0.977
Q13131|Q8IXI1_SELFYYAQK|0.001
Q13131|Q8IXI1_DQALSDEEL|0.971
Q13131|Q8IXI1_AHCASVYKH|0.363
Q13131|Q8IXI1_MDGQTPCLF|0.027
Q13131|Q8IXI1_LFVSSKADL|0.001
Q13131|Q96L33_LRAPTPPPR|0.068
Q13131|Q9BQY4_GTSGSDGNV|0.254
Q13131|Q8TCX5_AGEESPRLQ|0.731
Q13131|Q8TCX5_QGCDSLTQI|0.0
Q13131|Q8TCX5_CDSLTQIQC|0.0
Q13131|Q8TCX5_LEELSGGVD|0.001
Q13131|Q8TCX5_QAMRTPSRN|0.509
Q13131|Q8TCX5_MRTPSRNES|0.517
Q13131|Q8TCX5_SRNESGLEL|0.001
Q13131|Q8TCX5_TPARSLGLF|0.006
Q13131|Q8IUC4_ENDGYFRKG|0.0
Q13131|Q8IUC4_PLAQTGRSK|0.491
Q13131|Q8IUC4_SFVNSDLQM|0.531
Q13131|Q8IUC4_YLKDTFTHT|0.0
Q13131|Q8IUC4_HTPSYDMSP|0.0
Q13131|Q8IUC4_HHEESVREA|0.0
Q13131|Q8IUC4_KLLKSFGED|0.523
Q13131|Q8IUC4_SLLDSTSSM|0.0
Q13131|Q8IUC4_DSTSSMHNK|0.0
Q13131|Q8IUC4_MHNKSATYS|0.0
Q13131|Q8IUC4_KSATYSVGM|0.0
Q13131|Q8IUC4_SATYSVGMQ|0.0
Q13131|Q8IUC4_GMQKTYSMI|0.489
Q13131|Q8IUC4_QKTYSMICL|0.168
Q13131|Q8IUC4_LSFLSWGTN|0.0
Q13131|Q8IUC4_LSWGTNKNR|0.0
Q13131|Q8IUC4_KSASTLCLP|0.0
Q13131|Q8IUC4_KKLPSPFSL|0.0
Q13131|Q7Z5R6_AEFNYSVGF|0.0
Q13131|Q7Z5R6_LYEIYPELQ|0.0
Q13131|Q7Z5R6_PQNFYLDNR|0.0
Q13131|Q7Z5R6_WKRRYFLLR|0.283
Q13131|Q7Z5R6_LLRASGIYY|0.002
Q13131|Q7Z5R6_ASGIYYVPK|0.592
Q13131|Q7Z5R6_SGIYYVPKG|0.006
Q13131|Q7Z5R6_APTDYCFVL|0.0
Q13131|Q7Z5R6_RSSDTSGSP|0.033
Q13131|Q7Z5R6_SSDTSGSPA|0.16
Q13131|Q7Z5R6_DTSGSPATP|0.305
Q13131|Q7Z5R6_GSPATPLKA|0.0
Q13131|Q7Z5R6_QDFMSDLMK|0.001
Q13131|Q9H4K1_AEALYTETR|0.0
Q13131|Q9H4K1_GARATLLFE|0.0
Q13131|Q9H4K1_PTGDYFTQF|0.0
Q13131|Q4ADV7_DKYLYEPVY|0.0
Q13131|Q4ADV7_YPKGSPQMK|0.0
Q13131|Q4ADV7_SVQVYTIDN|0.0
Q13131|Q4ADV7_SREKSPFAD|0.0
Q13131|Q4ADV7_LQEVSMSRY|0.003
Q13131|Q4ADV7_ENGITLKMP|0.0
Q13131|Q4ADV7_HINIYPLAV|0.001
Q13131|Q4ADV7_GSGESETPP|0.0
Q13131|Q4ADV7_ETPPSTPTA|0.453
Q13131|Q4ADV7_QEPSSSGGF|0.0
Q13131|Q4ADV7_SLSQSAENV|0.575
Q13131|Q4ADV7_AENMYIDMM|0.0
Q13131|Q4ADV7_LKSQSADPF|0.0
Q13131|Q4ADV7_NIQRSQSWL|0.0
Q13131|Q4ADV7_QRSQSWLSN|0.0
Q13131|Q4ADV7_TMGKTPEQT|0.0
Q13131|Q4ADV7_ESRGSSSHG|0.0
Q13131|Q4ADV7_GEVGSSNMV|0.0
Q13131|Q4ADV7_EVGSSNMVS|0.0
Q13131|Q4ADV7_SNMVSRKEE|0.025
Q13131|Q7Z5B4___MAYSTVQ|0.0
Q13131|Q7Z5B4_VALASGLVL|0.022
Q13131|Q7Z5B4_EPPPTPEGK|0.0
Q13131|Q7Z5B4_GGGGSGRGL|0.659
Q13131|Q7Z5B4_GIFLYILYI|0.026
Q13131|Q7Z5B4_LYILYILFK|0.854
Q13131|Q7Z5B4_HRKITSFEL|0.233
Q13131|Q7Z5B4_PNGESRAQT|0.0
Q13131|Q9NPQ8_EAVETGEED|0.0
Q13131|Q9NPQ8_ALRSYNQEH|0.535
Q13131|Q9NPQ8_EHSQSFTFD|0.429
Q13131|Q9NPQ8_VRILSRDRN|0.0
Q13131|Q9NPQ8_VRLLTDTLE|0.0
Q13131|Q9NPQ8_LLTDTLELT|0.0
Q13131|Q9NPQ8_TLELTLGVT|0.0
Q13131|Q9NPQ8_TLGVTPEGN|0.0
Q13131|Q9NPQ8_DTDEYKEAK|0.0
Q13131|Q9NPQ8_EAKASINPV|0.0
Q13131|Q9NPQ8_MKLVTMFDK|0.0
Q13131|Q9NPQ8_FDKLSRNRV|0.0
Q13131|Q9NVN3_FKFESTDED|0.0
Q13131|Q9NVN3_KFESTDEDK|0.0
Q13131|Q9NVN3_IDKGSSYRE|0.0
Q13131|Q9NVN3_TPVLSLLTE|0.0
Q13131|Q9NVN3_VRLMTHVDL|0.0
Q13131|Q9NVN3-1_ERVDSLLKY|0.0
Q13131|Q9NVN3-1_LLKYTGYGN|0.0
Q13131|Q9NVN3-1_DNWYSEDED|0.0
Q13131|Q9NVN3-1_EDEDTDTEE|0.0
Q13131|Q17R89_TEVLSEDLL|0.0
Q13131|Q17R89_QTSKSSGLS|0.0
Q13131|Q17R89_RRPLSVATD|0.0
Q13131|Q17R89_MLEFYKKDG|0.385
Q13131|Q17R89_RKIQSMGVR|0.551
Q13131|Q17R89_ERTSTTKSK|0.0
Q13131|Q17R89_RTSTTKSKE|0.0
Q13131|Q17R89_SKELSPGSA|0.472
Q13131|Q17R89_PADQSPHTL|0.0
Q13131|Q17R89_TLRLSPLEH|0.0
Q13131|Q17R89_MRRHSVTDK|0.593
Q13131|Q6R327_TREPSDNLR|0.51
Q13131|Q6R327_RALRYLIQD|0.819
Q13131|Q6R327_KTRQYVRAD|0.984
Q13131|Q6R327_HYRHSPDTA|0.94
Q13131|Q6R327_RFLASKMGI|0.82
Q13131|Q6R327_HRARSRPDL|0.787
Q13131|Q6R327_SVRATILLG|0.828
Q13131|Q6R327_RLYATKHLR|0.455
Q13131|Q6R327_NERGYVAKQ|0.212
Q13131|Q6R327_WHREYNSKY|0.448
Q13131|Q6R327_REYNSKYVD|0.197
Q13131|Q6R327_DGDNYVRRS|0.6
Q13131|Q6R327_LSLNSESTS|0.485
Q13131|Q6R327_LNSESTSSR|0.951
Q13131|Q6R327_SESTSSRHN|0.529
Q13131|Q6R327_ESTSSRHNS|0.23
Q13131|Q6R327_SRHNSESES|0.996
Q13131|Q6R327_HNSESESVP|0.446
Q13131|Q6R327_EPTFYDRSG|0.82
Q13131|Q6R327_KDKNSFPFF|0.43
Q13131|Q6R327_PFFASSKLV|0.453
Q13131|Q6R327_RILNSLTLP|0.97
Q13131|Q6R327_RRIRTLTEP|0.826
Q13131|Q6R327_LTEPSVDFN|0.921
Q13131|Q6R327_DFNHSDDFT|0.905
Q13131|Q6R327_SDDFTPIST|0.825
Q13131|Q6R327_LQLETSFMG|0.178
Q13131|Q6R327_HIEDTGSTP|0.956
Q13131|Q6R327_EDTGSTPSI|0.997
Q13131|Q6R327_DTGSTPSIG|0.622
Q13131|Q6R327_GSTPSIGEN|0.8
Q13131|Q6R327_SSTSSHMKI|0.894
Q13131|Q6R327_MKIRSQSFN|0.788
Q13131|Q6R327_FNTDTTTSG|0.94
Q13131|Q6R327_NTDTTTSGI|0.741
Q13131|Q6R327_TDTTTSGIS|0.527
Q13131|Q6R327_DTTTSGISS|0.856
Q13131|Q6R327_TSGISSMSS|0.519
Q13131|Q6R327_SGISSMSSS|0.909
Q13131|Q6R327_SSMSSSPSR|0.604
Q13131|Q6R327_TIKTSHYLT|0.54
Q13131|Q6R327_KTSHYLTPQ|0.86
Q13131|Q6R327_SHYLTPQSN|0.958
Q13131|Q6R327_LTPQSNHLS|0.872
Q13131|Q6R327_SNSVSLVPP|0.87
Q13131|Q6R327_VPPGSSHTL|0.991
Q13131|Q6R327_PPGSSHTLP|0.633
Q13131|Q6R327_LKAPSIATI|0.44
Q13131|Q6R327_PSIATIKSL|0.692
Q13131|Q6R327_DCNFSYTSS|0.942
Q13131|Q6R327_CNFSYTSSR|0.853
Q13131|Q6R327_DAFGYATLK|0.888
Q13131|Q6R327_DVLFTDTIT|0.515
Q13131|Q6R327_MKANSFESR|0.997
Q13131|Q6R327_NSFESRLTP|0.983
Q13131|Q6R327_ESRLTPSRF|0.748
Q13131|Q6R327_INQNTLQRS|0.996
Q13131|Q6R327_TLQRSSSVR|0.966
Q13131|Q6R327_LQRSSSVRS|0.929
Q13131|Q6R327_RSMVSSATY|0.59
Q13131|Q6R327_SMVSSATYG|0.506
Q13131|Q6R327_VSSATYGGS|0.543
Q13131|Q6R327_SSATYGGSD|0.438
Q13131|Q6R327_TYGGSDDYI|0.374
Q13131|Q6R327_KDIPYFQTK|0.703
Q13131|Q6R327_PYFQTKNIP|0.699
Q13131|Q6R327_GGLPSGTGG|0.636
Q13131|Q6R327_LPSGTGGLV|0.445
Q13131|Q6R327_LVKNSFHLL|0.992
Q13131|Q6R327_PSKFSGISG|0.692
Q13131|Q6R327_FSGISGCSD|0.775
Q13131|Q6R327_ISGCSDGVS|0.806
Q13131|Q6R327_SDGVSQEGS|0.974
Q13131|Q6R327_SQEGSASST|0.842
Q13131|Q6R327_IPDDTPMCR|0.324
Q13131|Q6R327-3_RLTPSRIDF|0.655
Q13131|Q5UIP0_SIIDSLEIL|0.0
Q13131|Q5UIP0_EVWWYLLMR|0.624
Q13131|Q5UIP0_GGMATIPSI|0.0
Q13131|Q5UIP0_HPLISSPSF|0.0
Q13131|Q5UIP0_PLISSPSFF|0.0
Q13131|Q5UIP0_LLLKSLESI|0.008
Q13131|Q5UIP0_DRIIYIITV|0.469
Q13131|Q5UIP0_CIDFSPYNI|0.0
Q13131|Q5UIP0_DFSPYNIKY|0.0
Q13131|Q5UIP0_PQRPSDWSK|0.099
Q13131|Q5UIP0_PSDWSKKKN|0.486
Q13131|Q5UIP0_SGPYSDGTE|0.0
Q13131|Q5UIP0_GTENSQLNV|0.518
Q13131|Q5UIP0_LESSSLKVK|0.0
Q13131|Q5UIP0_IPAMYNNLD|0.321
Q13131|Q5UIP0_NLDVSQDTL|0.808
Q13131|Q5UIP0_VSQDTLFTQ|0.0
Q13131|Q5UIP0_DTLFTQYSQ|0.002
Q13131|Q5UIP0_LFTQYSQEE|0.0
Q13131|Q5UIP0_LEKSSLSNN|0.751
Q13131|Q5UIP0_KSSLSNNEC|0.614
Q13131|Q5UIP0_SPEMSNSNN|0.0
Q13131|Q5UIP0_EMSNSNNDE|0.0
Q13131|Q5UIP0_SSRKTSTEC|0.036
Q13131|Q5UIP0_SRKTSTECA|0.0
Q13131|Q5UIP0_RKTSTECAS|0.0
Q13131|Q5UIP0_TECASSTEN|0.0
Q13131|Q5UIP0_CASSTENSF|0.396
Q13131|Q5UIP0_STENSFVVS|0.0
Q13131|Q5UIP0_VVSSSSVSN|0.0
Q13131|Q5UIP0_TVAGTPPYP|0.0
Q13131|Q5UIP0_GTPPYPTSR|0.049
Q13131|Q5UIP0_PPYPTSRRQ|0.006
Q13131|Q5UIP0_QTFITLEKF|0.0
Q13131|Q5UIP0_KFDGSENRP|0.524
Q13131|Q5UIP0_LETNTVEEK|0.0
Q13131|Q5UIP0_INLESKENT|0.019
Q13131|Q5UIP0_SKENTPPVV|0.464
Q13131|Q5UIP0_PVVISADQM|0.402
Q13131|Q5UIP0_VNEDSQVQI|0.402
Q13131|Q5UIP0_TLRRSSRRR|0.0
Q13131|Q5UIP0_LRRSSRRRS|0.0
Q13131|Q5UIP0_EVVESTTES|0.0
Q13131|Q5UIP0_VVESTTESQ|0.0
Q13131|Q5UIP0_STTESQDKE|0.857
Q13131|Q5UIP0_IAEQTLQEN|0.627
Q13131|Q5UIP0_LHEKTLGET|0.605
Q13131|Q5UIP0_LGETSANAE|0.0
Q13131|Q5UIP0_IVDKSSEKL|0.597
Q13131|Q5UIP0_VDKSSEKLV|0.895
Q13131|Q5UIP0_QGLLSSIEN|0.526
Q13131|Q5UIP0_GLLSSIENS|0.098
Q13131|Q5UIP0_ESDSSEAKE|0.505
Q13131|Q5UIP0_YKATSEEDV|0.585
Q13131|Q5UIP0_EKNETSKYA|0.024
Q13131|Q5UIP0_ETSKYAEYS|0.0
Q13131|Q5UIP0_KYAEYSFTS|0.01
Q13131|Q5UIP0_YSFTSLPVP|0.001
Q13131|Q5UIP0_PVPESNLRT|0.248
Q13131|Q5UIP0_SLGESSKIG|0.062
Q13131|Q5UIP0_KIGISDISS|0.793
Q13131|Q5UIP0_LSEKTFQTL|0.65
Q13131|Q5UIP0_PQEKSLIGL|0.002
Q13131|Q5UIP0_GLKNTENND|0.0
Q13131|Q5UIP0_DVEISETKK|0.38
Q13131|Q5UIP0_EISETKKAD|0.009
Q13131|Q5UIP0_DEHHSVNFH|0.744
Q13131|Q5UIP0_SETKSKENT|0.0
Q13131|Q5UIP0_SKENTMQES|0.0
Q13131|Q5UIP0_TMQESLPSG|0.504
Q13131|Q5UIP0_DMDSSEAMS|0.008
Q13131|Q5UIP0_SEAMSLESQ|0.0
Q13131|Q5UIP0_ESQESPNEN|0.0
Q13131|Q5UIP0_CLGDSKNVS|0.002
Q13131|Q5UIP0_KPEETPKME|0.513
Q13131|Q5UIP0_KMELSLENV|0.513
Q13131|Q5UIP0_LENVTVEGN|0.001
Q13131|Q5UIP0_RNDDSEADT|0.402
Q13131|Q5UIP0_KEVATEEFN|0.808
Q13131|Q5UIP0_NSDISLSDN|0.55
Q13131|Q5UIP0_SDNTTPVKL|0.786
Q13131|Q5UIP0_GNDVSDLHS|0.736
Q13131|Q5UIP0_EGITTKTSK|0.413
Q13131|Q5UIP0_LASPSTSIL|0.306
Q13131|Q5UIP0_GLKRSQEDE|0.498
Q13131|Q5UIP0_EDEISSPVN|0.403
Q13131|Q5UIP0_ADPIYQAGL|0.001
Q13131|Q5UIP0_DRRCSIVRS|0.632
Q13131|Q5UIP0_VRSHSSNSS|0.024
Q13131|Q5UIP0_RSHSSNSSP|0.001
Q13131|Q5UIP0_SSNSSPIGK|0.551
Q13131|Q5UIP0_SPKVSNVKK|0.915
Q13131|Q5UIP0_WRSPSHENS|0.0
Q13131|Q5UIP0-2_KSVKTSPTT|0.0
Q13131|Q5UIP0-2_QSKISEMAK|0.0
Q13131|Q13278_ISVVYLRCP|0.0
Q13131|O95786_EEVQYIQAE|0.327
Q13131|O95786_KDVETEDLE|0.473
Q13131|O95786_ESRISDKFK|0.481
Q13131|O95786_DKFKYIIAQ|0.266
Q13131|O95786_IHVKYKTFE|0.0
Q13131|P50479_LRGPSPWGF|0.0
Q13131|P50479_VHAGSKAAL|0.459
Q13131|P50479_PEGRSWPSA|0.003
Q13131|P50479_RPSGTGTGP|0.0
Q13131|P50479_SGTGTGPED|0.537
Q13131|P50479_PSLGSPYGQ|0.398
Q13131|P50479_LGSPYGQPP|0.459
Q13131|P50479_PAQMSTLHV|0.313
Q13131|P50479_TLHVSPPPS|0.001
Q13131|P50479_VDLGSEVYR|0.004
Q13131|P50479_GSEVYRMLR|0.622
Q13131|P50479_GAPLSGLQG|0.359
Q13131|P50479_GIVGTIVKA|0.007
Q13131|P50479_KQRGYFFLD|0.617
Q13131|P50479_PPEGYDVVA|0.0
Q13131|Q96NA2_GKAESSEDE|0.0
Q13131|Q96NA2_KAESSEDET|0.0
Q13131|Q96NA2_DETSSPAPS|0.0
Q13131|Q96NA2_SPAPSKLGG|0.0
Q13131|Q96NA2_AQPQSPAPD|0.0
Q13131|Q5EBL4_DVNFSEEEF|0.269
Q13131|Q5EBL4_VGEESISDA|0.0
Q13131|Q5EBL4_NELKSKVFL|0.0
Q13131|Q5EBL4_EELAYYKSE|0.0
Q13131|Q5EBL4_ELAYYKSEE|0.0
Q13131|Q5EBL4_HPRTSPQPE|0.0
Q13131|Q5EBL4_KRLFSFFSR|0.0
Q13131|Q5EBL4_FSFFSRDKK|0.0
Q13131|Q5EBL4_HIQESFGQW|0.0
Q13131|O15034_TSRGSSDEL|0.2
Q13131|O15034_SRGSSDELQ|0.0
Q13131|O15034_AWEQSRAPG|0.016
Q13131|O15034_LEKRSVFLE|0.0
Q13131|O15034_FLERSSAGQ|0.0
Q13131|O15034_LERSSAGQY|0.698
Q13131|O15034_QYAASDEED|0.272
Q13131|O15034_EEDAYDSPD|0.004
Q13131|O15034_RRGASVDDF|0.0
Q13131|O15034_DEYHTESSR|0.0
Q13131|O15034_YHTESSRGS|0.0
Q13131|O15034_HTESSRGSD|0.0
Q13131|O15034_GNPASAGRV|0.368
Q13131|O15034_RDRLSPDFY|0.531
Q13131|Q9UFD9_RGHCSRPGA|0.365
Q13131|Q9UFD9_RPGASEVSA|0.003
Q13131|Q9UFD9_ASEVSAAQC|0.0
Q13131|Q9UFD9_SRRLSPPPS|0.48
Q13131|Q9UFD9_SPPPSPLPP|0.0
Q13131|Q9UFD9_RPEDYAVSQ|0.013
Q13131|Q9UFD9_VRVGSKTEV|0.009
Q13131|Q9UFD9_PHVVYLDDR|0.059
Q13131|Q9UFD9_SAKASPHNP|0.052
Q13131|Q9UFD9_LFQKSPQNH|0.509
Q13131|Q9UFD9_GTSKSPAPG|0.008
Q13131|Q9UFD9_TGANTPARV|0.007
Q13131|Q9UFD9_RVWGSQDTH|0.038
Q13131|Q9UFD9_DFYLSECNR|0.0
Q13131|A6NNM3_RGHCSRPGA|0.0
Q13131|A6NNM3_RPGASEVSA|0.0
Q13131|A6NNM3_ASEVSAAQC|0.0
Q13131|A6NNM3_SRRLSPPPS|0.0
Q13131|A6NNM3_SPPPSPLPP|0.0
Q13131|A6NNM3_RPEDYAVSQ|0.0
Q13131|A6NNM3_VRVGSKTEV|0.0
Q13131|A6NNM3_PHVVYLDDR|0.0
Q13131|A6NNM3_SAKASPHNP|0.0
Q13131|A6NNM3_LFQKSPQNH|0.0
Q13131|A6NNM3_TGANTPARV|0.0
Q13131|A6NNM3_RVWGSQDTH|0.0
Q13131|A6NNM3_DFYLSECNR|0.0
Q13131|A6NJZ7_RGHCSRPGA|0.304
Q13131|A6NJZ7_RPGASEVSA|0.276
Q13131|A6NJZ7_ASEVSAAQC|0.0
Q13131|A6NJZ7_SRRLSPPPS|0.293
Q13131|A6NJZ7_SPPPSPLPP|0.001
Q13131|A6NJZ7_RPEDYAVSQ|0.013
Q13131|A6NJZ7_VRVGSKTEV|0.015
Q13131|A6NJZ7_PHVVYLDDR|0.066
Q13131|A6NJZ7_SAKASPHNP|0.012
Q13131|A6NJZ7_LFQKSPQNH|0.31
Q13131|A6NJZ7_TGANTPARV|0.027
Q13131|A6NJZ7_RVWGSQDTH|0.017
Q13131|A6NJZ7_DFYLSECNR|0.003
Q13131|Q9ULI2_IREDYPQKE|0.013
Q13131|Q9ULI2_NMSASSSSV|0.187
Q13131|Q9ULI2_SSVDSDPES|0.0
Q13131|Q9ULI2_DPESTEREL|0.008
Q13131|A6NDU8_ISFLSEPEI|0.0
Q13131|A6NDU8_KKYVSVCEG|0.209
Q13131|Q86UR5_SRSQTPLST|0.594
Q13131|Q86UR5_EKGRSQDYP|0.758
Q13131|Q86UR5_TRYRSDPNL|0.0
Q13131|Q86UR5_ERRHSDVAL|0.961
Q13131|Q86UR5_ALPRTEAGA|0.0
Q13131|Q86UR5_LTNHSPPAP|0.0
Q13131|Q86UR5_LRNDSLSSD|0.848
Q13131|Q86UR5_VKKGSLADV|0.739
Q13131|Q86UR5_PPLESSSSS|0.0
Q13131|Q86UR5_PLESSSSSF|0.0
Q13131|Q86UR5_ISVISPTSP|0.0
Q13131|Q86UR5_ISPTSPGAL|0.218
Q13131|Q86UR5_PRNPYVKMY|0.0
Q13131|Q86UR5_YVKMYFLPD|0.002
Q13131|Q86UR5_LPQPSPFMP|0.063
Q13131|Q86UR5_PPVGYRSSA|0.291
Q13131|Q86UR5_GKPRSRLPN|0.0
Q13131|Q86UR5_PLQRSLDEI|0.773
Q13131|Q86UR5_HHDASRSPV|0.202
Q13131|Q86UR5_WNIYSSILP|0.002
Q13131|Q86UR5_NIYSSILPA|0.442
Q13131|Q86UR5_TKTKSVTRQ|0.0
Q13131|Q86UR5_RRPPSPRIQ|0.0
Q13131|Q86UR5_NDRHSRKSE|0.523
Q13131|Q86UR5_TRKGTASDA|0.336
Q13131|Q86UR5_PTCLSRRGH|0.0
Q13131|Q86UR5_HRQRSPTQS|0.085
Q13131|Q86UR5_QRSPTQSPP|0.691
Q13131|Q86UR5_SPTQSPPAD|0.262
Q13131|Q86UR5_PPADTSFSS|0.0
Q13131|Q86UR5_DQYRSCDNV|0.792
Q13131|Q86UR5_VSAKSSDSD|0.0
Q13131|Q86UR5_DSDVSDVSA|0.468
Q13131|Q86UR5_VSDVSAISR|0.0
Q13131|Q86UR5_ISRTSSASR|0.0
Q13131|Q86UR5_TSSASRLSS|0.101
Q13131|Q86UR5_KRRSSLSAK|0.0
Q13131|Q86UR5_RSSLSAKVV|0.0
Q13131|Q86UR5_VAIVSRRSR|0.232
Q13131|Q86UR5_SRSTSQLSQ|0.888
Q13131|Q86UR5_QLSQTESGH|0.404
Q13131|Q86UR5_SQTESGHKK|0.63
Q13131|Q86UR5_TPAPYVKVY|0.0
Q13131|Q86UR5_YVKVYLLEN|0.0
Q13131|Q86UR5_VFDESPQGK|0.522
Q13131|Q86UR5-12_TRKGTASDA|0.0
Q13131|Q86UR5-12_KGTASDAER|0.0
Q13131|Q86UR5-6_VPVRSGSIE|0.0
Q13131|Q86UR5-6_VRSGSIEQE|0.0
Q13131|Q9UQ26_KEPQTKLHQ|0.0
Q13131|Q9UQ26_TRQHSIKNG|0.0
Q13131|Q9UQ26_DRKRSPSVS|0.0
Q13131|Q9UQ26_KRSPSVSRD|0.0
Q13131|Q9UQ26_EYSQYATSD|0.0
Q13131|Q9UQ26_SQYATSDTA|0.0
Q13131|Q9UQ26_QYATSDTAM|0.0
Q13131|Q9UQ26_AMPRSPSDY|0.0
Q13131|Q9UQ26_HSKEYIVDD|0.0
Q13131|Q9UQ26_EDVESRDEY|0.0
Q13131|Q9UQ26_SRDEYERQR|0.0
Q13131|Q9UQ26_SRYRSDPNL|0.0
Q13131|Q9UQ26_QRSYSMERT|0.0
Q13131|Q9UQ26_SMERTREAQ|0.0
Q13131|Q9UQ26_AQGPSSYAQ|0.0
Q13131|Q9UQ26_TTNHSPPTP|0.0
Q13131|Q9UQ26_HSPPTPRRS|0.0
Q13131|Q9UQ26_TPRRSPLPI|0.0
Q13131|Q9UQ26_LRNDSLSSD|0.389
Q13131|Q9UQ26_SSDQSESVR|0.0
Q13131|Q9UQ26_DQSESVRPP|0.0
Q13131|Q9UQ26_KMTESGRLC|0.0
Q13131|Q9UQ26_CAFITKVKK|0.0
Q13131|Q9UQ26_QLIVTILGA|0.0
Q13131|Q9UQ26_TVKKTLEPK|0.0
Q13131|Q9UQ26_KWNQTFIYS|0.0
Q13131|Q9UQ26_LPHPSPYMP|0.0
Q13131|Q9UQ26_LHGESPTRR|0.0
Q13131|Q9UQ26_VIGRTRSWS|0.0
Q13131|Q9UQ26_TRSWSPSVP|0.0
Q13131|Q9UQ26_PPPQSRNVE|0.0
Q13131|Q9UQ26_RGTRTMTGH|0.004
Q13131|Q9UQ26_TRTMTGHYN|0.0
Q13131|Q9UQ26_DDHYSPDRD|0.0
Q13131|Q9UQ26_HRSRSTEQR|0.177
Q13131|Q9UQ26_RSRSTEQRP|0.0
Q13131|Q9UQ26_LLERTTTRS|0.0
Q13131|Q9UQ26_MTGRSAPPS|0.0
Q13131|Q9UQ26_SAPPSPALS|0.0
Q13131|Q9UQ26_PRTGSVQTS|0.007
Q13131|Q9UQ26_GSVQTSPSS|0.0
Q13131|Q9UQ26_SVQTSPSST|0.0
Q13131|Q9UQ26_QTSPSSTPV|0.0
Q13131|Q9UQ26_KKLRSTVQR|0.0
Q13131|Q9UQ26_TVQRSTETG|0.0
Q13131|Q9UQ26_VKPGSKTLP|0.0
Q13131|Q9UQ26_ASQSSLESS|0.0
Q13131|Q9UQ26_LESSTGPSY|0.0
Q13131|Q9UQ26_GPSYSRS__|0.0
Q13131|Q9UJD0_VRSSSISGE|0.0
Q13131|Q9UJD0_KRRSSLGAK|0.0
Q13131|Q9UJD0_VEMRSRVTR|0.0
Q13131|Q9UJD0_TRQGSREST|0.0
Q13131|Q9UJD0_SRESTDGST|0.0
Q13131|Q9UJD0_IFPTTRLGA|0.0
Q13131|Q9UJD0_CDPLYQQAL|0.0
Q13131|Q9UJD0_SSLESATSP|0.0
Q13131|Q9UJD0_LESATSPSC|0.0
Q13131|Q9UJD0_ESATSPSCS|0.0
Q13131|Q9UJD0_SPSCS____|0.0
Q13131|Q9H426_AKPGSKTLP|0.0
Q13131|Q9H426_LSLESTVGP|0.0
Q13131|Q13671_VPNASGGQA|0.0
Q13131|Q13671_RLLLTRPVW|0.0
Q13131|Q13671_EPPGTFLVR|0.0
Q13131|Q13671_LDQGTGAAL|0.025
Q13131|Q13671_DLGPTKREK|0.0
Q13131|Q13671_KFKRSFKVR|0.581
Q13131|Q13671_TETSSPLSP|0.0
Q13131|Q13671_SSVGYRVPA|0.0
Q13131|Q13671_GVPGSRGSP|0.0
Q13131|Q13671_GSPATSPHL|0.428
Q13131|Q13671_PLLRSMSAA|0.516
Q13131|Q13671_QDRHTAAGQ|0.002
Q13131|Q13671_QDLLTQVRA|0.0
Q13131|Q13671_RQALSRARA|0.001
Q13131|Q13671_EKLLSPKRL|0.003
Q13131|Q13671_LRVAYQDPS|0.0
Q13131|Q13671_GLFLYKEQG|0.002
Q13131|Q13671_KEQGYHRLP|0.001
Q13131|Q13671_RLPTTGYLV|0.0
Q13131|Q13671_PTTGYLVYR|0.0
Q13131|Q13671_GYLVYRRAE|0.0
Q13131|Q13671_GVKASPRDI|0.68
Q13131|Q8WYP3_DGGYSEEED|0.025
Q13131|Q8WYP3_RDSGYDSLS|0.138
Q13131|Q8WYP3_SGYDSLSNR|0.52
Q13131|Q8WYP3_LKVHSQDLS|0.186
Q13131|Q8WYP3_KRPSTRTPN|0.0
Q13131|Q8WYP3_PSTRTPNAN|0.017
Q13131|Q8WYP3_NANGTERTR|0.003
Q13131|Q8WYP3_GTERTRSPP|0.001
Q13131|Q8WYP3_ERTRSPPPR|0.002
Q13131|Q8WYP3_PAINSLHTS|0.0
Q13131|Q8WYP3_SLHTSPRLA|0.031
Q13131|Q8WYP3_TETQTSMPE|0.0
Q13131|Q8WYP3_SMPETVNHN|0.003
Q13131|Q8WYP3_KKQASFLEA|0.761
Q13131|Q8WYP3_GTAGSPGGA|0.001
Q13131|Q8WYP3_KKKRSSSFV|0.818
Q13131|Q8WYP3_KKRSSSFVL|0.001
Q13131|Q8WYP3_KRSSSFVLP|0.665
Q13131|Q8WYP3_LQKVSGVFS|0.0
Q13131|Q8WYP3_SGVFSSFMT|0.102
Q13131|Q8WYP3_RQFMTQVKN|0.001
Q13131|Q8WYP3_MQKMYSPEK|0.0
Q13131|Q8WYP3_RTIPSVDDF|0.0
Q13131|Q8WYP3_DFQNYLRVA|0.147
Q13131|Q8TB24_SDATSPTSR|0.003
Q13131|Q8TB24_SERVSLEDQ|0.0
Q13131|Q8TB24_SDPHSMPEL|0.111
Q13131|Q8TB24_LETPTPGPP|0.0
Q13131|Q8TB24_KKKPSMILG|0.051
Q13131|Q8TB24_RHRLSFASF|0.002
Q13131|Q8TB24_ARQTSSTEM|0.0
Q13131|Q8TB24_PGKPYGADD|0.0
Q13131|Q8TB24_PVLMYVLAR|0.0
Q13131|Q8TB24_TRQLSVEVQ|0.0
Q13131|Q8TB24_KARASRSSV|0.002
Q13131|Q8TB24_QQARTLASR|0.001
Q13131|Q8TB24_RTLASRADT|0.0
Q13131|Q06587____MTTPAN|0.605
Q13131|Q06587___MTTPANA|0.6
Q13131|Q06587_AQNASKTWE|0.864
Q13131|Q06587_ELSLYELHR|0.559
Q13131|Q06587_IMDGTEIAV|0.669
Q13131|Q06587_VSKRSLRPD|0.995
Q13131|Q06587_SREEYEAHQ|0.594
Q13131|Q06587_QQALSSSIE|0.613
Q13131|Q06587_QALSSSIEE|0.904
Q13131|Q06587_GAGGSSVGT|0.77
Q13131|Q06587_CYAPTKDPK|0.451
Q13131|Q6ZS11_IASDSGGPH|0.0
Q13131|Q6ZS11_CRDVYAGLA|0.0
Q13131|Q6ZS11_YQPETDRAP|0.0
Q13131|Q6ZS11_PRGLSSEAR|0.0
Q13131|Q6ZS11_RGLSSEARA|0.0
Q13131|Q6ZS11_EARASLHQW|0.576
Q13131|Q6NUQ1_EIGASPAAP|0.527
Q13131|Q6NUQ1_CCSESGDER|0.25
Q13131|Q6NUQ1_EQVLTISSE|0.421
Q13131|Q6NUQ1_VLTISSEIP|0.418
Q13131|Q6NUQ1_LTISSEIPK|0.568
Q13131|Q6NUQ1_PASPSVILP|0.833
Q13131|Q6NUQ1_YKDITDVDE|0.426
Q13131|Q6NUQ1_LSLPSQSEQ|0.904
Q13131|Q6NUQ1_PLLLTLRDH|0.468
Q13131|Q6NUQ1_LNVGSALLL|0.753
Q13131|Q9BRS2_LAKGYVWNG|0.03
Q13131|Q9BRS2_WNGGSNPQA|0.552
Q13131|Q9BRS2_SDSSSAKMS|0.0
Q13131|Q9BRS2_AKMSTPADK|0.001
Q13131|Q9BRS2_FKMLTRGII|0.799
Q13131|Q9BRS2_ANGESRAIK|0.087
Q13131|Q9BRS2_DRDKYVSGE|0.753
Q13131|Q9BRS2_DKYVSGEFR|0.016
Q13131|Q9BRS2_EVKNYERDM|0.015
Q13131|Q9BRS2_DNILYQTVT|0.683
Q13131|Q9BRS2_ILYQTVTGL|0.006
Q13131|Q9BRS2_YQTVTGLKK|0.032
Q13131|Q9BRS2_VEERTCSDS|0.001
Q13131|Q9BRS2_ECSDTDSEE|0.0
Q13131|Q9BVS4_FRVLTAVEM|0.533
Q13131|Q9BVS4_RLGRTSFRN|0.0
Q13131|Q9BVS4_LGRTSFRNL|0.519
Q13131|Q9BVS4_KPIDYNRHA|0.012
Q13131|Q9BVS4_KAEVYGSEN|0.257
Q13131|Q9BVS4_SENESERNC|0.628
Q13131|Q9BVS4_SEGCYCRSS|0.225
Q13131|Q9BVS4_NNSVTEFSE|0.0
Q13131|Q9BVS4_RTENYNRQD|0.212
Q13131|Q9BVS4_IALSSLNRE|0.677
Q13131|Q9BVS4_YRTRTLSIT|0.0
Q13131|Q9BVS4_TLSITSSGS|0.0
Q13131|Q9BVS4_LSITSSGSA|0.0
Q13131|Q9BVS4_SITSSGSAV|0.626
Q13131|Q9BVS4_TSSGSAVSC|0.0
Q13131|Q9BVS4_KRQLTKQQK|0.0
Q13131|O14730_FNGDSKVSI|0.435
Q13131|O14730_DSKVSISFE|0.004
Q13131|O14730_SFENYRKVH|0.0
Q13131|O14730_RDDPYRPAK|0.284
Q13131|O14730_KPVPTPKKG|0.367
Q13131|O14730_RKAASFLKD|0.0
Q13131|O14730_PPLLYDE__|0.003
Q13131|P52594_RGPTYVNMT|0.0
Q13131|P52594_SVHASISGS|0.539
Q13131|P52594_HASISGSSA|0.0
Q13131|P52594_ISGSSASST|0.0
Q13131|P52594_GSSASSTSS|0.0
Q13131|P52594_SASSTSSTP|0.37
Q13131|P52594_KPLKSLLGD|0.595
Q13131|P52594_NFPKSSSAD|0.005
Q13131|P52594_PKSSSADFG|0.647
Q13131|P52594_ADFGTFNTS|0.121
Q13131|P52594_GTFNTSQSH|0.0
Q13131|P52594_QSHQTASAV|0.0
Q13131|P52594_AGLQTADKY|0.594
Q13131|P52594_VSVPSQSSA|0.719
Q13131|P52594_PSQSSASSD|0.589
Q13131|P52594_TPAPYSLPT|0.0
Q13131|P52594_NPFMTGAPT|0.0
Q13131|P52594_PTGSSSTNP|0.0
Q13131|P52594_TGSSSTNPF|0.0
Q13131|P52594_GSSSTNPFL|0.305
Q13131|P48552_RKRLSDSIM|0.828
Q13131|P48552_RLSDSIMNL|0.542
Q13131|P48552_GMVDSVPKG|0.542
Q13131|P48552_DLRCYGVAS|0.352
Q13131|P48552_SHLKTLLKK|0.05
Q13131|P48552_EKNTSPQGV|0.65
Q13131|P48552_YARTSVIES|0.695
Q13131|P48552_SVIESPSTN|0.05
Q13131|P48552_TNRTTPVST|0.17
Q13131|P48552_TTPVSTPPL|0.0
Q13131|P48552_TPVSTPPLL|0.0
Q13131|P48552_TNTASNHSM|0.111
Q13131|P48552_ASNHSMDLT|0.431
Q13131|P48552_SMDLTKSKD|0.238
Q13131|P48552_KQLLTGNTD|0.273
Q13131|P48552_LTGNTDKPI|0.26
Q13131|P48552_KRKLYTEPL|0.0
Q13131|P48552_RKLYTEPLE|0.0
Q13131|P48552_LEFKYPAGH|0.0
Q13131|P48552_SASESEHRS|0.0
Q13131|P48552_NRTFSYPGV|0.266
Q13131|P48552_GVVKTPVSP|0.0
Q13131|P48552_KTPVSPTFP|0.18
Q13131|P48552_NPILYYMLQ|0.24
Q13131|P48552_REASSAESV|0.445
Q13131|P48552_AESVSQVTA|0.43
Q13131|P48552_ELLPTAETK|0.515
Q13131|Q13546_FGKVSLCFH|0.02
Q13131|Q13546_CFHRTQGLM|0.0
Q13131|Q13546_KKEYSNENA|0.0
Q13131|Q13546_VAVPSSRSN|0.134
Q13131|Q13546_AVPSSRSNS|0.558
Q13131|Q13546_RRRVSHDPF|0.668
Q13131|Q13546_QQRPYENFQ|0.0
Q13131|Q13546_PQVLYQNNG|0.0
Q13131|Q13546_NNGLYSSHG|0.012
Q13131|Q13546_NGLYSSHGF|0.0
Q13131|Q13546_GLYSSHGFG|0.0
Q13131|Q13546_LDPGTAGPR|0.0
Q13131|Q13546_PRVWYRPIP|0.0
Q13131|Q13546_ESIKYTIYN|0.0
Q13131|Q13546_KYTIYNSTG|0.004
Q13131|Q13546_GFTQSQIDE|0.0
Q13131|Q13546_DLLSSLIYV|0.0
Q13131|O43353_ADLRYLSRG|0.412
Q13131|O43353_QSVSSAIHL|0.0
Q13131|O43353_ENSGSPETS|0.001
Q13131|O43353_NDFLSRKAQ|0.0
Q13131|O43353_DSTISGSQR|0.004
Q13131|O43353_CDHKTTPCS|0.0
Q13131|O43353_DHKTTPCSS|0.079
Q13131|O43353_TAGNSERLQ|0.0
Q13131|Q9Y572_DFGLSTFQG|0.0
Q13131|Q9Y572_FGLSTFQGG|0.0
Q13131|Q9Y572_QNRPSLAEL|0.177
Q13131|Q9Y572_AGPETPGLE|0.0
Q13131|Q9Y572_NAAVSTVKD|0.001
Q13131|Q9Y572_AAVSTVKDF|0.0
Q13131|Q9Y572_NRRFSIPES|0.72
Q13131|Q9Y572_SIPESGQGG|0.216
Q13131|Q9Y572_GQGGTEMDG|0.0
Q13131|Q9Y572_ENQHSRNDV|0.642
Q13131|Q9Y572_EEPPSSVPK|0.0
Q13131|Q9Y572_LTKRSRAQE|0.0
Q13131|Q9Y572_NQMPSPTST|0.0
Q13131|Q9Y572_MPSPTSTGT|0.001
Q13131|Q5TAB7_GAEGTESGA|0.0
Q13131|Q5TAB7_GPGMTAASG|0.002
Q13131|Q5TAB7_SGKLYQFRH|0.605
Q13131|Q92963_SCCSSPAGL|0.0
Q13131|Q92963_PAGLSREYK|0.0
Q13131|Q92963_LSREYKLVM|0.247
Q13131|Q92963_RVRRTDDTP|0.0
Q13131|Q92963_AAYRYYIDD|0.0
Q13131|Q92963_AYRYYIDDV|0.0
Q13131|Q99578_CSPGSASGG|0.0
Q13131|Q99578_PGSASGGSR|0.0
Q13131|Q99578_ASGGSREYK|0.017
Q13131|Q96K30_GKEASKALG|0.001
Q13131|Q96K30_GAKGSCETT|0.001
Q13131|Q96K30_GSCETTPSR|0.002
Q13131|Q96K30_SCETTPSRG|0.317
Q13131|Q96K30_ETTPSRGST|0.0
Q13131|Q96K30_SRGSTPTLT|0.0
Q13131|Q96K30_TPTLTPRKK|0.159
Q13131|Q96K30_HTPSYCDES|0.0
Q13131|Q96K30_ALLWTPPPT|0.29
Q13131|Q96K30_TPPPTPRGS|0.0
Q13131|Q96K30_SRARSVSIS|0.0
Q13131|Q96K30_ARSVSISVP|0.582
Q13131|Q96K30_SVSISVPST|0.0
Q13131|Q96K30_ISVPSTPRR|0.406
Q13131|Q86XN8_SRKKSVNMT|0.594
Q13131|Q86XN8_TYIKTPVRG|0.04
Q13131|Q86XN8_PEAFYAGSR|0.0
Q13131|Q86XN8_GARRSSGAG|0.551
Q13131|Q86XN8_ARRSSGAGT|0.716
Q13131|Q86XN8_RHSPTLPEP|0.445
Q13131|Q86XN8_PSASSAPAL|0.394
Q13131|Q86XN8_PACRTPATQ|0.001
Q13131|Q86XN8-3_ICGKSEPEC|0.0
Q13131|Q86XN8-3_PACRTPATQ|0.0
Q13131|Q86XN8-3_IRVETETPQ|0.0
Q13131|Q86XN8-3_VETETPQPG|0.0
Q13131|Q86XN8-3_PGGASALQR|0.0
Q13131|Q86XN8-3_LQRQY____|0.0
Q13131|Q5U5Q3_LLLLSPPAA|0.388
Q13131|Q5U5Q3_LRRKSVNTT|0.808
Q13131|Q5U5Q3_TYIKTPVRG|0.151
Q13131|Q5U5Q3_QQTHTYIVT|0.01
Q13131|Q5U5Q3_YRNDSSSSL|0.794
Q13131|Q5U5Q3_GSGSTDSYF|0.005
Q13131|Q5U5Q3_SQPSTPRLS|0.419
Q13131|Q5U5Q3_RLSPTFPES|0.631
Q13131|Q6ZN04_GASLYDSEP|0.0
Q13131|Q6ZN04_SLYDSEPRK|0.509
Q13131|Q6ZN04_PRKKSVNMT|0.993
Q13131|Q6ZN04_QQTHTYIVT|0.333
Q13131|Q6ZN04_NDSSSSLGS|0.185
Q13131|Q6ZN04_GSASTDSYF|0.004
Q13131|Q6ZN04_GGGTSSSAA|0.03
Q13131|Q6ZN04_GGTSSSAAA|0.032
Q13131|Q6ZN04_LHPGTSCPR|0.0
Q13131|Q6ZN04_CPRLSPPLH|0.478
Q13131|Q6ZN04_SGSSSSSSS|0.006
Q13131|Q6ZN04_GSSSSSSSS|0.0
Q13131|Q6ZN04_SSSSSSSSS|0.0
Q13131|A1L020_LCALYKEAE|0.0
Q13131|A1L020_SSNTTECVP|0.001
Q13131|A1L020_SRNKSGAAF|0.0
Q13131|A1L020_PKGATIKRI|0.015
Q13131|A1L020_FLAGSPDAA|0.001
Q13131|A1L020_RSPATSAGP|0.006
Q13131|A1L020_SPATSAGPE|0.0
Q13131|A1L020_LQGFSKLGG|0.623
Q13131|A1L020_ICERTDPEC|0.0
Q13131|P30086_LSKWSGPLS|0.438
Q13131|P30086_SGPLSLQEV|0.667
Q13131|P30086_PLHVTYAGA|0.576
Q13131|P30086_DGLDSGKLY|0.766
Q13131|P30086_SGKLYTLVL|0.794
Q13131|P30086_TLVLTDPDA|0.405
Q13131|P30086_PDAPSRKDP|0.611
Q13131|P30086_KDPKYREWH|0.002
Q13131|P30086_GTVLSDYVG|0.469
Q13131|P30086_VLSDYVGSG|0.524
Q13131|P30086_AGTCYQAEW|0.347
Q13131|P30086_EWDDYVPKL|0.364
Q13131|P30086_VPKLYEQLS|0.735
Q13131|P30086_YEQLSGK__|0.584
Q13131|P12271_LEQLTTKDH|0.071
Q13131|P12271_HQPWYFTTT|0.49
Q13131|P12271_FTTTYNVVK|0.447
Q13131|Q8IUQ0_ERECSPKLM|0.001
Q13131|Q8IUQ0_VEAGTLKHE|0.0
Q13131|Q5SYC1_DQSRYTLVD|0.0
Q13131|Q5SYC1_TWARTLLDH|0.027
Q13131|Q5SYC1_LDHEYDDDS|0.0
Q13131|Q5SYC1_YDDDSEYNV|0.016
Q13131|Q5SYC1_DDSEYNVDS|0.0
Q13131|Q5SYC1_KRSQSVVDP|0.597
Q13131|Q13129_APGASGLRP|0.0
Q13131|Q13129_WQLETELRE|0.0
Q13131|Q13129_EHIVYLLEV|0.0
Q13131|Q13129_LLEVYRLAI|0.0
Q13131|Q13129_RLVLSCFEL|0.0
Q13131|Q13129_QEGPSFLQM|0.0
Q13131|Q13129_FLSDYDEGK|0.0
Q13131|Q13129_LLKGSQKGI|0.896
Q13131|Q13129_EQNHSLNDQ|0.686
Q13131|Q13129_DRDLYPCPG|0.0
Q13131|Q13129_ARFGSVNEL|0.0
Q13131|Q13129_LLNQTDKSH|0.0
Q13131|Q13129_VFGPSSLKE|0.0
Q13131|Q13129_TNSDSPDEG|0.0
Q13131|Q13129_YEFVTREAL|0.0
Q13131|Q13129_LLMHYLKKH|0.0
Q13131|Q13129_KGDCSAELG|0.009
Q13131|Q13129_KDECSSETD|0.0
Q13131|Q13129_DECSSETDL|0.0
Q13131|Q13129_TDLESSCEE|0.0
Q13131|Q13129_EETESKTSD|0.0
Q13131|Q13129_ESKTSDISS|0.475
Q13131|Q13129_SDISSPIGS|0.0
Q13131|Q13129_CIHKTCNSS|0.0
Q13131|Q13129_MSSAYLEQQ|0.0
Q13131|Q13129_EHSHSPGDS|0.0
Q13131|Q13129_KIENSIPNP|0.0
Q13131|Q13129_NPNGTESGT|0.0
Q13131|Q13129_CVGSS____|0.413
Q13131|Q8WXF3_RAAPYGVRL|0.0
Q13131|Q9NSD7_GLYHSQKVL|0.206
Q13131|Q9NSD7_SGGRYDLLP|0.0
Q13131|Q9NSD7_SSSAY____|0.0
Q13131|Q6F5E8_FRRPTPASM|0.0
Q13131|Q6F5E8_PTPASMLAR|0.0
Q13131|Q6F5E8_WDVDTIYHR|0.0
Q13131|Q6F5E8_VDTIYHRQG|0.001
Q13131|Q6F5E8_CRHFSLGDF|0.0
Q13131|Q6F5E8_LGDFSHLGS|0.0
Q13131|Q6F5E8_LRRLSLAQT|0.008
Q13131|Q6F5E8_SLAQTGLTP|0.0
Q13131|Q6F5E8_QTGLTPRGM|0.004
Q13131|Q6F5E8_RPELTARAV|0.0
Q13131|Q6F5E8_LAGLSAARD|0.002
Q13131|Q6F5E8_EGGATPVPR|0.0
Q13131|Q6F5E8_PVPRTLRKK|0.0
Q13131|Q6F5E8_TDLETSPGA|0.0
Q13131|Q6F5E8_DLETSPGAA|0.0
Q13131|Q6F5E8_GDTSSPDPA|0.0
Q13131|Q6F5E8_DSKAYSMIL|0.0
Q13131|Q6F5E8_ERGETELAP|0.0
Q13131|Q6F5E8_VSRGSGGAE|0.002
Q13131|Q6F5E8_SRTHSVSAD|0.0
Q13131|Q6F5E8_PGPGSQGPE|0.0
Q13131|Q6F5E8_PGPPSPGQS|0.0
Q13131|Q6F5E8_SPGQSPSPC|0.0
Q13131|Q6F5E8_GQSPSPCRT|0.0
Q13131|Q6F5E8_SPCRTSPSP|0.002
Q13131|Q6F5E8_PCRTSPSPD|0.0
Q13131|Q6F5E8_RTSPSPDSL|0.003
Q13131|Q6F5E8_PSPDSLGLP|0.0
Q13131|Q6F5E8_PRPLSAGRR|0.389
Q13131|Q6F5E8_RRAVSVHED|0.501
Q13131|Q6F5E8_RLQRSPVLK|0.001
Q13131|Q6F5E8_EAPPSPSLG|0.0
Q13131|Q6F5E8_PPSPSLGSG|0.003
Q13131|Q6F5E8_SPERSPPSP|0.0
Q13131|Q6F5E8_RSPPSPATD|0.0
Q13131|Q96DM3_QECKTKNAN|0.0
Q13131|Q96DM3_VTSQSPVPC|0.0
Q13131|Q96DM3_LKRLSTAND|0.0
Q13131|Q96DM3_KRLSTANDE|0.0
Q13131|Q96DM3_EVLLSKHQV|0.289
Q13131|Q96DM3_NMLFYTIFR|0.494
Q13131|Q9H9A7__MNVTSIAL|0.695
Q13131|Q9H9A7_RGKNTTNDL|0.818
Q13131|Q9H9A7_GKNTTNDLV|0.0
Q13131|Q9H9A7_EAQVTPKPW|0.436
Q13131|Q9H9A7_EAKPSRMLM|0.525
Q13131|Q9H9A7_DLVVSVIPN|0.512
Q13131|Q9H9A7_ELLASLDEN|0.01
Q13131|Q9H9A7_SSSNTIPTR|0.601
Q13131|Q9H9A7_NTIPTRQSS|0.045
Q13131|Q9H9A7_PTRQSSFEP|0.01
Q13131|Q9H9A7_NPNTTNNFS|0.861
Q13131|Q9H9A7_TNNFSLTCK|0.804
Q13131|Q9H9A7_SEQMTNEDK|0.003
Q13131|Q9H9A7_NEDKSFGCP|0.268
Q13131|Q9H9A7_DQNRSIFSV|0.719
Q13131|Q9H9A7_RSIFSVHCN|0.961
Q13131|Q9H9A7_AHDFTNKEK|0.715
Q13131|Q9H9A7_EVVNYVQKR|0.77
Q13131|Q9H9A7_QKRNSQISN|0.957
Q13131|Q9H9A7_NLSSSGGIW|0.624
Q13131|Q96E14_RLPRSPPLK|0.199
Q13131|Q9NWS8_VKDKTMKHV|0.001
Q13131|Q9NWS8_IKLNSELDL|0.719
Q13131|Q9H871_KKCWYHSIF|0.0
Q13131|Q9H871_LRQQTTDNN|0.0
Q13131|Q9H871_GHIISRDAL|0.0
Q13131|Q9H871_LKCPYCPME|0.0
Q13131|Q9H871_PMEQSPGDA|0.003
Q13131|Q96G75_GSLVYLRLG|0.528
Q13131|O94763_PTVETPPDP|0.0
Q13131|O94763_PPDPSPPSA|0.0
Q13131|O94763_VRINTGKNT|0.001
Q13131|O94763_TGKNTTLKF|0.0
Q13131|O94763_GKNTTLKFS|0.0
Q13131|O94763_TLKFSEKKE|0.0
Q13131|O94763_NSTGSGHSA|0.0
Q13131|O94763_GSGHSAQEL|0.472
Q13131|O94763_VNGEYVPRK|0.0
Q13131|O94763_VPRKSILKS|0.0
Q13131|O94763_SRENSVCSD|0.0
Q13131|O94763_NSVCSDTSE|0.0
Q13131|O94763_TSESSAAEF|0.0
Q13131|O94763_GVLRSISCE|0.677
Q13131|O94763_CEEATCSDT|0.0
Q13131|O94763_EATCSDTSE|0.0
Q13131|O94763_LLPLSVTPE|0.0
Q13131|O94763_PLSVTPEAF|0.0
Q13131|O94763_AFSGTVIEK|0.0
Q13131|P07998_SSPSSSSTY|0.0
Q13131|Q5GAN3_SRNFYTLSI|0.003
Q13131|Q5GAN3_LSIDYPRVN|0.0
Q13131|Q5GAN3_PRVNYPKGF|0.0
Q13131|Q5GAN3_GFRGYCNGL|0.001
Q13131|P10153_DPPQYPVVP|0.0
Q13131|P12724_DSPRYPVVP|0.0
Q13131|P12724_VHLDTTI__|0.122
Q13131|P12724_HLDTTI___|0.0
Q13131|Q9H1E1_QNKSYVVAC|0.0
Q13131|Q8TDE3_QWFKTQHVQ|0.0
Q13131|Q8TDE3_HVQPSPQAC|0.0
Q13131|P60153-2____MSAGKM|0.0
Q13131|P60153-2_KMMRTLITT|0.0
Q13131|P60153-2_RTLITTHPL|0.0
Q13131|O60930_CRRGSRGFG|0.0
Q13131|O75792_RCRLSSPVP|0.001
Q13131|O75792_CRLSSPVPA|0.095
Q13131|O75792_ADALYPVVS|0.0
Q13131|O75792_LDTDYGSGY|0.337
Q13131|O75792_TDYGSGYPN|0.561
Q13131|O75792_YGSGYPNDP|0.136
Q13131|O75792_FVRFSWRTA|0.0
Q13131|O75792_RKITSYFLN|0.526
Q13131|O75792_KITSYFLNE|0.282
Q13131|O75792_LESATSL__|0.002
Q13131|O75792_ESATSL___|0.563
Q13131|Q5TBB1_KVNQTVAAL|0.393
Q13131|Q5TBB1_SRVQSTAFF|0.213
Q13131|Q5TBB1_EPSASLPNP|0.264
Q13131|Q5TBB1_PNPPSKKIK|0.033
Q13131|Q5TBB1_KIKLSDEPV|0.765
Q13131|Q5TBB1_AKEDYTKFN|0.0
Q13131|Q5TBB1_KEDYTKFNT|0.305
Q13131|Q5TBB1_TKFNTKDLK|0.008
Q13131|Q5TBB1_KSIDTFFGV|0.06
Q13131|Q8TDP1_GLEVSFRGR|0.0
Q13131|Q8TDP1_EKKVSMGKP|0.496
Q13131|Q8TDP1_PLRDSGTDD|0.001
Q13131|Q05823_EGPTSSSGR|0.058
Q13131|Q05823_GPTSSSGRR|0.0
Q13131|Q05823_PTSSSGRRA|0.277
Q13131|Q05823_NYDHSLVKV|0.447
Q13131|Q05823_DFDKSIKWA|0.196
Q13131|Q05823_KTRKSESEI|0.386
Q13131|Q05823_SGLASPGC_|0.442
Q13131|O00584_PSINYYQVA|0.06
Q13131|O00584_SINYYQVAD|0.487
Q13131|Q92730_LMELSHQKQ|0.0
Q13131|Q92730_SIFRTASML|0.612
Q13131|Q92730_FRTASMLCL|0.682
Q13131|Q92730_LNKPSPLPQ|0.003
Q13131|Q92730_LHLPSRSEL|0.0
Q13131|P52198_SAQLSGRPD|0.0
Q13131|Q8N5U6_QPPRSASAG|0.474
Q13131|Q8N5U6_PRSASAGPA|0.548
Q13131|Q8N5U6_KRELSYPKN|0.817
Q13131|Q8N5U6_PKNESFNNQ|0.0
Q13131|Q8N5U6_RGGGSSKLF|0.661
Q13131|Q8N5U6_PAQFSGPKK|0.643
Q13131|Q8N5U6_SGHGSWGKR|0.49
Q13131|Q8N5U6_KDLKSVVAT|0.272
Q13131|Q8N5U6_GDTITMQLM|0.369
Q13131|Q8N5U6_RREVTGVVA|0.564
Q13131|Q8N5U6_TRLSSSPCY|0.03
Q13131|Q8N5U6_RLSSSPCYY|0.445
Q13131|Q8N5U6_ALSISPLSR|0.566
Q13131|Q8N5U6_SDPLSEEKG|0.555
Q13131|O00237_KSDQYWLKI|0.534
Q13131|O00237_LGVQSEEEM|0.555
Q13131|Q9Y3C5_KSPTSDDIS|0.001
Q13131|Q9Y3C5_SDRASFGEG|0.0
Q13131|Q9Y3C5_FGEGTEPDQ|0.0
Q13131|Q9Y3C5_HPTPSQTRL|0.0
Q13131|Q6ZNA4_VDMKSEIPS|0.0
Q13131|Q6ZNA4_SEIPSDAPK|0.0
Q13131|Q6ZNA4_KKRKSQQAG|0.833
Q13131|Q6ZNA4_YRSRSTLGH|0.477
Q13131|Q6ZNA4_QGSSSHASR|0.0
Q13131|Q6ZNA4_RSHGSGSFH|0.001
Q13131|Q6ZNA4_MHPNYGHGH|0.394
Q13131|Q6ZNA4_NRGASQGTI|0.005
Q13131|Q6ZNA4_ASQGTIERC|0.0
Q13131|Q9ULX5_EFEEYVRQQ|0.0
Q13131|Q8IZP6_GFGDSCKFL|0.0
Q13131|Q9NVW2_AQRRSQMDR|0.487
Q13131|Q9NVW2_TNPNSGDFR|0.188
Q13131|Q9NVW2_ARRSSGENV|0.995
Q13131|Q9NVW2_ENPRSESTS|0.652
Q13131|Q9NVW2_RSESTSARP|0.102
Q13131|Q9NVW2_SESTSARPS|0.511
Q13131|Q9NVW2_RPSRSERNS|0.91
Q13131|Q9NVW2_ERNSTEALT|0.996
Q13131|Q9NVW2_LHPMSEIPR|0.792
Q13131|Q9NVW2_TRNASQGAG|0.939
Q13131|Q9NVW2_TRSRSQTPN|0.548
Q13131|Q9NVW2_SRSQTPNNT|0.134
Q13131|Q9NVW2_TPNNTVTYE|0.0
Q13131|Q9NVW2_SGSSSSSSS|0.331
Q13131|Q9NVW2_GSSSSSSSS|0.287
Q13131|Q9NVW2_SSSSSSSSS|0.09
Q13131|Q9NVW2_GSSSSGSSG|0.015
Q13131|Q9NVW2_SSSGSSGAR|0.57
Q13131|Q9NVW2_SSGSSGARR|0.523
Q13131|Q5XPI4_GAGMSFSRK|0.994
Q13131|Q5XPI4_GMSFSRKSY|0.688
Q13131|Q5XPI4_FSRKSYRLT|0.974
Q13131|Q5XPI4_SRKSYRLTS|0.436
Q13131|Q5XPI4_SYRLTSDAE|0.401
Q13131|Q5XPI4_YRLTSDAEK|0.945
Q13131|Q5XPI4_GTIRSTTCV|0.391
Q13131|Q5XPI4_TIRSTTCVY|0.501
Q13131|Q5XPI4_IRSTTCVYK|0.712
Q13131|Q5XPI4_TTCVYKGKW|0.43
Q13131|Q5XPI4_GGLLSHLRK|0.985
Q13131|Q5XPI4_PGWLSSPTL|0.806
Q13131|Q5XPI4_LSSPTLGRA|0.628
Q13131|Q5XPI4_NRFLSTAAV|0.566
Q13131|Q5XPI4_VSLMTPRRP|0.657
Q13131|Q5XPI4_RRPLSTSEK|0.97
Q13131|Q5XPI4_PLSTSEKVK|0.445
Q13131|Q5XPI4_VRTLSVEQR|0.977
Q13131|Q5XPI4_FGYRYTRLP|0.499
Q13131|Q5XPI4_HLLKTKLED|0.978
Q13131|Q5XPI4_STTSSAA__|0.589
Q13131|Q96EQ8_KRMKSEYKN|0.57
Q13131|Q96EQ8_MKSEYKNCA|0.598
Q13131|Q96EQ8_LVCLSEMRA|0.535
Q13131|Q9BV68_CHCCSVEIV|0.922
Q13131|Q9BV68_SFSSSSSSS|0.0
Q13131|Q9BV68_FSSSSSSSS|0.0
Q13131|Q9BV68_SSSSSSSSS|0.176
Q13131|Q9BV68_TGQNTATNP|0.187
Q13131|Q9BV68_PPGLTGVSF|0.016
Q13131|Q9BV68_NENATSNS_|0.024
Q13131|O43567_CLDEYEDGD|0.188
Q13131|O43567_VTEHTPLLR|0.543
Q13131|O43567_LASVSAQSF|0.491
Q13131|O43567_NIANTV___|0.19
Q13131|Q86XS8_LMIISSAWL|0.0
Q13131|Q86XS8_MIISSAWLI|0.0
Q13131|Q86XS8_WLIFYFIQK|0.0
Q13131|Q86XS8_TSGISPLPQ|0.0
Q13131|Q86XS8_DGELTPRTG|0.002
Q13131|Q8WVZ7_LWLVSQNCC|0.0
Q13131|Q8IUD6_LRKNTLLQD|0.818
Q13131|Q8IUD6_QRPLSESGP|0.733
Q13131|Q8IUD6_LSMASPKLV|0.607
Q13131|Q8IUD6_SLEVSKDSR|0.526
Q13131|Q8IUD6-3_QMQGSLLPR|0.014
Q13131|Q8WVD3_EVLKTPVRT|0.0
Q13131|Q8WVD3_SCKKYQDEY|0.0
Q13131|Q8WVD3_YQDEYGVSS|0.0
Q13131|Q8WVD3_ISQDSVGNS|0.668
Q13131|Q8WVD3_RSETSTSDN|0.0
Q13131|Q8WVD3_ETSTSDNTE|0.622
Q13131|Q8WVD3_DNTETYQEN|0.0
Q13131|Q8WVD3_NTETYQENT|0.0
Q13131|Q8WVD3_YQENTSSSG|0.0
Q13131|Q8WU17_LMEDTWKRI|0.475
Q13131|Q8WU17_MIDGYYNVL|0.563
Q13131|Q8WU17_IDGYYNVLW|0.42
Q13131|Q8WU17_KKINSLPEI|0.639
Q13131|Q9UBS8_TAQASPNTE|0.483
Q13131|Q9UBS8_ASPNTELDF|0.9
Q13131|Q9UBS8_GAAGSDVDQ|0.646
Q13131|Q9UBS8_EKLGSECMY|0.36
Q13131|Q9UBS8_CRHVYCKAC|0.08
Q13131|Q9UBS8_LDQRYGKRV|0.744
Q13131|Q9UBS8_EEMESKEWL|0.746
Q13131|Q9UBS8_PCCGTPIEK|0.001
Q13131|Q9UBS8_NDPGSPCFN|0.377
Q13131|Q8WVD5_LVRESGSLT|0.35
Q13131|Q8WVD5_RESGSLTYE|0.015
Q13131|Q8WVD5_SGSLTYEEF|0.019
Q13131|Q8WVD5_GSLTYEEFL|0.414
Q13131|Q7Z419_HDPSTT___|0.0
Q13131|Q96MT1_LCKFYLQGY|0.023
Q13131|Q96MT1_IVVASILQS|0.004
Q13131|Q96MT1_NKIKSLPIA|0.0
Q13131|Q96MT1-2_DQVFSKKKK|0.0
Q13131|Q9NTX7_PTLLSPEEL|0.176
Q13131|Q9NTX7_HESPSSGRV|0.455
Q13131|Q9NTX7_AGGGTVSVS|0.549
Q13131|Q8N7C7_ITPSTHSSV|0.471
Q13131|Q8NC42_KALGYWGEP|0.0
Q13131|Q9ULK6_TMYITIGTR|0.289
Q13131|Q9ULK6_ITIGTRNLQ|0.0
Q13131|Q2KHN1_MGGGYDLNL|0.013
Q13131|Q8N8N0_SNGCYMLPL|0.524
Q13131|Q96PX1_LQEIYGIEN|0.0
Q13131|Q96A37_VVPTSQPIP|0.485
Q13131|Q9H6Y7_CLDEYEDGD|0.343
Q13131|Q9H6Y7_QEEETQGQE|0.103
Q13131|Q9H6Y7_SPPSSPVIL|0.0
Q13131|Q8IYW5_RRRVSSWTR|0.634
Q13131|Q8IYW5_TRRNSLVNV|0.008
Q13131|Q8IYW5_VADDYQPVR|0.028
Q13131|Q8IYW5_ARKLSIDIN|0.421
Q13131|Q8IYW5_SDPVTPKSE|0.006
Q13131|Q8IYW5_QKYLTPKSQ|0.001
Q13131|Q8IYW5_SQFGSASHS|0.606
Q13131|Q8IYW5_VRKDSVSKD|0.398
Q13131|Q8IYW5_LCVLSHERP|0.0
Q13131|Q8IYW5_NQESSFEAV|0.683
Q13131|Q8IYW5_DPCFSAKRR|0.005
Q13131|Q8IYW5_EINFTQKLI|0.001
Q13131|Q8IYW5_HLRATSSPP|0.422
Q13131|Q8IYW5_RATSSPPDK|0.607
Q13131|Q8IYW5_TKHPTPERG|0.164
Q13131|Q8IYW5_QLKQSVNRR|0.366
Q13131|Q8IYW5_QPSISQKSV|0.833
Q13131|Q8NCN4_SKNNSYSLA|0.0
Q13131|Q8NCN4_VTTMTPASN|0.609
Q13131|Q8NCN4_MTPASNPII|0.0
Q13131|Q8NCN4_SSLASLHKP|0.0
Q13131|Q8NCN4_QKQTSYEAS|0.661
Q13131|Q8NCN4_KQTSYEASP|0.088
Q13131|Q8NCN4_DHFPSVSQT|0.066
Q13131|Q8NCN4_FPSVSQTKA|0.475
Q13131|Q8NCN4_IPLETCCSS|0.462
Q13131|Q8NCN4_ETCCSSELK|0.586
Q13131|Q8NCN4_KGGGSGTSL|0.658
Q13131|Q8NCN4_GSGTSLERE|0.521
Q13131|Q8NCN4_EGLGSTPDA|0.581
Q13131|Q8NCN4_EPLPSLRRG|0.343
Q13131|Q8NCN4_KLRQTSGEV|0.771
Q13131|Q8NCN4_GLAPTDPVL|0.476
Q13131|Q9BXT8_TRQRYYPMA|0.435
Q13131|Q9BXT8_RQRYYPMAG|0.0
Q13131|Q9BXT8_AFFDSRKKN|0.013
Q13131|Q9BXT8_VEVKYVDFG|0.0
Q13131|Q9BXT8_AVRGSDTLW|0.0
Q13131|Q9BXT8_RGSDTLWYR|0.304
Q13131|Q9BXT8_DTLWYRGKV|0.0
Q13131|Q9BXT8_PILLYPDIP|0.0
Q13131|Q9BXT8_SIHLYFDGM|0.579
Q13131|Q9BXT8_MSLSYFMAY|0.0
Q13131|Q9BXT8_DLGETRIPY|0.0
Q13131|Q9BXT8_IVTLYDDEQ|0.0
Q13131|Q96K19_GEVQSLKLD|0.354
Q13131|Q96K19-3_RQTGSSEKS|0.0
Q13131|Q8N4F7_QEQLSHTKL|0.526
Q13131|Q8N4F7_QLSHTKLSA|0.72
Q13131|Q8N4F7_RGHDSMHVE|0.505
Q13131|Q8N4F7_WGMFSVITS|0.519
Q13131|Q8N4F7_GVVGYLAIM|0.415
Q13131|Q8N4F7_KRMISNPWE|0.259
Q13131|Q8N4F7_PWERTHFLY|0.404
Q13131|Q86T96__MKRSKELI|0.549
Q13131|Q86T96_TKNHSQEET|0.477
Q13131|Q86T96_PSVKYLSHP|0.521
Q13131|Q86T96_FHRKSHSLD|0.865
Q13131|Q86T96_DLNISEKLT|0.299
Q13131|Q86T96_RTIISRVFF|0.473
Q13131|Q9P0P0___MASYFDE|0.0
Q13131|Q9P0P0__MASYFDEH|0.0
Q13131|Q9P0P0_DCEPSDPEQ|0.0
Q13131|Q9P0P0_PEQETRTNM|0.0
Q13131|Q9P0P0_DDDTYEEHR|0.0
Q13131|Q9P0P0_HGAMYT___|0.0
Q13131|Q8N6D2_ELLLTPKRL|0.0
Q13131|Q96GF1_PREKTPPRP|0.359
Q13131|Q9NXI6_GPFIYPGVL|0.391
Q13131|Q9NV58_RQMGSDRDL|0.391
Q13131|Q9NV58_QSSASSVSL|0.704
Q13131|Q9NV58_VSLPSVKKA|0.195
Q13131|Q9NV58_KRRISIGSL|0.951
Q13131|Q9NV58_ISIGSLFRR|0.917
Q13131|Q9NV58_ERAQSLRLR|0.751
Q13131|Q9NV58_RTIRSSSIS|0.414
Q13131|Q9NV58_SSSISYSQE|0.0
Q13131|Q9NV58_YSQESGAAA|0.689
Q13131|Q9NV58_TGSLSASGS|0.001
Q13131|Q9NV58_AMAGSILNS|0.928
Q13131|Q9NV58_ILNSYIPLD|0.18
Q13131|Q9NV58_HAGGSSSGL|0.384
Q13131|Q9NV58_GSSDYHTRF|0.653
Q13131|Q9NV58_NVDLYFGDA|0.001
Q13131|Q9NV58_HSHQTMELK|0.691
Q13131|Q6ZMZ0_PRSTSLHAA|0.678
Q13131|Q6ZMZ0_LKNPSIGES|0.0
Q13131|Q6ZMZ0_SIGESSIEG|0.0
Q13131|Q6ZMZ0_FPKDTASLG|0.0
Q13131|Q6ZMZ0_KDTASLGAI|0.549
Q13131|Q6ZMZ0_AMAGSIISS|0.0
Q13131|Q6ZMZ0_ACPSTPRAQ|0.0
Q13131|Q6ZMZ0_QGAPSPSAH|0.0
Q13131|Q6ZMZ0_AEGQTVLKP|0.0
Q13131|Q6ZMZ0-2_TKHTSGLSY|0.0
Q13131|Q6ZMZ0-2_TSGLSYGQE|0.0
Q13131|Q6ZMZ0-2_QDRFSMIHA|0.0
Q13131|Q99496_VSKRSLRPD|0.986
Q13131|Q99496_KIYPSRDEY|0.479
Q13131|Q99496_SRDEYEAHQ|0.768
Q13131|Q99496_RTKTSDDSG|0.705
Q13131|Q99496_AQTRYIKTS|0.618
Q13131|Q99496_VDHLSKYLA|0.55
Q13131|Q99496_HLSKYLAVR|0.0
Q13131|Q5VTR2_GGVSSTEEL|0.964
Q13131|Q5VTR2_GVSSTEELD|0.709
Q13131|Q5VTR2_ETAESRVSV|0.821
Q13131|Q5VTR2_ESRVSVLES|0.839
Q13131|Q5VTR2_SVLESMIDD|0.658
Q13131|Q5VTR2_QLEDTLAQV|0.595
Q13131|Q5VTR2_TRLRSGSAL|0.974
Q13131|Q5VTR2_LRSGSALLQ|0.987
Q13131|Q5VTR2_SSQSSASKA|0.862
Q13131|Q5VTR2_QSSASKASQ|0.67
Q13131|Q5VTR2_LLDMYRSAP|0.571
Q13131|Q6ZRF8_CRDETHRAR|0.001
Q13131|Q6ZRF8_TLLPTLQVH|0.002
Q13131|Q6ZRF8_QGIVTRPHH|0.001
Q13131|Q6ZRF8_HYEDSYRHL|0.091
Q13131|Q9H0X6_RKGSSELGF|0.0
Q13131|Q9H0X6_SCPKYKFIS|0.0
Q13131|Q9H0X6_AVNTSILSR|0.0
Q13131|Q495C1_EQLQSMRSS|0.0
Q13131|Q495C1_STIKSSVST|0.0
Q13131|Q495C1_DLSPSPIRK|0.0
Q13131|Q495C1_PIRKSEIAA|0.0
Q13131|Q495C1-4_STHGSQAAA|0.0
Q13131|Q495C1-6_STHGSQAAA|0.0
Q13131|A8MTL3_TKLETAMQE|0.0
Q13131|A8MTL3_QALVSQDKE|0.0
Q13131|A8MTL3_AGFGSLGQG|0.0
Q13131|A8MTL3_PRDSYNETP|0.0
Q13131|Q63HN8_STMASASEG|0.533
Q13131|Q63HN8_MASASEGEM|0.788
Q13131|Q63HN8_LFPGSDSWQ|0.574
Q13131|Q63HN8_PGSDSWQEN|0.364
Q13131|Q63HN8_CSKASWTVQ|0.73
Q13131|Q63HN8_TVQESKKKK|0.011
Q13131|Q63HN8_EAQSSPQFQ|0.0
Q13131|Q63HN8_GEGHSRTED|0.0
Q13131|Q63HN8_GHSRTEDAA|0.0
Q13131|Q63HN8_LLPESKGGS|0.002
Q13131|Q63HN8_QPPATTPPF|0.0
Q13131|Q63HN8_PPATTPPFK|0.0
Q13131|Q63HN8_PPFKTHCQE|0.0
Q13131|Q63HN8_LSPSYLTVC|0.002
Q13131|Q63HN8_QRDETGNNS|0.0
Q13131|Q63HN8_VFQGTLAAT|0.001
Q13131|Q63HN8_REVFTKNML|0.881
Q13131|Q63HN8_RLCGTDEKI|0.632
Q13131|Q63HN8_EKSLSPQDE|0.111
Q13131|Q63HN8_VPKQTLSAA|0.0
Q13131|Q63HN8_GKSLYVKRL|0.054
Q13131|Q63HN8_LERRTSVPS|0.0
Q13131|Q63HN8_ERRTSVPSR|0.463
Q13131|Q63HN8_TSVPSRSSS|0.0
Q13131|Q63HN8_SRSSSALRT|0.511
Q13131|Q63HN8_FATPSLHTS|0.0
Q13131|Q63HN8_KHMVTMDGV|0.0
Q13131|Q63HN8_RRGGTNADT|0.491
Q13131|Q63HN8_ADMIYSRVR|0.0
Q13131|Q63HN8_PVLWSLMLA|0.0
Q13131|Q63HN8_IGVCYHASL|0.0
Q13131|Q63HN8_CYHASLEKK|0.149
Q13131|Q63HN8_GSSKSLAKT|0.0
Q13131|Q63HN8_DLFRSLKQV|0.053
Q13131|Q63HN8_VSRGSPNET|0.508
Q13131|Q63HN8_RVQGYFASF|0.0
Q13131|Q63HN8_EDAESRYLL|0.32
Q13131|Q63HN8_KDVVYKHFP|0.0
Q13131|Q63HN8_ASAKYSVIN|0.0
Q13131|Q63HN8_LRRSTLMVS|0.006
Q13131|Q63HN8_RLLRSCVQS|0.479
Q13131|Q63HN8_MICPYCLTA|0.494
Q13131|Q63HN8_EHTKSLSPF|0.0
Q13131|Q63HN8_PVIRSVILK|0.009
Q13131|Q63HN8_LLLKYSFHD|0.0
Q13131|Q63HN8_ASVEYLQEV|0.0
Q13131|Q63HN8_IRLLTHLAL|0.006
Q13131|Q63HN8_AKIIYGDPV|0.0
Q13131|Q63HN8_ITVEYLQHI|0.0
Q13131|Q63HN8_NEIVYAVEK|0.0
Q13131|Q63HN8_PTLVYRHDW|0.0
Q13131|Q63HN8_FGEISSRYK|0.0
Q13131|Q63HN8_GEISSRYKA|0.0
Q13131|Q63HN8-5_MKEKTQRMK|0.0
Q13131|Q63HN8-5_QPPATTPPF|0.0
Q13131|Q63HN8-5_PPATTPPFK|0.0
Q13131|Q8ND24_SLCASKSDE|0.0
Q13131|Q8ND24_CASKSDEGL|0.877
Q13131|Q8ND24_DGLSTKDSA|0.0
Q13131|Q8ND24_SPLLSVSSQ|0.001
Q13131|Q8ND24_VSSQTITKE|0.0
Q13131|Q8ND24_EGDTSLRES|0.001
Q13131|Q8ND24_PVTRSLKAG|0.006
Q13131|Q8ND24_SRNCSEEKS|0.489
Q13131|Q8ND24_SLKLSQNIA|0.0
Q13131|Q8ND24_LKERYQEVL|0.003
Q13131|Q8ND24_AEILSLESR|0.0
Q13131|Q8ND24_ADPRSLSFP|0.0
Q13131|Q8ND24_PRSLSFPIL|0.0
Q13131|Q8ND24_NPALSQPSQ|0.0
Q13131|Q8ND24_PLPGSHGRN|0.016
Q13131|Q8ND24_ASAETPRPQ|0.075
Q13131|Q8ND24_EKLLTRFPQ|0.001
Q13131|Q8ND24_AQISTPMFL|0.0
Q13131|Q8ND24_SAQVSYPGR|0.0
Q13131|Q8ND24_AQVSYPGRS|0.0
Q13131|Q8ND24-2_STKDSAQKQ|0.0
Q13131|Q8ND24-2_KQKNSPLLS|0.0
Q13131|Q9Y6U7_LTLWTTCGL|0.521
Q13131|Q9Y6U7_PGAETCAVC|0.0
Q13131|Q8TC41_QRRPSLAKR|0.321
Q13131|Q8TC41_GHIPTPSRS|0.016
Q13131|Q8TC41_IPTPSRSES|0.0
Q13131|Q8TC41_RHWASEIEH|0.0
Q13131|Q8TC41_CGERYRQLR|0.0
Q13131|Q5W0B1_RVPITPENP|0.0
Q13131|Q5W0B1_IIGGTSESE|0.0
Q13131|Q5W0B1_GTSESEPML|0.02
Q13131|Q5W0B1_LHKEYEDEI|0.0
Q13131|Q5W0B1_KKLRTANEI|0.0
Q13131|Q5W0B1_ANEIYEKVK|0.0
Q13131|Q5W0B1_RSDKYIEEL|0.0
Q13131|Q5W0B1_EELESQVAQ|0.0
Q13131|Q5W0B1_QLKNSSEEK|0.0
Q13131|Q5W0B1_LKNSSEEKE|0.0
Q13131|Q5W0B1_QTALSADGK|0.0
Q13131|Q5W0B1_NQGDSARKQ|0.0
Q13131|Q5W0B1_KQPGSSTSS|0.411
Q13131|Q5W0B1_ARQESTSKA|0.0
Q13131|Q5W0B1_RQESTSKAD|0.0
Q13131|Q5W0B1_QESTSKADL|0.0
Q13131|Q5W0B1_NKDLYQEQV|0.0
Q13131|Q5W0B1_PAPCTPLSL|0.0
Q13131|Q5W0B1_SNKDSSEDD|0.0
Q13131|Q5W0B1_NKDSSEDDI|0.019
Q13131|Q5W0B1_SECFSSPKT|0.0
Q13131|Q5W0B1_ECFSSPKTG|0.0
Q13131|Q5W0B1_KRLNSIRSF|0.0
Q13131|Q5W0B1_NSIRSFEMN|0.0
Q13131|Q5W0B1_NRTRTSSEA|0.073
Q13131|Q5W0B1_RTRTSSEAS|0.489
Q13131|Q5W0B1_SSEASMDAA|0.216
Q13131|Q5W0B1_DSMMSESDN|0.079
Q13131|Q5W0B1_MMSESDNSK|0.0
Q13131|Q5W0B1_ESDNSKSPC|0.0
Q13131|Q5W0B1_DNSKSPCNN|0.0
Q13131|Q5W0B1_GLSKSSQGS|0.0
Q13131|Q5W0B1_SSQGSEFLE|0.0
Q13131|Q5W0B1_QRFGSSLFK|0.0
Q13131|Q5W0B1_RKIQSSLSS|0.0
Q13131|Q5W0B1_KIQSSLSSA|0.001
Q13131|Q5W0B1_KATKS____|0.0
Q13131|Q5VTB9_HDTESPHLR|0.0
Q13131|Q5VTB9_SGLISDREA|0.413
Q13131|Q5VTB9_REASSSPED|0.0
Q13131|Q5VTB9_EASSSPEDR|0.0
Q13131|Q5VTB9_GTPKSLLLS|0.0
Q13131|Q5VTB9_SLLLSASIK|0.003
Q13131|Q5VTB9_LLSASIKRE|0.032
Q13131|Q5VTB9_REGESPTAS|0.0
Q13131|Q5VTB9_SPTASPHSS|0.0
Q13131|Q5VTB9_SPHSSATDD|0.0
Q13131|Q5VTB9_RFEEYEWCG|0.0
Q13131|Q5VTB9_STRITPEFS|0.046
Q13131|A6NCQ9_SKDSSGSEC|0.0
Q13131|A6NCQ9_LLLITLIAV|0.0
Q13131|E7ERA6_PRRSSSIAS|0.005
Q13131|E7ERA6_RSPSSAGSP|0.0
Q13131|E7ERA6_PLPTTPGRE|0.0
Q13131|M0QZC1_SRQGSVRFD|0.0
Q13131|M0QZC1_RGLLYLRPP|0.0
Q13131|M0QZC1_GRPLSRRLS|0.0
Q13131|Q96BH1_PRGLSDEQI|0.0
Q13131|Q96BH1_ELSTSPAVQ|0.0
Q13131|Q96BH1_PEPHSQGVE|0.0
Q13131|Q96BH1_KGPGSWQGP|0.0
Q13131|Q96BH1_PGSSYPRLP|0.001
Q13131|Q96BH1_GQGAYRPGT|0.0
Q13131|Q96BH1_LGLESKDGS|0.0
Q13131|Q96BH1_SKDGS____|0.033
Q13131|Q9BY78_CTLLYSCCS|0.0
Q13131|Q9BY78_RRQDTLPEA|0.0
Q13131|Q9BY78_TIRVTPVRG|0.0
Q13131|Q96EP0_EELASALRR|0.614
Q13131|Q96EP0_WACQSCTFE|0.695
Q13131|Q96EP0_CNRTSSPIP|0.918
Q13131|Q96EP0_NRTSSPIPA|0.876
Q13131|Q96EP0_PYASSLEKG|0.998
Q13131|Q96EP0_APLPSSCGD|0.515
Q13131|Q96EP0_PLPSSCGDP|0.948
Q13131|Q96EP0_LQLVSMIRE|0.735
Q13131|Q96EP0_GPEPTPSWD|0.423
Q13131|Q96EP0_EPTPSWDGP|0.813
Q13131|Q96EP0_ELALSLLQE|0.839
Q13131|Q96EP0_HRGRSCEDF|1.0
Q13131|Q96EP0_KCKFSYALA|0.979
Q13131|Q96EP0_HQFCSGCYN|0.48
Q13131|Q96EP0_INAHSLDPA|0.721
Q13131|Q96EP0_PLGQSIPRR|0.47
Q13131|Q969K3_CSVCSVLQE|0.0
Q13131|Q969K3_MDTSSLNSS|0.292
Q13131|Q969K3_SSLNSSRSQ|0.0
Q13131|Q969K3_SQTSSFFTR|0.266
Q13131|Q969K3_SSFFTRSFF|0.0
Q13131|Q969K3_FVNYSGCCE|0.736
Q13131|Q969K3_VNRLYKENE|0.751
Q13131|Q969K3_EEDDSLCRI|0.614
Q13131|Q969K3_GKRMSECPI|0.001
Q13131|Q969K3_HVFKS____|0.467
Q13131|Q9H0F5_EDSPSPKRQ|0.0
Q13131|Q9H0F5_SPAPSPPMR|0.011
Q13131|Q9H0F5_RNRRSPPVR|0.347
Q13131|Q9H0F5_SRHNSISQD|0.017
Q13131|Q9H0F5_PPNVSPRLL|0.0
Q13131|Q9H0F5_VHRDSE___|0.0
Q13131|Q9H2S5_GGPPSARSK|0.006
Q13131|P78317_DRDVYVTTH|0.835
Q13131|P78317_VYVTTHTPR|0.538
Q13131|P78317_YHPIYI___|0.436
Q13131|O75150_LEMETTVED|0.931
Q13131|O75150_EMETTVEDL|0.903
Q13131|O75150_QLEDTLAQV|0.801
Q13131|O75150_RAQASGSAH|0.995
Q13131|O75150_QASGSAHST|0.98
Q13131|O75150_SAHSTPNLG|0.895
Q13131|O75150_PGPVSTPDN|0.839
Q13131|O75150_GPVSTPDNR|0.869
Q13131|O75150_VPGTTTTTT|0.187
Q13131|O75150_TTTTTTSVK|0.602
Q13131|O75150_ELVPSEEDF|0.987
Q13131|O75150_FQGITPGAQ|0.535
Q13131|O75150_AQGPSSRGR|0.747
Q13131|O75150_QGPSSRGRE|0.493
Q13131|Q68DV7_PIPRTQPQP|0.436
Q13131|Q68DV7_PEPPSPDQQ|0.063
Q13131|Q68DV7_PTPGSRPQD|0.759
Q13131|Q9Y252_NQSRSRSDG|0.833
Q13131|Q9Y252_NGNQTWRAV|0.77
Q13131|Q9Y252_TTRRSVRRR|0.004
Q13131|Q9Y252_RGTAYTPFS|0.0
Q13131|Q9Y252_GTAYTPFSN|0.201
Q13131|Q9Y252_YTPFSNSRL|0.702
Q13131|Q9Y252_PFSNSRLVS|0.578
Q13131|Q9Y252_ESSRSSTAV|0.529
Q13131|Q9Y252_SRSSTAVRR|0.617
Q13131|Q9Y252_TYVSTITVP|0.007
Q13131|Q9Y252_VSTITVPLR|0.565
Q13131|Q9Y252_LRRISENEL|0.356
Q13131|Q9Y252_LVEPSSVAL|0.0
Q13131|Q9Y252_AQGDSTEMH|0.0
Q13131|Q9Y252_QGDSTEMHG|0.716
Q13131|Q9Y252_LLNESDDDD|0.0
Q13131|Q9UBF6_CALASHSGS|0.398
Q13131|Q9UBF6_DKMFSLKKW|0.173
Q13131|O76064_EVASTPSDN|0.433
Q13131|Q5M7Z0_KTSGSEKKY|0.243
Q13131|Q5M7Z0_QANRSQLHS|0.011
Q13131|Q5M7Z0_SQLHSPPGT|0.061
Q13131|Q5M7Z0_GTGSSEDAS|0.0
Q13131|Q5M7Z0_EDASTPQCV|0.008
Q13131|Q5M7Z0_QCVHTRLTG|0.625
Q13131|Q5M7Z0_TGEGSCPHS|0.015
Q13131|Q5M7Z0_SCPHSGDVH|0.622
Q13131|Q5M7Z0_MQHITGISL|0.481
Q13131|Q5M7Z0_ITGISLGIG|0.238
Q13131|Q5M7Z0_MPFKSKGYW|0.011
Q13131|Q96EX2_RRHSSNTDN|0.504
Q13131|Q96EX2_SSEASVDEG|0.0
Q13131|Q96EX2_EGGAYHHRQ|0.0
Q13131|Q96EX2_HRGGSLLQH|0.532
Q13131|O60942_DGTRYMMLI|0.464
Q13131|O60942_AVPRYLIYD|0.41
Q13131|O60942_RYLIYDIIK|0.274
Q13131|O60942_FENNSWVFM|0.809
Q13131|P13489_LDIQSLDIQ|0.397
Q13131|P13489_LQTPSCKIQ|0.0
Q13131|P13489_NCCLTGAGC|0.0
Q13131|P13489_ELTVSNNDI|0.18
Q13131|O43148_NTTASGTGL|0.308
Q13131|O43148_GTGLSEKTS|0.0
Q13131|O43148_VAAHYNELQ|0.008
Q13131|O43148_RLEASETES|0.0
Q13131|O43148_EASETESFG|0.0
Q13131|O43148_GNEIYTVKF|0.0
Q13131|O43148_MAKKYNMKL|0.006
Q13131|O43148_YMKNSQVRL|0.059
Q13131|O43148_LPLGTLSKS|0.001
Q13131|Q9HC36_PLEESASRA|0.0
Q13131|Q9HC36_EESASRAPS|0.0
Q13131|Q9HC36_SGLRYDKAY|0.0
Q13131|Q9HC36_RRLSSVMTI|0.474
Q13131|Q9HC36_SSVMTIVKS|0.0
Q13131|Q9HC36_TIVKSRPFR|0.002
Q13131|Q9HC36_LKGVSLIKV|0.893
Q13131|Q9HC36_AEDLSRDRS|0.0
Q13131|Q14498_ENKLSSANG|0.671
Q13131|Q14498_ERKRSKSKE|0.206
Q13131|Q14498_ERKRSRDRE|0.628
Q13131|Q14498_RRSRSRSRD|0.006
Q13131|Q14498_SRSRSRDRR|0.671
Q13131|Q14498_PKFNSAIRG|0.334
Q13131|Q14498_SRRRSRSKS|0.561
Q13131|Q14498_EEFFSTVGK|0.004
Q13131|Q14498_IVQASQAEK|0.0
Q13131|Q14498_PMRLYVGSL|0.433
Q13131|Q14498_RTDASSASS|0.517
Q13131|Q14498_ASSASSFLD|0.575
Q13131|Q14498_DLGTTGRLQ|0.32
Q13131|Q14498_QGNVYVKCP|0.59
Q13131|Q14498_ITAAYVPLP|0.474
Q13131|Q96LT9_PLAISRGCT|0.0
Q13131|Q96LT9_RGCTSSSSL|0.0
Q13131|Q96LT9_GCTSSSSLS|0.0
Q13131|Q96LT9_PCPTSGSEK|0.0
Q13131|Q96LT9_PTSGSEKKK|0.0
Q13131|Q96LT9_VPKFYVQVL|0.0
Q13131|Q96LT9_DMLNTPLCP|0.0
Q13131|Q96LT9_DLPATEVDA|0.0
Q13131|Q96LT9_NLDITEEIK|0.0
Q13131|Q9H4A4_RPLHSAQAV|0.0
Q13131|Q9H4A4_DPDDTYNET|0.0
Q13131|Q9H4A4_PDDTYNETP|0.0
Q13131|Q9H4A4_TYNETPYEK|0.0
Q13131|Q9H4A4_NETPYEKGF|0.0
Q13131|Q9H4A4_AVAISPWKT|0.0
Q13131|Q9H4A4_YQLVYFLDK|0.0
Q13131|Q9H4A4_KQKYTLPLY|0.0
Q13131|Q9H4A4_TLPLYHAMM|0.0
Q13131|Q9H4A4_APKGS____|0.45
Q13131|Q9HAU8_SKWRTFQTA|0.0
Q13131|Q9HAU8_RTFQTALFL|0.0
Q13131|Q15287__MDLSGVKK|0.422
Q13131|Q15287_VKKKSLLGV|0.5
Q13131|Q15287_NKKSSTRAP|0.0
Q13131|Q15287_APSPTKRKD|0.523
Q13131|Q15287_SDEKSKDRS|0.0
Q13131|Q15287_RKRRSASSG|0.212
Q13131|Q15287_RSASSGSSS|0.0
Q13131|Q15287_SSTRSRSSS|0.0
Q13131|Q15287_RSRSSSTSS|0.0
Q13131|Q15287_SRSSSTSSS|0.109
Q13131|Q15287_RSSSTSSSG|0.0
Q13131|Q15287_SSSTSSSGS|0.0
Q13131|Q15287_SSTSSSGSS|0.041
Q13131|Q15287_STSSSGSST|0.0
Q13131|Q15287_SSSGSSTST|0.0
Q13131|Q15287_SSGSSTSTG|0.0
Q13131|Q15287_SGSSTSTGS|0.0
Q13131|Q15287_GSSTSTGSS|0.0
Q13131|Q15287_SSTSTGSSS|0.0
Q13131|Q15287_TSTGSSSGS|0.0
Q13131|Q15287_STGSSSGSS|0.0
Q13131|Q15287_TGSSSGSSS|0.0
Q13131|Q15287_SSSGSSSSS|0.0
Q13131|Q15287_SSGSSSSSA|0.0
Q13131|Q15287_GSSSSSASS|0.0
Q13131|Q15287_SSSSSASSR|0.0
Q13131|Q15287_SSSASSRSG|0.0
Q13131|Q15287_SSASSRSGS|0.089
Q13131|Q15287_ASSRSGSSS|0.001
Q13131|Q15287_SRSGSSSTS|0.0
Q13131|Q15287_RSGSSSTSR|0.0
Q13131|Q15287_SSSSSSGSP|0.0
Q13131|Q15287_SGSPSPSRR|0.29
Q13131|Q15287_SPSPSRRRH|0.0
Q13131|Q15287_TRNVTKDHI|0.109
Q13131|Q15287_KGYAYVEFE|0.022
Q13131|Q15287_GQEITATAV|0.0
Q13131|Q15287_EITATAVLA|0.0
Q13131|Q15287_MRRRSRSPR|0.0
Q13131|Q15287_RRSRSPRRR|0.006
Q13131|O43818_GKPASGAGA|0.032
Q13131|O43818_RKADSAGDR|0.293
Q13131|O43818_DRGKSKGGG|0.709
Q13131|O43818_ELEETAQEK|0.548
Q13131|O95149_RLSQYKSKY|0.481
Q13131|O95149_YKSKYSSLE|0.001
Q13131|O95149_KSKYSSLEQ|0.574
Q13131|O95149_SKYSSLEQS|0.0
Q13131|O95149_SLEQSERRR|0.466
Q13131|O95149_NRRNSTAKD|0.487
Q13131|O95149_TKPDYAGHQ|0.018
Q13131|O95149_THKASENGH|0.837
Q13131|O95149_ENGHYELEH|0.533
Q13131|O95149_LEHLSTPKL|0.014
Q13131|O95149_EHLSTPKLK|0.46
Q13131|Q9H814_LGGDSAMRA|0.874
Q13131|Q9H814_PVSHYRAVE|0.209
Q13131|Q9H814_QFGQSSQKP|0.477
Q13131|Q9H814_TIDRSRQSE|0.456
Q13131|Q9H814_RSRQSETYN|0.744
Q13131|Q9H814_RQSETYNYL|0.513
Q13131|Q9H814_QSETYNYLL|0.0
Q13131|Q9H814_ETYNYLLAK|0.66
Q13131|Q9H814_ELDEYMHGG|0.014
Q13131|Q9H814_NQKEYENKK|0.466
Q13131|Q9H814_RKRRTQVLG|0.779
Q13131|Q9H814_TSRETFASD|0.535
Q13131|Q9H814_FASDTNEAL|0.002
Q13131|Q9H814_EALASLDES|0.007
Q13131|Q9H814_EVDHSHDLD|0.079
Q13131|Q9Y6N7_NDHGTPIPT|0.598
Q13131|Q9Y6N7_VEHPSDLIV|0.04
Q13131|Q9Y6N7_DLIVSKGEP|0.0
Q13131|Q9Y6N7_GERESEVAE|0.627
Q13131|Q9Y6N7_ELPKSRYEI|0.475
Q13131|Q9Y6N7_IRKVTAGDM|0.7
Q13131|Q9Y6N7_KLGDTGRYT|0.548
Q13131|Q9Y6N7_EVAASTGAG|0.0
Q13131|Q9Y6N7_NGLTSTYAG|0.786
Q13131|Q9Y6N7_TFTPTVTYQ|0.621
Q13131|Q9Y6N7_PTVTYQRGG|0.299
Q13131|Q9Y6N7_CIANYNNQL|0.675
Q13131|Q9Y6N7_TPYATTQLI|0.051
Q13131|Q9Y6N7_GSGDSGEKH|0.716
Q13131|Q9Y6N7_PARMYLQQD|0.491
Q13131|Q9Y6N7_YSHQSTATL|0.657
Q13131|Q9Y6N7_SHQSTATLT|0.031
Q13131|Q9Y6N7_QSTATLTPS|0.272
Q13131|Q9Y6N7_TATLTPSPQ|0.453
Q13131|Q9Y6N7_TLTPSPQEE|0.001
Q13131|Q9Y6N7_AAAEYAGLK|0.0
Q13131|Q9Y6N7_CPRPTSPVS|0.689
Q13131|Q9Y6N7_PRPTSPVST|0.525
Q13131|Q9Y6N7_RRETYTDDL|0.633
Q13131|Q9Y6N7_PTAQSKTQL|0.653
Q13131|Q9Y6N7_RKGSSYKGR|0.0
Q13131|Q9Y6N7_DILPYCRPT|0.457
Q13131|Q9Y6N7_RDPSSSSSM|0.847
Q13131|Q9Y6N7_ELEETES__|0.008
Q13131|Q9HCK4_TIEWYKDGE|0.231
Q13131|Q9HCK4_DAGMYTCVG|0.0
Q13131|Q9HCK4_PRGRYDIKD|0.476
Q13131|Q9HCK4_IKDDYTLRI|0.486
Q13131|Q9HCK4_KTTLYTVRG|0.961
Q13131|Q9HCK4_HINKTVDAA|0.377
Q13131|Q9HCK4_GLSNYAVTF|0.814
Q13131|Q9HCK4_DGAIYSSID|0.245
Q13131|Q9HCK4_TKTSYNSSS|0.469
Q13131|Q9HCK4_QATPYATTQ|0.445
Q13131|Q9HCK4_MGFGYSLPD|0.724
Q13131|Q9HCK4_GFGYSLPDQ|0.547
Q13131|Q9HCK4_TLTPSPREE|0.546
Q13131|Q9HCK4_LTRAYQFDI|0.422
Q13131|Q9HCK4_TPGSSMDNL|0.419
Q13131|Q9HCK4_PRPTSPFST|0.42
Q13131|Q9HCK4_PSFPSPGGH|0.514
Q13131|Q9HCK4-3_QGQGSRLRQ|0.0
Q13131|Q96MS0_EGRITIRGG|0.004
Q13131|Q96MS0_GELPTGRYE|0.0
Q13131|Q96MS0_SLQPTGRFS|0.0
Q13131|Q96MS0_PDPPTEPSS|0.0
Q13131|Q96MS0_PGAPSQPVV|0.0
Q13131|Q96MS0_QPVVTEITK|0.0
Q13131|Q96MS0_PEGGSWTML|0.0
Q13131|Q96MS0_LLYRTLVAA|0.0
Q13131|Q96MS0_TATLTPSPP|0.0
Q13131|Q96MS0_TLTPSPPDP|0.0
Q13131|Q96MS0_LGPSSPLSV|0.0
Q13131|Q96MS0_NGEMTPPLQ|0.0
Q13131|Q96MS0_GSMSSLERE|0.0
Q13131|Q96MS0_RGQGTSTCS|0.0
Q13131|Q96MS0_SSRGSSSSR|0.194
Q13131|Q96MS0_SRGSSSSRG|0.038
Q13131|Q96MS0_SSRGSRGPG|0.0
Q13131|Q96MS0_GPGRSRSRS|0.0
Q13131|Q96MS0_SRSQSRSQS|0.0
Q13131|Q8WZ75___MGSGGDS|0.413
Q13131|Q8WZ75_GARLSVAVL|0.0
Q13131|Q8WZ75_SDEGTYMCV|0.0
Q13131|Q8WZ75_VATNSAGHR|0.0
Q13131|Q8WZ75_DCRRSLLSW|0.878
Q13131|Q8WZ75_QHANSSPLL|0.939
Q13131|Q8WZ75_RGSHSLELR|0.157
Q13131|Q8WZ75_NLSQSPGAV|0.097
Q13131|Q8WZ75_SSPPSPRDE|0.0
Q13131|Q13464____MSTGDS|0.715
Q13131|Q13464___MSTGDSF|0.0
Q13131|Q13464_KRSDSAFFW|0.0
Q13131|Q13464_GDGYYGREC|0.004
Q13131|Q13464_FYADSLVGT|0.0
Q13131|Q13464_FVGFTYYSN|0.0
Q13131|Q13464_SNRRYLSSA|0.719
Q13131|Q13464_RRYLSSANP|0.449
Q13131|Q13464_VSQNSQLAN|0.494
Q13131|Q13464_RLRKSHTEM|0.267
Q13131|Q13464_RKSHTEMSK|0.003
Q13131|Q13464_HTEMSKSIS|0.001
Q13131|Q13464_EMSKSISQL|0.715
Q13131|Q13464_SKSISQLES|0.0
Q13131|Q13464_SQLESLNRE|0.0
Q13131|Q13464_TDKDYYQLQ|0.0
Q13131|Q13464_DKDYYQLQA|0.0
Q13131|Q13464_YKLKSLQQR|0.065
Q13131|Q13464_EEAKSVAMC|0.533
Q13131|Q13464_EKQCSMLDV|0.159
Q13131|Q13464_NEKETLATQ|0.0
Q13131|Q13464_ETLATQLDL|0.0
Q13131|Q13464_DLAETKAES|0.0
Q13131|Q13464_LEEQYFELT|0.0
Q13131|Q13464_YFELTQESK|0.0
Q13131|Q13464_ASFPSADET|0.444
Q13131|Q13464_SADETDGNL|0.256
Q13131|Q13464_NLPESRIEG|0.002
Q13131|Q13464_KILFYNDEQ|0.67
Q13131|Q13464_YRAETEEIP|0.688
Q13131|Q13464_CKVSYDVTS|0.0
Q13131|Q13464_KNPPSGFVR|0.387
Q13131|Q13464_ASPRTLSTR|0.001
Q13131|Q13464_LSTRSTANQ|0.001
Q13131|O75116_GAPETAPGD|0.0
Q13131|O75116_GAGASRQRK|0.137
Q13131|O75116_KAEDYDVVK|0.0
Q13131|O75116_KRSDSAFFW|0.0
Q13131|O75116_VHCDTAVGT|0.597
Q13131|O75116_FYADSLVGT|0.0
Q13131|O75116_GDVETFPIP|0.549
Q13131|O75116_NLLLSDSPS|0.366
Q13131|O75116_RNQNSQIST|0.0
Q13131|O75116_NSQISTEKV|0.027
Q13131|O75116_ALLRTESDT|0.039
Q13131|O75116_LRTESDTAA|0.0
Q13131|O75116_TESDTAARL|0.0
Q13131|O75116_KIYESIEEA|0.132
Q13131|O75116_QLARSIAEE|0.584
Q13131|O75116_AEEQYSDLE|0.0
Q13131|O75116_EEQYSDLEK|0.336
Q13131|O75116_DSKDSDIEQ|0.0
Q13131|O75116_VRNNTKKFG|0.288
Q13131|O75116_LFYDSEQDK|0.0
Q13131|O75116_DKEQSNPYM|0.0
Q13131|O75116_QSNPYMVLD|0.0
Q13131|O75116_FQILYANEG|0.0
Q13131|O75116_NEGESKKEQ|0.001
Q13131|O75116_EKSNYICHK|0.0
Q13131|O75116_PCKVYYDIS|0.112
Q13131|O75116_CKVYYDIST|0.012
Q13131|O75116_LANSTEEQQ|0.847
Q13131|O75116_SSPRTSMKI|0.0
Q13131|O75116_PNKPS____|0.0
Q13131|O95758_RPPCSPSRV|0.0
Q13131|O95758_TMVNYYTPI|0.0
Q13131|O95758_YTPITPHLR|0.0
Q13131|O95758_PHLRSQPVY|0.013
Q13131|O95758_SQPVYIQYS|0.019
Q13131|O95758_VYIQYSNHR|0.0
Q13131|O95758_YIQYSNHRE|0.284
Q13131|O95758_RELKTDNLP|0.0
Q13131|O95758_LNVKYNNDK|0.0
Q13131|O95758_NNDKSRDFT|0.001
Q13131|O95758_VLRATLSKH|0.001
Q13131|O95758_DQGLTKDFS|0.0
Q13131|O95758_KKPGSKNFQ|0.0
Q13131|O95758_SFSKSTI__|0.0
Q13131|O95758_FSKSTI___|0.0
Q13131|O95758-2___MNSSTPS|0.0
Q13131|O95758-2__MNSSTPST|0.0
Q13131|O95758-2_PCSPSRVLH|0.0
Q13131|O95758-2_DFSNSPLHR|0.0
Q13131|O95758-4__MDASPSPF|0.0
Q13131|Q9GZN7_FILGSCGTD|0.0
Q13131|Q9GZN7_GSCGTDQVK|0.0
Q13131|Q9GZN7_KGVLTLQGD|0.0
Q13131|Q9GZN7_GDALSQADV|0.0
Q13131|Q9GZN7_AVLHSPGAM|0.182
Q13131|Q03395_HYKDTEVPG|0.0
Q13131|Q03395_LGLRYLQTA|0.457
Q13131|Q03395_ETQGYLFPS|0.0
Q13131|P48048_KRAKTITFS|0.64
Q13131|P48048_LLKTTVTPE|0.669
Q13131|Q04912_FSPRSVSIR|0.16
Q13131|Q04912_KADASGFAP|0.0
Q13131|Q04912_FVALSVLPK|0.231
Q13131|Q04912_LPILYSGSD|0.136
Q13131|Q04912_SGSDYRSGL|0.591
Q13131|Q04912_LRKESIQLR|0.991
Q13131|Q04912_YHGEYIDQA|0.0
Q13131|Q04912_QRNPTVKDL|0.031
Q13131|Q04912_REYYSVQQH|0.473
Q13131|Q04912_PDSLYQVMQ|0.725
Q13131|Q9HAT0_CEVLSCDHN|0.0
Q13131|Q9HAT0_HNGGSPRIP|0.051
Q13131|Q9HAT0_RIPFSTFQF|0.0
Q13131|Q01973_RRRGTRPPL|0.563
Q13131|Q01973_SPGYSDEYE|0.0
Q13131|Q01973_FCQPYRGIA|0.517
Q13131|Q01973_IFARSNPMI|0.654
Q13131|Q01973_DVGCSSDED|0.003
Q13131|Q01973_VGCSSDEDG|0.0
Q13131|Q01973_SNPRYPNYM|0.402
Q13131|Q01973_RYPNYMFPS|0.319
Q13131|Q01973_IPPGYAAFP|0.0
Q13131|Q01973_PAAHYQPTG|0.0
Q13131|Q01974_KASASTPQR|0.0
Q13131|Q01974_ASASTPQRR|0.0
Q13131|Q01974_NVLVYDKLN|0.0
Q13131|Q01974_EAIMYGKFS|0.006
Q13131|Q01974_NLSNYNSSA|0.0
Q13131|Q01974_NYNSSAQTS|0.0
Q13131|Q01974_SAQTSGASN|0.0
Q13131|Q01974_VSNVSNARY|0.0
Q13131|Q01974_PVNGYQPVP|0.0
Q13131|Q92753_VYSSSISNG|0.0
Q13131|Q92753_NNETSGTYA|0.0
Q13131|Q92753_ETSGTYANG|0.0
Q13131|P51449_GSQLTPDRC|0.0
Q13131|P51449_PEAPYASLT|0.065
Q13131|P51449_HLVQSVCKS|0.749
Q13131|P51449_AKRLSGFME|0.817
Q13131|P08922_IQWKYAQLL|0.0
Q13131|P08922_LGSWTYTKT|0.0
Q13131|P08922_GSWTYTKTV|0.0
Q13131|P08922_SWTYTKTVS|0.0
Q13131|P08922_PSYRTHPHG|0.0
Q13131|P08922_GVPETAPLI|0.0
Q13131|P08922_SVGGYLYWT|0.0
Q13131|P08922_GGYLYWTTL|0.0
Q13131|P08922_WTTLYSVES|0.0
Q13131|P08922_LNGESSLVL|0.0
Q13131|P08922_ERVISAVCY|0.549
Q13131|P08922_AVCYTADNE|0.0
Q13131|P08922_HNRNSTIIS|0.0
Q13131|P08922_NRNSTIISF|0.65
Q13131|P08922_WRVITVPAM|0.029
Q13131|P08922_ANACYAIHT|0.081
Q13131|P08922_YAIHTLPTQ|0.0
Q13131|P08922_HTLPTQEEI|0.04
Q13131|P08922_AHLMSKFNH|0.001
Q13131|P08922_NEPQYIILE|0.0
Q13131|P08922_KGCVYLERM|0.598
Q13131|P08922_DVLNYVQTG|0.71
Q13131|P08922_LNSIYKSRD|0.0
Q13131|P08922_KQVAYCPSG|0.0
Q13131|P08922_AYCPSGKPE|0.0
Q13131|P08922_YACLTHSGY|0.0
Q13131|P08922_THSGYGDGS|0.0
Q13131|P08922_YGDGSD___|0.0
Q13131|Q9UGR2_STRGSLDKP|0.0
Q13131|Q9UGR2_CQLCYPKTG|0.0
Q13131|Q9UGR2_RAGDYTYRE|0.0
Q13131|Q9UGR2_GDYTYREGL|0.0
Q13131|Q9UGR2_RPTKTSFVG|0.0
Q13131|Q9UGR2_PTKTSFVGS|0.0
Q13131|Q9UGR2_VKRGSLTIA|0.0
Q13131|Q9UGR2_GTKDSPSVC|0.0
Q13131|Q9UGR2_YSGMTHEDI|0.0
Q13131|Q9UGR2_AGKASSSMG|0.0
Q13131|Q9UGR2_KASSSMGAP|0.0
Q13131|Q9UGR2_LLVMSKAKR|0.0
Q13131|Q9UGR2_PGEGTPISS|0.0
Q13131|Q15555_FRKHTVRGE|0.0
Q13131|Q15555_RGERSYSWG|0.049
Q13131|Q15555_AVNVYSTSI|0.544
Q13131|Q15555_LLQASFKRM|0.02
Q13131|Q15555_YDANYDGKE|0.323
Q13131|Q15555_PSRPSSAKR|0.374
Q13131|Q15555_QQEEY____|0.0
Q13131|Q8IWN7_RVPLSFGVR|0.522
Q13131|Q8IWN7_EAFRTPAMK|0.0
Q13131|Q8IWN7_LSLSSLRSD|0.0
Q13131|Q8IWN7_LQAETQGQG|0.044
Q13131|Q8IWN7_SSHQSTARG|0.001
Q13131|Q8IWN7_SHQSTARGP|0.0
Q13131|Q8IWN7_VPEVSRPMA|0.0
Q13131|Q8IWN7_EDLGSPASK|0.0
Q13131|Q8IWN7_RKKVSPMSP|0.342
Q13131|Q8IWN7_PDAKSTGTP|0.0
Q13131|Q8IWN7_DAKSTGTPH|0.003
Q13131|Q8IWN7_KSTGTPHAE|0.0
Q13131|O75695_ADKESRPEN|0.887
Q13131|O75695_RPKQYSWDQ|0.549
Q13131|O75695_DPKDYMFSG|0.009
Q13131|O75695_DYMFSGLKD|0.627
Q13131|O75695_VVQDYVPIP|0.383
Q13131|O75695_VPIPTTEEL|0.411
Q13131|O75695_PIPTTEELK|0.464
Q13131|O75695_IVPISRGQR|0.77
Q13131|O75695_FAGDYTIAN|0.783
Q13131|Q8TA86_LESFYEKPP|0.501
Q13131|Q8TA86_EDPMYDIIR|0.301
Q13131|P27694_TTGNSPPRY|0.018
Q13131|P27694_GPSLSHTSG|0.682
Q13131|P27694_LSHTSGGTQ|0.63
Q13131|P27694_GGTQSKVVP|0.29
Q13131|P27694_TPYQSKWTI|0.697
Q13131|P27694_VTNKSQIRT|0.533
Q13131|P27694_LENKSKDSL|0.024
Q13131|P27694_KSKDSLVDI|0.81
Q13131|P27694_GRSLSVLSS|0.803
Q13131|P27694_SDLKSGGVG|0.787
Q13131|P27694_DKPDYFSSV|0.0
Q13131|P27694_ENCMYQACP|0.0
Q13131|P27694_QACPTQDCN|0.0
Q13131|P27694_KVETYNDES|0.0
Q13131|P35244_DLPRSRINA|0.42
Q13131|P35244_KIHPTGKMF|0.83
Q13131|P35244_MFILSDGEG|0.354
Q13131|P35244_GKNGTIELM|0.004
Q13131|O15160_PGNYSGYDD|0.541
Q13131|O15160_NYSGYDDAW|0.001
Q13131|O15160_RLFEYRNQG|0.609
Q13131|O15160_AKDSSDPNE|0.553
Q13131|O15160_SRCFSPGVI|0.596
Q13131|O15160_PRLDTFSRE|0.001
Q13131|O15160_LDTFSREIF|0.125
Q13131|Q86UA6_ESLRSPRRS|0.518
Q13131|Q86UA6_RRSLYKLVG|0.396
Q13131|Q86UA6_HCPHTPEFS|0.0
Q13131|Q9BWH6_PGGPSANVT|0.005
Q13131|Q9BWH6_SAFASEPRK|0.0
Q13131|Q9BWH6_FLPTSWSPV|0.0
Q13131|Q9BWH6_LTHCSPARA|0.0
Q13131|Q9BWH6_QRVPTLLLP|0.0
Q13131|Q9BWH6_LPMPTEPLL|0.0
Q13131|Q9BWH6_RASDTPSGL|0.0
Q13131|Q9BWH6_QRRFSVTLR|0.0
Q13131|Q9BWH6_GFELYSQLP|0.0
Q13131|Q9BWH6_LRQHYLQRL|0.001
Q13131|Q9BWH6_LQRLTSTVL|0.029
Q13131|Q9BWH6_QRLTSTVLQ|0.002
Q13131|Q9BWH6_RLTSTVLQN|0.0
Q13131|Q8IXW5_KQTSTLKQE|0.0
Q13131|Q8IXW5_TNKVYDITE|0.0
Q13131|Q8IXW5_QIPKTPVWV|0.0
Q13131|Q8IXW5_QSGHSGEEV|0.699
Q13131|Q8IXW5_QKVNTQSSS|0.0
Q13131|Q8IXW5_ASENSESEY|0.0
Q13131|Q8IXW5_SESEYSRSE|0.0
Q13131|Q8IXW5_SRSVSSSVQ|0.755
Q13131|Q8IXW5_ESQNSLDES|0.07
Q13131|Q9H6T3_REENTKNRI|0.023
Q13131|Q9H6T3_RIKSYDYEA|0.436
Q13131|Q9H6T3_KSYDYEAWA|0.0
Q13131|Q9H6T3_KQGKYDEAI|0.0
Q13131|Q9H6T3_DADPYNPVL|0.0
Q13131|Q9H6T3_RASAYFRLK|0.0
Q13131|Q9H6T3_AKKDYERVL|0.002
Q13131|Q9H6T3_QQAISEKDR|0.226
Q13131|Q9H6T3_RAMAYLKIQ|0.751
Q13131|Q9H6T3_VTELSKIKK|0.0
Q13131|Q9H6T3_DLFPTSDTP|0.0
Q13131|Q9H6T3_LFPTSDTPR|0.0
Q13131|Q9H6T3_PTSDTPRAK|0.177
Q13131|Q9H6T3_QPQASLKQD|0.624
Q13131|Q9H6T3_PDMLYQYLK|0.0
Q13131|Q96AT9___MASGCKI|0.51
Q13131|Q96AT9_KIGPSILNS|0.555
Q13131|Q96AT9_SILNSDLAN|0.943
Q13131|Q96AT9_TQFPSLDIE|0.572
Q13131|Q96AT9_NMIVSGSAI|0.614
Q13131|Q96AT9_IVSGSAIMR|0.922
Q13131|Q96AT9_AIMRSEDPR|0.921
Q13131|Q96AT9_RNVCSEAAQ|0.968
Q13131|Q16518_KLFETVEEL|0.131
Q13131|Q16518_RTDAYVRAM|0.0
Q13131|Q16518_LNNKYRTSP|0.002
Q13131|Q16518_DKADTGKNL|0.564
Q13131|Q92834_LENFTNHFI|0.002
Q13131|Q92834_TFLPYSSLT|0.053
Q13131|Q92834_SNEKSLKLS|0.0
Q13131|Q92834_ENDDSDEYE|0.0
Q13131|Q92834_ENVESKKKT|0.0
Q13131|Q92834_SKKKTVGDD|0.885
Q13131|Q92834_GDDESVPTG|0.01
Q13131|Q92834_TGYHSKTEG|0.004
Q13131|Q92834_GAERTNDDS|0.0
Q13131|Q92834_AICEYNENP|0.0
Q13131|Q96KN7_VDPTSGDLP|0.0
Q13131|Q96KN7_KRLRTTLLR|0.0
Q13131|Q96KN7_INVCYQEEL|0.0
Q13131|Q96KN7_QPSPYAVYR|0.0
Q13131|Q96KN7_PYAVYRFFT|0.0
Q13131|Q96KN7_SNNPYFRDQ|0.0
Q13131|Q96KN7_DLDHYLRRE|0.0
Q13131|Q96KN7_KGKDTKDSS|0.0
Q13131|Q96KN7_HQVVSYSRR|0.0
Q13131|Q96KN7_QVVSYSRRK|0.428
Q13131|Q96KN7_VVSYSRRKH|0.5
Q13131|Q96KN7_GSEVSEAQT|0.0
Q13131|Q96KN7_PKADSEKMC|0.0
Q13131|Q68CZ1_RQTPYNNVQ|0.002
Q13131|Q68CZ1_MFTKYGNSL|0.001
Q13131|Q68CZ1_KYGNSLLEE|0.022
Q13131|Q68CZ1_RIKLYNQEN|0.372
Q13131|Q68CZ1_ADELSEALL|0.0
Q13131|Q68CZ1_MPDDSVDEF|0.0
Q13131|Q9UNE2_GIEASPGQK|0.0
Q13131|Q9UNE2_LPLKTPGRA|0.0
Q13131|Q9UNE2_VSSDSDSDS|0.0
Q13131|P49247_FSTLYGRVL|0.413
Q13131|P49247_GGAASGGGG|0.001
Q13131|P49247_GGGNSWDLP|0.021
Q13131|P49247_DLPGSHVRL|0.662
Q13131|Q59EK9_EDSWYSKWH|0.0
Q13131|Q59EK9_QEQLTGLIP|0.0
Q13131|Q59EK9_NQWPSLGTL|0.0
Q13131|Q59EK9_YRRHSFMST|0.899
Q13131|P27635_PARCYRYCK|0.323
Q13131|P27635_KNKPYPKSR|0.524
Q13131|P27635_GHMVSDEYE|0.694
Q13131|P27635_VSDEYEQLS|0.646
Q13131|P27635_YEQLSSEAL|0.001
Q13131|P27635_CANKYMVKS|0.44
Q13131|P27635_NKMLSCAGA|0.148
Q13131|P27635_KPQGTVARV|0.0
Q13131|P62906_RPKFSVCVL|0.138
Q13131|P62906_LAKKYDAFL|0.0
Q13131|P62906_LASESLIKQ|0.707
Q13131|P62906_GKFPSLLTH|0.685
Q13131|P62906_PQRLY____|0.0
Q13131|Q96L21_PARCYRYCK|0.14
Q13131|Q96L21_KNKPYPKSR|0.47
Q13131|Q96L21_VSDEYEQLS|0.584
Q13131|Q96L21_YEQLSSEAL|0.0
Q13131|Q96L21_CANKYMVKS|0.373
Q13131|Q96L21_NKMLSCAGA|0.001
Q13131|Q96L21_KPQGTVARV|0.0
Q13131|P62913_CVGESGDRL|0.891
Q13131|P62913_TPVFSKARY|0.0
Q13131|P62913_KVREYELRK|0.658
Q13131|P62913_LGIKYDPSI|0.142
Q13131|P62913_RPGFSIADK|0.658
Q13131|P62913_FQQKYDGII|0.363
Q13131|P30050_NIKHSGNIT|0.003
Q13131|P30050_SGNITFDEI|0.0
Q13131|P30050_ELSGTIKEI|0.59
Q13131|P30050_EILGTAQSV|0.0
Q13131|P26373_TIGISVDPR|0.745
Q13131|P26373_RNKSTESLQ|0.812
Q13131|P26373_KEYRSKLIL|0.06
Q13131|P26373_KKGDSSAEE|0.767
Q13131|P26373_LKLATQLTG|0.856
Q13131|P26373_ATQLTGPVM|0.763
Q13131|P26373_KAFASLRMA|0.591
Q13131|P40429_RKFAYLGRL|0.0
Q13131|P40429_VGWKYQAVT|0.426
Q13131|P40429_YQAVTATLE|0.0
Q13131|P40429_AVTATLEEK|0.058
Q13131|P50914_GRVAYVSFG|0.517
Q13131|P50914_DGPCTQVRR|0.011
Q13131|P50914_KAPGTKGTA|0.436
Q13131|P50914_GTKGTAAAA|0.526
Q13131|P61313_AKQGYVIYR|0.56
Q13131|P61313_GYVIYRIRV|0.429
Q13131|P61313_KGATYGKPV|0.0
Q13131|P61313_GEDSTYKFF|0.0
Q13131|P61313_EDSTYKFFE|0.451
Q13131|P61313_TIGGSRRAA|0.815
Q13131|P18621_NPTKSCKSR|0.555
Q13131|P18621_PFRRYNGGV|0.334
Q13131|P18621_WPKKSAEFL|0.0
Q13131|P18621_MRRRTYRAH|0.432
Q13131|P18621_KKKISQKKL|0.033
Q13131|Q07020_LARRTNSTF|0.707
Q13131|Q07020_RRTNSTFNQ|0.143
Q13131|Q07020_RTNSTFNQV|0.007
Q13131|Q07020_RPPLSLSRM|0.008
Q13131|Q07020_PLSLSRMIR|0.543
Q13131|Q07020_RENKTAVVV|0.0
Q13131|Q07020_VVVGTITDD|0.316
Q13131|Q07020_VGTITDDVR|0.0
Q13131|Q07020_ALRVTSRAR|0.439
Q13131|Q07020_SRARSRILR|0.509
Q13131|Q07020_HTKPYVRSK|0.597
Q13131|Q07020_GRRASRGYK|0.502
Q13131|Q02543_KASGTLREY|0.013
Q13131|Q02543_TLREYKVVG|0.0
Q13131|Q02543_VVAKSRFWY|0.014
Q13131|Q02543_SRFWYFVSQ|0.0
Q13131|Q02543_WYFVSQLKK|0.002
Q13131|Q02543_EIAASKCRR|0.0
Q13131|Q02543_KPRFTTKRP|0.0
Q13131|Q02543_PRFTTKRPN|0.015
Q13131|P84098_DPNETNEIA|0.097
Q13131|P84098_VTVHSRARC|0.859
Q13131|P84098_CRKNTLARR|0.507
Q13131|P84098_KRKGTANAR|0.514
Q13131|P84098_PEKVTWMRR|0.0
Q13131|P84098_DRHMYHSLY|0.675
Q13131|P84098_HMYHSLYLK|0.164
Q13131|P84098_YHSLYLKVK|0.603
Q13131|P84098_IKTLSKEEE|0.634
Q13131|P46778_RGTRYMFSR|0.0
Q13131|P46778_VPLATYMRI|0.127
Q13131|P46778_PLATYMRIY|0.061
Q13131|P46778_KGMGTVQKG|0.745
Q13131|P46778_TGRVYNVTQ|0.606
Q13131|P46778_VYNVTQHAV|0.268
Q13131|P46778_KHSKSRDSF|0.5
Q13131|P46778_KEKGTWVQL|0.579
Q13131|P46778_HFVRTNGKE|0.534
Q13131|P46778_EPIPYEFMA|0.0
Q13131|P35268_TLDCTHPVE|0.0
Q13131|P35268_GGVVTIERS|0.549
Q13131|P35268_ERSKSKITV|0.898
Q13131|P35268_KSKITVTSE|0.0
Q13131|P35268_KITVTSEVP|0.0
Q13131|P35268_ITVTSEVPF|0.515
Q13131|P35268_EVPFSKRYL|0.0
Q13131|P35268_VVANSKESY|0.617
Q13131|Q6P5R6_DKETYELRY|0.0
Q13131|P62829_CADNTGAKN|0.004
Q13131|P62829_LYIISVKGI|0.433
Q13131|P62829_MVMATVKKG|0.0
Q13131|P62829_RQRKSYRRK|0.051
Q13131|P62829_GSAITGPVA|0.002
Q13131|P62750_YPRKSAPRR|0.0
Q13131|P62750_KLDHYAIIK|0.006
Q13131|P62750_VKKLYDIDV|0.002
Q13131|P62750_AKVNTLIRP|0.0
Q13131|P62750_EKKAYVRLA|0.482
Q13131|P62750_LAPDYDALD|0.002
Q13131|P83731_VELCSFSGY|0.219
Q13131|P83731_LCSFSGYKI|0.331
Q13131|P83731_RYARTDGKV|0.354
Q13131|P83731_KKGQSEEIQ|0.159
Q13131|P61254_PFVTSDRSK|0.683
Q13131|P61254_TSDRSKNRK|0.715
Q13131|P61254_FNAPSHIRR|0.776
Q13131|P61254_RKIMSSPLS|0.539
Q13131|P61254_KIMSSPLSK|0.317
Q13131|P61254_SSPLSKELR|0.501
Q13131|P61254_EKGKYKEET|0.004
Q13131|Q9UNX3_NPFVTSDRS|0.541
Q13131|Q9UNX3_PFVTSDRSK|0.511
Q13131|Q9UNX3_TSDRSKNRK|0.628
Q13131|Q9UNX3_FNAPSHVRR|0.433
Q13131|Q9UNX3_RKIMSSPLS|0.481
Q13131|Q9UNX3_SSPLSKELR|0.016
Q13131|Q9UNX3_EKGKYKEEL|0.0
Q13131|P61353_GIDRYPRKV|0.545
Q13131|P61353_FVKVYNYNH|0.623
Q13131|P61353_KVYNYNHLM|0.538
Q13131|P61353_HLMPTRYSV|0.321
Q13131|P61353_PTRYSVDIP|0.612
Q13131|P46776_RGHVSHGHG|0.413
Q13131|P46776_NFDKYHPGY|0.0
Q13131|P46776_YHPGYFGKV|0.004
Q13131|P46776_AKNKTGAAP|0.045
Q13131|P46776_VRSGYYKVL|0.512
Q13131|P46779____MSAHLQ|0.496
Q13131|P46779_VRNCSSFLI|0.0
Q13131|P46779_RNCSSFLIK|0.512
Q13131|P46779_KQTYSTEPN|0.266
Q13131|P46779_KARNSFRYN|0.637
Q13131|P46779_IKRRSGQRK|0.0
Q13131|P46779_PATSYVRTT|0.0
Q13131|P46779_SYVRTTINK|0.291
Q13131|P46779_NARATLSSI|0.117
Q13131|P46779_RATLSSIRH|0.606
Q13131|P46779_ATLSSIRHM|0.238
Q13131|P46779_RKNKYRPDL|0.548
Q13131|P47914_KKPRSQRYE|0.0
Q13131|P47914_RSQRYESLK|0.343
Q13131|P47914_AKAMSARAE|0.67
Q13131|P47914_DRLAYIAHP|0.004
Q13131|P39023_DRPGSKVNK|0.526
Q13131|P39023_NWHKSKKKA|0.187
Q13131|P39023_RVAFSVARA|0.61
Q13131|P39023_IGQGYLIKD|0.021
Q13131|P39023_NNASTDYDL|0.215
Q13131|P39023_DYDLSDKSI|0.311
Q13131|P39023_TLRKSLLVQ|0.574
Q13131|P39023_KFIDTTSKF|0.628
Q13131|P62888_KSGKYVLGY|0.326
Q13131|P62888_YVLGYKQTL|0.493
Q13131|P62888_GYKQTLKMI|0.11
Q13131|P62888_SEIEYYAML|0.0
Q13131|P62888_EIEYYAMLA|0.509
Q13131|P62888_GVHHYSGNN|0.409
Q13131|P62888_VHHYSGNNI|0.561
Q13131|P62888_YRVCTLAII|0.348
Q13131|P62888_DIIRSMPEQ|0.611
Q13131|P62899_VTREYTINI|0.0
Q13131|P62899_TREYTINIH|0.657
Q13131|P62899_RVRLSRKRN|0.582
Q13131|P62899_YTLVTYVPV|0.0
Q13131|P62899_VPVTTFKNL|0.0
Q13131|P62899_KNLQTVNVD|0.0
Q13131|P62899-2_LNSVTVAKS|0.0
Q13131|P62899-3_TTFKSKFSI|0.0
Q13131|P62899-3_KSKFSIP__|0.0
Q13131|P62910_IRHQSDRYV|0.543
Q13131|P62910_PNIGYGSNK|0.001
Q13131|P62910_MCNKSYCAE|0.615
Q13131|P62910_CNKSYCAEI|0.04
Q13131|P62910_AHNVSSKNR|0.284
Q13131|P62910_ARLRSEENE|0.613
Q13131|P49207_RRLSYNTAS|0.563
Q13131|P49207_YNTASNKTR|0.05
Q13131|P49207_NRIVYLYTK|0.515
Q13131|P49207_RLSKTKKHV|0.512
Q13131|P49207_VSRAYGGSM|0.447
Q13131|P42766_VAKVTGGAA|0.0
Q13131|P42766_GGAASKLSK|0.002
Q13131|P42766_ASKLSKIRV|0.61
Q13131|P42766_VINQTQKEN|0.689
Q13131|P42766_KGKKYKPLD|0.016
Q13131|P18077_IFAGYKRGL|0.002
Q13131|P18077_QREHTALLK|0.0
Q13131|P18077_ETEFYLGKR|0.0
Q13131|P18077_NNTVTPGGK|0.531
Q13131|Q9Y3U8_GHKVTKNVS|0.005
Q13131|Q9Y3U8_KPRHSRRRG|0.085
Q13131|Q9Y3U8_GFAPYERRA|0.0
Q13131|Q9Y3U8_KRVGTHIRA|0.0
Q13131|Q9Y3U8_REELSNVLA|0.479
Q13131|P83881_KGKDSLYAQ|0.218
Q13131|P83881_KDSLYAQGK|0.0
Q13131|P83881_DRKQSGYGG|0.526
Q13131|Q969Q0_KVTQYKKGK|0.239
Q13131|Q969Q0_KGKDSLYAQ|0.002
Q13131|Q969Q0_KDSLYAQGR|0.425
Q13131|Q969Q0_DRKQSGYGG|0.512
Q13131|P61927_KYNWSAKAK|0.005
Q13131|P61927_REGTTPKPK|0.413
Q13131|P61513_IVGKYGTRY|0.448
Q13131|P61513_GKYGTRYGA|0.001
Q13131|P61513_YGTRYGASL|0.043
Q13131|P61513_RYGASLRKM|0.677
Q13131|P61513_KYTCSFCGK|0.0
Q13131|P61513_WHCGSCMKT|0.692
Q13131|P63173_DFLLTARRK|0.454
Q13131|P63173_KVRCSRYLY|0.562
Q13131|P63173_RCSRYLYTL|0.288
Q13131|P63173_SRYLYTLVI|0.812
Q13131|P63173_RYLYTLVIT|0.486
Q13131|P63173_KLKQSLPPG|0.451
Q13131|Q92901_HRKFSAPRH|0.488
Q13131|Q92901_RDDPSQPVH|0.168
Q13131|Q92901_PVHLTAFLG|0.0
Q13131|Q92901_DWHKSKKKA|0.0
Q13131|Q92901_KFIDTTSKF|0.575
Q13131|Q92901_TPETSGDL_|0.0
Q13131|P36578_LISVYSEKG|0.0
Q13131|P36578_ISVYSEKGE|0.558
Q13131|P36578_GKNVTLPAV|0.0
Q13131|P36578_NRQPYAVSE|0.0
Q13131|P36578_PYAVSELAG|0.0
Q13131|P36578_AGHQTSAES|0.0
Q13131|P36578_ESWGTGRAV|0.0
Q13131|P36578_GTHRSGQGA|0.425
Q13131|P36578_APTKTWRRW|0.077
Q13131|P36578_TQKRYAICS|0.0
Q13131|P36578_YAICSALAA|0.0
Q13131|P36578_ALAASALPA|0.344
Q13131|P36578_ALVMSKGHR|0.574
Q13131|P36578_IKKVYASQR|0.001
Q13131|P36578_KVYASQRMR|0.0
Q13131|P36578_IPGITLLNV|0.0
Q13131|P36578_LLNVSKLNI|0.503
Q13131|P36578_IWTESAFRK|0.0
Q13131|P36578_LDELYGTWR|0.383
Q13131|P36578_RKAASLKSN|0.554
Q13131|P36578_LKSNYNLPM|0.539
Q13131|P36578_NTDLSRILK|0.571
Q13131|P36578_KLNPYAKTM|0.0
Q13131|P36578_MRRNTILRQ|0.029
Q13131|P36578_EKKPTTEEK|0.0
Q13131|P46777_GKTDYYARK|0.028
Q13131|P46777_KTDYYARKR|0.312
Q13131|P46777_DKNKYNTPK|0.389
Q13131|P46777_CQIAYARIE|0.003
Q13131|P46777_DGGLSIPHS|0.581
Q13131|P46777_SIPHSTKRF|0.654
Q13131|P46777_RFPGYDSES|0.0
Q13131|P46777_YDSESKEFN|0.32
Q13131|P46777_DEDAYKKQF|0.0
Q13131|P46777_YIKNSVTPD|0.787
Q13131|P46777_ENPVYEKKP|0.058
Q13131|Q02878_GIGRYSRSA|0.009
Q13131|Q02878_IGRYSRSAM|0.753
Q13131|Q02878_RYSRSAMYS|0.7
Q13131|Q02878_RSAMYSRKA|0.269
Q13131|Q02878_KRKYSAAKS|0.457
Q13131|Q02878_KKPFSQHVR|0.0
Q13131|Q02878_KLRASITPG|0.421
Q13131|Q02878_RASITPGTI|0.0
Q13131|Q02878_LIILTGRHR|0.568
Q13131|Q02878_PKHLTDAYF|0.46
Q13131|Q02878_LTDAYFKKK|0.501
Q13131|Q02878_KAVDSQILP|0.011
Q13131|Q02878_QLQGYLRSV|0.514
Q13131|Q02878_GYLRSVFAL|0.361
Q13131|Q02878_TNGIYPHKL|0.0
Q13131|P18124_LNKASINML|0.203
Q13131|P18124_PNLKSVNEL|0.588
Q13131|P18124_RIALTDNAL|0.524
Q13131|P18124_HEIYTVGKR|0.506
Q13131|P18124_FKLSSPRGG|0.0
Q13131|P62424_RAILYKRLK|0.905
Q13131|P62424_AGVNTVTTL|0.48
Q13131|P62424_VNTVTTLVE|0.408
Q13131|P62424_NTVTTLVEN|0.636
Q13131|P62424_MGVPYCIIK|0.0
Q13131|P62424_VHRKTCTTV|0.0
Q13131|P62424_TQVNSEDKG|0.739
Q13131|P62424_YNDRYDEIR|0.0
Q13131|Q6DKI1_KRLESFLHD|0.361
Q13131|Q6DKI1_FLHDSWRQK|0.001
Q13131|Q6DKI1_KEMGTPGYR|0.001
Q13131|P62917_KGAGSVFRA|0.773
Q13131|P62917_FRDPYRFKK|0.597
Q13131|P62917_GQFVYCGKK|0.496
Q13131|P62917_LPVGTMPEG|0.0
Q13131|P62917_MPEGTIVCC|0.516
Q13131|P62917_KVISSANRA|0.61
Q13131|P32969___MKTILSN|0.001
Q13131|P32969_KTILSNQTV|0.0
Q13131|P32969_LSNQTVDIP|0.0
Q13131|P32969_GPRGTLRRD|0.0
Q13131|P32969_MRSVYAHFP|0.0
Q13131|P32969_GVACSVSQA|0.0
Q13131|P05388_EDRATWKSN|0.469
Q13131|P05388_DNVGSKQMQ|0.386
Q13131|P05388_PCEVTVPAQ|0.0
Q13131|P05388_PAQNTGLGP|0.001
Q13131|P05388_GPEKTSFFQ|0.031
Q13131|P05388_PEKTSFFQA|0.0
Q13131|P05388_TTKISRGTI|0.066
Q13131|P05388_ISRGTIEIL|0.0
Q13131|P05388_IEILSDVQL|0.614
Q13131|P05388_VLALSVETD|0.0
Q13131|P05388_VETDYTFPL|0.172
Q13131|Q8NHW5_EDRATWKSN|0.109
Q13131|Q8NHW5_LLDDYPKCF|0.027
Q13131|Q8NHW5_ISRGTIEIL|0.0
Q13131|Q8NHW5_IEILSDVQL|0.592
Q13131|Q8NHW5_LQTGYPTVA|0.002
Q13131|Q8NHW5_AKEESEESD|0.411
Q13131|Q8NHW5_ESEESDEDM|0.017
Q13131|P05386___MASVSEL|0.441
Q13131|P05386_VNIGSLICN|0.001
Q13131|P05387_KILDSVGIE|0.0
Q13131|P04843_DVKRTVDLS|0.001
Q13131|P04843_VETVYTHVL|0.507
Q13131|P04843_ETVYTHVLH|0.0
Q13131|P04843_EGNHYFYSP|0.0
Q13131|P04843_HYFYSPYPT|0.35
Q13131|P04843_NPTRSEDLL|0.589
Q13131|P04843_DLLDYGPFR|0.0
Q13131|P04843_DVPAYSQDT|0.074
Q13131|P04843_YENNSPFLT|0.0
Q13131|P04843_PFSRYDYQR|0.0
Q13131|P04843_SRYDYQRQP|0.237
Q13131|P04843_AQDVYYRDE|0.222
Q13131|P04843_QDVYYRDEI|0.527
Q13131|P04843_IEIDSPYEI|0.0
Q13131|P04843_IDSPYEISR|0.224
Q13131|P04843_PYEISRAPD|0.0
Q13131|P04843_DELHYTYLD|0.0
Q13131|P04843_ELHYTYLDT|0.199
Q13131|P04843_STLNSGKKS|0.662
Q13131|P04843_SGKKSLETE|0.73
Q13131|P04843_KALTSEIAL|0.77
Q13131|P04843_ALLQSRLKT|0.932
Q13131|P04843_KTEGSDLCD|0.0
Q13131|P04844_RLKASLDRP|0.0
Q13131|P04844_DRPFTNLES|0.0
Q13131|P04844_TNLESAFYS|0.0
Q13131|P04844_QALQTASHL|0.0
Q13131|P04844_ADLRSIVEE|0.0
Q13131|P04844_LGGVYLQFE|0.0
Q13131|P04844_VAATYKLMD|0.472
Q13131|P04844_FSVASAAAV|0.0
Q13131|P04844_EGSASDTHE|0.0
Q13131|P04844_SASDTHEQA|0.002
Q13131|P04844_LQKTSFTPV|0.0
Q13131|P04844_KTSFTPVGD|0.0
Q13131|P04844_TTRVTYPAK|0.0
Q13131|P04844_TRVTYPAKA|0.0
Q13131|P04844_KAKGTFIAD|0.0
Q13131|P04844_QNLFTPKQE|0.0
Q13131|P04844_SNTFTALIL|0.0
Q13131|P04844-2_AKYRTLRTA|0.0
Q13131|O95059_YKNPSEYHY|0.005
Q13131|O95059_NPSEYHYMK|0.188
Q13131|Q9BUL9_AIVFSGCGR|0.598
Q13131|Q9BUL9_CGRATTKTV|0.033
Q13131|Q9BUL9_AAPASKRSL|0.041
Q13131|Q9BUL9_SAKRSQPEP|0.686
Q13131|Q9BUL9_DEDQTA___|0.017
Q13131|Q8N5L8_LPAPSPMPQ|0.0
Q13131|Q8N5L8_LPPDTLEMR|0.0
Q13131|Q8N5L8_WVLLSRDPL|0.008
Q13131|P78346_LRAGSDLKA|0.049
Q13131|P78346_TMRRYTISS|0.205
Q13131|P78346_MRRYTISSA|0.001
Q13131|P78346_RYTISSALN|0.017
Q13131|P78346_YTISSALNL|0.0
Q13131|P78346_CLPASKKAK|0.082
Q13131|P78345_LVVKTSLNN|0.219
Q13131|P78345_KQQVSGWTP|0.001
Q13131|P78345_RIEDSGENL|0.027
Q13131|P78345_GRQASVTLQ|0.502
Q13131|P78345_QASVTLQPL|0.0
Q13131|O75818_VQTHYYNYR|0.002
Q13131|O75818_QTHYYNYRV|0.0
Q13131|O75818_LMELSLNLD|0.0
Q13131|O75818_LNLDSKKYE|0.0
Q13131|O75818_MSYFSKYQI|0.521
Q13131|Q3KQU3_VVARTPPEP|0.0
Q13131|Q3KQU3_EPRPSPEGD|0.0
Q13131|Q3KQU3_EGDPSPPPP|0.0
Q13131|Q3KQU3_DSPPTKQEV|0.0
Q13131|Q3KQU3_NKERYEAAI|0.0
Q13131|Q3KQU3_QQRWSWAGA|0.0
Q13131|Q3KQU3_NKRLSKSSA|0.0
Q13131|Q3KQU3_KSSATLWNS|0.0
Q13131|Q3KQU3_WNSPSRNRS|0.106
Q13131|Q3KQU3_SRNRSLQLS|0.0
Q13131|Q3KQU3_SLQLSAWES|0.0
Q13131|Q3KQU3_TPTLSFLAR|0.0
Q13131|Q3KQU3_FLARSRSAV|0.0
Q13131|Q3KQU3_RSAVTLPRN|0.0
Q13131|Q3KQU3_RAGASLARG|0.0
Q13131|Q3KQU3_QPDRTHPSA|0.0
Q13131|Q3KQU3_RTHPSAAVP|0.0
Q13131|Q3KQU3_LTPCSVTRS|0.0
Q13131|Q3KQU3_ARERSLKKR|0.0
Q13131|Q3KQU3_LSASTASEL|0.0
Q13131|Q3KQU3_KARPSSPST|0.0
Q13131|Q3KQU3_ARPSSPSTS|0.0
Q13131|Q3KQU3_PSSPSTSWH|0.0
Q13131|Q3KQU3_SSPSTSWHR|0.0
Q13131|Q3KQU3_SPSTSWHRP|0.0
Q13131|Q3KQU3_HRPASPCPS|0.0
Q13131|Q3KQU3_SPCPSPGPG|0.0
Q13131|Q3KQU3_GPGHTLPPK|0.0
Q13131|Q3KQU3_PKPPSPRGT|0.0
Q13131|Q3KQU3_GTTASPKGR|0.0
Q13131|Q3KQU3_DKSQSKRRA|0.358
Q13131|Q3KQU3_KRRASNEKE|0.0
Q13131|Q3KQU3_QKQDSKEAN|0.0
Q13131|Q3KQU3-2_ANGSSPEPV|0.0
Q13131|Q3KQU3-4_ANGSSPEPV|0.0
Q13131|Q9NQG5___MSSFSES|0.622
Q13131|Q9NQG5_ERSVYGGEF|0.107
Q13131|Q9NQG5_GPLLTEELI|0.0
Q13131|Q9NQG5_VQDVSLLEK|0.598
Q13131|Q9NQG5_LVEYTQNQK|0.011
Q13131|Q9NQG5_KDVLSEKEK|0.0
Q13131|Q5VT52_KASSSSASS|0.0
Q13131|Q5VT52_ALESSLDRK|0.0
Q13131|Q5VT52_IFRESFADV|0.0
Q13131|Q5VT52_ELLLYKRSE|0.472
Q13131|Q5VT52_AGIFYEAQY|0.0
Q13131|Q5VT52_VANAYKTFA|0.004
Q13131|Q5VT52_NAYKTFANR|0.0
Q13131|Q5VT52_PEPVTDNRD|0.003
Q13131|Q5VT52_KSAVSTSVP|0.0
Q13131|Q5VT52_AVSTSVPTK|0.0
Q13131|Q5VT52_ASSCTPVPV|0.013
Q13131|Q5VT52_NTSLSPSPA|0.001
Q13131|Q5VT52_SILSSLTSV|0.0
Q13131|Q5VT52_PSNLTSGLK|0.038
Q13131|Q5VT52_SGLKTPAPA|0.002
Q13131|Q5VT52_ANILSKVEI|0.353
Q13131|Q5VT52_RNLPSSAQP|0.0
Q13131|Q5VT52_NLPSSAQPF|0.006
Q13131|Q5VT52_KSFNYSPNS|0.0
Q13131|Q5VT52_ASKASIGQS|0.486
Q13131|Q5VT52_THNTSPAAP|0.003
Q13131|Q5VT52_PKLESESTS|0.0
Q13131|Q5VT52_RGPTSTSID|0.0
Q13131|Q5VT52_GPTSTSIDN|0.0
Q13131|Q5VT52_PTSSSVDTM|0.0
Q13131|Q5VT52_ISPGSSTPS|0.001
Q13131|Q5VT52_SSTPSSTRS|0.001
Q13131|Q5VT52_STPSSTRSP|0.0
Q13131|Q5VT52_TPSSTRSPP|0.0
Q13131|Q5VT52_GRDESYPRE|0.001
Q13131|Q5VT52_RDESYPREL|0.0
Q13131|Q5VT52_ELSNSVSTY|0.1
Q13131|Q5VT52_LGSESPYKQ|0.04
Q13131|Q5VT52_YKQPSDGME|0.001
Q13131|Q5VT52_SSKLSDTTE|0.498
Q13131|Q5VT52_KLSDTTEYQ|0.0
Q13131|Q5VT52_LSDTTEYQP|0.015
Q13131|Q5VT52_DTTEYQPIL|0.005
Q13131|Q5VT52_DRLSSSPGL|0.001
Q13131|Q5VT52_SKNDSFFTP|0.132
Q13131|Q5VT52_DSFFTPDSN|0.031
Q13131|Q5VT52_PQKQYPDSP|0.0
Q13131|Q5VT52_VPHRSLFSP|0.058
Q13131|Q5VT52_SPQNTLAAP|0.0
Q13131|Q5VT52_SRKPSDDKH|0.351
Q13131|Q5VT52_GQAPSKGTP|0.0
Q13131|Q5VT52_PSKGTPSDG|0.035
Q13131|Q5VT52_ETRVSSSCL|0.479
Q13131|Q5VT52_TRVSSSCLD|0.298
Q13131|Q5VT52_RVSSSCLDL|0.0
Q13131|Q5VT52_ETLGYHSAS|0.014
Q13131|Q5VT52_LGYHSASNR|0.157
Q13131|Q5VT52_ESVGSFRSN|0.0
Q13131|Q5VT52_GSFRSNSFN|0.023
Q13131|Q5VT52_HLPPSPLEH|0.05
Q13131|Q5VT52_VGPSSAPPV|0.0
Q13131|Q5VT52_THLPSVDLS|0.023
Q13131|Q5VT52_RVRESLTLP|0.0
Q13131|Q5VT52_RESLTLPSH|0.004
Q13131|Q5VT52-5_NEPGSDRSP|0.0
Q13131|Q5VT52-5_GSDRSPSPK|0.0
Q13131|Q5VT52-5_DRSPSPKHP|0.0
Q13131|Q5VT52-5_RRGESPGLH|0.0
Q13131|P46783_EGIQYLRDY|0.281
Q13131|P46783_YLRDYLHLP|0.001
Q13131|P46783_IVPATLRRS|0.228
Q13131|P46783_SRPETGRPR|0.0
Q13131|P46783_ADRDTYRRS|0.004
Q13131|P46783_DRDTYRRSA|0.0
Q13131|Q9NQ39_AGAGSATEF|0.011
Q13131|P62280_TERAYQKQP|0.002
Q13131|P62280_QKQPTIFQN|0.0
Q13131|P62280_KLPRYYKNI|0.0
Q13131|P62280_LPRYYKNIG|0.0
Q13131|P62280_IEGTYIDKK|0.003
Q13131|P62280_KCPFTGNVS|0.0
Q13131|P62280_SGVVTKMKM|0.848
Q13131|P62280_IRRDYLHYI|0.377
Q13131|P62280_DYLHYIRKY|0.0
Q13131|P62280_SVHLSPCFR|0.0
Q13131|P25398_DEPMYVKLV|0.26
Q13131|P25398_VVGCSCVVV|0.029
Q13131|P25398_YGKESQAKD|0.221
Q13131|P25398_VIEEYFKCK|0.493
Q13131|P62277_GKGLSQSAL|0.829
Q13131|P62277_GLSQSALPY|0.576
Q13131|P62277_SALPYRRSV|0.022
Q13131|P62277_PYRRSVPTW|0.282
Q13131|P62277_RSVPTWLKL|0.623
Q13131|P62277_KKGLTPSQI|0.007
Q13131|P62277_GLTPSQIGV|0.034
Q13131|P62277_ILRDSHGVA|0.521
Q13131|P62277_PEDLYHLIK|0.005
Q13131|P62277_ILIESRIHR|0.502
Q13131|P62263_RDESSPYAA|0.499
Q13131|P62263_ESSPYAAML|0.598
Q13131|P62263_PGAQSALRA|0.6
Q13131|P62841_KKKRTFRKF|0.598
Q13131|P62841_RKQHSLLKR|0.808
Q13131|P62841_EMVGSMVGV|0.034
Q13131|P62841_GATHSSRFI|0.768
Q13131|P62841_ATHSSRFIP|0.003
Q13131|P62244_IRPCSKVIV|0.0
Q13131|P62244_MKHGYIGEF|0.455
Q13131|P62244_VVNLTGRLN|0.521
Q13131|P62244_RRKHTGGKI|0.614
Q13131|P62249_GPLQSVQVF|0.369
Q13131|P62249_VAQIYAIRQ|0.032
Q13131|P62249_ILIQYDRTL|0.0
Q13131|P62249_RRCESKKFG|0.246
Q13131|P08708_IEKYYTRLG|0.103
Q13131|P08708_KIAGYVTHL|0.0
Q13131|P08708_AGYVTHLMK|0.0
Q13131|P08708_VRGISIKLQ|0.251
Q13131|P08708_RRDNYVPEV|0.0
Q13131|P08708_VPEVSALDQ|0.221
Q13131|P08708_VDPDTKEML|0.0
Q13131|P08708_NLQVTQPTV|0.006
Q13131|P08708_VTQPTVGMN|0.0
Q13131|P62269____MSLVIP|0.632
Q13131|P62269_VGRRYAHVV|0.575
Q13131|P62269_AGELTEDEV|0.414
Q13131|P62269_KDGKYSQVL|0.365
Q13131|P62269_DGKYSQVLA|0.656
Q13131|P39019_ELAPYDENW|0.0
Q13131|P39019_ENWFYTRAA|0.0
Q13131|P39019_NWFYTRAAS|0.0
Q13131|P39019_AGVGSMTKI|0.71
Q13131|P39019_VGSMTKIYG|0.165
Q13131|Q86WX3_KVPKSALDE|0.516
Q13131|Q86WX3_ALDEYRKRE|0.527
Q13131|Q86WX3_LKFLTRTRS|0.033
Q13131|Q86WX3_RTRSTVAES|0.496
Q13131|Q86WX3_TVAESVSQQ|0.491
Q13131|Q86WX3_GTVFTEEDF|0.455
Q13131|P15880_MKIKSLEEI|0.665
Q13131|P15880_LEEIYLFSL|0.0
Q13131|P15880_GRCGSVLVR|0.71
Q13131|P15880_APRGTGIVS|0.665
Q13131|P15880_TGIVSAPVP|0.026
Q13131|P15880_IDDCYTSAR|0.032
Q13131|P15880_DDCYTSARG|0.0
Q13131|P15880_DCYTSARGC|0.177
Q13131|P15880_FDAISKTYS|0.343
Q13131|P15880_AISKTYSYL|0.171
Q13131|P15880_ISKTYSYLT|0.0
Q13131|P15880_SKTYSYLTP|0.0
Q13131|P15880_KTYSYLTPD|0.05
Q13131|P15880_TKSPYQEFT|0.0
Q13131|P15880_HLVKTHTRV|0.717
Q13131|P15880_SVQRTQAPA|0.542
Q13131|P15880_PAVATT___|0.0
Q13131|P60866_AFKDTGKTP|0.312
Q13131|P60866_RITLTSRNV|0.277
Q13131|P60866_RNVKSLEKV|0.69
Q13131|P60866_VRMPTKTLR|0.793
Q13131|P60866_EGSKTWDRF|0.569
Q13131|P60866_LHSPSEIVK|0.685
Q13131|P63220_GQFKTYAIC|0.212
Q13131|P63220_QFKTYAICG|0.613
Q13131|P63220_RMGESDDSI|0.587
Q13131|P63220_ESDDSILRL|0.617
Q13131|P63220_DGIVSKNF_|0.532
Q13131|P62266_VANVSLLAL|0.901
Q13131|P62266_LLALYKGKK|0.301
Q13131|P62847_TVPKTEIRE|0.0
Q13131|P62847_FGMIYDSLD|0.014
Q13131|P62847_MIYDSLDYA|0.072
Q13131|P62847_DSLDYAKKN|0.298
Q13131|P62847_KVRGTAKAN|0.461
Q13131|P62851_PVNKSGGKA|0.579
Q13131|P62851_DKATYDKLC|0.0
Q13131|P62851_EVPNYKLIT|0.0
Q13131|P62851_YKLITPAVV|0.041
Q13131|P62851_PAVVSERLK|0.61
Q13131|P62851_QELLSKGLI|0.712
Q13131|P62851_AQVIYTRNT|0.0
Q13131|P62854_ISEASVFDA|0.618
Q13131|P62854_VFDAYVLPK|0.0
Q13131|P62979_IFVKTLTGK|0.458
Q13131|P62979_GKTITLEVE|0.687
Q13131|P62979_EVEPSDTIE|0.272
Q13131|P62979_EPSDTIENV|0.775
Q13131|P62979_TLSDYNIQK|0.088
Q13131|P62979_QKESTLHLV|0.73
Q13131|P62979_RKKKSYTTP|0.202
Q13131|P62979_KKKSYTTPK|0.0
Q13131|P62979_KSYTTPKKN|0.0
Q13131|P62979_VLKYYKVDE|0.0
Q13131|P62979_NGKISRLRR|0.857
Q13131|P62979_RECPSDECG|0.001
Q13131|P62979_FDRHYCGKC|0.256
Q13131|P62979_KCCLTYCFN|0.0
Q13131|P62979_CCLTYCFNK|0.001
Q13131|Q71UM5_LLHPSLEEE|0.478
Q13131|Q71UM5_QSPNSYFMD|0.791
Q13131|Q71UM5_SPNSYFMDV|0.003
Q13131|P62857__MDTSRVQP|0.059
Q13131|P62857_QGQCTQVRV|0.001
Q13131|P62857_FMDDTSRSI|0.652
Q13131|P62857_MDDTSRSII|0.538
Q13131|P62857_GDVLTLLES|0.0
Q13131|P62857_TLLESEREA|0.001
Q13131|P62273_HQQLYWSHP|0.682
Q13131|P62273_FGQGSRSCR|0.448
Q13131|P23396_AEDGYSGVE|0.419
Q13131|P23396_TPTRTEIII|0.411
Q13131|P23396_FPEGSVELY|0.43
Q13131|P23396_SVELYAEKV|0.573
Q13131|P23396_ESLRYKLLG|0.817
Q13131|P23396_RRACYGVLR|0.898
Q13131|P23396_EVVVSGKLR|0.927
Q13131|P23396_QRAKSMKFV|0.414
Q13131|P23396_LMIHSGDPV|0.569
Q13131|P23396_DPVNYYVDT|0.501
Q13131|P23396_PVNYYVDTA|0.351
Q13131|P23396_YYVDTAVRH|0.419
Q13131|P62861_KVHGSLARA|0.498
Q13131|P62861_NVVPTFGKK|0.322
Q13131|P61247_VDPFSKKDW|0.0
Q13131|P61247_KKDWYDVKA|0.0
Q13131|P61247_RTQGTKIAS|0.361
Q13131|P61247_TTDGYLLRL|0.0
Q13131|P61247_RKTSYAQHQ|0.052
Q13131|P61247_MEIMTREVQ|0.2
Q13131|P61247_CQSIYPLHD|0.0
Q13131|P61247_SGKATGDET|0.537
Q13131|P61247_TGDETGAKV|0.0
Q13131|P62701_LDKLTGVFA|0.464
Q13131|P62701_APRPSTGPH|0.69
Q13131|P62701_PRPSTGPHK|0.037
Q13131|P62701_NRLKYALTG|0.841
Q13131|P62701_KYALTGDEV|0.016
Q13131|P62701_GKVRTDITY|0.458
Q13131|P62701_MDVISIDKT|0.016
Q13131|P62701_FRLIYDTKG|0.04
Q13131|P62701_LIYDTKGRF|0.342
Q13131|P62701_EEAKYKLCK|0.0
Q13131|P62701_IFVGTKGIP|0.403
Q13131|P62701_IGVITNRER|0.0
Q13131|P62701_ATRLSNIFV|0.963
Q13131|P62701_KPWISLPRG|0.757
Q13131|P22090_LDKLTGVFA|0.458
Q13131|P22090_APRPSTGPH|0.583
Q13131|P22090_PRPSTGPHK|0.138
Q13131|P22090_NRLKYALTG|0.743
Q13131|P22090_KYALTGDEV|0.066
Q13131|P22090_RHPGSFDVV|0.523
Q13131|P22090_KPWISLPRG|0.661
Q13131|Q8TD47_LDKLTGVFA|0.452
Q13131|Q8TD47_APRPSTGPH|0.584
Q13131|Q8TD47_PRPSTGPHK|0.079
Q13131|Q8TD47_NRLKYALTG|0.68
Q13131|Q8TD47_KYALTGDEV|0.028
Q13131|Q8TD47_IDVISIEKT|0.529
Q13131|Q8TD47_VRKITVGTK|0.609
Q13131|Q8TD47_KPWISLPRG|0.622
Q13131|P46782_SLQDYIAVK|0.617
Q13131|P46782_VKEKYAKYL|0.087
Q13131|P46782_KYAKYLPHS|0.0
Q13131|P46782_SAGRYAAKR|0.0
Q13131|P46782_RLTNSMMMH|0.875
Q13131|P46782_RNIKTIAEC|0.477
Q13131|P46782_AKGSSNSYA|0.002
Q13131|P46782_SSNSYAIKK|0.106
Q13131|P62081___MFSSSAK|0.483
Q13131|P62081_ESGISQALL|0.051
Q13131|P62081_EKKFSGKHV|0.508
Q13131|P62081_KRPRSRTLT|0.805
Q13131|P62081_VETFSGVYK|0.488
Q13131|P62081_FSGVYKKLT|0.132
Q13131|P62241__MGISRDNW|0.0
Q13131|P62241_RRIHTVRVR|0.429
Q13131|P62241_FSWGSECCT|0.0
Q13131|P62241_CTRKTRIID|0.0
Q13131|P62241_IDVVYNASN|0.321
Q13131|P62241_VYNASNNEL|0.532
Q13131|P62241_ELVRTKTLV|0.423
Q13131|P62241_VLIDSTPYR|0.0
Q13131|P62241_LIDSTPYRQ|0.04
Q13131|P62241_DSTPYRQWY|0.0
Q13131|P62241_YRQWYESHY|0.0
Q13131|P62241_YESHYALPL|0.276
Q13131|P62241_NKKRSKKIQ|0.0
Q13131|P62241_NAKISSLLE|0.64
Q13131|P62241_RADGYVLEG|0.436
Q13131|P62241_ELEFYLRKI|0.0
Q13131|P46781_VCRKTYVTP|0.0
Q13131|P46781_CRKTYVTPR|0.0
Q13131|P46781_KTYVTPRRP|0.001
Q13131|P46781_LIGEYGLRN|0.0
Q13131|P46781_MKLDYILGL|0.761
Q13131|P46781_HIDFSLRSP|0.522
Q13131|P46781_LRSPYGGGR|0.119
Q13131|P08865____MSGALD|0.652
Q13131|P08865_HLGGTNLDF|0.486
Q13131|P08865_QMEQYIYKR|0.0
Q13131|P08865_EQYIYKRKS|0.576
Q13131|P08865_SDGIYIINL|0.006
Q13131|P08865_SVISSRNTG|0.425
Q13131|P08865_AGRFTPGTF|0.014
Q13131|P08865_HQPLTEASY|0.0
Q13131|P08865_LTEASYVNL|0.662
Q13131|P08865_ALCNTDSPL|0.001
Q13131|P08865_SPLRYVDIA|0.162
Q13131|P08865_KGAHSVGLM|0.527
Q13131|P08865_DLYFYRDPE|0.0
Q13131|P08865_APEFTATQP|0.0
Q13131|P08865_VADWSEGVQ|0.127
Q13131|P08865_TEDWSAQPA|0.001
Q13131|P35998_EDPKYIINV|0.0
Q13131|P35998_QVAPTDIEE|0.0
Q13131|P35998_PDVTYSDVG|0.0
Q13131|P35998_EVVETPLLH|0.034
Q13131|P35998_RVIGSELVQ|0.42
Q13131|P35998_LVQKYVGEG|0.499
Q13131|P35998_RKIATEKDF|0.0
Q13131|P35998_KFSATPRYM|0.126
Q13131|P35998_ATPRYMTYN|0.6
Q13131|P35998_RYMTYN___|0.435
Q13131|P62191_GQSQSGGHG|0.022
Q13131|P62191_KKKKYEPPV|0.245
Q13131|P62191_VTPHTQCRL|0.328
Q13131|P62191_RIKDYLLME|0.142
Q13131|P62191_THPEYYEEM|0.0
Q13131|P62191_GVILYGPPG|0.428
Q13131|P62191_QTSATFLRV|0.657
Q13131|P62191_KRYDSNSGG|0.0
Q13131|P62191_QIHTSRMTL|0.412
Q13131|P62191_KDDLSGADI|0.0
Q13131|P43686_LEDLYSRYK|0.613
Q13131|P43686_KRIQSIPLV|0.634
Q13131|P43686_TGSNYYVRI|0.769
Q13131|P43686_GSNYYVRIL|0.521
Q13131|P43686_RILSTIDRE|0.654
Q13131|P43686_GVLMYGPPG|0.42
Q13131|P43686_FVQKYLGEG|0.475
Q13131|P43686_NRADTLDPA|0.451
Q13131|P43686_RLIFSTITS|0.001
Q13131|P43686_LIFSTITSK|0.548
Q13131|P43686_STITSKMNL|0.236
Q13131|P43686_EHEFYK___|0.439
Q13131|P62333_KALQSVGQI|0.453
Q13131|P62333_ALDMTTLTI|0.434
Q13131|P62333_LDMTTLTIM|0.818
Q13131|P62333_MTTLTIMRY|0.035
Q13131|P62333_PGNVSYSEI|0.559
Q13131|P62333_GNVSYSEIG|0.009
Q13131|P62333_GCLLYGPPG|0.382
Q13131|P62333_RAVASQLDC|0.7
Q13131|P62333_KVVSSSIVD|0.431
Q13131|P62333_VVSSSIVDK|0.357
Q13131|P62333_GEIDYEAIV|0.479
Q13131|P62333_SKLDYKPV_|0.488
Q13131|P17980_LKMSTEEII|0.427
Q13131|P17980_RLLDSEIKI|0.141
Q13131|P17980_STRQTYFLP|0.334
Q13131|P17980_TRQTYFLPV|0.426
Q13131|P17980_LILETLPTE|0.006
Q13131|P17980_DERPTEQYS|0.005
Q13131|P17980_PTEQYSDIG|0.0
Q13131|P17980_TEQYSDIGG|0.329
Q13131|P17980_KRFDSEKAG|0.552
Q13131|P17980_ALLRSGRLD|0.455
Q13131|P17980_THEDYMEGI|0.394
Q13131|P62195_LRQYYLSKI|0.494
Q13131|P62195_QYYLSKIEE|0.018
Q13131|P62195_EQGSYVGEV|0.0
Q13131|P62195_INDVTPNCR|0.802
Q13131|P62195_RNDSYTLHK|0.743
Q13131|P62195_VPDSTYEMI|0.429
Q13131|P62195_PDSTYEMIG|0.005
Q13131|P62195_GVLLYGPPG|0.352
Q13131|P62195_GTGKTLLAR|0.461
Q13131|P62195_RVSGSELVQ|0.954
Q13131|P62195_EHAPSIIFM|0.123
Q13131|P62195_DSIGSSRLE|0.478
Q13131|P62195_SIGSSRLEG|0.536
Q13131|P62195_LEGGSGGDS|0.45
Q13131|P62195_KGVCTEAGM|0.0
Q13131|Q6XPR3_NDPETVETI|0.0
Q13131|Q6XPR3_ETVETILNL|0.004
Q13131|Q6XPR3_SERQSQDSS|0.0
Q13131|Q6XPR3_QSQDSSSGK|0.0
Q13131|Q6XPR3_SQDSSSGKK|0.0
Q13131|Q6XPR3_QDSSSGKKV|0.003
Q13131|Q6XPR3_RQGQSSHYS|0.051
Q13131|Q6XPR3_QGQSSHYSQ|0.0
Q13131|Q6XPR3_QSSHYSQMD|0.0
Q13131|Q6XPR3_YVEQSGRSG|0.026
Q13131|Q9UJJ7_IVYRSRDFL|0.0
Q13131|Q9UJJ7_VTKAYLALL|0.001
Q13131|Q9UJJ7_ALRATPDPD|0.0
Q13131|Q9UJJ7_PRPGSPSAL|0.0
Q13131|Q8IZ73_TRTWSGDKG|0.494
Q13131|Q8IZ73_GEHPSAAAP|0.687
Q13131|Q8IZ73_TAAVSERIH|0.631
Q13131|Q8IZ73_EGDLSPGLT|0.56
Q13131|Q96CM3_LDKETTGVM|0.02
Q13131|Q96CM3_DKETTGVMV|0.0
Q13131|Q96CM3_VVKKYWAIT|0.0
Q13131|Q96CM3_YWAITVHVP|0.0
Q13131|Q96CM3_VPMPSAGVV|0.002
Q13131|Q96CM3_KMTLSPSYR|0.614
Q13131|Q92600___MHSLATA|0.677
Q13131|Q92600_HSLATAAPV|0.896
Q13131|Q92600_APVPTTLAQ|0.95
Q13131|Q92600_PVPTTLAQV|0.656
Q13131|Q92600_REKIYQWIN|0.674
Q13131|Q92600_INELSSPET|0.077
Q13131|Q92600_ALVKTDEQE|0.894
Q13131|Q92600_VLQLSKEPS|0.566
Q13131|P55042_RRRGSTPWG|0.043
Q13131|P55042_RRGSTPWGP|0.0
Q13131|P55042_LHRRSMPVD|0.932
Q13131|P55042_QAALTPGAL|0.0
Q13131|P55042_DSEDSLSSG|0.0
Q13131|P55042_AKSKSCHDL|0.0
Q13131|Q7L523_IARDTRRLG|0.634
Q13131|Q7L523_RLGATIDVE|0.659
Q13131|Q7L523_FDVESRELE|0.734
Q13131|Q5VZM2__MEESDSEK|0.398
Q13131|Q5VZM2_EESDSEKTT|0.002
Q13131|Q5VZM2_EPEGSLGWV|0.001
Q13131|Q5VZM2_TSMRSIIFA|0.49
Q13131|Q5VZM2_IFANYIARD|0.002
Q13131|Q5VZM2_IARDTRRLG|0.005
Q13131|Q5VZM2_FDVESRELE|0.0
Q13131|Q5VZM2_VISHYQCKE|0.0
Q13131|Q9HB90_RSGKSSIQK|0.307
Q13131|Q9HB90_TTVLYLKEV|0.378
Q13131|Q9HB90_TSHRSCGHQ|0.833
Q13131|Q9HB90_CGHQTSASS|0.761
Q13131|Q9HB90_GHQTSASSL|0.648
Q13131|Q9HB90_QTSASSLKA|0.644
Q13131|Q9HB90_TSASSLKAL|0.842
Q13131|Q9NQL2_RSGKSSIQK|0.083
Q13131|Q9NQL2_FHKMSPNET|0.209
Q13131|Q9NQL2_KKRATPNGT|0.0
Q13131|Q9NQL2_TPNGTPRVL|0.0
Q13131|P10301_AASGTGRGR|0.287
Q13131|P10301_FVSDYDPTI|0.0
Q13131|P10301_PSPPSAPRK|0.054
Q13131|P62070_WRDGSGQEK|0.556
Q13131|P62070_GQEKYRLVV|0.439
Q13131|P62070_FVTDYDPTI|0.0
Q13131|P62070_FEEIYKFQR|0.0
Q13131|Q9P2E9_AVAPTPVQP|0.397
Q13131|Q9P2E9_KLASSPKDK|0.0
Q13131|Q9P2E9_SVVNSIQVL|0.0
Q13131|Q9P2E9_AKGNTPATG|0.434
Q13131|Q9P2E9_ATGTTQGKK|0.0
Q13131|Q9P2E9_EGAPTQGRK|0.0
Q13131|Q9P2E9_KKADSVANQ|0.925
Q13131|Q9P2E9_EGSPSEGKK|0.269
Q13131|Q9P2E9_QGKKTESAS|0.0
Q13131|Q9P2E9_TESASVQGR|0.453
Q13131|Q9P2E9_QGRNTDVAQ|0.577
Q13131|Q9P2E9_STVGSMVFN|0.571
Q13131|Q9P2E9_IEILSEKAG|0.0
Q13131|Q9P2E9_IIQDTWHKA|0.0
Q13131|Q9P2E9_WHKATQKGD|0.598
Q13131|Q9P2E9_KLLATEQED|0.0
Q13131|Q9P2E9_NGPNTQLAR|0.0
Q13131|Q9P2E9_QQENSILRD|0.673
Q13131|Q9P2E9_LNQATSQVE|0.0
Q13131|Q9P2E9_NQATSQVES|0.0
Q13131|Q9P2E9_SQVESKQNA|0.0
Q13131|Q9P2E9_CHTQSSHAS|0.783
Q13131|Q9P2E9_SKLQSSEAE|0.0
Q13131|Q9P2E9_RAENSQLTE|0.0
Q13131|Q9P2E9_NSQLTERIR|0.631
Q13131|Q9P2E9_ESQVSGLEK|0.735
Q13131|Q9P2E9_AEPSSDLAS|0.0
Q13131|Q9P2E9_SDLASKLRE|0.0
Q13131|Q9P2E9_PLESSETEE|0.0
Q13131|Q9P2E9_AEDGSSSKE|0.0
Q13131|Q9P2E9_EDGSSSKEG|0.0
Q13131|Q9P2E9_KEGTSV___|0.107
Q13131|Q92766____MTSSSP|0.06
Q13131|Q92766_IKSPSKPPG|0.527
Q13131|Q92766_GKSLSSASS|0.402
Q13131|Q92766_GERPYKCTV|0.0
Q13131|Q92766_THMETHSDN|0.609
Q13131|Q92766_KPQATPLPG|0.555
Q13131|Q92766_KPLVTPRTV|0.434
Q13131|Q92766_LEQDSIIEA|0.583
Q13131|Q92766_LRTHSGERP|0.276
Q13131|Q92766_KICHYPFTV|0.0
Q13131|Q92766_RGEDSGCAA|0.476
Q13131|Q92766_SLGGSVPKA|0.489
Q13131|Q92766_PAPASSPEA|0.254
Q13131|Q92766_APASSPEAA|0.002
Q13131|Q92766_RGMRSRPRA|0.469
Q13131|Q92766_GEFASIEKM|0.0
Q13131|Q92766_TNKFSPFLQ|0.15
Q13131|Q92766_PFLQTAEDN|0.0
Q13131|Q92766_AEDNTQDEV|0.403
Q13131|Q92766_AKRNSYTNC|0.609
Q13131|Q92766_MLTHTDSQS|0.085
Q13131|Q92766_TDSQSDAET|0.514
Q13131|Q92766_SDAETAAAA|0.011
Q13131|Q92766_TCGKSFKFL|0.423
Q13131|Q92766_KFLGTLSRH|0.442
Q13131|Q92766_LGTLSRHRK|0.0
Q13131|Q92766_SDGESAAEK|0.761
Q13131|Q92766_PKTDSPKSV|0.0
Q13131|Q92766_DSPKSVASK|0.305
Q13131|Q92766_MRSHTGERP|0.783
Q13131|Q92766_YKCQTCERT|0.0
Q13131|Q92766_TCERTFTLK|0.0
Q13131|Q92766_ERTFTLKHS|0.499
Q13131|Q92766_TLKHSLVRH|0.005
Q13131|Q92766_HGKDSDKEE|0.0
Q13131|Q92766_SENESTHSG|0.0
Q13131|Q92766_ESTHSGNNA|0.0
Q13131|Q92766_NNAVSENEA|0.635
Q13131|Q92766_APNASNHMA|0.179
Q13131|Q92766_HMAVTRSRK|0.519
Q13131|Q92766_EGLASATKD|0.365
Q13131|Q92766_ADGASQLVG|0.685
Q13131|Q92766-2_KHGVTTCSL|0.0
Q13131|Q92766-2_HGVTTCSLR|0.0
Q13131|Q92766-2_VTTCSLRRN|0.0
Q13131|Q92766-2_LIPQSKESD|0.0
Q13131|P23921_KHPDYAILA|0.307
Q13131|P23921_MEDLYNYIN|0.138
Q13131|P23921_DLYNYINPH|0.559
Q13131|P23921_MVAKSTLDI|0.883
Q13131|P23921_DRLNSAIIY|0.989
Q13131|P23921_DRDFSYNYF|0.691
Q13131|P23921_IEGIYDTLK|0.753
Q13131|P23921_GVAVSCIRA|0.919
Q13131|P23921_VYNNTARYV|0.519
Q13131|P23921_CNRKSNQQN|0.47
Q13131|P23921_IDINYYPVP|0.016
Q13131|P23921_DINYYPVPE|0.077
Q13131|P23921_EQGPYETYE|0.393
Q13131|P23921_GPYETYEGS|0.0
Q13131|P23921_PYETYEGSP|0.117
Q13131|P23921_APMPTASTA|0.0
Q13131|P23921_SMHFYGWKQ|0.869
Q13131|P23921_TGMYYLRTR|0.0
Q13131|P23921_KERNTAAMV|0.807
Q13131|P23921_AMVCSLENR|0.977
Q13131|P23921_LMCGS____|0.388
Q13131|P31350_LAPITDPQQ|0.0
Q13131|P31350_LKGLSLVDK|0.561
Q13131|P31350_PPALSGTRV|0.612
Q13131|P31350_ALSGTRVLA|0.282
Q13131|P31350_RVLASKTAR|0.061
Q13131|P31350_LASKTARRI|0.0
Q13131|P31350_FQEPTEPKT|0.0
Q13131|P31350_KEATYGERV|0.178
Q13131|P31350_NELISRDEG|0.12
Q13131|P31350_GMNCTLMKQ|0.0
Q13131|P31350_RVGEYQRMG|0.0
Q13131|P31350_GVMSSPTEN|0.0
Q13131|Q7LG56_ERSSSDTNE|0.637
Q13131|Q7LG56_NELISRDEG|0.595
Q13131|Q7LG56_EKRVSEYQR|0.476
Q13131|Q7LG56_RVSEYQRFA|0.0
Q13131|Q7LG56-6_DTNESEIKS|0.0
Q13131|Q7LG56-6_SEIKSNEEP|0.0
Q13131|Q96FB5_QVVQTSPRH|0.0
Q13131|Q96FB5_VVQTSPRHS|0.0
Q13131|Q96FB5_VLVATKMPL|0.0
Q13131|P56182___MVSRVQL|0.668
Q13131|P56182_NEQVTRDRA|0.673
Q13131|P56182_RTKDSLVLN|0.548
Q13131|P56182_DDRDSGGPV|0.18
Q13131|P56182_ERKRSRRRG|0.891
Q13131|P56182_QRRRTPRPL|0.0
Q13131|Q5JTH9_PSGVSAKLK|0.0
Q13131|Q5JTH9_FSRPSGRSD|0.0
Q13131|Q5JTH9_NELQSGSLR|0.451
Q13131|Q5JTH9_LSDCTNVTF|0.0
Q13131|Q5JTH9_CTNVTFSKV|0.133
Q13131|Q5JTH9_WESNSAAHK|0.0
Q13131|Q5JTH9_HGVCSVLKG|0.0
Q13131|Q5JTH9_GLVKSCSET|0.0
Q13131|Q5JTH9_VKSCSETLL|0.0
Q13131|Q5JTH9_SCSETLLRV|0.0
Q13131|Q5JTH9_GPAQSVAKM|0.0
Q13131|Q5JTH9_GLARTLGMA|0.0
Q13131|Q5JTH9_GMAISERPD|0.0
Q13131|Q5JTH9_AAGDTPAPR|0.0
Q13131|Q5JTH9_AVLETIRTY|0.0
Q13131|Q5JTH9_EVCASPQGP|0.0
Q13131|Q5JTH9_TLLDSLRST|0.0
Q13131|Q5JTH9_RSTSSPAKR|0.0
Q13131|Q5JTH9_ARQRSRAWL|0.206
Q13131|Q5JTH9_RVLATQPGP|0.501
Q13131|Q5JTH9_GFKVSADGR|0.001
Q13131|Q5JTH9_QAGGSGIHR|0.368
Q13131|Q5JTH9_RPDPYAYIP|0.0
Q13131|Q5JTH9_DPYAYIPLN|0.0
Q13131|Q5JTH9_ARRGSQVGH|0.0
Q13131|Q9Y3B9_AAPDSRVSE|0.0
Q13131|Q9Y3B9_KEAGSSMRK|0.0
Q13131|Q9Y3B9_EAGSSMRKR|0.0
Q13131|Q9Y3B9_KLISTVSKK|0.0
Q13131|Q9Y3B9_KDFISVLRG|0.0
Q13131|Q9Y3B9_MDGSTNETA|0.0
Q13131|Q9Y3B9_STNETASSR|0.0
Q13131|Q9Y3B9_ETASSRKKP|0.0
Q13131|Q9Y3B9_TEVKSEEGP|0.0
Q13131|Q9Y3B9_MMGASMKDW|0.002
Q13131|Q9Y3B9_SDSDT____|0.0
Q13131|Q14684_TGGFSQEEL|0.734
Q13131|Q14684_VLRQSFEVL|0.867
Q13131|Q14684_PESQSPNGV|0.386
Q13131|Q14684_ENEVSLRRA|0.625
Q13131|Q14684_SKKKTALGK|0.022
Q13131|Q14684_KDGLSDERG|0.6
Q13131|Q14684_SRKNTPHFN|0.065
Q13131|Q14684_ISQLSFAED|0.0
Q13131|Q14684_DQILSQGKH|0.345
Q13131|Q14684_GAAPSLEQN|0.665
Q13131|Q14684_PRKKSPRAH|0.424
Q13131|Q14684_SGLSTPAWP|0.0
Q13131|Q14684_QKTASLKKR|0.685
Q13131|Q14684_LRAESDFVK|0.535
Q13131|Q14684_VKFDTPFLP|0.101
Q13131|Q14684_SSTATHPPG|0.0
Q13131|Q14684_QLNKTPSSS|0.567
Q13131|Q14684_NRNMTAEFK|0.573
Q13131|Q14684_EFKKTDKSI|0.0
Q13131|Q14684_LVSPTGPSR|0.016
Q13131|Q14684_KPLTTTPRR|0.005
Q13131|Q96EU6_VFDKTYQFL|0.0
Q13131|Q96EU6_ENFLSRKRR|0.018
Q13131|Q13868_VPGDTITTD|0.433
Q13131|Q13868_ITTDTGFMR|0.642
Q13131|Q13868_RGHGTYMGE|0.509
Q13131|Q13868_GHGTYMGEE|0.066
Q13131|Q13868_SVAGSVERV|0.778
Q13131|Q13868_VLLLSSMNL|0.888
Q13131|Q13868_LLLSSMNLP|0.771
Q13131|Q13868_NCIISLVTQ|0.47
Q13131|Q9Y3A4_SPKESRSKF|0.0
Q13131|O43159_QLLATLRAL|0.001
Q13131|O43159_PKKASFASA|0.457
Q13131|O43159_ASFASASAE|0.018
Q13131|O43159_FASASAEVG|0.418
Q13131|O43159_AWKGSTTND|0.0
Q13131|O43159_WKGSTTNDP|0.0
Q13131|O43159_RGFQSQVKK|0.003
Q13131|Q15050_CAGPTPEAE|0.0
Q13131|Q15050_RRWGYQRAR|0.582
Q13131|Q15050_ARDDTKEWL|0.0
Q13131|Q15050_VSTASVGRF|0.077
Q13131|Q15050_RRKMSQKGK|0.004
Q13131|Q15050_GGPPSQGGK|0.0
Q13131|O15537_ARLNSQGFG|0.0
Q13131|O15537_CAWLSKFQD|0.0
Q13131|O15537_KFQDSSQWL|0.0
Q13131|O15537_LNWIYYKDQ|0.0
Q13131|O15537_NWIYYKDQT|0.0
Q13131|O15537_YKDQTGNNR|0.0
Q13131|Q9HA92_NAGGSPSPE|0.0
Q13131|Q9HA92_GGSPSPEPA|0.0
Q13131|Q9HA92_ARIQTLEPD|0.0
Q13131|Q8WXG1_EEDMTEQIK|0.0
Q13131|Q5VWQ0_CPAGSARAA|0.0
Q13131|Q5VWQ0_RQRRSSSGG|0.0
Q13131|Q5VWQ0_QRRSSSGGS|0.005
Q13131|Q5VWQ0_RRSSSGGSQ|0.035
Q13131|Q5VWQ0_RGRPSQEPP|0.042
Q13131|Q5VWQ0_GMQEYRVPQ|0.002
Q13131|Q5VWQ0_GTLSSLRLQ|0.589
Q13131|Q5VWQ0_QMIPTADMP|0.044
Q13131|Q5VWQ0_DMPKSPFKR|0.009
Q13131|Q5VWQ0_KRRRSMNEI|0.98
Q13131|Q5VWQ0_LEVDSQCVR|0.103
Q13131|Q6PCB5_LQLSSRDPP|0.0
Q13131|Q6PCB5_DPPGSLSAK|0.009
Q13131|Q6PCB5_PGSLSAKKV|0.0
Q13131|Q6PCB5_QSYGSPASW|0.0
Q13131|Q6PCB5_APSPSSSRS|0.0
Q13131|Q6PCB5_SGLLTDVED|0.0
Q13131|Q6PCB5_KRLDTLEFK|0.0
Q13131|Q6PCB5_YSHGTYRAG|0.0
Q13131|Q6PCB5_SHGTYRAGP|0.0
Q13131|Q6PCB5_DMPKSPFKR|0.0
Q13131|Q6PCB5_VSKASLDSV|0.474
Q13131|Q6PCB5_PGNLSLVDT|0.062
Q13131|Q92681_ARSVSASVC|0.182
Q13131|Q92681_RQEASLSVT|0.365
Q13131|Q92681_QSLVTLLNS|0.54
Q13131|Q92681_SVTVTSAKT|0.045
Q13131|Q92681_VTVTSAKTS|0.0
Q13131|Q92681_QLHCTLGVE|0.0
Q13131|Q92681_GVEISPKLL|0.002
Q13131|Q9BU20_EGKEYLACI|0.0
Q13131|Q9H0K4_IVPKSVWKP|0.0
Q13131|Q9H0K4_CPQYSVAVV|0.0
Q13131|Q9H0K4_AVVRSNLWP|0.0
Q13131|Q86UC2____MTVKPA|0.001
Q13131|Q86UC2_KRRRTYLGG|0.495
Q13131|Q86UC2_LTDRTSRAP|0.0
Q13131|Q86UC2_PCQRSRYRD|0.0
Q13131|Q86UC2_RYRDSLTQP|0.0
Q13131|Q86UC2_RDSLTQPDE|0.0
Q13131|Q86UC2_EPMHYGNIM|0.0
Q13131|Q86UC2_GNIMYDRRV|0.384
Q13131|Q86UC2_KHNETSQKI|0.0
Q13131|Q86UC2_HNETSQKIA|0.0
Q13131|Q86UC2_MVGRTVLDM|0.592
Q13131|Q86UC2_AMRKSLGEE|0.0
Q13131|Q5TD94_ELGETRRPW|0.0
Q13131|Q5TD94_KTAASPQYS|0.0
Q13131|Q5TD94_QSRSSRPWS|0.0
Q13131|Q5TD94_SRPWSPQSR|0.0
Q13131|Q5TD94_WSPQSRAKT|0.0
Q13131|Q5TD94_SRAKTPLGG|0.0
Q13131|Q5TD94_AGPETSSPA|0.0
Q13131|Q5TD94_GPETSSPAP|0.0
Q13131|Q5TD94_PAPVSPREP|0.0
Q13131|P51812_EGKLYLILD|0.026
Q13131|P51812_DFGLSKESI|0.88
Q13131|P51812_GTVEYMAPE|0.375
Q13131|P51812_KETMTMILK|0.102
Q13131|P51812_FVAITSDDE|0.012
Q13131|P51812_VAITSDDES|0.42
Q13131|P51812_SDDESQAMQ|0.339
Q13131|P51812_GVGSYSVCK|0.36
Q13131|P51812_PNIITLKDV|0.276
Q13131|P51812_EREASAVLF|0.917
Q13131|P51812_GPDDTPEEI|0.001
Q13131|P51812_QLPQYQLNR|0.402
Q13131|P51812_AATYSALNR|0.51
Q13131|Q15349_SRSKSSSLS|0.007
Q13131|Q15349_RSKSSSLSR|0.714
Q13131|Q15349_SKSSSLSRL|0.657
Q13131|Q15349_SSSLSRLEE|0.344
Q13131|Q15349_EGKLYLILD|0.14
Q13131|Q15349_DFGLSKEAI|0.002
Q13131|Q15349_SFVASSLIQ|0.342
Q13131|Q15349_IQEPSQQDL|0.913
Q13131|Q15349_GVGSYSVCK|0.382
Q13131|Q15349_ILLRYGQHP|0.454
Q13131|Q15349_PNIITLKDV|0.073
Q13131|Q15349_DESGSPESI|0.247
Q13131|Q15349_MTPCYTANF|0.082
Q13131|Q15349_TPCYTANFV|0.653
Q13131|Q15349_GPDDTPEEI|0.002
Q13131|Q15349_ARIGSGKYA|0.315
Q13131|Q15349_KDVVSKMLH|0.451
Q13131|Q15349_HQRLTAMQV|0.421
Q13131|Q9UK32_LGQGSFGKV|1.0
Q13131|Q9UK32_VRKKTGPDA|0.446
Q13131|Q9UK32_EGKLYLILD|0.424
Q13131|Q9UK32_DFGLSKESV|0.596
Q13131|Q9UK32_GLPASANAH|0.976
Q13131|Q9UK32_GVGSYSVCK|0.427
Q13131|Q9UK32_ILMRYGQHP|0.56
Q13131|Q9UK32_PNIITLKDV|0.429
Q13131|Q9UK32_EREASDILY|0.471
Q13131|Q9UK32_SDILYVISK|0.44
Q13131|Q9UK32_DLKPSNILY|0.412
Q13131|Q9UK32_YMDESASAD|0.429
Q13131|Q9UK32_AMVATYSAL|0.965
Q13131|Q9UK32_MVATYSALT|0.423
Q13131|Q9UK32_YSALTHKTF|0.239
Q13131|Q9UK32_LTHKTFQPV|0.412
Q13131|Q9UK32_VAASSLAQR|0.436
Q13131|Q9UK32_AQRRSMKKR|0.916
Q13131|Q96S38_RFDETVIEE|0.0
Q13131|Q96S38_LLQFSANIP|0.0
Q13131|Q96S38_ALYNSKQLE|0.0
Q13131|Q96S38_LFPGSLKPK|0.0
Q13131|Q96S38_EEDDYEAAS|0.0
Q13131|Q96S38_YEAASDFYR|0.0
Q13131|Q96S38_ASDFYRKGV|0.0
Q13131|Q96S38_VQGESSPTR|0.023
Q13131|Q96S38_MRAESISSL|0.433
Q13131|Q96S38_RNRKTIIPR|0.0
Q13131|Q96S38_VKKPTLAKV|0.0
Q13131|Q96S38_QPTSSPQDS|0.0
Q13131|Q96S38_ESRGSDGGS|0.0
Q13131|Q96S38_KWPDSGSSS|0.0
Q13131|Q96S38_KAIKSFPAH|0.0
Q13131|Q96S38_ADSDSPSTQ|0.0
Q13131|Q96S38_PEAVSSPRT|0.0
Q13131|Q96S38_SLSRSKNSP|0.0
Q13131|Q96S38_RSKNSPMEF|0.0
Q13131|Q96S38_DSKDSASEL|0.846
Q13131|Q96S38_KDSASELLG|0.0
Q13131|Q96S38_GEKLYSLKS|0.016
Q13131|Q96S38_PDGDSASRS|0.0
Q13131|Q96S38_SASRSFNTS|0.607
Q13131|Q96S38_SFNTSESKV|0.948
Q13131|Q96S38_FDDVSGTDE|0.0
Q13131|Q96S38_SGPKSYSIT|0.0
Q13131|Q96S38_PKSYSITEK|0.0
Q13131|Q96S38_AVDHSSSGD|0.003
Q13131|Q96S38_FRICSPLSG|0.0
Q13131|Q96S38_CSPLSGANE|0.008
Q13131|Q96S38_EYIASTDTL|0.0
Q13131|Q96S38_FQRDSETKG|0.871
Q13131|Q9Y6S9_QSCLSADGA|0.0
Q13131|Q9Y6S9_CGRATWSVR|0.001
Q13131|Q9Y6S9_RATWSVREE|0.666
Q13131|Q9Y6S9_EGGVSKLKS|0.038
Q13131|Q9UHA3_TVDNSFEFE|0.343
Q13131|Q9UHA3_EPIKYQREL|0.0
Q13131|P0C881_KRIRSSQYP|0.0
Q13131|P0C881_RIRSSQYPL|0.0
Q13131|P0C881_APRLSRSAE|0.0
Q13131|P0C881_RLSRSAELI|0.0
Q13131|P0C881_GCGHSLDNT|0.0
Q13131|P0C881_SLDNTFLMT|0.0
Q13131|P0C881_DRILSANND|0.0
Q13131|P0C881_EALLSFAFI|0.0
Q13131|P0C881_FICVTDQMT|0.0
Q13131|P0C881_TDQMTKSYT|0.0
Q13131|P0C881_KLELSPDVN|0.0
Q13131|P0C881_DVSSSHLIL|0.0
Q13131|P0C881_DVTVSPSSK|0.0
Q13131|P0C881_VSPSSKTIT|0.0
Q13131|P0C881_PSSKTITSK|0.0
Q13131|P0C881_SKTITSKKK|0.0
Q13131|P0C881_KTITSKKKK|0.0
Q13131|B2RC85_KRIRSSQYP|0.0
Q13131|B2RC85_RIRSSQYPL|0.0
Q13131|B2RC85_APRLSRSAE|0.0
Q13131|B2RC85_RLSRSAELI|0.0
Q13131|B2RC85_GCGHSLDNT|0.0
Q13131|B2RC85_SLDNTFLMT|0.0
Q13131|B2RC85_DRILSANND|0.0
Q13131|B2RC85_EALLSFAFI|0.0
Q13131|B2RC85_FICVTDQMT|0.0
Q13131|B2RC85_TDQMTKSYT|0.0
Q13131|B2RC85_DVSSSHLIL|0.0
Q13131|B2RC85_DVTVSPSSK|0.0
Q13131|B2RC85_VSPSSKTIT|0.0
Q13131|B2RC85_PSSKTITSK|0.0
Q13131|B2RC85_SKTITSKKK|0.0
Q13131|B2RC85_KTITSKKKK|0.0
Q13131|Q9H1X1_DRRASLLTS|0.0
Q13131|Q9H1X1_ASLLTSLML|0.0
Q13131|Q9H1X1_LPPATEEMV|0.0
Q13131|Q9H1X1_VAQSSVVKG|0.0
Q13131|Q96DX4_GTDDSVDTQ|0.023
Q13131|Q96DX4_KVNLSSIRA|0.0
Q13131|Q96DX4_VNLSSIRAM|0.001
Q13131|Q96DX4_DVSEYLKIS|0.0
Q13131|Q96DX4_GDDEYSCAY|0.0
Q13131|Q96DX4_SSTVSGFFA|0.0
Q13131|Q96DX4_PCGHSDLCM|0.0
Q13131|Q96IZ7_RSSDTEEES|0.0
Q13131|Q96IZ7_TEEESRSKR|0.001
Q13131|Q96IZ7_RRRSSSSSS|0.0
Q13131|Q96IZ7_SSSSSSDSR|0.0
Q13131|Q96IZ7_SRTYSRKKG|0.0
Q13131|Q96IZ7_PRSHSYDRR|0.0
Q13131|Q96IZ7_RSHSYDRRR|0.009
Q13131|Q96IZ7_RHRSSSSSS|0.0
Q13131|Q96IZ7_RSSSSSSYG|0.0
Q13131|Q96IZ7_SSSSSSYGS|0.001
Q13131|Q96IZ7_RRTRSRSRD|0.0
Q13131|Q96IZ7_TRSRSRDRE|0.0
Q13131|Q96IZ7_IESDSFVQQ|0.0
Q13131|Q96IZ7_EVKKSVEPS|0.003
Q13131|Q96IZ7_VKQATSTSG|0.0
Q13131|Q96IZ7_QDDNSLAHP|0.0
Q13131|Q96IZ7_RLMGSPVA_|0.01
Q13131|Q7L4I2_SRSRSKEGR|0.0
Q13131|Q7L4I2_DKEHSSDKG|0.0
Q13131|Q7L4I2_SHSRSRSRE|0.0
Q13131|Q7L4I2_SRSRSRERR|0.0
Q13131|Q7L4I2_ERKKSRSRS|0.001
Q13131|Q7L4I2_SRTRSRSRD|0.0
Q13131|Q7L4I2_TRSRSRDRK|0.0
Q13131|Q7L4I2_AVPSYYNPA|0.0
Q13131|Q7L4I2_DKSQSAEIW|0.0
Q13131|Q7L4I2_VDEESYKTL|0.0
Q13131|Q7L4I2_DEESYKTLK|0.0
Q13131|Q7L4I2_LDAQYEMAR|0.0
Q13131|Q7L4I2_LGFTSSMRG|0.0
Q13131|Q9BUV0_MWPGSPQEK|0.0
Q13131|Q9BUV0_QEKDSPSTS|0.0
Q13131|Q9BUV0_KDSPSTSRS|0.0
Q13131|Q9BUV0_STSRSGGSS|0.0
Q13131|Q9BUV0_RSGGSSRLS|0.013
Q13131|Q9BUV0_SGGSSRLSS|0.0
Q13131|Q9BUV0_SRSRSRSFS|0.011
Q13131|Q9BUV0_SRSRSFSRS|0.0
Q13131|Q9BUV0_SSRFSSRSR|0.0
Q13131|Q9BUV0_SRFSSRSRR|0.0
Q13131|Q9BUV0_HQRKYRRYS|0.0
Q13131|Q9BUV0_YRRYSRSYS|0.0
Q13131|Q9BUV0_RYSRSYSRS|0.0
Q13131|Q9BUV0_SRSYSRSRS|0.0
Q13131|Q9BUV0_SYSRSRSRS|0.4
Q13131|Q9BUV0_SRSRSRSRR|0.0
Q13131|Q9BUV0_SPSRYRSRS|0.0
Q13131|Q9BUV0_CGRAYAIAR|0.0
Q13131|Q9BUV0_DQKKSPYGL|0.548
Q13131|Q15404_ALYLSDNDF|0.0
Q13131|Q15404_NDLISLPKE|0.0
Q13131|Q15404_NPWVTPIAD|0.129
Q13131|Q15404_ETYKYLYGR|0.001
Q13131|Q15404_SKKISRKPL|0.0
Q13131|Q9BSG5_RRSRSPRTS|0.0
Q13131|Q9BSG5_RSPRTSILD|0.0
Q13131|Q9BSG5_SPRTSILDA|0.0
Q13131|Q9BSG5_SGSGSGSGS|0.0
Q13131|Q9Y3I0_NLDESDVQP|0.001
Q13131|Q9Y3I0_LHVIYDVSH|0.334
Q13131|Q9Y3I0_GKERTLLVH|0.347
Q13131|O00442_STALSCLLG|0.0
Q13131|O00442_RAGRSTPGL|0.552
Q13131|O00442_IVRMSPVKQ|0.529
Q13131|O00442_SRIKTGPVT|0.632
Q13131|O00442-2_TPGLSSGGW|0.0
Q13131|O00442-2_PGLSSGGWK|0.0
Q13131|Q9UHP6_LLNVSISRE|0.0
Q13131|Q9NZ71_HSQLTQVIN|0.925
Q13131|Q9NZ71_RVCPYYLSR|0.484
Q13131|Q9NZ71_VCPYYLSRN|0.446
Q13131|Q9NZ71_FSADSPSPG|0.429
Q13131|Q9NZ71_ADSPSPGLN|0.508
Q13131|Q9NZ71_KPGSYIFEL|0.0
Q13131|Q9NZ71_ITFQTKGCI|0.0
Q13131|Q9NZ71_SVDPSEGSP|0.366
Q13131|Q9NZ71_GSPGSPAGL|0.448
Q13131|Q9NZ71_EDAVSEAKS|0.122
Q13131|Q9NZ71_SEAKSPGPF|0.737
Q13131|Q9NZ71_PFFSTRKAK|0.004
Q13131|Q9NZ71_RKAKSLDLH|0.996
Q13131|Q9NZ71_LHVPSLKQR|0.685
Q13131|Q9NZ71_QRAGSPGEE|0.714
Q13131|Q9NZ71_IRLVSHPEE|0.999
Q13131|Q9NZ71_LAALTTAKP|0.47
Q13131|Q9NZ71_AALTTAKPE|0.589
Q13131|Q92541_QELLSLAKR|0.464
Q13131|Q92541_KTASSGSSD|0.0
Q13131|Q92541_DSDSSSEDE|0.0
Q13131|Q92541_SDSSSEDEE|0.0
Q13131|Q92541_QIQESQVTS|0.645
Q13131|Q92541_ESQVTSHNK|0.319
Q13131|Q92541_SKPVYRVAE|0.0
Q13131|Q92541_KKELSIKEA|0.0
Q13131|Q92541_ISAISYINQ|0.0
Q13131|Q92541_SAISYINQR|0.608
Q13131|Q92541_NIVESEKAL|0.0
Q13131|Q9BY42_LLDKSAEKA|0.0
Q13131|Q9BY42_KAAESVSKP|0.008
Q13131|Q9BY42_SKVKTGKPE|0.0
Q13131|Q9BY42_PEEASLDSR|0.0
Q13131|Q9BY42_ASLDSREKK|0.173
Q13131|Q9BY42_NESSSGKAG|0.0
Q13131|Q9BY42_SIADSEESE|0.0
Q13131|Q9BY42_DSEESEAYK|0.0
Q13131|Q9BY42_ESEAYKSLF|0.0
Q13131|Q9BY42_KSLFTTHSS|0.0
Q13131|Q9BY42_SLFTTHSSA|0.0
Q13131|Q9BY42_FTTHSSAKR|0.499
Q13131|Q9BST9_RSRVTVARG|0.494
Q13131|Q9BST9_LSLFSDLPE|0.0
Q13131|Q9BST9_LAACSQREQ|0.002
Q13131|Q9BST9_LGKTSRRPS|0.203
Q13131|Q9BST9_RPSDSGPPA|0.046
Q13131|Q9BST9_PAERSPCRG|0.0
Q13131|Q9BST9_ATKLSSSLG|0.687
Q13131|Q9BST9_TKLSSSLGR|0.549
Q13131|Q9BST9_MKIETPAPR|0.011
Q13131|Q9BST9_QGSLYHEMA|0.0
Q13131|Q9BST9-2_PRTFSLDAV|0.0
Q13131|Q8IZC4_RLMAYTSEL|0.589
Q13131|Q8IZC4_ESSITNTPK|0.0
Q13131|Q8IZC4_SITNTPKKL|0.0
Q13131|Q8IZC4_IEIMSPRKP|0.0
Q13131|Q8IZC4_PLFLTKEAT|0.0
Q13131|Q8IZC4_TKEATSVYH|0.0
Q13131|Q8IZC4_MSIDSPMKL|0.0
Q13131|Q8IZC4_RNRLSDGEH|0.98
Q13131|Q8IZC4_PRQKSIKDI|0.0
Q13131|A6NKG5_HKNPSSKQM|0.0
Q13131|A6NKG5_RQLLSSYQF|0.0
Q13131|A6NKG5_SRNISPIEV|0.0
Q13131|Q7L3V2_MDKASPGVA|0.0
Q13131|Q16799_NEAVTPKGA|0.002
Q13131|Q16799_REAGSGPAR|0.357
Q13131|Q16799_PARQSPVAM|0.446
Q13131|Q16799_TISESPEEL|0.0
Q13131|Q16799_EELGTPGPS|0.0
Q13131|Q16799_FSSDSGIEM|0.491
Q13131|Q16799_APQITTPVK|0.588
Q13131|Q16799_PQITTPVKI|0.393
Q13131|Q16799_EIEPSVETT|0.0
Q13131|Q16799_TQEKTPEKQ|0.0
Q13131|Q16799_QGKGSISED|0.697
Q13131|Q16799_KGLSYETAE|0.001
Q13131|Q16799_AVQKTDEGH|0.0
Q13131|Q16799-3_DCVWSNWKS|0.0
Q13131|O75298_NRLETGEAG|0.002
Q13131|O75298_LAQPSSPEV|0.0
Q13131|O75298_AQPSSPEVL|0.0
Q13131|O75298_QCLDSTDQL|0.001
Q13131|O75298_AVYKTVPIL|0.331
Q13131|O75298_ADLLYWKDT|0.0
Q13131|O75298_KIPGTGALA|0.0
Q13131|O75298_GALASAAAA|0.0
Q13131|O95197_PSAATQSHS|0.0
Q13131|O95197_GAEPSAPGG|0.272
Q13131|O95197_HVLGSQPIL|0.0
Q13131|O95197_VEGIYTYSL|0.555
Q13131|O95197_SLSPSKVSG|0.0
Q13131|O95197_PSKVSGDDV|0.0
Q13131|O95197_IEKDSPESP|0.395
Q13131|O95197_SYKESTDDF|0.496
Q13131|O95197_QFSHTNAAL|0.0
Q13131|O95197_LEEVSRCVN|0.004
Q13131|O95197_THQKTPVCS|0.376
Q13131|O95197_SIDGSTPIT|0.524
Q13131|O95197_IDGSTPITK|0.0
Q13131|O95197_SGVATVKVV|0.003
Q13131|O95197_EELVSDSEL|0.602
Q13131|O95197_ILGRSPASE|0.349
Q13131|O95197_DTNVSLEDV|0.111
Q13131|O95197_PKLPSTVSP|0.0
Q13131|O95197_KLPSTVSPN|0.0
Q13131|O95197_PSTVSPNVF|0.0
Q13131|O95197_DFKTTPPVE|0.0
Q13131|O95197_HENESGGSE|0.0
Q13131|O95197_KDIGSKYSE|0.005
Q13131|O95197_QKPITIRET|0.0
Q13131|O95197_WLMTYVGAV|0.0
Q13131|O95197_QIDHYVGIA|0.356
Q13131|O95197-5_KGRISTWKP|0.0
Q13131|Q8WWV3_VNMRSGYGA|0.286
Q13131|Q8WWV3_MRSGYGATA|0.395
Q13131|Q8WWV3_GYGATALNM|0.504
Q13131|Q8WWV3_ILGASGGVG|0.0
Q13131|Q8WWV3_FFMASGPCL|0.0
Q13131|Q86UN2_IKSHTLTTT|0.0
Q13131|Q86UN3_SLHLYRCQL|0.504
Q13131|Q86UN3_VTCATPPER|0.0
Q13131|P59025_KQLCYECGT|0.0
Q13131|P59025_YECGTARLD|0.0
Q13131|P59025_REQCYGERG|0.0
Q13131|P59025_SRAPSPTKS|0.0
Q13131|P59025_APSPTKSQD|0.0
Q13131|Q5QGT7_KQLCYECGT|0.0
Q13131|Q5QGT7_YECGTARLD|0.0
Q13131|Q96DX8_CQKCSWSQY|0.0
Q13131|Q96DX8_KCSWSQYEM|0.0
Q13131|Q96DX8_SWSQYEMPE|0.0
Q13131|Q96DX8_FSSDSTMRI|0.0
Q13131|Q96DX8_MRILSNLVQ|0.831
Q13131|Q96DX8_LKKYYGNGT|0.0
Q13131|Q96DX8_YGNGTRKSP|0.26
Q13131|Q9Y224_RRKLTALDY|0.969
Q13131|Q9Y224_TALDYHNPA|0.474
Q13131|Q9Y224_RHDDYLVML|0.612
Q13131|Q86VV8_SQNPSPGSS|0.0
Q13131|Q86VV8_WDAASSSGS|0.0
Q13131|Q86VV8_AASSSGSSS|0.0
Q13131|Q86VV8_MLPCTTRLK|0.0
Q13131|Q86VV8_LPCTTRLKS|0.0
Q13131|Q86VV8_TRLKSMLRL|0.001
Q13131|Q86VV8_VKKPSVRSL|0.0
Q13131|Q86VV8_PSVRSLALK|0.0
Q13131|Q86VV8_ARVLSRVTD|0.0
Q13131|Q86VV8_IKLETVEKV|0.0
Q13131|Q86VV8_QRKNSSLEL|0.0
Q13131|Q86VV8_RKNSSLELL|0.0
Q13131|Q86VV8_ITSFYVERG|0.0
Q13131|Q86VV8_GLDDSFKFW|0.0
Q13131|Q86VV8_APSRTSQDR|0.0
Q13131|Q86VV8_PSRTSQDRD|0.0
Q13131|Q86VV8_PSSLSTSET|0.0
Q13131|Q9H714_VRQDSPVEP|0.444
Q13131|Q9H714_IIDGSPRLL|0.05
Q13131|Q9H714_SHRVSLPTS|0.0
Q13131|Q9H714_SLPTSPGIL|0.269
Q13131|Q9H714_FNDITETCS|0.0
Q13131|Q9H714_ASAAT____|0.0
Q13131|Q92622_SERRSTSFP|0.028
Q13131|Q92622_ERRSTSFPL|0.0
Q13131|Q92622_GGGESQLSS|0.0
Q13131|Q92622_VLRRSSFSE|0.455
Q13131|Q92622_RSSFSEGQT|0.829
Q13131|Q92622_SHIRSHSDT|0.379
Q13131|Q92622_TSIASRGAP|0.243
Q13131|Q92622_SEVSTPSSL|0.679
Q13131|Q92622_PSSLYMEYE|0.001
Q13131|Q92622_EGGRYLCSG|0.0
Q13131|Q92622_FRRPSEGQS|0.95
Q13131|Q92622_SEGQSLISY|0.003
Q13131|Q92622_ISYLSEQDF|0.0
Q13131|Q92622_TSSSSQFSS|0.0
Q13131|Q92622_SSSKSFVSS|0.0
Q13131|Q92622_KSFVSSQSF|0.0
Q13131|Q92622_VSSQSFSHC|0.051
Q13131|Q92622_HPAPTRKIA|0.0
Q13131|Q92622_CGIRTDPDY|0.012
Q13131|Q92622_TDPDYIKRL|0.178
Q13131|Q92622_FSKYYVSNF|0.18
Q13131|Q92622_KYYVSNFSK|0.657
Q13131|Q92622_VSNFSKDLL|0.001
Q13131|Q92622_LHLYSLNDL|0.003
Q13131|Q92622_LNDLTATRK|0.115
Q13131|Q92622_ESYLSDYEE|0.031
Q13131|Q96T51_AEGWSAPIL|0.0
Q13131|Q96T51_ARRATGNLS|0.88
Q13131|Q96T51_TGNLSASCG|0.482
Q13131|Q96T51_NLSASCGSA|0.34
Q13131|Q96T51_ASCGSALRA|0.46
Q13131|Q96T51_MMKLSIKVL|0.024
Q13131|Q96T51_KVKKSFIGQ|0.479
Q13131|Q96T51_GQNKSFFGP|0.691
Q13131|Q96T51_CPEASDIAT|0.0
Q13131|Q96T51_SDIATSVRN|0.003
Q13131|Q96T51_DIATSVRNL|0.51
Q13131|Q96T51_NRHLSCTVG|0.927
Q13131|Q96T51_QEELSAATD|0.0
Q13131|Q96T51_LSAATDRIC|0.001
Q13131|Q96T51_DRICSLQEE|0.042
Q13131|Q96T51_DEMYSDVWK|0.316
Q13131|Q96T51_EAITSFEGK|0.002
Q13131|Q96T51_RVCDSCHTL|0.758
Q13131|Q8WXA3_KVRKSFLSY|0.479
Q13131|Q8WXA3_KMADYLRCL|0.0
Q13131|Q8WXA3_NSTVSSLHS|0.0
Q13131|Q8WXA3_STVSSLHSR|0.0
Q13131|Q8WXA3_SRVDSLEKS|0.0
Q13131|Q8WXA3_ILMKTQQHL|0.011
Q13131|Q8WXA3_HLEVTKVDV|0.0
Q13131|Q8WXA3_VDVETELQT|0.0
Q13131|Q8WXA3_TELQTYKHS|0.0
Q13131|Q8WXA3_TYKHSRQGL|0.609
Q13131|Q8WXA3_EWRQTLQED|0.0
Q13131|Q8WXA3_PLPSSPKPV|0.0
Q13131|Q8WXA3_RVCDSCHAL|0.0
Q13131|Q8WXA3-4_LLTQTRTIA|0.0
Q13131|Q8WXA3-4_ASSDTQDQY|0.0
Q13131|Q8WXA3-4_TQDQYKLVK|0.0
Q13131|Q7L099_METIYLCKF|0.0
Q13131|Q7L099_KFRVSMDGE|0.0
Q13131|Q7L099_EESSYILES|0.011
Q13131|Q7L099-2__MAETPPPP|0.0
Q13131|Q7L099-2_SEPDSPVAA|0.0
Q13131|Q7L099-2_RTPPSPGSP|0.0
Q13131|Q7L099-2_PSPGSPLPF|0.0
Q13131|Q7L099-3_RSRQSAELD|0.0
Q13131|Q7L099-3_PGRGSQKSE|0.0
Q13131|Q7L099-3_QEDGSLTKN|0.0
Q13131|Q7L099-3_QYSTSPS__|0.0
Q13131|Q6ZNE9_LLMPSPRGA|0.256
Q13131|Q96C34_SPGRTLRRL|0.0
Q13131|Q96C34_RRLDSALLA|0.0
Q13131|Q96C34_DEVGSPLQT|0.247
Q13131|Q96C34_AGGKTGNGC|0.0
Q13131|Q96C34_KVRETGLHL|0.0
Q13131|Q96C34_AYVESPARK|0.263
Q13131|Q96C34_ARKLSQSFA|0.722
Q13131|Q96C34_KLSQSFALP|0.491
Q13131|Q96C34_VTGGTVVTP|0.0
Q13131|Q96C34_GTVVTPKQS|0.112
Q13131|Q96NL0___MASRSLG|0.016
Q13131|Q96NL0_QLSESVSQN|0.0
Q13131|Q96NL0_EDTPSLLGL|0.04
Q13131|Q06455_VDVKTQSRL|0.0
Q13131|Q06455_QSRLTPPTM|0.002
Q13131|Q06455_LTPPTMPPP|0.0
Q13131|Q06455_GQRYSPNNG|0.0
Q13131|Q06455_RQAMTELQK|0.001
Q13131|Q9BVN2_SSWKSEPEK|0.0
Q13131|Q9BVN2_FSPDTELPP|0.0
Q13131|Q9BVN2_KELRSRSRA|0.515
Q13131|Q9BVN2_LIAVSVSVD|0.035
Q13131|Q9BVN2_AVSVSVDKI|0.478
Q13131|Q9BVN2_YSQVSRLAP|0.524
Q13131|Q9BVN2_TGFFSLARG|0.204
Q13131|Q9BVN2_KEAASDPSD|0.009
Q13131|Q9BVN2_DPSDSPNLP|0.091
Q13131|Q9BVN2_SRRPSSWLP|0.0
Q13131|Q9BVN2_RRPSSWLPP|0.0
Q13131|Q9BVN2_PEMPSPQEL|0.006
Q13131|Q9BVN2_PDQLSFRRG|0.019
Q13131|Q66K80_HRTLSLFIS|0.0
Q13131|Q8N2Y8___MDSPPKL|0.027
Q13131|Q8N2Y8_RPWGTTRSR|0.0
Q13131|Q8N2Y8_PWGTTRSRA|0.004
Q13131|Q8N2Y8_SSDESPRNP|0.08
Q13131|Q8N2Y8_HHPESGGRE|0.694
Q13131|Q8N2Y8_PSEYYLFQK|0.0
Q13131|Q8N2Y8_AVGPTVLEG|0.0
Q13131|Q8N2Y8_GQVYTNTSP|0.0
Q13131|Q8N2Y8_QRSRSYDRS|0.0
Q13131|Q8N2Y8_SLQRSPPVR|0.0
Q13131|Q8N2Y8_VRLGSLERM|0.499
Q13131|Q8N2Y8_ERMLSCPVR|0.003
Q13131|Q8N2Y8_KTGGSGSPP|0.502
Q13131|Q8N2Y8_SQEFSPIQE|0.0
Q13131|Q8N2Y8_SPANSHTQR|0.014
Q13131|Q8N2Y8_LSQLYSLSG|0.0
Q13131|Q8N2Y8_LSGCSRTQQ|0.0
Q13131|Q8N2Y8_AAQVSVPAP|0.0
Q13131|Q8N2Y8_EPQASTPRA|0.0
Q13131|Q8N2Y8_PQASTPRAT|0.0
Q13131|Q8N2Y8_RKAGSEPET|0.0
Q13131|Q8N2Y8_TSRPSPLGS|0.001
Q13131|Q8N2Y8_PLGSYSPIR|0.0
Q13131|Q8N2Y8_RSGLSRAES|0.0
Q13131|Q8N2Y8_ANHLSPQAL|0.0
Q13131|Q8N2Y8_PPGLSGSLD|0.578
Q13131|Q8N2Y8_AHFGTSRDP|0.168
Q13131|Q8N2Y8_HFGTSRDPG|0.0
Q13131|Q8N2Y8_KLGNSSVSP|0.0
Q13131|Q8N2Y8_LHGLYNKVS|0.47
Q13131|Q8N2Y8_EEEETEEVA|0.0
Q13131|Q8N2Y8_FWMGSPPDS|0.0
Q13131|Q8N2Y8_QEPHSPALP|0.0
Q13131|Q96GQ5_KCIVSVAGG|0.0
Q13131|Q96GQ5_RAALTVHQA|0.0
Q13131|Q96GQ5_TWLLSPEKK|0.0
Q13131|Q9Y265_QRIASHSHV|0.999
Q13131|Q9Y265_GLDESGLAK|0.585
Q13131|Q9Y265_GPPGTGKTA|0.041
Q13131|Q9Y265_GTGKTALAL|0.536
Q13131|Q9Y265_QELGSKVPF|0.0
Q13131|Q9Y265_GKTISHVII|0.461
Q13131|Q9Y265_SIFESLQKE|0.015
Q13131|Q9Y265_GDVIYIEAN|0.001
Q13131|Q9Y265_VIFASNRGN|0.96
Q13131|Q9Y265_EDITSPHGI|0.0
Q13131|Q9Y265_GINISEEAL|0.44
Q13131|Q9Y265_VQLLTPANL|0.0
Q13131|Q9Y265_SELFYDAKS|0.508
Q13131|Q9Y265_QQDKYMK__|0.286
Q13131|Q9Y230_GQPGTGKTA|0.0
Q13131|Q9Y230_SEIFSLEMS|0.077
Q13131|Q9Y230_TEMETIYDL|0.45
Q13131|Q9Y230_METIYDLGT|0.461
Q13131|Q9Y230_RARDYDAMG|0.606
Q13131|Q9Y230_MGSQTKFVQ|0.655
Q13131|Q9Y230_INSRTQGFL|0.96
Q13131|Q9Y230_RALESDMAP|0.431
Q13131|Q9Y230_TSYQSPHGI|0.469
Q13131|Q9Y230_LLIVSTTPY|0.529
Q13131|Q9Y230_IVSTTPYSE|0.605
Q13131|Q9Y230_KRKGTEVQV|0.999
Q13131|Q9Y230_IKRVYSLFL|0.0
Q13131|Q9Y230_KRVYSLFLD|0.999
Q13131|Q9Y230_YMKEYQDAF|0.408
Q13131|Q9Y230_LKGETMDTS|0.001
Q13131|A8MWD9_IRGNSIIML|0.014
Q13131|Q9H446_PESDSAD__|0.0
Q13131|Q9UIY3_RKLVYEPST|0.0
Q13131|P57060_LPEITVRSV|0.0
Q13131|P57060_VSRDTSSSP|0.0
Q13131|P57060_SRDTSSSPT|0.0
Q13131|P57060_STVQSVDLI|0.0
Q13131|Q6NW29____MSANED|0.0
Q13131|Q6NW29_EGDESFREL|0.0
Q13131|Q6NW29_FRELSPVSF|0.0
Q13131|Q6NW29_NTAPSSKKK|0.0
Q13131|Q9HBX9_LDLGSNKIE|0.195
Q13131|Q9HBX9_VLLLTFLTL|0.0
Q13131|Q9HBX9_LTFLTLEKY|0.0
Q13131|Q8TDU9_PPSDTFVFN|0.0
Q13131|Q8TDU9_KMVLTATVL|0.0
Q13131|Q8TDU9_VLNVYASIF|0.017
Q13131|Q8TDU9_IFLITALSV|0.0
Q13131|Q8TDU9_ESRPSTLLT|0.003
Q13131|P19793_TQVNSSLTS|0.49
Q13131|P19793_NSSLTSPTG|0.854
Q13131|P19793_SGKHYGVYS|0.47
Q13131|P19793_HYGVYSCEG|0.384
Q13131|P19793_NDPVTNICQ|0.0
Q13131|P19793_REKVYASLE|0.412
Q13131|P19793_SLEAYCKHK|0.539
Q13131|P28702_SGKHYGVYS|0.497
Q13131|P28702_HYGVYSCEG|0.431
Q13131|P48443_SGKHYGVYS|0.479
Q13131|P48443_HYGVYSCEG|0.438
Q13131|P48443_FSDLTLEDQ|0.004
Q13131|P48443_REKVYATLE|0.538
Q13131|P48443_TLEAYTKQK|0.245
Q13131|Q8WVK2_HRRRSRSPR|0.014
Q13131|Q8WVK2_RRSRSPRRH|0.434
Q13131|Q8WVK2_KVDGSVNAY|0.001
Q13131|Q8WVK2_SVNAYAINV|0.0
Q13131|Q8N488_GDKKSPTRP|0.6
Q13131|Q8N488_KKSPTRPKR|0.001
Q13131|Q8N488_PRINSQLVA|0.759
Q13131|Q8N488_VAQQYATPP|0.0
Q13131|Q8N488_QQYATPPPP|0.287
Q13131|Q8N488_EISPSVTKK|0.0
Q13131|Q8N488_SPSVTKKNT|0.588
Q13131|Q8N488_TKKNTNKKT|0.014
Q13131|Q8N488_TKPKSDILK|0.891
Q13131|Q8N488_EKTRSSSTS|0.021
Q13131|Q8N488_RSSSTSSST|0.0
Q13131|Q8N488_SSTSSSTVT|0.0
Q13131|Q8N488_STSSSTVTS|0.007
Q13131|Q8N488_STVTSSAGS|0.66
Q13131|Q8N488_TVTSSAGSE|0.01
Q13131|Q8N488_SSAGSEQQN|0.0
Q13131|Q8N488_QQNQSSSGS|0.0
Q13131|Q8N488_SGSESTDKG|0.0
Q13131|Q8N488_DKGSSRSST|0.169
Q13131|Q8N488_KGDMSAVND|0.529
Q13131|P34925_LRADTPNNA|0.0
Q13131|P34925_TSYPTLRIE|0.0
Q13131|P34925_DIAISRERI|0.0
Q13131|P34925_RERITLKDV|0.0
Q13131|P34925_LQEGTFGRI|0.0
Q13131|P34925_KDQASEIQV|0.0
Q13131|P34925_EIQVTMMLT|0.02
Q13131|P34925_TMMLTESCK|0.0
Q13131|P34925_MLTESCKLR|0.0
Q13131|P34925-2_LRADTPNNA|0.0
Q13131|P21817_SKQRSEGEK|0.0
Q13131|P21817_RRLVYYEGG|0.651
Q13131|P21817_LDSFSGKPR|0.0
Q13131|P21817_TPFLTAQAT|0.0
Q13131|P21817_TAQATHLRV|0.0
Q13131|P21817_FPVVSFSAG|0.0
Q13131|P21817_RLVPYRLLD|0.023
Q13131|P21817_VAMMTQPPA|0.0
Q13131|P21817_RSRRSMLSE|0.798
Q13131|P21817_RSMLSEYIV|0.0
Q13131|P21817_MLSEYIVPL|0.0
Q13131|P21817_EEERSAEES|0.0
Q13131|P21817_IMSFYAALI|0.022
Q13131|P21817_AILRSLVPL|0.0
Q13131|P21817_ATFSTTEMA|0.0
Q13131|P21817_SRGRSLTKA|0.0
Q13131|P21817_GRSLTKAQR|0.0
Q13131|P21817_KFAEYTHEK|0.0
Q13131|P21817_FAEYTHEKW|0.0
Q13131|P21817_QSAQTYDPR|0.495
Q13131|P21817_PPDLSAVTL|0.002
Q13131|P21817_AVTLSRELQ|0.0
Q13131|P21817_QMNGYAVTR|0.479
Q13131|P21817_KVLGSGGHA|0.0
Q13131|P21817_GGHASNKEK|0.573
Q13131|P21817_QNLTYTTVA|0.0
Q13131|P21817_NLTYTTVAL|0.452
Q13131|P21817_LTYTTVALL|0.0
Q13131|P21817_YSLGTTKNT|0.0
Q13131|P21817_SLGTTKNTY|0.0
Q13131|P21817_QSGGSDQER|0.0
Q13131|P21817_TEDHSFEDR|0.0
Q13131|P21817_EVEVSFEEK|0.0
Q13131|P21817_ARLHTRGAA|0.766
Q13131|P21817_IIICTVDYL|0.0
Q13131|P21817_CTVDYLLRL|0.0
Q13131|P21817_QDYVTDPRG|0.011
Q13131|P21817_QVKESKRQF|0.0
Q13131|P21817_LRRLTAREA|0.0
Q13131|P21817_REAATAVAA|0.0
Q13131|P21817_WAAVTRAGA|0.0
Q13131|P21817_MGVKTLRTI|0.0
Q13131|P21817_KTLRTILSS|0.0
Q13131|P21817_RTILSSVTH|0.074
Q13131|P21817_LSSVTHNGK|0.138
Q13131|Q92736_SKQRSEGEK|0.0
Q13131|Q92736_LHLSYGNGS|0.0
Q13131|Q92736_GISLSRSQH|0.602
Q13131|Q92736_YAPCYEAVL|0.0
Q13131|Q92736_LPKNYQLTS|0.319
Q13131|Q92736_SNKDSLREA|0.0
Q13131|Q92736_MNEHTMMFT|0.001
Q13131|Q92736_TMMFTLNGE|0.0
Q13131|Q92736_VFSKTVAGG|0.0
Q13131|Q92736_SIKRSNCYM|0.773
Q13131|Q92736_RSNCYMVCA|0.0
Q13131|Q92736_QRFRYNEVM|0.0
Q13131|Q92736_TARKTKEFR|0.0
Q13131|Q92736_EKVTYLKKK|0.0
Q13131|Q92736_WAQESVIED|0.0
Q13131|Q92736_RFLCYFCRI|0.0
Q13131|Q92736_RDGPSPNSG|0.001
Q13131|Q92736_PNSGSSKTL|0.612
Q13131|Q92736_ALNRYLCTA|0.0
Q13131|Q92736_RYLCTAVLP|0.0
Q13131|Q92736_LPLLTRCAP|0.0
Q13131|Q92736_ESLKTMLAW|0.0
Q13131|Q92736_KRFAYSFLQ|0.001
Q13131|Q92736_LKIIYNNLG|0.685
Q13131|Q92736_LAVFSQPII|0.65
Q13131|Q92736_ARDLYAFYP|0.0
Q13131|Q92736_LYAFYPLLI|0.0
Q13131|Q92736_TDTKSKMSK|0.001
Q13131|Q92736_KGDRYSMQT|0.0
Q13131|Q92736_KNRFSLKDT|0.585
Q13131|Q92736_SLKDTEDEV|0.194
Q13131|Q92736_EEVKSFEEK|0.001
Q13131|Q92736_SKGETGPMV|0.08
Q13131|Q92736_MVAATLKLG|0.003
Q13131|Q92736_KMLDYLKEK|0.0
Q13131|Q92736_RIICSLLLG|0.0
Q13131|Q92736_LLGGSLVEG|0.0
Q13131|Q92736_EGGQYKLIP|0.006
Q13131|Q92736_SLDSSSHRI|0.003
Q13131|Q92736_TEQPSEDDI|0.0
Q13131|Q92736_DSSLSAVLN|0.902
Q13131|Q92736_IDVKYQMWK|0.626
Q13131|Q92736_MGFKTLRTI|0.0
Q13131|Q92736_KTLRTILSS|0.0
Q13131|Q92736_RTILSSVTH|0.0
Q13131|Q92736_LSSVTHNGK|0.001
Q13131|Q92736_AVVVYLYTV|0.15
Q13131|Q92736_VWKMYQERC|0.679
Q13131|Q15413_SKQRSEGEK|0.054
Q13131|Q15413_LTIPSTDQN|0.0
Q13131|Q15413_TIPSTDQND|0.0
Q13131|Q15413_DQNDSQHRR|0.841
Q13131|Q15413_RRIFYEAGG|0.0
Q13131|Q15413_TTGHYLALT|0.0
Q13131|Q15413_IIRNTTALF|0.436
Q13131|Q15413_LLLQTRLIN|0.528
Q13131|Q15413_SNRDSLREA|0.0
Q13131|Q15413_SVKRSNCYM|0.27
Q13131|Q15413_RSNCYMVWG|0.0
Q13131|Q15413_IVASSQRSN|0.01
Q13131|Q15413_RMPNSFLKV|0.0
Q13131|Q15413_SRVAYALCS|0.0
Q13131|Q15413_QKFRYNELM|0.0
Q13131|Q15413_SAALTARKT|0.555
Q13131|Q15413_TARKTKEFR|0.0
Q13131|Q15413_EGERYLSFL|0.0
Q13131|Q15413_ERYLSFLRF|0.0
Q13131|Q15413_EENASVVVK|0.0
Q13131|Q15413_AIKISENPA|0.0
Q13131|Q15413_KREVSTGDD|0.62
Q13131|Q15413_LDTVSLSTT|0.0
Q13131|Q15413_STLQTIYRL|0.591
Q13131|Q15413_LQTIYRLSK|0.523
Q13131|Q15413_EKQISVDAD|0.0
Q13131|Q15413_CRDLYAFYP|0.0
Q13131|Q15413_TEEYSFEEK|0.0
Q13131|Q15413_TEEGTLIVR|0.813
Q13131|Q15413_TEQPSEDDI|0.001
Q13131|Q15413_VINKYGDLY|0.0
Q13131|Q15413_MGFKTLRTI|0.211
Q13131|Q15413_KTLRTILSS|0.0
Q13131|Q15413_RTILSSVTH|0.234
Q13131|Q15413_LSSVTHNGK|0.467
Q13131|Q15413_AVVVYLYTV|0.467
Q13131|P23297_EGDKYKLSK|0.066
Q13131|P23297_QTELSGFLD|0.824
Q13131|P60903_KGYLTKEDL|0.13
Q13131|P60903_ACNDYFVVH|0.0
Q13131|P31949_ISSPTETER|0.0
Q13131|P31949_RCIESLIAV|0.0
Q13131|P31949_VFQKYAGKD|0.001
Q13131|P31949_GYNYTLSKT|0.001
Q13131|P31949_NYTLSKTEF|0.0
Q13131|P31949_TLSKTEFLS|0.0
Q13131|P31949_TEFLSFMNT|0.58
Q13131|P31949_KAVPSQKRT|0.0
Q13131|P31949_SQKRT____|0.0
Q13131|P80511_GHFDTLSKG|0.0
Q13131|Q99584_KDSLSVNEF|0.616
Q13131|Q99584_KDVGSLDEK|0.475
Q13131|Q99584_EKMKSLDVN|0.56
Q13131|Q99584_VNQDSELKF|0.0
Q13131|Q9HCY8_GQCRSANAE|0.711
Q13131|Q9HCY8_AQEFSDVER|0.001
Q13131|Q9HCY8_NFHQYSVEG|0.594
Q13131|Q9HCY8_FHQYSVEGG|0.0
Q13131|Q9HCY8_GGKETLTPS|0.0
Q13131|Q9HCY8_KETLTPSEL|0.0
Q13131|Q9HCY8_ANLGSCNDS|0.0
Q13131|Q9HCY8_LEFRSFWEL|0.814
Q13131|Q96FQ6____MSDCYT|0.652
Q13131|Q96FQ6_VENFYKYVS|0.0
Q13131|Q96FQ6_YVSKYSLVK|0.001
Q13131|Q96FQ6_VSKYSLVKN|0.638
Q13131|Q96FQ6_NHMLSDTGN|0.0
Q13131|Q96FQ6_QEQQSSS__|0.592
Q13131|Q96FQ6_EQQSSS___|0.183
Q13131|P29034_KLMGSLDEN|0.0
Q13131|P29034_LDENSDQQV|0.104
Q13131|P26447_RELPSFLGK|0.262
Q13131|P26447_SNLDSNRDN|0.0
Q13131|P33763_EKALTTMVT|0.0
Q13131|P33763_KALTTMVTT|0.0
Q13131|P33763_TMVTTFHKY|0.0
Q13131|P06703_IFHKYSGRE|0.42
Q13131|P06703_FHKYSGREG|0.451
Q13131|P06703_QKELTIGSK|0.369
Q13131|P31151____MSNTQA|0.451
Q13131|P31151__MSNTQAER|0.972
Q13131|P31151_QAERSIIGM|0.727
Q13131|P31151_IEKPSLLTM|0.905
Q13131|P31151_PSLLTMMKE|0.467
Q13131|P31151_PNFLSACDK|0.318
Q13131|P31151_DKKGTNYLA|0.445
Q13131|P31151_AAPCSGGSQ|0.889
Q13131|P31151_CSGGSQ___|0.965
Q13131|Q86SG5____MSNTQA|0.45
Q13131|Q86SG5__MSNTQAER|0.921
Q13131|Q86SG5_QAERSIIGM|0.627
Q13131|Q86SG5_PNFLSACDK|0.001
Q13131|Q86SG5_AAPCSGGSQ|0.796
Q13131|Q86SG5_CSGGSQ___|0.922
Q13131|P05109___MLTELEK|0.437
Q13131|P05109_KALNSIIDV|0.753
Q13131|P05109_IIDVYHKYS|0.437
Q13131|P05109_FHAVYRDDL|0.145
Q13131|P05109_ECPQYIRKK|0.319
Q13131|P05109_AHKKSHEES|0.353
Q13131|P05109_SHEESHKE_|0.193
Q13131|P06702_FHQYSVKLG|0.429
Q13131|P06702_GHPDTLNQG|0.31
Q13131|P06702_EDLDTNADK|0.051
Q13131|P29377_AEFPSLLKG|0.0
Q13131|P25815____MTELET|0.0
Q13131|P25815_RYSGSEGST|0.0
Q13131|P25815_GSEGSTQTL|0.406
Q13131|P25815_SEGSTQTLT|0.0
Q13131|Q96BU1_SRVPSEQSS|0.0
Q13131|Q96BU1_SYEQSSGED|0.0
Q13131|Q96BU1_YEQSSGEDD|0.0
Q13131|Q96BU1_GERGSQILL|0.0
Q13131|Q96BU1_ILLDTPREK|0.0
Q13131|Q96BU1_QLSTSSGHG|0.0
Q13131|Q96BU1_LSTSSGHGP|0.0
Q13131|Q96BU1_GPAHTKPLN|0.0
Q13131|Q99500_NSSHSPKVK|0.0
Q13131|O95977_FDRCSSLLP|0.0
Q13131|O95977_DRCSSLLPL|0.0
Q13131|O95977_TTDSSLRPR|0.005
Q13131|O95977_EPLSSISSV|0.11
Q13131|O95977_SSISSVRSI|0.0
Q13131|O95977_SSVRSI___|0.711
Q13131|P62753_LRTFYEKRM|0.569
Q13131|P62753_EWKGYVVRI|0.166
Q13131|P62753_VVRISGGND|0.927
Q13131|P62753_QGVLTHGRV|0.551
Q13131|P62753_SKGHSCYRP|0.251
Q13131|P62753_LTDTTVPRR|0.352
Q13131|P62753_QRLVTPRVL|0.595
Q13131|P62753_EAAEYAKLL|0.345
Q13131|P62753_SKSESSQK_|0.697
Q13131|P0DJI8_REANYIGSD|0.0
Q13131|P0DJI8_GSDKYFHAR|0.0
Q13131|P0DJI8_AEAISDARE|0.0
Q13131|P0DJI8_GAEDSLADQ|0.0
Q13131|P0DJI8_EWGRSGKDP|0.0
Q13131|P0DJI8_LPEKY____|0.0
Q13131|P0DJI9_REANYIGSD|0.0
Q13131|P0DJI9_GSDKYFHAR|0.0
Q13131|P0DJI9_LPEKY____|0.0
Q13131|P35542_MGRAYWDIM|0.0
Q13131|P35542_DIMISNHQN|0.0
Q13131|P35542_NHQNSNRYL|0.0
Q13131|P35542_NRYLYARGN|0.0
Q13131|Q96ER3_EEQLTELDE|0.0
Q13131|Q96ER3_PQEESEEQP|0.0
Q13131|Q96ER3_KPENSAESN|0.0
Q13131|Q96PN6_TEKFSSAMY|0.245
Q13131|Q96PN6_EKFSSAMYM|0.0
Q13131|Q96PN6_SSAMYMDRG|0.959
Q13131|Q96PN6_SLQKYVMES|0.0
Q13131|Q96PN6_QLQGYLSEL|0.0
Q13131|Q96PN6_IQDAYMHIT|0.694
Q13131|Q96PN6_MMMYYPGIV|0.004
Q13131|Q96PN6_GVADSGPLY|0.481
Q13131|Q96PN6_GLPGYGKSQ|0.0
Q13131|Q96PN6_GYGKSQILM|0.054
Q13131|Q96PN6_LNMVTLHSD|0.829
Q13131|Q96PN6_LKEISLIQL|0.0
Q13131|Q96PN6_FESATFYSL|0.0
Q13131|Q96PN6_SATFYSLKG|0.694
Q13131|Q96PN6_IIKAYLDYS|0.0
Q13131|Q96PN6_AYLDYSLYH|0.0
Q13131|Q96PN6_HLAGYKGVW|0.0
Q13131|Q96PN6_FYKFSNRAK|0.005
Q13131|Q96PN6_MTLTYYDGI|0.043
Q13131|Q92562_GHAIYKVED|0.0
Q13131|Q92562_KLLIYGRPV|0.508
Q13131|Q92562_GRPVYVTLI|0.003
Q13131|Q92562_PTRRSYTYW|0.0
Q13131|Q92562_TRRSYTYWW|0.0
Q13131|Q92562_DAGDSAKVT|0.0
Q13131|A6NKF1_ERPPSPRSP|0.0
Q13131|A6NKF1_VKEYSRPAA|0.0
Q13131|A6NKF1_ATVRYLAGE|0.001
Q13131|A6NKF1_EGFGSLRRC|0.0
Q13131|A6NKF1_EDEGTDRPG|0.0
Q13131|Q9NTJ5_RHFDSQVII|0.551
Q13131|Q9NTJ5_GVFRSNCMD|0.001
Q13131|Q9NTJ5_LESHSPLSV|0.0
Q13131|Q9NTJ5_HSPLSVPRD|0.0
Q13131|Q9NZJ4_SLLPTHKDA|0.004
Q13131|Q9NZJ4_KFLASLTDS|0.0
Q13131|Q9NZJ4_LTDSSEKEK|0.0
Q13131|Q9NZJ4_QLKTTSCLK|0.0
Q13131|Q9NZJ4_ETNPSLAQD|0.0
Q13131|Q9NZJ4_LAQDTVIIK|0.001
Q13131|Q9NZJ4_SDELSQKTV|0.0
Q13131|Q9NZJ4_GRWNTTFMR|0.0
Q13131|Q9NZJ4_RWNTTFMRH|0.799
Q13131|Q9NZJ4_FLDDSILKR|0.425
Q13131|Q9NZJ4_STQDYLNPI|0.304
Q13131|Q9NZJ4_FAAKYQTIR|0.0
Q13131|Q9NZJ4_ALERYASNV|0.0
Q13131|Q9NZJ4_ERYASNVCF|0.939
Q13131|Q9NZJ4_RLQQTNLKL|0.57
Q13131|Q9NZJ4_FLTTYHELI|0.097
Q13131|Q9NZJ4_KALHYMVQT|0.0
Q13131|Q9NZJ4_LKELYEVIG|0.006
Q13131|Q9NZJ4_DLEVYLKHL|0.0
Q13131|Q9NZJ4_MNVFYPGEY|0.0
Q13131|Q9NZJ4_YPGEYVGYL|0.0
Q13131|Q9NZJ4_RPEESSQSR|0.0
Q13131|Q9NZJ4_QSRDSAPST|0.584
Q13131|Q9NZJ4_DSAPSTPTS|0.0
Q13131|Q9NZJ4_SAPSTPTSP|0.0
Q13131|Q9NZJ4_PSTPTSPTE|0.001
Q13131|Q9NZJ4_TEFLTPGLR|0.0
Q13131|Q9NZJ4_AGQTYSQRF|0.0
Q13131|Q9UBT2_KKGVTECYE|0.539
Q13131|Q9UBT2_VTECYECHP|0.0
Q13131|Q9UBT2_FPGCTIRNT|0.0
Q13131|Q9UBT2_RARASNEDG|0.968
Q13131|Q9UBT2_KSTGYDPVK|0.0
Q13131|Q9UBT2_QGEETNASD|0.649
Q13131|Q9UBT2_KSIETLRVH|0.0
Q13131|Q9UBT2_TILISSEEG|0.007
Q13131|Q9UBT2_ILISSEEGE|0.383
Q13131|Q9UBT2_AQPSTSTAQ|0.089
Q13131|Q9UBT2_KENLSAKRS|0.0
Q13131|Q9UBT2_SAKRSRIEQ|0.533
Q13131|Q15424_IDNGSVADC|0.005
Q13131|Q15424_IEEPSLEPE|0.237
Q13131|Q15424_ETCKSEPVK|0.57
Q13131|Q15424_DLFDSAHPE|0.328
Q13131|Q15424_LDLASESTA|0.34
Q13131|Q15424_AVEQSSAAS|0.0
Q13131|Q15424_VEQSSAASE|0.0
Q13131|Q15424_AEAPTEAPS|0.461
Q13131|Q15424_EARDSKEDG|0.001
Q13131|Q15424_KESSTSEGA|0.002
Q13131|Q15424_ESSTSEGAD|0.0
Q13131|Q15424_VSGLSSTTR|0.012
Q13131|Q15424_AKVVTNARS|0.627
Q13131|Q15424_TNARSPGAR|0.245
Q13131|Q15424_YGFVTMSTA|0.001
Q13131|Q15424_GKKTSDKRD|0.574
Q13131|Q15424_GTERTVVMD|0.0
Q13131|Q15424_VMDKSKGVP|0.087
Q13131|Q15424_KERASKSQD|0.007
Q13131|Q15424_EPRKSRDSE|0.0
Q13131|Q15424_VRERSEREQ|0.0
Q13131|Q15424_VRRPYDLDR|0.463
Q13131|Q15424_RDDAYWPEA|0.0
Q13131|Q15424_LDERYHSDF|0.0
Q13131|Q15424_ERYHSDFNR|0.009
Q13131|Q15424_YPDHSVDRR|0.165
Q13131|Q15424_EGSRSMMGE|0.026
Q13131|Q15424_EGQHYPERH|0.006
Q13131|Q15424_HGRDSRDGW|0.487
Q13131|Q15424_GWGGYGSDK|0.001
Q13131|Q15424_GGYGSDKRM|0.368
Q13131|Q15424_EDDRSWQGT|0.0
Q13131|Q15424_GGERSMSGH|0.0
Q13131|Q15424_QSRGSRPSD|0.0
Q13131|Q15424_GSRPSDARF|0.0
Q13131|Q14151_GSGDSGPGT|0.665
Q13131|Q14151_PGTASLGPG|0.332
Q13131|Q14151_RNLDTGGNK|0.353
Q13131|Q14151_TSKKSAKRC|0.769
Q13131|Q14151_EEEGTEDNG|0.025
Q13131|Q14151_DSKEYVAAQ|0.665
Q13131|Q14151_DLFDSAHPE|0.867
Q13131|Q14151_LDLASESTA|0.951
Q13131|Q14151_AVEQSSAAS|0.3
Q13131|Q14151_VEQSSAASE|0.634
Q13131|Q14151_AEAPTEAPS|0.833
Q13131|Q14151_AKVVTNARS|0.923
Q13131|Q14151_HLHRTELHG|0.776
Q13131|Q14151_GRMISVEKA|0.796
Q13131|Q14151_RVTKSGSRG|0.564
Q13131|Q14151_TKSGSRGME|0.579
Q13131|Q14151_SVKTTSRSK|0.677
Q13131|Q14151_TTSRSKERS|0.593
Q13131|Q14151_GRRPYDLDR|0.589
Q13131|Q14151_RDDAYWPEG|0.562
Q13131|Q14151_MEDRYRADF|0.381
Q13131|Q14151_DRGQYQDHA|0.626
Q13131|Q14151_HGRDSRDGW|0.79
Q13131|Q14151_GWGGYGSDK|0.3
Q13131|Q14151_GGYGSDKRL|0.766
Q13131|P10523_SVTIYLGNR|0.371
Q13131|P10523_GKKVYVTLT|0.314
Q13131|P10523_KVYVTLTCA|0.0
Q13131|P10523_YVTLTCAFR|0.0
Q13131|P10523_GSNTYPFLL|0.0
Q13131|P10523_TFPDYLPCS|0.0
Q13131|P10523_APQDSGKSC|0.0
Q13131|P10523_NVVLYSSDY|0.001
Q13131|P10523_YSSDYYVKP|0.0
Q13131|P10523_GELTSSEVA|0.017
Q13131|P10523_ELTSSEVAT|0.028
Q13131|P10523_SEVATEVPF|0.0
Q13131|Q9NXZ1_ISPMSTRDP|0.002
Q13131|Q9NXZ1_SPMSTRDPY|0.207
Q13131|Q9NXZ1_DNVLSNVLS|0.659
Q13131|Q9NXZ1_SRDLYATIT|0.002
Q13131|Q9NXZ1_DLYATITHS|0.0
Q13131|Q9NXZ1_GKPQTDKVI|0.0
Q13131|Q9NXZ1_TRDQYATVT|0.004
Q13131|Q9NXZ1_DQYATVTHN|0.006
Q13131|Q9NXZ1_APDNSLSTV|0.409
Q13131|P23526____MSDKLP|0.451
Q13131|P23526_GIPVYAWKG|0.384
Q13131|P23526_GGDLTNLIH|0.524
Q13131|P23526_IHTKYPQLL|0.384
Q13131|P23526_IRGISEETT|0.976
Q13131|P23526_SEETTTGVH|0.072
Q13131|P23526_FDNLYGCRE|0.509
Q13131|P23526_GCRESLIDG|0.356
Q13131|P23526_VVAGYGDVG|0.165
Q13131|P23526_HPDKYPVGV|0.362
Q13131|P23526_LTKLTEKQA|0.466
Q13131|P23526_KQAQYLGMS|0.672
Q13131|P23526_YLGMSCDGP|0.092
Q13131|P23526_KPDHYRY__|0.49
Q13131|Q9NSC2_RDGDTEKGQ|0.0
Q13131|Q9NSC2_KGQPSRPTK|0.006
Q13131|Q9NSC2_APSSSSSSS|0.0
Q13131|Q9NSC2_PSSSSSSSS|0.0
Q13131|Q9NSC2_SSSSSSSSS|0.0
Q13131|Q9NSC2_QLPQSSSGN|0.223
Q13131|Q9NSC2_SNSGSSPNM|0.0
Q13131|Q9NSC2_AAAVTTPSS|0.0
Q13131|Q9NSC2_KVFGSDSAL|0.004
Q13131|Q9NSC2_LRSHTGERP|0.132
Q13131|Q9NSC2_HSATSPPGS|0.394
Q13131|Q9NSC2_SPPGSVKSD|0.007
Q13131|Q9NSC2_TLPPSGGKS|0.0
Q13131|Q9NSC2_YRTHTGERP|0.0
Q13131|Q9NSC2_LKTHYSVHR|0.578
Q13131|Q9NSC2_SADASQDSL|0.001
Q13131|Q9NSC2_SLSSSPLPL|0.0
Q13131|Q9NSC2_IKEDSLGIL|0.092
Q13131|Q9NSC2_SSATSPVLL|0.633
Q13131|Q9NSC2_IHERTHTGE|0.0
Q13131|Q9NSC2_ERTHTGEKP|0.0
Q13131|Q9NSC2_GRRLSVDGP|0.384
Q13131|Q9NSC2_SENGTNFRF|0.102
Q13131|Q9Y467_QTSKTLASS|0.0
Q13131|Q9Y467_LASSSSSSS|0.0
Q13131|Q9Y467_ASSSSSSSS|0.0
Q13131|Q9Y467_SSSSSSSSS|0.0
Q13131|Q9Y467_SGAETPKQA|0.0
Q13131|Q9Y467_KVFGSDSAL|0.0
Q13131|Q9Y467_LRSHTGERP|0.0
Q13131|Q9Y467_AESSTATRM|0.0
Q13131|Q9Y467_SSTATRMQL|0.0
Q13131|Q9Y467_GASPSETSK|0.0
Q13131|Q9Y467_LRVLSCPRA|0.48
Q13131|Q9Y467_LRLHYGQHG|0.001
Q13131|Q9Y467_GHKASPAAR|0.573
Q13131|Q9Y467_EEVGTVAAA|0.0
Q13131|Q9Y467_LERATLKKH|0.0
Q13131|Q9Y467-3_GGDASEEDH|0.0
Q13131|Q9BXA9_EDADSGPES|0.758
Q13131|Q9BXA9_SGPESRSGG|0.259
Q13131|Q9BXA9_KVFGSDSAL|0.43
Q13131|Q9BXA9_LRSHTGERP|0.438
Q13131|Q9BXA9_YRTHTGERP|0.38
Q13131|Q9BXA9_MDENSMEDD|0.0
Q13131|Q9BXA9_SDRLSNDSS|0.17
Q13131|Q9BXA9_ERPDSPAAA|0.512
Q13131|Q9BXA9_PSLISSAAP|0.467
Q13131|Q9BXA9_IHERTHTGE|0.415
Q13131|Q9BXA9_ERTHTGEKP|0.471
Q13131|Q9BXA9_DKARTGSSP|0.442
Q13131|Q9UJQ4_KVFGTDSSL|0.272
Q13131|Q9UJQ4_FGTDSSLQI|0.0
Q13131|Q9UJQ4_HRVLSCQSS|0.248
Q13131|Q9UJQ4_QRQGSRENG|0.693
Q13131|Q9UJQ4_RENGSVESD|0.635
Q13131|Q9UJQ4_NDSSSLMGD|0.914
Q13131|Q9UJQ4_SPANSQAES|0.489
Q13131|Q9UJQ4_EGRSSLPST|0.888
Q13131|Q9UJQ4_SPGMTPLLA|0.436
Q13131|Q9UJQ4_QHGCTRCGK|0.0
Q13131|Q9UJQ4_GKNFSSASA|0.163
Q13131|Q9UJQ4_KNFSSASAL|0.143
Q13131|Q9UJQ4_FSSASALQI|0.37
Q13131|Q9UJQ4_IHERTHTGE|0.066
Q13131|Q9UJQ4_ERTHTGEKP|0.38
Q13131|Q6SPF0_ASPHYQEWI|0.0
Q13131|Q6SPF0_VLRVSYKGS|0.535
Q13131|Q6SPF0_LRVSYKGSI|0.555
Q13131|Q6SPF0_SYKGSISYR|0.446
Q13131|Q6SPF0_KGSISYRNA|0.825
Q13131|Q6SPF0_GSISYRNAA|0.83
Q13131|Q6SPF0_APPPTPAPP|0.046
Q13131|Q6SPF0_AAAATAPPS|0.726
Q13131|Q6SPF0_ARPVSLREV|0.656
Q13131|Q6SPF0_EVVRYLGGS|0.537
Q13131|Q6SPF0_VSEGSEVPE|0.048
Q13131|Q6SPF0_VKEWTPCGP|0.539
Q13131|Q6SPF0_KEGGTASVA|0.622
Q13131|Q6SPF0_TGPDSPSPV|0.211
Q13131|Q6SPF0_PDSPSPVPL|0.332
Q13131|Q6SPF0_ALKIYEHHI|0.079
Q13131|Q9BYL1_EHTVSAESI|0.0
Q13131|Q96NU1_SDGDSDGSG|0.0
Q13131|Q96NU1_GSGPTCGRR|0.0
Q13131|Q96NU1_SVHRSRHLV|0.001
Q13131|Q96NU1_KRARSESPQ|0.0
Q13131|Q96NU1_ARSESPQEA|0.0
Q13131|Q96NU1_LRGPSGLEA|0.0
Q13131|Q96NU1_GPPGSGPPT|0.0
Q13131|Q96NU1_AQDGSEDEP|0.0
Q13131|Q96NU1_PPKDSDGED|0.041
Q13131|Q96NU1_GCGEYTRVF|0.0
Q13131|Q96NU1_CGEYTRVFR|0.0
Q13131|Q96NU1_RELGTGEQP|0.0
Q13131|Q96NU1_PLSPTTATS|0.0
Q13131|Q96NU1_TTATSPYGG|0.0
Q13131|Q96NU1_LAGQTSPKQ|0.211
Q13131|Q96NU1_AGQTSPKQE|0.0
Q13131|Q96NU1_QENGTLALL|0.0
Q13131|Q8N8I0_LLRLTDKKL|0.0
Q13131|Q8N8I0_IRRKTTLLL|0.0
Q13131|Q8N8I0_RRKTTLLLG|0.0
Q13131|Q8IZD0_DGCGSPLHR|0.0
Q13131|Q8IZD0_GLRRSLDED|0.543
Q13131|Q8IZD0_EPPPSPLTR|0.0
Q13131|Q8IZD0_PLTRYRPLH|0.001
Q13131|Q8IZD0_LAAASCSPP|0.0
Q13131|Q8IZD0_AASCSPPRS|0.0
Q13131|Q8IZD0_PSSDSSPSF|0.002
Q13131|Q8IZD0_DLGVTLRRA|0.009
Q13131|Q8IZD0_SNRLSMGSR|0.467
Q13131|Q8IZD0_SLGLSNSHD|0.0
Q13131|Q8IZD0_GLSNSHDRA|0.76
Q13131|Q9P1V8_VPEESLRVQ|0.0
Q13131|Q9P1V8_EEKGTELPE|0.0
Q13131|Q9P1V8_MKPESPEEI|0.0
Q13131|Q8N6K7_EEEVSGAAL|0.0
Q13131|Q8N6K7_EQMPSFYPA|0.0
Q13131|Q8N6K7_QTRKSLADI|0.0
Q13131|Q8N6K7_KMIGSRTPL|0.0
Q13131|Q9UPU9_QLLSYALIH|0.0
Q13131|Q9UPU9_DSVDYGQTH|0.0
Q13131|Q9UPU9_DYGQTHYYH|0.0
Q13131|Q9UPU9_GQTHYYHQR|0.004
Q13131|Q9UPU9_QTHYYHQRQ|0.064
Q13131|Q9UPU9_QRQNSDDKL|0.875
Q13131|Q9UPU9_KRSVSLTPP|0.713
Q13131|Q9UPU9_HGWMSHEDL|0.638
Q13131|Q9UPU9_HAPLSPQSS|0.0
Q13131|Q9UPU9_PIKAYSSPS|0.0
Q13131|Q9UPU9_IKAYSSPST|0.0
Q13131|Q9UPU9_YSSPSTTPE|0.0
Q13131|Q9UPU9_SSPSTTPEA|0.22
Q13131|Q9UPU9_PESQSPDCK|0.0
Q13131|Q9UPU9_DISGYRQQR|0.0
Q13131|Q9UPU9_GFGQSNSLP|0.61
Q13131|Q9UPU9_GQSNSLPTA|0.002
Q13131|Q9UPU9_NSLPTAGSV|0.634
Q13131|Q9UPU9_NPRQYQIPS|0.0
Q13131|Q9UPU9_NTTATPTIM|0.0
Q13131|Q9UPU9_NPGGSNSMP|0.421
Q13131|Q9UPU9_GGSNSMPSR|0.618
Q13131|Q9UPU9_NSMPSRTHS|0.0
Q13131|Q9UPU9_SVQRTRSLP|0.001
Q13131|Q9UPU9_QRTRSLPVH|0.812
Q13131|Q9UPU9_PVHTSPQNM|0.568
Q13131|Q9UPU9_VDRTSTI__|0.0
Q13131|Q9UPU9_DRTSTI___|0.003
Q13131|Q5PRF9_RPEPSYHSR|0.0
Q13131|Q5PRF9_PEPSYHSRQ|0.0
Q13131|Q5PRF9_PSYHSRQGS|0.0
Q13131|Q5PRF9_QIHPSPLKR|0.0
Q13131|Q5PRF9_PLKRSMSLI|0.506
Q13131|Q5PRF9_KRSMSLIPT|0.466
Q13131|Q5PRF9_SSVASSGSE|0.293
Q13131|Q5PRF9_QEDGSGMKD|0.279
Q13131|Q5PRF9_FSQMSYEEM|0.0
Q13131|Q5PRF9_QIIITPIKA|0.0
Q13131|Q5PRF9_VAAATTTPT|0.0
Q13131|Q5PRF9_AAATTTPTA|0.434
Q13131|Q5PRF9_NITSYLQLI|0.085
Q13131|Q5PRF9_KLLRTFPRK|0.475
Q13131|Q5PRF9_EMQNYRQQK|0.439
Q13131|Q5PRF9_VARRTQRQF|0.004
Q13131|Q5PRF9_LLSPSGIGG|0.387
Q13131|Q5PRF9_LTSPSLGGQ|0.0
Q13131|Q5PRF9_NPGGSNSMP|0.047
Q13131|Q5TGI4_QLPQYAESF|0.0
Q13131|Q5TGI4_VDNGYDDLE|0.0
Q13131|Q5TGI4_AAGLYFTLE|0.0
Q13131|Q5TGI4_ELVSYPKLK|0.0
Q13131|Q5TGI4_KPPYSRKVP|0.0
Q13131|Q5TGI4_GILEYLMNW|0.0
Q13131|Q7Z3H4_SFIRSLPGC|0.0
Q13131|Q7Z3H4_GSMFYKKTL|0.0
Q13131|Q96LT4_DMQTYPPLP|0.0
Q13131|Q96LT4_RRLCSLMGT|0.0
Q13131|Q96LT4_SLMGTVFLL|0.0
Q13131|Q5K651_REILTEQDV|0.0
Q13131|Q5K651_MANPSAMST|0.0
Q13131|Q5K651_ERQPSIDLT|0.005
Q13131|Q5K651_SIDLTCVSY|0.407
Q13131|Q5K651_KLDFSLQPE|0.0
Q13131|Q5K651_FKAFTNTAT|0.0
Q13131|Q5K651_AFTNTATAT|0.0
Q13131|Q5K651_TNTATATEE|0.0
Q13131|Q5K651_KMQNYNNKI|0.448
Q13131|Q5K651_LDLDSEKYK|0.004
Q13131|Q5K651_WWNFYFSSE|0.0
Q13131|Q5K651_KRDKYERLE|0.0
Q13131|Q5K651_LKNKTVDFS|0.0
Q13131|Q5K651_IQQLSPKEQ|0.0
Q13131|Q5K651_LDMLTENLF|0.0
Q13131|Q5K651_QDMHTLLLT|0.0
Q13131|Q5K651_TLLLTRHRD|0.0
Q13131|Q5K651_EDREYEVKE|0.0
Q13131|Q5K651_SKRRYDTYN|0.054
Q13131|Q5K651_KVAGYFKKY|0.0
Q13131|Q5K651_ADKFSGLLE|0.0
Q13131|Q5K651_EDAISTMKC|0.0
Q13131|Q5K651_DAISTMKCI|0.0
Q13131|Q5K651_CFKKTPDIN|0.0
Q13131|Q8IVG5_LNSKSPESD|0.0
Q13131|Q8IVG5_CNDKYFYIQ|0.0
Q13131|Q8IVG5_REGASSRDI|0.0
Q13131|Q8IVG5_EGASSRDIL|0.001
Q13131|Q8IVG5_ILANSKQRD|0.069
Q13131|Q8IVG5_NCMRSRNPD|0.0
Q13131|Q8IVG5_LIALYCLKE|0.0
Q13131|Q8IVG5_QRKVYGDET|0.0
Q13131|Q8IVG5_PKNSYISDT|0.0
Q13131|Q8IVG5_LKMRYTQKE|0.0
Q13131|Q8IVG5_KMRYTQKEI|0.0
Q13131|Q8IVG5_LRRLTGQAE|0.0
Q13131|Q8IVG5_IERVSFYLG|0.0
Q13131|Q8IVG5_YLGFSIEGP|0.0
Q13131|Q9Y3Z3_QRADSEQPS|0.722
Q13131|Q9Y3Z3_RCDDSPRTP|0.014
Q13131|Q9Y3Z3_PRTPSNTPS|0.666
Q13131|Q9Y3Z3_TPSNTPSAE|0.0
Q13131|Q9Y3Z3_QRLRYIKQL|0.459
Q13131|Q9Y3Z3_GGGYYVFPG|0.0
Q13131|Q9Y3Z3_GPLESPVED|0.0
Q13131|Q9Y3Z3_DKWDYFARD|0.0
Q13131|Q9Y3Z3_DMEAYTKLT|0.504
Q13131|Q9Y3Z3_LEILYSTDP|0.0
Q13131|Q9Y3Z3_KEVASAKPK|0.0
Q13131|Q9Y3Z3_INMDYGMQE|0.0
Q13131|Q9Y3Z3_IDHVSFYCK|0.59
Q13131|Q9Y3Z3_LIRVYCKKV|0.307
Q13131|Q9Y3Z3_DRNFTKPQD|0.0
Q13131|Q9Y3Z3_EWNDSTSVQ|0.066
Q13131|Q9Y3Z3_VQNPTRLRE|0.678
Q13131|Q9Y3Z3_EASKSRVQL|0.632
Q13131|Q9Y512_ERNFSVNLY|0.895
Q13131|Q9Y512_MSAEYSFPI|0.0
Q13131|Q9Y512_SAEYSFPIW|0.0
Q13131|Q9Y512_LGCLSRTAS|0.0
Q13131|Q9Y512_SRTASFAVR|0.006
Q13131|Q9Y512_DSRNSSILP|0.739
Q13131|Q9NSI8_KRKPSNVSE|0.769
Q13131|Q9NSI8_KPKRSSSFG|0.685
Q13131|Q9NSI8_PKRSSSFGN|0.0
Q13131|Q9NSI8_NAHPYRNSD|0.003
Q13131|Q9NSI8_SLKASDSMD|0.0
Q13131|Q9NSI8_KASDSMDSL|0.456
Q13131|Q9NSI8_MDSLYSGQS|0.0
Q13131|Q9NSI8_DDGPYSGPF|0.0
Q13131|Q9NSI8_DFTPSPYDT|0.0
Q13131|Q9NSI8_TPSPYDTDS|0.0
Q13131|Q9NSI8_SPYDTDSLK|0.0
Q13131|Q9NSI8_YDTDSLKIK|0.376
Q13131|Q9NSI8_VDVISEEEA|0.0
Q13131|Q9NSI8_RRLLSAAEN|0.0
Q13131|Q9NSI8_SSDISLNKS|0.0
Q13131|Q9NSI8_SLNKSQLDD|0.006
Q13131|Q9NSI8_CPRDSGCYI|0.0
Q13131|Q9NSI8_SSGNSDNGK|0.634
Q13131|Q9NSI8_ITEPSD___|0.0
Q13131|Q6NSI8_TGRHSIAST|0.0
Q13131|Q6NSI8_TRNCSSESE|0.0
Q13131|Q6NSI8_RNCSSESEN|0.0
Q13131|Q6NSI8_CSSESENCT|0.0
Q13131|Q6NSI8_ENCTTHNGG|0.0
Q13131|Q6NSI8_WLIKYIKRN|0.0
Q13131|Q6NSI8_LKQQSLFSE|0.0
Q13131|Q6NSI8_EEYTTGSEV|0.0
Q13131|Q6NSI8_KQVSSPCAQ|0.0
Q13131|Q6NSI8_AGGIYSRLE|0.0
Q13131|Q6NSI8_SVPVSARQS|0.0
Q13131|Q6NSI8_SARQSSSEK|0.0
Q13131|Q6NSI8-2_KSGLSSVLL|0.0
Q13131|Q6NSI8-2_SGLSSVLLM|0.0
Q13131|Q9H0E3_NPAATVNDE|0.0
Q13131|Q9H0E3_SGRDSEVSA|0.0
Q13131|Q9H0E3_TRAQSPVIT|0.0
Q13131|Q9H0E3_QITHTSPRI|0.475
Q13131|Q9H0E3_PAERSSLIP|0.0
Q13131|Q9H0E3_AERSSLIPI|0.0
Q13131|Q9H0E3_LIPISGHRA|0.583
Q13131|Q9H0E3_KKPATDGAK|0.0
Q13131|Q9H0E3_PPKEYIDEE|0.0
Q13131|Q9H0E3-2_PDVASPRVE|0.0
Q13131|Q9H0E3-2_STSGSPRPA|0.0
Q13131|Q9H0E3-3_PDVASPRVE|0.0
Q13131|Q9H0E3-3_STSGSPRPA|0.0
Q13131|O00422_ESRVTQEEI|0.0
Q13131|O00422_DREKTCPLL|0.503
Q13131|O00422_RVFTTNNGR|0.74
Q13131|O00422_MDEFSRGNV|0.678
Q13131|O00422_RKKGTHFNF|0.0
Q13131|O00422_AIVFTDVKR|0.738
Q13131|O00422_KRPGYRVKE|0.007
Q13131|O00422_KEIGSTMSG|0.0
Q13131|O00422_GRKGTDDSM|0.343
Q13131|O00422_GTDDSMTLQ|0.696
Q13131|O00422_DDSMTLQSQ|0.678
Q13131|O00422_QIGDYLDIA|0.405
Q13131|Q8TEE9_RPSPSRGPS|0.029
Q13131|O75446_EVDLYQLQV|0.46
Q13131|O75446_FKLPTRPGL|0.488
Q13131|O75446_NEKDTLTYF|0.0
Q13131|O75446_DTLTYFIYS|0.34
Q13131|O75446_TYFIYSVKN|0.0
Q13131|Q9UHR5_NVLSSLAVY|0.0
Q13131|Q9UHR5_VSDAYGEDD|0.0
Q13131|Q9UHR5_DEDGYEEEE|0.0
Q13131|Q9UHR5_EDDDSETEK|0.0
Q13131|Q9UHR5_MDMNYIIQR|0.009
Q13131|Q9UHR5_FRNPSIYEK|0.0
Q13131|Q9UHR5_NPSIYEKLI|0.0
Q13131|Q9UHR5_SEDSYYEAL|0.0
Q13131|Q9HAJ7_MNGFSTEED|0.0
Q13131|Q9HAJ7_YKLQTRPGF|0.456
Q13131|Q9HAJ7_AETVSRHFR|0.0
Q13131|Q9HAJ7_KSNKSRLDQ|0.024
Q13131|Q9HAJ7_LDQKSEGGK|0.003
Q13131|O14490_GLSGSRSHH|0.588
Q13131|O14490_CDSLSHHSD|0.0
Q13131|O14490_TQRNSFQAE|0.793
Q13131|O14490_SRDGYHTLQ|0.523
Q13131|O14490_TKSHSLEGP|0.01
Q13131|O14490_GGKASPDEA|0.662
Q13131|O14490_QQERSCQYL|0.0
Q13131|O14490_RSCQYLQVP|0.007
Q13131|O14490_MRSGSYIKA|0.818
Q13131|O14490_GDEDSGDSD|0.347
Q13131|O14490_DSGDSDTSP|0.568
Q13131|O14490_ATQPSLTEL|0.0
Q13131|O14490_SNEHSPKLQ|0.538
Q13131|O14490_LRAVSEVSI|0.0
Q13131|O14490_VSEVSINRS|0.379
Q13131|O14490_SINRSLDSL|0.797
Q13131|O14490_RSLDSLDPA|0.247
Q13131|O14490_SRNESYMRA|0.843
Q13131|O14490_RNESYMRAM|0.576
Q13131|O14490_FRMRSHSYV|0.159
Q13131|O14490_MRSHSYVRA|0.858
Q13131|O14490_EKGCSQDDE|0.796
Q13131|O14490_DECVSLRSS|0.0
Q13131|O14490_IQSSTVSSC|0.0
Q13131|O14490_SSCITTYKK|0.0
Q13131|O14490_SCITTYKKT|0.0
Q13131|O14490_TYKKTPPPV|0.0
Q13131|O14490_GLSNSTESL|0.866
Q13131|O14490_NSTESLDSM|0.0
Q13131|O14490_ESLDSMKAL|0.831
Q13131|O14490_NRCLSIGIQ|0.808
Q13131|O14490_KRAASVRQN|0.934
Q13131|O14490-2_WTGYTPRGK|0.0
Q13131|O14490-2_ARRESYLKA|0.0
Q13131|O14490-2_IRSHSYLRA|0.0
Q13131|O14490-2_SRNESYMRA|0.0
Q13131|O14490-2_MRSHSYVRA|0.0
Q13131|Q9P1A6_GLSGSRTQP|0.0
Q13131|Q9P1A6_DHVSSSTFP|0.0
Q13131|Q9P1A6_DVKCSACEG|0.0
Q13131|Q9P1A6_GLALTPDAK|0.0
Q13131|Q9P1A6_RPCHYLQVP|0.0
Q13131|Q9P1A6_MRSGSYIKA|0.591
Q13131|Q9P1A6_GDEESGESD|0.214
Q13131|Q9P1A6_SDITSTIRS|0.0
Q13131|Q9P1A6_DITSTIRST|0.0
Q13131|Q9P1A6_NYKKTPPPV|0.0
Q13131|Q9P1A6_PYPRSDVET|0.0
Q13131|Q9P1A6_SDVETATDS|0.0
Q13131|Q9P1A6_GLREYHSVG|0.0
Q13131|Q9P1A6_REYHSVGVQ|0.374
Q13131|Q9P1A6_QGLFSYRED|0.472
Q13131|O95886_CLACTGMSM|0.0
Q13131|O95886_SAWHTMMVS|0.0
Q13131|O95886_TMMVSQGRD|0.476
Q13131|O95886_MRSGSYIKA|0.74
Q13131|O95886_IHPRSSIPG|0.0
Q13131|O95886_HPRSSIPGY|0.0
Q13131|O95886_SIPGYSRSL|0.0
Q13131|O95886_IPGYSRSLT|0.0
Q13131|O95886_AGLATVATE|0.0
Q13131|O95886_ATVATEDKA|0.0
Q13131|O95886_SAVGSTQLL|0.004
Q13131|O95886_AVGSTQLLL|0.0
Q13131|Q9Y2H0_SQPRYFMHA|0.0
Q13131|Q9Y2H0_FMHAYNTIS|0.332
Q13131|Q9Y2H0_MRSGSYIKA|0.432
Q13131|Q9Y2H0_AQDTYLDSQ|0.0
Q13131|Q9Y2H0_SEVTSQSGL|0.303
Q13131|Q9Y2H0_LSNSSDSLD|0.312
Q13131|Q9Y2H0_NSSDSLDSS|0.0
Q13131|Q9Y2H0_TLTSSESHP|0.196
Q13131|Q9Y2H0_RKLSSIGIQ|0.492
Q13131|Q9Y2H0_KEEPSPATK|0.0
Q13131|Q9Y2H0_PSPATKFQS|0.0
Q13131|Q9Y2H0_DDWRSSVPS|0.0
Q13131|Q9Y2H0_DWRSSVPSH|0.0
Q13131|Q9Y2H0_SHSMSSRRD|0.277
Q13131|Q9Y2H0_HSMSSRRDT|0.0
Q13131|Q9Y2H0_SRRDTDSDT|0.0
Q13131|Q9Y2H0_RDTDSDTQD|0.004
Q13131|Q9Y2H0_TDSDTQDAN|0.0
Q13131|Q9Y2H0_DANDSSCKS|0.0
Q13131|Q9Y2H0_ANDSSCKSS|0.0
Q13131|Q9Y2H0_SSERSLPDC|0.0
Q13131|Q9Y2H0_LPDCTPHPN|0.219
Q13131|Q9Y2H0_PHPNSISID|0.001
Q13131|Q9Y2H0_KRNLSYGDN|0.537
Q13131|Q9Y2H0_RNLSYGDNS|0.451
Q13131|Q9Y2H0_KRAASVRQN|0.505
Q13131|Q9Y2H0_ESADSIEIY|0.003
Q13131|Q9Y2H0_SIEIYVPEA|0.0
Q13131|Q9Y2H0-1_LAYHYLQVP|0.0
Q13131|Q9Y2H0-1_GEWSTTLLS|0.0
Q13131|Q9Y2H0-1_EWSTTLLSP|0.0
Q13131|Q9Y2H0-1_TTLLSPRET|0.0
Q13131|Q9Y2H0-1_SPRETDAAA|0.0
Q13131|Q9Y2H0-1_AYKKTPPPV|0.0
Q13131|Q9Y2H0-1_AQDTYLDSQ|0.0
Q13131|Q9Y2H0-1_SRRDTDSDT|0.0
Q13131|Q9Y2H0-1_RDTDSDTQD|0.0
Q13131|Q9Y2H0-1_TDSDTQDAN|0.0
Q13131|Q9Y2H0-1_KRNLSYGDN|0.357
Q13131|Q9Y2H0-1_KRAASVRQN|0.109
Q13131|Q9Y2H0-1_VRQNSATES|0.001
Q13131|Q9Y2H0-3_LKQCSSCLV|0.0
Q13131|Q9Y2H0-3_KQCSSCLVA|0.0
Q13131|Q9Y2H0-3_RKLSSIGIQ|0.001
Q13131|Q86UD0_VAPASGYLT|0.007
Q13131|Q86UD0_PASGYLTFE|0.0
Q13131|Q86UD0_SGYLTFERF|0.0
Q13131|Q86UD0_AAARSPEQL|0.366
Q13131|Q86UD0_HTIASGVDC|0.392
Q13131|Q86UD0_QSRASADFG|0.402
Q13131|Q5H9R7_MKLYSFLLN|0.888
Q13131|Q5H9R7_GRLGSFHEL|1.0
Q13131|Q5H9R7_PPKKSVMKT|0.605
Q13131|Q5H9R7_SVMKTTWGV|0.021
Q13131|Q5H9R7_CHIHSSSDD|0.964
Q13131|Q5H9R7_HIHSSSDDE|0.905
Q13131|Q5H9R7_IHSSSDDEI|0.96
Q13131|Q5H9R7_SSGSTDSEE|0.279
Q13131|Q5H9R7_FSEFTSSLS|0.0
Q13131|Q5H9R7_TSSLSTKDS|0.695
Q13131|Q5H9R7_MDPLTPSAA|0.909
Q13131|Q5H9R7_MEASSDGEE|0.32
Q13131|Q5H9R7_KETLSLTVD|0.434
Q13131|Q5H9R7_KLSTSQDAA|0.973
Q13131|Q5H9R7_PRPPSSSPE|0.935
Q13131|Q5H9R7_RPPSSSPEQ|0.978
Q13131|Q9UPN7_PRKGYMGHL|0.463
Q13131|Q9UPN7_MGHLTRVAG|0.516
Q13131|Q9UPN7_PPGPSWTAT|0.0
Q13131|Q9UPN7_LQLRSQDPT|0.3
Q13131|Q9UPN7_SQDPTPPSA|0.335
Q13131|Q9UPN7_RSAPSSSDS|0.0
Q13131|Q9UPN7_SAPSSSDSA|0.0
Q13131|Q9UPN7_AQALTPPPI|0.0
Q13131|Q9UPN7_EGPASPGSQ|0.0
Q13131|O75170_DGDRTESCL|0.0
Q13131|O75170_DRTESCLVS|0.005
Q13131|O75170_LVSGTQVLL|0.053
Q13131|O75170_QVLLTLLET|0.0
Q13131|O75170_TLLETRRVG|0.0
Q13131|O75170_RRVGTEGLV|0.961
Q13131|O75170_VDSFSQGLE|0.855
Q13131|O75170_NGNRSLETP|0.733
Q13131|O75170_RSLETPQPA|0.0
Q13131|O75170_HHLHSSSED|0.0
Q13131|O75170_HLHSSSEDE|0.0
Q13131|O75170_APHASESCS|0.0
Q13131|O75170_HASESCSKN|0.0
Q13131|O75170_HAEGSRSQG|0.0
Q13131|O75170_EGSRSQGPE|0.001
Q13131|O75170_GGSHSEDGD|0.0
Q13131|O75170_QKAASAMDA|0.0
Q13131|O75170_MDAVSRGPG|0.0
Q13131|O75170_GCADSRLLS|0.0
Q13131|O75170_SRLLSPACP|0.259
Q13131|O75170-2_EKAFSPASP|0.0
Q13131|O75170-2_FSPASPCAW|0.0
Q13131|Q9NR31_NAGKTTLLH|0.0
Q13131|Q9NR31_AGKTTLLHM|0.0
Q13131|Q9NR31_TLHPTSEEL|0.0
Q13131|Q9NR31_VWKNYLPAI|0.0
Q13131|Q9NR31_NALMTDETI|0.0
Q13131|Q9NR31_MTDETISNV|0.0
Q13131|Q9NR31_DETISNVPI|0.0
Q13131|Q9NR31_TDAISEEKL|0.0
Q13131|Q9NR31_IFGLYGQTT|0.0
Q13131|Q9NR31_KGNVTLKEL|0.576
Q13131|Q9Y6B6_NAGKTTLLH|0.0
Q13131|Q9Y6B6_AGKTTLLHM|0.489
Q13131|Q9Y6B6_TGKGSISLK|0.703
Q13131|O95405_NEDETVSST|0.0
Q13131|O95405_DETVSSTLL|0.0
Q13131|O95405_TVSSTLLDT|0.0
Q13131|O95405_IKRNYSWDD|0.0
Q13131|O95405_KRNYSWDDQ|0.451
Q13131|O95405_ASVCSPSQL|0.0
Q13131|O95405_GRDPSMSAI|0.0
Q13131|O95405_DSVISSQGT|0.0
Q13131|O95405_SVISSQGTD|0.0
Q13131|O95405_SSQGTDGCP|0.0
Q13131|O95405_GSPNSFSHM|0.0
Q13131|O95405_FSHMSEGIL|0.0
Q13131|O95405_EMNDSQVNE|0.001
Q13131|O95405_SKEDSVTEE|0.0
Q13131|O95405_EDSVTEEKE|0.0
Q13131|O95405_KSECYSNIY|0.0
Q13131|O95405_YSNIYEQRG|0.006
Q13131|O95405_LGQSSPKVV|0.0
Q13131|O95405_VCSPSLGNI|0.0
Q13131|O95405_LGAEYRLYP|0.0
Q13131|O95405_CPLFSVRFR|0.005
Q13131|Q9UL12_AIDKTIAYG|0.0
Q13131|Q9UL12_KTIAYGYIH|0.0
Q13131|Q9UL12_IAYGYIHDP|0.387
Q13131|Q9BW04_TRVGSCDSM|0.956
Q13131|Q9BW04_MSSTSTRSG|0.0
Q13131|Q9BW04_TSTRSGSSD|0.0
Q13131|Q9BW04_TRSGSSDSS|0.0
Q13131|Q9BW04_RSGSSDSSY|0.0
Q13131|Q9BW04_GSSDSSYDF|0.0
Q13131|Q9BW04_SDSSYDFLS|0.0
Q13131|Q9BW04_GSLDTEADS|0.0
Q13131|Q9BW04_ITQPTPRGG|0.654
Q13131|Q9BW04_EETITQQGR|0.0
Q13131|Q9BW04_QQGRTPRTV|0.0
Q13131|Q9BW04_RSGSYSLPR|0.553
Q13131|Q9BW04_NFRKSTTQA|0.719
Q13131|Q9BW04_FRKSTTQAS|0.118
Q13131|Q9BW04_RKSTTQASS|0.0
Q13131|Q9BW04_QAPASPQEA|0.0
Q13131|Q9BW04_VSTRYTQPQ|0.128
Q13131|Q9BW04_STRYTQPQP|0.0
Q13131|Q9BW04_DAPLSSGED|0.406
Q13131|Q9BW04_APLSSGEDP|0.0
Q13131|Q9BW04_APLTTPKPR|0.0
Q13131|Q9BW04_SSRSSFHSD|0.0
Q13131|Q9BW04_SSFHSDPQH|0.565
Q13131|Q9BW04_LISCSLQEQ|0.637
Q13131|Q9BW04_AQHLSPAPG|0.0
Q13131|Q9BW04_LPMKSPAPG|0.51
Q13131|Q9BW04_AASKSMPIS|0.0
Q13131|Q9BW04_PRANSALTP|0.912
Q13131|Q9BW04_NSALTPPKP|0.137
Q13131|Q9BW04_PKPESGLTL|0.833
Q13131|Q9BW04_QESNTPGLR|0.088
Q13131|Q9BW04_FKSNTLERS|0.763
Q13131|Q9BW04_TLERSGVGL|0.584
Q13131|Q9BW04_GVGLSSYLS|0.0
Q13131|Q9BW04_GLSSYLSTE|0.553
Q13131|Q9BW04_SSYLSTEKD|0.018
Q13131|Q9BW04_SYLSTEKDA|0.011
Q13131|Q9BW04_EKDASPKTS|0.554
Q13131|Q9BW04_SPKTSTSLG|0.0
Q13131|Q9BW04_PKTSTSLGK|0.0
Q13131|Q9BW04_KTSTSLGKG|0.525
Q13131|Q9BW04_LGKGSFLDK|0.769
Q13131|Q9BW04_KISPSVLRN|0.451
Q13131|Q9BW04_PRPASLGTG|0.688
Q13131|Q9BW04_EQEQSSKRL|0.0
Q13131|Q9BW04_SKRLSYQGQ|0.581
Q13131|Q9BW04_PPCVSVKIS|0.474
Q13131|Q9BW04_SVKISPKGV|0.624
Q13131|Q6SZW1_PREVSPGAG|0.43
Q13131|Q6SZW1_PLLDSNRLE|0.89
Q13131|Q6SZW1_YRRNSGSQL|0.998
Q13131|Q6SZW1_SSAGSDTSL|0.901
Q13131|P49591_LLHPSVPIS|0.449
Q13131|P49591_DEELYKVIG|0.597
Q13131|P49591_IGKGSEKSD|0.175
Q13131|P49591_SDDNSYDEK|0.097
Q13131|P49591_IVSGSLNHA|0.695
Q13131|P49591_EQEPSKKQK|0.0
Q13131|P49591_ARDVTLENR|0.603
Q13131|Q9NP81_ANQDSGEVQ|0.736
Q13131|Q9NP81_VGDESQARV|0.0
Q13131|Q9NP81_QKRLSHVSG|0.003
Q13131|Q9NP81_RRGFTPMTV|0.021
Q13131|Q9NP81_FTPMTVPDL|0.118
Q13131|Q9NP81_SSTCYRAET|0.0
Q13131|Q9NP81_PRGLYRVHH|0.001
Q13131|Q9NP81_VPLQYIGPN|0.0
Q13131|O43290_AAAGTGGAT|0.019
Q13131|O43290_HKHRSGGSG|0.268
Q13131|O43290_RSGGSGGSG|0.0
Q13131|O43290_GSGGSGGER|0.0
Q13131|O43290_GRERSQAEP|0.457
Q13131|O43290_QAEPSERRV|0.0
Q13131|O43290_RDDGYEAAA|0.0
Q13131|O43290_AAASSKTSS|0.001
Q13131|O43290_SSKTSSGDA|0.0
Q13131|O43290_SKTSSGDAS|0.001
Q13131|O43290_ASSLSIEET|0.0
Q13131|O43290_GKIKTLGED|0.0
Q13131|O43290_WLDDTAAWI|0.0
Q13131|O43290_RQDLYSARD|0.0
Q13131|O43290_QDLYSARDL|0.001
Q13131|O43290_LQGLTVEHA|0.0
Q13131|O43290_HAIDSFREG|0.0
Q13131|O43290_REGETMILT|0.0
Q13131|O43290_TMILTLKDK|0.0
Q13131|O43290_DYLPYAEDE|0.0
Q13131|O43290_QKPRSILSK|0.502
Q13131|O43290_RSILSKYDE|0.0
Q13131|O43290_PRLASEYLT|0.0
Q13131|O43290_LASEYLTPE|0.0
Q13131|O43290_GDFGSRLRG|0.032
Q13131|O43290_DFSASSTTI|0.0
Q13131|O43290_APNKSLPSA|0.0
Q13131|O43290_PSAVYCIED|0.0
Q13131|O43290_IDDKYSRRE|0.0
Q13131|O43290_DDKYSRREE|0.0
Q13131|O43290_VKIEYVDET|0.0
Q13131|O43290_GRKLTPKEA|0.0
Q13131|O43290_FRQLSHRFH|0.506
Q13131|O43290_LKKMSSSDT|0.003
Q13131|O43290_KMSSSDTPL|0.0
Q13131|O43290_TPLGTVALL|0.0
Q13131|O43290_KAQKTPYIV|0.0
Q13131|O43290_QKTPYIVLS|0.193
Q13131|Q9UL01_MRNGSGNWL|0.008
Q13131|Q9UL01_LYKMYWMDD|0.011
Q13131|Q9UL01_WMDDTGYSE|0.0
Q13131|Q9UL01_DDTGYSEKA|0.001
Q13131|Q9UL01_DTGYSEKAT|0.0
Q13131|Q9UL01_YPRGYPYNG|0.015
Q13131|Q9UL01_RGYPYNGTN|0.488
Q13131|Q9UL01_NGTNYVNVT|0.483
Q13131|Q9UL01_YVNVTMHLR|0.517
Q13131|Q9UL01_QRCLYAVLL|0.042
Q13131|Q15020_AAATYKTMG|0.0
Q13131|Q15020_RALSSVGLH|0.015
Q13131|Q15020_LWIRYSQYL|0.0
Q13131|Q15020_WIRYSQYLD|0.224
Q13131|Q15020_RYSQYLDRQ|0.0
Q13131|Q15020_CTSDYPEHV|0.0
Q13131|Q15020_RPIFSNRGD|0.685
Q13131|Q15020_PMFVSPCVD|0.048
Q13131|Q15020_LRLVTNRAG|0.559
Q13131|Q15020_EKPETRKAP|0.0
Q13131|Q15020_GKGRTQLSL|0.834
Q13131|Q15020_LQRPSAAAP|0.0
Q13131|Q9NQZ2_RKKLYYDTD|0.0
Q13131|Q9NQZ2_KKLYYDTDY|0.0
Q13131|Q9NQZ2_LYYDTDYGS|0.0
Q13131|Q9NQZ2_TDYGSKSRG|0.262
Q13131|Q9NQZ2_KEENSTEEQ|0.0
Q13131|Q6UVJ0_LQQCTQEHA|0.0
Q13131|Q6UVJ0_TERKYKGDS|0.003
Q13131|Q6UVJ0_YKGDSTIRE|0.0
Q13131|Q6UVJ0_KGDSTIREL|0.127
Q13131|Q6UVJ0_RRENSTLDV|0.0
Q13131|Q6UVJ0_RENSTLDVE|0.001
Q13131|Q6UVJ0_PPAHSSSNT|0.0
Q13131|Q6UVJ0_KREDSIPLR|0.0
Q13131|O94885_QYADYYNTC|0.0
Q13131|O94885_ASPTSLQLR|0.517
Q13131|O94885_QIEESLGFC|0.0
Q13131|O94885_LGFCSAVST|0.0
Q13131|O94885_SAVSTPEVE|0.0
Q13131|O94885_PLHKSNSED|0.776
Q13131|O94885_HKSNSEDSS|0.952
Q13131|O94885_IMRQTSKGE|0.004
Q13131|O94885_MRQTSKGED|0.0
Q13131|O94885_KLVNSTRRV|0.464
Q13131|O94885_MKKPSTEGG|0.734
Q13131|O94885_KKPSTEGGE|0.901
Q13131|O94885_VFENSPVLD|0.374
Q13131|O94885_RSALYSGVH|0.614
Q13131|O94885_FFDGSPEKP|0.031
Q13131|O94885_PEDDSDSLT|0.006
Q13131|O94885_SDSLTTSPS|0.134
Q13131|O94885_TTSPSSSSL|0.0
Q13131|O94885_KLVKTFSKG|0.584
Q13131|O94885_VKTFSKGES|0.0
Q13131|O94885_GTFFSYPEE|0.634
Q13131|O94885_KVSRSLTEG|0.695
Q13131|O94885_SRSLTEGEM|0.491
Q13131|O94885_KGLGSLSHG|0.456
Q13131|O94885_SHGRTCSFG|0.778
Q13131|O94885_LTNRSLHVG|0.506
Q13131|O94885_EVIKSPTAS|0.023
Q13131|O94885_ASRISLGKK|0.48
Q13131|O94885_GMPGSPPPS|0.0
Q13131|O94885_KAGGSVESL|0.935
Q13131|O94885_GSVESLRSS|0.752
Q13131|O94885_ESVKSEDGD|0.645
Q13131|O94885_EEPPYRGPF|0.0
Q13131|O94885_DFTPSPYDT|0.0
Q13131|O94885_TPSPYDTDS|0.0
Q13131|O94885_SPYDTDSLK|0.0
Q13131|O94885_YDTDSLKLK|0.352
Q13131|O94885_FKFIYVDVL|0.0
Q13131|O94885_LLQEYDSNS|0.0
Q13131|O94885_QEYDSNSDQ|0.001
Q13131|O94885_YDSNSDQSG|0.001
Q13131|O94885_LLVDSQGLS|0.669
Q13131|O94885_SQGLSGCSP|0.166
Q13131|O94885_SPRDSGCYE|0.599
Q13131|O94885_DSGCYESSE|0.0
Q13131|O94885_GCYESSENL|0.631
Q13131|O94885_TRKASLLSA|0.967
Q13131|O94885_QLGNYPTLP|0.0
Q13131|O94885_SLPVSICRS|0.929
Q13131|O94885_SICRSCETL|0.933
Q13131|O94885_SKRFSEPQK|0.499
Q13131|O94885_GRGLSPPQC|0.33
Q13131|O94885_LPRNYDAQP|0.001
Q13131|O94885_PAKKSRERL|0.057
Q13131|O94885_GALPSPDAP|0.0
Q13131|O94885_VKRGSPASP|0.452
Q13131|O94885_GSPASPTSP|0.14
Q13131|O94885_ASPTSPSDC|0.015
Q13131|O94885_QAPGSPPST|0.003
Q13131|O94885_TRKVSCARG|0.187
Q13131|O94885_RKLLSAARL|0.709
Q13131|P21673_ELAKYEYME|0.0
Q13131|P21673_GFAMYYFTY|0.0
Q13131|P21673_FAMYYFTYD|0.0
Q13131|P21673_GKLLYLEDF|0.001
Q13131|Q96F10_GRTIYLEDI|0.0
Q13131|Q96F10_VMPEYRGQG|0.45
Q13131|Q96F10_QGIGSKIIK|0.0
Q13131|Q01826_EQNGSPLGR|0.536
Q13131|Q01826_GRLGSTGAK|0.011
Q13131|Q01826_RLGSTGAKM|0.0
Q13131|Q01826_PSVRTPLPN|0.0
Q13131|Q01826_GLVSTPISP|0.338
Q13131|Q01826_STPISPQLV|0.0
Q13131|Q01826_LNQQYAVNR|0.393
Q13131|Q01826_LAQQSLNQQ|0.004
Q13131|Q01826_LNQQYLNHP|0.0
Q13131|Q01826_EQQVSTNTE|0.0
Q13131|Q01826_PLISTPPSR|0.338
Q13131|Q01826_STPPSRPPQ|0.0
Q13131|Q01826_RAKVSQALF|0.025
Q13131|Q01826_AATKSQGWL|0.25
Q13131|Q01826_RRFLSLPQP|0.0
Q13131|Q01826_PRQPTVASP|0.032
Q13131|Q01826_PTVASPAES|0.0
Q13131|Q01826_SPAESDEEN|0.075
Q13131|Q01826_TRPRTKISV|0.0
Q13131|Q01826_RTKISVEAL|0.4
Q13131|Q9UPW6_MERRSESPC|0.012
Q13131|Q9UPW6_RRSESPCLR|0.006
Q13131|Q9UPW6_CLRDSPDRR|0.0
Q13131|Q9UPW6_PDRRSGSPD|0.616
Q13131|Q9UPW6_QPIMSPGLL|0.495
Q13131|Q9UPW6_SPQLSPQLV|0.39
Q13131|Q9UPW6_SSASSSPSS|0.0
Q13131|Q9UPW6_RDVIYEEES|0.006
Q13131|Q9UPW6_HRQQSQPAK|0.364
Q13131|Q9UPW6_PAKESSPPR|0.175
Q13131|Q9UPW6_EHLGSAVDV|0.929
Q13131|Q86VE3_KQPGTWQLG|0.0
Q13131|Q86VE3_QSGISQPVM|0.0
Q13131|Q86VE3_GSQPSMRQV|0.0
Q13131|Q9H4B6_LPDSSPNAF|0.062
Q13131|Q9H4B6_SRNQSFLRT|0.553
Q13131|Q9H4B6_SFLRTPIQR|0.804
Q13131|Q9H4B6_LSAPSYLAR|0.498
Q13131|Q9H4B6_YLARSLADV|0.405
Q13131|Q9H4B6_SRYYYSDNF|0.392
Q13131|Q9H4B6_RYYYSDNFF|0.851
Q13131|Q9H4B6_EDYRYYEYN|0.004
Q13131|Q9H4B6_PPGWSVDWT|0.0
Q13131|Q9H4B6_SVPRYDQPP|0.0
Q13131|Q9H4B6_MYEAYRQAL|0.0
Q13131|Q9NPB0_QGAQTPGEK|0.0
Q13131|Q9Y3A5_MSIFTPTNQ|0.146
Q13131|Q9Y3A5_QIRLTNVAV|0.0
Q13131|Q9Y3A5_SAFGTDDQT|0.541
Q13131|Q9Y3A5_KRPYTVILI|0.71
Q13131|Q9Y3A5_KGKGSLEVL|0.694
Q13131|Q52WX2_TLAASDVTK|0.0
Q13131|Q52WX2_ASDVTKHYE|0.0
Q13131|Q52WX2_VTKHYELVR|0.0
Q13131|P0C264_ELTTSRVTP|0.001
Q13131|A3KN83_MKMRSFSPT|0.611
Q13131|A3KN83_RMKKSMWGQ|0.416
Q13131|A3KN83_GQFWSAHQR|0.005
Q13131|A3KN83_GIDLTAPSN|0.239
Q13131|A3KN83_LTAPSNNSS|0.54
Q13131|A3KN83_PSNNSSPRD|0.507
Q13131|A3KN83_SNNSSPRDS|0.354
Q13131|A3KN83_GEEITREAK|0.382
Q13131|A3KN83_FLDESNEDD|0.0
Q13131|A3KN83_IDPDSIQSA|0.022
Q13131|A3KN83_DSIQSALLA|0.006
Q13131|A3KN83_ALLASGLGS|0.373
Q13131|A3KN83_SGLGSKRPS|0.29
Q13131|A3KN83_RPSFSSTPV|0.013
Q13131|A3KN83_PSFSSTPVI|0.019
Q13131|A3KN83_SFSSTPVIS|0.008
Q13131|A3KN83_TPVISPAPN|0.043
Q13131|A3KN83_PAPNSTPAN|0.0
Q13131|A3KN83_APNSTPANS|0.0
Q13131|A3KN83_NDDGSISYE|0.443
Q13131|A3KN83_IAIISEAAS|0.01
Q13131|A3KN83_KRLESLGAL|0.272
Q13131|A3KN83_SPMVSPPPD|0.006
Q13131|A3KN83_KNGRYDMGI|0.245
Q13131|A3KN83_KKFLTPGYS|0.141
Q13131|A3KN83_GSVLSVWTK|0.19
Q13131|A3KN83_GVLASVSGT|0.08
Q13131|A3KN83_LASVSGTNV|0.486
Q13131|A3KN83_SVSGTNVKM|0.383
Q13131|Q9Y2G9_GKGRTVAGV|0.559
Q13131|Q9Y2G9_VSGMYIARQ|0.687
Q13131|Q9Y2G9_GLQSTGEAR|0.0
Q13131|Q9Y2G9_HFPSTKRKR|0.027
Q13131|Q9Y2G9_LPVNTLDEL|0.916
Q13131|Q9Y2G9_KRLESLGAL|0.64
Q13131|Q9Y2G9_LTGPYDGFY|0.49
Q13131|Q9Y2G9_YDGFYLSYK|0.403
Q13131|Q9Y2G9_FYLSYKVRG|0.401
Q13131|Q9Y2G9_LRHHYMLCG|0.009
Q13131|Q9Y2G9_VSSSSYLQI|0.608
Q13131|Q9Y2G9_VRLKTKDRK|0.504
Q13131|Q9Y2G9_VIQFSPPFP|0.495
Q13131|Q6UWP8_NQAGSEAGK|0.0
Q13131|Q8IVN8_LCALSRLWP|0.0
Q13131|Q8IVN8_WSTHTEDAG|0.0
Q13131|Q8IVN8_EDAGYCMEF|0.0
Q13131|Q15800_TDSQYNAYN|0.607
Q13131|Q92791_AGAQYEKYS|0.0
Q13131|Q92791_QYEKYSFRG|0.0
Q13131|Q92791_LTAKYLNYY|0.0
Q13131|Q92791_ALSEYLAVF|0.0
Q13131|Q8N9R8_RLTGTVEKP|0.189
Q13131|Q8N9R8_KKLRYYARF|0.086
Q13131|Q8N9R8_PGDLYPFTR|0.0
Q13131|Q8N9R8-2_KRRSSIRGS|0.0
Q13131|O15126____MSDFDS|0.531
Q13131|O15126_YNPFSDSRT|0.0
Q13131|O15126_NVPNTQPAI|0.0
Q13131|O15126_IMKPTEEHP|0.0
Q13131|O15126_HPAYTQIAK|0.0
Q13131|O15126_MQNLSQHGR|0.285
Q13131|O15127_ELQNTVANL|0.0
Q13131|O15127_QEEFSQGIF|0.0
Q13131|O15127_QGIFSSRTF|0.0
Q13131|O14828_FAEPSELDN|0.0
Q13131|O14828_NPFETREPP|0.0
Q13131|O14828_YGSYSTQAS|0.0
Q13131|O14828_STQASAAAA|0.005
Q13131|O14828_KRIHSLYRR|0.0
Q13131|O14828_IHSLYRRTG|0.652
Q13131|O14828_AGVFSNPAV|0.505
Q13131|O14828-2_PPPAYEPPA|0.0
Q13131|Q969E2_REAQYNNFS|0.0
Q13131|Q969E2_FSGNSLPEY|0.0
Q13131|Q969E2_TVPSYPGSG|0.0
Q13131|Q8TAC9_FIALSMVHK|0.0
Q13131|Q8TAC9_ATPNYTYSN|0.0
Q13131|Q8TAC9_TPNYTYSNE|0.0
Q13131|P57086_AATGSPAAV|0.0
Q13131|P57086_LPEASPPAP|0.0
Q13131|P57086_PEPSSPNAA|0.0
Q13131|P57086_EAIPTPRAA|0.0
Q13131|P57086_RQFRYQDAA|0.005
Q13131|P57086_IRRRTDVRI|0.0
Q13131|P57086_DVRITG___|0.0
Q13131|Q9GZW5_ERVMYVMLI|0.0
Q13131|Q12770_TLQTSATLK|0.013
Q13131|Q12770_VFQHYHAKF|0.0
Q13131|Q12770_SPNCSLRAE|0.0
Q13131|Q12770_EAQESWERL|0.894
Q13131|Q12770_DSPGYDFSC|0.0
Q13131|Q12770_GPVLSQAPE|0.38
Q13131|Q12770_DEGGSPEKG|0.21
Q13131|Q12770_HTALSPLQF|0.176
Q13131|Q12770_SSPASPVYS|0.0
Q13131|Q6ZMJ2_FDGRSLSKL|0.309
Q13131|Q6ZMJ2_GRSLSKLNL|0.361
Q13131|Q8WTV0_ERGPYVYRE|0.0
Q13131|Q8WTV0_FMNRTVGEI|0.148
Q13131|Q8WTV0-2_IHPVTGIPM|0.0
Q13131|Q8WTV0-2_PMNCSVKLQ|0.0
Q13131|Q8WTV0-2_HYAQYVLLA|0.0
Q13131|Q8WTV0-2_LFWSSSKKG|0.0
Q13131|Q8WTV0-2_APKGSVLQE|0.0
Q13131|Q8WTV0-5_DRPPSPYTP|0.0
Q13131|Q14108_EVGPYTYRE|0.015
Q13131|Q14108_VGPYTYREL|0.0
Q13131|Q14108_INPLTGIIL|0.0
Q13131|Q14108_KGQGSMDEG|0.0
Q13131|Q14108_MDEGTADER|0.0
Q13131|Q14108_PLIRT____|0.87
Q13131|Q29RF7_DKITTDEMI|0.0
Q13131|Q29RF7_MDQDSEDEK|0.0
Q13131|Q29RF7_IFRIYAPEA|0.0
Q13131|Q29RF7_PEAPYTSHD|0.0
Q13131|Q29RF7_EAPYTSHDK|0.0
Q13131|Q29RF7_APYTSHDKL|0.029
Q13131|Q29RF7_DLTEYLKVR|0.318
Q13131|Q29RF7_LAQLYKKYC|0.0
Q13131|Q29RF7_FEPLSRSLN|0.0
Q13131|Q29RF7_DQFASPMKS|0.0
Q13131|Q29RF7_GKLWSPDEE|0.0
Q13131|Q29RF7_EGDLTEQKR|0.0
Q13131|Q29RF7_RISKSDMSR|0.0
Q13131|Q29RF7_LAAGSAIMK|0.0
Q13131|Q29RF7_LPLEYMAIF|0.0
Q13131|Q29RF7_LKNISIRRE|0.0
Q13131|Q29RF7_IRREYIKQN|0.504
Q13131|Q29RF7_RDAQSPDES|0.0
Q13131|Q29RF7_NKPLSATGR|0.607
Q13131|Q29RF7_PLSATGRKP|0.001
Q13131|Q29RF7_RSTGTETGS|0.0
Q13131|Q29RF7_TGNRSREQS|0.418
Q13131|Q29RF7_SREQSSEAA|0.021
Q13131|Q29RF7_REQSSEAAE|0.546
Q13131|Q29RF7_EAAETGVSE|0.112
Q13131|Q29RF7_KEINSDQAT|0.632
Q13131|Q29RF7_SDQATQGNI|0.561
Q13131|Q29RF7_GNISSDRGK|0.44
Q13131|Q8NBX0_FGDQSNLRK|0.714
Q13131|Q8NBX0_IKICTQVKG|0.009
Q13131|Q8NBX0_GGVFTPGAA|0.0
Q13131|Q8NBX0_FSVISSSEV|0.0
Q13131|Q8NBX0_SVISSSEV_|0.488
Q13131|O00767_YDPTYKDKE|0.033
Q13131|O00767_IILMSLLHL|0.165
Q13131|O00767_LYGITLIPT|0.486
Q13131|O00767_TLIPTCKFY|0.43
Q13131|O95171_LRKMSPTGN|0.941
Q13131|O95171_KMSPTGNEM|0.0
Q13131|O95171_NEMKSTTQG|0.539
Q13131|O95171_KDENYGRVV|0.507
Q13131|O95171_NRHNSHDAL|0.982
Q13131|O95171_TISRYSSDD|0.423
Q13131|O95171_ISRYSSDDT|0.0
Q13131|O95171_SRYSSDDTL|0.959
Q13131|O95171_SSDDTLDRI|0.132
Q13131|O95171_AAKTYKANT|0.001
Q13131|O95171_YKANTLDNQ|0.726
Q13131|O95171_SMFRSLEVT|0.0
Q13131|O95171_PPKPSSPVS|0.0
Q13131|O95171_PKPSSPVSS|0.449
Q13131|O95171_SSPVSSPNQ|0.004
Q13131|O95171_SPVSSPNQL|0.51
Q13131|O95171_KPGVYTETN|0.0
Q13131|O95171_PGVYTETNR|0.083
Q13131|O95171_VYTETNRSA|0.0
Q13131|O95171_KMNKSLNRN|0.037
Q13131|O95171_KRAKSLESL|0.95
Q13131|O95171_ESLIYMSTR|0.174
Q13131|O95171_LIYMSTRTD|0.658
Q13131|O95171_IYMSTRTDK|0.001
Q13131|O95171_MSTRTDKDG|0.0
Q13131|O95171_KGIQSLGSP|0.708
Q13131|O95171_QSLGSPIKV|0.302
Q13131|O95171_QNLESVAKV|0.841
Q13131|O95171_RMNKTSRRS|0.427
Q13131|O95171_MNKTSRRSE|0.848
Q13131|O95171_TSRRSEDLD|0.956
Q13131|O95171_TRGQSLDNL|0.907
Q13131|O95171_LIKVTPEVK|0.17
Q13131|O95171_QSLDSLIKV|0.0
Q13131|O95171_LIKVTPERN|0.151
Q13131|O95171_HINVSPKAV|0.065
Q13131|O95171_RNNQSQDLD|0.814
Q13131|O95171_NSHVSENKN|0.002
Q13131|O95171_NKNGSSNTG|0.0
Q13131|O95171_GSSNTGAKQ|0.001
Q13131|O95171_DTVVYTRTY|0.817
Q13131|O95171_ENSKSPKDG|0.0
Q13131|O95171_PKDGYQENI|0.0
Q13131|O95171_ISGKYIQTV|0.0
Q13131|O95171_IQTVYSTSD|0.481
Q13131|O95171_DMCTYCRKP|0.645
Q13131|O95171_QAGDSIWIY|0.0
Q13131|O95171_SIWIYRQTI|0.491
Q13131|P21583_KRQPSLTRA|0.192
Q13131|P21583_DNEISMLQE|0.115
Q13131|Q8WVM8_QLYESYYLN|0.0
Q13131|Q8WVM8_LYESYYLNF|0.002
Q13131|Q8WVM8_YESYYLNFI|0.0
Q13131|Q8WVM8_KRLKSIMGL|0.703
Q13131|Q8WVM8_EGAISMLSD|0.722
Q13131|Q8WVM8_ISMLSDNTA|0.571
Q13131|Q8WVM8_LSDNTAKLT|0.0
Q13131|Q8WVM8_TAKLTSAVS|0.0
Q13131|Q8WVM8_TSAVSSLPE|0.0
Q13131|Q8WVM8_SAVSSLPEL|0.601
Q13131|Q8WVM8_LDIISDPDA|0.0
Q13131|Q8WVM8_APASYGSTT|0.131
Q13131|Q8WVM8_IKQLSQLGQ|0.0
Q13131|Q8WU76_CLSQSSDTT|0.0
Q13131|Q8WU76_LSQSSDTTA|0.0
Q13131|Q8WU76_QSSDTTAKA|0.0
Q13131|Q8WU76_SSDTTAKAL|0.0
Q13131|Q8WU76_DLVASLKPG|0.0
Q13131|Q8WU76_LKPGTQVIV|0.0
Q13131|P13521_PERDSLSEE|0.849
Q13131|P13521_RDSLSEEDW|0.0
Q13131|P13521_EVRDSKENI|0.797
Q13131|P13521_EMKRSGQLG|0.915
Q13131|P13521_SQSIYQLIE|0.0
Q13131|P13521_KPNGSVEPE|0.0
Q13131|P13521_PDGLSVEDI|0.568
Q13131|P13521_QKTSYFPNP|0.0
Q13131|P13521_FPNPYNQEK|0.0
Q13131|P13521_PRLPYGAGR|0.003
Q13131|P13521_RQMAYENLN|0.0
Q13131|P13521_ELGEYLARM|0.05
Q13131|P13521_EIINSNQVK|0.888
Q13131|P13521_PGQGSSEDD|0.028
Q13131|P13521_GQGSSEDDL|0.571
Q13131|P13521_NQGSSQETD|0.604
Q13131|P13521_KVLEYLNQE|0.007
Q13131|Q8WXD2_EANNYEEDP|0.0
Q13131|Q8WXD2_ETLITIMKT|0.0
Q13131|Q8WXD2_YGTISPEEG|0.0
Q13131|Q8WXD2_PSEKSHEET|0.0
Q13131|Q8WXD2_SLKDSTKDD|0.0
Q13131|Q8TD33_TLGKYNVNE|0.0
Q13131|Q8TD33_KAAMTELKS|0.0
Q13131|Q8TD33_TELKSCIDG|0.0
Q13131|O95968_DTMAYEKRV|0.0
Q13131|O75556_QSHRTLKNF|0.138
Q13131|Q13296_NPQVSKTEY|0.0
Q13131|Q96PL1_LLLKTLGIS|0.28
Q13131|Q96PL1_TLGISVEHL|0.024
Q13131|Q96PL1_GPEASEAVK|0.0
Q13131|O76038_KKAISEAKL|0.0
Q13131|O76038_KLEEYTGTM|0.571
Q13131|O76038_LEEYTGTMM|0.0
Q13131|O76038_EYTGTMMKI|0.0
Q13131|O76038_KIFAYYDVS|0.0
Q13131|O76038_IFAYYDVSK|0.295
Q13131|P0DPB3_ASSQSNSTK|0.0
Q13131|P0DPB3_STKVTPCSE|0.0
Q13131|P0DPB3_SPGGSLDLV|0.0
Q13131|P0DPB3_DQRGYRDDR|0.0
Q13131|P0DPB3_PGDVSARTR|0.0
Q13131|P0DPB3_VSARTRSGG|0.0
Q13131|P0DPB3_ARTRSGGGG|0.0
Q13131|P0DPB3_NERESIRQK|0.0
Q13131|P0DPB3_GPGIYTSCS|0.0
Q13131|P0DPB3_PGIYTSCSK|0.0
Q13131|P0DPB3_DTPLSPMSK|0.001
Q13131|P0DPB3_SKQSSSYSD|0.0
Q13131|P0DPB3_SDRDTTEEE|0.0
Q13131|P0DPB3_DRDTTEEES|0.0
Q13131|P0DPB3_NRKKSPVAD|0.0
Q13131|P0DPB3_DELHTEQDA|0.0
Q13131|P0DPB3-4_QDNCSYQAQ|0.0
Q13131|Q9Y6U3_MAKLYMVSD|0.004
Q13131|Q9Y6U3_LYMVSDASG|0.548
Q13131|Q9Y6U3_AAMKTAEEF|0.0
Q13131|Q9Y6U3_YSKNTQIQV|0.003
Q13131|Q9Y6U3_EGGETPIFK|0.0
Q13131|Q9Y6U3_FGKVYVTEK|0.0
Q13131|Q9Y6U3_KLHSSPQMA|0.0
Q13131|Q9Y6U3-2_RNLASITRI|0.0
Q13131|Q96NL6_KDVVSAHGR|0.004
Q13131|Q96NL6_RARNSMQLL|0.009
Q13131|Q96NL6_EVANTKKQC|0.0
Q13131|Q96NL6_ISRLTEELS|0.0
Q13131|Q96NL6_EMEDSNRNS|0.001
Q13131|Q96NL6_SNRNSIVEL|0.0
Q13131|Q96I15_ERKVYMDYN|0.509
Q13131|Q96I15_VYMDYNATT|0.0
Q13131|Q96I15_GNPSSPYSA|0.0
Q13131|Q96I15_AARESLAKM|0.0
Q13131|Q96I15_FTPLYPMLF|0.0
Q13131|Q96GD3_DPRNTTSTC|0.0
Q13131|Q96GD3_PRNTTSTCI|0.002
Q13131|Q96GD3_RNTTSTCIA|0.143
Q13131|Q96GD3_NTTSTCIAT|0.0
Q13131|Q96GD3_TCIATVVGL|0.0
Q13131|Q96GD3_VVGLTGARL|0.66
Q13131|Q96GD3_RLDGSDNKN|0.345
Q13131|Q96GD3_ISAPSKTAE|0.001
Q13131|Q96GD3_RSPGSDRYL|0.354
Q13131|Q9UN30_TRIPTYDED|0.0
Q13131|Q9UN30_RIPTYDEDD|0.0
Q13131|Q9UN30_SYSPTLPVS|0.0
Q13131|Q9UN30_TLPVSRREN|0.0
Q13131|Q9UN30_RENNSPSNL|0.0
Q13131|Q9UN30_NNSPSNLPR|0.0
Q13131|Q9UN30_PRADSIHNT|0.0
Q13131|Q9UQR0_VNEDSMDVK|0.349
Q13131|Q9UQR0_NQEKTPQSS|0.154
Q13131|Q9UQR0_ASQHSMQSP|0.0
Q13131|Q9UQR0_VICSTSAAS|0.0
Q13131|Q9UQR0_ERQSTKRSP|0.0
Q13131|Q9UQR0_KTKEYASEG|0.0
Q13131|Q9UQR0_MYIHTSVSQ|0.0
Q13131|Q9UQR0_YIHTSVSQD|0.25
Q13131|Q9UQR0_FLLKSDVMM|0.152
Q13131|Q8N228_PLALSPPRS|0.0
Q13131|Q8N228_GEMVSVSAS|0.0
Q13131|Q8N228_MVSVSASFD|0.0
Q13131|Q8N228_TTEEYLVNP|0.0
Q13131|Q8N228_KRQNSGDSH|0.275
Q13131|Q8N228_GPAATAGGP|0.34
Q13131|Q9Y5Y9_STHRTFMVL|0.719
Q13131|Q9Y5Y9_NKGRTISRF|0.725
Q13131|Q9Y5Y9_ISRFSATRA|0.0
Q13131|Q9Y5Y9_QRRMSFLGL|0.848
Q13131|Q9Y5Y9_FDPYYYFQK|0.0
Q13131|Q9Y5Y9_DPYYYFQKK|0.001
Q13131|Q9Y5Y9_QALCSFFSR|0.581
Q13131|Q9Y5Y9_CSFFSRSCP|0.044
Q13131|Q9Y5Y9_ALLEYTDRV|0.482
Q13131|Q9Y5Y9_KWVAYGFKK|0.0
Q13131|Q9Y5Y9_MMVETDDQS|0.0
Q13131|Q9Y5Y9_LSKSSYEPI|0.0
Q13131|Q9Y5Y9_SKSSYEPIA|0.011
Q13131|Q9Y5Y9_IQKAYRSYV|0.0
Q13131|Q9Y5Y9_YESVTRGLS|0.185
Q13131|Q9Y5Y9_TRGLSDRVN|0.002
Q13131|Q9UI33_EQEKSQEPC|0.0
Q13131|Q9UI33_MKRGSETQE|0.001
Q13131|Q9UI33_RGSETQEEL|0.0
Q13131|Q9UI33_KKPTSQRVQ|0.0
Q13131|Q9UI33_IDMFSEDEP|0.0
Q13131|Q9UI33_RKTCYQIVK|0.0
Q13131|Q9UI33_VVIFTLECL|0.0
Q13131|Q9UI33_LKKLYEPIV|0.189
Q13131|Q9UI33_IVTTTKRKE|0.0
Q13131|P35498_AGRLSDSSS|0.0
Q13131|P35498_RLSDSSSEA|0.001
Q13131|P35498_LSDSSSEAS|0.0
Q13131|P35498_ASKLSSKSA|0.0
Q13131|P35498_SKLSSKSAK|0.0
Q13131|P35498_TSLFSFRGR|0.0
Q13131|P35498_KDVGSENDF|0.0
Q13131|P35498_NKKDSCMSN|0.0
Q13131|P35498_DSCMSNHTA|0.0
Q13131|P35498_MSNHTAEIG|0.0
Q13131|P35498_VMFIYAIFG|0.0
Q13131|P35498_SNFAYVKRE|0.0
Q13131|P35498_QPITTTLKR|0.0
Q13131|P35498_IQRAYRRHL|0.111
Q13131|P35498_VKQASFTYN|0.0
Q13131|P35498_YDRVTKPIV|0.0
Q13131|P35498-3_GKMHSTVDC|0.0
Q13131|P35498-3_KMHSTVDCN|0.0
Q13131|P35498-3_NGVVSLGTT|0.0
Q13131|Q07699_NASEYLAIT|0.011
Q13131|Q99250_SSVASKLSS|0.0
Q13131|Q99250_LSSKSEKEL|0.0
Q13131|Q99250_QKEQSGEEE|0.0
Q13131|Q99250_GFRFSLEGS|0.0
Q13131|Q99250_GSRLTYEKR|0.055
Q13131|Q99250_KRFSSPHQS|0.501
Q13131|Q99250_SRRDSLFVP|0.001
Q13131|Q99250_LPEGTTTET|0.0
Q13131|Q99250_SYHVSMDLL|0.0
Q13131|Q99250_LEDPTSRQR|0.0
Q13131|Q99250_EDPTSRQRA|0.0
Q13131|Q99250_VMFIYAIFG|0.0
Q13131|Q99250_SNFAYVKRE|0.0
Q13131|Q99250_ASNPSKVSY|0.0
Q13131|Q99250_SKVSYEPIT|0.0
Q13131|Q99250_YEPITTTLK|0.0
Q13131|Q99250_EPITTTLKR|0.0
Q13131|Q99250_PITTTLKRK|0.578
Q13131|Q99250_AYRRYLLKQ|0.0
Q13131|Q99250_PSTTSPPSY|0.0
Q13131|Q99250_TSPPSYDSV|0.0
Q13131|O60939_PERDSTVAV|0.393
Q13131|O60939_ERDSTVAVI|0.0
Q13131|O60939_IVGASVGGF|0.0
Q13131|O60939_EEGKTDGEG|0.467
Q13131|Q9NY46_VAAASAASR|0.0
Q13131|Q9NY46_SRDFSGIGG|0.0
Q13131|Q9NY46_ELLESSSEA|0.004
Q13131|Q9NY46_LLESSSEAS|0.0
Q13131|Q9NY46_SSEASKLSS|0.0
Q13131|Q9NY46_SKLSSKSAK|0.0
Q13131|Q9NY46_SVKRSSFLF|0.0
Q13131|Q9NY46_VKRSSFLFS|0.0
Q13131|Q9NY46_KKFCSPHQS|0.0
Q13131|Q9NY46_GSLFSPRRN|0.0
Q13131|Q9NY46_PRRNSKTSI|0.258
Q13131|Q9NY46_NSKTSIFSF|0.0
Q13131|Q9NY46_SRRDSLFVP|0.0
Q13131|Q9NY46_QRAVSIASI|0.0
Q13131|Q9NY46_ILTNTMEEL|0.001
Q13131|Q9NY46_ELGLSNVEG|0.0
Q13131|Q9NY46_VEGLSVLRS|0.098
Q13131|Q9NY46_SVLRSFRLL|0.0
Q13131|Q9NY46_EQAETEPEE|0.0
Q13131|Q9NY46_TLVLSRINL|0.001
Q13131|Q9NY46_IVLFTGEFV|0.0
Q13131|Q9NY46_MIEKYFVSP|0.0
Q13131|Q9NY46_KYFVSPTLF|0.0
Q13131|Q9NY46_VMFIYAIFG|0.0
Q13131|Q9NY46_SNFAYVKKE|0.0
Q13131|Q9NY46_ASNPSKVSY|0.0
Q13131|Q9NY46_SKVSYEPIT|0.0
Q13131|Q9NY46_YEPITTTLK|0.0
Q13131|Q9NY46_EPITTTLKR|0.0
Q13131|Q9NY46_PITTTLKRK|0.278
Q13131|Q9NY46_ISSNYNKEA|0.0
Q13131|Q9NY46_SPPSYDSVT|0.0
Q13131|Q9NY46-2_TTTETEVRK|0.0
Q13131|P35499_VDDFTFLRD|0.496
Q13131|P35499_LKTITVIPG|0.093
Q13131|P35499_QNEATLAED|0.0
Q13131|P35499_AANPSKVSY|0.0
Q13131|P35499_SKVSYEPIT|0.0
Q13131|P35499_YEPITTTLK|0.0
Q13131|P35499_EPITTTLKR|0.0
Q13131|P35499_PITTTLKRK|0.425
Q13131|P35499_LLQRSMKQA|0.002
Q13131|Q8IWT1_HFRWTYNSS|0.0
Q13131|Q8IWT1_FRWTYNSSD|0.0
Q13131|Q8IWT1_WTYNSSDAF|0.0
Q13131|Q8IWT1_TYNSSDAFK|0.0
Q13131|Q14524_LKTISVISG|0.0
Q13131|Q14524_TVSRSSLEM|0.0
Q13131|Q14524_HERRSKRRK|0.524
Q13131|Q14524_MSSGTEECG|0.0
Q13131|Q14524_LSRTSMKPR|0.293
Q13131|Q14524_GSIFTFRRR|0.0
Q13131|Q14524_VSVLTSALE|0.0
Q13131|Q14524_SVLTSALEE|0.202
Q13131|Q14524_LAQRYLIWE|0.0
Q13131|Q14524_PDSRTWSQV|0.0
Q13131|Q14524_SATASSEAE|0.0
Q13131|Q14524_ATASSEAEA|0.0
Q13131|Q14524_PITTTLRRK|0.0
Q13131|Q14524_TRATSDNLQ|0.894
Q13131|Q01118_YIRETENFY|0.0
Q13131|Q01118_FYMASLFLG|0.0
Q13131|Q01118_LAMAYEEEK|0.004
Q13131|Q01118_LLLFTFIFF|0.0
Q13131|Q01118_VPKDTMDHV|0.0
Q13131|Q01118_IPSPSVSET|0.0
Q13131|Q01118_CRRGSSLGQ|0.0
Q13131|Q01118_RRGSSLGQI|0.724
Q13131|Q01118_KWMAYGFKA|0.0
Q13131|Q01118_NKTLSEDDF|0.0
Q13131|Q01118_DPDRTQYID|0.0
Q13131|Q01118_DRTQYIDSS|0.002
Q13131|Q01118_PITTTLKRK|0.04
Q13131|Q01118_NDKNTSDIH|0.0
Q13131|Q01118_DKNTSDIHM|0.198
Q13131|Q9UQD0_PGPDSFKPF|0.0
Q13131|Q9UQD0_FTPESLANI|0.0
Q13131|Q9UQD0_SPRSSSEIS|0.0
Q13131|Q9UQD0_PRSSSEISK|0.0
Q13131|Q9UQD0_SSEISKLSS|0.0
Q13131|Q9UQD0_IMNQSLLSI|0.0
Q13131|Q9UQD0_SLLVSMDQL|0.004
Q13131|Q9UQD0_DQLASYGRK|0.506
Q13131|Q15858_LSPFSPLRR|0.0
Q13131|Q15858_SIRRSRIMG|0.0
Q13131|Q15858_IMGLSESSS|0.0
Q13131|Q15858_EKRLSTPNQ|0.0
Q13131|Q15858_KRLSTPNQS|0.0
Q13131|Q15858_TPNQSPLSI|0.0
Q13131|Q15858_QSPLSIRGS|0.0
Q13131|Q15858_SIRGSLFSA|0.0
Q13131|Q15858_GSLFSARRS|0.0
Q13131|Q15858_QRAMSRASI|0.0
Q13131|Q15858_VWRFSCCQV|0.0
Q13131|Q15858_DKIFTYIFI|0.0
Q13131|Q15858_TIIMYAAVD|0.0
Q13131|Q15858_AAVDSVNVD|0.0
Q13131|Q15858_VMFIYAIFG|0.0
Q13131|Q15858_SNFAYVKKE|0.0
Q13131|Q15858_SANPSKVSY|0.0
Q13131|Q15858_SKVSYEPIT|0.0
Q13131|Q15858_YEPITTTLK|0.0
Q13131|Q15858_EPITTTLKR|0.0
Q13131|Q15858_PITTTLKRK|0.073
Q13131|Q15858_TDATSSTTS|0.0
Q13131|Q15858-3_VDGRSALML|0.003
Q13131|Q9BWG6_LQLFYGKKQ|0.736
Q13131|Q9BWG6_PHYNSCCRR|0.074
Q13131|Q9BWG6_SGKISREPE|0.487
Q13131|Q9BWG6_ALDHYLTLR|0.0
Q13131|Q9BWG6_DHYLTLRSS|0.001
Q13131|O75880_GRPGYCLGT|0.403
Q13131|O75880_DEIDSITTL|0.263
Q13131|O75880_IDSITTLPD|0.779
Q13131|O75880_AIANYVKEF|0.487
Q13131|O75880_LVGLTGTRE|0.44
Q13131|O75880_GLTGTREEV|0.497
Q13131|O75880_RVYYSPGPK|0.443
Q13131|O43819_LLTRSPTAW|0.0
Q13131|O43819_TRSPTAWHR|0.0
Q13131|O43819_WHRLSQLKP|0.486
Q13131|O43819_LHLRSWLLS|0.0
Q13131|O43819_SWLLSRQGP|0.0
Q13131|O43819_GPAETGGQG|0.0
Q13131|O43819_PGLRTRLLI|0.0
Q13131|O43819_RSVLS____|0.0
Q13131|Q9UIL1_MGFFSRRTF|0.0
Q13131|Q9UIL1-4_PRPKSLLPK|0.0
Q13131|Q9UIL1-4_MDDLSARVD|0.0
Q13131|Q8N114_IICFTCSCC|0.0
Q13131|Q8N114_CFTCSCCCL|0.0
Q13131|Q8N114_CCCLYKTCR|0.0
Q13131|Q8N114_SQPPYNPAY|0.0
Q13131|Q8N114_YNPAYMDAP|0.0
Q13131|P22307____MSSSPW|0.0
Q13131|P22307_LINKYGLSA|0.748
Q13131|P22307_KYGLSAHPV|0.847
Q13131|P22307_NHKHSVNNP|0.877
Q13131|P22307_NNPYSQFQD|0.403
Q13131|P22307_QDEYSLDEV|0.721
Q13131|P22307_TDLPSSFEE|0.0
Q13131|P22307_DLPSSFEEK|0.015
Q13131|P22307_PEAASSFRT|0.832
Q13131|P22307_EAASSFRTH|0.002
Q13131|P22307_SSFRTHQIE|0.964
Q13131|P22307_NGKGSVLPN|0.789
Q13131|P22307_MNPQSAFFQ|0.175
Q13131|Q9HB40_EVWDYVTVR|0.0
Q13131|Q9HB40_KALYSDPKS|0.241
Q13131|Q9HB40_SDPKSLETS|0.0
Q13131|Q9HB40_KSLETSAFV|0.0
Q13131|O75711_VLVFTIGLT|0.0
Q13131|Q14160_KRHCSLQAV|0.582
Q13131|Q14160_PEEIYRYSR|0.0
Q13131|Q14160_EIYRYSRSL|0.334
Q13131|Q14160_KLGLSDNEI|0.0
Q13131|Q14160_NLLKSLPAS|0.0
Q13131|Q14160_GQQGSLSET|0.702
Q13131|Q14160_PSRVSVIQF|0.715
Q13131|Q14160_EGRRSEACP|0.0
Q13131|Q14160_EKRLSAESG|0.523
Q13131|Q14160_AEEDYQEPT|0.0
Q13131|Q14160_IRKDTPHYK|0.004
Q13131|Q14160_DTPHYKKHF|0.0
Q13131|Q14160_EEEGSPQEE|0.0
Q13131|Q14160_VSAPSVKGV|0.648
Q13131|Q14160_EEELTLTIL|0.0
Q13131|Q14160_ELTLTILRQ|0.352
Q13131|Q14160_ILRQTGGLG|0.124
Q13131|Q14160_GLGISIAGG|0.628
Q13131|Q14160_GSTPYKGDD|0.0
Q13131|Q14160_GIFISRVSE|0.736
Q13131|Q14160_CLARSERGL|0.0
Q13131|Q14160_GKGSTPYRA|0.0
Q13131|Q14160_DRVLSINGV|0.432
Q13131|Q14160_AASPTIALL|0.531
Q13131|Q14160_LEGPYPVEE|0.0
Q13131|Q14160_PLGLSIVGG|0.196
Q13131|Q14160_LAARSGLRV|0.419
Q13131|Q14160_RLGISIRGG|0.163
Q13131|Q14160_LKLDYRALA|0.0
Q13131|Q14160_QRVPSGAAG|0.668
Q13131|Q14160_ERQKYFELE|0.017
Q13131|Q14160_APVRTAKAE|0.0
Q13131|Q14160_QMVLSRSQE|0.463
Q13131|Q14160_VLSRSQEGR|0.612
Q13131|Q14160_TPSPTPVED|0.0
Q13131|Q14160_SLEPSPSPG|0.0
Q13131|Q14160_EPSPSPGPQ|0.001
Q13131|Q14160_LGRPSPGAV|0.0
Q13131|Q14160_VALCSSRRP|0.478
Q13131|Q14160_GPVPS____|0.199
Q13131|Q14160-2_QRRATPHPS|0.0
Q13131|Q14160-2_GKGSTPYKG|0.0
Q13131|Q14160-2_LEGPYPVEE|0.0
Q13131|Q14160-2_QRVPSGAAG|0.0
Q13131|Q14160-2_ERQKYFELE|0.0
Q13131|Q14160-2_ARMKSLEQD|0.0
Q13131|Q14160-3_QRRATPHPS|0.004
Q13131|Q14160-3_LEGPYPVEE|0.0
Q13131|Q14160-3_QRVPSGAAG|0.012
Q13131|Q14160-3_ERQKYFELE|0.0
Q13131|Q14160-3_ARMKSLEQD|0.212
Q13131|Q14160-3_AEAPSPAPT|0.0
Q13131|Q14160-3_APTPSPTPV|0.0
Q13131|Q14160-3_TPSPTPVED|0.0
Q13131|Q14160-3_GPQTSTSPG|0.0
Q13131|Q14160-3_QTSTSPGRL|0.0
Q13131|Q14160-3_SRPVYDIQS|0.0
Q13131|Q14160-3_YDIQSPDFA|0.0
Q13131|Q12765_AGKDSLEKQ|0.574
Q13131|Q12765_YFTGTPDPS|0.374
Q13131|Q12765_PKTQSPCFG|0.963
Q13131|Q12765_AIIESDQEQ|0.392
Q13131|Q96FV2_VPAGTHTPG|0.02
Q13131|Q96FV2_HTPGSRLQC|0.379
Q13131|Q96FV2_SNQLSIGTD|0.006
Q13131|Q96FV2_RDKESGICM|0.0
Q13131|Q96FV2_ICMDSGGFR|0.0
Q13131|Q0VDG4_LKCTYIEID|0.028
Q13131|Q0VDG4_FAAAYSYLD|0.0
Q13131|Q0VDG4_AAYSYLDTA|0.046
Q13131|Q0VDG4_ITFETMMEI|0.0
Q13131|Q9BWW7_KGYLSDYVG|0.001
Q13131|Q9BWW7_YLSDYVGPS|0.383
Q13131|Q9BWW7_ECGKTYATS|0.012
Q13131|Q9BWW7_KTYATSSNL|0.041
Q13131|Q9BWW7_TYATSSNLS|0.019
Q13131|Q9BWW7_QTHRSLDSQ|0.415
Q13131|Q9BWW7_RSLDSQLAR|0.667
Q13131|Q9BWW7_KVYVSMPAM|0.416
Q13131|Q9BWW7_PPQLSPVQA|0.387
Q13131|Q9NQ03_DAGGSGDAG|0.083
Q13131|Q9NQ03_ECGKTYATS|0.003
Q13131|Q9NQ03_KTYATSSNL|0.052
Q13131|Q9NQ03_TYATSSNLS|0.006
Q13131|Q9P2R7_EAGVSVPKG|0.351
Q13131|Q9P2R7_VPKGYVAKS|0.419
Q13131|Q9P2R7_KIVFSPEEA|0.0
Q13131|Q9P2R7_AKAVSSQMI|0.0
Q13131|Q9P2R7_NIVESAAEN|0.005
Q13131|Q9P2R7_INFDSNSAY|0.215
Q13131|Q9P2R7_FDSNSAYRQ|0.01
Q13131|Q9P2R7_LQDWTQEDE|0.0
Q13131|Q9P2R7_LHGGTPANF|0.0
Q13131|P47872_LKVMYTVGY|0.089
Q13131|P47872_HPVASFSNS|0.218
Q13131|P47872_VASFSNSTK|0.0
Q13131|P47872_SFSNSTKAS|0.003
Q13131|P47872_FSNSTKASH|0.005
Q13131|Q8IWY4_CRKGYKLLT|0.0
Q13131|Q8IWY4_NGTSSGLGP|0.0
Q13131|Q8IWY4_GLGPSCSDA|0.0
Q13131|Q8IWY4_DAPTTPIKQ|0.0
Q13131|Q8IWY4_EASDTCEAD|0.0
Q13131|Q9NQ36_TTIRTSVTF|0.0
Q13131|Q9NQ36_TIRTSVTFK|0.0
Q13131|Q9NQ36_RTSVTFKLN|0.0
Q13131|Q9NQ36_HPQNYFKYT|0.0
Q13131|Q8IX30_GKDCTEPLK|0.0
Q13131|Q8IX30_KCQGSPGAS|0.0
Q13131|Q8IX30_SPGASKAML|0.0
Q13131|Q7RTU7_MSFATLRPA|0.682
Q13131|Q7RTU7_EDRGSDSSG|0.686
Q13131|Q7RTU7_RGSDSSGSD|0.056
Q13131|Q7RTU7_GSDSSGSDE|0.0
Q13131|Q7RTU7_DSSGSDEKP|0.0
Q13131|Q7RTU7_TALRTLIPT|0.0
Q13131|Q7RTU7_ARAGSPPPP|0.323
Q13131|Q12904_QIIEYLKQQ|0.001
Q13131|Q12904_ILQATLREE|0.005
Q13131|Q12904_LHANSMVSE|0.0
Q13131|Q12904_SIAGSADSK|0.331
Q13131|Q12904_PDADSLYVE|0.572
Q13131|Q12904_ADSLYVEEV|0.128
Q13131|Q12904_RGVLSQAMV|0.446
Q13131|Q96KG9_KATGSPVSI|0.616
Q13131|Q96KG9_AVVLTPLFK|0.518
Q13131|Q96KG9_YLSASTRHR|0.618
Q13131|Q96KG9_HAASSPGMG|0.475
Q13131|Q96KG9_EDKDTAEDS|0.155
Q13131|Q96KG9_TAEDSSTAD|0.0
Q13131|Q96KG9_AEDSSTADR|0.109
Q13131|Q96KG9_EDSSTADRW|0.0
Q13131|Q96KG9_VSRASQVSN|0.808
Q13131|Q96KG9_ASQVSNSDH|0.023
Q13131|Q96KG9_TRLASEYNW|0.0
Q13131|Q96KG9_LASEYNWGG|0.456
Q13131|Q96KG9_GGPESSDKG|0.453
Q13131|Q96KG9_DPFATLSAR|0.607
Q13131|Q96KG9_SARPSTQPR|0.09
Q13131|Q96KG9-2_PQRPTPEGH|0.0
Q13131|Q5T7V8_EQLLSAPKQ|0.479
Q13131|Q5T7V8_KPPFSSPTL|0.687
Q13131|Q5T7V8_HFTLTSPVG|0.442
Q13131|Q5T7V8_FTLTSPVGD|0.414
Q13131|Q5T7V8_EQAVSPKVD|0.424
Q13131|Q6P3W7_KQDIYKSFS|0.0
Q13131|Q6P3W7_DIYKSFSRQ|0.019
Q13131|Q6P3W7_NLQKSQFFK|0.0
Q13131|Q6P3W7_EQQKSLDIG|0.0
Q13131|Q6P3W7_TPVATVKQT|0.698
Q13131|Q6P3W7_LSVSTPKSS|0.163
Q13131|Q6P3W7_TSVPSMGIG|0.0
Q13131|Q6P3W7_GMMFSTPTD|0.482
Q13131|Q6P3W7_MMFSTPTDN|0.001
Q13131|Q6P3W7_NQNFYSSPS|0.019
Q13131|Q6P3W7_MTLGTPPTL|0.364
Q13131|Q6P3W7_MNQLSQQKP|0.623
Q13131|Q8IZE3_VSQATPEFL|0.0
Q13131|Q8IZE3_HIEAYVEHF|0.087
Q13131|Q8IZE3_VEHFTQEQL|0.0
Q13131|Q8IZE3_LRDTSDSIV|0.551
Q13131|Q8IZE3_DTSDSIVAI|0.501
Q13131|Q8IZE3_AVLVSLLGP|0.662
Q13131|Q8IZE3_RTAPSFTKN|0.194
Q13131|Q8IZE3_VKNTSEDSE|0.578
Q13131|Q8IZE3_WPDWSEPEE|0.006
Q13131|Q8IZE3_DVEESSWDD|0.0
Q13131|Q8IZE3_PKVSSQERP|0.0
Q13131|Q8IZE3_LKVPSELGL|0.0
Q13131|Q8IZE3-2_NTDLSLEGD|0.0
Q13131|Q9NVU7_RKTLYTHIV|0.0
Q13131|Q9NVU7_MLRDSNATA|0.0
Q13131|Q9NVU7_DSNATAAKM|0.0
Q13131|Q9NVU7_TACFSKVTK|0.0
Q13131|Q9NVU7_MNLISRLVG|0.597
Q13131|Q9NVU7_MSARTLIHL|0.0
Q13131|Q9NVU7_WESTSLSEE|0.0
Q13131|Q9NVU7_DVQHSSDEE|0.0
Q13131|Q9NVU7_VQHSSDEEQ|0.0
Q13131|Q9NVU7_KKLNSMPME|0.0
Q13131|Q9NVU7_TRLATAMAG|0.0
Q13131|Q9NVU7_KKTKTNPFS|0.0
Q13131|Q9Y282_MPCAYLSID|0.352
Q13131|Q9Y282_IPVSSEAER|0.935
Q13131|Q9Y282_FDPDSLDPD|0.443
Q13131|Q9Y282_GCQVYGFLE|0.423
Q13131|Q9H190___MSSLYPS|0.039
Q13131|Q9H190_QVRASPKMP|0.486
Q13131|Q9H190_PVTGYSLGV|0.238
Q13131|Q9H190_VKKASGDKI|0.005
Q13131|Q9H190_TMDHSIPDA|0.466
Q13131|O60524_KSRFSTIDL|0.941
Q13131|O60524_VNNVYDVDN|0.0
Q13131|O60524_RRLVSAKQL|0.937
Q13131|O60524_IIELYDRGN|0.0
Q13131|O60524_VLTDYEYVI|0.637
Q13131|O60524_TDYEYVILN|0.25
Q13131|O60524_LERLTEIVA|0.672
Q13131|O60524_LRNPYLLSE|0.517
Q13131|O60524_SLSAYANAK|0.549
Q13131|O60524_AKKYYDHKR|0.0
Q13131|O60524_DHKRYAAKK|0.0
Q13131|O60524_PTGEYLTTG|0.0
Q13131|O60524_EGEETLNYP|0.744
Q13131|O60524_TIDLSHLQP|0.001
Q13131|O60524_QKLASKEES|0.986
Q13131|O60524_ESSNSSDSK|0.475
Q13131|O60524_SSNSSDSKS|0.242
Q13131|O60524_NSSDSKSQS|0.093
Q13131|O60524_MKEKYKDQD|0.702
Q13131|O60524_KLLGSAGSN|0.914
Q13131|O60524_GSAGSNKEE|0.926
Q13131|O60524_GQRVSDNIK|0.981
Q13131|O60524_KVKLTPGVQ|0.285
Q13131|Q6UX04_NNKHTIFGK|0.0
Q13131|Q6UX04_GDTVYNMLR|0.561
Q13131|Q6UX04_TKNFSLLSF|0.685
Q13131|Q6UX04_FSLLSFGEE|0.033
Q13131|Q6UX04_VNRVSQSMK|0.534
Q13131|Q6UX04_RVSQSMKGK|0.3
Q13131|Q6UX04_GKSKSSHDL|0.424
Q13131|Q6UX04_PVVESEKGD|0.48
Q13131|Q6UX04_GEDESAEHD|0.0
Q13131|Q6UX04_ANVKSAGEG|0.578
Q13131|Q6UX04_VEKKSVSRS|0.306
Q13131|Q6UX04_SVSRSEELR|0.0
Q13131|Q6UX04_AEKRSEEEE|0.469
Q13131|Q6UX04_REDQTLALL|0.139
Q13131|Q6UX04_DIPETEVED|0.0
Q13131|Q6UX04_TFEIYDPRN|0.0
Q13131|Q96C92_RPGATPLSR|0.0
Q13131|Q96C92_ATPLSRARS|0.0
Q13131|Q96C92_APAFYERRS|0.002
Q13131|Q96C92_VHGESLGDR|0.0
Q13131|Q96C92_EEEDS____|0.0
Q13131|Q96C92-4_SRARSLAIP|0.0
Q13131|Q86SQ7_APNLSFSTS|0.0
Q13131|Q86SQ7_ELQQSHAVN|0.0
Q13131|Q86SQ7_ADKESEVSP|0.0
Q13131|Q86SQ7_ESEVSPSRR|0.0
Q13131|Q86SQ7_EVSPSRRRK|0.0
Q13131|Q86SQ7_RRKMSPLRS|0.0
Q13131|Q86SQ7_KLKLTYEEK|0.0
Q13131|Q86SQ7_LKLTYEEKC|0.0
Q13131|Q86SQ7_QEKDSIQQS|0.0
Q13131|Q86SQ7_QQSFSKEAK|0.0
Q13131|Q86SQ7_EQELTQKIQ|0.0
Q13131|Q86SQ7_QEKRYTYDK|0.0
Q13131|Q86SQ7_SMPQSDC__|0.0
Q13131|Q6IQ49_HCFTSPDYQ|0.0
Q13131|Q6IQ49_TSPDYQQQC|0.0
Q13131|Q6IQ49_SAEISENRK|0.516
Q13131|Q6IQ49_WPTKSQTDR|0.009
Q13131|Q6IQ49_PKIGSNGVE|0.431
Q13131|Q6IQ49_AKFPSGSQR|0.162
Q13131|Q6IQ49_ILEDSCAEL|0.357
Q13131|Q6IQ49_ELGESKEHM|0.487
Q13131|Q6IQ49_KLQESQPGN|0.509
Q13131|Q99470_GRPISGQKE|0.003
Q13131|Q99470_FMKPSELLK|0.007
Q13131|Q9HCN8_VTCGSVLKL|0.756
Q13131|Q9HCN8_IRGGSEGGC|0.446
Q13131|Q9BRK5_DGHVSWDEY|0.405
Q13131|Q9BRK5_SWDEYKVKF|0.278
Q13131|Q9BRK5_SKGHSEKEV|0.618
Q13131|Q9BRK5_YQADSPPAD|0.514
Q13131|Q9BRK5_DYARSVHEE|0.72
Q13131|Q9NX18_SPLLSVTSF|0.696
Q13131|Q9NX18_LLSVTSFRR|0.836
Q13131|Q9NX18_LSVTSFRRF|0.005
Q13131|P31040_FGGQSLKFG|0.257
Q13131|P31040_IEDGSIHRI|0.002
Q13131|P31040_ILINSQGER|0.465
Q13131|P31040_KDHVYLQLH|0.456
Q13131|P31040_VPGLYACGE|0.0
Q13131|P31040_LGANSLLDL|0.665
Q13131|P31040_FRVGSVLQE|0.94
Q13131|P31040_DEYDYSKPI|0.0
Q13131|P31040_KHTLSYVDV|0.448
Q13131|P31040_HTLSYVDVG|0.031
Q13131|Q5VUM1_LVKQSLKKP|0.087
Q13131|Q5VUM1_APEDSHLEK|0.015
Q13131|P21912_LMQAYRWMI|0.398
Q13131|P21912_WMIDSRDDF|0.0
Q13131|Q99643_ITIYSWSLP|0.0
Q13131|Q7Z5N4_PYFKTEPGL|0.0
Q13131|Q7Z5N4_SEYKYIIPS|0.0
Q13131|Q7Z5N4_YIIPSLQKL|0.0
Q13131|Q7Z5N4_DAGFYRCVV|0.0
Q13131|Q7Z5N4_VQVAYMGSF|0.0
Q13131|Q7Z5N4_AYMGSFMDT|0.0
Q13131|Q7Z5N4_SFMDTDQRK|0.0
Q13131|Q7Z5N4_QNPRYKVLA|0.0
Q13131|Q7Z5N4_KVLASGGLR|0.0
Q13131|Q7Z5N4_NVALTPSST|0.0
Q13131|Q7Z5N4_ALTPSSTSR|0.0
Q13131|Q7Z5N4_LTPSSTSRI|0.0
Q13131|Q7Z5N4_TPSSTSRIV|0.0
Q13131|Q7Z5N4_HLKKYRRYE|0.0
Q13131|Q7Z5N4_KYRRYEVIM|0.04
Q13131|Q7Z5N4_EVIMTAYNI|0.0
Q13131|Q7Z5N4_NGTRSPPRP|0.479
Q13131|Q7Z5N4_GLHYSDEDI|0.488
Q13131|Q7Z5N4_LKEKSADAS|0.0
Q13131|Q7Z5N4_AGGVYTPAG|0.0
Q13131|Q58EX2_QDDVSPYFK|0.0
Q13131|Q58EX2_ERHITAEME|0.0
Q13131|Q58EX2_SLHISQTWS|0.0
Q13131|Q58EX2_KTSISRWLV|0.0
Q13131|Q58EX2_VSLRTASET|0.0
Q13131|Q58EX2_LVRWSEVPE|0.193
Q13131|Q58EX2_LVLGYKVMY|0.505
Q13131|Q58EX2_KEKDSDTQP|0.066
Q13131|Q58EX2_KDSDTQPRF|0.0
Q13131|Q58EX2_GLGKYVLYE|0.363
Q13131|Q58EX2_KYVLYEVQV|0.0
Q13131|Q58EX2_PEVRTTSVR|0.001
Q13131|Q58EX2_AYQITHRLN|0.0
Q13131|Q58EX2_VRARSVLLS|0.511
Q13131|Q58EX2_AIHWSSGDP|0.0
Q13131|Q58EX2_NRRLSVKNS|0.713
Q13131|Q58EX2_SVKNSFCRK|0.0
Q13131|Q58EX2_KNGLYTRSP|0.01
Q13131|Q58EX2_LYTRSPPRP|0.0
Q13131|Q58EX2_SLHYSDEDV|0.697
Q13131|Q58EX2_DVTKYNDLI|0.0
Q13131|Q58EX2_AESSSLTEK|0.0
Q13131|Q58EX2_SSSLTEKPS|0.002
Q13131|Q58EX2_SDPTYYNSW|0.0
Q13131|Q58EX2_AQAYSYTES|0.0
Q13131|Q58EX2_SYTESDSGE|0.0
Q13131|Q58EX2_YRPPSSLAP|0.0
Q13131|Q58EX2_RPPSSLAPG|0.0
Q13131|Q58EX2_AGFSSFV__|0.0
Q13131|O95810_QHPGSDMRQ|0.066
Q13131|O95810_QEKPSSPSP|0.0
Q13131|O95810_PSSPSPMPS|0.0
Q13131|O95810_SPMPSSTPS|0.572
Q13131|O95810_PMPSSTPSP|0.001
Q13131|O95810_MPSSTPSPS|0.0
Q13131|O95810_TPSPSLNLG|0.0
Q13131|O95810_KLSKYQAST|0.0
Q13131|O95810_KKVDSLKKA|0.0
Q13131|O95810_KKAFSRQNI|0.612
Q13131|O95810_NKLGTKIVS|0.0
Q13131|O95810_TKIVSVERR|0.001
Q13131|O95810_HQKISSGKS|0.217
Q13131|O95810_QKISSGKSS|0.633
Q13131|O95810_QEEESFAEG|0.0
Q13131|O95810_AEGHSEASL|0.0
Q13131|O95810_AEKATSRGS|0.0
Q13131|O95810_TSRGSNSGM|0.65
Q13131|O95810_RGSNSGMDS|0.628
Q13131|O95810_SGMDSNIDL|0.654
Q13131|O95810_RYEGSYALT|0.532
Q13131|O95810_YALTSEEAE|0.0
Q13131|O95810_EAERSDGDP|0.0
Q13131|Q8NEX9_YGEDYFRIY|0.0
Q13131|Q8NEX9_YFRIYTDKL|0.0
Q13131|Q8NEX9_DFILSRYLP|0.012
Q13131|Q9NRG7_VGGGTGFIG|0.005
Q13131|Q9NRG7_PGRITWDEL|0.473
Q13131|Q9NRG7_ELAASGLPS|0.0
Q13131|Q9NRG7_RWNETFQKE|0.0
Q13131|A6NKP2_NVGGTKLVI|0.008
Q13131|P20132___MMSGEPL|0.458
Q13131|P20132_LHVKTPIRD|0.0
Q13131|P20132_SAQPSGSFK|0.0
Q13131|Q9H7L9_DEEDYVEMK|0.0
Q13131|Q9H7L9_KEQMYQDKL|0.0
Q13131|Q9H7L9_DKLASLKRQ|0.0
Q13131|Q9H7L9_NEKLTMELT|0.0
Q13131|Q9H7L9_TMELTGDSM|0.0
Q13131|Q9H7L9_LTGDSMEVK|0.252
Q13131|Q9H7L9_SQAIYLESK|0.0
Q13131|Q9H7L9_KTSDSTKMR|0.0
Q13131|Q9H7L9_KMRIYLGQL|0.254
Q13131|Q96GA7_PPSLTSVVV|0.165
Q13131|Q96GA7_PSLTSVVVI|0.13
Q13131|P0C7V7_WRLYYQVLN|0.0
Q13131|P0C7V7_GFVPYIGIG|0.0
Q13131|P0C7V7_LMNDYPKHK|0.0
Q13131|Q9BY50_KRQLYYQVL|0.0
Q13131|Q9BY50_RQLYYQVLN|0.0
Q13131|Q9BY50_GFLPYVGMV|0.545
Q13131|Q9BY50_IMNDYPKFK|0.0
Q13131|P55735_AQMDYYGTR|0.573
Q13131|P55735_QMDYYGTRL|0.476
Q13131|P55735_DYYGTRLAT|0.371
Q13131|P55735_ATCSSDRSV|0.533
Q13131|P55735_EENGTWEKS|0.069
Q13131|P55735_LEAHSDWVR|0.237
Q13131|P55735_AWAPSIGLP|0.318
Q13131|P55735_STIASCSQD|0.093
Q13131|P55735_SNTWSPKLL|0.429
Q13131|P55735_WVCISDVNK|0.485
Q13131|Q92503_MVQKYQSPV|0.123
Q13131|Q92503_PVRVYKYPF|0.0
Q13131|Q92503_IMAAYERRF|0.238
Q13131|Q92503_AGVDYVYFV|0.004
Q13131|Q92503_VDYVYFVQK|0.0
Q13131|Q92503_KEGLSGDAL|0.361
Q13131|Q92503_LSSPSAPEP|0.906
Q13131|Q92503_PKKDSLGAH|0.957
Q13131|Q92503_LGAHSITSP|0.0
Q13131|Q92503_SVQGSHVTR|0.154
Q13131|Q92503_GSHVTRWPG|0.568
Q13131|Q92503_WKFHSMPAC|0.672
Q13131|Q92503_CAASSLPRV|0.581
Q13131|Q92503_DVLASLQVS|0.594
Q13131|Q92503_LQVSSHKCK|0.419
Q13131|O76054_VGDLSPRQK|0.026
Q13131|O76054_NPDDYFLLR|0.525
Q13131|O76054_LRARSFDLQ|0.472
Q13131|O76054_VPVEYGGTM|0.281
Q13131|O76054_SKINYGGDI|0.405
Q13131|O76054_IPRKYYVRD|0.042
Q13131|O76054_VKQQYEHSV|0.553
Q13131|O76054_HQVEYEILF|0.014
Q13131|O76054_DPGIYVLRF|0.0
Q13131|O76054_FDNTYSFIH|0.0
Q13131|O76054_LGAGTPK__|0.0
Q13131|Q9UDX4_VGDLSPKQA|0.0
Q13131|Q9UDX4_NPDDYFLLR|0.502
Q13131|Q9UDX4_VIQKYMPGG|0.021
Q13131|Q9UDX4_GLCGYDRDG|0.67
Q13131|Q9UDX4_FPVGYNLMK|0.486
Q13131|Q9UDX4_HQVEYEILF|0.002
Q13131|Q9UDX4_DVLPSQRYN|0.0
Q13131|O43304_VMAAYEKRF|0.0
Q13131|O43304_VEDNYPETL|0.0
Q13131|O43304_SGSNYQGPG|0.0
Q13131|O43304_GLVDYLDRE|0.206
Q13131|O43304_TSGFSQLSA|0.0
Q13131|O43304_SSGQSHSSS|0.0
Q13131|O43304_SSLVSR___|0.0
Q13131|B5MCN3____MSGQVG|0.0
Q13131|B5MCN3_VGDLSPSQE|0.0
Q13131|B5MCN3_DLSPSQEKS|0.0
Q13131|B5MCN3_LQARSFDLQ|0.0
Q13131|B5MCN3_KRISYTVEV|0.0
Q13131|Q9Y2D4_IKDVSMSDL|0.0
Q13131|Q9Y2D4_DVSMSDLKD|0.06
Q13131|Q9Y2D4_SEQDSGILD|0.0
Q13131|Q9Y2D4_GARETFENY|0.0
Q13131|Q9Y2D4_GNKASDYLV|0.0
Q13131|Q9Y2D4_AFLRSTFAV|0.0
Q13131|Q9Y2D4_FAVFTHLPG|0.488
Q13131|O15027_ASSPYRRRA|0.0
Q13131|O15027_QALQSTPLG|0.0
Q13131|O15027_ALQSTPLGS|0.0
Q13131|O15027_QTLPYLPHY|0.0
Q13131|O15027_YLPHYIPGV|0.0
Q13131|O15027_DRPLSRQNP|0.0
Q13131|O15027_AASPSLPQP|0.0
Q13131|O15027_SHLQSGSHL|0.0
Q13131|O15027_LQSGSHLAN|0.409
Q13131|O15027_DPESTFRQN|0.664
Q13131|O15027_ARGDSPENR|0.0
Q13131|O15027_DDFCSSPGL|0.0
Q13131|O15027_LDPSSPSDQ|0.0
Q13131|O15027_DQFRYGPLP|0.0
Q13131|O15027_VHPDSVSSS|0.0
Q13131|O15027_DSVSSSYSS|0.0
Q13131|O15027_SVSSSYSSR|0.0
Q13131|O15027_VSSSYSSRS|0.0
Q13131|O15027_SSSYSSRSH|0.648
Q13131|O15027_SSYSSRSHG|0.585
Q13131|O15027_HGRLSGSAR|0.001
Q13131|O15027_RLSGSARPQ|0.0
Q13131|O15027_ELVGTFIQQ|0.709
Q13131|O15027_EASGSFFKQ|0.59
Q13131|O15027_VSQNYRGSV|0.648
Q13131|O15027_VKCESPATT|0.0
Q13131|O15027_APALYVCAK|0.0
Q13131|O15027_SGQQSRNPS|0.0
Q13131|O15027_SRNPSSAAP|0.0
Q13131|O15027_RNPSSAAPV|0.437
Q13131|O15027_SPAGSTSVV|0.0
Q13131|O15027_ANHSSHQED|0.0
Q13131|O15027_QEDTYGALD|0.0
Q13131|O15027_ALDFTLSRT|0.562
Q13131|O15027_PVNVYNPSH|0.008
Q13131|O15027_NPSHSDSLA|0.0
Q13131|O15027_SHSDSLASQ|0.0
Q13131|O15027_DSLASQQSV|0.0
Q13131|O15027_ASQQSVASH|0.043
Q13131|O15027_HPRQSGPGA|0.0
Q13131|O15027_LDRFYQQVT|0.0
Q13131|O15027_KAMFSELSN|0.797
Q13131|O15027_QPQYSLPYP|0.444
Q13131|O15027_ASLYYQDVY|0.33
Q13131|O15027_YQDVYSLYE|0.0
Q13131|O15027_QDVYSLYEP|0.605
Q13131|O15027_VYSLYEPRY|0.04
Q13131|O15027_YEPRYRPYD|0.0
Q13131|O15027_RYRPYDGAA|0.0
Q13131|O15027_AASAYAQNY|0.0
Q13131|O15027_YAQNYRYPE|0.0
Q13131|O15027_QNYRYPEPE|0.0
Q13131|O15027_PERPSSRAS|0.0
Q13131|O15027_ERPSSRASH|0.0
Q13131|O15027_SSRASHSSE|0.0
Q13131|O15027_YPEGYYSSK|0.0
Q13131|O15027_PEGYYSSKS|0.0
Q13131|O15027_EGYYSSKSG|0.481
Q13131|O15027_KSGWSSQSD|0.132
Q13131|O15027_ASYYSSQYD|0.012
Q13131|O15027_HWDRYHYSA|0.0
Q13131|O15027_DRYHYSARV|0.0
Q13131|O15027_RYHYSARVR|0.633
Q13131|O15027_YDRRYWCDA|0.0
Q13131|O15027_CDAEYDAYR|0.0
Q13131|O15027_EYDAYRREH|0.058
Q13131|O15027_NNWRYDPRF|0.0
Q13131|O15027_ASRRSSLSS|0.0
Q13131|O15027_RSSLSSHSH|0.004
Q13131|O15027_SSLSSHSHQ|0.0
Q13131|O15027_LSSHSHQSQ|0.0
Q13131|O15027_HSHQSQIYR|0.066
Q13131|O15027_QIYRSHNVA|0.053
Q13131|O15027_VAAGSYEAP|0.0
Q13131|O15027_AAGSYEAPL|0.0
Q13131|O15027_GDFAYGTYR|0.0
Q13131|O15027_GTYRSNFSS|0.668
Q13131|O15027_RSNFSSGPG|0.655
Q13131|O15027_SNFSSGPGF|0.0
Q13131|O15027_YPADTVWPA|0.0
Q13131|O15027_PEKFSVPHV|0.422
Q13131|O15027_LIDFTNEAV|0.657
Q13131|O15027_ELLLYGRKK|0.0
Q13131|O15027_FGVYTKKTT|0.185
Q13131|O15027_CPLPSFQVF|0.636
Q13131|O15027_KFIYSCRLA|0.436
Q13131|O15027_PHLYSPVLI|0.15
Q13131|O15027_HSSPSVRLL|0.0
Q13131|O15027_SAPQTLPDG|0.0
Q13131|O15027_PGCVTPGPA|0.0
Q13131|O15027_PVGNSLSEL|0.0
Q13131|O15027_GNSLSELSE|0.163
Q13131|O15027_AKKETKEPK|0.0
Q13131|O15027_KTEAYLPDD|0.0
Q13131|O15027_DKNKSIVWD|0.212
Q13131|O15027_PVNMYSRRA|0.0
Q13131|O15027_VNMYSRRAA|0.611
Q13131|O15027_TRARYVDVL|0.0
Q13131|O15027_LFVPTPDAE|0.0
Q13131|O15027_SLPGSELPS|0.0
Q13131|O15027_SELPSSRPE|0.0
Q13131|O15027_SRCSSMSSL|0.0
Q13131|O15027_CSSMSSLSR|0.0
Q13131|O15027_SSMSSLSRE|0.0
Q13131|O15027_MSSLSREVS|0.366
Q13131|O15027_SREVSQHFN|0.029
Q13131|O15027_QACATSGSS|0.0
Q13131|O15027_ACATSGSSR|0.0
Q13131|O15027_ATSGSSRLG|0.057
Q13131|Q96JE7_RGKATAPSK|0.001
Q13131|Q96JE7_ATAPSKDPD|0.335
Q13131|Q96JE7_MREEYAYGS|0.753
Q13131|Q96JE7_YGSYYYHGH|0.007
Q13131|Q96JE7_GSYYYHGHP|0.362
Q13131|Q96JE7_PRQRSPYIW|0.381
Q13131|Q96JE7_PSLASESNL|0.195
Q13131|Q96JE7_LASESNLLQ|0.623
Q13131|Q96JE7_SSSSYELSQ|0.001
Q13131|Q96JE7_ADVSSAGPK|0.462
Q13131|Q96JE7_TRLLYYGRK|0.508
Q13131|Q96JE7_DPHPTRSDI|0.406
Q13131|Q96JE7_QEVISKPQT|0.563
Q13131|Q96JE7_DEKESSDEA|0.462
Q13131|Q96JE7_EKESSDEAD|0.136
Q13131|Q96JE7_TKNASPAGD|0.958
Q13131|Q96JE7_GDEDSSDSP|0.421
Q13131|Q96JE7_DEDSSDSPD|0.0
Q13131|Q96JE7_DSSDSPDSE|0.0
Q13131|Q96JE7_GLGLSLTPS|0.495
Q13131|Q96IW7____MSMILS|0.0
Q13131|Q96IW7_ECRKYFKML|0.516
Q13131|Q96IW7_FITTYNMMK|0.376
Q13131|Q96IW7_RSLSTKINL|0.0
Q13131|Q96IW7_KINLSDMQT|0.0
Q13131|Q96IW7_SDMQTEIKL|0.003
Q13131|Q96IW7_PYQISMCEL|0.0
Q13131|O75396_MVLLTMIAR|0.0
Q13131|O75396_PLAASMQED|0.0
Q13131|O75396_EDEQSGRDL|0.359
Q13131|O75396_DLQQYQSQA|0.0
Q13131|O75396_LNEQSPTRC|0.064
Q13131|O75396_EQSPTRCTL|0.0
Q13131|O75396_EDLHSEFDE|0.0
Q13131|O75396_VPTVSRPYS|0.472
Q13131|O75396_VSRPYSFIE|0.011
Q13131|O75396_SRPYSFIEF|0.0
Q13131|O75396_NNLSSLSKK|0.583
Q13131|O75396_NMRSTYAKL|0.554
Q13131|O75396_MRSTYAKLA|0.508
Q13131|Q15436_AALFTPLKE|0.299
Q13131|Q15436_PVLCSRTTC|0.148
Q13131|Q15436_ALKESMQMS|0.672
Q13131|Q15436_LRRSSFLQV|0.999
Q13131|Q15436_QWRKSGYQD|0.394
Q13131|Q15436_DMPEYENFR|0.0
Q13131|Q15436_EHGGSQARF|0.869
Q13131|Q15437_ATKHYEMLA|0.177
Q13131|Q15437_DSFNTSLFK|0.001
Q13131|Q15437_SFNTSLFKQ|0.654
Q13131|Q15437_PMPRYINTE|0.0
Q13131|Q15437_EHGGSQARF|0.572
Q13131|Q15437_HNNLYAWGQ|0.0
Q13131|Q9Y6Y8_AFSPSISKA|0.555
Q13131|Q9Y6Y8_VQVPSPFLL|0.002
Q13131|Q9Y6Y8_DLNLSKCPG|0.0
Q13131|Q9Y6Y8_TLDESYDLV|0.0
Q13131|Q9Y6Y8_LDESYDLVV|0.002
Q13131|Q9Y6Y8_KKAASEKKA|0.0
Q13131|Q9Y6Y8_KDMASLPSE|0.005
Q13131|Q9Y6Y8_ASLPSESNE|0.479
Q13131|Q9Y6Y8_ELKESLSRM|0.01
Q13131|Q9Y6Y8_KESLSRMGS|0.963
Q13131|Q9Y6Y8_SRMGSDLKQ|0.9
Q13131|Q9Y6Y8_ARAHTSSTQ|0.909
Q13131|Q9Y6Y8_RAHTSSTQL|0.925
Q13131|Q9Y6Y8_SPDFSKDED|0.455
Q13131|Q9Y6Y8_KDEDYLGKV|0.002
Q13131|O95486_CPRASSQPT|0.066
Q13131|O95486_SGYPSLQNS|0.0
Q13131|O95486_SLQNSFIKS|0.0
Q13131|O95486_VRALTPLTS|0.369
Q13131|O95486_VHSSYDEIE|0.0
Q13131|O95486_MLPSTPLKP|0.296
Q13131|O95486_LFRCTLTSI|0.0
Q13131|O95486_RCTLTSIPQ|0.021
Q13131|O95486_CTLTSIPQT|0.0
Q13131|O95486_SIPQTQALL|0.0
Q13131|O95486_VVTSSTIVR|0.026
Q13131|O95486_CISRYSAGS|0.017
Q13131|O95487____MSAPAG|0.681
Q13131|O95487_HPAASARIP|0.0
Q13131|O95487_HHQNYIAPS|0.0
Q13131|O95487_YIAPSGHYS|0.0
Q13131|O95487_PSGHYSQGP|0.0
Q13131|O95487_SGHYSQGPG|0.003
Q13131|O95487_QCGDYYSAL|0.0
Q13131|O95487_YSALYTVPT|0.002
Q13131|O95487_AGDTYGQMF|0.0
Q13131|O95487_PPKSSPVVS|0.0
Q13131|O95487_ILPMTPVWA|0.516
Q13131|O95487_KLNCSPDSF|0.007
Q13131|O95487_ASSDYMLRP|0.001
Q13131|O95487_LMSPTGGRV|0.02
Q13131|O95487_TQLPSLGAG|0.0
Q13131|O95487_NQRSSTKVV|0.609
Q13131|O95487_CMSKYSAGC|0.0
Q13131|O95487_GCIYYYPSF|0.299
Q13131|O95487_AEKLTREGA|0.0
Q13131|O95487_WLRDSRPLS|0.646
Q13131|O95487-3_VAQASLELL|0.0
Q13131|P53992_GQAAYGQFG|0.0
Q13131|P53992_SFPNSGLYG|0.0
Q13131|P53992_NSGLYGSYP|0.0
Q13131|P53992_TPPASGGPR|0.678
Q13131|P53992_RGPQSNYGG|0.111
Q13131|P53992_PQSNYGGPY|0.0
Q13131|P53992_YGGPYPAAP|0.0
Q13131|P53992_DAIPSPIQV|0.0
Q13131|P53992_EELKSLLDF|0.0
Q13131|P53992_KLINTDKEK|0.0
Q13131|P53992_AFYMSNTTD|0.0
Q13131|P53992_MSNTTDVEL|0.553
Q13131|P53992_LNCCTQLAD|0.0
Q13131|P53992_GVLNSPVKA|0.394
Q13131|P53992_ASPSSAGQL|0.891
Q13131|P53992_PLTKSPVES|0.0
Q13131|P53992_RAQRSRYMK|0.0
Q13131|P53992_QRSRYMKLT|0.514
Q13131|O94855_GIGLSPPHY|0.0
Q13131|O94855_GGQVYATNT|0.546
Q13131|O94855_DLYKSCETD|0.0
Q13131|O94855_KNCASPSAA|0.0
Q13131|O94855_LDVKSTMLP|0.001
Q13131|O94855_RCSESRLSE|0.0
Q13131|O94855_SMKLTIVKQ|0.43
Q13131|O94979_NIILYDPSK|0.513
Q13131|O94979_NDKHTGPVR|0.204
Q13131|O94979_LASASPSGR|0.486
Q13131|O94979_LRFASSPLR|0.004
Q13131|O94979_RFASSPLRV|0.479
Q13131|O94979_LSAASFDGR|0.503
Q13131|O94979_PVGASFSFG|0.496
Q13131|O94979_DASQTEFEK|0.571
Q13131|O94979_ELLGYRKED|0.0
Q13131|O94979_EFLPSSGGT|0.0
Q13131|O94979_FLPSSGGTF|0.0
Q13131|O94979_QTQQYYPHG|0.0
Q13131|O94979_ASQRTGPQN|0.0
Q13131|O94979_QHVQSLPTK|0.709
Q13131|O94979_QSLPTKKIT|0.0
Q13131|O94979_TKKITKKPI|0.0
Q13131|O94979_LEFLYDKLR|0.002
Q13131|O94979_ETRNYSEGL|0.211
Q13131|O94979_KVVLTQANK|0.002
Q13131|O94979-9_MLGESDERC|0.0
Q13131|O94979-9_DERCTNAGS|0.0
Q13131|O94979-9_TNAGSGCRR|0.0
Q13131|Q9NQW1_FRDPSLDLK|0.0
Q13131|Q9NQW1_LSALSRFHK|0.004
Q13131|Q9NQW1_IKALSWNRQ|0.012
Q13131|Q9NQW1_IRRPTGVSF|0.139
Q13131|Q9NQW1_FLKVTLEQD|0.0
Q13131|Q9NQW1_GLGESPQPK|0.0
Q13131|Q9NQW1_ATLHSKETS|0.0
Q13131|Q9NQW1_PRVFTPQSS|0.009
Q13131|Q96KP1_TSTVSFKLL|0.0
Q13131|Q96KP1_DEMNYYDMR|0.0
Q13131|Q96KP1_GSLAYVKGG|0.189
Q13131|Q96KP1_LNRASNTAD|0.0
Q13131|Q96KP1_RASNTADTL|0.0
Q13131|Q96KP1_NTADTLFQE|0.0
Q13131|Q96KP1_QKGDYDVVI|0.0
Q13131|Q96KP1_IRYLSDLHA|0.0
Q13131|Q96KP1_CKEGYVKDL|0.0
Q13131|Q96KP1_PGLHSPMLD|0.0
Q13131|Q96KP1_HLSQTASLK|0.192
Q13131|Q96KP1_EVMHSLVKL|0.0
Q13131|Q96KP1_EAKQYGGWE|0.0
Q13131|Q96KP1_TMMKT____|0.0
Q13131|P61619_SNRGTLMEL|0.0
Q13131|P61619_ELGISPIVT|0.003
Q13131|P61619_SPIVTSGLI|0.0
Q13131|P61619_PIVTSGLIM|0.011
Q13131|P61619_EVGDTPKDR|0.0
Q13131|P61619_WKAFSPTTV|0.0
Q13131|P61619_KSARYRGQY|0.698
Q13131|P61619_YRGQYNTYP|0.0
Q13131|P61619_GLCYYLSPP|0.0
Q13131|P61619_CYYLSPPES|0.0
Q13131|P61619_SPPESFGSV|0.0
Q13131|P61619_GHRETSMVH|0.825
Q13131|P61619_HRETSMVHE|0.509
Q13131|Q9H9S3_SNRGTLMEL|0.001
Q13131|Q9H9S3_ELGISPIVT|0.046
Q13131|Q9H9S3_SPIVTSGLI|0.0
Q13131|Q9H9S3_PIVTSGLIM|0.091
Q13131|Q9H9S3_EVGDTPKDR|0.0
Q13131|Q9H9S3-3_FGIMSSDSA|0.0
Q13131|P60468_RKNASCGTR|0.018
Q13131|P60468_CGTRSAGRT|0.046
Q13131|P60468_TSAGTGGMW|0.0
Q13131|P60468_WRFYTEDSP|0.023
Q13131|P60468_YTEDSPGLK|0.0
Q13131|Q99442_HRVDYFIAS|0.0
Q13131|Q99442_CFVASILLL|0.0
Q13131|Q99442_KQQKSDSEE|0.0
Q13131|Q99442_QKSDSEEKS|0.0
Q13131|Q99442_GNHGTEGSG|0.499
Q13131|Q99442_SDTDSDRRE|0.001
Q13131|Q99442_FEMITKEEL|0.0
Q13131|Q99442_NDGETPKSS|0.0
Q13131|Q99442_ETPKSSHEK|0.0
Q13131|Q9UGP8_EYNPYEVLN|0.0
Q13131|Q9UGP8_IAKAYAALT|0.0
Q13131|Q9UGP8_YAALTDEES|0.0
Q13131|Q9UGP8_TDEESRKNW|0.0
Q13131|Q9UGP8_VLLLSHLAR|0.708
Q13131|Q9UGP8_MDIKSQVLD|0.53
Q13131|Q9UGP8_LVKLTRQTM|0.0
Q13131|Q9UGP8_LTRQTMAEV|0.0
Q13131|Q9UGP8_EKEQSICAA|0.0
Q13131|Q9UGP8_LLPQSKQQK|0.578
Q13131|Q9UGP8_EEEVSDKGS|0.0
Q13131|Q9UGP8_VYSLYFPEE|0.0
Q13131|Q9UGP8_KPGNYQYTV|0.0
Q13131|Q9UGP8_GNYQYTVFL|0.0
Q13131|Q9UGP8_NYQYTVFLR|0.0
Q13131|A2PYH4_APTGSGKTV|0.359
Q13131|A2PYH4_WDSMTRKWR|0.525
Q13131|A2PYH4_QQAASVLVK|0.49
Q13131|A2PYH4_KFIMTVEQK|0.451
Q13131|A2PYH4_AVIMTRLST|0.879
Q13131|A2PYH4_VKKFYTISG|0.444
Q13131|A2PYH4_KKFYTISGK|0.001
Q13131|A2PYH4_KETLSDLVT|0.822
Q13131|A2PYH4_RKSETQISH|0.859
Q13131|A2PYH4_HSDISTIAG|0.45
Q13131|A2PYH4_SDISTIAGP|0.475
Q13131|A2PYH4_PNKGTTASK|0.476
Q13131|A2PYH4_NKGTTASKK|0.433
Q13131|A2PYH4_GTTASKKPG|0.419
Q13131|A2PYH4_EIKESTISS|0.431
Q13131|A2PYH4_IKESTISSY|0.397
Q13131|A2PYH4_STRGSKLPL|0.919
Q13131|A2PYH4_QREMSNSFV|0.932
Q13131|O60645_KNIFSVPEI|0.0
Q13131|O60645_TQGLSDELA|0.0
Q13131|O60645_VLQRSLVTV|0.514
Q13131|O60645_TQADTRESD|0.554
Q13131|O60645_EEGVSPSQP|0.0
Q13131|O60645_PAQASPSYV|0.001
Q13131|O60645_ASPSYVPLF|0.002
Q13131|Q96T21_SEIKSARGS|0.553
Q13131|Q96T21_HLSIYAENS|0.699
Q13131|Q96T21_VHSVSTDIS|0.921
Q13131|Q96T21_AATNSPSCT|0.575
Q13131|Q96T21_TRELSWTPM|0.475
Q13131|Q96T21_VVRQTLSTE|0.478
Q13131|Q96T21_SEALSSDPS|0.423
Q13131|Q96T21_KSKASQGSD|0.414
Q13131|Q96T21_ASQGSDLEQ|0.984
Q13131|Q96T21_DRIETPKFQ|0.437
Q13131|Q96T21_GRRMSQMKT|0.427
Q13131|Q93073_NVKLSAEVE|0.0
Q13131|Q93073_TQKETNAAG|0.001
Q13131|Q93073_IANKSLSET|0.0
Q13131|Q93073_MLWKSKGRR|0.788
Q13131|Q93073_RRRASHPTA|0.017
Q13131|Q93073_ASHPTAESS|0.0
Q13131|Q93073_AESSSEQGA|0.0
Q13131|Q93073_EQGASEADI|0.0
Q13131|Q93073_ADIDSDSGY|0.047
Q13131|Q93073_SDSGYCSPK|0.0
Q13131|Q93073_SGYCSPKHS|0.0
Q13131|Q93073_QRNNSQVGF|0.0
Q13131|Q93073_CRGHSTSSE|0.0
Q13131|Q93073_HLSSSQSHR|0.0
Q13131|Q93073_LPENSPINI|0.0
Q13131|Q93073_PLTKSQPCL|0.007
Q13131|Q93073_TSFNSVDIA|0.0
Q13131|Q93073_NLLGSEEPT|0.0
Q13131|Q93073_QERIYQKDP|0.0
Q13131|Q93073_LREVTKHMK|0.392
Q13131|Q93073_ARKAYKDMV|0.0
Q13131|Q93073_HMGHSRNPS|0.021
Q13131|Q93073_SRNPSAASA|0.001
Q13131|Q93073_GLEASENEK|0.27
Q13131|Q93073_LPFDTPPIG|0.001
Q13131|Q93073_TETGSLDGS|0.0
Q13131|Q93073_SRIESWVSE|0.0
Q13131|Q93073_ESWVSETQR|0.0
Q13131|Q93073_WVSETQRTM|0.0
Q13131|Q93073_NVEQSGEEE|0.0
Q13131|Q93073-2_QRNNSQDED|0.0
Q13131|Q8WVN6_LELLSPQPL|0.0
Q13131|O95997_ATLIYVDKE|0.0
Q13131|O95997_GEPGTRVVA|0.3
Q13131|O95997_LKLGSGPSI|0.663
Q13131|O95997_LDGRSQVST|0.017
Q13131|O95997_RSQVSTPRF|0.57
Q13131|O95997_SQVSTPRFG|0.0
Q13131|O95997_LPKATRKAL|0.588
Q13131|O95997_SDDAYPEIE|0.065
Q13131|O95997_VKMPSPPWE|0.155
Q13131|Q96EE3_FVARSIAAD|0.897
Q13131|Q96EE3_RRMATCSSD|0.0
Q13131|Q96EE3_DKSESGDWH|0.0
Q13131|Q96EE3_WKTHSGSVW|0.0
Q13131|Q96EE3_GSDDSSPNA|0.495
Q13131|Q96EE3_ELTSSGGPT|0.478
Q13131|Q96EE3-1_DSRTSVTDV|0.0
Q13131|Q96EE3-1_SRAHSPMIA|0.0
Q13131|Q96EE3-1_SDDSSPNAM|0.001
Q13131|Q96EE3-1_NTRKYAKAE|0.0
Q13131|Q96EE3-1_AKAETLMTV|0.0
Q13131|Q96EE3-1_ETLMTVTDP|0.0
Q13131|Q96EE3-1_KELTSSGGP|0.012
Q13131|Q96EE3-1_RRYLSRPLN|0.0
Q13131|Q9UBV2_SQDESLDSK|0.306
Q13131|Q9UBV2_TTLTSDESV|0.788
Q13131|Q9UBV2_LGMAYLYGR|0.536
Q13131|Q9UBV2_VKRDYKQAL|0.0
Q13131|Q5TEA6_TTQVSVNEI|0.0
Q13131|Q5TEA6_MILGYRYLS|0.0
Q13131|Q5TEA6_TAFKYFSMA|0.0
Q13131|Q5TEA6_LGLLYFHGK|0.0
Q13131|Q68CR1_QSVAYKDFI|0.0
Q13131|Q68CR1_YRDDYFIRH|0.535
Q13131|Q68CR1_LAVKTKFII|0.0
Q13131|Q68CR1_DTAGYFIIG|0.0
Q13131|Q68CR1_GGSRYVAGI|0.495
Q13131|Q68CR1_GPLKYYRLR|0.04
Q13131|Q68CR1_QIKLYYERC|0.0
Q13131|Q68CR1_IKLYYERCA|0.0
Q13131|Q68CR1_IVSVYASAA|0.092
Q13131|P16581_GAWSYNTST|0.0
Q13131|P16581_SVRCSHSPA|0.002
Q13131|P16581_NCLPSASGS|0.0
Q13131|P16581_LPSASGSFR|0.0
Q13131|P16581_SASGSFRYG|0.0
Q13131|P16581_GSFRYGSSC|0.0
Q13131|P16581_IGEFTYKSS|0.0
Q13131|P16581_GEFTYKSSC|0.0
Q13131|Q13228_VDPKSPQYC|0.0
Q13131|Q13228_EIVQTLSLK|0.681
Q13131|Q13228_VQTLSLKDG|0.761
Q13131|Q13228_IQRFYKNEG|0.729
Q13131|Q13228_GGTWSVEKV|0.0
Q13131|Q13228_QYDISDPQR|0.59
Q13131|Q13228_RPRLTGQLF|0.0
Q13131|Q8IZQ5_MEEATVVIE|0.0
Q13131|Q8IZQ5_RPDGSSAEL|0.006
Q13131|Q9C0D9_PLSLYVMHP|0.048
Q13131|Q9Y6D0_KKRRSYGNS|0.452
Q13131|Q9Y6D0_KRRSYGNSS|0.358
Q13131|Q9Y6D0_SYGNSSDSR|0.166
Q13131|Q9Y6D0_NSSDSRYDD|0.0
Q13131|Q9Y6D0_SDSRYDDGR|0.0
Q13131|P14151_CVEIYIKRN|0.007
Q13131|Q9BVL4_EFLCSEAMF|0.0
Q13131|Q9BVL4_LGVPTTRAG|0.0
Q13131|Q9BVL4_GVPTTRAGA|0.002
Q13131|Q9BVL4_EIFKSADEH|0.0
Q13131|Q9BVL4_ADEHTGRAG|0.0
Q13131|Q9BVL4_FLDRYDPDH|0.0
Q13131|Q9BVL4_NTGRYAYSK|0.021
Q13131|Q9BVL4_GRYAYSKQP|0.0
Q13131|Q9BVL4_GALVSKLLE|0.0
Q13131|Q9BVL4_WLQAYRARL|0.0
Q13131|P16109_HLGTYGVFT|0.477
Q13131|Q14242_LRNSTDTTP|0.0
Q13131|Q14242_NSTDTTPLT|0.0
Q13131|Q14242_TTPLTGPGT|0.0
Q13131|Q14242_TPESTTVEP|0.0
Q13131|Q14242_PESTTVEPA|0.0
Q13131|Q14242_TTRLTATEA|0.0
Q13131|Q14242_RLTATEAQT|0.0
Q13131|Q14242_PVRNYSPTE|0.009
Q13131|Q14242_VRNYSPTEM|0.63
Q13131|P62341_LVAASAMVR|0.814
Q13131|P62341_RSEASANLG|0.642
Q13131|P62341_VFEEYMRVI|0.0
Q13131|P62341_MRVISQRYP|0.695
Q13131|P62341_VHMDSIPHH|0.374
Q13131|P59797_NQARTPAPS|0.0
Q13131|P59797_TPAPSSART|0.0
Q13131|Q14563_TFARSHPAM|0.668
Q13131|Q14563_HPAMYNPVF|0.537
Q13131|Q14563_SMTPSQKVW|0.55
Q13131|Q13214_ARDPYCAWD|0.0
Q13131|Q13214_RFQPSAKRR|0.0
Q13131|Q99985_KTSEYFSLS|0.0
Q13131|Q99985_DFMGTDAAI|0.025
Q13131|Q99985_FRSLTKRNA|0.873
Q13131|Q99985_CPNDTGGLR|0.613
Q13131|Q99985_CAPKSPQAS|0.383
Q13131|Q99985_SPQASIKWL|0.0
Q13131|Q99985_VAVVTDKWS|0.388
Q13131|O95025_AFTRSLGPT|0.138
Q13131|O95025_SLGPTHDHH|0.0
Q13131|O95025_HDHHYIRTD|0.456
Q13131|O95025_AGGPTFKRI|0.001
Q13131|O95025_QKKDSGMYY|0.0
Q13131|O95025_LLAESRLRY|0.0
Q13131|O15041_IGSASAVAQ|0.044
Q13131|O15041_SCSRYYPTG|0.002
Q13131|O15041_VRKITLEVV|0.0
Q13131|Q13275_RTHLYVCGT|0.0
Q13131|Q13275_PMCTYVNRG|0.002
Q13131|Q13275_NFMRSHPLM|0.0
Q13131|Q13275_HPLMYQAVY|0.0
Q13131|Q13275_ADGRYEVLF|0.0
Q13131|Q13275_LFLGTDRGT|0.0
Q13131|Q13275_GAPRSPEPQ|0.0
Q13131|Q9NS98_HVTVSRVGR|0.0
Q13131|Q9NS98_RQMLYVGSR|0.0
Q13131|Q9H3S1_PRVRYYAGD|0.0
Q13131|Q9H3S1_RVRYYAGDE|0.019
Q13131|Q9H3S1_LGTTTGSLH|0.0
Q13131|Q9H3S1_QGCETLRPG|0.0
Q13131|Q9H3S1_RTSASDVDA|0.6
Q13131|Q9NPR2_HISNYTALL|0.381
Q13131|Q9NPR2_ISNYTALLL|0.461
Q13131|Q9NPR2_TSRVSAPAG|0.314
Q13131|Q9NPR2_LPPETRPLN|0.0
Q13131|Q9NPR2_LGPPSTPLD|0.0
Q13131|Q9NPR2_GPPSTPLDH|0.0
Q13131|Q9NPR2_DHRGYQSLS|0.301
Q13131|Q9NPR2_RGYQSLSDS|0.0
Q13131|Q9NPR2_YQSLSDSPP|0.003
Q13131|Q9NPR2_SRVFTESEK|0.0
Q13131|Q9NPR2_KRPLSIQDS|0.005
Q13131|Q9NPR2_SIQDSFVEV|0.659
Q13131|Q9NPR2_EIRDSVV__|0.018
Q13131|Q9C0C4_ESDCYAEQV|0.0
Q13131|Q9C0C4_LFAGSRSQL|0.452
Q13131|Q9C0C4_ATERTLVYP|0.0
Q13131|Q9C0C4_RTLVYPLEL|0.344
Q13131|Q9C0C4_KEPTSPPFR|0.008
Q13131|Q9C0C4_DPVGYYYSD|0.0
Q13131|Q9C0C4_PVGYYYSDG|0.2
Q13131|Q9C0C4_GYYYSDGSL|0.335
Q13131|Q9C0C4_GGPPSPPPG|0.0
Q13131|Q9C0C4_QPLPSPTRL|0.002
Q13131|Q9C0C4_NANGYVRLQ|0.042
Q13131|Q92854_MRMCTPIRG|0.093
Q13131|Q92854_LPDKTLQFV|0.493
Q13131|Q92854_IQEMSGDAS|0.414
Q13131|Q92854_SGDASVCPD|0.455
Q13131|Q92854_SKGSYRQHF|0.292
Q13131|Q92854_EKTMYLKSS|0.518
Q13131|Q92854_LKFRSALLI|0.911
Q13131|Q92854_DREQSLKET|0.933
Q13131|Q92854_VEPGSFSQQ|0.936
Q13131|Q92854_LDTGYETEQ|0.408
Q13131|Q92854_TGYETEQDT|0.96
Q13131|Q92854_IDDLSARDK|0.442
Q13131|Q92854_KFADSDADG|0.998
Q13131|O95754_SHTLYVGAR|0.0
Q13131|O95754_PAQRSAAVM|0.0
Q13131|O95754_GGVLYAATV|0.0
Q13131|O95754_LYAATVKNY|0.061
Q13131|O95754_QRWTTFLKA|0.0
Q13131|O95754_SGKEYDVLY|0.0
Q13131|O95754_YDVLYLGTE|0.0
Q13131|O95754_AKRGSGFGG|0.0
Q13131|O95754_FGGFSPPFL|0.0
Q13131|O95754_DPCPSPAHI|0.0
Q13131|O95754_CDETSI___|0.0
Q13131|Q9NTN9_LRRPSRELD|0.0
Q13131|Q9NTN9_HWEASPEMQ|0.0
Q13131|Q9NTN9_DKVYYFFTE|0.0
Q13131|Q9NTN9_SFTQSRSSH|0.0
Q13131|Q9NTN9_AICRYDLAE|0.0
Q13131|Q9NTN9_PYMEYQDGS|0.0
Q13131|Q9NTN9_RESQSVENL|0.0
Q13131|Q9NTN9_RRKYSLGRA|0.0
Q13131|Q9NTN9_RAGGSAVQL|0.001
Q13131|Q9NTN9_NGNSYVLLR|0.001
Q13131|Q9NTN9_LDESSV___|0.38
Q13131|Q13591_PPLRTAQYN|0.05
Q13131|Q13591_RTAQYNSKW|0.583
Q13131|Q13591_EDTWTTFMK|0.0
Q13131|Q13591_ELKKTTPWT|0.369
Q13131|Q13591_LKKTTPWTP|0.0
Q13131|Q13591_WTPWTPVNI|0.001
Q13131|Q13591_SGCSTDGLS|0.0
Q13131|Q13591_TDGLSGDFL|0.0
Q13131|Q13591_IHPVSPAPL|0.001
Q13131|Q13591_KLDKYDSVE|0.0
Q13131|Q13591_DKYDSVEAI|0.0
Q13131|Q13591_ERNKYFNPH|0.0
Q13131|Q9P283_ARDFSQLAL|0.0
Q13131|Q9P283_FMCGTNAFS|0.0
Q13131|Q9P283_NLSRTIEKI|0.0
Q13131|Q9P283_QGELYAATV|0.386
Q13131|Q9P283_DPAIYRSLG|0.0
Q13131|Q9P283_PPLRTAQYN|0.001
Q13131|Q9P283_RTAQYNSKW|0.545
Q13131|Q9P283_EDTWTTFMK|0.0
Q13131|Q9P283_AAYRSQGAC|0.0
Q13131|Q9P283_QRSCSNPAP|0.0
Q13131|Q9P283_WSKCSSNCG|0.0
Q13131|Q9P283_SKCSSNCGG|0.0
Q13131|Q9P283_GGMQSRRRA|0.337
Q13131|Q9P283_GPWSSCSRD|0.0
Q13131|Q9P283_KGGGTPKNE|0.0
Q13131|Q9P283_RPEASPGQR|0.516
Q13131|Q9H2E6_VDIDTSHTE|0.42
Q13131|Q9H2E6_DIDTSHTEE|0.045
Q13131|Q9H2E6_YKMDTLEPF|0.458
Q13131|Q9H2E6_SLGESPTLR|0.608
Q13131|Q9H2E6_DMGGSQRVL|0.993
Q13131|Q9H2E6_GSMSSVTKL|0.901
Q13131|Q9H2E6_VTKLSGLFG|0.723
Q13131|Q9H2E6_TALPTPEST|0.772
Q13131|Q9H2E6_YQHEYVDQP|0.438
Q13131|Q9H2E6_ATLEYKTIK|0.434
Q13131|Q9H2E6_ENLDSLPPK|0.461
Q13131|Q9H2E6_QREASLGPP|0.954
Q13131|Q9H2E6_HSSSYGVDY|0.563
Q13131|Q9H2E6_YGVDYKRSY|0.593
Q13131|Q9H2E6_RSYPTNSLT|0.418
Q13131|Q9H2E6_YPTNSLTRS|0.485
Q13131|Q9H2E6_KRNNTNSSN|0.406
Q13131|Q9H2E6_QRVDSIQVH|0.839
Q13131|Q9H2E6_AVTVSRQPS|0.702
Q13131|Q9H2E6_SRQPSLNAY|0.609
Q13131|Q9H2E6_SLNAYNSLT|0.449
Q13131|Q9H2E6_NAYNSLTRS|0.978
Q13131|Q9H2E6_YNSLTRSGL|0.227
Q13131|Q9H2E6_SLTRSGLKR|0.99
Q13131|Q9H3T3_GLLPTPEQT|0.544
Q13131|Q9H3T3_TPEQTPLPQ|0.469
Q13131|Q9H3T3_DFPLTPHAS|0.262
Q13131|Q9H3T3_TPHASPDRR|0.139
Q13131|Q9H3T3_RRVVSAPTG|0.881
Q13131|Q9H3T3_SPPPTGSLR|0.503
Q13131|Q9H3T3_PPTGSLRRP|0.766
Q13131|Q9H3T3_PPAATLRRT|0.038
Q13131|Q9H3T3_RRTHTFNSG|0.987
Q13131|Q9H3T3_HTFNSGEAR|0.707
Q13131|Q9H3T2_DAVVYRSLG|0.0
Q13131|Q9H3T2_HSNITVMFL|0.0
Q13131|Q9H3T2_SGKRTAQTA|0.0
Q13131|Q9H3T2_PRPLSLRSL|0.87
Q13131|Q9H3T2_TPESTPELP|0.0
Q13131|Q9H3T2_VGPSSRQAV|0.0
Q13131|Q8NFY4_VIYRSMGDG|0.645
Q13131|Q8NFY4_EIEAYNHAK|0.0
Q13131|Q8NFY4_KDAESAQSC|0.0
Q13131|Q8NFY4_PVKEYQQNI|0.012
Q13131|Q8NFY4_QNIDSPKLY|0.314
Q13131|Q8NFY4_SPKLYSNLL|0.633
Q13131|Q8NFY4_PNGDTKSMV|0.146
Q13131|Q8NFY4_GDTKSMVMD|0.489
Q13131|Q8NFY4_PTPESTPVL|0.29
Q13131|Q8NFY4_MKSHSEKAH|0.559
Q13131|Q8NFY4_ATHDYNTSF|0.0
Q13131|Q8NFY4_PLTKSSSKR|0.38
Q13131|Q8NFY4_TKSSSKRDH|0.712
Q13131|Q8NFY4_NREASLYSP|0.155
Q13131|Q8NFY4_EASLYSPPS|0.53
Q13131|Q8NFY4_SQRHSISAM|0.936
Q13131|Q8NFY4_RHSISAMPK|0.0
Q13131|Q8NFY4_NRGGYMPTP|0.001
Q13131|Q8NFY4_AKVDYIQGT|0.558
Q13131|Q8NFY4_YIQGTPVSV|0.499
Q13131|Q8NFY4_SRQSSYTSN|0.0
Q13131|Q8NFY4_RQSSYTSNG|0.936
Q13131|Q8NFY4_FVPQTPSVR|0.581
Q13131|O75326_GGESSLSVS|0.006
Q13131|O75326_MLVCSDAAT|0.0
Q13131|O75326_SDAATNKNF|0.001
Q13131|O75326_LPDPSGQWR|0.012
Q13131|P04279_ANKISYQSS|0.0
Q13131|P04279_NKISYQSSS|0.0
Q13131|P04279_ISYQSSSTE|0.059
Q13131|P04279_SYQSSSTEE|0.0
Q13131|P04279_YQSSSTEER|0.42
Q13131|P04279_QSSSTEERR|0.0
Q13131|P04279_QSSIYSQTE|0.0
Q13131|P04279_SSIYSQTEE|0.0
Q13131|P04279_IYSQTEEKA|0.0
Q13131|Q02383___MKSIILF|0.0
Q13131|Q02383_ENKISYQSS|0.0
Q13131|Q02383_NKISYQSSS|0.014
Q13131|Q02383_ISYQSSSTE|0.512
Q13131|Q02383_SYQSSSTEE|0.0
Q13131|Q02383_YQSSSTEER|0.651
Q13131|Q02383_QSSSTEERH|0.0
Q13131|Q02383_QSSSTEERR|0.0
Q13131|Q02383_GGKSTQKDV|0.0
Q13131|Q8NCE0_KRRVYETYE|0.0
Q13131|Q8NCE0_ETYESPLPI|0.0
Q13131|Q8NCE0_YGKGYFGKG|0.0
Q13131|Q8NCE0_QDESTVRRI|0.0
Q13131|Q8NCE0_PTTESFEKS|0.0
Q13131|Q8NCE0_SFEKSVRED|0.0
Q13131|Q8NCE0_REDASPLPH|0.0
Q13131|Q8NCE0_FRTTYMAYH|0.0
Q13131|Q8NCE0_TYMAYHYFR|0.0
Q13131|Q8NCE0_MAYHYFRSK|0.001
Q13131|Q8NCE0_VGLKYGTDL|0.0
Q13131|Q8NCE0_DLLLYRKGP|0.0
Q13131|Q8NCE0_GPPFYHASY|0.0
Q13131|Q7Z333_SGWRTAICP|0.0
Q13131|Q7Z333_ICPDYCPNM|0.0
Q13131|Q7Z333_CPNMYEEME|0.0
Q13131|Q7Z333_SPASYNKEE|0.0
Q13131|Q7Z333_CAKLSHVIK|0.832
Q13131|Q7Z333_IHNLSLDPS|0.07
Q13131|Q7Z333_GEQKSQNNV|0.0
Q13131|Q7Z333_LIPFTEMTN|0.1
Q13131|Q7Z333_FTEMTNASE|0.0
Q13131|Q7Z333_MTNASEKKS|0.116
Q13131|Q7Z333_SEKKSSPFK|0.61
Q13131|Q7Z333_DEEMSNSTS|0.0
Q13131|Q7Z333_ISPKSDTLT|0.412
Q13131|Q7Z333_PKSDTLTDS|0.0
Q13131|Q7Z333_SDTLTDSQI|0.726
Q13131|Q7Z333_SPQNSSQLQ|0.0
Q13131|Q7Z333_PRSISVEEF|0.0
Q13131|Q7Z333_SQKKSSKLC|0.0
Q13131|Q7Z333_QKKSSKLCT|0.0
Q13131|Q7Z333_LCTCTEPIR|0.0
Q13131|Q7Z333_KVPVSKTPK|0.0
Q13131|Q7Z333_PRKAYELSQ|0.121
Q13131|Q7Z333_AYELSQRSL|0.088
Q13131|Q7Z333_LSQRSLDYV|0.0
Q13131|Q7Z333_RSLDYVAQL|0.0
Q13131|Q7Z333_PQNLSVRNN|0.0
Q13131|Q7Z333_DCLETTKNQ|0.0
Q13131|Q7Z333_CLETTKNQG|0.0
Q13131|Q7Z333_IAGLSKSLE|0.0
Q13131|Q7Z333_GLSKSLETS|0.0
Q13131|Q7Z333_KFRRTSVMR|0.68
Q13131|Q7Z333_ECYLSIQTQ|0.0
Q13131|Q7Z333_SLLGSRNQL|0.0
Q13131|Q7Z333_GTGKSKTIV|0.0
Q13131|Q7Z333_VGLLYRLLT|0.0
Q13131|Q7Z333_KELPSHVQA|0.001
Q13131|Q7Z333_ILQLTVQYR|0.337
Q13131|Q7Z333_LTVQYRMHP|0.0
Q13131|Q7Z333_VLQRSLTHP|0.825
Q13131|Q7Z333_PPAASPEAS|0.04
Q13131|Q7Z333_ARAFSEGEQ|0.463
Q13131|Q9P0U3_DRSFTCSTR|0.0
Q13131|Q9P0U3_DNPSSDSFL|0.018
Q13131|Q9P0U3_PSSDSFLGS|0.674
Q13131|Q9P0U3_WRNSTPSSS|0.426
Q13131|Q9P0U3_TRKTSSGLS|0.644
Q13131|Q9P0U3_RKTSSGLSN|0.013
Q13131|Q9P0U3_SSGLSNSFA|0.003
Q13131|Q9P0U3_AYEKSFPIK|0.0
Q13131|Q9P0U3_VPSPSWSGS|0.58
Q13131|Q9P0U3_SPSWSGSCR|0.585
Q13131|Q9P0U3_SCRRSLLSP|0.0
Q13131|Q9P0U3_RSLLSPKKT|0.137
Q13131|Q9P0U3_RRHVSTAEE|0.352
Q13131|Q9P0U3_SRCLSSSKN|0.562
Q13131|Q9P0U3_CLSSSKNTL|0.0
Q13131|Q9P0U3_TLKDSLFKN|0.849
Q13131|Q9P0U3_KDSQTPTPS|0.0
Q13131|Q9P0U3_SQTPTPSST|0.017
Q13131|Q9P0U3_LTSVYDSRA|0.507
Q13131|Q9P0U3_EREHSVHDS|0.008
Q13131|Q9P0U3_GHKLTDSED|0.966
Q13131|Q9P0U3_KLTDSEDEF|0.874
Q13131|Q9HC62_RRSDSTLFS|0.998
Q13131|Q9HC62_RSDSTLFST|0.84
Q13131|Q9HC62_LGNKSPNGI|0.985
Q13131|Q9HC62_GISDYPKIR|0.689
Q13131|Q9HC62_GRRHSKGNP|0.831
Q13131|Q9HC62_GHGNSVCPV|0.873
Q13131|Q9HC62_VTSNYHSSQ|0.93
Q13131|Q9HC62_GPLCSLRSE|0.517
Q13131|Q9HC62_CSLRSEKRC|0.591
Q13131|Q9HC62_EKRCSKGKI|0.753
Q13131|Q9HC62_SIIETKEKN|0.505
Q13131|Q9HC62_KCLKYLDSM|0.841
Q13131|Q9HC62_KYLDSMGQK|0.716
Q13131|Q9HC62_KYADYISRD|0.517
Q13131|Q9H4L4_PRLKSGGGF|0.72
Q13131|Q9H4L4_VPRPSFDAS|0.002
Q13131|Q9H4L4_PPVPSGPPM|0.0
Q13131|Q9H4L4_LDPDSGLLS|0.238
Q13131|Q9H4L4_VRRRTITYF|0.381
Q13131|Q9H4L4_TYFDSQRTL|0.007
Q13131|Q9H4L4_HIAKYLQAE|0.02
Q13131|Q96HI0_KHFISSSKT|0.0
Q13131|Q96HI0_HFISSSKTL|0.017
Q13131|Q96HI0_GESQSPGES|0.0
Q13131|Q96HI0_IRFRYRILR|0.402
Q13131|Q96HI0_GEGGSCSPF|0.0
Q13131|Q96HI0_GGSCSPFPS|0.067
Q13131|Q96HI0_SPFPSPEPK|0.33
Q13131|Q96HI0_TKGSSFLGK|0.0
Q13131|Q96HI0_GADTSVSSV|0.341
Q13131|Q96HI0_DTSVSSVDG|0.662
Q13131|Q96HI0_TSVSSVDGP|0.577
Q13131|Q96HI0_QNENSYQME|0.898
Q13131|Q96HI0_PYCKSPLEA|0.687
Q13131|Q96HI0_WSLITVTLS|0.046
Q13131|Q96HI0_NIRKYLLTE|0.43
Q13131|Q96HI0_KYLLTEARE|0.12
Q13131|Q9GZR1_AAGKSGGSA|0.6
Q13131|Q9GZR1_KSGGSAGEI|0.018
Q13131|Q9GZR1_ALARSESKR|0.433
Q13131|Q9GZR1_KNNWSFDHE|0.005
Q13131|Q9GZR1_TNLLSVDED|0.062
Q13131|Q9GZR1_ESFKTLKGN|0.0
Q13131|Q9GZR1_HCSTYQPTP|0.0
Q13131|Q9GZR1_TYQPTPPLS|0.0
Q13131|Q9GZR1_TPPLSPASK|0.004
Q13131|Q9GZR1_LSPASKKCL|0.131
Q13131|Q9GZR1_DNDRTNRRE|0.459
Q13131|Q9GZR1_SACSSPAPS|0.003
Q13131|Q9GZR1_LNTVTLPRK|0.653
Q13131|Q9GZR1_QFGNSIINT|0.347
Q13131|Q9GZR1_KNNISNFFA|0.0
Q13131|Q9GZR1_CTRTYEESI|0.0
Q13131|Q9GZR1_SIKGSCGQK|0.384
Q13131|Q9GZR1_SQNSSAKPV|0.474
Q13131|Q9GZR1_NHTASENEE|0.075
Q13131|Q9GZR1_RLNYSDESP|0.347
Q13131|Q9GZR1_GPSRSNVVK|0.621
Q13131|Q9BQF6_RRPSSSEII|0.766
Q13131|Q9BQF6_RPSSSEIIT|0.05
Q13131|Q9BQF6_KRKKSSSDL|0.0
Q13131|Q9BQF6_VHVQSPLSK|0.0
Q13131|Q9BQF6_TSKSSPERQ|0.0
Q13131|Q9BQF6_VGISSLVEK|0.0
Q13131|Q9BQF6_LQKQSSGCY|0.0
Q13131|Q9BQF6_QKQSSGCYS|0.019
Q13131|Q9BQF6_SAEDSQSTE|0.0
Q13131|Q9BQF6-5_GRRPSSSEI|0.0
Q13131|Q9BQF6-5_RRPSSSEII|0.002
Q13131|Q9BQF6-5_RPSSSEIIT|0.0
Q13131|Q9BQF6-5_RKKSSSDLS|0.0
Q13131|Q9BQF6-5_TSKSSPERI|0.0
Q13131|Q9BQF6-5_GSQRSKTVD|0.0
Q13131|Q9BQF6-5_QRSKTVDDN|0.0
Q13131|Q9BQF6-5_KVELTLISR|0.0
Q13131|Q9BQF6-5_LTLISRKTK|0.0
Q13131|Q9BQF6-5_PIVVSSDEE|0.0
Q13131|Q9BQF6-5_IVVSSDEEG|0.0
Q13131|Q9BQF6-5_QDRETTNEN|0.0
Q13131|Q9BQF6-5_LKSVSQPSN|0.0
Q13131|Q9BQF6-5_QYVESFFKD|0.0
Q13131|O60613_AAGPSGCLV|0.0
Q13131|O60613_WNTDSVEEF|0.0
Q13131|Q14674___MRSFKRV|0.665
Q13131|Q14674_APQDYEAVA|0.0
Q13131|Q14674_NDLNYEDKL|0.0
Q13131|Q14674_LKDHSKAAG|0.0
Q13131|Q14674_SFLDYGENL|0.0
Q13131|Q14674_ELVATVAKE|0.002
Q13131|Q14674_IAPSTNSSP|0.0
Q13131|Q14674_SLCASPVLT|0.0
Q13131|Q14674_LNHKTPPSL|0.0
Q13131|Q14674_GQKRSGRGR|0.001
Q13131|Q14674_QKLASAPLR|0.453
Q13131|Q14674_VAPGSAPGN|0.007
Q13131|Q14674_LNGRSRRAK|0.912
Q13131|Q14674_PQRASDQAR|0.883
Q13131|Q14674_DGEDSASGG|0.144
Q13131|Q14674_PEAASGEWE|0.0
Q13131|Q14674_LRLDSSKKK|0.819
Q13131|Q14674_RLDSSKKKL|0.555
Q13131|Q14674_HRDPYATAF|0.0
Q13131|Q14674_KHRGSLEIA|0.0
Q13131|Q14674_LHLRSVLNE|0.471
Q13131|Q14674_QKENSSCTD|0.0
Q13131|Q14674_KENSSCTDK|0.266
Q13131|Q14674_NSSCTDKRE|0.0
Q13131|Q14674_AQEASRLQE|0.0
Q13131|Q14674_LQGLTVPSN|0.0
Q13131|Q14674_LTVPSNSHL|0.0
Q13131|Q14674_VPSNSHLVL|0.663
Q13131|Q14674_PRLKYLIGA|0.0
Q13131|Q14674_GLPVSLR__|0.001
Q13131|P49903_STRESFNPE|0.0
Q13131|P49903_ELDKSFRLT|0.671
Q13131|P49903_AEIKSPKYG|0.0
Q13131|P49903_KSPKYGEGH|0.0
Q13131|P49903_TPGATS___|0.025
Q13131|Q99611_TLGRSFSNY|0.279
Q13131|Q99611_GRSFSNYRP|0.0
Q13131|Q99611_ALGLSPSWR|0.336
Q13131|Q99611_GAGPSPTFP|0.033
Q13131|Q99611_GPSPTFPAL|0.0
Q13131|Q9NZV5_RGPPSPGPA|0.0
Q13131|Q9NZV5_RRARSLALL|0.678
Q13131|Q9NZV5-2_TPAASCEEE|0.0
Q13131|P49908_CKRVSLATV|0.0
Q13131|Q8WYJ6_MDKEYVGFA|0.0
Q13131|Q8WYJ6_LHRKSVKKG|0.483
Q13131|Q8WYJ6_SLFLTNLYE|0.0
Q13131|Q8WYJ6_LTNLYEDRQ|0.0
Q13131|Q8WYJ6_VPEASARLT|0.0
Q13131|Q8WYJ6_NIQDSRVHC|0.0
Q13131|Q8WYJ6_EIHIYQFPE|0.0
Q13131|Q8WYJ6_RGRRYSWGT|0.517
Q13131|Q8WYJ6_YSWGTVEVE|0.0
Q13131|Q8WYJ6_HDLLYEGYR|0.0
Q13131|Q8WYJ6_LYEGYRARC|0.0
Q13131|Q8WYJ6_RQSATEIPL|0.0
Q13131|Q9P0V9_ATKTTCMSS|0.0
Q13131|Q9P0V9_TTCMSSQGS|0.318
Q13131|Q9P0V9_SSQGSDDEQ|0.0
Q13131|Q9P0V9_HVCLYFISP|0.0
Q13131|Q9P0V9_TVSKTELQK|0.0
Q13131|Q9P0V9_HTRHYELYR|0.027
Q13131|Q9P0V9_HYELYRRCK|0.0
Q13131|Q9P0V9_KKATSEIFH|0.782
Q13131|Q9P0V9_EIFHSQSFL|0.735
Q13131|Q9P0V9_FHSQSFLAT|0.887
Q13131|Q9P0V9_LATGSNLRK|0.568
Q13131|Q9NVA2_LRNLSLSGH|0.907
Q13131|Q9NVA2_TLFNTKFES|0.0
Q13131|Q9NVA2_LKARSYELQ|0.03
Q13131|Q9NVA2_KARSYELQE|0.0
Q13131|Q9NVA2_ELQESNVRL|0.691
Q13131|Q9NVA2_NYHDTRIHA|0.0
Q13131|Q9NVA2_HTRHYELYR|0.502
Q13131|Q9NVA2_HYELYRRCK|0.0
Q13131|Q9NVA2_GFKDTDPDS|0.0
Q13131|Q9NVA2_TDPDSKPFS|0.003
Q13131|Q9NVA2_SKPFSLQET|0.612
Q13131|Q9NVA2_LQETYEAKR|0.047
Q13131|Q9NVA2_QLLQSQAQQ|0.029
Q13131|Q9NVA2_QAQQSGAQQ|0.0
Q13131|Q8IYM1_RLNESHLLP|0.0
Q13131|Q6ZU15_LVSRSIRQG|0.529
Q13131|Q6ZU15_RQGFTFNIL|0.0
Q13131|Q6ZU15_CVGETGIGK|0.0
Q13131|Q6ZU15_SELISNGIQ|0.002
Q13131|Q6ZU15_EKEATFKEA|0.0
Q13131|Q15019_KQQPTQFIN|0.0
Q13131|Q15019_INPETPGYV|0.207
Q13131|Q15019_VHRKSVKKG|0.463
Q13131|Q15019_KIERTVQIE|0.0
Q13131|Q15019_KTIISYIDE|0.0
Q13131|Q15019_LQEVTQDLH|0.0
Q13131|Q15019_QDLHYENFR|0.0
Q13131|Q9UH03_VVGQSGLGK|0.015
Q13131|Q9UH03_TLFKSQVSR|0.0
Q13131|Q9UH03_KSQVSRKAS|0.0
Q13131|Q9UH03_RKASSWNRE|0.0
Q13131|O43236_ARPRSPWGK|0.002
Q13131|O43236_DDKEYVGFA|0.492
Q13131|O43236_VGFATLPNQ|0.522
Q13131|O43236-8__MVKTNKPG|0.501
Q13131|O43236-8_AQRGSEVTT|0.0
Q13131|O43236-8_TGPRTESSR|0.0
Q13131|O43236-8_RRILSYPKD|0.503
Q13131|O43236-8_RILSYPKDE|0.0
Q13131|Q99719_SKLATPEDK|0.0
Q13131|Q99719_IDKQYVGFA|0.54
Q13131|Q99719_VGFATLPNQ|0.521
Q13131|Q99719_RKLLSAEER|0.0
Q13131|Q99719_AVIGSNTVV|0.003
Q13131|Q99719_IGSNTVVEA|0.242
Q13131|Q99719_PDAETEKLI|0.001
Q13131|Q99719-2_IDKQYVGFA|0.0
Q13131|Q14141_TLFNTKFEG|0.0
Q13131|Q14141_TYHDSRIHV|0.061
Q13131|Q14141_AISKSELTK|0.001
Q13131|Q14141_HTRHYELYR|0.269
Q13131|Q14141_HYELYRRCK|0.0
Q13131|Q14141_GFKDTDPDS|0.0
Q13131|Q14141_TDPDSKPFS|0.0
Q13131|Q14141_SKPFSLQET|0.754
Q13131|Q14141_LQETYEAKR|0.007
Q13131|Q14141_DKKKSLDDE|0.465
Q13131|Q16181_PNQVYRKSV|0.0
Q13131|Q16181_VYRKSVKRG|0.48
Q13131|Q16181_TDLYSPEYP|0.023
Q13131|Q16181_YSPEYPGPS|0.0
Q13131|Q16181_KFEDYLNAE|0.0
Q13131|Q16181_KIKIYEFPE|0.0
Q13131|Q16181_NNVHYENYR|0.514
Q13131|Q16181_HYENYRSRK|0.004
Q13131|Q16181_LAAVTYNGV|0.594
Q13131|Q16181_KGQLTKSPL|0.615
Q13131|Q16181-2_NLEGYVGFA|0.0
Q13131|Q92599__MAATDLER|0.986
Q13131|Q92599_VGFDSLPDQ|0.52
Q13131|Q92599_DQLVSKSVT|0.0
Q13131|Q92599_QLKLTIVDA|0.527
Q13131|Q92599_KIRRSLFDY|0.944
Q13131|Q92599_HSRHYELYR|0.471
Q13131|Q92599_HYELYRRCK|0.0
Q13131|Q92599_GFQDSDGDS|0.0
Q13131|Q92599_SQPFSLQET|0.0
Q13131|Q92599_LQETYEAKR|0.002
Q13131|Q92599_ALHATSQQP|0.0
Q13131|Q92599-4_SGWSSIYSV|0.0
Q13131|Q92599-4_SSIYSVTIP|0.0
Q13131|Q92599-4_IYSVTIP__|0.0
Q13131|Q9UHD8_KKSYSGGTR|0.504
Q13131|Q9UHD8_GGTRTSSGR|0.0
Q13131|Q9UHD8_TRTSSGRLR|0.035
Q13131|Q9UHD8_TVASSTQKF|0.671
Q13131|Q9UHD8_VASSTQKFQ|0.0
Q13131|Q9UHD8_GVKNSEPSA|0.0
Q13131|Q9UHD8_RHVDSLSQR|0.64
Q13131|Q9UHD8_RTELSIDIS|0.818
Q13131|Q9UHD8_SIDISSKQV|0.0
Q13131|Q9UHD8_KPQESAHRR|0.829
Q13131|Q9UHD8_PTAPSPAQT|0.0
Q13131|Q9UHD8_TLENSEPAP|0.0
Q13131|Q9UHD8_PAPVSQLQS|0.497
Q13131|Q9UHD8_VAEATPRSQ|0.637
Q13131|Q9UHD8_SQEATEAAP|0.0
Q13131|Q9UHD8_EAAPSCVGD|0.121
Q13131|Q9UHD8_DMADTPRDA|0.56
Q13131|Q9UHD8_VGIDSILEQ|0.0
Q13131|Q9UHD8_TLINTLFKS|0.0
Q13131|Q9UHD8_SVQPTSEER|0.804
Q13131|Q9UHD8_TVIDTPGFG|0.0
Q13131|Q9UHD8_AKADTLTLE|0.0
Q13131|Q9UHD8_FDEDSEDRL|0.596
Q13131|Q9UHD8_AVVGSDHEY|0.0
Q13131|Q9UHD8_SDHEYQVNG|0.0
Q13131|Q9UHD8_LLIRTHMQN|0.25
Q13131|Q9UHD8-2_RDRISALKR|0.42
Q13131|Q9UHD8-5____MSDPAV|0.0
Q13131|Q9UHD8-5_ALKRSFEVE|0.0
Q13131|Q9UHD8-7_KKSYSALKR|0.0
Q13131|P63302_KGDGYVDTE|0.0
Q13131|Q9NZV6____MSFCSF|0.0
Q13131|Q96JX3_SPPKSGTHW|0.0
Q13131|Q96JX3_SLPQTELDE|0.0
Q13131|Q96JX3_RQQDSEQAV|0.001
Q13131|Q96JX3_DRYTTCWPK|0.0
Q13131|Q96JX3_VNIRYLLFP|0.0
Q13131|P16615_GESVSVIKH|0.581
Q13131|P16615_VIKHTDPVP|0.018
Q13131|P16615_VVVATGVNT|0.0
Q13131|P16615_TGVNTEIGK|0.458
Q13131|P16615_EMVATEQER|0.098
Q13131|P16615_GEQLSKVIS|0.0
Q13131|P16615_RGAIYYFKI|0.484
Q13131|P16615_RSLPSVETL|0.909
Q13131|P16615_TLGCTSVIC|0.215
Q13131|P16615_LGCTSVICS|0.686
Q13131|P16615_SALDYNEAK|0.277
Q13131|P16615_VGEATETAL|0.637
Q13131|P16615_KKEFTLEFS|0.018
Q13131|P16615_TLEFSRDRK|0.759
Q13131|P16615_RKSMSVYCT|0.457
Q13131|P16615_SMSVYCTPN|0.21
Q13131|P16615_SVYCTPNKP|0.464
Q13131|P16615_PNKPSRTSM|0.849
Q13131|P16615_IRVGSTKVP|0.205
Q13131|P16615_RVGSTKVPM|0.984
Q13131|P16615_VPMTSGVKQ|0.007
Q13131|P16615_QKIMSVIRE|0.402
Q13131|P16615_REWGSGSDT|0.694
Q13131|P16615_WGSGSDTLR|0.926
Q13131|P16615_SGSDTLRCL|0.031
Q13131|P16615_IEVASSVKL|0.941
Q13131|P16615_VIMITGDNK|0.332
Q13131|P16615_DEDVTSKAF|0.01
Q13131|P16615_EDVTSKAFT|0.001
Q13131|P16615_EFLQSFDEI|0.0
Q13131|P16615_IAMGSGTAV|0.48
Q13131|P16615_MGSGTAVAK|0.072
Q13131|P16615_AKTASEMVL|0.614
Q13131|P16615_DDNFSTIVA|0.312
Q13131|P16615_DNFSTIVAA|0.0
Q13131|P16615_EPLISGWLF|0.29
Q13131|P16615_LFFRYLAIG|0.093
Q13131|P16615_RVSFYQLSH|0.88
Q13131|P16615_VLKISLPVI|0.001
Q13131|P16615_LMDETLKFV|0.554
Q13131|P16615_VARNYLEPG|0.446
Q13131|O75920_RKEDSLTAS|0.0
Q13131|O75920_EDSLTASQR|0.0
Q13131|O75920_SLTASQRKQ|0.0
Q13131|O75920_GGQKSESKM|0.003
Q13131|O75920_QKSESKMSA|0.0
Q13131|O75920-2_SLTASQRKQ|0.0
Q13131|P84101_KQSDSVKGK|0.613
Q13131|P84101_DDGLSAAAR|0.422
Q13131|P84101_KQRDSEIMQ|0.81
Q13131|Q9UGK8_KLETYEGWK|0.0
Q13131|Q9UGK8_PKVTYLSPD|0.507
Q13131|Q9UGK8_VTYLSPDAI|0.495
Q13131|Q9H4I8____MSENAA|0.0
Q13131|Q9NRX5_RCCPSGNNS|0.0
Q13131|Q9NRX5_SGNNSTVTR|0.0
Q13131|Q9NRX5_GNNSTVTRL|0.0
Q13131|Q9NRX5_NSTVTRLIY|0.0
Q13131|Q9NRX5_VNKLTLTSD|0.0
Q13131|Q9NRX5_KLTLTSDES|0.0
Q13131|Q9NRX5_LTLTSDEST|0.0
Q13131|Q96SA4_RKMISTWTA|0.0
Q13131|Q96SA4_ISTWTAVWV|0.0
Q13131|Q13530_EPDRSCNPN|0.0
Q13131|Q13530_ITAPTLAPG|0.0
Q13131|Q13530_SSIRTSTNS|0.0
Q13131|Q13530_SIRTSTNSQ|0.0
Q13131|Q13530_VDKLTLSGS|0.0
Q13131|Q13530_KLTLSGSDS|0.41
Q13131|Q13530_SGSDSVILG|0.0
Q13131|A6NH21_HSPTSPRAQ|0.0
Q13131|Q86VE9_LQGRYAAPE|0.002
Q13131|P01009_AAQKTDTSH|0.008
Q13131|P01009_QKTDTSHHD|0.0
Q13131|P01009_QINDYVEKG|0.666
Q13131|P01009_KKLSSWVLL|0.005
Q13131|P01009_EDRRSASLH|0.473
Q13131|P01009_RRSASLHLP|0.29
Q13131|P01009_LPKLSITGT|0.0
Q13131|P01009_KLSITGTYD|0.0
Q13131|P01009_ITGTYDLKS|0.002
Q13131|P01009_YDLKSVLGQ|0.319
Q13131|P01009_GADLSGVTE|0.0
Q13131|P01009_VVNPTQK__|0.911
Q13131|Q9UK55_LKLPYQGNA|0.0
Q13131|Q9UK55_QGNATMLVV|0.0
Q13131|Q8IW75_LLKPSFSPR|0.101
Q13131|Q8IW75_APHRSLKVG|0.0
Q13131|P20848_ADTRTEILE|0.0
Q13131|P20848_TTGSSLFVN|0.0
Q13131|P20848_FVNKSMKLV|0.0
Q13131|P01011_EENLTQENQ|0.0
Q13131|P01011_KDLDSQTMM|0.0
Q13131|P01011_LDSQTMMVL|0.0
Q13131|P01011_TGNASALFI|0.0
Q13131|P01011_LLPETLKRW|0.0
Q13131|P01011_RWRDSLEFR|0.0
Q13131|P01011_EEAFTSKAD|0.0
Q13131|P01011_LSGITGARN|0.0
Q13131|P01011_ITLLSALVE|0.0
Q13131|P29622_AFRFYYLIA|0.0
Q13131|P29622_FRFYYLIAS|0.0
Q13131|P29622_YLIASETPG|0.0
Q13131|P29622_SISGSYVLD|0.0
Q13131|P05154_LVLLSPQGA|0.0
Q13131|P05154_PQGASLHRH|0.0
Q13131|P05154_NHKGTQEQD|0.0
Q13131|P08185_NIFISPVSI|0.0
Q13131|P08185_LAMLSLGTC|0.0
Q13131|P05543_QPNATLYKM|0.0
Q13131|P05543_NATLYKMSS|0.039
Q13131|P05543_STDFSNISA|0.0
Q13131|P05543_QEINSHVEM|0.0
Q13131|P05543_VEMQTKGKV|0.0
Q13131|P05543_QIDRSFMLL|0.0
Q13131|Q86WD7_STKSTPASQ|0.0
Q13131|Q86WD7_SQVYSLNTD|0.0
Q13131|Q86WD7_ARINSHVKK|0.0
Q13131|Q86WD7_FIVRSKDGP|0.0
Q13131|P30740_FHFNTVEEV|0.0
Q13131|P30740_SRFQSLNAD|0.946
Q13131|P30740_RGASYILKL|0.565
Q13131|P30740_YGEKTYNFL|0.0
Q13131|P30740_DARKTINQW|0.0
Q13131|P30740_VNAIYFKGN|0.582
Q13131|P30740_FAYGYIEDL|0.0
Q13131|P30740_DLFNSSKAD|0.641
Q13131|P30740_IRHNSSGSI|0.923
Q13131|P48595_AFSQSKADF|0.0
Q13131|Q96P15_ARLQTVDFE|0.0
Q13131|Q96P15_DFEQSTEET|0.0
Q13131|Q96P15_FEQSTEETR|0.0
Q13131|Q96P15_YLDVSEEGT|0.0
Q13131|Q96P15_THTNTILFC|0.0
Q13131|Q96P15_GKLASP___|0.0
Q13131|Q96P63_FSPLSLSAA|0.0
Q13131|Q96P63_PLSLSAALG|0.0
Q13131|Q9UIV8_ETKSSRIKA|0.782
Q13131|Q9UIV8_QKFLTEISK|0.483
Q13131|Q9UIV8_LGIPYKNND|0.709
Q13131|P05120_ANAVTPMTP|0.0
Q13131|P05120_VTPMTPENF|0.0
Q13131|P05120_EKSASFREE|0.778
Q13131|P05120_KKINSWVKT|0.0
Q13131|P05120_SWVKTQTKG|0.0
Q13131|P05120_VKTQTKGKI|0.007
Q13131|P05120_NKWTSKDKM|0.001
Q13131|P29508_PISITSALG|0.047
Q13131|P29508_KAATYHVDR|0.614
Q13131|P29508_FLQEYLDAI|0.421
Q13131|P29508_KFYQTSVES|0.042
Q13131|P29508_KKINSWVES|0.968
Q13131|P29508_SWVESQTNE|0.594
Q13131|P29508_VNAIYFKGQ|0.416
Q13131|P29508_PNKNTYKSI|0.209
Q13131|P29508_MMRQYTSFH|0.903
Q13131|P29508_SILFYGRFS|0.058
Q13131|P48594_KAATYHVDR|0.251
Q13131|P48594_IKKFYQTSV|0.532
Q13131|P48594_FYQTSVEST|0.0
Q13131|P48594_KKINSWVES|0.698
Q13131|P48594_SWVESQTNE|0.218
Q13131|P48594_VNAIYFKGQ|0.114
Q13131|P48594_AAAATAVVV|0.0
Q13131|P48594_VVELSSPST|0.0
Q13131|P48594_VELSSPSTN|0.0
Q13131|P48594_SSPSTNEEF|0.0
Q13131|P48594_SILFYGRFS|0.0
Q13131|P35237_LAMVYMGAK|0.0
Q13131|P35237_AKGNTAAQM|0.0
Q13131|P35237_AQILSFNKS|0.001
Q13131|P35237_SFNKSGGGG|0.642
Q13131|P35237_FGEKSCDFL|0.0
Q13131|P35237_VNAVYFRGN|0.95
Q13131|P35237_DKENTEERL|0.0
Q13131|P35237_KELTYEKFV|0.0
Q13131|P35237_FSGMSQTDL|0.524
Q13131|O75635_LMEWTNPRR|0.692
Q13131|O75635_GTEATAATG|0.604
Q13131|O75635_ATAATGSNI|0.0
Q13131|O75635_AATGSNIVE|0.009
Q13131|P50452_AKGSTAAQM|0.0
Q13131|P50452_AAQMSQALC|0.0
Q13131|P50452_ALCLYKDGD|0.0
Q13131|P50452_QSLLSEVNR|0.0
Q13131|P50452_EVNRTGTQY|0.001
Q13131|P50452_VNAIYFKGK|0.001
Q13131|P50452_FDRKYTRGM|0.54
Q13131|P50452_KLTKSKVQV|0.0
Q13131|P50452_VVRNSRCSR|0.586
Q13131|P50453___METLSNA|0.0
Q13131|P50453_RAFQSLLTE|0.0
Q13131|P50453_CQFLSTFKE|0.0
Q13131|P50453_VNAIYFKGK|0.0
Q13131|P01008_IGTVTSGKR|0.529
Q13131|P01008_CIYRSPEKK|0.0
Q13131|P01008_NAEQSRAAI|0.0
Q13131|P01008_KELFYKADG|0.0
Q13131|P05546_ENTVTNDWI|0.734
Q13131|P05546_EDDDYLDLE|0.0
Q13131|P05546_AFNLYRVLK|0.585
Q13131|P05121_LRHLYKELM|0.71
Q13131|P05121_VNALYFNGQ|0.0
Q13131|P05121_GQWKTPFPD|0.0
Q13131|P07093_DNLLSPDLI|0.0
Q13131|P07093_DSWMSIMVP|0.406
Q13131|A8MV23_LVLVSTMSF|0.0
Q13131|A8MV23_VLVSTMSFQ|0.0
Q13131|A8MV23_SFQGTWRKR|0.0
Q13131|A8MV23_RPFIYFLRE|0.0
Q13131|A8MV23_NTGITVFFD|0.0
Q13131|P08697_AAAATSIAM|0.0
Q13131|P08697_AAATSIAMS|0.0
Q13131|P08697_MSRMSLSSF|0.0
Q13131|P08697_RMSLSSFSV|0.224
Q13131|P08697_LSSFSVNRP|0.566
Q13131|P08697_DFLQSLKGF|0.012
Q13131|P08697_MEEDYPQFG|0.0
Q13131|P05155_LNAIYLSAK|0.466
Q13131|P05155_AIYLSAKWK|0.462
Q13131|P05155_EQALSPSVF|0.0
Q13131|P05155_AAAASAISV|0.0
Q13131|P50454_AAPGTAEKL|0.244
Q13131|P50454_AEKLSPKAA|0.51
Q13131|P50454_NILVSPVVV|0.0
Q13131|P50454_WKLGSRLYG|0.929
Q13131|P50454_LYGPSSVSF|0.42
Q13131|P50454_YGPSSVSFA|0.616
Q13131|P50454_DFVRSSKQH|0.711
Q13131|P50454_FVRSSKQHY|0.546
Q13131|P50454_SKQHYNCEH|0.008
Q13131|P50454_NCEHSKINF|0.0
Q13131|P50454_AAQTTDGKL|0.027
Q13131|P50454_VTRSYTVGV|0.956
Q13131|P50454_GLYNYYDDE|0.013
Q13131|P50454_LYNYYDDEK|0.494
Q13131|P50454_PKLFYADHP|0.0
Q13131|P50454_TQSGSLLFI|0.913
Q13131|Q99574_NILFSPLSI|0.511
Q13131|Q99574_ALGITEIFI|0.0
Q13131|Q99574_DANLTGLSD|0.003
Q13131|O75830_VNAIYFKGD|0.0
Q13131|O75830_LRTKYGYFS|0.0
Q13131|P31645_AGDDTRHSI|0.48
Q13131|Q14140_GKIVSPCDG|0.339
Q13131|Q9UJW9_LLRISLDKV|0.188
Q13131|Q9NUC0_TLVLSMNRF|0.0
Q13131|Q9NUC0_SASSSSSSS|0.003
Q13131|Q9NUC0_ASSSSSSSS|0.002
Q13131|Q9NUC0_SSSSSSSSS|0.0
Q13131|Q9Y6P5_HYRHYIGIM|0.476
Q13131|Q9Y6P5_ARAVSRHFE|0.131
Q13131|Q9Y6P5_FEDTSYGYK|0.233
Q13131|Q9Y6P5_EDTSYGYKD|0.0
Q13131|Q9Y6P5-2_LLMLSKRCP|0.0
Q13131|P58004_PRGPSAFIP|0.333
Q13131|P58004_PTFGYEDFT|0.453
Q13131|P58005_RGGGSPSAA|0.18
Q13131|P58005_DEEASQEEM|0.0
Q13131|P58005_QEEMSTRFE|0.37
Q13131|P58005_EEMSTRFEK|0.001
Q13131|P58005_YPERTTKRM|0.0
Q13131|P58005_RMYDSYWRQ|0.0
Q13131|P58005_MYDSYWRQF|0.0
Q13131|Q86VW0_KLLDSLREQ|0.022
Q13131|Q86VW0_LREQYTRYQ|0.689
Q13131|Q86VW0_QYTRYQEVC|0.445
Q13131|Q86VW0_LDRLTVPVV|0.0
Q13131|Q86VW0_VPVVYPDGT|0.0
Q13131|Q86VW0_YPDGTEQYF|0.0
Q13131|Q86VW0_GTEQYFGSP|0.003
Q13131|Q86VW0_QYFGSPSDM|0.0
Q13131|Q86VW0_FGSPSDMAS|0.0
Q13131|Q86VW0_SDMASTAEN|0.0
Q13131|Q86VW0_DMASTAENI|0.0
Q13131|Q01105_EALHYLTRV|0.589
Q13131|Q01105_RVEVTEFED|0.0
Q13131|Q01105_EDIKSGYRI|0.504
Q13131|Q01105_RIDFYFDEN|0.51
Q13131|Q01105_DENPYFENK|0.483
Q13131|Q01105_HLNESGDPS|0.688
Q13131|Q01105_SGDPSSKST|0.355
Q13131|Q01105_IKWKSGKDL|0.403
Q13131|Q01105_QNKASRKRQ|0.701
Q13131|Q01105-2____MSAPAA|0.0
Q13131|Q01105-2_DENPYFENK|0.0
Q13131|Q01105-2_QNKASRKRQ|0.0
Q13131|Q9Y6X0_RETLSSSRQ|0.0
Q13131|Q9Y6X0_TLSSSRQRG|0.0
Q13131|Q9Y6X0_DLAASDLKG|0.0
Q13131|Q9Y6X0_SAGNTWSQL|0.0
Q13131|Q9Y6X0_KALASGITM|0.0
Q13131|Q9Y6X0_SCSSSVALK|0.0
Q13131|Q9Y6X0_SKRGTIYIG|0.0
Q13131|Q9Y6X0_TWKLSPPRL|0.0
Q13131|Q9Y6X0_LMANSPSHL|0.0
Q13131|Q9Y6X0_LQGFSYPIP|0.0
Q13131|Q9Y6X0_QGFSYPIPS|0.0
Q13131|Q9Y6X0_LPLVSEKNK|0.0
Q13131|Q9Y6X0_CTKRYSGSG|0.0
Q13131|Q9Y6X0_TKRYSGSGG|0.0
Q13131|Q9Y6X0_RYSGSGGDG|0.0
Q13131|Q9Y6X0_GDGGSTRSE|0.0
Q13131|Q9Y6X0_DGGSTRSEN|0.0
Q13131|Q9Y6X0_DVSGSKRRS|0.0
Q13131|Q9Y6X0_APVLSLLAA|0.0
Q13131|Q9Y6X0_AVGSSLKKR|0.001
Q13131|Q9Y6X0_RQSKTGNNF|0.0
Q13131|O15047_LKEVTFARL|0.0
Q13131|O15047_QRMKYYELI|0.0
Q13131|O15047_RMKYYELIV|0.481
Q13131|O15047_VNGSYTPQT|0.0
Q13131|O15047_KFQGSGAAT|0.0
Q13131|O15047_SRRRSSSDT|0.0
Q13131|O15047_RRRSSSDTA|0.005
Q13131|O15047_RRSSSDTAA|0.0
Q13131|O15047_SSSDTAAYP|0.0
Q13131|O15047_TPQSSQGTP|0.0
Q13131|O15047_SSQGTPYTS|0.0
Q13131|O15047_QGTPYTSRG|0.0
Q13131|O15047_GTPYTSRGS|0.0
Q13131|O15047_STPYSQDSA|0.0
Q13131|O15047_SSTTSTSFK|0.0
Q13131|O15047_RRHFSASSA|0.0
Q13131|O15047_AIAATTAAT|0.0
Q13131|O15047_ASSSSLSSS|0.0
Q13131|O15047_SLSSSSSSS|0.636
Q13131|O15047_LSSSSSSSS|0.001
Q13131|O15047_SSSSSSSSS|0.0
Q13131|O15047_SDANYPAYY|0.0
Q13131|O15047_YPAYYESWN|0.0
Q13131|O15047_PRRATREEP|0.576
Q13131|O15047_FPPSYTSYL|0.0
Q13131|O15047_GGGPSPERE|0.0
Q13131|O15047_KEQRSKFSF|0.001
Q13131|O15047_VPSGSGHGP|0.659
Q13131|O15047_EPGATRESP|0.0
Q13131|O15047_DMEISDDDR|0.742
Q13131|O15047_FAFGSGLRG|0.052
Q13131|O15047_LRLPSFKVK|0.0
Q13131|O15047_ETEVSDGED|0.0
Q13131|O15047_SESSSSSSS|0.0
Q13131|O15047_ESSSSSSSS|0.0
Q13131|O15047_VPVPTPAPV|0.105
Q13131|O15047_GSPVTPLPE|0.0
Q13131|O15047_EQEASPARP|0.0
Q13131|O15047_KRRKTVSFS|0.784
Q13131|O15047_RKTVSFSAI|0.72
Q13131|O15047_TVSFSAIEV|0.0
Q13131|O15047_PPPATPPQA|0.0
Q13131|O15047_GVERTIRNL|0.622
Q13131|O15047_RRLLSAIGT|0.805
Q13131|O15047_SAIGTSAIM|0.12
Q13131|O15047_AIGTSAIMD|0.0
Q13131|Q9UPS6_GQHFSLAMS|0.0
Q13131|Q9UPS6_SLAMSSNRP|0.003
Q13131|Q9UPS6_LAMSSNRPV|0.163
Q13131|Q9UPS6_VGIWTKNKE|0.0
Q13131|Q9UPS6_IDEFYVGPV|0.0
Q13131|Q9UPS6_MCKKYGEVE|0.0
Q13131|Q9UPS6_LDAVSPIVN|0.006
Q13131|Q9UPS6_CRLDTPNSY|0.675
Q13131|Q9UPS6_YGQGTPLTP|0.539
Q13131|Q9UPS6_GTPLTPRLG|0.0
Q13131|Q9UPS6_SSYSSRQPT|0.0
Q13131|Q9UPS6_SRQPTPSYL|0.749
Q13131|Q9UPS6_AVGGTGGSS|0.01
Q13131|Q9UPS6_QDSATFAHT|0.0
Q13131|Q9UPS6_TFAHTPPPA|0.002
Q13131|Q9UPS6_PAQATPAPG|0.0
Q13131|Q9UPS6_KSAFSPYQT|0.606
Q13131|Q9UPS6_SPYQTPVAH|0.0
Q13131|Q9UPS6_EKPGTPPGP|0.056
Q13131|Q9UPS6_MAKASLTPV|0.0
Q13131|Q9UPS6_KASLTPVKS|0.0
Q13131|Q9UPS6_TPVKSGEHK|0.0
Q13131|Q9UPS6_IRLPSFKVK|0.001
Q13131|Q9UPS6_EPPDTTSSG|0.0
Q13131|Q9UPS6_PPDTTSSGD|0.0
Q13131|Q9UPS6_PDTTSSGDQ|0.0
Q13131|Q9UPS6_DTTSSGDQK|0.0
Q13131|Q9UPS6_RLRPSTSVD|0.847
Q13131|Q9UPS6_LRPSTSVDE|0.0
Q13131|Q9UPS6_DMADTPCEL|0.0
Q13131|Q9UPS6_DEGDSDEEE|0.0
Q13131|Q9UPS6_EPGLSQEGA|0.42
Q13131|Q9UPS6_AMLLSPEPP|0.065
Q13131|Q9UPS6_RPPLSPERA|0.0
Q13131|Q9UPS6_GLPRTPGRD|0.0
Q13131|Q9UPS6_DFSFTPTFS|0.0
Q13131|Q9UPS6_GPLASPVLL|0.0
Q13131|Q9UPS6_GQPQTPVFP|0.0
Q13131|Q9UPS6_PVFPSTHDP|0.0
Q13131|Q9UPS6_VFPSTHDPR|0.0
Q13131|Q9UPS6_VTEEYMELA|0.0
Q13131|Q9UPS6_SPELSPPQP|0.008
Q13131|Q9UPS6_TSLSSAKKK|0.0
Q13131|Q9UPS6_GCARSEGFY|0.0
Q13131|Q9UPS6_DKLRYLNSS|0.0
Q13131|Q9UPS6_RYLNSSRAS|0.0
Q13131|Q9UPS6_YLNSSRAST|0.0
Q13131|Q9UPS6_REKRYEDEG|0.012
Q13131|Q9BYW2_NVQKTGFIK|0.394
Q13131|Q9BYW2_KGVASSRFL|0.486
Q13131|Q9BYW2_GVASSRFLP|0.378
Q13131|Q9BYW2_DTLSTAEES|0.651
Q13131|Q9BYW2_KISLSCKKT|0.308
Q13131|Q9BYW2_SDEDSVRTS|0.381
Q13131|Q9BYW2_RDDKYFSYS|0.819
Q13131|Q9BYW2_RTNLSYSRS|0.452
Q13131|Q9BYW2_ERSHYYDSD|0.009
Q13131|Q9BYW2_RSHYYDSDR|0.615
Q13131|Q9BYW2_RYHRSSPYR|0.833
Q13131|Q9BYW2_YHRSSPYRE|0.649
Q13131|Q9BYW2_RARESSDSE|0.042
Q13131|Q9BYW2_ARESSDSEE|0.339
Q13131|Q9BYW2_ESSDSEEEY|0.299
Q13131|Q9BYW2_KKTYSRRTS|0.299
Q13131|Q9BYW2_TSSHSSSYR|0.476
Q13131|Q9BYW2_HSSSYRDLR|0.514
Q13131|Q9BYW2_RDLRTSSYS|0.449
Q13131|Q9BYW2_FRRGSSYSK|0.331
Q13131|Q9BYW2_SASRYKSTL|0.522
Q13131|Q9BYW2_KFKNSFCCT|0.285
Q13131|Q9BYW2_FSLQTPCSK|0.722
Q13131|Q9BYW2_SPAPSNRLN|0.827
Q13131|Q9BYW2_SEFITHDSH|0.215
Q13131|Q9BYW2_DSHDSIKEL|0.349
Q13131|Q9BYW2_NINGSPGAE|0.32
Q13131|Q9BYW2_FQNISRCKE|0.265
Q13131|Q9BYW2_MTVDYSKTV|0.396
Q13131|Q9BYW2_TLNDSNPSL|0.933
Q13131|Q9BYW2_ISSNSFMNV|0.44
Q13131|Q9BYW2_SKKSSEFLK|0.478
Q13131|Q9BYW2_AGKETIVEV|0.179
Q13131|Q9BYW2_DLPDSGKGF|0.956
Q13131|Q9BYW2_RPEISLDER|0.387
Q13131|Q9BYW2_PEIVSTVHE|0.011
Q13131|Q9BYW2_EIVSTVHED|0.464
Q13131|Q9BYW2_NRLQSVVVV|0.973
Q13131|Q9BYW2_PMEETSPCS|0.812
Q13131|Q9BYW2_RRHLYEEKF|0.395
Q13131|Q9BYW2_EKFESIASK|0.0
Q13131|Q9BYW2_LHKGTEKNP|0.597
Q13131|Q9BYW2_NPEISFTQS|0.576
Q13131|Q9BYW2_FTQSSRKQI|0.502
Q13131|Q9BYW2_SHPQSDGVD|0.992
Q13131|Q9BYW2_TDVKSDPLG|0.438
Q13131|Q9BYW2_GHPNSEETV|0.99
Q13131|Q9BYW2_NSEETVKAK|0.47
Q13131|Q9BYW2_AKIPSRQQE|0.0
Q13131|Q9BYW2_PIYSSDFED|0.668
Q13131|Q9BYW2_VPNKSWQQT|0.676
Q13131|Q9BYW2_KTELSFSSS|0.888
Q13131|Q9BYW2_GWDFSQEKP|0.552
Q13131|Q9BYW2_KDKGSVQAP|0.091
Q13131|Q9BYW2_EENVYLTER|0.599
Q13131|Q9BYW2_NVYLTERKK|0.456
Q13131|Q9BYW2_DGRESNQKL|0.686
Q13131|Q9BYW2_SQTKTAVPP|0.447
Q13131|Q9BYW2_GDGYSSENT|0.6
Q13131|Q9BYW2_DGYSSENTS|0.856
Q13131|Q9BYW2_SENTSRAHT|0.48
Q13131|Q9BYW2_TPLNTPDPS|0.59
Q13131|Q9BYW2_TEADTDTPK|0.764
Q13131|Q9BYW2_NSMDSAISD|0.444
Q13131|Q9BYW2_DSAISDATS|0.486
Q13131|Q9BYW2_EELQSQQLL|0.088
Q13131|Q9BYW2_CKVDSETNI|0.498
Q13131|Q9BYW2_VDSETNIEA|0.028
Q13131|Q9BYW2_SKLPTSEPE|0.77
Q13131|Q9BYW2_INEETPSQD|0.783
Q13131|Q9BYW2_SDLATKLLD|0.469
Q13131|Q9BYW2_EKENTTTER|0.509
Q13131|Q9BYW2_FRDQTPAPK|0.722
Q13131|Q9BYW2_PAPKTPNRS|0.527
Q13131|Q9BYW2_RKRRSSLSP|0.816
Q13131|Q9BYW2_SPPSSAYER|0.689
Q13131|Q9BYW2_PSSAYERGT|0.221
Q13131|Q9BYW2_YERGTKRPD|0.456
Q13131|Q9BYW2_PDDRYDTPT|0.476
Q13131|Q9BYW2_DRYDTPTSK|0.824
Q13131|Q9BYW2_DTPTSKKKV|0.787
Q13131|Q9BYW2_WDPPTWESP|0.007
Q13131|Q9BYW2_PTWESPGDD|0.314
Q13131|Q9BYW2_GDDASLEHE|0.221
Q13131|Q9BYW2_MDLGTPTYD|0.13
Q13131|Q9BYW2_LGTPTYDEN|0.056
Q13131|Q9BYW2_ADTSSELAK|0.843
Q13131|Q9BYW2_PKEDTELE_|0.0
Q13131|Q86TU7_TATVSPKEI|0.611
Q13131|Q86TU7_QKCSSPAPG|0.853
Q13131|Q86TU7_TYEDYRWAV|0.466
Q13131|Q86TU7_SDRLYAMKA|0.806
Q13131|Q86TU7_LLLKTYKTT|0.0
Q13131|Q86TU7_GLLESSVGD|0.99
Q13131|Q86TU7_SVGDSRLPL|0.691
Q13131|Q86TU7_NGENSIPNG|0.376
Q13131|Q86TU7_DAKGSSSDS|0.487
Q13131|Q86TU7_AKGSSSDST|0.564
Q13131|Q9NVD3_ALAPYLDLL|0.0
Q13131|Q9NVD3_ILRASAETL|0.476
Q13131|Q9NVD3_ASAETLHSL|0.0
Q13131|Q9NVD3_ETLHSLQTA|0.0
Q13131|Q9NVD3_HSLQTAFT_|0.0
Q13131|Q9NVD3_QTAFT____|0.0
Q13131|Q9C0A6_DSSATESWD|0.002
Q13131|Q9C0A6_KIKNSPSEA|0.231
Q13131|Q9C0A6_FKKPYPFVL|0.0
Q13131|Q9C0A6_PEKVTVSSD|0.0
Q13131|Q9C0A6_VTVSSDHEE|0.457
Q13131|Q9C0A6_EQSNSDVEI|0.487
Q13131|Q9C0A6_EETKTEAPE|0.0
Q13131|Q9C0A6_TRRSSQAGD|0.77
Q13131|Q9C0A6_GLIHSPLIC|0.001
Q13131|Q9C0A6_IRFGSPFIP|0.0
Q13131|Q9C0A6_WKSRYLMEQ|0.001
Q13131|Q9C0A6_SGSKSPQLA|0.393
Q13131|Q9C0A6_PQLATPGSS|0.028
Q13131|Q9C0A6_CRNGYSLMF|0.754
Q13131|Q9C0A6_SLMFSPVTS|0.006
Q13131|Q9C0A6_SRCNTPLQF|0.643
Q13131|Q9C0A6_LMYAYSPLN|0.0
Q13131|Q9C0A6_MYAYSPLNA|0.223
Q13131|Q9C0A6_LYRGSPLVG|0.423
Q13131|Q9C0A6_GGYCSPAEG|0.024
Q13131|Q9C0A6_MKDLSRGSL|0.555
Q13131|Q9C0A6_LSRGSLSPG|0.595
Q13131|Q9C0A6_RGSLSPGGE|0.0
Q13131|Q9C0A6_HKKFSPSHS|0.623
Q13131|Q9C0A6_LEAVSPSDS|0.14
Q13131|Q9C0A6_ATVYSPSRY|0.187
Q13131|Q9C0A6_LQCDSPRTE|0.083
Q13131|Q9C0A6_NSTGSNLPR|0.499
Q13131|Q9C0A6_LPRRSCPSS|0.0
Q13131|Q9C0A6_SDSPTSDSV|0.0
Q13131|Q9C0A6_SSTGTLSST|0.0
Q13131|Q8TBK2_VALQSQSGW|0.466
Q13131|Q8TBK2_LQSQSGWVP|0.481
Q13131|Q8TBK2_QAPASRWRP|0.684
Q13131|Q8WTS6___MDSDDEM|0.53
Q13131|Q8WTS6_SLISSAGEG|0.043
Q13131|Q8WTS6_PNCIYDMFV|0.545
Q13131|Q8WTS6_DEELTVAYG|0.063
Q13131|Q8WTS6_GYDHSPPGK|0.545
Q13131|Q8WTS6_PPGKSGPEA|0.667
Q13131|Q9NQR1_QSKIYSYMS|0.34
Q13131|Q9NQR1_KIYSYMSPN|0.0
Q13131|Q9NQR1_KTPPSSCDS|0.0
Q13131|Q9NQR1_VRRSSRKSK|0.001
Q13131|Q9NQR1_EELLYDYGD|0.0
Q13131|Q9NQR1_YGDRSKASI|0.001
Q13131|Q8NE22_MLPESVKSK|0.0
Q13131|Q15047_TNCESLVKD|0.943
Q13131|Q15047_QYRDSSSED|0.005
Q13131|Q15047_YRDSSSEDE|0.0
Q13131|Q15047_RDSSSEDES|0.002
Q13131|Q15047_DDVLSIDSG|0.94
Q13131|Q15047_LSIDSGDAG|0.589
Q13131|Q15047_VNKKSSSQD|0.44
Q13131|Q15047_LSQMSGELS|0.478
Q13131|Q15047_PGKKYKVKF|0.005
Q13131|Q15047_EEYVTAYPN|0.078
Q13131|Q15047_VLLKSGQLI|0.04
Q13131|Q15047_APPLSPQAG|0.0
Q13131|Q15047_QAGDSDLES|0.153
Q13131|Q15047_GSVGSGHSS|0.427
Q13131|Q15047_GSGHSSPTS|0.257
Q13131|Q15047_SGHSSPTSP|0.289
Q13131|Q15047_HSSPTSPAL|0.005
Q13131|Q15047_QTYRSPLGS|0.528
Q13131|Q15047_PHVCSYTCL|0.047
Q13131|Q15047_FHVIYKTPC|0.487
Q13131|Q15047_KFQPYKPFY|0.0
Q13131|Q15047_YKPFYYILD|0.0
Q13131|Q15047_KPFYYILDI|0.496
Q13131|Q15047_PTGVYECNK|0.0
Q13131|Q15047_DHIESVENF|0.05
Q13131|Q15047_EGYESDAPC|0.724
Q13131|Q15047_SNDDSSDDN|0.001
Q13131|Q15047_NDDSSDDNF|0.0
Q13131|Q15047_DEDFSTSSV|0.866
Q13131|Q15047_FSTSSVWRS|0.686
Q13131|Q15047_KASTSGLGI|0.906
Q13131|Q15047_KKEDTDDRN|0.0
Q13131|Q15047_RRPPSKTSM|0.007
Q13131|Q15047_PPSKTSMHQ|0.071
Q13131|Q15047_DDVLTLSSS|0.02
Q13131|Q15047_VLTLSSSTE|0.0
Q13131|Q15047_LTLSSSTES|0.462
Q13131|Q15047_LSSSTESEG|0.0
Q13131|Q15047_SSTESEGES|0.0
Q13131|Q15047_SRKPTAGQT|0.517
Q13131|Q15047_TAGQTSATA|0.544
Q13131|Q15047_TAVDSDDIQ|0.01
Q13131|Q15047_DDIQTISSG|0.648
Q13131|Q15047_IQTISSGSE|0.757
Q13131|Q15047_QTISSGSEG|0.2
Q13131|Q15047_ISSGSEGDD|0.0
Q13131|Q15047_KKNMTGPMK|0.003
Q13131|Q15047_VAVKSTRGF|0.431
Q13131|Q15047_TNMASVDKG|0.087
Q13131|Q15047_VRKNTRQFY|0.415
Q13131|Q15047_YEVGSVEGK|0.23
Q13131|Q96T68_LSYQSHDCS|0.515
Q13131|Q96T68_SHDCSGACL|0.037
Q13131|Q96T68_EVACSDCEV|0.0
Q13131|Q96T68_LTVETKYDN|0.0
Q13131|Q96T68_VETKYDNIS|0.0
Q13131|Q96T68_DITKYREET|0.0
Q13131|Q96T68_YREETPPRS|0.502
Q13131|Q53H47_CKRLTLETM|0.41
Q13131|Q53H47_LTLETMKMM|0.467
Q13131|Q53H47_SGRPSEVDN|0.981
Q13131|P0DME0_KVEVTEFED|0.0
Q13131|P0DME0_EDIKSGYRI|0.219
Q13131|P0DME0_RIDFYFDEN|0.016
Q13131|P0DME0_DENPYFENK|0.187
Q13131|P0DME0_HLNESGDPS|0.44
Q13131|P0DME0_SGDPSSKST|0.215
Q13131|Q53EL9_RRPAYGDVT|0.239
Q13131|Q53EL9_CATGYQLKG|0.0
Q13131|Q53EL9_VLTFYDGDD|0.0
Q13131|Q53EL9_RLISSPKFP|0.0
Q13131|Q53EL9_LDGFYNSRS|0.0
Q13131|Q53EL9_GFYNSRSLD|0.0
Q13131|Q53EL9-3_DNPTYETGE|0.0
Q13131|Q9BYH1_PKATSAATV|0.0
Q13131|Q9BYH1_SQPASQGLD|0.08
Q13131|Q9BYH1_LDLLSSSTE|0.0
Q13131|Q9BYH1_FLNLSNSDI|0.0
Q13131|Q9BYH1_NLSNSDILT|0.0
Q13131|Q9BYH1_YLGNSGPQK|0.0
Q13131|Q9BYH1_DIVGSDTLT|0.0
Q13131|Q9BYH1_VGSDTLTCQ|0.0
Q13131|Q9BYH1_QWDLSWSSD|0.0
Q13131|Q9BYH1_YSHPYSQIT|0.0
Q13131|Q9BYH1_SHPYSQITV|0.0
Q13131|Q9BYH1_DNPIYETGE|0.0
Q13131|Q6UXD5_LFGFSGSHS|0.0
Q13131|Q6UXD5_SGSHSYSPI|0.0
Q13131|Q6UXD5_GSHSYSPIT|0.0
Q13131|Q6UXD5_SHSYSPITV|0.0
Q13131|Q6UXD5_SNPLYEAGD|0.0
Q13131|Q6UXD5_EAGDTREYE|0.0
Q13131|Q6UXD5_DTREYEVSI|0.0
Q13131|Q15637_GANATPLDF|0.923
Q13131|Q15637_WNQDTMEQK|0.195
Q13131|Q15637_QGIETPEDQ|0.765
Q13131|Q15637_RLNGTLRED|0.002
Q13131|Q15637_RPWQSSETR|0.972
Q13131|Q15637_PWQSSETRS|0.797
Q13131|Q15637_SETRSITNT|0.696
Q13131|Q15637_TRSITNTTV|0.576
Q13131|Q15637_ITNTTVCTK|0.678
Q13131|Q15637_GDPQSAQDK|0.0
Q13131|Q15637_MDKEYLSLM|0.0
Q13131|Q15637_GPATTPLAS|0.0
Q13131|Q15637_PMDQYLGST|0.0
Q13131|Q15637_GSGVYRLHQ|0.549
Q13131|Q15637-4_WQQRSLPAA|0.0
Q13131|Q15637-5_GANATPLGK|0.0
Q13131|Q15637-5_YQRVSPPQP|0.0
Q13131|Q15637-5_WQQRSLPAA|0.0
Q13131|Q15637-6_VPGKYACGL|0.0
Q13131|Q15637-6_LWGLSPASR|0.0
Q13131|Q15637-6_LSPASRKRY|0.0
Q13131|Q15637-6_YGFQYPLAM|0.0
Q13131|Q07955_PDIRTKDIE|0.612
Q13131|Q07955_EDVFYKYGA|0.414
Q13131|Q07955_EDAVYGRDG|0.313
Q13131|Q07955_GRDGYDYDG|0.436
Q13131|Q07955_DGYDYDGYR|0.175
Q13131|Q07955_DYDGYRLRV|0.44
Q13131|Q07955_PRGRYGPPS|0.237
Q13131|Q07955_YGPPSRRSE|0.428
Q13131|Q07955_GDVCYADVY|0.433
Q13131|Q07955_YADVYRDGT|0.7
Q13131|Q07955_YRDGTGVVE|0.004
Q13131|Q07955_KEDMTYAVR|0.258
Q13131|Q07955_EDMTYAVRK|0.225
Q13131|Q07955_HEGETAYIR|0.964
Q13131|Q07955_SRSRSRT__|0.74
Q13131|Q07955_SRSRT____|0.766
Q13131|Q15459_PPVPTEPKQ|0.0
Q13131|Q15459_PNDPYHAYY|0.004
Q13131|Q15459_PYHAYYRHK|0.002
Q13131|Q15459_AQEPSAAIP|0.0
Q13131|Q15459_RQFLTQLMQ|0.0
Q13131|Q15459_DQVCYRVEW|0.0
Q13131|Q15459_EEPPSQLDQ|0.0
Q13131|Q15459_PLPPTPDQV|0.0
Q13131|Q15459_APDEYLVSP|0.0
Q13131|Q15459_VSPITGEKI|0.598
Q13131|Q15459_KIPASKMQE|0.0
Q13131|Q15459_AERRTDIFG|0.0
Q13131|Q15459_PPMASVVRL|0.0
Q13131|Q15459_MQDKTEWKL|0.0
Q13131|Q15428_GKTGSGGVA|0.985
Q13131|Q15428_AAEPYETIA|0.403
Q13131|Q15428_PAPPSLPAG|0.599
Q13131|Q12874_TKKSTLRDQ|0.573
Q13131|Q12874_SDHRTRAMQ|0.449
Q13131|Q12874_LRDLYDDKD|0.476
Q13131|Q12874_LVEFTDEEG|0.034
Q13131|Q12874_DRLKSALLA|0.955
Q13131|Q12874_TKGKSLESL|0.963
Q13131|Q12874_GNYTYRGPK|0.304
Q13131|Q12874_TEEEYEDSS|0.633
Q13131|Q12874_EYEDSSGNV|0.393
Q13131|Q12874_NKKTYEDLK|0.661
Q13131|O75533_GLDSTGYYD|0.0
Q13131|O75533_DSTGYYDQE|0.0
Q13131|O75533_STGYYDQEI|0.0
Q13131|O75533_DQEIYGGSD|0.0
Q13131|O75533_SIAATELED|0.0
Q13131|O75533_DDDDYSSST|0.265
Q13131|O75533_DDYSSSTSL|0.016
Q13131|O75533_DYSSSTSLL|0.0
Q13131|O75533_SSSTSLLGQ|0.017
Q13131|O75533_KKPGYHAPV|0.001
Q13131|O75533_STEQYDPFA|0.0
Q13131|O75533_REDEYKKHR|0.0
Q13131|O75533_NARTYMDVM|0.34
Q13131|O75533_RAKGSETPG|0.718
Q13131|O75533_HGGATSSAR|0.456
Q13131|O75533_GGATSSARK|0.0
Q13131|O75533_TPIGTPAMN|0.174
Q13131|O75533_MNMATPTPG|0.04
Q13131|O75533_MATPTPGHI|0.0
Q13131|O75533_GHIMSMTPE|0.0
Q13131|O75533_IMSMTPEQL|0.247
Q13131|O75533_PPAGYVPIR|0.0
Q13131|O75533_DDIQYFDKL|0.155
Q13131|O75533_IKNGTPPMR|0.433
Q13131|O75533_PLLMSPTLE|0.358
Q13131|O75533_MDAEYANYY|0.0
Q13131|O75533_EYANYYTRE|0.0
Q13131|O75533_NYIKTEILP|0.0
Q13131|O75533_LPRLTPILK|0.006
Q13131|O75533_IYAVTPLLE|0.0
Q13131|O75533_YPRIYNDDK|0.003
Q13131|O75533_DKNTYIRYE|0.0
Q13131|O75533_YELDYIL__|0.0
Q13131|Q13435_PVALSEEER|0.348
Q13131|Q13435_MDDPSVGPK|0.068
Q13131|Q13435_DSTRSRGSD|0.496
Q13131|Q13435_APKLSKKKL|0.509
Q13131|Q13435_EEQKTMKSK|0.492
Q13131|Q13435_IDIDYQKLH|0.512
Q13131|Q13435_HGDLYYEGK|0.097
Q13131|Q13435_PGLNSPIPE|0.005
Q13131|Q13435_PQLFTVLPE|0.582
Q13131|Q13435_MTQKYEEHV|0.075
Q13131|Q13435_QPQDSRGGS|0.086
Q13131|Q13435_SRGGSKKYK|0.457
Q13131|Q13435_GSKKYKEFK|0.473
Q13131|Q15393_GVIRSLMAF|0.581
Q13131|Q15393_AFRLTGGTK|0.635
Q13131|Q15393_GTKDYIVVG|0.195
Q13131|Q15393_IVVGSDSGR|0.672
Q13131|Q15393_VGSDSGRIV|0.311
Q13131|Q15393_VILEYQPSK|0.374
Q13131|Q15393_EYQPSKNMF|0.594
Q13131|Q15393_AARLTISSP|0.0
Q13131|Q15393_RLTISSPLE|0.458
Q13131|Q15393_IFKITLETD|0.626
Q13131|Q15393_GPRSSLRVL|0.628
Q13131|Q15393_TGDLSDTRT|0.771
Q13131|Q15393_RYLGSRPVK|0.416
Q13131|Q15393_PLQYTPRKF|0.0
Q13131|Q15393_DHNAYTEAT|0.398
Q13131|Q15393_GEDWYVLVG|0.454
Q13131|Q15393_GGFVYTYKL|0.13
Q13131|Q15393_HIANYISGI|0.39
Q13131|Q15393_ADDTYPRWV|0.402
Q13131|Q15393_SLLDYDTVA|0.447
Q13131|Q15393_LDYDTVAGA|0.489
Q13131|Q15393_QKNVSEELD|0.253
Q13131|Q15427_PVVNTHMPK|0.429
Q13131|Q15427_VEFLSEEDA|0.0
Q13131|Q15427_EDADYAIKI|0.0
Q13131|Q15427_VILQTPKIM|0.001
Q13131|Q9BWJ5_MTDRYTIHS|0.429
Q13131|Q9BWJ5_LQSKYIGTG|0.005
Q13131|Q9Y3B4_AEEMYDIFG|0.001
Q13131|Q9Y3B4_IFGKYGPIR|0.004
Q13131|Q9Y3B4_RGTAYVVYE|0.0
Q13131|Q9Y3B4_AYVVYEDIF|0.0
Q13131|Q8IWZ8_NQVASPQPP|0.0
Q13131|Q8IWZ8_ANDGSFLQQ|0.0
Q13131|Q8IWZ8_TSAPSAPPS|0.0
Q13131|Q8IWZ8_SAPPSTPTP|0.0
Q13131|Q8IWZ8_APPSTPTPS|0.0
Q13131|Q8IWZ8_GPVKSYSHA|0.0
Q13131|Q8IWZ8_PVKSYSHAK|0.0
Q13131|Q8IWZ8_AHRPSVFQS|0.0
Q13131|Q8IWZ8_EEEDYEQWL|0.0
Q13131|Q8IWZ8_EIKVSPPEG|0.0
Q13131|Q8IWZ8_HDKNSREFL|0.0
Q13131|Q8IWZ8_LKRKSPPEA|0.0
Q13131|Q8IWZ8_EEVDSELGT|0.426
Q13131|Q8IWZ8_AEQLTKMGR|0.002
Q13131|Q8IWZ8_EFKLTVENI|0.0
Q13131|A8K8P3_HYRYYLYNL|0.0
Q13131|A8K8P3_RYYLYNLMF|0.0
Q13131|A8K8P3_TWKTYVRQQ|0.0
Q13131|A8K8P3_QAWKSWLIY|0.0
Q13131|A8K8P3_WKENTMARV|0.0
Q13131|A8K8P3_SVQMYYRQQ|0.069
Q13131|A8K8P3_VQMYYRQQE|0.0
Q13131|A8K8P3_STAGSLDLE|0.0
Q13131|Q9UHJ3_KADLYPIGW|0.0
Q13131|Q9UHJ3_QNKKTLEAP|0.0
Q13131|Q9UHJ3_DWADYLKQC|0.0
Q13131|Q9UHJ3_VATITAVRG|0.0
Q13131|Q9UHJ3_GWCETNGHP|0.104
Q13131|Q9UHJ3_GHPLSTPRR|0.0
Q13131|Q9UHJ3_HPLSTPRRA|0.0
Q13131|Q9UHJ3_AYKPSRVLR|0.0
Q13131|Q9UHJ3_EIVKTADRV|0.0
Q13131|Q9UHJ3_KKSCSSSPT|0.0
Q13131|Q9UHJ3_SPTQSEIST|0.0
Q13131|Q9UHJ3_EISTSLPPD|0.0
Q13131|Q9UHJ3_LHLDSNPLK|0.0
Q13131|Q9UHJ3-2_NKPPSPKEI|0.0
Q13131|Q5VUG0_QENKYRMDP|0.0
Q13131|Q5VUG0_LKAKYRGKT|0.0
Q13131|Q5VUG0_RGKTYRAVV|0.0
Q13131|Q5VUG0_APAASSAEE|0.0
Q13131|Q5VUG0_PAASSAEEG|0.0
Q13131|Q86XK3_KQPMSATLR|0.548
Q13131|Q86XK3_PMSATLRER|0.016
Q13131|Q86XK3_FSFNSSYNV|0.0
Q13131|Q86XK3_SFNSSYNVV|0.005
Q13131|Q86XK3_KHIDSEFEE|0.0
Q13131|Q86XK3-2_ARMNYKVKL|0.005
Q13131|Q86XK3-2_KTRFSFNSS|0.0
Q13131|Q96HF1_TKSKTIYKL|0.443
Q13131|Q96HF1_SKTIYKLNG|0.474
Q13131|Q96HF1_DLKKSVLWL|0.369
Q13131|Q6FHJ7_ELPVYDRGV|0.458
Q13131|Q6FHJ7_WIDITPDMM|0.009
Q13131|Q6FHJ7_KVKPTLATY|0.705
Q13131|Q6FHJ7_PTLATYLSK|0.513
Q13131|Q6FHJ7_TLATYLSKN|0.481
Q13131|Q6FHJ7_PKPASPKKN|0.039
Q13131|Q5T4F7_KFMFSYPCS|0.0
Q13131|Q5T4F7_FMFSYPCSL|0.002
Q13131|Q8WXA9_PPEMTPQAA|0.0
Q13131|Q8WXA9_IKRKSSRSP|0.0
Q13131|Q8WXA9_RDHISERRE|0.0
Q13131|Q8WXA9_ERERSTSMR|0.037
Q13131|Q8WXA9_RERSTSMRK|0.0
Q13131|Q8WXA9_ERSTSMRKS|0.001
Q13131|Q8WXA9_SMRKSSNDR|0.0
Q13131|Q8WXA9_MRKSSNDRD|0.545
Q13131|Q8IX01_ITQETFDAV|0.607
Q13131|Q8IX01_AVPRSRAEM|0.484
Q13131|Q8IX01_RAEMYDDVH|0.504
Q13131|Q8IX01_DDVHSDGRY|0.446
Q13131|Q8IX01_SFRSSNPSI|0.995
Q13131|Q8IX01_ISDDSYFRK|0.444
Q13131|Q8IX01_DLEFSHSDS|0.56
Q13131|Q8IX01_GHFRSQDWK|0.955
Q13131|Q8IX01_ALRGSWEQD|0.737
Q13131|Q8IX01_WSQEYSFGP|0.446
Q13131|Q8IX01_GEADSVLRG|0.484
Q13131|Q8IX01_VNRITPKTQ|0.441
Q13131|Q8IX01_DIKFSQLFQ|0.534
Q13131|Q8IX01_PFDKYIMRL|0.453
Q13131|Q8IX01_VKMKTLSNP|0.932
Q13131|Q8IX01_DIAPSPAAF|0.001
Q13131|Q8IX01_MIPPTKPEI|0.058
Q13131|Q8IX01_AKAPSSLSD|0.975
Q13131|Q8IX01_PSSLSDAVP|0.424
Q13131|Q8IX01_TLLSSGTRL|0.911
Q13131|Q8IX01_LSSGTRLKH|0.873
Q13131|Q8IX01_QAKPSLPDR|0.765
Q13131|Q8IX01_ASGPSPKPA|0.47
Q13131|Q8IX01_IEQFSIENS|0.449
Q13131|Q8IX01_SIENSTDNP|0.437
Q13131|Q8IX01_IENSTDNPD|0.45
Q13131|Q8IX01_HNLHTGGGD|0.131
Q13131|Q8IX01_DTTGSQESP|0.36
Q13131|Q8IX01_VRIAYDRPR|0.826
Q13131|Q8IX01_HGLGSLGKG|0.69
Q13131|Q8IX01_VSVGTPSEG|0.552
Q13131|Q8IX01_VGTPSEGEG|0.952
Q13131|Q8IX01-3_IQKNTPSPD|0.0
Q13131|Q8IX01-3_KNTPSPDVT|0.0
Q13131|Q8IX01-3_RRKMSFDII|0.0
Q13131|Q8IX01-3_PVGPSPQDP|0.0
Q13131|O95104_IVRQSRHQF|0.0
Q13131|O95104_AQLKTTPTQ|0.453
Q13131|O95104_DRFDYDDEP|0.0
Q13131|O95104_RRSRSRSRD|0.0
Q13131|O95104_SRSRSRDRR|0.628
Q13131|O95104_HSPRSRSQE|0.002
Q13131|O95104_ETSHTEPVS|0.0
Q13131|O95104_NRRSSGHRD|0.092
Q13131|O95104_EPPISQVGN|0.0
Q13131|O95104_AEATSSVEP|0.0
Q13131|O95104_KDSGSAAEA|0.617
Q13131|Q8N2M8_QATTYGMAD|0.0
Q13131|Q8N2M8_KAMYSGRRS|0.496
Q13131|Q8N2M8_SGRRSRRQR|0.0
Q13131|Q8N2M8_RDSPTYDPY|0.118
Q13131|Q8N2M8_DSPTYDPYK|0.0
Q13131|Q8N2M8_TYDPYKRSP|0.0
Q13131|Q8N2M8_RRSSSSSSS|0.004
Q13131|Q8N2M8_RSSSSSSSS|0.0
Q13131|Q8N2M8_SSSSSSSSS|0.0
Q13131|Q8N2M8_SSSSSSSSA|0.0
Q13131|Q8N2M8_SASRTSSSR|0.337
Q13131|Q8N2M8_ASRTSSSRS|0.0
Q13131|Q8N2M8_SRTSSSRSS|0.0
Q13131|Q8N2M8_SSSRSSSRS|0.0
Q13131|Q8N2M8_SSRSSSRSS|0.0
Q13131|Q8N2M8_RHARSRSRS|0.0
Q13131|Q8N2M8_RYSRSPARR|0.0
Q13131|Q8N2M8_RRSRSRSHS|0.0
Q13131|Q8N2M8_RSRSSWSLS|0.0
Q13131|Q8N2M8_RSSWSLSPS|0.0
Q13131|Q8N2M8_SLSPSRSRS|0.0
Q13131|Q8N2M8_SPSRSRSLT|0.0
Q13131|Q8N2M8_SLTRSRSHS|0.0
Q13131|Q8N2M8_SRSHSPSPS|0.0
Q13131|Q8N2M8_SPSQSRSRS|0.0
Q13131|Q8N2M8_SQSPSPSPA|0.0
Q13131|Q8N2M8_ERQYSRQSR|0.0
Q13131|Q8N2M8_YSRQSRSPS|0.473
Q13131|Q8N2M8_RQSRSPSPR|0.0
Q13131|Q8N2M8_SRSPSPRYS|0.195
Q13131|Q8N2M8_PSPRYSREY|0.0
Q13131|Q8N2M8_SRSRSPHYR|0.0
Q13131|Q02040_VENKSLVKS|0.194
Q13131|Q02040_SLVKSFLAC|0.718
Q13131|Q02040_ERLLSILLS|0.481
Q13131|Q02040_APKESPAHP|0.217
Q13131|Q02040_GAPKSVNGS|0.505
Q13131|Q02040_SVNGSVAEE|0.494
Q13131|Q02040_NREPSKGRG|0.41
Q13131|Q02040_RRASSREDG|0.0
Q13131|Q02040_PRRRSTSPD|0.585
Q13131|Q02040_RRRSTSPDH|0.017
Q13131|Q02040_RRSTSPDHT|0.481
Q13131|Q01130_VGDVYIPRD|0.155
Q13131|Q01130_QMARYGRPP|0.002
Q13131|Q01130_RPPDSHHSR|0.002
Q13131|Q01130_PPRRYGGGG|0.439
Q13131|Q01130_GGGGYGRRS|0.476
Q13131|Q01130_SRSRSRYSR|0.002
Q13131|Q01130_SRSRYSRSK|0.532
Q13131|Q01130_RSRYSRSKS|0.515
Q13131|Q01130_TRSRSRSTS|0.001
Q13131|Q01130_SARRSKSKS|0.394
Q13131|Q01130_SKSKSSSVS|0.072
Q13131|Q01130_SKSSSVSRS|0.0
Q13131|Q01130_SSSVSRSRS|0.352
Q13131|Q01130_SVSRSRSRS|0.552
Q13131|Q01130_SKRESKSRS|0.33
Q13131|Q99590_MKKKTVCTL|0.0
Q13131|Q99590_KTVCTLNMG|0.0
Q13131|Q99590_EKQVSCHEN|0.0
Q13131|Q99590_CHENSKSCI|0.0
Q13131|Q99590_ENSKSCIRR|0.0
Q13131|Q99590_PAMTTPTRR|0.063
Q13131|Q99590_TRRSTRNTR|0.001
Q13131|Q99590_PKRKSVRRG|0.0
Q13131|Q99590_NCLKSCNEQ|0.0
Q13131|Q99590_RVGSSSSES|0.0
Q13131|Q99590_QDQISGLSQ|0.33
Q13131|Q99590_GLSQSEVKT|0.0
Q13131|Q99590_VDRQSVKSP|0.0
Q13131|Q99590_QSVKSPEVQ|0.0
Q13131|Q99590_QKHFSEDNN|0.0
Q13131|Q99590_TIDKTKKPR|0.0
Q13131|Q99590_RTRRSRFHS|0.385
Q13131|Q99590_ESRKSQSPS|0.0
Q13131|Q99590_GRKKSRSQS|0.686
Q13131|Q99590_KKSRSQSPK|0.0
Q13131|Q99590_SRSQSPKKD|0.001
Q13131|Q99590_ERRQSQSRS|0.0
Q13131|Q99590_RQSQSRSPK|0.0
Q13131|Q99590_SQSRSPKRD|0.0
Q13131|Q99590_PGEKSRSQS|0.0
Q13131|Q99590_EKSRSQSRE|0.0
Q13131|Q99590_SRSQSRERE|0.0
Q13131|Q99590_EKINSGPDP|0.0
Q13131|Q99590_NSGNSWNKN|0.001
Q13131|Q99590_RKPLSGNSN|0.45
Q13131|Q99590_LSGNSNSSG|0.001
Q13131|Q99590_EQEFSFDTP|0.0
Q13131|Q99590_FSFDTPADR|0.0
Q13131|Q99590_PADRSGWTS|0.0
Q13131|Q99590_DVQNYYSRR|0.0
Q13131|Q99590_VQNYYSRRG|0.0
Q13131|Q99590_SGPQSGWMK|0.0
Q13131|Q99590_QGPSSGNTS|0.0
Q13131|Q99590_TSSSSHSKA|0.001
Q13131|Q99590_ASADSSKTD|0.0
Q13131|Q99590_IKPFYQNKD|0.0
Q13131|P84103_RAFGYYGPL|0.095
Q13131|P84103_AFGYYGPLR|0.002
Q13131|P84103_LDGRTLCGC|0.562
Q13131|P84103_PRRRSFSRS|0.0
Q13131|P84103_SFSRSRSRS|0.351
Q13131|P84103_SRSRSRSLS|0.024
Q13131|Q08170_GSYGSGRSG|0.492
Q13131|Q08170_VENLSSRCS|0.672
Q13131|Q08170_SSRCSWQDL|0.72
Q13131|Q08170_AGEVTYADA|0.0
Q13131|Q08170_GEVTYADAH|0.325
Q13131|Q08170_FVSYSDMKR|0.485
Q13131|Q08170_DKPGSRRRR|0.51
Q13131|Q08170_RRSYSRSRS|0.0
Q13131|Q08170_SRSRSHSRS|0.0
Q13131|Q08170_SRSHSRSRS|0.492
Q13131|Q08170_SRSKSRSRS|0.0
Q13131|Q08170_SRSQSRSRS|0.006
Q13131|Q08170_EKSRSRSHS|0.794
Q13131|Q08170_SRSRSHSAG|0.093
Q13131|Q08170_SAGKSRSKS|0.047
Q13131|Q08170_GKSRSKSKD|0.557
Q13131|Q08170_SRSKSKDQA|0.573
Q13131|Q08170_RGSVSRGRS|0.103
Q13131|Q08170_SLRQSRSRS|0.551
Q13131|Q08170_RQSRSRSRS|0.307
Q13131|Q08170_SRSRSRSKG|0.392
Q13131|Q08170_GRKRSREES|0.0
Q13131|Q08170_SREESRSRS|0.0
Q13131|Q08170_SRSRSRSRS|0.583
Q13131|Q08170_KKEDTDRSQ|0.144
Q13131|Q08170_DTDRSQSRS|0.03
Q13131|Q08170_DRSQSRSPS|0.011
Q13131|Q08170_SPSRSVSKE|0.413
Q13131|Q08170_SRSVSKERE|0.0
Q13131|Q08170_EHAKSESSQ|0.623
Q13131|Q08170_SNSKSKPNL|0.369
Q13131|Q13243_DDAVYELDG|0.902
Q13131|Q13243_SDRFSSRRP|0.833
Q13131|Q13243_VENLSSRVS|0.948
Q13131|Q13243_SSRVSWQDL|0.632
Q13131|Q13243_AGEVTFADA|0.367
Q13131|Q13243_VEFASYGDL|0.752
Q13131|Q13243_EFASYGDLK|0.452
Q13131|Q13243_QKRGSSSRS|0.155
Q13131|Q13243_KRGSSSRSK|0.604
Q13131|Q13243_RGSSSRSKS|0.452
Q13131|Q13243_SSSRSKSPA|0.847
Q13131|Q13243-2_DRFSSRRPR|0.0
Q13131|Q13247_QRFFSGYGR|0.425
Q13131|Q13247_DDAVYELNG|0.603
Q13131|Q13247_DRDGYSYGS|0.423
Q13131|Q13247_DGYSYGSRS|0.204
Q13131|Q13247_YGSRSGGGG|0.004
Q13131|Q13247_GGGGYSSRR|0.001
Q13131|Q13247_SRRTSGRDK|0.373
Q13131|Q13247_GRDKYGPPV|0.198
Q13131|Q13247_SSRCSWQDL|0.85
Q13131|Q13247_AGEVTYADA|0.0
Q13131|Q13247_GEVTYADAH|0.539
Q13131|Q13247_HKERTNEGV|0.886
Q13131|Q13247_FRSYSDMKR|0.455
Q13131|Q13247_KLDGTEING|0.565
Q13131|Q13247_SHRRSYSGS|0.57
Q13131|Q13247_HRRSYSGSR|0.0
Q13131|Q13247_SYSGSRSRS|0.006
Q13131|Q13247_SGSRSRSRS|0.0
Q13131|Q13247_SKPKSDRGS|0.417
Q13131|Q13247_SKDEYEKSR|0.574
Q13131|Q13247_EYEKSRSRS|0.317
Q13131|Q13247_EKSRSRSRS|0.087
Q13131|Q13247_GDIKSKSRS|0.632
Q13131|Q13247_IKSKSRSRS|0.527
Q13131|Q13247_PVPPSKARS|0.205
Q13131|Q16629__MSRYGRYG|0.403
Q13131|Q16629_RYGRYGGET|0.347
Q13131|Q16629_GNLGTGAGK|0.001
Q13131|Q16629_RAFSYYGPL|0.431
Q13131|Q16629_AFSYYGPLR|0.135
Q13131|Q16629_NDRCYECGE|0.0
Q13131|Q16629_GHYAYDCHR|0.0
Q13131|Q16629_CHRYSRRRR|0.539
Q13131|Q16629_SRSRSRSRS|0.637
Q13131|Q16629_SRSRSRSIS|0.102
Q13131|Q16629_KRSRSPSGS|0.021
Q13131|Q12872_PERKSGAKE|0.438
Q13131|Q12872_YDAEYSTWN|0.0
Q13131|Q12872_DYQLSEEEA|0.0
Q13131|Q12872_QEEEYKRLS|0.0
Q13131|Q12872_YGSDYYDPS|0.0
Q13131|Q12872_ERTASFVCR|0.0
Q13131|Q12872_QARNSQFDF|0.0
Q13131|Q12872_RFDHYLNPY|0.0
Q13131|Q12872_YLNPYYKFI|0.0
Q13131|Q12872_LNPYYKFIQ|0.0
Q13131|Q12872_AENKSDEKK|0.0
Q13131|Q12872_EDGNYLHPS|0.001
Q13131|Q12872_KKEASSSKT|0.0
Q13131|Q12872_KEASSSKTV|0.0
Q13131|Q12872_EASSSKTVP|0.0
Q13131|Q12872_SAANTNPAV|0.0
Q13131|Q12872_KIEESPFSV|0.0
Q13131|Q12872_RSPKYHSSS|0.0
Q13131|Q12872_SRSHSKAKH|0.0
Q13131|Q12872_HSLPSAYRT|0.0
Q13131|Q12872_LPSAYRTVR|0.0
Q13131|Q12872_TVRRSRSRS|0.0
Q13131|Q12872_SRSRSRSPR|0.0
Q13131|Q12872_REERSVPTA|0.01
Q13131|Q12872_VPTAYRVSR|0.009
Q13131|Q12872_SPGASRKRT|0.0
Q13131|Q12872_SRTKSKARS|0.0
Q13131|Q12872_HSAHSASVS|0.0
Q13131|Q12872_SQERSRGVS|0.0
Q13131|Q12872_EAQISSAIV|0.0
Q13131|Q12872-2_RVTASPGTL|0.0
Q13131|Q13242____MSGWAD|0.761
Q13131|Q13242_DGRIYVGNL|0.649
Q13131|Q13242_EDLFYKYGR|0.563
Q13131|Q13242_EDAIYGRNG|0.563
Q13131|Q13242_GRNGYDYGQ|0.04
Q13131|Q13242_GDVCYADVQ|0.657
Q13131|Q13242_GMVEYLRKE|0.514
Q13131|Q13242_EDMEYALRK|0.514
Q13131|Q13242_KLDDTKFRS|0.442
Q13131|Q13242_EGETSYIRV|0.534
Q13131|Q13242_GETSYIRVY|0.518
Q13131|Q13242_PERSTSYGY|0.749
Q13131|Q13242_SRSRSGSRG|0.475
Q13131|Q13242_SRSGSRGRD|0.786
Q13131|Q8WV19_RRVLSGQDD|0.575
Q13131|O95562_SGQDTEDRS|0.433
Q13131|O95562_LSWSTRIKG|0.0
Q13131|Q587I9_QLQEYLAQG|0.0
Q13131|Q587I9_TWARSPAES|0.291
Q13131|Q587I9_LAALYAPVL|0.0
Q13131|Q6UW10___MGSGLPL|0.0
Q13131|Q8IWL2_KYNTYAYVG|0.0
Q13131|Q8IWL2_NCLYSRLTI|0.001
Q13131|Q8IWL1_KYNTYAYVG|0.0
Q13131|Q8IWL1_NCLYSRLTI|0.0
Q13131|P11686_MAVNTLCGE|0.0
Q13131|P35247_YSHRTMPSA|0.037
Q13131|P35247_RTMPSACTL|0.0
Q13131|Q9H9B4_RWDQSTFIG|0.0
Q13131|Q9H9B4_WDQSTFIGR|0.0
Q13131|Q9H9B4_AKYIYDSAF|0.002
Q13131|Q9H9B4_TKHVSPLIG|0.0
Q13131|Q9H9B4_KQAITQVVV|0.0
Q13131|Q9H9B4_QVVVSRILM|0.644
Q13131|Q9H9B4_LRRVYFNKG|0.262
Q13131|Q96NB2_QMALSYFTA|0.0
Q13131|Q96NB2_MALSYFTAT|0.0
Q13131|Q96NB2_TAVATAVGM|0.316
Q13131|Q96NB2_AIGITQVVI|0.0
Q13131|Q96NB2_QVVISRITM|0.555
Q13131|Q9BWM7_AGVVTPGIT|0.0
Q13131|Q9BWM7_IGRMSAQVP|0.601
Q13131|Q9BWM7_PMNMTITGC|0.002
Q13131|Q9BWM7_GCMLTFYRK|0.602
Q13131|Q9BWM7_MLTFYRKTP|0.014
Q13131|Q9BWM7_LKSLTKHLP|0.01
Q13131|Q9BWM7_VEVVYYNKG|0.001
Q13131|Q6P4A7____MSLEQE|0.0
Q13131|Q6P4A7_LVQASGMNV|0.0
Q13131|Q6P4A7_EKIQSPTEE|0.0
Q13131|Q8TD22_IPFGTPIVV|0.0
Q13131|Q8TD22_VLMRYGELE|0.479
Q13131|Q8TD22_EIETSQLEP|0.25
Q13131|Q13033_NLGLSPGGN|0.0
Q13131|Q13033_LKMPTFESE|0.0
Q13131|Q13033_APQNSQLTW|0.0
Q13131|Q13033_NSQLTWKQG|0.0
Q13131|Q13033_QRVRSLLGL|0.76
Q13131|Q13033_LLGLSNSEP|0.0
Q13131|Q13033_GLSNSEPNG|0.0
Q13131|Q13033_AADLTDDPD|0.0
Q13131|Q13033_KDDLSPTAE|0.0
Q13131|Q13033_RTKLYDMIA|0.61
Q13131|Q13033_NDADYSYDL|0.0
Q13131|Q13033_ADYSYDLPA|0.0
Q13131|Q13033_NPKYTLRSH|0.0
Q13131|Q13033_VEPIYTFRA|0.0
Q13131|Q13033_NQLLSCSAD|0.0
Q13131|Q13033_NRVVSHPTL|0.539
Q13131|Q13033-2_ITFPSGGGK|0.0
Q13131|Q13033-2_WNPKYTLRS|0.0
Q13131|Q16585_FKAGYIPID|0.0
Q13131|Q16585_MVSTTRLPS|0.0
Q13131|Q92629_THHRSTMPG|0.569
Q13131|Q92629_HHRSTMPGS|0.012
Q13131|Q92629_GPQVYKVGI|0.0
Q13131|Q92629_TKVLTQLIT|0.001
Q13131|Q92629_LRLESPTRS|0.0
Q13131|Q92629_LESPTRSLV|0.0
Q13131|O43556_ATTGTFLLT|0.0
Q13131|O43556_TFLLTVYSI|0.0
Q13131|O43556_LLTVYSIFS|0.0
Q13131|O43556_LTVYSIFSK|0.0
Q13131|O43556_SKVHSDRNV|0.0
Q13131|O43556_QLRCSQEME|0.051
Q13131|O43556_EPVITCDKK|0.0
Q13131|O43556_LILAYIMCC|0.0
Q13131|O43556_RNMQTPDIQ|0.0
Q13131|O43556_HTDNYDSTN|0.0
Q13131|Q96LD1_KRCLYFFVL|0.54
Q13131|Q96LD1_RVLFSADED|0.0
Q13131|Q96LD1_LRLESPTRS|0.0
Q13131|Q96LD1_LESPTRSLI|0.0
Q13131|Q96LD1_SPTRSLIME|0.0
Q13131|Q96DR7_SDSRTVHRS|0.002
Q13131|Q96DR7_GGTASPEYR|0.0
Q13131|Q96DR7_ASPEYRAAS|0.0
Q13131|Q96DR7_VPGGSPKSP|0.0
Q13131|Q96DR7_QRLPSQENE|0.844
Q13131|Q96DR7_LENPSVVLS|0.0
Q13131|Q96DR7_LSTNSPAAL|0.0
Q13131|Q96DR7_LKVRSMVEG|0.046
Q13131|Q96DR7_NDVDSPGSL|0.0
Q13131|Q96DR7_LRSTSYRRA|0.0
Q13131|Q96DR7_RSTSYRRAV|0.0
Q13131|Q96DR7_RAVVSGFDF|0.917
Q13131|Q96DR7_FDFDSPTSS|0.0
Q13131|Q96DR7_KNRMSQPVL|0.0
Q13131|Q96DR7_KGQGTFDGE|0.0
Q13131|Q96DR7_NAVLYQNYK|0.0
Q13131|Q96DR7_SDEESEPKE|0.0
Q13131|Q96DR7_RSTWSQLSA|0.0
Q13131|Q96DR7_WSQLSAVKR|0.384
Q13131|Q96DR7_PYVKYCTNE|0.0
Q13131|Q96DR7_TNEVYQQRT|0.01
Q13131|Q96DR7_ELTAYVEDT|0.0
Q13131|Q96DR7_STMLYSRQS|0.001
Q13131|Q96DR7_ARWITALGH|0.0
Q13131|Q96DR7_ALGHSSGKP|0.77
Q13131|Q9BQI5_NIALSPSPV|0.194
Q13131|Q9BQI5_SPRRSPGAI|0.443
Q13131|Q9BQI5_KRNLSSEEV|0.891
Q13131|Q9BQI5_RPRRSTPTP|0.0
Q13131|Q9BQI5_PRRSTPTPE|0.008
Q13131|Q9BQI5_RSTPTPELI|0.243
Q13131|Q9BQI5_PSMESPKLT|0.0
Q13131|Q9BQI5_SPKLTRPFP|0.0
Q13131|Q9BQI5_FPTGTPPPL|0.134
Q13131|Q9BQI5_NVPATPPRT|0.179
Q13131|Q9BQI5_TPPRTGSPL|0.428
Q13131|Q9BQI5_PRTGSPLTI|0.232
Q13131|Q9BQI5_WVHFSDTSP|0.0
Q13131|Q9BQI5_HFSDTSPEH|0.0
Q13131|Q9BQI5_FSDTSPEHV|0.0
Q13131|Q9BQI5_TPELTPREK|0.391
Q13131|Q9BQI5_EKVVSPPAT|0.033
Q13131|Q9BQI5_GQRATPPPP|0.0
Q13131|Q9BQI5_CRSTTPPPP|0.0
Q13131|Q9BQI5_PRPPSRPKL|0.03
Q13131|Q9BQI5_SRPFSPPIH|0.097
Q13131|Q9BQI5_PPIHSSSPP|0.0
Q13131|Q9BQI5_PIHSSSPPP|0.004
Q13131|Q9BQI5_IHSSSPPPI|0.0
Q13131|Q9BQI5-4_ELKASIGNI|0.0
Q13131|Q9BQI5-4_NIALSPSPV|0.0
Q13131|Q9BQI5-4_ALSPSPVGA|0.0
Q13131|Q9BQI5-4_ARPATPLVP|0.0
Q13131|O00141_PPSPSQQIN|0.693
Q13131|O00141_EEVFYAVKV|0.463
Q13131|Q9HBY8-1_AKRKSDGAF|0.0
Q13131|Q9HBY8-1_PEDTTSTFC|0.0
Q13131|Q9HBY8-1_TFCGTPEYL|0.0
Q13131|Q9HBY8-1_GAVLYEMLH|0.0
Q13131|Q9HBY8-1_QRLGSKADF|0.0
Q13131|Q9HBY8-1_HKRLTPPFN|0.0
Q13131|Q9HBY8-1_NPNVTGPAD|0.0
Q13131|Q86YV5_PRAGSLPPP|0.0
Q13131|Q86YV5_NSSPYSKPT|0.0
Q13131|Q86YV5_APVVYLGSF|0.013
Q13131|Q86YV5_VYLGSFRGV|0.58
Q13131|Q86YV5_PAGPSTSPD|0.0
Q13131|Q86YV5_AGPSTSPDG|0.0
Q13131|Q86YV5_CPPAYTMVG|0.005
Q13131|Q86YV5_PPAYTMVGL|0.005
Q13131|Q86YV5_PSFPYQDRP|0.0
Q13131|Q86YV5_DRPSTQESF|0.0
Q13131|Q86YV5_ESLPSEDDS|0.0
Q13131|Q86YV5_EGGEYCSIL|0.0
Q13131|Q86YV5_CCPGSPVAK|0.0
Q13131|Q86YV5_AKAASQTAG|0.0
Q13131|Q86YV5_QTAGSRGRH|0.382
Q13131|Q86YV5_GRDCSPTCW|0.017
Q13131|Q86YV5_KRGPSFPKE|0.0
Q13131|Q86YV5_KECCSQGPT|0.0
Q13131|Q86YV5_SQGPTAHPS|0.0
Q13131|Q86YV5_TAHPSCLGP|0.0
Q13131|Q86YV5_PHLESDYCS|0.0
Q13131|Q86YV5_LESDYCSLM|0.0
Q13131|Q86YV5_CPGVTPSRC|0.0
Q13131|Q86YV5_IYAESTKRK|0.0
Q13131|Q86YV5_WGRDSPDPT|0.0
Q13131|Q86YV5_HRTIYLSSP|0.0
Q13131|Q86YV5_IYLSSPDSA|0.0
Q13131|Q86YV5_SSPDSAVGV|0.0
Q13131|Q86YV5_RGPVSQNSE|0.0
Q13131|Q86YV5_GEEETSAGQ|0.0
Q13131|Q86YV5_ISDPSRCPQ|0.0
Q13131|Q86YV5_FQAGTWSRQ|0.32
Q13131|Q86YV5_QELLSHSWG|0.0
Q13131|Q86YV5_DHSNSTTWH|0.0
Q13131|Q86YV5_SGIETFSPP|0.0
Q13131|Q86YV5_KMNKSSSDL|0.527
Q13131|Q86YV5_MNKSSSDLE|0.0
Q13131|Q86YV5_LEKVSQGSA|0.292
Q13131|Q86YV5_VSQGSAESL|0.466
Q13131|Q86YV5_GSAESLSPS|0.0
Q13131|Q86YV5_SLSPSFRGV|0.212
Q13131|Q86YV5_FTTGSTDSL|0.462
Q13131|Q86YV5_SRTCSDGGP|0.0
Q13131|Q86YV5_DGGPSSELA|0.0
Q13131|Q86YV5_AHSPTNSGK|0.081
Q13131|Q86YV5_SPTNSGKKL|0.529
Q13131|Q86YV5_VPFPSGSTE|0.0
Q13131|Q86YV5_TEDVSPSGP|0.013
Q13131|Q86YV5_DVSPSGPQQ|0.0
Q13131|Q86YV5_RAASSPDGF|0.0
Q13131|Q86YV5_WTQGSPKPG|0.0
Q13131|Q86YV5_PKPGTASPK|0.001
Q13131|Q86YV5_PGTASPKLN|0.0
Q13131|Q86YV5_NLSHSETNV|0.576
Q13131|Q86YV5_SHSETNVHD|0.421
Q13131|Q86YV5_ESHFSYSLS|0.0
Q13131|Q86YV5_SHFSYSLSP|0.0
Q13131|Q86YV5_HFSYSLSPG|0.0
Q13131|Q86YV5_SYSLSPGNR|0.004
Q13131|Q86YV5_PVFSSSDPL|0.0
Q13131|Q86YV5_VFSSSDPLE|0.0
Q13131|Q86YV5_AFKGSGHWL|0.053
Q13131|Q86YV5_GGCGSPGLQ|0.0
Q13131|Q86YV5_KPGGTPNLQ|0.214
Q13131|Q96BR1_KKRFTVYKV|0.002
Q13131|Q96BR1_LQMDSPKHQ|0.707
Q13131|Q96BR1_PKHQSDPSE|0.913
Q13131|Q96BR1_QSDPSEDED|0.877
Q13131|Q96BR1_DGKFYAVKV|0.0
Q13131|Q96BR1_GIAISDTTT|0.012
Q13131|Q96BR1_ISDTTTTFC|0.0
Q13131|Q96BR1_TFCGTPEYL|0.6
Q13131|Q96LW2_TGLGTIRSD|0.0
Q13131|Q96LW2_GTIRSDLEE|0.001
Q13131|Q5FBB7_GKRRSFIAA|0.615
Q13131|Q5FBB7_QEICSSGMD|0.0
Q13131|Q5FBB7_EICSSGMDP|0.0
Q13131|Q5FBB7_MDPNSDDSS|0.031
Q13131|Q5FBB7_NSDDSSRNL|0.474
Q13131|Q5FBB7_VSVRSSLKK|0.0
Q13131|Q5FBB7_SVRSSLKKH|0.0
Q13131|Q5FBB7_KHCNSICQF|0.0
Q13131|Q5FBB7_DEKETEGSK|0.0
Q13131|Q5FBB7_NVSLYPVVK|0.0
Q13131|Q562F6_KLNVSLASK|0.0
Q13131|Q562F6_KPSPSNVTE|0.0
Q13131|Q562F6_KKRGSSWES|0.63
Q13131|Q562F6_KRGSSWESN|0.58
Q13131|Q562F6_SNKKTNEHG|0.0
Q13131|Q562F6_IENRTERSD|0.0
Q13131|Q562F6_EQEETYSLS|0.0
Q13131|Q562F6_ASRQTFVIH|0.0
Q13131|Q562F6_VNRKTEIIS|0.0
Q13131|Q562F6_VKSHSLFLT|0.556
Q13131|Q562F6_STKDSGNLY|0.0
Q13131|Q562F6_NLYDSEIQN|0.0
Q13131|Q562F6_DNFFSLTPK|0.001
Q13131|Q562F6_MNQIYEDND|0.0
Q13131|Q562F6_KHITSEADS|0.0
Q13131|Q562F6_SEADSDPGN|0.0
Q13131|Q562F6_SIDPSPESH|0.0
Q13131|Q562F6_RILDSVQGK|0.0
Q13131|Q562F6_KAFRSLSEI|0.774
Q13131|Q562F6_SSFDSVREG|0.0
Q13131|Q562F6_LVPLSVSSG|0.002
Q13131|Q562F6_PLSVSSGKN|0.419
Q13131|Q562F6_ALECSPAFQ|0.0
Q13131|Q562F6_AFQVSDDEH|0.36
Q13131|Q562F6_RTQKSGIGD|0.56
Q13131|Q562F6_LSNTSFVSN|0.105
Q13131|O95470_SKNMSFLKV|0.971
Q13131|O95470_KALPSQGLS|0.0
Q13131|O95470_SQGLSSSAV|0.0
Q13131|O95470_KLKEYSSMD|0.0
Q13131|O95470_VAPQSAHAA|0.0
Q13131|O95470_PGGISAACW|0.002
Q13131|O95470_NPQLSVIAL|0.0
Q13131|O95470_IALGSRDFD|0.225
Q13131|O95470_DIRESVTQI|0.556
Q13131|O95470_RESVTQIMK|0.477
Q13131|Q9BX95_VLVMYLGQC|0.0
Q13131|Q9BX95_MVLLTYGRW|0.0
Q13131|Q9BX95_VLLTYGRWQ|0.373
Q13131|P51688_QNGMYGLHQ|0.515
Q13131|P51688_PFFLYVAFH|0.0
Q13131|P51688_LAAQYTTVG|0.0
Q13131|P51688_AAQYTTVGR|0.211
Q13131|P51688_FSIPYPSYA|0.0
Q13131|P51688_IPYPSYAIF|0.0
Q13131|P51688_YVSPTFQDL|0.0
Q13131|Q2NKQ1_GFLRSNKIA|0.0
Q13131|Q2NKQ1_NSSKYYEKE|0.0
Q13131|Q2NKQ1_SSKYYEKEA|0.0
Q13131|Q2NKQ1_PILASLLVG|0.0
Q13131|Q2NKQ1_CALEYTKMK|0.0
Q13131|Q2NKQ1_ALEYTKMKT|0.0
Q13131|Q2NKQ1_QKRHSSGSM|0.005
Q13131|Q2NKQ1_LAKCSSGAS|0.0
Q13131|Q2NKQ1_AKCSSGASL|0.666
Q13131|Q2NKQ1_SSGASLDSH|0.0
Q13131|Q2NKQ1_ASLDSHLHR|0.0
Q13131|Q2NKQ1_LHRDSTISN|0.0
Q13131|Q2NKQ1_HRDSTISNE|0.0
Q13131|Q2NKQ1_GAMDTHFAN|0.0
Q13131|O43147_GRKPSGVSQ|0.003
Q13131|O43147_PSGVSQEAL|0.0
Q13131|O43147_APALSPQAL|0.586
Q13131|O43147_TRQDSPAKR|0.0
Q13131|O43147_KRHSSGSAS|0.0
Q13131|O43147_RKRSSIRSV|0.712
Q13131|O43147_SSIRSVDME|0.0
Q13131|O43147_FSSGSSIDS|0.0
Q13131|O43147_SSGSSIDSH|0.004
Q13131|O43147-2_SRAASVDDD|0.0
Q13131|O43147-2_HAMLSMICS|0.0
Q13131|Q96HU1_LLANSPLME|0.001
Q13131|Q96HU1_KIAVSLPRS|0.001
Q13131|Q96HU1_WMRLSGALQ|0.412
Q13131|Q96HU1_RLAGSLTDV|0.514
Q13131|Q96HU1_RRKSTITAL|0.0
Q13131|Q96HU1_TPDYSMESH|0.007
Q13131|Q96HU1_DHENYVACS|0.0
Q13131|Q96HU1_RDFASVYSR|0.537
Q13131|Q96HU1_FASVYSRLV|0.598
Q13131|Q96HU1_ASVYSRLVL|0.173
Q13131|Q96HU1_EELLYRAVQ|0.0
Q13131|Q96HU1_SVNVTHDAV|0.002
Q13131|O95905_APRKSGAES|0.479
Q13131|O95905_WLPTTPPTI|0.014
Q13131|O95905_ITAHSEKIL|0.003
Q13131|O95905_KILASESIR|0.0
Q13131|O95905_KIQASLHRA|0.002
Q13131|O95905_WLDLSPDQL|0.0
Q13131|O95905_KEQNYDLTE|0.0
Q13131|O95905_LTEVSESMK|0.14
Q13131|O95905_EVSESMKAF|0.0
Q13131|O95905_PREPSEAPI|0.0
Q13131|O95905_CISKSFTTR|0.007
Q13131|O95905-3_SLLSTWDNS|0.0
Q13131|O43765_KRLAYAIIQ|0.0
Q13131|O43765_KLGNYAGAV|0.216
Q13131|O43765_YSKAYGRMG|0.0
Q13131|O43765_LALSSLNKH|0.0
Q13131|O43765_EQLRSQIRS|0.815
Q13131|Q96EQ0_PLSNSVPED|0.0
Q13131|Q96EQ0_NHIRSRSFS|0.539
Q13131|Q96EQ0_RSFSSSAEE|0.0
Q13131|Q96EQ0_SFSSSAEEH|0.0
Q13131|Q96EQ0_AEEHS____|0.0
Q13131|Q9NRF2_RFRLYLASH|0.001
Q13131|Q9NRF2_LYLASHPQY|0.267
Q13131|Q9NRF2_SHPQYAGPG|0.0
Q13131|Q9NRF2_EAAFSRRFA|0.272
Q13131|Q9NRF2_VARASGSLS|0.549
Q13131|Q9NRF2_SGSLSPPIL|0.234
Q13131|Q9NRF2_GAEISPHDL|0.631
Q13131|Q9NRF2_PHDLSLESC|0.124
Q13131|Q9NRF2_LSLESCRVG|0.0
Q13131|Q9NRF2_VLGPSRSSE|0.807
Q13131|Q9NRF2_GPSRSSEDL|0.606
Q13131|Q9NRF2_PSRSSEDLA|0.99
Q13131|Q9NRF2_KKRFSLRSV|0.72
Q13131|Q9NRF2_FSLRSVGRS|0.52
Q13131|Q9NRF2_SDGTSPGER|0.503
Q13131|Q9NRF2_RPRLSIPCS|0.0
Q13131|Q9NRF2_VEGPSEYIM|0.004
Q13131|Q9NRF2_QECLSPGPC|0.0
Q13131|Q9NRF2_CPATSPRPM|0.001
Q13131|Q9NRF2_NHSESLPSQ|0.407
Q13131|Q9NRF2_SQGAYGGLS|0.305
Q13131|Q9NRF2_HLRLSLNEE|0.009
Q13131|Q9NRF2_VLVSYVPSS|0.0
Q13131|Q6PD62_TLAAYYVQQ|0.166
Q13131|Q6PD62_LAAYYVQQA|0.625
Q13131|Q6PD62_ATLLYTMAD|0.461
Q13131|Q6PD62_VLNQSPNNI|0.84
Q13131|Q6PD62_SRAYTIDPS|0.021
Q13131|Q6PD62_KENASQCFE|0.027
Q13131|Q6PD62_ALAATEARQ|0.66
Q13131|Q6PD62_GGRRSKKGG|0.498
Q13131|Q6PD62_NQNKSGSEA|0.037
Q13131|Q6PD62_NKSGSEAGS|0.942
Q13131|Q6PD62_SDQPSRKRR|0.0
Q13131|Q6PD62_RPSGSEQSD|0.417
Q13131|Q6PD62_SDNESVQSG|0.82
Q13131|Q6PD62_QSGRSHSGV|0.431
Q13131|Q6PD62_HSGVSENDS|0.495
Q13131|Q6PD62_SRPASPSAE|0.001
Q13131|Q6PD62_SGNESEPEG|0.0
Q13131|O60880_AVAVYHGKI|0.0
Q13131|O60880_HGKISRETG|0.0
Q13131|O60880_LLLATGLDG|0.0
Q13131|O60880_GLDGSYLLR|0.152
Q13131|O60880_LDGSYLLRD|0.0
Q13131|O60880_VEKKSSARS|0.0
Q13131|O60880_EKKSSARST|0.0
Q13131|O60880_SSARSTQGT|0.0
Q13131|O60880_SARSTQGTT|0.394
Q13131|O60880_STQGTTGIR|0.0
Q13131|O60880_TQGTTGIRE|0.0
Q13131|O14796_TAEGSPKQV|0.0
Q13131|Q9BRG2_RWRGSALHF|0.619
Q13131|Q9BRG2_FSEDTLMDG|0.736
Q13131|Q9BRG2_HMGRSREDP|0.882
Q13131|Q9BRG2_ALPRTSSDP|0.513
Q13131|Q9BRG2_LPRTSSDPV|0.001
Q13131|Q9BRG2_APLGTVADS|0.605
Q13131|Q9BRG2_TVADSLRAS|0.685
Q13131|Q9BRG2_KPPRTPSFE|0.266
Q13131|Q9BRG2_PRTPSFELP|0.829
Q13131|Q9BRG2_ERPPTYCEL|0.754
Q13131|Q9BRG2_VQGTSPSQS|0.113
Q13131|Q9H788_LSEMYIDPD|0.0
Q13131|Q9H788_ERKESLPVK|0.0
Q13131|Q9H788_RKTHSEEFT|0.0
Q13131|Q9H788_LKTKSQYHD|0.0
Q13131|Q9H788_LSSSSRNIQ|0.0
Q13131|Q9H788_MLADSINRM|0.0
Q13131|Q9H788_EWQASLRKS|0.11
Q13131|Q9H788_ERLQSPLRV|0.0
Q13131|Q9H788_RTLSSSAQE|0.0
Q13131|Q5SQS7_IQKGTVAGL|0.0
Q13131|Q6ZV89_GRRASDCGL|0.0
Q13131|Q6ZV89_CPGPTGEVP|0.0
Q13131|Q6ZV89_HALVSFRRL|0.595
Q13131|Q6ZV89_GLVGSGKEL|0.0
Q13131|Q6ZV89_LGNPYCSPT|0.0
Q13131|Q6ZV89_NPYCSPTLV|0.0
Q13131|Q6ZV89_YCSPTLVRK|0.0
Q13131|Q6ZV89_RGCTYETQL|0.0
Q13131|Q6ZV89_RPPRTLRPL|0.0
Q13131|Q6ZV89_LRPLSHAKS|0.0
Q13131|Q6ZV89_SHAKSEAEL|0.322
Q13131|A6NKC9_ASPRSSPKP|0.0
Q13131|A6NKC9_SPRSSPKPQ|0.0
Q13131|A6NKC9_KPQVSFLHA|0.0
Q13131|A6NKC9_GTEGSGRHG|0.0
Q13131|A6NKC9_VPAGSQAYS|0.0
Q13131|P55822_VATSSGSIA|0.0
Q13131|O75368_YIASSSGST|0.0
Q13131|O75368_SSSGSTAIK|0.0
Q13131|O75368_SSGSTAIKK|0.0
Q13131|O75368_PATGYPLPP|0.0
Q13131|O75368_YRGDYDAFF|0.0
Q13131|O75368_NNAVYAFLG|0.0
Q13131|O75368_FLGLTAPPG|0.0
Q13131|O75368_APPGSKEAE|0.0
Q13131|Q9UJC5_VFIASSSGF|0.0
Q13131|Q9UJC5_FIASSSGFV|0.0
Q13131|Q9UJC5_IASSSGFVA|0.0
Q13131|Q9UJC5_PRLASKAEP|0.501
Q13131|Q9H299_GLRVYSTSV|0.346
Q13131|Q9H299_REIKSQQSE|0.0
Q13131|Q9H299_KRIQYQLVD|0.72
Q13131|Q9H299_LVDISQDNA|0.508
Q13131|Q9H299_NPKATPPQI|0.0
Q13131|Q9H299_NGDQYCGDY|0.0
Q13131|Q9H299_YCGDYELFV|0.0
Q13131|Q9Y3L3_QLAQTGSLG|0.03
Q13131|Q9Y3L3_AQTGSLGRT|0.0
Q13131|Q9Y3L3_LMALSTTMA|0.0
Q13131|Q9Y3L3_NSGSSQGLG|0.416
Q13131|Q9Y3L3_GSPGSHSHT|0.0
Q13131|Q9Y3L3_CRDEYLADL|0.0
Q13131|Q9Y3L3_LADLYHFVT|0.0
Q13131|Q9Y3L3_SYANYFIRL|0.457
Q13131|Q9Y3L3_SSLDTALAE|0.0
Q13131|Q9Y3L3_SPSMTATHF|0.0
Q13131|Q9Y3L3_PENLSNLRY|0.0
Q13131|Q9Y3L3_TKERTESEV|0.0
Q13131|Q9Y3L3_ERTESEVPP|0.0
Q13131|Q9Y3L3_SPKVTRSPP|0.0
Q13131|Q9Y3L3_LPPGSGSPG|0.0
Q13131|Q9Y3L3_PGSGSPGTP|0.0
Q13131|Q9Y3L3_GSPGTPQAL|0.0
Q13131|Q9Y3L3_RLVGSSLRA|0.48
Q13131|Q9Y3L3_QSRRSPASP|0.0
Q13131|Q9Y3L3_RSPASPSPA|0.0
Q13131|Q9Y3L3_PSPASPGPA|0.0
Q13131|Q9Y3L3_PGPASPSPV|0.0
Q13131|Q9Y3L3_PRPRSLASE|0.0
Q13131|P78314_KKGGTQLQL|0.602
Q13131|P78314_KPAFSDMPR|0.624
Q13131|P78314_HSFTSKGPG|0.003
Q13131|P78314_RVPATPRRM|0.496
Q13131|P78314_PPLSTMPTA|0.48
Q13131|P78314_DKLKSFHLS|0.438
Q13131|P78314_SFHLSPRGP|0.445
Q13131|P78314_QSFRSFSFE|0.523
Q13131|P78314_GGDDSDEDY|0.602
Q13131|P78314-3_CWVSTISFM|0.0
Q13131|P78314-3_VSTISFMAA|0.0
Q13131|Q9P0V3_RAANSNGLP|0.923
Q13131|Q9P0V3_PRCKSEGTL|0.0
Q13131|Q9P0V3_IKVPSPSAL|0.318
Q13131|Q9P0V3_YRNSTLSDS|0.489
Q13131|Q9P0V3_TLSDSGMID|0.0
Q13131|Q9P0V3_LGGWTDDKK|0.0
Q13131|Q9P0V3_PFFRSKRSY|0.66
Q13131|Q9P0V3_RSKRSYSLS|0.673
Q13131|Q9P0V3_SYSLSELSV|0.471
Q13131|Q9P0V3_LSELSVLQA|0.0
Q13131|Q9P0V3_PTSSSFFTG|0.0
Q13131|Q9P0V3_TGLKSPAPE|0.0
Q13131|Q9P0V3_LLGQSPGWG|0.0
Q13131|Q9P0V3_TVGLYGPKH|0.552
Q13131|Q9P0V3_PPPKSAIKP|0.0
Q13131|Q9P0V3_TKYPTFQDR|0.0
Q13131|Q9P0V3_RPVSSLKFG|0.0
Q13131|O60239_KRSRSEEPA|0.0
Q13131|O60239_KLNQSTDDI|0.128
Q13131|O60239_DSKPYWEAR|0.265
Q13131|O60239_AAKETISLA|0.0
Q13131|O60239_KETISLAEQ|0.0
Q13131|O60239_AINKSKPYF|0.001
Q13131|O60239_CSGASSPEC|0.0
Q13131|O60239_SGASSPECE|0.0
Q13131|O60239_GSSKSQSST|0.832
Q13131|O60239_SLQCSKGRD|0.026
Q13131|Q7L8J4_EAKLSPREE|0.513
Q13131|Q7L8J4_ERAVSMHNA|0.155
Q13131|Q7L8J4_KAQFSQILE|0.0
Q13131|Q7L8J4_LSLRTVASD|0.592
Q13131|Q7L8J4_GRRGSDGGA|0.0
Q13131|Q7L8J4_RHQRSVSL_|0.498
Q13131|Q5HYK7_NIMNTEQSQ|0.797
Q13131|Q5HYK7_NTEQSQNSI|0.2
Q13131|Q5HYK7_ANRASGEWD|0.891
Q13131|Q5HYK7_KKVPTPAPR|0.431
Q13131|Q5HYK7_LKPVTVPPR|0.414
Q13131|Q5HYK7_KAYKSLGEG|0.229
Q13131|Q5HYK7_LPAKTEPIK|0.716
Q13131|Q5HYK7_QPAPTRKPT|0.001
Q13131|Q5HYK7_TRKPTVIRI|0.0
Q13131|Q5HYK7_EDPQSPPPL|0.369
Q13131|Q5HYK7_PFNRSSSDM|0.141
Q13131|Q5HYK7_FNRSSSDMD|0.929
Q13131|Q5HYK7_NRSSSDMDL|0.975
Q13131|Q5HYK7_QKKQSNLAT|0.712
Q13131|Q5HYK7_ATGLSKAKS|0.694
Q13131|Q5HYK7_SKAKSQVFK|0.493
Q13131|Q5HYK7_ERLDSDWCR|0.915
Q13131|A4FU49_LMPKTSLPT|0.0
Q13131|A4FU49_MPKTSLPTV|0.0
Q13131|A4FU49_PSRDSQKLT|0.0
Q13131|A4FU49_PQQRSVSSQ|0.001
Q13131|A4FU49_EEHSSPVKA|0.0
Q13131|A4FU49_DKVPSPEKT|0.0
Q13131|A4FU49_DKVPTPEKM|0.0
Q13131|A4FU49_ERVFSVEES|0.0
Q13131|A4FU49_DEAPTLEKV|0.0
Q13131|A4FU49_TPELSEEEV|0.005
Q13131|A4FU49_EEVSTRDDI|0.0
Q13131|A4FU49-6_NFSYSPEQA|0.0
Q13131|Q96B97_NSLLSSETI|0.0
Q13131|Q96B97_QVAFSYLPQ|0.887
Q13131|Q96B97_VAFSYLPQN|0.594
Q13131|Q96B97_IKELSGESD|0.797
Q13131|Q96B97_LSGESDELG|0.329
Q13131|Q96B97_ELGISQDEQ|0.861
Q13131|Q96B97_DEQLSKSSL|0.504
Q13131|Q96B97_LRETTGSES|0.496
Q13131|Q96B97_ETTGSESDG|0.847
Q13131|Q96B97_SSTKSEGAN|0.833
Q13131|Q96B97_GANGTVATA|0.258
Q13131|Q96B97_LPATTATPD|0.24
Q13131|Q96B97_PPPPSAPVI|0.013
Q13131|Q96B97_QGAGTTERK|0.452
Q13131|Q96B97_GAGTTERKH|0.568
Q13131|Q96B97_RPPKTNSLS|0.778
Q13131|Q96B97_PKTNSLSRP|0.691
Q13131|Q96B97_TNSLSRPGA|0.455
Q13131|Q96B97_LAGSSLSGI|0.886
Q13131|Q96B97_RRPPSQSLT|0.929
Q13131|Q96B97_PPSQSLTSS|0.002
Q13131|Q96B97_QSLTSSSLS|0.079
Q13131|Q96B97_LTSSSLSSP|0.473
Q13131|Q96B97_SSSLSSPDI|0.878
Q13131|Q96B97_SSLSSPDIF|0.46
Q13131|Q96B97_ISQVSDNKA|0.001
Q13131|Q96B97_SAAPSPLSS|0.532
Q13131|Q96B97_PLSSSLGTA|0.382
Q13131|Q96B97_SSLGTAGHR|0.486
Q13131|Q96B97_SLFGTEGKP|0.45
Q13131|Q96B97_RELRSIIET|0.713
Q13131|Q96B97_KQLLSELDE|0.473
Q13131|Q96B97-2_AKAPSAADL|0.403
Q13131|Q8TEJ3_ERLDTTAKV|0.118
Q13131|Q8TEJ3_RLDTTAKVL|0.005
Q13131|Q8TEJ3_STPGSPVFL|0.0
Q13131|Q8TEJ3_KKRHSFTAL|0.656
Q13131|Q8TEJ3_LISSSDPRA|0.033
Q13131|Q8TEJ3_QDVSSSAGS|0.0
Q13131|Q8TEJ3_DVSSSAGST|0.0
Q13131|Q8TEJ3_SAGSTPTAV|0.0
Q13131|Q8TEJ3_PRAASVSGE|0.025
Q13131|Q8TEJ3_GEQGTPPKV|0.247
Q13131|Q8TEJ3_PLNVYLALY|0.166
Q13131|Q8TEJ3_YLALYAYKP|0.0
Q13131|Q8TEJ3_AKGITTTMH|0.0
Q13131|Q8TEJ3_PGSGSLSSL|0.0
Q13131|Q8TEJ3_ALPITTPQA|0.0
Q13131|Q8TEJ3_LAGASTKKK|0.005
Q13131|Q8TEJ3_AGASTKKKS|0.202
Q13131|Q8TEJ3_TKKKSRSPP|0.518
Q13131|Q8TEJ3_GRAGSCPIE|0.0
Q13131|Q8TEJ3_SFVESF___|0.285
Q13131|A1X283_PPRRSIVEV|0.002
Q13131|A1X283_KHYVYIIRV|0.006
Q13131|A1X283_TEAIYRRYS|0.0
Q13131|A1X283_LFRRSHIRD|0.482
Q13131|A1X283_GKKKSGGDQ|0.001
Q13131|A1X283_GGDQTSVDP|0.0
Q13131|A1X283_EEEKYTVIY|0.0
Q13131|A1X283_YTVIYPYTA|0.021
Q13131|A1X283_VIYPYTARD|0.0
Q13131|A1X283_PGSPSHPGA|0.137
Q13131|A1X283_ELLSSQRDG|0.583
Q13131|A1X283_AKQRSPKMR|0.0
Q13131|A1X283_EEEYYTIAE|0.0
Q13131|A1X283_DWKGSKDVL|0.867
Q13131|A1X283_LRKASSDMS|0.984
Q13131|A1X283_YEEISDPDM|0.508
Q13131|A1X283_PRKESIIKS|0.855
Q13131|A1X283_SIIKSEGEL|0.624
Q13131|A1X283_KPDATPQNP|0.001
Q13131|A1X283_KPAPSPKTE|0.0
Q13131|A1X283_RPAKSQDKS|0.946
Q13131|A1X283_AFSRSFLPG|0.113
Q13131|A1X283_QDGLSPKEI|0.009
Q13131|A1X283_RPAKTTDPV|0.469
Q13131|A1X283_PPKKTSSSS|0.75
Q13131|A1X283_KTSSSSRPL|0.0
Q13131|A1X283_TSSSSRPLP|0.0
Q13131|A1X283_FLSNSLGGQ|0.594
Q13131|A1X283_GQDDTRGKG|0.7
Q13131|A1X283_RGKGSLGPW|0.487
Q13131|A1X283_GPWGTGKIG|0.134
Q13131|A1X283_GLKDSLYVA|0.001
Q13131|Q7Z6J0_VANCSSKDL|0.442
Q13131|Q7Z6J0_ANCSSKDLQ|0.193
Q13131|Q7Z6J0_PRVQSWSPP|0.919
Q13131|Q7Z6J0_VQSWSPPVR|0.386
Q13131|Q7Z6J0_AKALYNYEG|0.268
Q13131|Q7Z6J0_ALYNYEGKE|0.276
Q13131|Q7Z6J0_RHSFTSLTM|0.584
Q13131|Q7Z6J0_HSFTSLTMA|0.0
Q13131|Q7Z6J0_MANKSSQAS|0.0
Q13131|Q7Z6J0_ANKSSQASQ|0.07
Q13131|Q7Z6J0_SSQASQNRH|0.495
Q13131|Q7Z6J0_QNRHSMEIS|0.801
Q13131|Q7Z6J0_SMEISPPVL|0.451
Q13131|Q7Z6J0_RPSVYVAIY|0.386
Q13131|Q7Z6J0_YVAIYPYTP|0.001
Q13131|Q7Z6J0_AIYPYTPRK|0.0
Q13131|Q7Z6J0_SRGVTMVSP|0.282
Q13131|Q7Z6J0_MVSPSTAGG|0.0
Q13131|Q7Z6J0_VSPSTAGGP|0.0
Q13131|Q7Z6J0_LLHMTGQMT|0.487
Q13131|Q7Z6J0_ITSASLEAE|0.0
Q13131|Q7Z6J0_GRIVTVLPG|0.351
Q13131|Q7Z6J0_GLPTSPDSA|0.002
Q13131|Q7Z6J0_TSPDSASSA|0.0
Q13131|Q7Z6J0_PDSASSACG|0.0
Q13131|Q7Z6J0_DSASSACGN|0.005
Q13131|Q7Z6J0_NSSATKPDK|0.002
Q13131|Q7Z6J0_LKLLSGAST|0.0
Q13131|Q7Z6J0_LSGASTKRK|0.705
Q13131|Q7Z6J0_SGASTKRKP|0.39
Q13131|Q7Z6J0_KPRVSPPAS|0.167
Q13131|Q7Z6J0_SPPASPTLE|0.098
Q13131|Q7Z6J0_PASPTLEVE|0.662
Q13131|Q7Z6J0_GRAGSCPVD|0.85
Q13131|Q7Z6J0_HRKASSLDS|0.927
Q13131|Q7Z6J0_RKASSLDSA|0.913
Q13131|Q7Z6J0_SSLDSAVPI|0.889
Q13131|Q8TEC5_RLQASPFRL|0.002
Q13131|Q8TEC5_VSLVTGRVG|0.0
Q13131|Q8TEC5_LGQGSLRKG|0.627
Q13131|Q8TEC5_KQVKTVRFQ|0.0
Q13131|Q8TEC5_FQNYSPPPT|0.0
Q13131|Q8TEC5_TKHYTSHPT|0.0
Q13131|Q8TEC5_PEAASLGPE|0.0
Q13131|Q8TEC5_GPEMTVLFA|0.0
Q13131|Q8TEC5_LRRKSALGK|0.61
Q13131|Q8TEC5_LGKATTLVS|0.0
Q13131|Q8TE82_DQVRTVVMR|0.001
Q13131|Q8TE82_VMRPSVSWE|0.0
Q13131|Q8TE82_RPSVSWEKA|0.0
Q13131|Q8TE82_RLKLSQARV|0.0
Q13131|Q8TE82_ISQLYLSLG|0.0
Q13131|Q8TF17_ERSLTRGPG|0.0
Q13131|Q8TF17_ARLVSIQSQ|0.0
Q13131|Q8TF17_RHLKSQLQA|0.0
Q13131|Q8TF17_LGQLYRNLN|0.0
Q13131|Q8TF17-3_GAEKTRVPR|0.0
Q13131|Q96HL8_NRKFYCQDI|0.0
Q13131|Q9Y566_EERHSASEC|0.467
Q13131|Q9Y566_RHSASECPE|0.444
Q13131|Q9Y566_PEGGSESDS|0.001
Q13131|Q9Y566_GGSESDSSP|0.05
Q13131|Q9Y566_KTRVYKQTN|0.152
Q13131|Q9Y566_PLFHTAMVG|0.622
Q13131|Q9Y566_GTLRSASSP|0.795
Q13131|Q9Y566_PAGGTGGSG|0.003
Q13131|Q9Y566_RRKLYSAVP|0.01
Q13131|Q9Y566_LRQKSIGAA|0.968
Q13131|Q9Y566_SGRLTPSPR|0.429
Q13131|Q9Y566_RLTPSPRGG|0.401
Q13131|Q9Y566_SAAMYVPAR|0.037
Q13131|Q9Y566_RHSKSIDEG|0.886
Q13131|Q9Y566_PRPPSPRYE|0.008
Q13131|Q9Y566_SLPASPPAA|0.454
Q13131|Q9Y566_APVTSGRGP|0.151
Q13131|Q9Y566_RGPPSEDGP|0.002
Q13131|Q9Y566_VPPPSPRRS|0.152
Q13131|Q9Y566_PSPTSPRAS|0.0
Q13131|Q9UPX8_FSDYSVGSE|0.0
Q13131|Q9UPX8_ESDSSKEET|0.0
Q13131|Q9UPX8_NPDATVWVA|0.0
Q13131|Q9UPX8_DVLNYGLFQ|0.419
Q13131|Q9UPX8_YKQASLDEK|0.157
Q13131|Q9UPX8_ETPLTLAAQ|0.0
Q13131|Q9UPX8_KDGMTALHK|0.354
Q13131|Q9UPX8-1_VLLRSNSDN|0.0
Q13131|Q9UPX8-1_LRSNSDNNL|0.012
Q13131|Q9UPX8-1_TSHRSLSPQ|0.0
Q13131|Q9UPX8-1_HRSLSPQLL|0.0
Q13131|Q9UPX8-1_QQMPSKPEG|0.0
Q13131|Q9UPX8-1_GAAKTIGSY|0.0
Q13131|Q9UPX8-1_KTIGSYVPG|0.0
Q13131|Q9UPX8-1_TIGSYVPGP|0.0
Q13131|Q9UPX8-1_PGPRSRSPS|0.0
Q13131|Q9UPX8-1_WHVGSPFAL|0.0
Q13131|Q9UPX8-1_KRKLYSAVP|0.0
Q13131|Q9UPX8-1_YTVGSYDSF|0.0
Q13131|Q9UPX8-1_GSYDSFDTS|0.0
Q13131|Q9UPX8-1_LKVVTVTRN|0.001
Q13131|Q9UPX8-1_VVTVTRNLD|0.0
Q13131|Q9UPX8-1_DPDDTARKK|0.0
Q13131|Q9UPX8-1_KRAPTTALT|0.0
Q13131|Q9UPX8-1_TTALTLRSK|0.0
Q13131|Q9UPX8-1_LRSKSMTSE|0.0
Q13131|Q9UPX8-1_MNSVYERQG|0.022
Q13131|Q9UPX8-1_TVPGSPKAP|0.0
Q13131|Q9UPX8-1_RRQKSIDSR|0.0
Q13131|Q9UPX8-1_RIFLSGITE|0.0
Q13131|Q9UPX8-1_SVPPSPPPP|0.0
Q13131|Q9UPX8-1_TPRVYGTIK|0.344
Q13131|Q9UPX8-1_FNQNSAAKV|0.0
Q13131|Q9UPX8-1_PATRSDTVA|0.0
Q13131|Q9UPX8-1_TRSDTVATM|0.0
Q13131|Q9UPX8-1_DTVATMMRE|0.0
Q13131|Q9UPX8-1_ELDRYSLDS|0.0
Q13131|Q9UPX8-1_LDRYSLDSE|0.0
Q13131|Q9UPX8-1_YSLDSEDLY|0.0
Q13131|Q9UPX8-1_SEDLYSRNA|0.0
Q13131|Q9UPX8-1_PENPYSEVG|0.0
Q13131|Q9UPX8-1_ENPYSEVGK|0.0
Q13131|Q9UPX8-1_SKAVYVPAK|0.0
Q13131|Q9UPX8-1_NVEDSPEKT|0.0
Q13131|Q9UPX8-1_EKTCSIPIP|0.0
Q13131|Q9UPX8-1_KEPSTSSSG|0.0
Q13131|Q9UPX8-1_PSTSSSGKS|0.0
Q13131|Q9UPX8-1_STSSSGKSS|0.0
Q13131|Q9UPX8-1_ARRNSPAFL|0.0
Q13131|Q9UPX8-1_PAFLSTDLG|0.0
Q13131|Q9UPX8-1_AFLSTDLGD|0.0
Q13131|Q9UPX8-1_VPSASSGTA|0.0
Q13131|Q9UPX8-1_GPGNYVHPL|0.0
Q13131|Q9UPX8-1_VHPLTGRLL|0.198
Q13131|Q9UPX8-1_LDPSSPLAL|0.0
Q13131|Q9UPX8-1_NKPLYIDTK|0.004
Q13131|Q9UPX8-1_KMRPSLDAG|0.0
Q13131|Q9UPX8-1_TRQNTRGPL|0.0
Q13131|Q9UPX8-1_RRQETENKY|0.011
Q13131|Q9UPX8-1_TENKYETDL|0.0
Q13131|Q9UPX8-1_SQQKSAGLL|0.0
Q13131|Q9UPX8-1_LMVHTVDAT|0.0
Q13131|Q9UPX8-1_TVDATKLDN|0.0
Q13131|Q9UPX8-1_VAVGSMEEA|0.263
Q13131|Q9UPX8-1_DRAASVPAL|0.0
Q13131|Q9UPX8-1_KQKKSDTPQ|0.0
Q13131|Q9UPX8-1_DTPQSPSLN|0.0
Q13131|Q9UPX8-1_PQSPSLNSS|0.0
Q13131|Q9UPX8-1_QPTNSADSK|0.0
Q13131|Q9UPX8-1_PPPESFDAV|0.0
Q13131|Q9UPX8-1_TEIKSPILS|0.0
Q13131|Q9UPX8-1_EGLDSPMGA|0.0
Q13131|Q9UPX8-1_LAPRSPEIM|0.0
Q13131|Q9UPX8-1_RRAPSPVVS|0.0
Q13131|Q9UPX8-1_SPVVSPTEM|0.0
Q13131|Q9UPX8-1_PAGRSRSPS|0.0
Q13131|Q9UPX8-1_GRSRSPSPS|0.0
Q13131|Q9UPX8-1_SRSPSPSIL|0.0
Q13131|Q9UPX8-1_QQPISNKPF|0.0
Q13131|Q9UPX8-4_SEDLYSRNA|0.0
Q13131|Q9UPX8-4_PENPYSEVG|0.0
Q13131|Q9UPX8-4_RRQETENKY|0.001
Q13131|Q9UPX8-4_DTPQSPSLN|0.0
Q13131|Q9UPX8-4_EGLDSPMGA|0.0
Q13131|Q9BYB0_KRRVYAQNL|0.644
Q13131|Q9BYB0_KFMDYVQLH|0.523
Q13131|Q9BYB0_PFRETPSYA|0.342
Q13131|Q9BYB0_SGLASPRPL|0.275
Q13131|Q9BYB0_PLQRSASDI|0.03
Q13131|Q9BYB0_QRSASDINL|0.831
Q13131|Q9BYB0_QPAASPGPS|0.001
Q13131|Q9BYB0_SPGPSLRSL|0.624
Q13131|Q9BYB0_PSLRSLPHQ|0.624
Q13131|Q9BYB0_KRKLYSAVP|0.515
Q13131|Q9BYB0_VKAHSPQGE|0.146
Q13131|Q9BYB0_LFRHYTVGS|0.337
Q13131|Q9BYB0_KRAPSTTLT|0.892
Q13131|Q9BYB0_RAPSTTLTL|0.195
Q13131|Q9BYB0_APSTTLTLR|0.521
Q13131|Q9BYB0_STTLTLRSK|0.36
Q13131|Q9BYB0_SRRITPAEI|0.02
Q13131|Q9BYB0_KLPGSLRKG|0.562
Q13131|Q9BYB0_PRTKSVGED|0.909
Q13131|Q9BYB0_EKLASLLEG|0.438
Q13131|Q9BYB0_RFPRSTSMQ|0.607
Q13131|Q9BYB0_PRSTSMQDP|0.707
Q13131|Q9BYB0_RAYDTVRSS|0.806
Q13131|Q9BYB0_AAGLYEPGA|0.0
Q13131|Q9BYB0_KRARSMIIL|0.934
Q13131|Q9BYB0_PGPDSPYAN|0.002
Q13131|Q9BYB0_PDSPYANLG|0.158
Q13131|Q9BYB0_PGGGSFARE|0.517
Q13131|Q9BYB0_AREPSPTHR|0.288
Q13131|Q9BYB0_RRRSTVFLS|0.1
Q13131|Q9BYB0_TVFLSVGAI|0.663
Q13131|Q9BYB0_LLLPSPVSA|0.173
Q13131|Q9BYB0_SRSPTPVHS|0.629
Q13131|Q9BYB0_TPVHSPDAD|0.432
Q13131|Q9BYB0_FSPRSPAWI|0.0
Q13131|Q9BYB0_PKLKSPLGK|0.108
Q13131|Q9BYB0_LKQSSDSEL|0.911
Q13131|Q9BYB0_FQRRSKLWG|0.805
Q13131|Q9BYB0_KDTRSLGEE|0.679
Q13131|Q9BYB0_PAKKSPIAA|0.519
Q13131|Q9BYB0_ARLFSSLGE|0.657
Q13131|Q9BYB0_RLFSSLGEL|0.84
Q13131|Q9BYB0_SAQRSPGGP|0.009
Q13131|Q9BYB0_PSGRYPVAR|0.0
Q13131|Q9BYB0_RRAPSPVKP|0.533
Q13131|Q9BYB0_FVVRSVSAR|0.442
Q13131|Q9BYB0_VSARSRSPS|0.528
Q13131|Q9BYB0_SPSPSPLPS|0.257
Q13131|Q9BYB0_SPLPSPASG|0.092
Q13131|Q96T58_HFKRYGRVE|0.061
Q13131|Q96T58_GTIPSAARG|0.113
Q13131|Q96T58_IASRSREVS|0.038
Q13131|Q96T58_GGPAYGPPP|0.0
Q13131|Q96T58_RERAYEHSA|0.0
Q13131|Q96T58_AYEHSAYGH|0.0
Q13131|Q96T58_EHSAYGHHE|0.0
Q13131|Q96T58_QHGLYYASR|0.0
Q13131|Q96T58_HGLYYASRS|0.077
Q13131|Q96T58_LYYASRSRS|0.044
Q13131|Q96T58_PERNYQHSR|0.0
Q13131|Q96T58_QHSRSRSPH|0.0
Q13131|Q96T58_SRSRSPHSS|0.0
Q13131|Q96T58_RSPHSSQSR|0.006
Q13131|Q96T58_RPTRSPSGS|0.0
Q13131|Q96T58_TRSPSGSGS|0.0
Q13131|Q96T58_SRSRSSSSD|0.0
Q13131|Q96T58_RSRSSSSDS|0.0
Q13131|Q96T58_RSSSSDSIS|0.006
Q13131|Q96T58_SSSDSISSS|0.0
Q13131|Q96T58_DSISSSSST|0.0
Q13131|Q96T58_SISSSSSTS|0.0
Q13131|Q96T58_ISSSSSTSS|0.0
Q13131|Q96T58_DSSDSSSSS|0.0
Q13131|Q96T58_SDSSSSSSD|0.0
Q13131|Q96T58_SSSSSDDSP|0.0
Q13131|Q96T58_SSDDSPARS|0.0
Q13131|Q96T58_PAPTSQLLS|0.0
Q13131|Q96T58_QLLSSLEKD|0.0
Q13131|Q96T58_EPRKSFGIK|0.003
Q13131|Q96T58_IHGTSEERY|0.0
Q13131|Q96T58_KATRTLFIG|0.644
Q13131|Q96T58_NLEKTTTYH|0.0
Q13131|Q96T58_DGLSSNVSD|0.418
Q13131|Q96T58_DQYLTRHFC|0.501
Q13131|Q96T58_ALVLYNEIE|0.0
Q13131|Q96T58_AVKETKGRK|0.212
Q13131|Q96T58_DRTYYESVR|0.0
Q13131|Q96T58_ESVRTPGTY|0.482
Q13131|Q96T58_ERFESDRDR|0.0
Q13131|Q96T58_DRSGSCSSL|0.006
Q13131|Q96T58_SGSCSSLSP|0.0
Q13131|Q96T58_GSCSSLSPP|0.0
Q13131|Q96T58_RLERYTKNE|0.003
Q13131|Q96T58_QSSETDQEN|0.166
Q13131|Q96T58_VIDHTPVEK|0.186
Q13131|Q96T58_EKGLSSHVE|0.0
Q13131|Q96T58_KGLSSHVEV|0.001
Q13131|Q96T58_EVKKSSPEM|0.709
Q13131|Q96T58_VGSGSRPSS|0.0
Q13131|Q96T58_KNYCSLRDE|0.355
Q13131|Q96T58_DVDEYERRS|0.0
Q13131|Q96T58_YERRSLVHE|0.632
Q13131|Q96T58_DSPPSKKKR|0.138
Q13131|Q96T58_FDICTKRER|0.0
Q13131|Q96T58_ISEDSERTG|0.069
Q13131|Q96T58_GGSPSVRHG|0.233
Q13131|Q96T58_KVLPYSNIT|0.001
Q13131|Q96T58_KFNPYDSSR|0.0
Q13131|Q96T58_RFDVSFPNS|0.504
Q13131|Q96T58_SFPNSIIKR|0.527
Q13131|Q96T58_ASALYESSR|0.0
Q13131|Q96T58_SSRLSFLLR|0.492
Q13131|Q96T58_DERLSSSLE|0.545
Q13131|Q96T58_ERLSSSLER|0.142
Q13131|Q96T58_RLSSSLERN|0.424
Q13131|Q96T58_RNKFYSFAL|0.026
Q13131|Q96T58_NKFYSFALD|0.0
Q13131|Q96T58_ERAKSLSSS|0.0
Q13131|Q96T58_KSLSSSREE|0.0
Q13131|Q96T58_EKVDSAPRP|0.639
Q13131|Q96T58_GKQTSEGAN|0.493
Q13131|Q96T58_ANSTTDSIQ|0.0
Q13131|Q96T58_STTDSIQEP|0.0
Q13131|Q96T58_VGPPSVTVV|0.375
Q13131|Q96T58_AKPPTPGAS|0.0
Q13131|Q96T58_KSKRSKTPV|0.013
Q13131|Q96T58_KLKRSNSPR|0.0
Q13131|Q96T58_ASKNSAADL|0.522
Q13131|Q96T58_HPEPSLPLS|0.0
Q13131|Q96T58_PLSRTRRRN|0.06
Q13131|Q96T58_RNVRSVYAT|0.0
Q13131|Q96T58_SVYATMGDH|0.527
Q13131|Q96T58_AAVPTTPRR|0.447
Q13131|Q96T58_EGWRSPRSQ|0.025
Q13131|Q96T58_EDGLSSQLK|0.0
Q13131|Q96T58_KEDVSASGP|0.12
Q13131|Q96T58_DVSASGPSP|0.5
Q13131|Q96T58_EEKQSEKPH|0.52
Q13131|Q96T58_KIPSTENSS|0.0
Q13131|Q96T58_SQEISVEER|0.272
Q13131|Q96T58_VTPPSDPSI|0.325
Q13131|Q96T58_DTKASDVDT|0.0
Q13131|Q96T58_DVDTSSSTL|0.02
Q13131|Q96T58_VDTSSSTLR|0.4
Q13131|Q96T58_TSSSTLRKI|0.516
Q13131|Q96T58_MDPKYVSAT|0.048
Q13131|Q96T58_APKITSVIS|0.0
Q13131|Q96T58_DLENSQKIT|0.513
Q13131|Q96T58_PVKGSVTTL|0.0
Q13131|Q96T58_VIAPSTKCK|0.0
Q13131|Q96T58_IAPSTKCKQ|0.0
Q13131|Q96T58_VLLSYSGQK|0.518
Q13131|Q96T58_APAGYANVA|0.119
Q13131|Q96T58_VATHSTLVL|0.396
Q13131|Q96T58_ATHSTLVLT|0.496
Q13131|Q96T58_TYNASPVIS|0.271
Q13131|Q96T58_VKVLTQGIN|0.063
Q13131|Q96T58_PSIVTTNKK|0.0
Q13131|Q96T58_GSTLTPHHP|0.069
Q13131|Q96T58_LDAHSPRPS|0.001
Q13131|Q96T58_SPRPSGPGP|0.0
Q13131|Q96T58_GPGPSSFPR|0.0
Q13131|Q96T58_PGPSSFPRA|0.0
Q13131|Q96T58_MNTPTLPSI|0.0
Q13131|Q96T58_PTLPSITYS|0.01
Q13131|Q96T58_QRASTPQPA|0.003
Q13131|Q96T58_EEVHYHLPV|0.545
Q13131|Q96T58_EAAKTPDAK|0.028
Q13131|Q96T58_GLPLTPPVV|0.0
Q13131|Q96T58_PVVVTHGVQ|0.267
Q13131|Q96T58_IVHSSGELF|0.49
Q13131|Q96T58_LFVPTTSGP|0.476
Q13131|Q96T58_TSGPSTPPG|0.0
Q13131|Q96T58_SGPSTPPGL|0.0
Q13131|Q96T58_KQDSSPHLT|0.461
Q13131|Q96T58_RLEATQLEG|0.0
Q13131|Q9H0F6_SKSNSPPAL|0.748
Q13131|Q9H0F6_ACPVSLPSP|0.007
Q13131|Q9H0F6_PEASTLKGP|0.0
Q13131|Q9H0F6_PGNLTEREE|0.978
Q13131|Q9H0F6_RLQVTLEDA|0.165
Q13131|Q9H0F6_VPERSLASY|0.0
Q13131|Q15464_WLNKYFSLG|0.021
Q13131|Q15464_NKYFSLGNS|0.82
Q13131|Q15464_SKTKSPPQP|0.354
Q13131|Q15464_PRPDYREQR|0.0
Q13131|Q15464_FEDPYNGPG|0.0
Q13131|Q15464_QRAFSASSA|0.491
Q13131|Q15464_ASSSSSSGS|0.0
Q13131|Q15464_SSSGSPHLY|0.0
Q13131|Q15464_HLYRSSSER|0.551
Q13131|Q15464_LYRSSSERR|0.564
Q13131|Q15464_YRSSSERRP|0.796
Q13131|Q15464_RRPATPAEV|0.238
Q13131|Q15464_IKVESAAGG|0.977
Q13131|Q15464_GRTWSPTAC|0.424
Q13131|Q15464_TWSPTACGG|0.434
Q13131|Q15464_KDKVTIADD|0.787
Q13131|Q15464_ADDYSDPFD|0.103
Q13131|Q15464_GKGESAGYM|0.768
Q13131|Q15464_YMEPYEAQR|0.477
Q13131|Q15464_GIQLYDTPY|0.158
Q13131|Q15464_QLYDTPYEP|0.411
Q13131|Q15464_YDTPYEPEG|0.0
Q13131|Q15464_RLRESKLPQ|0.0
Q13131|Q15464_KRQSSPSPS|0.0
Q13131|Q15464_LVRNSQTSK|0.004
Q13131|Q15464_EVIHYYTTR|0.0
Q13131|Q15464_VIHYYTTRK|0.009
Q13131|Q15464_LSLLYPVAV|0.006
Q13131|Q15464_VAVRTL___|0.577
Q13131|P04278___MESRGPL|0.727
Q13131|P04278_KTSSSFEVR|0.0
Q13131|P04278_SGPLTSKRH|0.0
Q13131|P04278_GPLTSKRHP|0.002
Q13131|P29353_MNKLSGGGG|0.53
Q13131|P29353_PGVSYLVRY|0.128
Q13131|P29353_PKLVTPHDR|0.085
Q13131|P29353_GFDGSAWDE|0.0
Q13131|P29353_HGKLSRREA|0.508
Q13131|P29353_LVRESTTTP|0.407
Q13131|P29353_TPGQYVLTG|0.492
Q13131|P29353-6_DDPSYVNVQ|0.222
Q13131|P98077_YVVRYMGCI|0.381
Q13131|P98077_RFKQYLHSP|0.0
Q13131|P98077_DEEDSLEHN|0.0
Q13131|P98077_NYYNSIPGK|0.003
Q13131|P98077_EPEDSPKKD|0.0
Q13131|P98077_DQWPSPPTR|0.0
Q13131|Q92529_AAAPYLVSG|0.0
Q13131|Q92529_SKMLSSILG|0.0
Q13131|Q92529_FAGMSISLT|0.0
Q13131|Q92529_RFKQYLQCP|0.0
Q13131|Q92529_EGDGSDHPY|0.0
Q13131|Q92529_SDHPYYNSI|0.537
Q13131|Q92529_DHPYYNSIP|0.0
Q13131|Q92529_PYYNSIPSK|0.0
Q13131|Q92529_KEQTYYQGR|0.002
Q13131|Q92529_EQTYYQGRH|0.008
Q13131|Q92529_SSDIYSTPE|0.0
Q13131|Q92529_SDIYSTPEG|0.001
Q13131|Q92529_EAPTYVNTQ|0.0
Q13131|Q92529_SKAASVECI|0.869
Q13131|Q92529_VECISPVSP|0.0
Q13131|Q92529-2_LIRLTIGLE|0.0
Q13131|Q6S5L8_RGQDSLAGL|0.0
Q13131|Q6S5L8_GLVLYVGLF|0.007
Q13131|Q6S5L8_SGPSSPETS|0.0
Q13131|Q6S5L8_EDHEYYNEI|0.005
Q13131|Q6S5L8_DHEYYNEIP|0.033
Q13131|Q6S5L8_EQMAYCPIQ|0.0
Q13131|Q6S5L8_EKLCYLPGN|0.472
Q13131|Q6S5L8_SQRDTSLLK|0.0
Q13131|Q6S5L8_QRDTSLLKH|0.0
Q13131|Q6S5L8_DDPCYINTQ|0.0
Q13131|Q6S5L8_QALQSTPGS|0.0
Q13131|Q6S5L8_KAAESLLVK|0.001
Q13131|Q6S5L8_HLIRYHMDN|0.0
Q13131|Q6S5L8_HMDNSLPII|0.0
Q13131|Q6S5L8_LPIISSGSE|0.0
Q13131|Q6S5L8_ISSGSEVSL|0.0
Q13131|Q6S5L8_GSEVSLKQP|0.0
Q13131|Q6S5L8_ALLHSNK__|0.0
Q13131|Q8NEM2_RFRAYQDYI|0.0
Q13131|Q8NEM2_AYQDYILAD|0.0
Q13131|Q8NEM2_EEDEYDYFV|0.0
Q13131|Q8NEM2_DEYDYFVRC|0.0
Q13131|Q8NEM2_GLKLYSEME|0.0
Q13131|Q8NEM2_YVFGYQKNS|0.386
Q13131|Q8NEM2_TVRTSAEFL|0.0
Q13131|Q8NEM2_KIQTSGEPD|0.503
Q13131|Q8NEM2_LIAASTQKG|0.018
Q13131|Q8NEM2_DNLMSQEMF|0.015
Q13131|Q9BZQ2_DSFRTISPD|0.0
Q13131|Q9BZQ2_FRTISPDRR|0.012
Q13131|Q9BZQ2_VMGKYLSEK|0.432
Q13131|Q9BZQ2_CWKKYYEIV|0.0
Q13131|Q9BZQ2_RIVTS____|0.0
Q13131|Q96IW2_FEDPYEDAE|0.0
Q13131|Q96IW2_GVQLYDTPY|0.0
Q13131|Q96IW2_PPPRSPQPA|0.0
Q13131|Q5VZ18_LNLKTVSER|0.482
Q13131|Q5VZ18_LRKNSEAGG|0.224
Q13131|Q5VZ18_GRKNSAAEL|0.0
Q13131|Q5VZ18_GRKNSRATE|0.0
Q13131|Q5VZ18_NSRATEEEP|0.0
Q13131|Q5VZ18_NYPSSSSSS|0.0
Q13131|Q5VZ18_YPSSSSSSS|0.0
Q13131|Q5VZ18_PSSSSSSSS|0.0
Q13131|Q5VZ18_SSSSSSSSS|0.0
Q13131|Q5VZ18_SSSSSSSAS|0.001
Q13131|Q5VZ18_SSSPSSLGP|0.0
Q13131|Q5VZ18_SSPSSLGPE|0.0
Q13131|Q5VZ18_ILEDYADPY|0.0
Q13131|Q5VZ18_ENDGYMEPY|0.067
Q13131|Q5VZ18_RRRGSKDPL|0.015
Q13131|Q5VZ18_PPQLYDTPY|0.0
Q13131|Q5VZ18_RPPDSRLPE|0.0
Q13131|Q5VZ18_VRALSVQFE|0.365
Q13131|Q5VZ18_KPALSDHSE|0.034
Q13131|Q5VZ18_KDNKYTLNQ|0.354
Q13131|Q5VZ18_EVVHYYSNE|0.0
Q13131|Q5VZ18_VVHYYSNEK|0.0
Q13131|Q8N5H7_KGFGSLSNL|0.544
Q13131|Q8N5H7_FGSLSNLPR|0.253
Q13131|Q8N5H7_TVPKSPPAY|0.0
Q13131|Q8N5H7_SSDMYSHMG|0.0
Q13131|Q8N5H7_MPRPSIKKA|0.011
Q13131|Q8N5H7_PEAGSDYVK|0.0
Q13131|Q8N5H7_SKEKYILDS|0.0
Q13131|Q8N5H7_ILDSSPEKL|0.0
Q13131|Q8N5H7_KAGESYTHI|0.0
Q13131|Q8N5H7_AGESYTHIQ|0.0
Q13131|Q8N5H7_GAIIYCPVN|0.0
Q13131|Q8N5H7_SKPASPVSP|0.148
Q13131|Q8N5H7_ASPVSPSGP|0.0
Q13131|Q8N5H7_PVSPSGPKG|0.445
Q13131|Q8N5H7_MKRRSVTMT|0.622
Q13131|Q8N5H7_RRSVTMTDG|0.782
Q13131|Q8N5H7_ESPSSPAYS|0.0
Q13131|Q8N5H7_SSPAYSTVT|0.0
Q13131|Q8N5H7_PAYSTVTRV|0.0
Q13131|Q8N5H7_YSTVTRVHA|0.177
Q13131|Q8N5H7_APSATALPA|0.057
Q13131|Q8N5H7_VARRSSEPQ|0.59
Q13131|Q8N5H7_ARRSSEPQL|0.755
Q13131|Q8N5H7_THGESDKGP|0.0
Q13131|Q8N5H7_HTSPSHTLG|0.0
Q13131|Q8N5H7_SPSHTLGKA|0.0
Q13131|Q8N5H7_LSSYSDPDS|0.0
Q13131|Q8N5H7_SDPDSGHYC|0.0
Q13131|Q8N5H7_HGGLYHTNA|0.0
Q13131|Q8N5H7_LLWGSQGAS|0.0
Q13131|Q8N5H7-2_ALPASPVAR|0.0
Q13131|Q7M4L6_ENDGYMEPY|0.15
Q13131|Q7M4L6_YMEPYEAQK|0.016
Q13131|Q7M4L6_PLPLYDTPY|0.0
Q13131|Q7M4L6_PPEEYDQPW|0.002
Q13131|Q9NUL5_GSDHTGVGR|0.511
Q13131|Q9NUL5_GVGRSIVYG|0.765
Q13131|Q9NUL5_VLHPSNPHI|0.477
Q13131|Q9NUL5_PHISSGSTV|0.123
Q13131|Q9NUL5_ISSGSTVAT|0.358
Q13131|Q9NUL5_SSGSTVATC|0.492
Q13131|Q9NUL5_STVATCLSQ|0.783
Q13131|Q9NUL5_ATCLSQGGL|0.989
Q13131|P60896_EKHGYKMET|0.429
Q13131|Q15465_KKVFYVIET|0.765
Q13131|Q15465_GQRVYVVAE|0.137
Q13131|Q8N2I9_HTEYSLLSL|0.434
Q13131|Q8N2I9_QPMTSLDTA|0.421
Q13131|Q92835_GKDGSFLVR|0.985
Q13131|Q92835_LVRASESIS|0.924
Q13131|Q92835_ISRAYALCV|0.7
Q13131|Q92835_LCVLYRNCV|0.73
Q13131|Q92835_TGSSSLPHL|0.006
Q13131|Q92835_LKKLTTLLC|0.442
Q13131|Q92835_CKELYGEVI|0.0
Q13131|Q92835_DQQLSPGLR|0.552
Q13131|Q92835_SLLSSIEDK|0.0
Q13131|Q92835_EGPESPHRP|0.363
Q13131|Q92835_PHRPSLIPP|0.883
Q13131|Q92835_EDKFYSHKK|0.28
Q13131|Q92835_LRKEYVFAD|0.045
Q13131|Q92835_PKKITSWFL|0.0
Q13131|Q92835_RNQNYMNIL|0.405
Q13131|Q92835_KQQQYADLL|0.001
Q13131|Q92835_FAPTYRFER|0.0
Q13131|Q92835_DIMTSDHSP|0.267
Q13131|Q92835_NEEGSEGEL|0.0
Q13131|Q92835_SDPEYLLDQ|0.0
Q13131|Q92835_QLPIYTPLT|0.0
Q13131|Q92835_LPIYTPLTH|0.0
Q13131|Q92835_SGPKTLKSL|0.14
Q13131|Q92835_KSLTSHDPM|0.782
Q13131|Q92835_GSSITEIIN|0.0
Q13131|Q92835_KQTLSPDQQ|0.793
Q13131|Q92835_TAWSYDQPP|0.029
Q13131|Q92835_PPKDSPLGP|0.669
Q13131|Q92835_KFLPSTANR|0.892
Q13131|Q92835_FLPSTANRG|0.472
Q13131|Q92835_NAGDTLPQE|0.002
Q13131|Q92835_PLYGSLSSF|0.81
Q13131|Q92835_YGSLSSFPK|0.048
Q13131|Q92835_GSLSSFPKP|0.12
Q13131|Q92835_KDQESPKMP|0.682
Q13131|Q92835_PGILSPSIV|0.37
Q13131|Q92835_PRLRSFTCS|0.953
Q13131|Q92835_GKPKTPVSS|0.622
Q13131|Q92835_INQQTPPTP|0.0
Q13131|Q92835_QTPPTPTPR|0.0
Q13131|Q92835_LPVKSPAVL|0.121
Q13131|Q92835_HLQHSKGRD|0.981
Q13131|Q92835_KGRDYRDNT|0.565
Q13131|Q92835-2_KQTLSPDQQ|0.0
Q13131|O15357_GRDGSFLVR|0.706
Q13131|O15357_LVRDSESVA|0.0
Q13131|O15357_LCVLYQKHV|0.0
Q13131|O15357_LSTVSHDYL|0.058
Q13131|O15357_VSHDYLKGS|0.013
Q13131|O15357_YLKGSYGLD|0.0
Q13131|O15357_LKGSYGLDL|0.446
Q13131|O15357_RKAKTIPVQ|0.798
Q13131|O15357_EILNYISRK|0.0
Q13131|O15357_FPPTYRYER|0.0
Q13131|O15357_PTYRYERGS|0.451
Q13131|O15357_SMDGYESYG|0.0
Q13131|O15357_DGYESYGEC|0.0
Q13131|O15357_QQFLTFLSH|0.783
Q13131|O15357_LTFLSHRGE|0.0
Q13131|O15357_ERLGTRERL|0.457
Q13131|O15357_PPKNSFNNP|0.703
Q13131|O15357_APVPSATKN|0.0
Q13131|O15357_VPSATKNKV|0.0
Q13131|O15357_ESGGTLPPP|0.0
Q13131|O15357_PPGPSPAST|0.181
Q13131|O15357_QMAKTLSEV|0.478
Q13131|O15357_RGLPSDYGR|0.433
Q13131|O15357_GRPLSFPPP|0.858
Q13131|O15357_RIRESIQED|0.0
Q13131|O15357_EAGMSAWLR|0.359
Q13131|O15357_GLERYEEGL|0.467
Q13131|O15357_LLLDTLQLS|0.802
Q13131|Q6UWI4_GARASGEYC|0.0
Q13131|Q6UWI4_ASGEYCHGW|0.0
Q13131|Q6UWI4_SSSSSANSG|0.0
Q13131|Q6UWI4_PHTNSEQKM|0.006
Q13131|Q6UWI4_EQKMYPAVT|0.0
Q13131|A0PJX4_PIRFSLRSY|0.016
Q13131|A0PJX4_ILTSTSPRA|0.0
Q13131|A0PJX4_LTSTSPRAP|0.026
Q13131|A0PJX4_PRAPSRQSS|0.0
Q13131|A0PJX4_PSRQSSTAT|0.0
Q13131|A0PJX4_ATSSSSTGG|0.0
Q13131|A0PJX4_VSPQYFAYP|0.0
Q13131|A6NL88_DRARSSSLT|0.0
Q13131|A6NL88_RARSSSLTP|0.0
Q13131|A6NL88_ARSSSLTPG|0.0
Q13131|A6NL88_NLYNTVKTP|0.0
Q13131|A6NL88_NTVKTPNLD|0.0
Q13131|A6NL88_PSLHYSTLS|0.0
Q13131|A6NL88_YSTLSCSRS|0.0
Q13131|B8ZZ34-3_APRGSAAPG|0.0
Q13131|B8ZZ34-3_RRQFSVKMP|0.0
Q13131|B8ZZ34-3_KMPETFNPQ|0.0
Q13131|B8ZZ34-3_AGRGSRYLR|0.0
Q13131|B4DS77_QKSRTNKMP|0.0
Q13131|B4DS77_PLAYTSTTN|0.0
Q13131|Q8TBC3_RNRHSLVGP|0.519
Q13131|Q8TBC3_PVRRSNTMP|0.471
Q13131|Q8TBC3_KTPPSPSGQ|0.0
Q13131|Q8TBC3_PPSPSGQPE|0.0
Q13131|Q8TBC3_QPGSTPLAS|0.0
Q13131|Q8TBC3_LPSPSPRIS|0.0
Q13131|Q8TBC3_HSASSNTSL|0.0
Q13131|Q8TBC3_SSNTSLSGH|0.088
Q13131|Q8TBC3_RGGGSFVER|0.392
Q13131|Q8TBC3_RRPPTPAPW|0.491
Q13131|Q8TBC3_SGLGTPLTP|0.0
Q13131|Q8IYI0_LDRFYEMFG|0.032
Q13131|Q86V20_ESIGSPDLS|0.0
Q13131|Q86V20_QKIHSSRLS|0.477
Q13131|Q86V20_FGPNSGSKV|0.0
Q13131|Q86V20_VPLATVTVI|0.0
Q13131|Q86V20_VIDQSETKK|0.0
Q13131|Q86V20_SSKHSYLRD|0.421
Q13131|Q86V20_SKHSYLRDL|0.002
Q13131|Q86V20_NAHSSLKSI|0.0
Q13131|Q86V20_DLFHSLLAV|0.493
Q13131|Q86V20_LLAVSAEPC|0.0
Q13131|P34896_LNNKYSEGY|0.438
Q13131|P34896_YSEGYPGQR|0.236
Q13131|P34896_NVQPYSGSP|0.434
Q13131|P34896_KKKISATSI|0.004
Q13131|P34896_IFFESMPYK|0.696
Q13131|P34896_PDTGYINYD|0.35
Q13131|P34896_GYINYDQLE|0.631
Q13131|P34896_LRLGTPALT|0.44
Q13131|P34897___MLYFSLF|0.0
Q13131|P34897_LNNKYSEGY|0.001
Q13131|P34897_YSEGYPGKR|0.0
Q13131|P34897_VKRISATSI|0.483
Q13131|P34897_IFFESMPYK|0.533
Q13131|P34897_QLALTARLF|0.001
Q13131|P34897_GTSAYARLI|0.756
Q13131|P34897_KVIPSPFKH|0.041
Q13131|P34897_MFREYSLQV|0.172
Q13131|P34897_LELVSITAN|0.0
Q13131|Q5VXU9_WKFATVIFD|0.0
Q13131|Q5VXU9_YEKASDNII|0.0
Q13131|Q5VXU9_FNLQYGAQQ|0.001
Q13131|Q5VXU9_GAQQTACNK|0.4
Q13131|Q5VXU9-2_IDYLYENVV|0.0
Q13131|Q9UQ13_TRKKSSNAE|0.439
Q13131|Q9UQ13_REENSMRLD|0.019
Q13131|Q9UQ13_LSMLSIREN|0.433
Q13131|Q9UQ13_FGIFSRAKV|0.535
Q13131|Q9UQ13_AGGPSFIIQ|0.249
Q13131|Q9UQ13_MQGPYRAMV|0.002
Q13131|A0MZ66___MNSSDEE|0.665
Q13131|A0MZ66_QLITSLKEQ|0.946
Q13131|A0MZ66_AIGEYEDLR|0.0
Q13131|A0MZ66_ISMLYMAKL|0.029
Q13131|A0MZ66_AVEEYEEMQ|0.0
Q13131|A0MZ66_KKAESFAQE|0.0
Q13131|A0MZ66_NLKHSVDEL|0.34
Q13131|A0MZ66_RSHPSGSGA|0.499
Q13131|A0MZ66_HPSGSGAKK|0.0
Q13131|A0MZ66_GILGTLNKS|0.052
Q13131|A0MZ66_TLNKSTSSR|0.0
Q13131|A0MZ66_TSSRSLKSL|0.907
Q13131|A0MZ66_RSLKSLDPE|0.946
Q13131|A0MZ66_ENSETELER|0.0
Q13131|A0MZ66_EADSSSPTG|0.084
Q13131|A0MZ66_NKEDSIENV|0.64
Q13131|O15266_MEELTAFVS|0.0
Q13131|O15266_TAFVSKSFD|0.011
Q13131|O15266_GLARSRELG|0.413
Q13131|O15266_KQRRSRTNF|0.005
Q13131|O15266_RTNFTLEQL|0.234
Q13131|O15266_DETHYPDAF|0.0
Q13131|O60902_RDDRSSPAV|0.003
Q13131|O60902_DDRSSPAVR|0.408
Q13131|O60902_KQRRSRTNF|0.011
Q13131|O60902_RTNFTLEQL|0.314
Q13131|O60902_DETHYPDAF|0.0
Q13131|P29350_HRDLSGLDA|0.775
Q13131|P29350_RIQNSGDFY|0.814
Q13131|P29350_IHLKYPLNC|0.191
Q13131|P29350_SERWYHGHM|0.551
Q13131|P29350_RESLSQPGD|0.412
Q13131|P29350_EGGRYTVGG|0.001
Q13131|P29350_GGRYTVGGL|0.225
Q13131|P29350_ETFDSLTDL|0.523
Q13131|P29350_FDSLTDLVE|0.423
Q13131|P29350_LRQPYYATR|0.0
Q13131|P29350_RQPYYATRV|0.21
Q13131|P29350_EEFESLQKQ|0.453
Q13131|P29350_GKNRYKNIL|0.608
Q13131|P29350_PFDHSRVIL|0.0
Q13131|P29350_NIPGSDYIN|0.192
Q13131|P29350_PGSDYINAN|0.24
Q13131|P29350_INANYIKNQ|0.211
Q13131|P29350_KCVPYWPEV|0.0
Q13131|P29350_MQRAYGPYS|0.0
Q13131|P29350_AYGPYSVTN|0.0
Q13131|P29350_YGPYSVTNC|0.0
Q13131|P29350_YKLRTLQVS|0.708
Q13131|P29350_TLQVSPLDN|0.0
Q13131|P29350_RAQRSGMVQ|0.642
Q13131|P29350_YKFIYVAIA|0.0
Q13131|P29350_EVLQSQKGQ|0.637
Q13131|P29350_KGQESEYGN|0.243
Q13131|P29350_YGNITYPPA|0.0
Q13131|P29350_KASRTSSKH|0.11
Q13131|P29350_KKQRSADKE|0.351
Q13131|P29350_DKEKSKGSL|0.612
Q13131|P29350-4_SLESSAGTV|0.0
Q13131|Q06124_GVDGSFLAR|0.436
Q13131|Q06124_LARPSKSNP|0.858
Q13131|Q06124_RPSKSNPGD|0.86
Q13131|Q06124_KIQNTGDYY|0.884
Q13131|Q06124_ELVQYYMEH|0.401
Q13131|Q06124_RESQSHPGD|0.775
Q13131|Q06124_LSVRTGDDK|0.73
Q13131|Q06124_NDGKSKVTH|0.683
Q13131|Q06124_QELKYDVGG|0.002
Q13131|Q06124_CKLLYSRKE|0.708
Q13131|Q06124_KLLYSRKEG|0.43
Q13131|Q06124_NEPVSDYIN|0.449
Q13131|Q06124_GQGNTERTV|0.584
Q13131|Q06124_TEAQYRFIY|0.074
Q13131|Q06124_YRFIYMAVQ|0.837
Q13131|Q06124_EEQKSKRKG|0.082
Q13131|Q06124_GHEYTNIKY|0.001
Q13131|Q06124_TNIKYSLAD|0.019
Q13131|Q06124_NIKYSLADQ|0.528
Q13131|Q06124_LADQTSGDQ|0.801
Q13131|Q06124_ADQTSGDQS|0.0
Q13131|Q06124_LPPCTPTPP|0.094
Q13131|Q06124_PCTPTPPCA|0.359
Q13131|Q06124-1_TEAQYRFIY|0.0
Q13131|Q06124-1_KGHEYTNIK|0.201
Q13131|Q06124-1_SARVYENVG|0.0
Q13131|Q9UHJ6_PDDPSGFAV|0.044
Q13131|Q9UHJ6_AVLASCARA|0.001
Q13131|Q149N8_PIIISDDDE|0.387
Q13131|Q149N8_SKVVSFSKP|0.0
Q13131|Q149N8_VGIFSPLSV|0.605
Q13131|Q149N8_IDELYHFVK|0.015
Q13131|Q149N8_YYNPYTGCI|0.0
Q13131|Q149N8_YNPYTGCII|0.461
Q13131|Q149N8_QAVGSPRKI|0.295
Q13131|Q149N8_INPDSQGHC|0.0
Q13131|Q149N8_DSGITDVAM|0.001
Q13131|Q149N8_KCVNYDEKN|0.011
Q13131|Q149N8_DIPHSNSED|0.0
Q13131|Q149N8_PHSNSEDGR|0.0
Q13131|Q149N8_AQRLSGINR|0.673
Q13131|Q149N8_TSILYPLLR|0.001
Q13131|Q149N8_KAILSFAKS|0.218
Q13131|Q149N8_HKEISYVFT|0.005
Q13131|Q149N8_YVFTSEKAN|0.0
Q13131|Q149N8_ADLFTKETE|0.0
Q13131|Q149N8-2_PIIISDDDE|0.0
Q13131|P78324_GNELSDFQT|0.696
Q13131|P78324_PVGESVSYS|0.018
Q13131|P78324_STSSTRLHE|0.421
Q13131|P78324_TNDITYADL|0.732
Q13131|P78324_PQPASEDTL|0.096
Q13131|P78324_ASEDTLTYA|0.268
Q13131|P78324_EDTLTYADL|0.132
Q13131|P78324_EPSFSEYAS|0.0
Q13131|Q6PI26_EEEKYQLRK|0.137
Q13131|Q6PI26_VNKSYLLDK|0.04
Q13131|Q6PI26_EDSGSDSEQ|0.0
Q13131|Q6PI26_SGSDSEQDE|0.0
Q13131|Q6PI26_KPLASSWPL|0.0
Q13131|Q6PI26_PLASSWPLG|0.0
Q13131|Q6PI26_AVNRSNIQE|0.724
Q13131|Q6PI26_DGCQTPNN_|0.07
Q13131|Q8TF72_RDVCTDPGH|0.169
Q13131|Q8TF72_DTGASNFVS|0.0
Q13131|Q8TF72_PEHLTSGPQ|0.0
Q13131|Q8TF72_EHLTSGPQH|0.0
Q13131|Q8TF72_YLRRSPDQC|0.0
Q13131|Q8TF72_PCHLSPAKS|0.0
Q13131|Q8TF72_SPAKSTGSI|0.628
Q13131|Q8TF72_KSTGSIDQL|0.0
Q13131|Q8TF72_RDSAYSSFS|0.0
Q13131|Q8TF72_GRERSGSMD|0.0
Q13131|Q8TF72_ERSGSMDNT|0.332
Q13131|Q8TF72_RRGVSAEYE|0.0
Q13131|Q8TF72_VSAEYEVNS|0.0
Q13131|Q8TF72_PPARSDSYA|0.0
Q13131|Q8TF72_ARSDSYAAF|0.0
Q13131|Q8TF72_RSDSYAAFR|0.0
Q13131|Q8TF72_ERPSSWSSL|0.807
Q13131|Q8TF72_SSWSSLDQK|0.0
Q13131|Q8TF72_PQANSLGSL|0.622
Q13131|Q8TF72_GSLKSPFIE|0.0
Q13131|Q8TF72_EQLHTVLEK|0.004
Q13131|Q8TF72_LAKESGYIA|0.0
Q13131|Q8TF72_KESGYIAPQ|0.0
Q13131|Q8TF72_HDLLSPVEK|0.001
Q13131|Q8TF72_EEDASLKRH|0.0
Q13131|Q8TF72_SSRLSEPWE|0.0
Q13131|Q8TF72_GLGQSLSGN|0.001
Q13131|Q8TF72_GKTKSAFSS|0.0
Q13131|Q8TF72_SAFSSLQNI|0.015
Q13131|Q8TF72_LRRHSSLEL|0.888
Q13131|Q8TF72_DRQVSYPRP|0.002
Q13131|Q8TF72_STDPSPEEP|0.0
Q13131|Q8TF72_QGFQYGKPH|0.0
Q13131|Q8TF72_RPHRTVSTS|0.0
Q13131|Q8TF72_RTVSTSSTS|0.02
Q13131|Q8TF72_TVSTSSTSG|0.0
Q13131|Q8TF72_VSTSSTSGN|0.155
Q13131|Q8TF72_STSSTSGND|0.0
Q13131|Q8TF72_HIRFSESAE|0.052
Q13131|Q8TF72_RLLRSQSTF|0.0
Q13131|Q8TF72_RSQSTFQLS|0.0
Q13131|Q8TF72_AYRNSIKDA|0.003
Q13131|Q8TF72_APVASRSWR|0.056
Q13131|Q8TF72_RPRPSSAHV|0.522
Q13131|Q8TF72_PRPSSAHVG|0.555
Q13131|Q8TF72_ASPHTPRER|0.0
Q13131|Q8TF72_RERHSVTPA|0.0
Q13131|Q8TF72_RRRLTPEQK|0.137
Q13131|Q8TF72_KRSYSEPEK|0.569
Q13131|Q8TF72_GKACSTLSL|0.507
Q13131|Q8TF72_KACSTLSLS|0.471
Q13131|Q8TF72_CSTLSLSGP|0.033
Q13131|Q8TF72_TLSLSGPEL|0.0
Q13131|Q8TF72_KRPTSAAGC|0.014
Q13131|Q8TF72_ERAQSAYLQ|0.59
Q13131|Q8TF72_SSLSSLREP|0.0
Q13131|Q8TF72_DRSSSFAGG|0.0
Q13131|Q8TF72_GTRGTQRGD|0.0
Q13131|Q8TF72_RGDETPREP|0.0
Q13131|Q8TF72_RAGKSMSAE|0.718
Q13131|Q8TF72_VRSRSSPAT|0.258
Q13131|Q8TF72_SSPATADKR|0.0
Q13131|Q8TF72_AGPGSRSLS|0.0
Q13131|Q8TF72_SRSLSCSER|0.0
Q13131|Q8TF72_FHHLTPRWG|0.0
Q13131|Q8TF72_AAPLTPIGT|0.0
Q13131|Q8TF72_TPIGTPLPS|0.002
Q13131|Q8TF72_RKRVSLPQW|0.705
Q13131|Q8TF72_QKQQSLPSL|0.827
Q13131|Q8TF72_QSLPSLCST|0.0
Q13131|Q8TF72_SDPDTPLGA|0.0
Q13131|Q8TF72_LGAPSTPGR|0.0
Q13131|Q8TF72_GAPSTPGRI|0.0
Q13131|Q8TF72_PGRISLRIS|0.213
Q13131|Q8TF72_SLRISESVL|0.635
Q13131|Q8TF72_VLRDSPPPH|0.002
Q13131|Q8TF72_QTLASRLQT|0.0
Q13131|Q8TF72_EKKVSPDPQ|0.015
Q13131|Q8TF72_DPQKSSEDI|0.378
Q13131|Q8TF72_LKENSVKRK|0.523
Q13131|Q8TF72_AIQRTVSSS|0.728
Q13131|Q8TF72_QRTVSSSGC|0.519
Q13131|Q8TF72_RTVSSSGCE|0.0
Q13131|Q8TF72_TVSSSGCEG|0.0
Q13131|Q8TF72_NLLLSLSGR|0.532
Q13131|Q8TF72_LLSLSGRLA|0.562
Q13131|Q2M3G4_GDRASPASS|0.0
Q13131|Q2M3G4_LWHLSMRAD|0.155
Q13131|Q2M3G4_ADSAYSSFS|0.0
Q13131|Q2M3G4_DSAYSSFSA|0.0
Q13131|Q2M3G4_FSAASGGPE|0.0
Q13131|Q2M3G4_LDWDYVRVV|0.004
Q13131|Q2M3G4_GPQPTEVPG|0.012
Q13131|Q2M3G4_NRQATPLLY|0.0
Q13131|Q2M3G4_THPRSASLS|0.43
Q13131|Q2M3G4_QPQGSMNLD|0.0
Q13131|Q2M3G4_LDSGSLKLG|0.373
Q13131|Q2M3G4_FRPASRSRS|0.49
Q13131|Q2M3G4_PASRSRSAS|0.472
Q13131|Q2M3G4_SRSRSASGE|0.0
Q13131|Q2M3G4_SRSASGEVL|0.0
Q13131|Q2M3G4_QTKLSRFLP|0.0
Q13131|Q2M3G4_VRMRSPPDP|0.008
Q13131|Q2M3G4_SGNDTPGPS|0.404
Q13131|Q2M3G4_ARAASDSDP|0.498
Q13131|Q2M3G4-2_ARAASDSDP|0.0
Q13131|Q2M3G4-2_AASDSDPDE|0.0
Q13131|Q9ULL8_LIKGSFRIL|0.0
Q13131|Q9ULL8_SRPHSWHVA|0.001
Q13131|Q9ULL8_VRRDSLQAS|0.538
Q13131|Q9ULL8_QRRASEPVV|0.025
Q13131|Q9ULL8_KEKLSLEPV|0.0
Q13131|Q9ULL8_CDRASSVDS|0.0
Q13131|Q9ULL8_GHRHSAPEQ|0.522
Q13131|Q9ULL8_KGKKSPCPP|0.0
Q13131|Q9ULL8_QSQSSPPHG|0.004
Q13131|Q9ULL8_TKAASGTEA|0.0
Q13131|Q9ULL8_AASGTEAGE|0.0
Q13131|Q9ULL8_GGRRSGGTR|0.0
Q13131|Q9ULL8_RSGGTRGRS|0.0
Q13131|Q9ULL8_ERFATNLRN|0.38
Q13131|Q9ULL8_EPPESPPLT|0.0
Q13131|Q9ULL8_PLTASNTSL|0.0
Q13131|Q9ULL8_LRARSSECL|0.449
Q13131|Q9ULL8_RARSSECLS|0.575
Q13131|Q9ULL8_EGRISPGQR|0.259
Q13131|Q9ULL8_HWRWSPEHN|0.0
Q13131|Q9ULL8_YRAISSLDL|0.54
Q13131|Q9ULL8_RAISSLDLL|0.051
Q13131|Q9ULL8_KSEETSVYE|0.0
Q13131|Q9ULL8_SEETSVYEE|0.0
Q13131|Q9ULL8_SSLASMPHP|0.0
Q13131|Q9ULL8_SRAFSESHI|0.406
Q13131|Q9ULL8_AFSESHISL|0.0
Q13131|Q9ULL8_ESHISLAPQ|0.0
Q13131|Q9ULL8_INANSALGE|0.032
Q13131|Q9ULL8_NLLLSLSGR|0.377
Q13131|Q9ULL8_LLSLSGRLA|0.451
Q13131|P14410_TPATTRVTT|0.0
Q13131|P14410_SDTLYDVKV|0.0
Q13131|P14410_QNPFSIQVI|0.0
Q13131|P14410_DKLMYSKTI|0.0
Q13131|P14410_QDNSYSVNS|0.0
Q13131|P14410_DNSYSVNSA|0.001
Q13131|P14410_YSVNSARYS|0.0
Q13131|P14410_SARYSSMGI|0.0
Q13131|P14410_SMGITADLQ|0.0
Q13131|P14410_LQLNTANAR|0.003
Q13131|P14410_LNIRYTLLP|0.001
Q13131|P14410_TLLPYFYTQ|0.0
Q13131|P14410_TRLGSLHVW|0.0
Q13131|Q9HAT2_VKAHSDTWM|0.336
Q13131|Q9HAT2_AHSDTWMVV|0.513
Q13131|Q9HAT2_MAQQTLEKI|0.863
Q13131|Q9HAT2_TRELSNTAA|0.361
Q13131|Q9HAT2_ELSNTAAYQ|0.096
Q13131|Q8IUQ4-2_GVLFTCLPA|0.0
Q13131|Q8IUQ4-2_TALPTGTSK|0.0
Q13131|O43255____MSRPSS|0.782
Q13131|O43255_RPSSTGPSA|0.584
Q13131|O43255_STGPSANKP|0.0
Q13131|O43255_EKVASAVLF|0.0
Q13131|O43255_YRPYSCPCP|0.679
Q13131|O43255_LLIGTRKQA|0.909
Q13131|P16150_APVTTAASS|0.0
Q13131|P16150_TTAASSLET|0.55
Q13131|P16150_MTTGSLEPS|0.001
Q13131|P16150_MSPTTSTNA|0.0
Q13131|P16150_GDKGSGFPD|0.745
Q13131|P16150_GEGSSRRPT|0.64
Q13131|P16150_RPTLTTFFG|0.924
Q13131|P16150_PTLTTFFGR|0.0
Q13131|P16150_EELKSGSGP|0.666
Q13131|P16150_LKSGSGPSL|0.163
Q13131|P21815___MKTALIL|0.154
Q13131|P21815_LILLSILGM|0.0
Q13131|P21815_ACAFSMKNL|0.0
Q13131|P21815_GVFKYRPRY|0.0
Q13131|P21815_EESVTGANA|0.0
Q13131|P21815_GKGTSKTTT|0.028
Q13131|P21815_TSKTTTSPN|0.0
Q13131|P21815_QVYRTTSPP|0.0
Q13131|P15907_RGRQTLGSL|0.0
Q13131|P15907_QTLGSLRGL|0.0
Q13131|P15907_KPEASFQVW|0.0
Q13131|Q969X2_QNEHSRKGN|0.0
Q13131|Q9NXL6_TASPSQPQY|0.0
Q13131|Q9NXL6_KESVYVKSS|0.0
Q13131|Q8NBJ9_FQRKYLYQK|0.187
Q13131|Q8NBJ9_CQPPTKNES|0.0
Q13131|Q8NBJ9_VKVTSNKAF|0.0
Q13131|Q8NBJ9_CSVISIQDV|0.0
Q13131|Q8NBJ9_YQGRSFEPV|0.0
Q13131|Q6IA17_RAEPSADLL|0.585
Q13131|Q6IA17_LVNLSRCRR|0.001
Q13131|Q6IA17_RALDSEVDP|0.928
Q13131|Q6IA17_GESRSSEVD|0.666
Q13131|Q6IA17_ESRSSEVDV|0.944
Q13131|Q6IA17_EVDVSDLGS|0.003
Q13131|Q6IA17_SDLGSRNYS|0.043
Q13131|Q6IA17_GSRNYSART|0.368
Q13131|Q6IA17_SRNYSARTD|0.343
Q13131|Q6IA17_YSARTDFYC|0.0
Q13131|Q6IA17_RTDFYCLVS|0.482
Q13131|Q6IA17-2_AQPHSPTGE|0.0
Q13131|Q96LC7_PLLLSSLLG|0.0
Q13131|Q96LC7_LLLSSLLGG|0.0
Q13131|Q96LC7_GLCISVPCS|0.0
Q13131|Q96LC7_STPAYGYWF|0.0
Q13131|Q96LC7_SRDNTPALE|0.0
Q13131|Q96LC7_SGRYTCRAE|0.0
Q13131|Q96LC7_NRLGSQQRA|0.006
Q13131|Q96LC7_ALDLSVQYP|0.0
Q13131|Q96LC7_RPRFSRHST|0.137
Q13131|Q96LC7_FSRHSTILD|0.0
Q13131|Q96LC7_SRHSTILDY|0.767
Q13131|Q96LC7_PGAPSPESK|0.0
Q13131|Q96LC7_YQLPSFPEP|0.652
Q13131|Q9Y336_DAVDSNPPA|0.0
Q13131|Q9Y336_SARSSVGEG|0.0
Q13131|Q9Y336_GELQYASLS|0.355
Q13131|Q9Y336_TDTEYSEIK|0.0
Q13131|Q9Y336_DTEYSEIKI|0.0
Q13131|Q9BZZ2_LLSPSGRNI|0.0
Q13131|Q9BZZ2_CRVDSDPPA|0.0
Q13131|Q9BZZ2_LVASTLQGV|0.0
Q13131|Q9BZZ2_GPEGSSPRL|0.112
Q13131|Q9BZZ2_PEGSSPRLH|0.446
Q13131|Q9BZZ2_DEGVYICEA|0.0
Q13131|Q9BZZ2_SVPNTLRLE|0.0
Q13131|Q9BZZ2_VCKQSMGEN|0.005
Q13131|Q9BZZ2_MGENSVEMA|0.001
Q13131|Q96RL6_EVEMSTRDR|0.0
Q13131|Q96RL6_VEMSTRDRF|0.0
Q13131|Q96RL6_VERGSRVRH|0.0
Q13131|Q96RL6_FLKVTALTK|0.0
Q13131|Q96RL6_STTEYSEIK|0.0
Q13131|Q96RL6_TTEYSEIKI|0.0
Q13131|Q96PQ1_DCTLSIRDT|0.0
Q13131|Q96PQ1_MRPISGVTL|0.392
Q13131|Q96PQ1_ISGVTLGAF|0.0
Q13131|Q96PQ1_GAGATALVF|0.0
Q13131|Q96PQ1_LVFLYFCII|0.0
Q13131|Q96PQ1_IGYEYSEIN|0.253
Q13131|Q96PQ1-2_PRFSTASQD|0.0
Q13131|Q6ZMC9_QESNYENLS|0.0
Q13131|O15389_PIMGTITSG|0.0
Q13131|O15389_MGTITSGSR|0.0
Q13131|O15389_ITSGSRKKP|0.0
Q13131|O15389_KELHYASLS|0.0
Q13131|O15389_STTEYSEIK|0.0
Q13131|O15389_TTEYSEIKT|0.0
Q13131|O43699_NCSLSIRDA|0.0
Q13131|O43699_QELHYAVLH|0.483
Q13131|O43699_TDTEYSEIK|0.0
Q13131|Q9Y286_MRPVSGVLL|0.013
Q13131|Q9Y286_GAGATALVF|0.0
Q13131|Q9Y286_QGNLTESWA|0.0
Q13131|Q9Y286_LAAHSSGEE|0.0
Q13131|Q9Y286_YAPLSFHKG|0.0
Q13131|Q9Y286_NNEYSEIKI|0.0
Q13131|Q9NYZ4_SMKWSYKSQ|0.0
Q13131|Q9NYZ4_MKWSYKSQL|0.0
Q13131|Q9NYZ4_SQLNYKTKQ|0.0
Q13131|Q99720_EISDTIISG|0.132
Q13131|Q99720_REGTTKSEV|0.007
Q13131|Q15170_EEPQSAPKT|0.0
Q13131|Q15170_LEEGSFKER|0.32
Q13131|Q15170_GRNLSNEEM|0.318
Q13131|P57059_DIERTLGKG|0.258
Q13131|P57059_SSDLSGLEV|0.762
Q13131|P57059_PVSPSSLLD|0.898
Q13131|P57059_SASKSPAGL|0.609
Q13131|P57059_LGACSPVRL|0.687
Q13131|P57059_RASDTSLTQ|0.994
Q13131|P57059_RGGLSPFHA|0.819
Q13131|P57059_APAQSPGLH|0.953
Q13131|P57059_GAAGSREGW|0.816
Q13131|A0A0B4J2F2_GRRASDTSL|0.74
Q13131|Q9H173_AKLQYEDKF|0.0
Q13131|Q9H173_EMESSKEDK|0.119
Q13131|Q9H173_GVLLTTCRD|0.378
Q13131|Q9H173_VLLTTCRDR|0.0
Q13131|P40967_PLAHSSSAF|0.0
Q13131|P40967_LAHSSSAFT|0.0
Q13131|P81133_LPLPSAITS|0.151
Q13131|P81133_PSAITSQLD|0.001
Q13131|P81133_SAITSQLDK|0.0
Q13131|P81133_GLQLSLDQI|0.474
Q13131|P81133_QISASKPAF|0.0
Q13131|P81133_KPAFSYTSS|0.0
Q13131|P81133_PAFSYTSSS|0.001
Q13131|P81133_FSYTSSSTP|0.0
Q13131|P81133_EAGRYFLGT|0.0
Q13131|P81133_YFLGTPQAG|0.0
Q13131|P81133_GKMLSPHEN|0.105
Q13131|P81133_ISKSSLILA|0.0
Q13131|P81133_GCNGSHFDV|0.0
Q13131|Q14190_LPLPSAITS|0.582
Q13131|Q14190_PSAITSQLD|0.46
Q13131|Q14190_SAITSQLDK|0.445
Q13131|Q14190_HCSGYLKIR|0.43
Q13131|Q14190_EIKLYSNMF|0.096
Q13131|Q14190_IKLYSNMFM|0.555
Q13131|Q14190_MFRASLDLK|0.604
Q13131|Q14190_ELQLSLEQV|0.836
Q13131|Q14190_TSQETRKLV|0.016
Q13131|Q14190_QPQGSPCEV|0.501
Q13131|Q14190_CAPPTPEAP|0.001
Q13131|Q8NDZ2_SGSETVDVL|0.0
Q13131|Q8NDZ2_WKLLTYVME|0.0
Q13131|Q8NDZ2_DFQQTLRRQ|0.726
Q13131|Q8NDZ2_KASSSHPSS|0.0
Q13131|Q9BPZ7_IRRRSNTAQ|0.511
Q13131|Q9BPZ7_LPLHSSQDR|0.704
Q13131|Q9BPZ7_RRKGSQKVS|0.992
Q13131|Q9BPZ7_AEEKSPSHA|0.146
Q13131|Q9BPZ7_EKSPSHAIF|0.988
Q13131|Q9BPZ7_LTYLSNHDY|0.877
Q13131|Q9BPZ7_ARADYFAQK|0.0
Q13131|Q9BPZ7_LNRRTSFSF|0.731
Q13131|Q96ST3_ESPVYAAQQ|0.0
Q13131|Q96ST3_RIPGSTEAF|0.143
Q13131|Q96ST3_APPVYEAVS|0.0
Q13131|Q96ST3_PGVISRVSQ|0.0
Q13131|Q96ST3_ISRVSQLFK|0.002
Q13131|Q96ST3_LQAHTPASQ|0.0
Q13131|Q96ST3_ASQQTPPLP|0.0
Q13131|Q96ST3_PLPPYASPR|0.0
Q13131|Q96ST3_PPYASPRSP|0.0
Q13131|Q96ST3_VQPHTPVTI|0.0
Q13131|Q96ST3_HAINYVNKI|0.0
Q13131|Q96ST3_GGNYTPALT|0.0
Q13131|Q96ST3_PQRPSQNGC|0.0
Q13131|Q96ST3_RRHPTGTTP|0.0
Q13131|Q96ST3_NLKDSSMAD|0.532
Q13131|Q96ST3_LKDSSMADA|0.0
Q13131|Q96ST3_VQLVSPFLG|0.0
Q13131|Q96ST3_NFLGYKESV|0.0
Q13131|Q96ST3_KERATEGIA|0.0
Q13131|Q96ST3_LGSSYRALP|0.0
Q13131|Q96ST3_LPKSYQQPK|0.0
Q13131|Q96ST3_CTGRTPLCK|0.306
Q13131|Q96ST3_VLNDTWVSF|0.0
Q13131|Q96ST3_EEHIYRCED|0.0
Q13131|Q96ST3_QKKLSRLSA|0.124
Q13131|Q96ST3_LRSKSLLNE|0.0
Q13131|Q96ST3_IESIYDERQ|0.0
Q13131|Q96ST3_VKRQTGIQK|0.309
Q13131|Q96ST3_DVEDYYPAF|0.0
Q13131|Q96ST3_VEDYYPAFL|0.0
Q13131|Q96ST3_RWSDYVERY|0.0
Q13131|Q96ST3_YVERYMNSD|0.0
Q13131|Q96ST3_ENVDSLDKL|0.336
Q13131|Q96ST3_AAETSKWLM|0.0
Q13131|O75182_GSGGSGAGG|0.754
Q13131|O75182_QSPLTSQEN|0.421
Q13131|O75182_QQVPYKEDK|0.446
Q13131|O75182_EAKRSLFTG|0.783
Q13131|O75182_EHDKTPEHS|0.444
Q13131|O75182_TPEHSRKRS|0.457
Q13131|O75182_SRKRSRPSL|0.751
Q13131|O75182_RSRPSLLRP|0.495
Q13131|O75182_LRPVSAPAK|0.467
Q13131|O75182_GKYGTLQEF|0.405
Q13131|O75182_EDRDSPQGQ|0.412
Q13131|O75182_TTDPSERKK|0.678
Q13131|O75182_PGPHSSPPE|0.448
Q13131|O75182_GPHSSPPEE|0.476
Q13131|O75182_REMFTIHAY|0.615
Q13131|O75182_TIHAYVGFT|0.438
Q13131|O75182_TEGASSSPT|0.058
Q13131|O75182_FIVNSEDYM|0.491
Q13131|O75182_NSEDYMYRR|0.74
Q13131|O75182_EDYMYRRGT|0.454
Q13131|O75182_PVTRYRVQY|0.438
Q13131|O75182_YRVQYSRRP|0.487
Q13131|O14893_ADEPS____|0.0
Q13131|Q96FS4_GTLASAEDQ|0.0
Q13131|Q96FS4_TKTDSTGTH|0.001
Q13131|Q96FS4_AEERTEFLH|0.0
Q13131|Q96FS4_EFLHSQNSL|0.971
Q13131|Q96FS4_HSQNSLSPR|0.845
Q13131|Q96FS4_PSADSETPL|0.0
Q13131|Q96FS4_ETPLTQDRP|0.563
Q13131|Q96FS4_PGSPSGSED|0.025
Q13131|Q96FS4_SPSGSEDKG|0.564
Q13131|Q96FS4_ELRASFLPR|0.0
Q13131|Q96FS4_FLPRTLSLR|0.0
Q13131|Q96FS4_PRTLSLRNS|0.979
Q13131|Q96FS4_PIPESGDPK|0.0
Q13131|Q96FS4_GTPKSDAEP|0.001
Q13131|Q96FS4_EEVRSLRHN|0.002
Q13131|Q96FS4_KQLGSPTAD|0.004
Q13131|O43166_KRSQTERPL|0.006
Q13131|O43166_GTDGTPKVH|0.0
Q13131|O43166_PKVHTDDFY|0.0
Q13131|O43166_TDDFYMRRF|0.0
Q13131|O43166_HITSTPGVP|0.001
Q13131|O43166_NIKESSRSS|0.611
Q13131|O43166_GSSVSLNSN|0.027
Q13131|O43166_NSNDSAMLK|0.002
Q13131|O43166_MPEAYPSSP|0.0
Q13131|O43166_IRQRSNSDI|0.309
Q13131|O43166_QRSNSDITI|0.794
Q13131|O43166_NSDITISEL|0.0
Q13131|O43166_PTYKTGPSL|0.089
Q13131|O43166_LHREYGSTS|0.003
Q13131|O43166_YGSTSSIDK|0.0
Q13131|O43166_GSTSSIDKQ|0.528
Q13131|O43166_KQGTSGESF|0.0
Q13131|O43166_KDDKSDRGP|0.008
Q13131|O43166_GPTPTKLSD|0.001
Q13131|O43166_DFLITGGGK|0.414
Q13131|O43166_GSGFSLDVI|0.571
Q13131|O43166_LKRRSKSET|0.471
Q13131|O43166_SKSETGDSS|0.37
Q13131|O43166_LGKSSDLED|0.704
Q13131|O43166_EDNRSEDSV|0.001
Q13131|O43166_RSEDSVRPW|0.0
Q13131|O43166_KRRNTTTGA|0.0
Q13131|O43166_RRNTTTGAS|0.447
Q13131|O43166_TTGASAAAV|0.001
Q13131|O43166_ASLVSGPLS|0.006
Q13131|O43166_SHSASFSSP|0.001
Q13131|O43166_SASFSSPMG|0.0
Q13131|O43166_ASFSSPMGS|0.0
Q13131|O43166_SPMGSTEDL|0.0
Q13131|O43166_PMGSTEDLN|0.003
Q13131|O43166_NSKGSLSMD|0.001
Q13131|O43166_KGSLSMDQG|0.235
Q13131|O43166_TKTDSTGTH|0.002
Q13131|O43166_HSLYTTYKD|0.0
Q13131|O43166_SLYTTYKDY|0.009
Q13131|O43166_SVEMTLRRN|0.53
Q13131|O43166_DVEPYGYAW|0.001
Q13131|O43166_EPYGYAWQA|0.002
Q13131|O43166_CSETYRMPV|0.0
Q13131|O43166_PVMEYKMNE|0.0
Q13131|O43166_NEGVSYEFK|0.004
Q13131|O43166_EGVSYEFKF|0.0
Q13131|O43166_QRNASKGPH|0.532
Q13131|O43166_ERRLSPGSD|0.001
Q13131|O43166_LSPGSDIYV|0.176
Q13131|O43166_DIYVTVSSM|0.385
Q13131|O43166_ALARSQCRN|0.068
Q13131|O43166_RNSPSNLSS|0.621
Q13131|O43166_SDTGSVGGT|0.031
Q13131|O43166_VGGTYRQKS|0.432
Q13131|O43166_GFGVSRRSP|0.381
Q13131|O43166_RSPASIDRQ|0.0
Q13131|O43166_QNTQSDIGG|0.552
Q13131|O43166_DIGGSGKST|0.367
Q13131|O43166_GSGKSTPSW|0.0
Q13131|O43166_SGKSTPSWQ|0.212
Q13131|O43166_KSTPSWQRS|0.002
Q13131|O43166_QMAYSYRGP|0.001
Q13131|O43166_MAYSYRGPQ|0.004
Q13131|O43166_SHYSSHSSS|0.0
Q13131|O43166_PLWHSSSEV|0.228
Q13131|O43166_WHSSSEVIS|0.69
Q13131|O43166_SEVISMADR|0.0
Q13131|O43166_LDRKTESSL|0.587
Q13131|O43166_ESSLSLDIH|0.205
Q13131|O43166_SQAGSTPLT|0.0
Q13131|O43166_QAGSTPLTR|0.0
Q13131|O43166_STPLTRENS|0.0
Q13131|O43166_RENSTFSIN|0.0
Q13131|O43166_STMSSRHSA|0.389
Q13131|O43166_PVVFTSARS|0.27
Q13131|O43166_VVFTSARSS|0.079
Q13131|O43166_TSARSSPKE|0.464
Q13131|O43166_SARSSPKEE|0.0
Q13131|O43166_PAAPSQLAP|0.501
Q13131|O43166_SSSSSGPRS|0.004
Q13131|O43166_GTINSVGFM|0.0
Q13131|O43166_KRHQSDGNE|0.473
Q13131|O43166_RLRASTRDL|0.211
Q13131|O43166_ESQKSFKFH|0.089
Q13131|O43166_FHALSSPQS|0.62
Q13131|O43166_SPFPSTPTS|0.394
Q13131|O43166_PFPSTPTSR|0.07
Q13131|O43166_PSTPTSRRA|0.036
Q13131|O43166_STPTSRRAL|0.494
Q13131|O43166_ALHRTLSDE|0.51
Q13131|O43166_DESIYNSQR|0.002
Q13131|O43166_TSRASLLDQ|0.521
Q13131|O43166_FSSTYPSLP|0.0
Q13131|O43166_STYPSLPKS|0.0
Q13131|O43166_SLPKSLPLR|0.119
Q13131|O43166_RRPSYTLGM|0.209
Q13131|O43166_RPSYTLGMK|0.503
Q13131|O43166_LGMKSLHGE|0.507
Q13131|O43166_HGEFSASDS|0.455
Q13131|O43166_EFSASDSSL|0.61
Q13131|O43166_SASDSSLTD|0.295
Q13131|O43166_ASDSSLTDI|0.016
Q13131|O43166_AAKAYEVQR|0.0
Q13131|O43166_SSKDSSPTL|0.036
Q13131|O43166_DSSPTLASK|0.037
Q13131|O43166_PTLASKVDQ|0.021
Q13131|O43166-2_SWQRSEDSI|0.0
Q13131|Q9P2F8_GRASSKFKD|0.0
Q13131|Q9P2F8_RIMQSDDYF|0.0
Q13131|Q9P2F8_QSDDYFARK|0.0
Q13131|Q9P2F8_IRQRSNSDV|0.226
Q13131|Q9P2F8_REYGSTSSI|0.0
Q13131|Q9P2F8_RVENYDHKA|0.0
Q13131|Q9P2F8_SGLDYVDSA|0.0
Q13131|Q9P2F8_RRLKSESVE|0.049
Q13131|Q9P2F8_RTVKSEHET|0.347
Q13131|Q9P2F8_GNCESPLGS|0.0
Q13131|Q9P2F8_SPLGSKEDL|0.0
Q13131|Q9P2F8_KVKRYIIEH|0.305
Q13131|Q9P2F8_DLGAYYYRK|0.0
Q13131|Q9P2F8_GAYYYRKFF|0.003
Q13131|Q9P2F8_HSLYTTYKD|0.0
Q13131|Q9P2F8_SLYTTYKDY|0.0
Q13131|Q9P2F8_TRQEYLKDL|0.0
Q13131|Q9P2F8_RRNTTWHRV|0.0
Q13131|Q9P2F8_HRVPTPALQ|0.0
Q13131|Q9P2F8_LSRASPIPG|0.0
Q13131|Q9P2F8_PIPGTPDRL|0.0
Q13131|Q9P2F8_KVLGSYKER|0.003
Q13131|Q9P2F8_KHFGSGDLM|0.037
Q13131|Q9P2F8_CMPATILGP|0.45
Q13131|Q9P2F8_HLAGSRSLI|0.337
Q13131|Q9P2F8_AADVSGPDD|0.0
Q13131|Q9P2F8_PAKLYSVHG|0.0
Q13131|Q9P2F8_MSKPYHRQG|0.0
Q13131|Q9P2F8_RRKFSFYGN|0.0
Q13131|Q9P2F8_KFSFYGNLS|0.0
Q13131|Q9P2F8_SLYRTLSDE|0.0
Q13131|Q9P2F8_NRRGSSFGS|0.477
Q13131|Q9P2F8_DILFSTTPP|0.0
Q13131|Q9P2F8_ILFSTTPPY|0.0
Q13131|Q9P2F8_LFSTTPPYH|0.0
Q13131|Q9P2F8_TTPPYHSTL|0.0
Q13131|Q9P2F8_PPYHSTLPP|0.0
Q13131|Q9P2F8_HPAPSMGSL|0.248
Q13131|Q9P2F8_PSMGSLRNE|0.0
Q13131|Q9P2F8_DGSLSDKSK|0.0
Q13131|Q9P2F8_QRVASFCTL|0.0
Q13131|O60292_DLAASCGAR|0.0
Q13131|O60292_HTGDYAPLG|0.272
Q13131|O60292_LREHSNPSP|0.74
Q13131|O60292_HSNPSPSQD|0.0
Q13131|O60292_HSMRSIQNG|0.018
Q13131|O60292_TPASSGSKA|0.169
Q13131|O60292_ASSGSKAFH|0.0
Q13131|O60292_FHRLSRRRS|0.0
Q13131|O60292_GWPRSPGRA|0.075
Q13131|O60292_LRHRSSSEI|0.956
Q13131|O60292_HRSSSEITL|0.946
Q13131|O60292_SSEITLSEC|0.002
Q13131|O60292_GGGDTVDSS|0.821
Q13131|O60292_EAGRSPGEA|0.006
Q13131|O60292_QRRNTTTGA|0.0
Q13131|O60292_SAMASLTAS|0.0
Q13131|O60292_MASLTASRA|0.0
Q13131|O60292_SRAHSLGGL|0.905
Q13131|O60292_ASVGSPSSG|0.0
Q13131|O60292_SAYRTNASI|0.029
Q13131|O60292_QRTQSRPRQ|0.659
Q13131|O60292_PRQYSIEHV|0.0
Q13131|O60292_PPIPSGTTF|0.0
Q13131|O60292_PSGTTFRKS|0.038
Q13131|O60292_KVMTSGWET|0.0
Q13131|O60292_VAVVTLTHD|0.005
Q13131|O60292_VVTLTHDQM|0.0
Q13131|O60292_SEPKTEQES|0.0
Q13131|O60292_TEQESITPG|0.0
Q13131|O60292_QESITPGGR|0.0
Q13131|O60292_GRPPYRSNA|0.254
Q13131|O60292_GHAQSLSRP|0.632
Q13131|O60292_AQSLSRPLK|0.0
Q13131|O60292_PLKQTPIVP|0.0
Q13131|O60292_PFRESQPLH|0.0
Q13131|O60292_QPLHSKRPV|0.003
Q13131|O60292_SFPETPYTV|0.0
Q13131|O60292_PETPYTVSP|0.122
Q13131|O60292_ETPYTVSPA|0.0
Q13131|O60292_PYTVSPAGA|0.0
Q13131|O60292_QPSGSFSTP|0.56
Q13131|O60292_STPGSATYV|0.0
Q13131|O60292_GSATYVRYK|0.0
Q13131|O60292_RYKPSPERY|0.011
Q13131|O60292_QARLSAIAG|0.02
Q13131|O60292_IAGSSGNKH|0.047
Q13131|O60292_AGKDSPNRH|0.0
Q13131|O60292_GEPQYSSHS|0.0
Q13131|O60292_YSSHSSSNT|0.0
Q13131|O60292_SSHSSSNTL|0.0
Q13131|O60292_SSSNTLSSN|0.0
Q13131|O60292_NASSSHSDD|0.0
Q13131|O60292_SSSHSDDRW|0.0
Q13131|O60292_DTTLYTSSP|0.445
Q13131|O60292_VAGQSKGYR|0.0
Q13131|O60292_QSKGYRPKL|0.737
Q13131|O60292_RPKLYSSGS|0.445
Q13131|O60292_PKLYSSGSS|0.656
Q13131|O60292_KLYSSGSST|0.0
Q13131|O60292_SSGSSTPTG|0.0
Q13131|O60292_SGSSTPTGL|0.103
Q13131|O60292_SSTPTGLAG|0.0
Q13131|O60292_PAQVYKTAS|0.495
Q13131|O60292_ASAETPRPS|0.0
Q13131|O60292_LAQPSPFQL|0.467
Q13131|O60292_QLSASVPKS|0.015
Q13131|O60292_PLPFSDPKK|0.0
Q13131|O60292_RLRASLRDL|0.0
Q13131|O60292_RDLRSPRKN|0.002
Q13131|O60292_QERDTGQSP|0.48
Q13131|O60292_DTGQSPQKG|0.148
Q13131|O60292_GLQRTLSDE|0.963
Q13131|O60292_LSDESLCSG|0.531
Q13131|O60292_ESLCSGRRE|0.0
Q13131|O60292_PSFASPAGL|0.0
Q13131|O60292_CAFPSSTLP|0.0
Q13131|O60292_AFPSSTLPA|0.0
Q13131|O60292_FPSSTLPAR|0.0
Q13131|O60292_KSTISASEL|0.857
Q13131|O60292_TISASELSL|0.57
Q13131|O60292_ASELSLADG|0.266
Q13131|O60292_DPALSPDIP|0.026
Q13131|O60292_PPAHSPVHS|0.009
Q13131|O60292_HSHLSLERG|0.001
Q13131|O60292_TPTMSEEPP|0.004
Q13131|Q7Z4H9_ADAPSWMNK|0.002
Q13131|O00241_AGTYYCVKF|0.0
Q13131|Q5JXA9_LNCDYSIYI|0.0
Q13131|Q5JXA9_DYSIYIHNV|0.042
Q13131|Q9H106_IREISLADA|0.0
Q13131|Q9H106_SGRGTQVFV|0.0
Q13131|Q9P1W8_SGPGTEMAL|0.0
Q13131|Q9P1W8_GAKPSAPVV|0.0
Q13131|Q9P1W8_PAARTTPEH|0.0
Q13131|Q9P1W8_TPEHTVSFT|0.0
Q13131|Q9P1W8_SVAYSIRST|0.007
Q13131|Q9P1W8-4_WDVRSQVIC|0.0
Q13131|Q96EB6_FIALSDKEG|0.467
Q13131|Q96EB6_RAMKYDKDE|0.429
Q13131|Q96EB6_IVIGSSLKV|0.884
Q13131|Q96EB6_VIGSSLKVR|0.451
Q13131|Q96EB6_SPPDSSVIV|0.637
Q13131|Q96EB6_QAAKSNDDL|0.986
Q13131|Q96EB6_RNVESIAEQ|0.999
Q13131|Q96EB6_KNERTSVAG|0.993
Q13131|Q96EB6_SVAGTVRKC|0.906
Q13131|Q8IXJ6_SQTLSLGSQ|0.969
Q13131|Q8IXJ6_QPFASLISK|0.44
Q13131|Q8IXJ6_ASLISKAPL|0.417
Q13131|Q8IXJ6_IDAQSGAGV|0.955
Q13131|Q8IXJ6_VPNPSTSAS|0.788
Q13131|Q9NTG7_VGASSVVGS|0.776
Q13131|Q9NTG7_CPVCTGVVK|0.004
Q13131|Q9NTG7_VQRETGKLD|0.869
Q13131|Q9NXA8_GAGGYWRKW|0.34
Q13131|Q9NXA8_QDLATPLAF|0.433
Q13131|Q9NXA8_EIHGSLFKT|0.411
Q13131|Q8N6T7_AKCKTQYVR|0.46
Q13131|Q8N6T7_CKTQYVRDT|0.641
Q13131|Q8N6T7_GLKATGRLC|0.156
Q13131|Q8N6T7_EESPTRING|0.854
Q13131|Q8N6T7_RINGSIPAG|0.591
Q13131|Q8N6T7_QHNGSEPAS|0.864
Q13131|Q8N6T7_RERPTSPAP|0.522
Q13131|Q9NRC8_RELASAVRN|0.949
Q13131|Q9NRC8_HSRKSLCRS|0.544
Q13131|Q9NRC8_SLCRSREEA|0.481
Q13131|Q9Y3P8_GRSRSHPGQ|0.329
Q13131|Q9Y3P8_VMCYTSLQL|0.0
Q13131|Q9Y3P8_MCYTSLQLR|0.015
Q13131|Q9Y3P8_KSQASGPEP|0.0
Q13131|Q9Y3P8_ELYASVCAQ|0.537
Q13131|Q9Y3P8_VCAQTRRAR|0.0
Q13131|Q9Y3P8_AYANSQPAA|0.0
Q13131|O15304_MPKRSCPFA|0.723
Q13131|Q15475_LREWYAHNP|0.237
Q13131|Q15475_NPYPSPREK|0.247
Q13131|Q15475_QNQLSPLEG|0.436
Q13131|Q9NPC8_NPYPSPREK|0.0
Q13131|Q9NPC8_ATGLTTTQV|0.0
Q13131|O95343_SHHRSILLA|0.977
Q13131|O95343_AGGGSGGGN|0.74
Q13131|O95343_FRDLYHILE|0.969
Q13131|O95343_NHKFTKESH|0.824
Q13131|O95343_LREWYLQDP|0.499
Q13131|Q9UIU6____MSSSSP|0.0
Q13131|Q9UIU6___MSSSSPT|0.0
Q13131|Q9UIU6_MSSSSPTGQ|0.072
Q13131|Q9UIU6_AVGLSPPAP|0.0
Q13131|Q9UIU6_RGNESLLKA|0.573
Q13131|Q9UIU6_HQGIYPELY|0.0
Q13131|Q9UIU6_NRYPSPAEK|0.0
Q13131|Q9UIU6_SATTTSYSP|0.0
Q13131|Q9UIU6_TTSYSPSVP|0.0
Q13131|Q9UIU6_SYSPSVPVS|0.331
Q13131|Q9UIU6_SVPVSFPGL|0.001
Q13131|Q9UIU6_LIPSTEVKR|0.0
Q13131|Q8N196_EGPGSPGVP|0.0
Q13131|Q8N196_GVPGSPPEA|0.001
Q13131|Q8N196_RLRGSDPVL|0.243
Q13131|Q8N196_QRGEYAELY|0.004
Q13131|Q8N196_DGNPTTEDE|0.272
Q13131|Q8N196_GNPTTEDES|0.079
Q13131|Q8N196_LGEASSLGP|0.001
Q13131|Q8N196_GEASSLGPL|0.0
Q13131|Q8N196_GASETKTSL|0.0
Q13131|O95475_ILNFSPQQV|0.009
Q13131|O95475_LEAHYQEAE|0.0
Q13131|O95475_LREWYLQDP|0.0
Q13131|O95475_LQDPYPNPS|0.0
Q13131|O95475_YPNPSKKRE|0.103
Q13131|O95475_QQVLSQGSG|0.0
Q13131|O95475_LSQGSGRAL|0.017
Q13131|O95475_LGVATSPAA|0.161
Q13131|Q8N1H7_YQLKYSETP|0.0
Q13131|Q8N1H7_SREYYEKKR|0.321
Q13131|Q8N1H7_KNKNTENRK|0.214
Q13131|Q8N1H7_PEVQTEKES|0.0
Q13131|Q96BD8__MASSDLEQ|0.0
Q13131|Q96BD8_EQLCSHVNE|0.0
Q13131|Q96BD8_KKTLSLRNC|0.899
Q13131|Q96BD8_ELCESLEED|0.0
Q13131|Q96BD8_SRLTYNQIN|0.0
Q13131|Q96BD8_VISKYKILH|0.0
Q13131|Q8WVK7_LSPLTKEEK|0.0
Q13131|Q8WVK7-2_WNMKSRLII|0.0
Q13131|Q8IX90_DFEDYPMRI|0.0
Q13131|Q8IX90_MRILYDLHS|0.319
Q13131|Q8IX90_YFQKYGYSP|0.0
Q13131|Q8IX90_QKYGYSPRV|0.119
Q13131|Q8IX90_VKKNSVHEQ|0.73
Q13131|Q8IX90_DPELSNCEN|0.133
Q13131|Q8IX90_NFQKTDVKD|0.0
Q13131|Q8IX90_PVASSCISE|0.0
Q13131|Q8IX90_SSCISEKSP|0.0
Q13131|Q8IX90_GISEYTMCL|0.016
Q13131|Q8IX90_ISEYTMCLN|0.204
Q13131|Q8IX90_LNEDYTMGL|0.378
Q13131|Q8IX90_RNNKSEEAI|0.599
Q13131|Q8IX90_DAEYTNSPL|0.0
Q13131|Q8IX90_VSTNYPLSK|0.008
Q13131|Q8IX90_TNSSSNDLE|0.593
Q13131|Q8IX90_IRDVSNKEN|0.083
Q13131|O75563_NPSSTSSPY|0.16
Q13131|O75563_SSTSSPYPL|0.0
Q13131|O75563_TSSPYPLPE|0.02
Q13131|O75563_EKRESLIKK|0.175
Q13131|O75563_GPPDTISLA|0.569
Q13131|O75563_LKAGYLEKR|0.905
Q13131|O75563_ALSKTVFYY|0.113
Q13131|O75563_VFYYYGSDK|0.438
Q13131|O75563_YYYGSDKDK|0.001
Q13131|O75563_FTAASPKDA|0.431
Q13131|O75563_PLTSSQPID|0.0
Q13131|O75563_QRKMSQDSV|0.992
Q13131|O75563_IYILSKEYN|0.266
Q13131|O75563_LSKEYNRYG|0.09
Q13131|O75563_EYNRYGWWV|0.003
Q13131|O75563_IMEMYDI__|0.0
Q13131|Q86WV1_FLSDYQDEG|0.35
Q13131|Q86WV1_RGLFYYYAN|0.048
Q13131|Q86WV1_LFYYYANEK|0.049
Q13131|Q86WV1_IKEPTEEKE|0.0
Q13131|Q86WV1_YASYYQGLW|0.005
Q13131|Q9BY77_QNDAYTAPA|0.367
Q13131|Q9BY77_NDAYTAPAL|0.001
Q13131|Q9BY77_DDAITAYKK|0.238
Q13131|Q9BY77_RLSDSPSMK|0.031
Q13131|Q9BY77_SDSPSMKKE|0.49
Q13131|Q9BY77_SASSSNPPA|0.0
Q13131|Q9BY77_ALFKSSGAS|0.454
Q13131|Q9BY77_SSGASVTTQ|0.0
Q13131|P12755_ERCETVLEG|0.436
Q13131|P12755_GLELSERSV|0.055
Q13131|P12755_VPRVSSEPP|0.0
Q13131|P12755_TSSQSPAPS|0.0
Q13131|P12755_DKPSSWLRT|0.055
Q13131|P12755_SSNKSLGCV|0.66
Q13131|P12755_RQRLSAFRP|0.861
Q13131|P12755_EKELSPHLP|0.132
Q13131|P12755_LIRDSFYSY|0.531
Q13131|P12755_QKVVSSPPC|0.631
Q13131|P12755_LSSLSSPSF|0.0
Q13131|P12755_KDLGSPGAR|0.21
Q13131|Q15477__MMETERLV|0.367
Q13131|Q15477_KDLLTIPPG|0.075
Q13131|Q15477_ASPCSAPLA|0.006
Q13131|Q15477_STAVSTPEA|0.862
Q13131|Q15477_TAVSTPEAP|0.661
Q13131|Q15477_ERHDSVFVA|0.535
Q13131|Q15477_TRTIYTSPI|0.243
Q13131|Q15477_RTIYTSPIK|0.013
Q13131|Q15477_TIYTSPIKA|0.161
Q13131|Q15477_RRQIYVIST|0.162
Q13131|Q15477_HTKGYYAAV|0.211
Q13131|Q15477_TKGYYAAVE|0.003
Q13131|Q15477_VVVFTFSRG|0.502
Q13131|Q15477_VFTFSRGRC|0.442
Q13131|Q15477_GVHHSGILP|0.775
Q13131|Q15477_SEFPSRKDS|0.272
Q13131|Q15477_SRKDSKAHE|0.574
Q13131|Q15477_AEVPYPDDL|0.374
Q13131|Q15477_QCVHSPRFP|0.507
Q13131|P12757_ENLQTNFSL|0.0
Q13131|P12757_YPDVSLEEQ|0.239
Q13131|P12757_SKRKSESAT|0.774
Q13131|P12757_AAASSPLLV|0.129
Q13131|Q13573_RSRQTSLVS|0.546
Q13131|Q13573_SLVSSRREP|0.547
Q13131|Q13573_PPYGYRKGW|0.453
Q13131|Q13573_HVAQYPLDM|0.053
Q13131|Q13573_KKKMSNALA|0.726
Q13131|Q13573_IQVDSEGKI|0.825
Q13131|Q13573_GKIKYDAIA|0.521
Q13131|Q13573_DKVIYSKYT|0.007
Q13131|Q13573_KVIYSKYTD|0.339
Q13131|Q13573_IYSKYTDLV|0.471
Q13131|Q13573_APAQYIRYT|0.0
Q13131|Q13573_AKGYTIPLD|0.521
Q13131|Q13573_AGIKTHVEK|0.353
Q13131|Q13573_NPRTSNEVQ|0.751
Q13131|Q13573_NEVQYDQRL|0.53
Q13131|Q13573_KGMDSGFAG|0.001
Q13131|Q13573_AQSIYRPSK|0.251
Q13131|Q13573_DKDMYGDDL|0.01
Q13131|P42285_RIEESITED|0.009
Q13131|P42285_AAKEYPFIL|0.477
Q13131|P42285_RVIFTSPIK|0.031
Q13131|P42285_EILRSMLYR|0.451
Q13131|P42285_LYRGSEVMR|0.005
Q13131|P42285_VWEETIILL|0.001
Q13131|P42285_DCEAYALQM|0.032
Q13131|P42285_ALQMTKLDF|0.057
Q13131|P42285_LDFNTDEEK|0.127
Q13131|P42285_ILKETIEIL|0.0
Q13131|P42285_EILFSEGLI|0.0
Q13131|P42285_TVLFTNARK|0.743
Q13131|P42285_SSGEYIQMS|0.001
Q13131|P42285_INPEYMLEK|0.304
Q13131|P42285_EKSFYQFQH|0.642
Q13131|P42285_VKPNSGELD|0.927
Q13131|P42285_LDPLYVVEV|0.03
Q13131|P42285_DNRQSVLKS|0.551
Q13131|P42285_KKARTVLQM|0.867
Q13131|Q9H1R3_ARRGSPAFL|0.732
Q13131|Q9H1R3_LLKKYLMKR|0.589
Q13131|Q9H1R3_FKKISSSGA|0.114
Q13131|Q9H1R3_KKISSSGAL|0.951
Q13131|Q9H1R3_KISSSGALM|0.83
Q13131|P84550_GREGSSSPN|0.0
Q13131|P84550_REGSSSPNS|0.0
Q13131|P84550_EGSSSPNSK|0.0
Q13131|P84550_SSPNSKQEL|0.0
Q13131|P84550_LLKNYSYNE|0.0
Q13131|P84550_KNYSYNEIH|0.0
Q13131|P84550_KRTFSLQGG|0.0
Q13131|P84550_IPVPSKGFG|0.0
Q13131|P63208_IQWCTHHKD|0.432
Q13131|P63208_KNDFTEEEE|0.308
Q13131|Q13309_LQNLSLEGL|0.814
Q13131|Q13309_KSDLSTLVR|0.611
Q13131|Q5T5P2_CLPYSADRR|0.0
Q13131|Q5T5P2_LHVTSPEDA|0.0
Q13131|Q5T5P2_RGSVSKSSR|0.575
Q13131|Q5T5P2_PRRHTLGGP|0.427
Q13131|Q5T5P2_DQTRSPKLS|0.0
Q13131|Q5T5P2_RGSRTRASL|0.0
Q13131|Q5T5P2_RTRASLPVV|0.549
Q13131|Q5T5P2_PNEITSADT|0.0
Q13131|Q5T5P2_NEITSADTI|0.0
Q13131|Q5T5P2_SVAIYIKDE|0.0
Q13131|Q5T5P2_RNVYYELND|0.07
Q13131|Q5T5P2_RELVYARGD|0.0
Q13131|Q5T5P2_AIPNSPPST|0.0
Q13131|Q5T5P2_SPPSTPVPH|0.0
Q13131|Q5T5P2_SMPPSPSRI|0.0
Q13131|Q5T5P2_PGNATIPRD|0.092
Q13131|Q5T5P2_DRISSLPVS|0.647
Q13131|Q5T5P2_SLPVSRPIS|0.139
Q13131|Q5T5P2_PISPSPSAI|0.002
Q13131|Q5T5P2_SPSPSAILE|0.0
Q13131|Q5T5P2_DEDMSGKNI|0.0
Q13131|Q5T5P2_NIAMYRNEG|0.453
Q13131|Q5T5P2_YADPYLYHE|0.0
Q13131|Q5T5P2_DPYLYHEGR|0.08
Q13131|Q5T5P2_EGRMSIASS|0.385
Q13131|Q5T5P2_MSIASSHGG|0.0
Q13131|Q5T5P2_SIASSHGGH|0.0
Q13131|Q5T5P2_HIIAYHRTA|0.001
Q13131|Q5T5P2_IRSASAYCN|0.0
Q13131|Q5T5P2_SASAYCNPS|0.0
Q13131|Q5T5P2_YRQKSRKYP|0.001
Q13131|Q5T5P2_PTLGSKTPP|0.0
Q13131|Q5T5P2_TPPASPHRV|0.0
Q13131|Q5T5P2_MHAHYNAHG|0.0
Q13131|Q5T5P2_GPPHTMQPD|0.0
Q13131|Q5T5P2_RASPSRQAF|0.0
Q13131|Q5T5P2_GTLVYIEKP|0.0
Q13131|Q5T5P2_AAGLSSLVD|0.546
Q13131|Q5T5P2_AGLSSLVDL|0.391
Q13131|Q5T5P2_QVFAYSTAT|0.0
Q13131|Q5T5P2_FAYSTATIP|0.0
Q13131|Q5T5P2_YSTATIPKD|0.14
Q13131|Q5T5P2_DSAGTPHVS|0.0
Q13131|Q5T5P2_HKLDSLLKR|0.0
Q13131|Q5T5P2_KRVRSMTDV|0.625
Q13131|Q5T5P2_TDVLTMLRR|0.19
Q13131|Q5T5P2_QAAQYMAME|0.012
Q13131|Q5T5P2_QPFHSTGAP|0.0
Q13131|Q5T5P2_NLDHYNGKE|0.0
Q13131|Q5T5P2_NIMKSIPNL|0.0
Q13131|Q5T5P2_LSEDSPNSE|0.0
Q13131|Q5T5P2_DSPNSEQDL|0.018
Q13131|Q5T5P2_TTTRSGDVV|0.002
Q13131|Q5T5P2_GDVVYTGRK|0.034
Q13131|Q5T5P2_DVVYTGRKE|0.037
Q13131|Q5T5P2_KENITAKAS|0.0
Q13131|Q5T5P2_TAKASSEDA|0.0
Q13131|Q5T5P2_AKASSEDAG|0.0
Q13131|Q5T5P2_DAGPSPQTR|0.0
Q13131|Q5T5P2_ASAWTPSPP|0.0
Q13131|Q5T5P2_AWTPSPPPV|0.0
Q13131|Q5T5P2_FQKCSFMDV|0.0
Q13131|Q5T5P2_SDVEYENGP|0.005
Q13131|Q5T5P2_GMENSISDA|0.0
Q13131|Q5T5P2_RTSEYKTEI|0.0
Q13131|Q5T5P2_SEYKTEIIM|0.0
Q13131|Q5T5P2_MKENSISNM|0.611
Q13131|Q5T5P2_ENSISNMSL|0.0
Q13131|Q5T5P2_DSRNYSQET|0.0
Q13131|Q5T5P2_SRNYSQETV|0.55
Q13131|Q5T5P2_FSGISPLED|0.0
Q13131|Q5T5P2_INKGSKISG|0.029
Q13131|Q5T5P2_SIPDTENQT|0.0
Q13131|Q5T5P2_QTLNYGKTK|0.0
Q13131|Q5T5P2_GESSSSSPT|0.0
Q13131|Q5T5P2_ESSSSSPTE|0.0
Q13131|Q5T5P2_SSSPTEENA|0.0
Q13131|Q5T5P2_YKRLSTIFE|0.365
Q13131|Q5T5P2_KRLSTIFEE|0.0
Q13131|Q5T5P2_SHVDSPNSE|0.0
Q13131|Q5T5P2_GEDATDDQF|0.0
Q13131|Q5T5P2_QAIRTGTKT|0.0
Q13131|Q5T5P2_EIARSQPED|0.0
Q13131|Q5T5P2_QPEDTPENT|0.0
Q13131|Q5T5P2_TPENTVRRQ|0.0
Q13131|Q5T5P2_QEQPSIEST|0.0
Q13131|Q5T5P2_SIESTSPIS|0.0
Q13131|Q5T5P2_IESTSPISR|0.0
Q13131|Q5T5P2_RKNTYRTLD|0.0
Q13131|Q5T5P2_RTLDSLEQT|0.0
Q13131|Q5T5P2_ENTISEMSP|0.147
Q13131|Q5T5P2_ISEMSPKAL|0.001
Q13131|Q5T5P2_AQEASPRPL|0.0
Q13131|Q5T5P2_RKGSSGAPQ|0.128
Q13131|Q5T5P2_PVPMSAKNR|0.02
Q13131|Q5T5P2_NRPGTLDKP|0.0
Q13131|Q5T5P2_SAKKSGGDF|0.0
Q13131|Q5T5P2_DFKPTSPSL|0.551
Q13131|Q5T5P2_FKPTSPSLP|0.0
Q13131|Q5T5P2_PTSPSLPAS|0.01
Q13131|Q5T5P2_SLPASKIPA|0.0
Q13131|Q5T5P2_IPALSPSSG|0.0
Q13131|Q5T5P2_ALSPSSGKS|0.127
Q13131|Q5T5P2_LSPSSGKSS|0.006
Q13131|Q5T5P2_SNPLSPQTG|0.0
Q13131|Q5T5P2_LKFQSLTHT|0.0
Q13131|Q5T5P2_HLSFSPQSQ|0.0
Q13131|Q5T5P2_SFSSSPPSP|0.001
Q13131|Q5T5P2_SSPPSPASS|0.0
Q13131|Q5T5P2_PSPASSVSL|0.0
Q13131|Q5T5P2_RTIHTPSLT|0.0
Q13131|Q5T5P2_IHTPSLTSY|0.0
Q13131|Q5T5P2_SLTSYKAQN|0.0
Q13131|Q9HD40_LNKITNSLV|0.0
Q13131|Q9HD40_KITNSLVLD|0.524
Q13131|Q9HD40_VPMATGMSL|0.01
Q13131|Q9HD40_ICANYDIPH|0.103
Q13131|Q9HD40_VNNAYGVQS|0.568
Q13131|Q9HD40_YGVQSSKCM|0.0
Q13131|Q9HD40_GVQSSKCMH|0.584
Q13131|Q9HD40_PGRASASPS|0.026
Q13131|Q9HD40_RASASPSLD|0.0
Q13131|Q9HD40_DVLITLLSL|0.0
Q13131|Q9HD40_ITLLSLGSN|0.884
Q13131|Q9HD40_GSNGYKKLL|0.0
Q13131|Q9HD40_KEMFSYLSN|0.0
Q13131|Q9HD40_EMFSYLSNQ|0.468
Q13131|Q9HD40_TVSGYTFRG|0.0
Q13131|Q9HD40_RKERSKESD|0.0
Q13131|Q9HD40_SDDNYDKTE|0.0
Q13131|Q9HD40_YQDASS___|0.0
Q13131|Q8ND83_EKSLTPLQW|0.0
Q13131|Q8ND83_LDNPTPEME|0.0
Q13131|Q8ND83_QGYTSRGSP|0.0
Q13131|Q8ND83_ISMGYKLQD|0.0
Q13131|Q8ND83_LRQDYASTS|0.0
Q13131|Q8ND83_YASTSASVS|0.0
Q13131|Q8ND83_STSASVSRH|0.0
Q13131|Q8ND83_SASVSRHSS|0.0
Q13131|Q8ND83_SRHSSSVSL|0.0
Q13131|Q8ND83_VSLSSGKKG|0.0
Q13131|Q8ND83_GKKGTCSDQ|0.0
Q13131|Q8ND83_KGTCSDQEY|0.0
Q13131|Q8ND83_YDQYSLEDE|0.0
Q13131|Q8ND83_PHSQTFSSI|0.533
Q13131|Q8ND83_QQQQYYSPQ|0.0
Q13131|Q8ND83_KLRRSMPNL|0.573
Q13131|Q8ND83_ARMPSTTAI|0.0
Q13131|Q8ND83_MPSTTAISS|0.0
Q13131|Q8ND83_TTAISSNIS|0.0
Q13131|Q8ND83_SSNISSPVT|0.0
Q13131|Q8ND83_SNISSPVTV|0.0
Q13131|Q8ND83_TVRNSQSFD|0.0
Q13131|Q8ND83_RNSQSFDSS|0.541
Q13131|Q8ND83_SFDSSLHGA|0.0
Q13131|Q8ND83_SCIPSPGQL|0.0
Q13131|Q8ND83_HRVHSVGHF|0.0
Q13131|Q8ND83_GLQLYSNTG|0.0
Q13131|Q8ND83_QPVRSFLQP|0.0
Q13131|Q9P270_LRSRSGAVQ|0.277
Q13131|Q9P270_PLGLSAKSG|0.0
Q13131|Q9P270_GPRRTSSEE|0.0
Q13131|Q9P270_RRTSSEELR|0.603
Q13131|Q9P270_RDATSLLAA|0.0
Q13131|Q9P270_KKKLTPMQK|0.0
Q13131|Q9P270_KLDQTMSAL|0.001
Q13131|Q9P270_LRQEYAATT|0.0
Q13131|Q9P270_TSRRSSGSS|0.045
Q13131|Q9P270_SRRSSGSSC|0.0
Q13131|Q9P270_SSCNSTRRG|0.0
Q13131|Q9P270_SCNSTRRGT|0.0
Q13131|Q9P270_HHAVYPAVN|0.0
Q13131|Q9P270_VNRFSPSPR|0.0
Q13131|Q9P270_RFSPSPRNS|0.0
Q13131|Q9P270_SPRNSPRPS|0.001
Q13131|Q9P270_SPRPSPKQS|0.0
Q13131|Q9P270_SPKQSPRNS|0.33
Q13131|Q9P270_SPRNSPRSR|0.0
Q13131|Q9P270_PRSRSPARG|0.0
Q13131|Q9P270_RGIEYSRVS|0.467
Q13131|Q9P270_GIEYSRVSP|0.489
Q13131|Q9P270_QPMISRLQQ|0.0
Q13131|Q9P270_QGHPTDLQT|0.488
Q13131|Q9P270_SRSDSNFQV|0.513
Q13131|Q9P270_QPQASAIPS|0.0
Q13131|Q9P270_LPRPSAPSA|0.0
Q13131|Q9P270_KTYGSMKDD|0.0
Q13131|Q9P270_KDGCY____|0.0
Q13131|Q13291_SLENSVENK|0.0
Q13131|Q13291_HYQTTVEKK|0.0
Q13131|Q13291_VEKKSLTIY|0.0
Q13131|Q13291_KKSLTIYAQ|0.0
Q13131|Q96DU3_RLNFTQSYS|0.0
Q13131|Q96DU3_FTQSYSLQL|0.0
Q13131|Q96DU3_DTGSYRAQI|0.0
Q13131|Q96DU3_GPAESARNL|0.0
Q13131|Q96DU3_LEYVSVSPT|0.0
Q13131|Q96DU3_SVSPTNNTV|0.0
Q13131|Q96DU3_PTNNTVYAS|0.405
Q13131|Q96DU3_NNTVYASVT|0.586
Q13131|Q96DU3_TVYASVTHS|0.391
Q13131|Q96DU3_YASVTHSNR|0.396
Q13131|Q96DU3_SNRETEIWT|0.0
Q13131|Q96DU3_TEIWTPREN|0.0
Q13131|Q96DU3_NDTITIYST|0.0
Q13131|Q96DU3_ITIYSTINH|0.369
Q13131|Q96DU3_TIYSTINHS|0.0
Q13131|Q96DU3_TINHSKESK|0.045
Q13131|Q96DU3_HSKESKPTF|0.0
Q13131|Q96DU3_ESKPTFSRA|0.0
Q13131|Q9NQ25_DPANTVYST|0.0
Q13131|Q9NQ25_NTVYSTVEI|0.0
Q13131|Q9NQ25_RLFAYENVI|0.0
Q13131|Q13239_SSPVTLRQK|0.315
Q13131|Q13239_WRRVSRLQE|0.743
Q13131|Q13239_ESIASYLSL|0.006
Q13131|Q13239_ASYLSLTSE|0.338
Q13131|Q13239_YLSLTSEDN|0.0
Q13131|Q13239_KKSISLMYG|0.0
Q13131|Q13239_MYGGSKRKS|0.597
Q13131|Q13239_KRKSSFFSS|0.834
Q13131|Q13239-3_RLWASPAAP|0.0
Q13131|Q13239-4_RLWASPAAP|0.0
Q13131|Q13239-5_RARLTFPVC|0.0
Q13131|Q13239-5_RLWASPAAP|0.0
Q13131|O15117__MAKYNTGG|0.498
Q13131|O15117_PNSSSGIQA|0.0
Q13131|O15117_QRFGTPASL|0.0
Q13131|O15117_FMSASQDLE|0.637
Q13131|O15117_STENSHEDE|0.469
Q13131|O15117_HEDESPMKN|0.015
Q13131|O15117_NVSSSKGSP|0.641
Q13131|O15117_LGVRSKSGP|0.845
Q13131|O15117_VRSKSGPLK|0.328
Q13131|O15117_AREDSENKD|0.762
Q13131|O15117_EELASGTPP|0.0
Q13131|O15117_LASGTPPAR|0.425
Q13131|O15117_PKAPSKLTV|0.0
Q13131|O15117_KFHKTSSGN|0.0
Q13131|O15117_SKGQTSYST|0.0
Q13131|O15117_KGQTSYSTT|0.0
Q13131|O15117_GQTSYSTTS|0.0
Q13131|O15117_FDLKSPVNE|0.0
Q13131|O15117_SEGETYEDI|0.0
Q13131|O15117_EGETYEDIE|0.0
Q13131|O15117_KFKLTGPIQ|0.391
Q13131|O15117_TARGSYGYI|0.491
Q13131|O15117_GSYGYIKTT|0.0
Q13131|O15117_KKFKYDGEI|0.16
Q13131|O15117_IRVLYSTKV|0.62
Q13131|O15117_KPGESLEVI|0.75
Q13131|O15117_VLRSYLADN|0.0
Q13131|O15117-2_VQEKSNTWS|0.0
Q13131|O15117-2_EKSNTWSWG|0.016
Q13131|O15117-2_DRKKSIREK|0.045
Q13131|O15117-2_KPKVSDSDN|0.017
Q13131|Q9H6Q3_GSLPSRRKS|0.717
Q13131|Q9H6Q3_SRRKSLPSP|0.805
Q13131|Q9H6Q3_TRRGSYSLS|0.698
Q13131|Q14493_PARWSLGRK|0.742
Q13131|Q14493_SDWASAVEE|0.0
Q13131|Q14493_RERKSSSGS|0.0
Q13131|Q14493_ERKSSSGSS|0.808
Q13131|Q14493_RKSSSGSSD|0.518
Q13131|Q14493_SSSGSSDSK|0.0
Q13131|Q14493_SSGSSDSKE|0.04
Q13131|Q14493_GSSDSKESM|0.02
Q13131|Q14493_DSKESMSTV|0.003
Q13131|Q14493_KESMSTVPA|0.0
Q13131|Q14493_ESMSTVPAD|0.018
Q13131|Q14493_ETDESVLMR|0.087
Q13131|Q14493_KFKKYSRRS|0.0
Q13131|Q14493_ESAESSSEP|0.0
Q13131|Q14493_SAESSSEPQ|0.537
Q13131|Q14493_AESSSEPQT|0.174
Q13131|Q14493_SEPQTSSQD|0.009
Q13131|Q14493_EPQTSSQDD|0.0
Q13131|Q14493_PQTSSQDDF|0.569
Q13131|Q14493_DFDVYSGTP|0.0
Q13131|Q14493_FDVYSGTPT|0.007
Q13131|Q14493_VYSGTPTKV|0.17
Q13131|Q14493_RHMDSQVED|0.838
Q13131|P09131_LQADYASQA|0.0
Q13131|P09131_HFIYSSLFP|0.0
Q13131|Q96EP9_TDISYKKLK|0.0
Q13131|Q96EP9_EMADTSYGT|0.0
Q13131|Q96EP9_MADTSYGTV|0.0
Q13131|Q96EP9_ADTSYGTVK|0.0
Q13131|Q96EP9_TSYGTVKAE|0.0
Q13131|Q5PT55_ARMSSLSFL|0.001
Q13131|Q5PT55_NIEKTEILF|0.0
Q13131|Q0GE19-1_LEYLSIKFG|0.0
Q13131|P49281_INPAYSNPS|0.066
Q13131|P49281_NPSLSQSPG|0.0
Q13131|P49281_NEKISIPEE|0.734
Q13131|P49281_LGVVTGLHL|0.114
Q13131|P49281_INLLSVGRI|0.836
Q13131|P49281_SGCRTPQIE|0.002
Q13131|P49281_MYLHSALVK|0.079
Q13131|P49281_MDADSLVSR|0.592
Q13131|P49281_DSLVSR___|0.873
Q13131|P49281-2_ALGMSFLDC|0.0
Q13131|P49281-2_ATRGYVK__|0.0
Q13131|A0AV02_VGERSSIGS|0.0
Q13131|A0AV02_SGGVYSMIS|0.002
Q13131|A0AV02_LLQLTRKLE|0.0
Q13131|A0AV02_EGNRTPESQ|0.0
Q13131|A0AV02_RTPESQKRK|0.0
Q13131|A0AV02_PSCRSLRSP|0.597
Q13131|A0AV02_RSLRSPQEQ|0.0
Q13131|Q9BXP2_MASESSPLL|0.454
Q13131|Q9BXP2_LVSGSLASV|0.0
Q13131|Q9BXP2_GSLASVLIS|0.0
Q13131|Q9BXP2_RAPGSPRAL|0.0
Q13131|Q9BXP2_LARASGALP|0.0
Q13131|Q9BXP2_GGPGYVDVC|0.0
Q13131|Q9BXP2_LQMATILGM|0.0
Q13131|Q9BXP2_PAWHSARLR|0.0
Q13131|Q13183_EKAISILFV|0.863
Q13131|Q8WWT9_KEDEYRRNI|0.0
Q13131|Q8WWT9_KAPNTETEP|0.0
Q13131|Q8WWT9_PNTETEPLL|0.0
Q13131|Q9UKG4_PQVLTPSPR|0.0
Q13131|Q9UKG4_VLTPSPRKQ|0.333
Q13131|Q86YT5_ELPGSQVIF|0.0
Q13131|Q86YT5_LAKGSEASG|0.0
Q13131|Q86YT5_GSEASGLSV|0.005
Q13131|Q86YT5_ASGLSVWMG|0.0
Q13131|Q13336__MEDSPTMV|0.49
Q13131|Q13336_VRVDSPTMV|0.632
Q13131|Q13336_NRIFYLQAK|0.52
Q13131|Q15849____MSDPHS|0.0
Q13131|Q15849_SDPHSSPLL|0.0
Q13131|Q15849_DPHSSPLLP|0.0
Q13131|Q15849_CICLSKAVG|0.0
Q13131|Q15849_VEEGSEAVL|0.0
Q13131|Q15849_EAVLSKHRS|0.001
Q13131|Q15849_SKHRSVFHI|0.71
Q13131|Q15849_IRRRSKVFG|0.691
Q13131|Q15849_ISKTSWIRS|0.0
Q13131|Q15849_SWIRSSMAA|0.0
Q13131|Q15849_WIRSSMAAS|0.0
Q13131|Q15849_SMAASGKRV|0.126
Q13131|Q15849_GKRVSKALS|0.546
Q13131|Q15849_DKGDYYWWL|0.0
Q13131|P46059_AKEKYDERL|0.449
Q13131|P46059_GSRWTLQAT|0.0
Q13131|P46059_ATTMSGKIG|0.514
Q13131|P46059_EIDKTLPVF|0.0
Q13131|P46059_RLEKSNPYF|0.699
Q13131|P46059_KSNPYFMSG|0.001
Q13131|Q16348_ERFSYYGMK|0.746
Q13131|Q16348_RFSYYGMKA|0.0
Q13131|Q16348_ERTRYFSVF|0.0
Q13131|Q16348_FSVFYLSIN|0.0
Q13131|Q16348_VLFLYIPLP|0.0
Q13131|Q16348_DQQGSRWTL|0.389
Q13131|Q16348_SFQKTPHYS|0.03
Q13131|Q16348_KTPHYSKLH|0.0
Q13131|Q16348_FHLKYHNLS|0.0
Q13131|Q16348_NLSLYTEHS|0.0
Q13131|Q16348_KDTESRTTN|0.0
Q13131|Q16348_TESRTTNGM|0.029
Q13131|Q16348_RFVNTLHKD|0.663
Q13131|Q8N697__MEGSGGGA|0.809
Q13131|Q8N697_AILLSLALY|0.0
Q13131|Q8N697_SLALYLLGM|0.437
Q13131|Q8N697_AAPATRAAL|0.032
Q13131|Q8N697_ALCGSARLL|0.456
Q13131|Q8N697_FQQSSKQSL|0.965
Q13131|Q8N697_SSKQSLFDS|0.097
Q13131|Q8N697_LEFAYSAAP|0.0
Q13131|Q8N697_EFAYSAAPK|0.0
Q13131|Q8N697_SFVGSGLLA|0.57
Q13131|Q8TF71__MVLSQEEP|0.0
Q13131|Q8TF71_ARGTSEAQP|0.0
Q13131|Q8TF71_KDKESGGSG|0.0
Q13131|Q8TF71_SSLFSRKKF|0.274
Q13131|Q8TF71_CIGVTSGVG|0.0
Q13131|Q8TF71_IGVTSGVGR|0.002
Q13131|Q8TF71_LSSSSGMFK|0.678
Q13131|Q6ZSM3_CLKNYQYVC|0.0
Q13131|Q6ZSM3_KNYQYVCYL|0.0
Q13131|Q7RTX9_EDIGYDFED|0.0
Q13131|Q7RTX9_QGLSTTGTG|0.001
Q13131|Q7RTX9_TFLMTVLLK|0.0
Q13131|P36021_QSQASEEAK|0.0
Q13131|P36021_LEFESERVH|0.0
Q13131|P36021_EPEPTPTVE|0.036
Q13131|P36021_EPTPTVETR|0.0
Q13131|O15427_ITGFSYAFP|0.0
Q13131|O15427_TGFSYAFPK|0.0
Q13131|O15374_KVQPYTKTL|0.0
Q13131|O15374_VQPYTKTLD|0.0
Q13131|O15374_RLALSTAIA|0.0
Q13131|O15374_LALSTAIAR|0.0
Q13131|O15374_GMGLTFLLA|0.0
Q13131|O15374_LAPFTKFLI|0.0
Q13131|O15374_SYLVSVAGI|0.0
Q13131|O15374_SQIISGWVA|0.0
Q13131|O15374-4_AYAISSLQF|0.0
Q13131|O15375_GKQRSPEIM|0.0
Q13131|O15403_KEAQYMLEN|0.0
Q13131|O15403_GVELTTSPK|0.0
Q13131|O15403_LVKTSPRPS|0.003
Q13131|O15403_SPRPSEKKA|0.0
Q13131|O60669_SIGFSYAFP|0.0
Q13131|O60669_IGFSYAFPK|0.0
Q13131|O60669_IAWISSIML|0.0
Q13131|O60669_ARQKTRESE|0.0
Q13131|O60669_KTRESEPLS|0.28
Q13131|O60669_KSKHSEDVN|0.613
Q13131|O60669_NVKVSNAQS|0.0
Q13131|O60669_SNAQSVTSE|0.0
Q13131|O60669_QSVTSERET|0.207
Q13131|O95907_TGFAYGFPK|0.0
Q13131|O95907_PKAVSVFFR|0.0
Q13131|O95907_AAAGSPVFL|0.0
Q13131|Q7RTY1_AEQTYFCKQ|0.0
Q13131|Q7RTY1_AFYFSGFCV|0.0
Q13131|O00476_LMGASRGFS|0.0
Q13131|Q9Y2C5_VFLLSAAVN|0.0
Q13131|Q9NRA2_DGEESTDRT|0.0
Q13131|Q9NRA2_GEESTDRTP|0.0
Q13131|Q9NRA2_RISHYEKEY|0.0
Q13131|Q9NRA2_YEKEYILSS|0.0
Q13131|Q9NRA2_YILSSLRNQ|0.0
Q13131|Q9NRA2_LLPTYMKEI|0.0
Q13131|Q9P2U8_LGQIYRVLE|0.0
Q13131|Q9P2U8_MLIPSAARV|0.0
Q13131|Q9P2U8_ARVHYGCVI|0.0
Q13131|Q9P2U8_EERRYIEES|0.0
Q13131|Q9P2U7_ARVHYGCVI|0.0
Q13131|Q9BYT1_LLSASAWGS|0.0
Q13131|Q9BYT1_SAWGSITAV|0.001
Q13131|Q9BYT1_WGSITAVTP|0.0
Q13131|Q9BYT1_ITAVTPLLA|0.0
Q13131|P54219_RAMGTALGG|0.0
Q13131|P54219_APFGSVMYE|0.0
Q13131|P54219_GSVMYEFVG|0.0
Q13131|P54219_CPMETRMYA|0.0
Q13131|P54219_LGEDSDEEP|0.005
Q13131|Q05940_PPFGSVLYE|0.0
Q13131|Q05940_VQPESQKGT|0.0
Q13131|Q05940_SQKGTPLTT|0.0
Q13131|Q05940_GTPLTTLLK|0.0
Q13131|Q05940_TPLTTLLKD|0.0
Q13131|Q16572_VMFASTVLF|0.556
Q13131|Q16572_MFASTVLFA|0.385
Q13131|Q16572_LLTRSRSER|0.537
Q13131|Q16572_TRSRSERDV|0.36
Q13131|Q16572_PQGLYDAVR|0.319
Q13131|Q6NT16_MDAVSFAAA|0.0
Q13131|Q6NT16_MGLFYLLEY|0.0
Q13131|Q6NT16_YLLEYSRRK|0.0
Q13131|Q6NT16_RRKRSKSQN|0.004
Q13131|P41440_YLCFYGFMA|0.0
Q13131|P41440_FITPYLLGP|0.0
Q13131|P41440_GRCETSASE|0.0
Q13131|P41440_RCETSASEL|0.0
Q13131|P41440_SARVYNGAA|0.017
Q13131|P41440_WARWSKLLI|0.0
Q13131|P41440_QGLRSAAEE|0.0
Q13131|P41440_AQALSVQDK|0.0
Q13131|P41440_SPEDSLGAV|0.0
Q13131|P41440_VGPASLEQR|0.001
Q13131|P41440_EQRQSDPYL|0.0
Q13131|P41440_QSDPYLAQA|0.0
Q13131|O60779_PGPVSRRAA|0.001
Q13131|O60779_AAAATVLLR|0.0
Q13131|O60779_YAAIYNGGV|0.0
Q13131|O60779_AAAVYIMDT|0.0
Q13131|O60779_EDPQSSSQV|0.0
Q13131|O60779_SSQVTTS__|0.0
Q13131|Q9BZV2_TLAAYTAGS|0.0
Q13131|Q9BZV2_LAAYTAGSV|0.0
Q13131|Q9BZV2_KKSSSVNPV|0.0
Q13131|Q9BZV2_EQKPTSEIL|0.0
Q13131|P43005_LEKFYFAFP|0.0
Q13131|P43005_TTAISKNKT|0.0
Q13131|P43005_DTKKSYVNG|0.0
Q13131|P43005_FTQTSQF__|0.788
Q13131|P43003____MTKSNG|0.628
Q13131|P43003__MTKSNGEE|0.0
Q13131|P43003_VKYFSFPGE|0.0
Q13131|P43003_MKKPYQLIA|0.005
Q13131|P43007_KSNETNGYL|0.272
Q13131|P43007_KKLGSEGED|0.0
Q13131|P43007_PNCKSEEET|0.596
Q13131|P43007_PELESKESV|0.349
Q13131|P43007_ESKESVL__|0.91
Q13131|Q15758_LALASIEDQ|0.624
Q13131|Q15758_AAGGYCGSR|0.0
Q13131|Q15758_EVLDSFLDL|0.0
Q13131|Q15758_NIFPSNLVS|0.59
Q13131|P48664____MSSHGN|0.0
Q13131|P48664_SHGNSLFLR|0.0
Q13131|P48664_RLQESLQQR|0.38
Q13131|P48664_RALRTRLRL|0.0
Q13131|O00341_SGLASLDAK|0.019
Q13131|O00341_LTVAYYLWT|0.0
Q13131|Q8WUM9_EKKNSLKED|0.329
Q13131|Q8WUM9_ETKLSVGDI|0.68
Q13131|Q8WUM9_ERTVSFKLG|0.615
Q13131|Q8WUM9_SSGHYQYHT|0.0
Q13131|Q8WUM9_GHYQYHTVH|0.135
Q13131|Q8WUM9_DSGLYKELL|0.262
Q13131|Q8WUM9_RNNSYTSYT|0.303
Q13131|Q8WUM9_NSYTSYTMA|0.483
Q13131|Q8WUM9_SYTSYTMAI|0.024
Q13131|Q8WUM9_MPLDSFRAK|0.0
Q13131|Q8WUM9_PNADSKKRI|0.105
Q13131|Q8WUM9_IRMDSYTSY|0.718
Q13131|Q8WUM9_RMDSYTSYC|0.0
Q13131|Q8WUM9_MDSYTSYCN|0.0
Q13131|Q8WUM9_DSYTSYCNA|0.0
Q13131|Q8WUM9_SYTSYCNAV|0.0
Q13131|Q8WUM9_SDLHSASEI|0.488
Q13131|Q8WUM9_LHSASEIDM|0.054
Q13131|Q8WUM9_CKVGSVVSV|0.4
Q13131|Q08357_KVGETIRKG|0.0
Q13131|Q08357_ALSMTHGSV|0.33
Q13131|Q08357_MTHGSVKSP|0.014
Q13131|Q08357_GSVKSPISN|0.0
Q13131|Q08357_ISNGTFGFD|0.0
Q13131|Q08357_DGHVYHTVH|0.0
Q13131|Q08357_HVYHTVHKD|0.001
Q13131|Q08357_DSGLYKDLL|0.0
Q13131|Q08357_PAQESNYRL|0.0
Q13131|Q08357_RNNSYTCYT|0.0
Q13131|Q08357_SYTCYTAAI|0.0
Q13131|Q08357_YTCYTAAIC|0.0
Q13131|Q08357_PVHATFRAA|0.0
Q13131|Q08357_GDTVSYSKK|0.0
Q13131|Q08357_DTVSYSKKR|0.0
Q13131|Q08357_TVSYSKKRL|0.29
Q13131|Q08357_LRYDSYSSY|0.0
Q13131|Q08357_RYDSYSSYC|0.0
Q13131|Q08357_YDSYSSYCN|0.0
Q13131|Q08357_DSYSSYCNA|0.0
Q13131|Q08357_MKLASELAD|0.0
Q13131|Q08357_ALLMYGILP|0.0
Q13131|Q08357_GILPYV___|0.0
Q13131|O15245_LMAFSPNYM|0.0
Q13131|O15245_DSVLYQGLI|0.22
Q13131|Q63ZE4_SGALSIGQI|0.0
Q13131|Q63ZE4_WLIITNKLD|0.0
Q13131|Q9NSA0_STNMTPKAL|0.0
Q13131|Q9Y226_QKAASVNRR|0.351
Q13131|Q9Y226_VPEKTGPSG|0.0
Q13131|Q9Y226_KTGPSGNAL|0.005
Q13131|Q9Y226_FVSSTYF__|0.0
Q13131|Q9Y267_TELKSMTIL|0.06
Q13131|Q9Y267_LKSMTILVL|0.0
Q13131|Q9Y267_KDMKTKETS|0.0
Q13131|Q8IZD6_PRWLYSQGR|0.0
Q13131|Q8IZD6_EEALYLIAK|0.0
Q13131|Q86VW1_IGMKSRTWA|0.908
Q13131|Q86VW1_TIVRSLAVG|0.486
Q13131|Q86VW1_RLATTWEEA|0.004
Q13131|Q86VW1_KLLLTTNNS|0.671
Q13131|Q86VW1_TTNNSGLEK|0.519
Q13131|Q86VW1_TEAITPRDS|0.367
Q13131|Q8WUG5_LLPETKRKL|0.0
Q13131|Q8WUG5_CRRPSLLRQ|0.0
Q13131|Q96BI1_GPRASVFDL|0.0
Q13131|Q8N1D0_KASGTLAPL|0.0
Q13131|O15244_RYRRTVGIF|0.0
Q13131|O15244_VGIFYQVAY|0.0
Q13131|O15244_VHICSSMCD|0.0
Q13131|O15244_VYRLTNIWL|0.001
Q13131|O15244_LLPETKGKA|0.51
Q13131|A6NK97-2_CEPESRNGR|0.0
Q13131|A1A5C7_EKELSRRPK|0.0
Q13131|A1A5C7_DYYTTASIA|0.0
Q13131|A1A5C7_LIGKYSQHP|0.0
Q13131|A1A5C7_IGKYSQHPD|0.0
Q13131|A1A5C7_GMSDSVKDK|0.0
Q13131|A1A5C7_AAGDTLPEG|0.0
Q13131|Q8N4F4_ETLTTELVR|0.0
Q13131|Q6T423_EVLKSTMKQ|0.0
Q13131|Q6T423_VLKSTMKQE|0.0
Q13131|O75751_GILASICGG|0.0
Q13131|O75751_LLPETKGIA|0.0
Q13131|A6NKX4_RLGPTRAPA|0.7
Q13131|A6NKX4_LLALYLARL|0.0
Q13131|A6NKX4_FAEASGVGP|0.0
Q13131|Q9H015_YRLATIANF|0.542
Q13131|Q9H015_IANFSALGL|0.455
Q13131|Q9H015_TSTASRVGS|0.0
Q13131|O76082_YRLATIANF|0.899
Q13131|O76082_IANFSALGL|0.556
Q13131|O76082_GVSSTASRL|0.503
Q13131|O76082_SSTASRLGS|0.0
Q13131|O76082_SRLGSILSP|0.0
Q13131|Q4U2R8_QKELTMGKG|0.0
Q13131|Q4U2R8_KGQASAMEL|0.0
Q13131|Q9Y694_ALVGYLIRD|0.0
Q13131|Q8TCC7_ELYPTVIRQ|0.0
Q13131|Q9UHI7_TQHETTRDP|0.0
Q13131|Q9UHI7_TRDPSTPLP|0.0
Q13131|Q9UHI7_RDPSTPLPT|0.001
Q13131|Q9UHI7_TPLPTEPKF|0.554
Q13131|Q9UHI7_IPEDTPENT|0.0
Q13131|Q9UGH3_TEGKYEDEA|0.0
Q13131|Q9UGH3_LMAIYTTEN|0.616
Q13131|Q9UGH3_TLDSTGSLD|0.822
Q13131|Q9UGH3_KGNKSLDGM|0.484
Q13131|Q9UGH3_IIKKYRCFS|0.493
Q13131|Q9UGH3_PISPTFVGY|0.549
Q13131|Q9UGH3_SDEDSQATG|0.0
Q13131|Q9UGH3_DSQATG___|0.025
Q13131|O60721_RKEDTPTSS|0.0
Q13131|O60721_SRTLTYYTS|0.526
Q13131|O60721_RTLTYYTST|0.32
Q13131|O60721_TYYTSTSSR|0.031
Q13131|O60721_YTSTSSRQI|0.0
Q13131|O60721_TSTSSRQIV|0.0
Q13131|O60721_IVKKYTPTP|0.532
Q13131|O60721_VKKYTPTPR|0.0
Q13131|O60721_KYTPTPRGE|0.0
Q13131|O60721_KVKYTPSPR|0.0
Q13131|O60721_KYTPSPRGR|0.002
Q13131|O60721_LEDLSKPGD|0.0
Q13131|O60721_LKLPSLLTR|0.128
Q13131|O60721_PSLLTRGSS|0.0
Q13131|O60721_TRGSSSTSL|0.0
Q13131|O60721_AVTVTPAPV|0.044
Q13131|O60721_GEGETEEKS|0.0
Q13131|Q9UI40_KDIFSLEER|0.0
Q13131|Q9UI40_KLKYYDTMT|0.005
Q13131|Q9UI40_FLVVSVLLE|0.0
Q13131|Q9HC58_WSLSSLREQ|0.0
Q13131|Q9HC58_LVLMYLIYI|0.001
Q13131|Q9HC58_MYLIYIVIM|0.0
Q13131|Q9HC58_HRKASVIMV|0.688
Q13131|Q9HC58_KTRLSMASR|0.0
Q13131|Q8NFF2_ALRGTLRPL|0.0
Q13131|Q8NFF2_RLHLSEDVA|0.0
Q13131|Q8NFF2_VAGATFMAA|0.0
Q13131|Q8NFF2-3_NPVNSELEA|0.0
Q13131|Q71RS6_FINGSAPAE|0.0
Q13131|Q71RS6_AEVNSRGLT|0.0
Q13131|Q6J4K2_DFIRTNPDC|0.0
Q13131|Q6J4K2_PDCHSDGGY|0.0
Q13131|Q6J4K2_WALGYLGLY|0.0
Q13131|Q6J4K2_LYVFYVVTV|0.001
Q13131|P53007_AAPASGKAK|0.018
Q13131|P53007_IHDQTSPNP|0.022
Q13131|P53007_LKAFYKGTV|0.35
Q13131|P53007_VFVIYDEVV|0.0
Q13131|Q9UBX3_VAKGSQGPL|0.6
Q13131|Q9UBX3_GFVGTPADL|0.0
Q13131|Q02978__MAATASAG|0.0
Q13131|Q02978_RMQLSGEGA|0.0
Q13131|Q02978_REYKTSFHA|0.0
Q13131|Q02978_EYKTSFHAL|0.0
Q13131|Q02978_FHALTSILK|0.0
Q13131|Q02978_HALTSILKA|0.0
Q13131|Q02978_RLGIYTVLF|0.0
Q13131|Q02978_LGIYTVLFE|0.0
Q13131|Q02978_QRRGYKNVF|0.289
Q13131|Q02978_QLASYSQSK|0.0
Q13131|Q02978_LASYSQSKQ|0.37
Q13131|Q02978_SYSQSKQFL|0.0
Q13131|Q02978-2_TSPKSVKFL|0.0
Q13131|Q02978-2_LAGLSAGLL|0.0
Q13131|O75746_LFDKSGNGE|0.641
Q13131|O75746_GLDFSDIMV|0.009
Q13131|O75746_DIMVTIRSH|0.535
Q13131|O75746_DVEVTKEEF|0.0
Q13131|O75746_GELMYKNSF|0.0
Q13131|O75746_QRWFYIDFG|0.0
Q13131|O75746_YRLATATFA|0.0
Q13131|O75746_KFGLYLPKF|0.0
Q13131|O75746_PKFKSPSVA|0.15
Q13131|O75746_AVAATQ___|0.0
Q13131|Q9UJS0_KVALTKRAD|0.0
Q13131|Q9UJS0_IFGESQPNP|0.0
Q13131|Q9UJS0_QVSFSYFNG|0.0
Q13131|Q9UJS0_VSFSYFNGF|0.47
Q13131|Q9UJS0_DVEVTKEEF|0.0
Q13131|Q9UJS0_KPMGSEPVP|0.0
Q13131|Q9UJS0_KFGLYLPLF|0.0
Q13131|Q9UJS0_LFKPSVSTS|0.0
Q13131|Q9UJS0_PSVSTSKAI|0.043
Q13131|O95258_IANPTDVLK|0.0
Q13131|O95258_LYKGTVDGI|0.0
Q13131|Q9Y619_KSQNTVWSV|0.0
Q13131|P16260_LGVFSALRA|0.0
Q13131|P16260_VICTYPLDM|0.441
Q13131|P16260_FFGFYRGLM|0.493
Q13131|O43808_KGQHSTTGK|0.0
Q13131|O43808_GQHSTTGKD|0.0
Q13131|O43808_QHSTTGKDL|0.0
Q13131|O43808_WVVNTRLKL|0.0
Q13131|O43808_RTLGSLRNI|0.0
Q13131|O43808_LTAATFTVM|0.112
Q13131|Q9H1K4____MTHQDL|0.0
Q13131|Q9H1K4_GKAMYKGMI|0.002
Q13131|Q9H1K4_CLMKTARAE|0.509
Q13131|Q9H1K4_AQGVYFIGI|0.0
Q13131|Q9HC21__MVGYDPKP|0.539
Q13131|Q9HC21_RLSRSDPSA|0.022
Q13131|Q9HC21_RSDPSAKYH|0.451
Q13131|Q9HC21_EPKVYNTLR|0.005
Q13131|Q9HC21_GLAPTLIAI|0.379
Q13131|Q9HC21_AIFPYAGLQ|0.666
Q13131|Q9HC21_SKTLTYPLD|0.002
Q13131|Q9HC21_FKGLSPSLL|0.0
Q13131|Q9BXI2_CRLQTMYEM|0.0
Q13131|Q9BXI2_LQTMYEMEM|0.0
Q13131|Q9BXI2_GTLLSVVRN|0.0
Q13131|O43772_PKPISPLKN|0.0
Q13131|O43772_SGVFTTGIM|0.87
Q13131|O43772_IRGIYKGTV|0.0
Q13131|O43772_ASGMYFMTY|0.0
Q13131|O43772_YFMTYEWLK|0.0
Q13131|O43772_KNIFTPEGK|0.0
Q13131|O43772_GKRVSELSA|0.548
Q13131|Q9BQT8_STVGYARQI|0.0
Q13131|Q9H936_RSEGYFGMY|0.482
Q13131|Q9H936_YFGMYRGAA|0.0
Q13131|Q9BV35_IAPESAIKF|0.0
Q13131|Q9BV35_KFMAYEQIK|0.0
Q13131|Q9BV35_LAGATAQTI|0.0
Q13131|Q9BV35_WLQQYSHDS|0.0
Q13131|Q9BV35_LQQYSHDSA|0.0
Q13131|Q6NUK1_PDEFTEDEK|0.0
Q13131|Q6NUK1_YSGIYDCAK|0.754
Q13131|Q6NUK1_GIIPYAGID|0.0
Q13131|Q6NUK1_ELLKSYWLD|0.001
Q13131|Q6NUK1_LLKSYWLDN|0.489
Q13131|Q6NUK1_MLEGSPQLN|0.197
Q13131|Q6NUK1_YRGITPNFM|0.088
Q13131|Q6NUK1_AVGISYVVY|0.0
Q13131|Q6NUK1_VGISYVVYE|0.006
Q13131|Q6KCM7_CLCLYVPVI|0.0
Q13131|Q6KCM7_TEFQYFESK|0.0
Q13131|Q6KCM7_VFIPSQEFS|0.0
Q13131|Q6KCM7_SQEFSTYRQ|0.0
Q13131|Q6KCM7_QEFSTYRQW|0.0
Q13131|Q6KCM7_EFSTYRQWK|0.0
Q13131|Q6KCM7_IAPESAIKF|0.0
Q13131|Q6KCM7_KFMAYEQIK|0.0
Q13131|Q6KCM7_ALRKTGQYS|0.0
Q13131|Q6KCM7_KTGQYSGML|0.0
Q13131|Q6KCM7_TGQYSGMLD|0.0
Q13131|Q6KCM7_HILRTEGAF|0.0
Q13131|Q6KCM7-4_HFLASFFPR|0.0
Q13131|Q70HW3_GVWRSQGLA|0.0
Q13131|O95847____MSVPEE|0.0
Q13131|Q00325__MFSSVAHL|0.0
Q13131|Q00325_DLRSSSPGP|0.014
Q13131|Q00325_LRSSSPGPT|0.0
Q13131|Q00325_VEEQYSCDY|0.0
Q13131|Q00325_EEQYSCDYG|0.0
Q13131|Q00325_DPQKYKGIF|0.0
Q13131|Q00325_KFGFYEVFK|0.0
Q13131|Q00325_GEENTYLWR|0.0
Q13131|Q00325_EENTYLWRT|0.0
Q13131|Q00325_GYANTLRDA|0.0
Q13131|Q00325_VEALYKFVV|0.0
Q13131|Q00325_KEKGSSASL|0.0
Q13131|Q00325_EKGSSASLV|0.0
Q13131|Q00325-2_AVEEYSCEF|0.0
Q13131|Q5SVS4_IFFVTYEQL|0.0
Q13131|Q9H0C2_AVSKTAVAP|0.002
Q13131|Q9H0C2_SKQISPEAR|0.106
Q13131|Q9H0C2_PEARYKGMV|0.0
Q13131|Q9H0C2_NVIRYFPTQ|0.749
Q13131|Q9H0C2_RYFPTQALN|0.436
Q13131|Q9H0C2_AKRQYKGTL|0.009
Q13131|Q9H0C2_QYKGTLDCF|0.17
Q13131|Q9H2D1_GQGQSASGS|0.0
Q13131|Q9H2D1_GQSASGSSA|0.002
Q13131|Q9H2D1_TLCITNPLW|0.0
Q13131|Q9H2D1_PLWVTKTRL|0.0
Q13131|Q9H2D1_WVTKTRLML|0.0
Q13131|Q9H2D1_LMLQYDAVV|0.0
Q13131|Q9H2D1_AVVNSPHRQ|0.0
Q13131|Q9H2D1_PHRQYKGMF|0.0
Q13131|Q9H2D1_KIYKYEGVR|0.0
Q13131|Q9H2D1_QFMAYELLK|0.0
Q13131|Q9BSK2_GVAPSRAVY|0.426
Q13131|Q9BSK2_FITNSLMNP|0.894
Q13131|Q3KQZ1_DFLMSGLAA|0.001
Q13131|Q3KQZ1_ACVFTNPLE|0.0
Q13131|Q3KQZ1_EVVKTRMQL|0.0
Q13131|Q3KQZ1_QAPGTYQRH|0.0
Q13131|Q3KQZ1_APGTYQRHY|0.0
Q13131|Q3KQZ1_PALLYQFLM|0.0
Q13131|Q96CQ1_GVAPSRAIY|0.0
Q13131|Q96CQ1_KLLEYKTAS|0.0
Q13131|Q96CQ1_YKTASTMEN|0.0
Q13131|Q96CQ1_NDEESVKEA|0.0
Q13131|Q9NYZ2_MDGDSRDGG|0.0
Q13131|Q9NYZ2_YFACYENMK|0.0
Q13131|Q9NYZ2_GIAGSMATL|0.007
Q13131|Q9NYZ2_LGAFYRSYT|0.0
Q13131|Q9NYZ2_EFFKYFLTK|0.0
Q13131|Q9NYZ2_KYFLTKRQL|0.034
Q13131|Q96DW6_RGLFSGLTA|0.106
Q13131|Q96DW6_FSGLTATLL|0.001
Q13131|Q96DW6_IFKDYGLRG|0.673
Q13131|Q96DW6_ALRRTLMAA|0.957
Q13131|Q9BZJ4_AAVLTLPFD|0.0
Q13131|Q9BZJ4_KAAPSCAIM|0.0
Q13131|Q9BZJ4_AIMISTYEF|0.0
Q13131|Q9BZJ4_IMISTYEFG|0.0
Q13131|P12235_DHAWSFLKD|0.967
Q13131|P12235_AAAVSKTAV|0.715
Q13131|P12235_AVSKTAVAP|0.514
Q13131|P12235_VQHASKQIS|0.978
Q13131|P12235_NVIRYFPTQ|0.885
Q13131|P12235_RYFPTQALN|0.581
Q13131|P12235_QFWRYFAGN|0.064
Q13131|P12235_GNLASGGAA|0.52
Q13131|P12235_DFARTRLAA|0.902
Q13131|P12235_KIFKSDGLR|0.76
Q13131|P12235_LRGLYQGFN|0.592
Q13131|P12235_GIIIYRAAY|0.54
Q13131|P12235_GVYDTAKGM|0.321
Q13131|P12235_MMMQSGRKG|0.939
Q13131|P12235_KGAWSNVLR|0.989
Q13131|Q8TBP6_LYEPTFMIN|0.0
Q13131|Q8TBP6_MINFTSGAL|0.0
Q13131|Q8N5S1_AIKFSVFEQ|0.0
Q13131|Q8N5S1_AGGISYVVY|0.0
Q13131|Q8N5S1-2_GGGCSEPRS|0.0
Q13131|Q86VD7_RQVLSSLLS|0.824
Q13131|Q86VD7_QVLSSLLSG|0.758
Q13131|Q86VD7_SSLLSGALA|0.658
Q13131|Q86VD7_RILGSYYGF|0.169
Q13131|Q86VD7_RRMQTAGVT|0.506
Q13131|Q86VD7_GVTGYPRAS|0.448
Q13131|Q8WUT9_VVLFTDDLG|0.0
Q13131|Q8WUT9_WNGLTANLL|0.0
Q13131|Q8WUT9_GYILSPLSY|0.0
Q13131|Q8WUT9_LSPLSYKLT|0.0
Q13131|Q8WUT9_SPLSYKLTP|0.0
Q13131|Q96H78_LRGFYRGYV|0.0
Q13131|Q96H78_VGYESLKKL|0.0
Q13131|Q96H78_ELVDSRHW_|0.0
Q13131|Q96AG3_WGEKSPPYG|0.159
Q13131|Q96AG3_KSPPYGVPT|0.0
Q13131|Q96AG3_YEGPTEEPF|0.0
Q13131|Q96AG3_HAQHYHLTP|0.475
Q13131|Q96AG3_INIMYSFNK|0.597
Q13131|Q96AG3_NIMYSFNKT|0.205
Q13131|Q96AG3_KSLTYVVAM|0.004
Q13131|Q6ZT89-3_AGVVSVGLG|0.0
Q13131|P05141_AAAISKTAV|0.968
Q13131|P05141_AISKTAVAP|0.056
Q13131|P05141_VQHASKQIT|0.889
Q13131|P05141_QGVLSFWRG|0.596
Q13131|P05141_NVIRYFPTQ|0.762
Q13131|P05141_QFWLYFAGN|0.074
Q13131|P05141_GNLASGGAA|0.485
Q13131|P05141_DFARTRLAA|0.848
Q13131|P05141_KIYKSDGIK|0.843
Q13131|P05141_GIYDTAKGM|0.43
Q13131|P05141_YPFDTVRRR|0.023
Q13131|P05141_MMMQSGRKG|0.901
Q13131|P05141_GRKGTDIMY|0.877
Q13131|P05141_DIMYTGTLD|0.511
Q13131|P05141_MYTGTLDCW|0.29
Q13131|P05141_KGAWSNVLR|0.982
Q13131|P05141_EIKKYT___|0.12
Q13131|P12236_AAAISKTAV|0.999
Q13131|P12236_AISKTAVAP|0.538
Q13131|P12236_VQHASKQIA|0.994
Q13131|P12236_ADKQYKGIV|0.284
Q13131|P12236_QGVLSFWRG|0.812
Q13131|P12236_NVIRYFPTQ|0.96
Q13131|P12236_RYFPTQALN|0.704
Q13131|P12236_QFWRYFAGN|0.322
Q13131|P12236_GNLASGGAA|0.585
Q13131|P12236_DFARTRLAA|0.944
Q13131|P12236_GKSGTEREF|0.819
Q13131|P12236_YFGVYDTAK|0.854
Q13131|P12236_GVYDTAKGM|0.416
Q13131|P12236_GVVSYPFDT|0.488
Q13131|P12236_MMMQSGRKG|0.968
Q13131|P12236_KGAWSNVLR|0.996
Q13131|Q9H2B4_LSDRYRHRL|0.0
Q13131|Q9H2B4_LWRMSPADA|0.0
Q13131|Q8NG04_ASLMSAPKS|0.0
Q13131|Q86WA9__MPSSVTAL|0.212
Q13131|Q86WA9_ALEVSPPRC|0.0
Q13131|P50443_EGNDSYPSG|0.0
Q13131|P50443_GNDSYPSGI|0.0
Q13131|P50443_DSYPSGIHL|0.606
Q13131|P50443_LQRESSTDF|0.008
Q13131|P50443_QRESSTDFK|0.025
Q13131|P50443_RESSTDFKQ|0.0
Q13131|P50443_QCRPYHRIL|0.0
Q13131|P50443_SQAKYLLGL|0.0
Q13131|P50443_ENYNSSIAG|0.0
Q13131|P50443_NYNSSIAGH|0.0
Q13131|P50443_VAPLYYINK|0.0
Q13131|P50443_APLYYINKE|0.0
Q13131|P50443_KSALYKQTV|0.0
Q13131|P50443_LYKQTVNPI|0.0
Q13131|P50443_PNGLSLSSD|0.0
Q13131|P50443_GLSLSSD__|0.0
Q13131|P50443_LSLSSD___|0.0
Q13131|P40879_AVGFSPLRI|0.0
Q13131|P40879_RNRVYEVPV|0.0
Q13131|O43511_SRHISVGPF|0.0
Q13131|O43511_FPVVSLMVG|0.0
Q13131|O43511_PLQKSVLAA|0.0
Q13131|O43511_NGLGSIPST|0.0
Q13131|O43511_GSIPSTDIY|0.0
Q13131|P58743_KTKRYSGIF|0.001
Q13131|P58743_SMAKTLANK|0.406
Q13131|P58743_GEVKYPPIV|0.0
Q13131|Q9BXS9_SMSRSLVQE|0.0
Q13131|Q9BXS9_GAISSLFIL|0.0
Q13131|Q9BXS9_MQVSSGDKM|0.0
Q13131|Q9BXS9-3_EDMRSNNVE|0.0
Q13131|Q8TE54____MTGAKR|0.0
Q13131|Q8TE54_SMLWSKMHT|0.0
Q13131|Q8TE54_SQVKYLLGM|0.0
Q13131|Q96RN1_DVAESQGRR|0.407
Q13131|Q96RN1_RYKMSSSFL|0.098
Q13131|Q96RN1_SFLGSQKNV|0.0
Q13131|Q7LBE3_DMIGTAFSL|0.255
Q13131|Q7LBE3_PLPKSVLGA|0.337
Q13131|Q7LBE3_VNPKTYNRA|0.508
Q13131|Q7LBE3_NPKTYNRAQ|0.218
Q13131|Q7LBE3_ELSLYDSEE|0.0
Q13131|Q6PCB7_DRLFYIYTS|0.007
Q13131|Q6PCB7_LFYIYTSGT|0.001
Q13131|Q6PCB7_VHSRYYRMA|0.0
Q13131|Q6PCB7_HSRYYRMAA|0.0
Q13131|Q6PCB7_DGYVSESAT|0.055
Q13131|Q6PCB7_DELGYMYFR|0.0
Q13131|O14975_VLLVSPELQ|0.0
Q13131|O14975_DCRKYNVTV|0.221
Q13131|O14975_KKIITYDLI|0.0
Q13131|O14975_IGMASIKMK|0.0
Q13131|O14975_TAKMYVPMT|0.0
Q13131|O14975_TEDIYNAIS|0.0
Q13131|Q5K4L6_SRRFSYSEA|0.0
Q13131|Q5K4L6_RFSYSEAER|0.0
Q13131|Q5K4L6_AAAGSGAEF|0.0
Q13131|Q5K4L6_VGRASWLYK|0.0
Q13131|Q5K4L6_TTARYSALL|0.0
Q13131|Q6P1M0_LLGASLVGV|0.13
Q13131|Q6P1M0_QERRTVPIL|0.073
Q13131|Q6P1M0_ILFASTVRR|0.006
Q13131|Q6P1M0_LHCLTTSRA|0.025
Q13131|Q6P1M0_DKLFYIYTS|0.035
Q13131|Q6P1M0_LFYIYTSGT|0.22
Q13131|Q6P1M0_VHSRYYRMA|0.004
Q13131|Q6P1M0_HSRYYRMAA|0.07
Q13131|Q6P1M0_TNFSSRFHI|0.5
Q13131|Q6P1M0_SRILSFVYP|0.0
Q13131|Q6P1M0_VNEDTMELI|0.008
Q13131|Q6P1M0_RFDGYLNQG|0.507
Q13131|Q6P1M0_AAVASPTGN|0.006
Q13131|Q6P1M0_ELPLYARPI|0.0
Q13131|Q9Y2P5_VLQMSKMLS|0.26
Q13131|Q9Y2P5_PRELSERKL|0.0
Q13131|Q9Y2P5_GEKLYQHVR|0.0
Q13131|Q9Y2P4_RLKKYEKRG|0.0
Q13131|Q9Y2P4_GELVTVLDK|0.0
Q13131|Q9Y2P4_EGDIYTYQD|0.0
Q13131|Q9Y2P4_GLLISRVNA|0.0
Q13131|Q9Y2P4_YVLLTRELY|0.0
Q13131|Q9Y2P4_TRELYDQIM|0.0
Q13131|O00337_RRRESISLT|0.471
Q13131|O00337_RESISLTPV|0.0
Q13131|O00337_RSDLSPAEI|0.001
Q13131|O00337_GVKLTYGDA|0.059
Q13131|O00337_VKLTYGDAQ|0.0
Q13131|O43868_GPSTYQRRS|0.001
Q13131|O43868_ALASSKLAY|0.0
Q13131|Q9HAS3_AEGYSNVGF|0.0
Q13131|Q9HAS3_ENENTSGNN|0.0
Q13131|Q9HAS3_NENTSGNNS|0.0
Q13131|Q9HAS3_SGNNSIRSR|0.0
Q13131|Q9HAS3_VEQDSPRNR|0.0
Q13131|Q9HAS3_LLAGYLVMV|0.0
Q13131|Q9HAS3_VMVISACVL|0.0
Q13131|Q9HAS3_GGNHSLYSL|0.0
Q13131|Q9HAS3_NHSLYSLKG|0.0
Q13131|Q99808_DAQASAAPA|0.0
Q13131|Q99808_GEQETKLDL|0.784
Q13131|Q99808_GKEESGVSV|0.483
Q13131|Q99808_GVSVSNSQP|0.753
Q13131|Q14542_GAGNSTARI|0.03
Q13131|Q14542_ELLQSDENG|0.231
Q13131|Q14542_NGIPSSPQK|0.0
Q13131|Q14542_FPAITAMVT|0.0
Q13131|Q14542_MVTSSTSPG|0.0
Q13131|Q14542_PQDAYFITF|0.0
Q13131|Q14542_VSNGYLVSL|0.0
Q13131|Q9BZD2_VKVDTSSWT|0.0
Q13131|Q9BZD2_VFFITSLIY|0.645
Q13131|Q7RTT9_LPKRYTQGV|0.003
Q13131|Q7RTT9_PKRYTQGVM|0.0
Q13131|Q7RTT9_APNESPKDS|0.0
Q13131|Q7RTT9_SPKDSPAHE|0.0
Q13131|Q7RTT9_SGGAYMRFD|0.0
Q13131|Q8TDB8_RLWGTQDVS|0.752
Q13131|Q8TDB8_SARMSQEKQ|0.0
Q13131|Q8TDB8_AGRRTLHMI|0.0
Q13131|Q8TDB8_LMTVSLLLK|0.553
Q13131|Q8TDB8-2_RQNVTPALI|0.0
Q13131|Q9NR83_LSSLTPVSP|0.0
Q13131|Q9NR83_QGCLTPARL|0.0
Q13131|Q9Y6M5_LVANTSNSN|0.0
Q13131|Q9Y6M5_GSKSSVVPC|0.0
Q13131|Q9Y6M5_QCCGTLPQA|0.601
Q13131|Q9Y6M5_DAEKTPAVS|0.0
Q13131|Q9Y6M5_TPAVSISCL|0.451
Q13131|Q9Y6M5_AVSISCLEL|0.876
Q13131|Q9Y6M5_CLELSNNLE|0.001
Q13131|Q6XR72_TAPGSDSAV|0.0
Q13131|Q6XR72_PGSDSAVTL|0.0
Q13131|Q6XR72_DSAVTLRGT|0.53
Q13131|Q6XR72_LLCNSPCIS|0.251
Q13131|Q6XR72_EDQCYVNRT|0.299
Q13131|Q9BRI3_PATKTMNFG|0.097
Q13131|Q99726_GGLETTRLV|0.33
Q13131|O14863_KRLKSMLRK|0.001
Q13131|O14863_TYVFSLLVA|0.455
Q13131|O14863_IQLQSYRQE|0.505
Q13131|Q8TAD4_MEEKYGGDV|0.0
Q13131|Q8TAD4_SARLTKYIV|0.0
Q13131|Q8TAD4_RLTKYIVLL|0.0
Q13131|Q8TAD4_LLCFTKFLK|0.0
Q13131|Q8TAD4_NILSSPSKR|0.0
Q13131|Q8TAD4_SPEGTPLYN|0.0
Q13131|Q8TAD4_ESMKYCKDG|0.0
Q13131|Q8TAD4_CKDGTYIM_|0.0
Q13131|Q8TAD4_KDGTYIM__|0.0
Q13131|Q8TAD4-3_GKTITKHQI|0.0
Q13131|Q8TAD4-3_QIIGSLKIP|0.0
Q13131|Q6NXT4_ILKESAERF|0.0
Q13131|Q6NXT4_PVTSTPAKP|0.441
Q13131|Q6NXT4_PPEFSFNTP|0.09
Q13131|Q6PML9_FLGNTKPRS|0.053
Q13131|Q6PML9_SRTASVFFK|0.0
Q13131|O15431__MDHSHHMG|0.0
Q13131|O15431_HMGMSYMDS|0.0
Q13131|O15431_MGMSYMDSN|0.042
Q13131|O15431_IRYNSMPVP|0.0
Q13131|O15432_PTSISQQTI|0.0
Q13131|O15432_TDGDSAGSD|0.0
Q13131|O15432_DSAGSDSFP|0.0
Q13131|Q9H598_ATSVSNKSQ|0.0
Q13131|Q9H598_VSNKSQAKM|0.0
Q13131|Q9H598_PLPPSGSKD|0.0
Q13131|Q9H598_PPSGSKDQV|0.486
Q13131|Q9H598_KVKFYIDVK|0.0
Q13131|Q9H598_LVVFTLLMA|0.013
Q13131|Q9H598_GLTGSLTGA|0.0
Q13131|O00400__MSPTISHK|0.0
Q13131|O00400_VDAVYVKNF|0.0
Q13131|O00400_KIGFSAADA|0.0
Q13131|O00400_ADAVTGLKL|0.0
Q13131|O00400_PLIISKYTA|0.0
Q13131|O00400_DEGSSSWKC|0.0
Q13131|Q06495__MLSYGERL|0.494
Q13131|Q06495_SVITSIATG|0.0
Q13131|O95436_NPDKYLEGA|0.0
Q13131|O95436_LLPSYSTAT|0.0
Q13131|O95436_YSTATLIDE|0.0
Q13131|O95436_ILLWYPIPF|0.001
Q13131|O95436_PIPFTRLPI|0.0
Q13131|O95436_FDNITISRE|0.228
Q13131|Q8N130_LGSLYFFIC|0.0
Q13131|Q8N130_LVQSSSTSS|0.0
Q13131|Q8N130_LERLSELAL|0.0
Q13131|Q8N130_LGAASLTPR|0.0
Q13131|Q8N130_AALASPADR|0.0
Q13131|Q8N130_FGVVTARYR|0.0
Q13131|Q8N130_CNVCSPPKA|0.0
Q13131|Q8N130_PPKATTKEA|0.0
Q13131|Q8N130_PKATTKEAY|0.0
Q13131|P78381_ILKGSSGSV|0.0
Q13131|P78381_LKGSSGSVW|0.0
Q13131|Q9Y2D2_KLGVYQWLS|0.0
Q13131|Q9Y2D2_YQWLSLVIL|0.0
Q13131|Q9Y2D2_WPSDSQLDS|0.0
Q13131|Q9Y2D2_ILKETKQSV|0.0
Q13131|Q9Y2D2-2_RSVLSPVVG|0.0
Q13131|Q96G79_YLQRYMDPS|0.0
Q13131|Q9BS91_LSTMYTFLL|0.0
Q13131|Q9BS91_STMYTFLLG|0.0
Q13131|Q9BS91_ARVFSHIRL|0.0
Q13131|Q9BS91_QCFISSMAN|0.0
Q13131|Q9BS91_GLQRSNRDQ|0.005
Q13131|Q9BS91_WERSSGDGE|0.0
Q13131|Q9BS91_SDEDTF___|0.0
Q13131|P78383-2_RLELSPPPP|0.0
Q13131|P78383-2_VPVVSGSPV|0.0
Q13131|P78383-2_VVSGSPVGS|0.0
Q13131|P78383-2_QWVGTVLVF|0.0
Q13131|Q8TB61_ERVMTRSYG|0.097
Q13131|Q8TB61_VMTRSYGAT|0.546
Q13131|Q8TB61_LKFVSFPTQ|0.095
Q13131|Q9H1N7_NSRKYISIT|0.0
Q13131|Q9H1N7_YISITVPSK|0.0
Q13131|Q9H1N7_TQTMSPHIK|0.0
Q13131|Q9H1N7_PHIKSVDDV|0.0
Q13131|Q9H1N7_LPSLYDLIN|0.0
Q13131|Q969S0_IFQETLYKR|0.0
Q13131|Q969S0_FGKHSKEAL|0.0
Q13131|Q96A29_PEEPSPKDS|0.009
Q13131|Q9NQQ7_DVGLSNWSF|0.36
Q13131|Q9NQQ7_LSNWSFLYV|0.468
Q13131|Q9NQQ7_WSFLYVTVS|0.409
Q13131|Q9NQQ7_TMTKSSAVL|0.529
Q13131|Q9NQQ7_MTKSSAVLF|0.674
Q13131|Q9NQQ7_EEEEYFVAQ|0.0
Q13131|Q9NTN3_LPLLYFGNQ|0.0
Q13131|Q5M8T2_QCLTSSTAA|0.0
Q13131|Q5M8T2_KQSNYEDLE|0.0
Q13131|Q5M8T2_EVRGSPRGV|0.0
Q13131|Q5M8T2_VAGSSEEGS|0.0
Q13131|Q5M8T2_LKDAYLEVW|0.0
Q13131|Q5M8T2_EELPSP___|0.0
Q13131|Q96K37_GAASSSGGA|0.0
Q13131|Q96K37_AASSSGGAR|0.0
Q13131|Q96K37_LGMMTAILG|0.005
Q13131|Q96K37_GVFLYNKTK|0.0
Q13131|Q96K37_LPVTTADLS|0.0
Q13131|Q96K37_TADLSSKER|0.001
Q13131|Q96K37_QHGDYQYGR|0.0
Q13131|Q96K37_GDYQYGRNN|0.0
Q13131|Q96K37_NNILTDHFQ|0.0
Q13131|Q96K37_DHFQYSRQS|0.0
Q13131|Q96K37_HFQYSRQSY|0.0
Q13131|Q96K37_YSRQSYPNS|0.0
Q13131|Q96K37_SRQSYPNSY|0.0
Q13131|Q96K37_SYPNSYSLN|0.0
Q13131|Q96K37_YPNSYSLNR|0.0
Q13131|Q96K37_PNSYSLNRY|0.0
Q13131|Q96K37_SLNRYDV__|0.017
Q13131|P0CK97_LVPGSEEKP|0.0
Q13131|P0CK97_PKGRSPLSW|0.0
Q13131|P0CK97_LSWGSLFGH|0.0
Q13131|P0CK97_NFLMTMLFV|0.001
Q13131|P0CK97_LGLVSLKNV|0.0
Q13131|P0CK96_LVPGSEEKP|0.0
Q13131|P0CK96_PKGRSPLSW|0.0
Q13131|P0CK96_RSPLSWGSL|0.0
Q13131|P0CK96_LSWGSLFGH|0.0
Q13131|P0CK96_NFLMTMLFV|0.0
Q13131|P0CK96_LGLVSLKNV|0.0
Q13131|P0CK96_KKLLSGDKY|0.0
Q13131|P0CK96_SGDKYRFSA|0.0
Q13131|P0CK96_TALVTVGVL|0.0
Q13131|P0CK96_GVLLYNKAR|0.0
Q13131|Q7Z769_GILAYTHFK|0.0
Q13131|Q7Z769_ILAYTHFKL|0.0
Q13131|Q6ICL7_WPPGSPQAL|0.0
Q13131|Q5T1Q4_EMLISVALG|0.0
Q13131|Q5T1Q4_LEANYLVVK|0.0
Q13131|Q5T1Q4_PSVTYTSLG|0.0
Q13131|Q8IY50_FFPLYYVGH|0.0
Q13131|Q8IY50_FPLYYVGHV|0.0
Q13131|Q8IY50_GVLWTLTNY|0.001
Q13131|Q8IY50_LVVASASMS|0.0
Q13131|Q8IY50_AADLSSGPQ|0.0
Q13131|Q8IY50_SGPQSKNRR|0.0
Q13131|Q8IY50-2_PRGKSIAVG|0.0
Q13131|Q8IY50-2_GMRRSPDVS|0.0
Q13131|Q8IY50-2_SPDVSPRRL|0.0
Q13131|Q8IY50-2_PRRLSDISP|0.0
Q13131|Q8IY50-2_LSDISPQLR|0.0
Q13131|Q8WV83_EAKLSRMSY|0.0
Q13131|Q8N357_LAEESEQER|0.451
Q13131|Q8N357_LLGGTRTPI|0.571
Q13131|Q8N357_INDAS____|0.0
Q13131|Q7Z2H8____MSTQRL|0.0
Q13131|Q7Z2H8___MSTQRLR|0.0
Q13131|Q7Z2H8_RNEDYHDYS|0.0
Q13131|Q7Z2H8_DYHDYSSTD|0.001
Q13131|Q495M3_VTKSTEGPQ|0.0
Q13131|Q495M3_VTSLYIGMA|0.315
Q13131|Q495M3_AALGYLRFG|0.0
Q13131|Q495N2-3_VAGIYRYTV|0.0
Q13131|Q6YBV0_EAAATPAAA|0.0
Q13131|Q6YBV0_NFDGTSDEE|0.394
Q13131|Q6YBV0_FDGTSDEEH|0.0
Q13131|Q6YBV0_AMEVSPWSC|0.0
Q13131|Q6YBV0_VSPWSCLQK|0.0
Q13131|Q6YBV0_DIVISFVGA|0.0
Q13131|Q6YBV0_VSSSTLALI|0.0
Q13131|Q6YBV0_ILTFSKEHY|0.0
Q13131|P57057_TFLLYASFH|0.0
Q13131|P57057_CLLLSDGKG|0.021
Q13131|Q8TED4_HQNCSEQIK|0.0
Q13131|Q8NCC5-3_RAKETGSHI|0.0
Q13131|Q8NCC5-3_IEGVTGARE|0.0
Q13131|Q8NCC5-3_NLGLSRSSS|0.0
Q13131|O43826_AILSTSMNL|0.0
Q13131|O43826_ILSTSMNLA|0.0
Q13131|Q9H2H9_SKFISDRES|0.153
Q13131|Q9H2H9_GCMVYEKLG|0.001
Q13131|Q9H2H9_ADTCTPKYV|0.001
Q13131|Q9HBR0_PLPDSEREK|0.0
Q13131|Q9HBR0_NQAASQLEE|0.0
Q13131|Q9HBR0_SLEHSEGPV|0.085
Q13131|Q9HBR0_RAAGTVKEL|0.0
Q13131|Q9HBR0_FPGQSQDVT|0.0
Q13131|Q9HBR0_EVAATGTSI|0.0
Q13131|Q9HBR0_QVVHSRQLR|0.0
Q13131|Q08AI6_IAMISYNII|0.0
Q13131|Q08AI6_AMISYNIIA|0.0
Q13131|Q96QD8_FNYSYPTKQ|0.0
Q13131|Q96QD8_GSLLYEQLG|0.0
Q13131|Q96QD8_RNLGYLGYT|0.19
Q13131|Q96QD8_GYLGYTSGL|0.069
Q13131|Q96QD8_YLGYTSGLS|0.0
Q13131|Q96QD8_LKDRSRRRM|0.69
Q13131|Q96QD8_MMNVSKISF|0.0
Q13131|Q99624_FLQKSPSKE|0.007
Q13131|Q99624_ALAITLQNI|0.0
Q13131|Q99624_GAMSSYLYI|0.122
Q13131|Q99624_AMSSYLYII|0.0
Q13131|Q99624_IAVMYIMYF|0.0
Q13131|Q969I6_PDDESSSGE|0.024
Q13131|Q969I6_DDESSSGES|0.462
Q13131|Q969I6_DESSSGESA|0.008
Q13131|Q969I6_SSGESAPDS|0.425
Q13131|Q969I6_SAPDSYIGI|0.024
Q13131|Q969I6_APDSYIGIG|0.447
Q13131|Q969I6_GIGNSEKAA|0.455
Q13131|Q969I6_QKFLTNGFL|0.766
Q13131|Q969I6_FMMDYTHRN|0.773
Q13131|Q969I6_MMDYTHRNP|0.282
Q13131|Q969I6_SLHDSGVEY|0.476
Q13131|Q969I6_SGVEYEAHS|0.449
Q13131|Q969I6_LVAVTLTVP|0.479
Q13131|Q969I6_TSVITLLFP|0.024
Q13131|Q969I6_KRPFSWIRH|0.022
Q13131|Q969I6_ILVPTIKYI|0.396
Q13131|Q969I6_PTIKYIFGF|0.01
Q13131|Q969I6_ASSATMLIF|0.608
Q13131|Q8WUX1_PAPGSKPVQ|0.601
Q13131|Q8IZM9-2_GLILSHRLA|0.0
Q13131|Q8IZM9-2_TGRDTMEMC|0.0
Q13131|Q8IZM9-2_MEMCTQRKG|0.0
Q13131|Q9NVC3_INNDYSEWD|0.0
Q13131|Q9NVC3_ILPLSIPRE|0.0
Q13131|A6NNN8_ILPLSAPRE|0.0
Q13131|Q8NBW4_ANMNSDSRH|0.468
Q13131|Q8NBW4_QFEPSDLRS|0.011
Q13131|Q8NBW4_SDLRSKRPF|0.0
Q13131|Q8NBW4_KRIHYYSRL|0.251
Q13131|Q8NBW4_RIHYYSRLT|0.0
Q13131|Q8NBW4_IHYYSRLTT|0.11
Q13131|Q8NBW4_PEECYVYSP|0.0
Q13131|Q8NBW4_CYVYSPLGS|0.0
Q13131|Q8NBW4_LGSAYKLQS|0.409
Q13131|Q8NBW4_LNFKSPSFF|0.0
Q13131|Q8NBW4_FKSPSFFSK|0.0
Q13131|Q8NBW4_PSFFSKFNI|0.0
Q13131|Q8NBW4_LGTVSVLYL|0.574
Q13131|Q8NBW4_VSVLYLIFL|0.0
Q13131|Q9ULF5_HRGMTELEP|0.0
Q13131|Q9ULF5_ELEPSKFSK|0.0
Q13131|Q9ULF5_PSKFSKQAA|0.0
Q13131|Q9ULF5_NAIISLRKD|0.0
Q13131|Q9ULF5_NTEESTIGR|0.0
Q13131|Q9ULF5_TEESTIGRK|0.007
Q13131|Q9ULF5_NTPDSDWLQ|0.0
Q13131|Q9ULF5_ETELTDLEG|0.041
Q13131|Q9ULF5_PPKNYLCIE|0.0
Q13131|Q8N1S5_MKKKSDPEG|0.817
Q13131|Q8N1S5_LSDKSENGE|0.751
Q13131|Q8N1S5-2_RIDKSENGE|0.0
Q13131|Q504Y0_SNKEYKFYL|0.0
Q13131|Q96H72_PALRSRGTA|0.0
Q13131|Q96H72_RSRGTATAC|0.0
Q13131|Q96H72_RGTATACRL|0.0
Q13131|Q15043_GDLFTAHNF|0.853
Q13131|Q15043_AHNFSEQSR|0.54
Q13131|Q15043_FSEQSRIGS|0.0
Q13131|Q15043_HHGHSHYAS|0.237
Q13131|Q15043_GHSHYASES|0.0
Q13131|Q15043_SHYASESLP|0.1
Q13131|Q15043_VIVGSLSVQ|0.991
Q13131|Q15043_VGSLSVQDL|0.996
Q13131|Q9BRY0_GHALYVEPH|0.0
Q13131|Q9BRY0_GHGPSLSVQ|0.441
Q13131|Q9BRY0_VQGLSRASP|0.262
Q13131|Q9BRY0_SMARSAMPL|0.0
Q13131|Q9BRY0-2_TLMPSSVKA|0.0
Q13131|Q9BRY0-2_LMPSSVKAL|0.0
Q13131|Q6P5W5_PKALTPGLS|0.0
Q13131|Q6ZMH5_WVGGSVPNL|0.001
Q13131|Q6ZMH5_GPGLSVLGG|0.0
Q13131|Q6ZMH5_PENGSGMAL|0.0
Q13131|Q13433_NNSLSVEGF|0.0
Q13131|Q13433_SEVTSTVYN|0.0
Q13131|Q13433_TSTVYNTVS|0.0
Q13131|Q13433_SHLSSQNIE|0.0
Q13131|Q13433_QLSKYESQL|0.0
Q13131|Q13433_SKYESQLST|0.001
Q13131|Q13433_EKVDTDDRT|0.0
Q13131|Q13433_TDDRTEGYL|0.0
Q13131|Q13433_RTEGYLRAD|0.0
Q13131|Q13433_PQEVYNEYV|0.0
Q13131|Q13433_VYNEYVPRG|0.0
Q13131|Q13433_SQRYSREEL|0.0
Q13131|Q92504_ALGATVLIS|0.0
Q13131|Q9C0K1_FDNVSVVSL|0.299
Q13131|Q9C0K1_VSVVSLQDG|0.597
Q13131|Q07837_SKRDSIEMS|0.0
Q13131|Q07837_KYTDYYIWH|0.0
Q13131|Q07837_WHDCTHENG|0.0
Q13131|Q07837_MDQYSTEPG|0.0
Q13131|Q07837_LGNQYVNVM|0.0
Q13131|P08195_MNAASGAAM|0.956
Q13131|P08195_AAKFTGLSK|0.395
Q13131|P08195_KVAGSPGWV|0.097
Q13131|P08195_GWVRTRWAL|0.869
Q13131|P08195_GRLDYLSSL|0.299
Q13131|P08195_EDFDSLLQS|0.494
Q13131|P08195_SLLQSAKKK|0.899
Q13131|P08195_ILDLTPNYR|0.287
Q13131|P08195_RGENSWFST|0.552
Q13131|P08195_NSWFSTQVD|0.0
Q13131|P08195_SWFSTQVDT|0.0
Q13131|P08195_LLLTSSYLS|0.0
Q13131|P08195_LLTSSYLSD|0.001
Q13131|P08195_LTSSYLSDS|0.621
Q13131|P08195_ARLLTSFLP|0.741
Q13131|P08195_RLLTSFLPA|0.084
Q13131|P08195_VKGQSEDPG|0.016
Q13131|P08195_EDPGSLLSL|0.448
Q13131|P08195_GSLLSLFRR|0.737
Q13131|P08195_DLLLSTQPG|0.672
Q13131|Q9NP59_SLADYLTSA|0.051
Q13131|Q9NP59_GWVSYYNQP|0.0
Q13131|Q9NP59_WVSYYNQPV|0.003
Q13131|Q9NP59_GHIMYFRFA|0.578
Q13131|Q8IVJ1_NGSQSNESD|0.0
Q13131|Q8IVJ1_QSNESDDVS|0.0
Q13131|Q8IVJ1_PAPPSPLKE|0.0
Q13131|Q96JW4_NLLLSMVPV|0.001
Q13131|Q96JW4_KYDDYANYN|0.027
Q13131|Q96JW4_DYANYNYCD|0.0
Q13131|Q96JW4_ANYNYCDGR|0.0
Q13131|Q96JW4_EDISSDGDE|0.0
Q13131|Q96JW4_NLEMTLASR|0.0
Q13131|Q96JW4_SRLSTAVNI|0.001
Q13131|Q96GZ6_RRLDSCGKP|0.0
Q13131|Q96GZ6_PHPLSTGGL|0.422
Q13131|Q96GZ6_HPLSTGGLP|0.0
Q13131|Q96GZ6_SQSVTPKPL|0.0
Q13131|O75387_NEGFYSSTC|0.0
Q13131|O75387_DHKVTGDLF|0.011
Q13131|O75387_GDLFYTHVT|0.001
Q13131|O75387_THVTTMGQR|0.543
Q13131|O75387_LEDGSDAFM|0.0
Q13131|O75387_VRGTSENLP|0.0
Q13131|O75387_PLRKSLCSP|0.0
Q13131|O75387_RIIFYMAAV|0.55
Q13131|O75387_AFTLTNLLL|0.0
Q13131|O75387_GSEVTA___|0.0
Q13131|Q8N370_KIKFSWLGF|0.0
Q13131|Q8N370_YKQVTTVGR|0.489
Q13131|Q8N370_LSVGSSMRS|0.711
Q13131|Q8N370_LCLSTVDLE|0.502
Q13131|Q8NBI5_RELQSKEFL|0.043
Q13131|Q8WWI5_PVPASAPIP|0.487
Q13131|Q8WWI5_MILMYIHSQ|0.047
Q13131|Q8WWI5_MYIHSQLKG|0.964
Q13131|Q8WWI5_YNDGSPGRE|0.125
Q13131|Q8WWI5_GVADSRELK|0.421
Q13131|Q8IWA5_ERPHYYGKH|0.629
Q13131|Q8IWA5_RPHYYGKHG|0.0
Q13131|Q8IWA5_TPQKYDPTF|0.0
Q13131|Q8IWA5_KGPIYNRGC|0.0
Q13131|Q8IWA5_CPDRYLTYL|0.0
Q13131|Q8IWA5_RKNITDLVE|0.001
Q13131|Q8IWA5_LGFQTDFRV|0.0
Q13131|Q8IWA5_FPLFSAFGR|0.0
Q13131|Q8IWA5-3_GAYGTPQKY|0.0
Q13131|Q8N4M1_QDKHSLRNE|0.528
Q13131|Q53GD3_DDEAYGKPV|0.0
Q13131|Q53GD3_NRNAYIMIA|0.0
Q13131|Q8NCS7_EKFLTYVEM|0.0
Q13131|Q8NCS7_KFLTYVEMQ|0.0
Q13131|Q8NCS7_MQLLYTKDK|0.0
Q13131|Q8NCS7_QFCKTTAKP|0.0
Q13131|Q8NCS7_FCKTTAKPV|0.0
Q13131|Q8NCS7_VFEDYARTW|0.0
Q13131|Q8NCS7_RAIRYHTGS|0.0
Q13131|Q8NCS7_IRYHTGSLA|0.202
Q13131|Q8NCS7_NFCRSAKDA|0.0
Q13131|Q9Y2W3_RSQVTGYSG|0.0
Q13131|Q9Y2W3_KRPQTLAIP|0.0
Q13131|Q9Y2W3_ESELTGSSE|0.0
Q13131|Q9Y2W3_LATLSRNLY|0.001
Q13131|Q9Y2W3_KFAGSSADG|0.0
Q13131|Q9Y2W3_FAGSSADGT|0.0
Q13131|Q9UMX9_HIYKSLADD|0.59
Q13131|Q9UMX9_GPFDSVEPP|0.0
Q13131|Q9UMX9_VKNGYVNPE|0.0
Q13131|Q96JT2_EKFMTMVLG|0.004
Q13131|Q96JT2_PLLGSASDH|0.001
Q13131|Q96JT2_LGSASDHWR|0.319
Q13131|Q96JT2_GCLGYLLPA|0.0
Q13131|Q96JT2_YRGDTGGAS|0.19
Q13131|Q5BKX6_CETISEGSI|0.0
Q13131|Q5BKX6_DEVQSEHEL|0.0
Q13131|Q5BKX6_LALDYPDVD|0.0
Q13131|Q5BKX6_FHDASYPAT|0.0
Q13131|Q5BKX6_ATPRSTSQE|0.0
Q13131|Q5BKX6_ALGGYTRVD|0.0
Q13131|Q5BKX6_SATSSSMRR|0.0
Q13131|Q5BKX6_ATSSSMRRR|0.0
Q13131|Q5BKX6_RQASSTFSY|0.0
Q13131|Q5BKX6_QASSTFSYY|0.0
Q13131|Q5BKX6_STFSYYGKL|0.133
Q13131|Q5BKX6_TFSYYGKLG|0.0
Q13131|Q5BKX6_GKLGSHCYR|0.0
Q13131|Q5BKX6_GSHCYRYRR|0.0
Q13131|Q5BKX6_VETESVV__|0.0
Q13131|Q5BKX6-3_MGKASPASG|0.0
Q13131|Q5BKX6-3_ASPASGLSR|0.0
Q13131|Q96NT5__MEGSASPP|0.0
Q13131|Q9BY10_SASPSPRGA|0.0
Q13131|Q7Z3Q1_EKNKSSPIF|0.0
Q13131|Q7Z3Q1_KNKSSPIFA|0.0
Q13131|Q7Z3Q1_PGLVSTFIL|0.0
Q13131|Q7Z3Q1_FILLSISDH|0.0
Q13131|Q7Z3Q1_VKECSSQNV|0.0
Q13131|Q7Z3Q1_KECSSQNVT|0.0
Q13131|Q7Z3Q1_TEQGTLFAC|0.0
Q13131|Q86VL8_LGAASATLM|0.0
Q13131|Q86VL8_AASATLMVG|0.0
Q13131|Q86VL8_MVGLTVRIL|0.003
Q13131|Q6P1K1_ISILSDF__|0.001
Q13131|P02730_VLTRSGDPS|0.33
Q13131|P02730_PQHSSLETQ|0.004
Q13131|P02730_LRRRYQSSP|0.001
Q13131|P02730_RRYQSSPAK|0.745
Q13131|P02730_AKPDSSFYK|0.312
Q13131|P02730_KPDSSFYKG|0.031
Q13131|P02730_QEIFSFLIS|0.499
Q13131|P02730_EPILSRIPL|0.0
Q13131|P02730_KPPKYHPDV|0.0
Q13131|P02730_DAKATFDEE|0.725
Q13131|Q6U841_RESPSFDTP|0.467
Q13131|Q6U841_WSKPYVATL|0.0
Q13131|Q6U841_PYVATLSLH|0.271
Q13131|Q6U841_GKKQSEPNS|0.005
Q13131|Q6U841_KNDVSRENS|0.289
Q13131|Q6U841_RENSTVDFS|0.524
Q13131|Q6U841_FVRLSPAVL|0.484
Q13131|Q6U841_VPIPTRFLF|0.0
Q13131|Q6U841_YMGASSLKG|0.0
Q13131|Q6U841_MGASSLKGI|0.111
Q13131|Q8NBS3_TANSSIVSG|0.114
Q13131|Q8NBS3_SSIVSGESI|0.872
Q13131|Q8NBS3_EVARTFATM|0.0
Q13131|Q8NBS3_ATMFSDIAF|0.004
Q13131|Q8NBS3_RQLLTMVSH|0.259
Q13131|Q8NBS3_LTMVSHGPV|0.476
Q13131|Q8NBS3_VAPRTKERS|0.0
Q13131|Q8NBS3_PPTHYIRRV|0.386
Q13131|P04920_LGPGTPGFP|0.115
Q13131|P04920_QEAGSRGGE|0.0
Q13131|P04920_EPGRSYGEE|0.903
Q13131|P04920_PGRSYGEED|0.0
Q13131|P04920_EDFEYHRQS|0.0
Q13131|P04920_VSTPSSVQF|0.0
Q13131|P04920_STPSSVQFF|0.0
Q13131|P04920_PGHRSYNLQ|0.443
Q13131|P04920_GHRSYNLQE|0.909
Q13131|P04920_IGSMTGAEQ|0.889
Q13131|P04920_PRVPTDEIE|0.952
Q13131|P04920_IEAQTLATA|0.788
Q13131|P04920_EPGPTPRAR|0.0
Q13131|P04920_TRSKSKHEL|0.063
Q13131|P04920_PDVTYVKKV|0.021
Q13131|P04920_GVDEYNEMP|0.667
Q13131|P48751_PGGASPLPQ|0.0
Q13131|P48751_FSIGSDEDD|0.475
Q13131|P48751_RAAVTKPLP|0.0
Q13131|P48751_KPSRTQGGR|0.0
Q13131|P48751_GGRGSPSGL|0.478
Q13131|P48751_RGGYTAPGK|0.0
Q13131|P48751_RYPHYPSDL|0.0
Q13131|P48751_VLFIYFAAL|0.0
Q13131|P48751_FAALSPAIT|0.009
Q13131|P48751_SPAITFGGL|0.0
Q13131|P48751_PDKRSWFIP|0.0
Q13131|Q9Y6R1_EGHHTIYIG|0.0
Q13131|Q9Y6R1_HHTIYIGVH|0.43
Q13131|Q9Y6R1_KERISENYS|0.51
Q13131|Q9Y6R1_ISENYSDKS|0.0
Q13131|Q9Y6R1_YSDKSDIEN|0.505
Q13131|Q9Y6R1_DKVTYTLLR|0.0
Q13131|Q9Y6R1_SNLRSLADI|0.362
Q13131|Q9Y6R1_GKTVSSASR|0.68
Q13131|Q9Y6R1_KTVSSASRM|0.518
Q13131|Q9Y6R1_VSSASRMFT|0.528
Q13131|Q9Y6R1_SRMFTNPDN|0.0
Q13131|Q9Y6R1_SPAMTHRNL|0.503
Q13131|Q9Y6R1_EPPKSLPSS|0.0
Q13131|Q9Y6R1_RKNMYSGGE|0.0
Q13131|Q9Y6R1_PDFIYLRHV|0.0
Q13131|Q9Y6R1_GSLDSDNDD|0.524
Q13131|Q9Y6R1_SDCPYSEKV|0.0
Q13131|Q9Y6R1_EKVPSIKIP|0.0
Q13131|Q9Y6R1_FLSDSKPSD|0.0
Q13131|Q9Y6R1_DSKPSDRER|0.0
Q13131|Q9Y6R1_ERSPTFLER|0.0
Q13131|Q9Y6R1_LERHTSC__|0.0
Q13131|Q9Y6R1_ERHTSC___|0.0
Q13131|Q9BY07_KGHLSGLQK|0.629
Q13131|Q9BY07_LQTGTVLLD|0.0
Q13131|Q9BY07_PIHRSLADI|0.0
Q13131|Q9BY07_EEGFSTLIS|0.0
Q13131|Q9BY07_FIFIYDAIK|0.0
Q13131|Q9BY07_GAFKYYPIN|0.0
Q13131|Q9BY07_AFKYYPINM|0.0
Q13131|Q9BY07_LALMSFILF|0.0
Q13131|Q9BY07_AHIDSLKME|0.529
Q13131|Q9Y6M7_GKTSSTVNT|0.0
Q13131|Q9Y6M7_STVNTKFEK|0.0
Q13131|Q9Y6M7_EELESHRAV|0.007
Q13131|Q9Y6M7_KDKESDKED|0.0
Q13131|Q9Y6M7_PSYDTPSQR|0.0
Q13131|Q9Y6M7_YDTPSQRVQ|0.022
Q13131|Q9Y6M7_HDLFTEMDE|0.0
Q13131|Q9Y6M7_DELCYRDGE|0.0
Q13131|Q9Y6M7_DGEEYEWKE|0.0
Q13131|Q9Y6M7_EWKETARWL|0.0
Q13131|Q9Y6M7_GDRWSKPYV|0.0
Q13131|Q9Y6M7_WSKPYVATL|0.0
Q13131|Q9Y6M7_PYVATLSLH|0.0
Q13131|Q9Y6M7_FELRSCILN|0.041
Q13131|Q9Y6M7_DMRASTLDE|0.0
Q13131|Q9Y6M7_MRASTLDEI|0.252
Q13131|Q9Y6M7_NMIASGQLD|0.322
Q13131|Q9Y6M7_QLDESIREN|0.287
Q13131|Q9Y6M7_EKRFTSRIP|0.0
Q13131|Q9Y6M7_KRFTSRIPL|0.529
Q13131|Q9Y6M7_RTGLSASNL|0.0
Q13131|Q9Y6M7_ASNLSLRGE|0.0
Q13131|Q9Y6M7_TPAGSRCTT|0.0
Q13131|Q9Y6M7_SPSISRLTS|0.0
Q13131|Q9Y6M7_NLDNSKSGE|0.0
Q13131|Q9Y6M7_DNSKSGEIK|0.022
Q13131|Q9Y6M7_RENSTVDFS|0.2
Q13131|Q9Y6M7_TVDFSKVDM|0.559
Q13131|Q9Y6M7_GAEASNVLV|0.845
Q13131|Q9Y6M7_LTGLTEVPV|0.005
Q13131|Q9Y6M7_GQPLTILGS|0.268
Q13131|Q9Y6M7_AVFLTIVIM|0.0
Q13131|Q9Y6M7_DKPVSVKIS|0.0
Q13131|Q9Y6M7_SVKISFEDE|0.0
Q13131|Q9Y6M7_PRKKYVDAE|0.111
Q13131|Q9Y6M7-13_TRVTSRGPD|0.0
Q13131|Q9Y6M7-13_GKKHSDPHL|0.0
Q13131|Q9Y6M7-13_GILASPQSA|0.051
Q13131|Q9Y6M7-13_ASPQSAPGN|0.0
Q13131|Q9Y6M7-13_SVDPSIVNI|0.0
Q13131|Q9Y6M7-13_IVNISDEMA|0.0
Q13131|Q9Y6M7-13_WKALSMNTE|0.0
Q13131|Q9Y6M7-13_NAKVTRSNM|0.0
Q13131|Q9Y6M7-13_KVTRSNMSP|0.0
Q13131|Q9Y6M7-13_RSNMSPDKP|0.0
Q13131|Q9Y6M7-13_DKPVSVKIS|0.0
Q13131|Q9Y6M7-13_SVKISFEDE|0.0
Q13131|Q9Y6M7-2_GKKHSDPHL|0.0
Q13131|Q9Y6M7-2_GILASPQSA|0.088
Q13131|Q9Y6M7-2_ASPQSAPGN|0.0
Q13131|Q9Y6M7-3_DGEEYEWKE|0.0
Q13131|Q9Y6M7-3_GKKHSDPHL|0.0
Q13131|Q9Y6M7-3_GILASPQSA|0.017
Q13131|Q9Y6M7-3_ASPQSAPGN|0.0
Q13131|Q9Y6M7-3_NLDNSKSGE|0.0
Q13131|Q9Y6M7-3_KGNGSGGSR|0.002
Q13131|Q9Y6M7-3_GSGGSRENS|0.0
Q13131|Q9Y6M7-3_SRENSTVDF|0.0
Q13131|Q9Y6M7-3_RENSTVDFS|0.0
Q13131|Q9Y6M7-3_HNGSTPTLG|0.005
Q13131|Q9Y6M7-3_WKALSMNTE|0.0
Q13131|Q9Y6M7-3_NAKVTRSNM|0.0
Q13131|Q9Y6M7-3_KVTRSNMSP|0.0
Q13131|Q9Y6M7-3_RSNMSPDKP|0.0
Q13131|Q9Y6M7-3_DKPVSVK__|0.0
Q13131|Q9Y6M7-5_FEGGSLLQI|0.0
Q13131|Q9Y6M7-5_SVDPSIVNI|0.0
Q13131|Q9Y6M7-5_IVNISDEMA|0.0
Q13131|Q9Y6M7-5_WKALSMNTE|0.0
Q13131|Q9Y6M7-5_NAKVTRSNM|0.0
Q13131|Q9Y6M7-5_KVTRSNMSP|0.0
Q13131|Q9Y6M7-5_RSNMSPDKP|0.0
Q13131|Q9Y6M7-5_DKPVSVKIS|0.0
Q13131|Q9Y6M7-5_SVKISFEDE|0.0
Q13131|Q9Y6M7-8_TRVTSRGPD|0.0
Q13131|Q9Y6M7-8_FEGGSLLQI|0.0
Q13131|Q9Y6M7-8_SVDPSIVNI|0.0
Q13131|Q9Y6M7-8_IVNISDEMA|0.0
Q13131|Q9Y6M7-8_WKALSMNTE|0.0
Q13131|Q9Y6M7-8_NAKVTRSNM|0.0
Q13131|Q9Y6M7-8_KVTRSNMSP|0.0
Q13131|Q9Y6M7-8_RSNMSPDKP|0.0
Q13131|Q9Y6M7-8_DKPVSVKIS|0.0
Q13131|Q9Y6M7-8_SVKISFEDE|0.0
Q13131|Q2Y0W8_HRTLYVGVR|0.593
Q13131|Q2Y0W8_GKGASQGEE|0.0
Q13131|Q2Y0W8_WSKPYVATL|0.0
Q13131|Q2Y0W8_PYVATLSLH|0.0
Q13131|Q2Y0W8_GKKQSDPHL|0.0
Q13131|Q2Y0W8_GAEASNVLV|0.537
Q13131|Q2Y0W8_KTFKTSRYF|0.0
Q13131|Q2Y0W8_TFKTSRYFP|0.0
Q13131|Q2Y0W8_KLLSSPGKN|0.0
Q13131|Q2Y0W8_GKNISCRCD|0.0
Q13131|Q2Y0W8_EINISDEMP|0.0
Q13131|Q2Y0W8_WKALSMNSG|0.0
Q13131|Q96Q91_TRVESLSPE|0.036
Q13131|Q96Q91_PRKASDNEE|0.444
Q13131|Q96Q91_VVLGSLTEV|0.0
Q13131|Q96Q91_LGSLTEVSL|0.0
Q13131|Q96Q91_KVPWYPSDF|0.016
Q13131|Q96Q91_GSSAYGCLC|0.0
Q13131|Q96Q91_CLCQYPGPG|0.0
Q13131|Q96Q91_LSDFSSVLA|0.001
Q13131|Q9NQ40_CWEASVEDL|0.0
Q13131|P13866_FMEKYMKAI|0.192
Q13131|P13866_KAIPTIVSD|0.0
Q13131|P13866_RDPLTGDLP|0.0
Q13131|P13866_PGMISRILY|0.489
Q13131|P13866_LIGISIAWV|0.001
Q13131|P13866_GPKETIEIE|0.0
Q13131|P13866_FRRAYDLFC|0.0
Q13131|A0PJK1_IQKRYGGQR|0.0
Q13131|A0PJK1_QIGGYGQLE|0.0
Q13131|A0PJK1_LEAAYAQAI|0.0
Q13131|A0PJK1_QAIPSRTIA|0.0
Q13131|A0PJK1_AKAGSILAS|0.0
Q13131|A0PJK1_PGMISRALF|0.0
Q13131|A0PJK1_STLFTMDIW|0.0
Q13131|Q8WWX8_LAVLYLFIY|0.0
Q13131|Q1EHB4_RKKATSREF|0.0
Q13131|Q1EHB4_KKATSREFL|0.0
Q13131|Q1EHB4_KLALYFNLL|0.0
Q13131|Q1EHB4_CAVFSGLIM|0.0
Q13131|Q1EHB4_LRRESLVHV|0.0
Q13131|P31639_TVGGYFLAG|0.0
Q13131|P31639_SRILYPDEV|0.0
Q13131|P53794_IVALYFILV|0.0
Q13131|P53794_TVSGYFLAG|0.002
Q13131|P53794_HAKGSTLMA|0.299
Q13131|P53794_AKGSTLMAG|0.0
Q13131|P53794_PGMISRILF|0.0
Q13131|P53794_PNGKSEDSI|0.686
Q13131|P53794_SEAETPVDA|0.0
Q13131|P53794_PVDAYSNGQ|0.0
Q13131|P53794_LSKRSLRDL|0.0
Q13131|Q9NY91_LSILSLFIC|0.0
Q13131|Q9NY91_AEEKSQEET|0.0
Q13131|Q9NY91_SQEETDDGV|0.0
Q13131|Q92911_GGQRSAEDF|0.755
Q13131|Q92911_SLSASFMSA|0.0
Q13131|Q92911_EMRFSRAVR|0.475
Q13131|Q92911_PRLRSLAPR|0.0
Q13131|Q9Y289_FYSLSYLWY|0.0
Q13131|Q9Y289_LHCRSYGQD|0.0
Q13131|Q9Y289_VLGDSRDKE|0.0
Q13131|Q9Y289_ILQETSL__|0.0
Q13131|Q9GZV3_VMRITVFVF|0.0
Q13131|Q9GZV3_MALLTKTVY|0.0
Q13131|Q8N695_SLTASFMSA|0.0
Q13131|Q8N695_TVLGTPSEV|0.004
Q13131|Q8N695_KHVLSYKSH|0.0
Q13131|Q2M3M2_PGMISRALF|0.0
Q13131|Q2M3M2_RVGCSNIAY|0.001
Q13131|Q2M3M2_SNIAYPKLV|0.001
Q13131|Q2M3M2-2_NMRKSRSGG|0.0
Q13131|Q2M3M2-2_RKSRSGGDR|0.0
Q13131|Q2M3M2-2_AGVVTMPQY|0.0
Q13131|Q2M3M2-2_TMPQYLKKR|0.0
Q13131|P30531___MATNGSK|0.001
Q13131|P48066_KLNVSNYSH|0.011
Q13131|P48066_WTICYFCIW|0.0
Q13131|P48066_KLGVSPRMV|0.0
Q13131|Q9NSD5_TKPVYPVME|0.0
Q13131|Q9NSD5_VVYFTATFP|0.0
Q13131|Q9NSD5_YFTATFPYL|0.0
Q13131|Q9UN76_KVSASSENF|0.622
Q13131|Q9UN76_KKSDYLLSM|0.0
Q13131|Q9UN76_SMIGYAVGL|0.132
Q13131|Q9UN76_IPTVSGSRK|0.0
Q13131|Q9H2J7_DVTESVKDL|0.0
Q13131|Q9H2J7_DAFKTSELI|0.0
Q13131|Q9H2J7_AFKTSELIV|0.0
Q13131|Q9H2J7_EGDDTSLIH|0.0
Q13131|Q9H2J7_GKIPSEMPS|0.0
Q13131|Q9GZN6_SVPGSQTWE|0.0
Q13131|Q9GZN6_PGSQTWEDK|0.0
Q13131|Q9H1V8_SKVPSEAPS|0.0
Q13131|Q9H1V8_SEAPSPMPT|0.0
Q13131|Q96N87_GMLFTLGLS|0.0
Q13131|Q96N87_TLGLSTMFG|0.0
Q13131|Q96N87_WNPKYELFP|0.0
Q13131|Q96N87_AQLLTRRRR|0.0
Q13131|Q695T7_VSTLSTASM|0.0
Q13131|P23975_HTKYSKYKF|0.437
Q13131|Q9NP91_GFKATFNYE|0.0
Q13131|Q9NP91_ATFNYENCL|0.0
Q13131|Q9NP91_QVKGYLASA|0.043
Q13131|Q9NP91_GYLASAYPS|0.0
Q13131|Q9NP91_LKAMTGRAV|0.002
Q13131|Q9Y345_PRSASTGAQ|0.0
Q13131|Q9Y345_RSASTGAQT|0.0
Q13131|Q9Y345_TGAQTFQSA|0.0
Q13131|Q9Y345_SCKLSSPRA|0.0
Q13131|Q9Y345_CKLSSPRAQ|0.0
Q13131|Q9Y345_AQAASAALR|0.0
Q13131|Q99884_RTGMYVATL|0.0
Q13131|P48029_MAKKSAENG|0.0
Q13131|P48029_ENGIYSVSG|0.017
Q13131|P48029_RGLTTLTPV|0.0
Q13131|P48029_PVSESSKVV|0.0
Q13131|P48029_VSESSKVVV|0.0
Q13131|P30825_PNLVYQMAS|0.0
Q13131|P30825_DQARTPDGN|0.0
Q13131|Q9NS82_APSPSPVPG|0.0
Q13131|Q9UPY5_KPVVSTISK|0.0
Q13131|Q9UPY5_PVVSTISKG|0.889
Q13131|Q9UPY5_VSTISKGGY|0.313
Q13131|Q9UPY5_SKGGYLQGN|0.001
Q13131|Q9UPY5_LRGVSIIIG|0.435
Q13131|Q9UPY5_FRIMSEKIT|0.482
Q13131|Q8TCU3_VKEVTWLQI|0.0
Q13131|Q8TCU3_REILSSDAV|0.736
Q13131|Q8TCU3_EILSSDAVA|0.0
Q13131|Q8TBB6_GFFTSLDPR|0.0
Q13131|Q8TBB6_RILRTKPVE|0.0
Q13131|Q8TBB6_KPVESMLEG|0.0
Q13131|Q8TBB6_TGTTTAHGT|0.0
Q13131|Q8TBB6_KNPNTSIPY|0.0
Q13131|Q8TBB6_NPNTSIPYA|0.0
Q13131|Q8TBB6_TSIPYAITA|0.0
Q13131|Q8TBB6_PYAITASLV|0.0
Q13131|Q8TBB6_KNLPSLGDN|0.002
Q13131|Q8TBB6_DKSTYNVNH|0.0
Q13131|Q8TBB6_NHPNYGTVD|0.0
Q13131|Q8TBB6_SENIYLIKL|0.0
Q13131|Q8TBB6_KKLPYMAPC|0.0
Q13131|Q8TBB6_HQSTYQRYD|0.0
Q13131|Q8TBB6_DKGFYYQQM|0.0
Q13131|Q8TBB6_KGFYYQQMS|0.0
Q13131|Q8TBB6_DELDYSPE_|0.0
Q13131|P52569_CRCLSTMDL|0.0
Q13131|P52569_RCLSTMDLI|0.0
Q13131|P52569_VDMMSIGTL|0.195
Q13131|P52569_TLMAYSLVA|0.0
Q13131|P52569_PGLSYDQPK|0.0
Q13131|P52569_DGLGSSPRV|0.075
Q13131|P52569_VTSKSESQV|0.0
Q13131|P52569_ESQVTMLQR|0.0
Q13131|P52569_EEDAYPDNV|0.0
Q13131|P52569_AEEKSAIQA|0.0
Q13131|P52569-2_KIETSGYNS|0.0
Q13131|P52569-2_SGYNSDKLI|0.0
Q13131|P52569-2_AGVISALMA|0.0
Q13131|Q8WY07_GMAETRLAR|0.0
Q13131|Q8WY07_LCALSTSLL|0.0
Q13131|Q8WY07_ALSTSLLGS|0.074
Q13131|Q8WY07_SLLGSMFPM|0.0
Q13131|Q8WY07_VDLMSIGTL|0.0
Q13131|Q8WY07_MSIGTLLAY|0.096
Q13131|Q8WY07_PGTLYVHSV|0.0
Q13131|O43246_GSGLYVLTG|0.0
Q13131|O43246_FPRGSLEET|0.0
Q13131|O43246_SLEETVQAM|0.0
Q13131|Q01650_KGDVSNLDP|0.068
Q13131|Q01650_FFVGSREGH|0.0
Q13131|Q92536_PGRPTPTYH|0.001
Q13131|Q92536_RPTPTYHLV|0.0
Q13131|Q92536_VPNTSQSQV|0.44
Q13131|Q92536_NTSQSQVEE|0.0
Q13131|Q92536_EDVSSPPQR|0.0
Q13131|Q92536_PPQRSSETM|0.0
Q13131|Q92536_PQRSSETMQ|0.0
Q13131|Q92536_RLWVSLLVV|0.0
Q13131|Q92536_FFVGSREGH|0.0
Q13131|Q92536_LAAITRGTQ|0.0
Q13131|Q96CW6_EAARTAVLR|0.0
Q13131|Q96CW6_KRKRSAEPA|0.081
Q13131|Q96CW6_PSRDSQQRV|0.0
Q13131|Q96CW6_ILCNSVELI|0.552
Q13131|Q96CW6_ADYNSLSEE|0.0
Q13131|Q96CW6_YNSLSEEER|0.416
Q13131|Q96CW6_EERGSSRQR|0.0
Q13131|Q96CW6_ERGSSRQRM|0.469
Q13131|Q96CW6_KEFGYDSPH|0.0
Q13131|Q9UM01_FFVGSREGH|0.0
Q13131|Q9UHI5_HRNNTEKKH|0.725
Q13131|Q9UHI5_GGGESDASP|0.0
Q13131|Q9UHI5_PEAGSGGGG|0.0
Q13131|Q9UHI5_GDYSYVKDI|0.0
Q13131|Q9UHI5_QQPMYQPTP|0.281
Q13131|Q9UHI5_MYQPTPTKD|0.441
Q13131|Q9UHI5-4_RKAQSTSSP|0.0
Q13131|Q9UHI5-4_KAQSTSSPL|0.0
Q13131|P82251_LKVLSYISV|0.0
Q13131|P82251_LSYISVRRL|0.0
Q13131|Q9UPR5_RAVVYFVAM|0.002
Q13131|Q9UPR5_FLGVSIIAD|0.0
Q13131|Q9UPR5_HQQKSRAFY|0.428
Q13131|Q9UPR5_TVDGTARGG|0.004
Q13131|Q9UPR5_KRGISALLL|0.831
Q13131|P57103_PNGETSTTT|0.0
Q13131|P57103_GGDMSKTMY|0.0
Q13131|P57103_SKTMYVDYK|0.0
Q13131|P57103_ERGISALLL|0.338
Q13131|P57103_ALLLSPDVT|0.0
Q13131|P57103-2_ERGISDVTD|0.0
Q13131|P46721_INTSYEGIP|0.0
Q13131|P46721_PQDLYVEND|0.0
Q13131|Q9Y6L6_TANLTNQGK|0.001
Q13131|Q9Y6L6_GKNITKNVT|0.0
Q13131|Q9Y6L6_TKNVTGFFQ|0.0
Q13131|Q9Y6L6_GFFQSFKSI|0.0
Q13131|Q9Y6L6_VEQQYGQPS|0.0
Q13131|Q9Y6L6_VMSLSFYLL|0.0
Q13131|Q9Y6L6_SLSFYLLYF|0.0
Q13131|Q9Y6L6_FYLLYFFIL|0.0
Q13131|Q9Y6L6_FSRVYLGLS|0.0
Q13131|Q9Y6L6_LRVSSLVLY|0.0
Q13131|Q9Y6L6_SLVLYIILI|0.522
Q13131|Q9Y6L6_AGADSETHC|0.0
Q13131|Q9Y6L6_ADSETHC__|0.0
Q13131|Q9NPD5_LSFSYIAKA|0.0
Q13131|Q9NPD5_TANLTNQGK|0.152
Q13131|Q9NPD5_KFFIYVAIQ|0.0
Q13131|Q9NPD5_FILLTVKIV|0.0
Q13131|Q9NPD5_LIDKTCMKW|0.0
Q13131|Q9NPD5_CMKWSTNSC|0.0
Q13131|Q9NPD5_MKWSTNSCG|0.0
Q13131|Q9NPD5_WSTNSCGAQ|0.0
Q13131|Q9NYB5_SREDSNSSS|0.0
Q13131|Q9NYB5_DSNSSSEKS|0.0
Q13131|Q9NYB5_SNSSSEKSK|0.0
Q13131|Q9NYB5_SSEKSKFII|0.0
Q13131|Q9NYB5_IEQQYGQSS|0.0
Q13131|Q9NYB5_LKKNYVSKH|0.361
Q13131|Q9NYB5_KNYVSKHRS|0.0
Q13131|Q9NYB5-3_SCRLYDSNV|0.0
Q13131|Q9NYB5-3_NVFRYQIKS|0.0
Q13131|Q92959_KLGASQGSD|0.0
Q13131|Q92959_ASQGSDTST|0.0
Q13131|Q92959_KSRGSLVDF|0.0
Q13131|O94956_APNLTVIQF|0.0
Q13131|Q9UIG8_KKKVSCFSN|0.0
Q13131|Q9UIG8_SEREYERPK|0.0
Q13131|Q9UIG8_PELKSYALG|0.0
Q13131|Q9UIG8_ELKSYALGV|0.0
Q13131|Q9UIG8_VVYRYLYVS|0.0
Q13131|Q9UIG8_YRYLYVSIA|0.0
Q13131|Q9UIG8_EFFASTLTL|0.0
Q13131|Q9UIG8_FFASTLTLD|0.0
Q13131|Q9UIG8_ASTLTLDNL|0.0
Q13131|Q9UIG8-2_ETEKTCPES|0.0
Q13131|Q9UIG8-2_SHSPSEDSF|0.0
Q13131|Q9UIG8-2_PSEDSFVRS|0.0
Q13131|Q9UIG8-2_SFVRS____|0.0
Q13131|Q96BD0_LTFPSPNSA|0.0
Q13131|Q96BD0_GLDHTPPSR|0.0
Q13131|Q96BD0_HTPPSRRAS|0.0
Q13131|Q96BD0_PLDTSKQPL|0.0
Q13131|Q96BD0_TAGRYEVEL|0.0
Q13131|Q96BD0_LKDSSRGEA|0.331
Q13131|Q96BD0_RGEASNPDF|0.0
Q13131|Q96BD0_LAGATEATL|0.0
Q13131|Q6ZQN7_LRRLSASPS|0.0
Q13131|Q6ZQN7_SASPSQIEV|0.0
Q13131|Q6ZQN7_YEMKSSLTG|0.0
Q13131|Q6ZQN7_YKLGSLFED|0.0
Q13131|Q6ZQN7_LFEDTCVTT|0.0
Q13131|Q6ZQN7_PKVYYNCSC|0.0
Q13131|Q9H2Y9_KKENSSLYL|0.0
Q13131|Q9H2Y9_KENSSLYLA|0.0
Q13131|Q9H2Y9_ITPPTVGQR|0.0
Q13131|Q9H2Y9_VIVKTYLNE|0.0
Q13131|Q9H2Y9_RTCNTLIPF|0.0
Q13131|Q9H2Y9_EFPLSTVSE|0.0
Q13131|Q9H2Y9_LSTVSERVG|0.583
Q13131|Q9H2Y9_PAFSTQGEF|0.0
Q13131|Q9H2Y9-2_IIVPSAGVG|0.0
Q13131|Q9H2Y9-2_VLGGYIIKK|0.003
Q13131|Q86UG4_SSIYSSICG|0.0
Q13131|Q86UG4_DAKCYKLPL|0.0
Q13131|Q86UG4_AFIFSTLIF|0.0
Q13131|Q86UG4_FIFSTLIFS|0.0
Q13131|Q86UG4_FSGFSGVPI|0.0
Q13131|Q86UG4_SGETSCILR|0.0
Q13131|Q86UG4_KCGHTGRCW|0.0
Q13131|Q7Z7L1_ALLNSGGGV|0.457
Q13131|Q7Z7L1_LYRRSETSV|0.229
Q13131|Q7Z7L1_RRSETSVRS|0.002
Q13131|Q7Z7L1_RSETSVRSM|0.484
Q13131|Q7Z7L1_ELPNSDPAD|0.839
Q13131|Q7Z7L1_PFPESQLVE|0.0
Q13131|Q7Z7L1_FKQFSTKHF|0.676
Q13131|Q7Z7L1_KQFSTKHFQ|0.042
Q13131|Q7Z7L1_YVKRTIPEY|0.664
Q13131|Q7Z7L1_DGDWYGKAK|0.0
Q13131|Q7Z7L1_QVIRSNPSF|0.827
Q13131|Q7Z7L1_RSNPSFNIP|0.803
Q13131|Q7Z7L1_GLERSIVFG|0.604
Q13131|Q7Z7L1_IHPRTADPA|0.591
Q13131|Q7Z7L1_ICLASRAKQ|0.398
Q13131|Q8IYM2_EEMDSVRKG|0.14
Q13131|Q8IYM2_KIGGYTKKV|0.003
Q13131|Q8IYM2_TKIFYLSPE|0.0
Q13131|Q8IYM2_TSCQYDLRS|0.0
Q13131|Q8IYM2_SQVIYPESY|0.0
Q13131|Q8IYM2_IYPESYYFT|0.0
Q13131|Q8IYM2_YPESYYFTR|0.0
Q13131|Q8IYM2_TRRKYLLKA|0.083
Q13131|Q6IEE8_ENKGYSYKK|0.001
Q13131|Q6IEE8_FLGVYDKGR|0.0
Q13131|Q6IEE8_KIGGYTKKV|0.0
Q13131|Q68D06_RSGTSVLHM|0.372
Q13131|Q68D06_RQSKYNLIN|0.513
Q13131|Q68D06_INEGSPPSK|0.0
Q13131|Q68D06_IKNFTLEQI|0.002
Q13131|P0C7P3_DKLMYKEKL|0.0
Q13131|P0C7P3_PHYVSAFAN|0.0
Q13131|P0C7P3_AFANTQGGY|0.0
Q13131|P0C7P3_TQGGYVLIG|0.0
Q13131|P0C7P3_ILNVYQKDV|0.326
Q13131|P0C7P3_IVIFSRSWA|0.0
Q13131|P0C7P3_GVRKTALAI|0.87
Q13131|P0C7P3_YVCESDSLK|0.0
Q13131|P0C7P3_CESDSLKDF|0.0
Q13131|P0C7P3_VTRKTFMQG|0.0
Q13131|Q08AF3_HRERTSTDV|0.0
Q13131|Q08AF3_DRVVYTPES|0.0
Q13131|Q08AF3_PESLYKELF|0.033
Q13131|Q08AF3_KRKLSQLHE|0.901
Q13131|Q9GZT3__MAASAARG|0.056
Q13131|Q9GZT3_WVQFSSEEG|0.0
Q13131|O75093_GNNITRIHK|0.116
Q13131|O75093_AFSPYRKLR|0.0
Q13131|O75093_NNEISILEA|0.0
Q13131|O75093_FKKLTHLKK|0.128
Q13131|O94813_RLDLSENQI|0.257
Q13131|O94813_KFRCSAKEQ|0.0
Q13131|O94813_AKEQYFIPG|0.0
Q13131|O94813_FIPGTEDYR|0.0
Q13131|O94813_GTEDYRSKL|0.0
Q13131|O94813_TKKVSRLEC|0.0
Q13131|O94813_GPLRSKRRK|0.403
Q13131|O94813_CTDGSSFVD|0.0
Q13131|O75094_NKLQTISKG|0.0
Q13131|O75094_LQTISKGLF|0.0
Q13131|O75094_DGAASVQEL|0.0
Q13131|O75094_FRGLSGLKT|0.0
Q13131|O75094_SGLKTLMLR|0.0
Q13131|O75094_VELASAKVR|0.0
Q13131|O75094_KCVATGTSY|0.0
Q13131|O75094_VATGTSYMC|0.0
Q13131|O75094_ATGTSYMCK|0.0
Q13131|O75094_TGTSYMCKC|0.0
Q13131|Q96PX8_DDLEYLQAD|0.0
Q13131|Q96PX8_FAGVSLSKL|0.0
Q13131|Q96PX8_RDANSSASE|0.0
Q13131|Q9H156___MLSGVWF|0.0
Q13131|Q9H156_VWFLSVLTV|0.0
Q13131|Q9H156_LSVLTVAGI|0.0
Q13131|Q9H156_APKASRPPK|0.0
Q13131|Q9H156_GTALTRLNL|0.0
Q13131|Q9H156_LSDGTVLSM|0.0
Q13131|Q9H156_EEPATPAYT|0.0
Q13131|Q9H156_EKQATPREP|0.0
Q13131|Q9H156_PELLYQNIA|0.0
Q13131|O94933_PFKLYLQRN|0.561
Q13131|O94933_LQRNSMRKL|0.777
Q13131|O94933_TKPSSMLSS|0.649
Q13131|O94933_SSMLSSVHF|0.6
Q13131|O94933_HFTASSVEY|0.474
Q13131|O94933_FTASSVEYK|0.0
Q13131|O94933_AKKLYLSSN|0.48
Q13131|O94933_VVGGTGGDL|0.858
Q13131|O94933_TKPDYLEVL|0.0
Q13131|Q8IW52_PDCGSMQLQ|0.002
Q13131|Q8IW52_LHVDTRKRL|0.0
Q13131|Q8IW52_PSRDSNVFI|0.0
Q13131|Q8IW52_SKKEYNSIG|0.0
Q13131|Q8IW52_RKSEYFELK|0.0
Q13131|Q8IW52_SSPDYLQVL|0.0
Q13131|O94991_NNRISMIQD|0.944
Q13131|O94991_LRRLYLNGN|0.62
Q13131|O94991_QSLQYLFLQ|0.0
Q13131|O94991_FNMQYSVYG|0.0
Q13131|O94991_QYSVYGGGG|0.0
Q13131|O94991_PKVKTPAGH|0.0
Q13131|O94991_AGHVYEYIP|0.002
Q13131|O94991_HVYEYIPHP|0.0
Q13131|O94991_SVEDYKDLH|0.0
Q13131|O94991_HHLRSPAYS|0.0
Q13131|O94991_EDLLSPVQD|0.0
Q13131|O94991_HCSTTPAGN|0.0
Q13131|O94991_PAGNSLPEY|0.0
Q13131|O94991_FSPNYDLRR|0.0
Q13131|O94991_RPHQYLHPG|0.221
Q13131|O94991_EPVLYSPPS|0.0
Q13131|O94991_YSPPSAVFV|0.0
Q13131|O94991_NRNEYLELK|0.0
Q13131|O94991_VEPDYLEVL|0.0
Q13131|Q9H5Y7_LEEGSFMNL|0.0
Q13131|Q9H5Y7_GNHLTKLSK|0.0
Q13131|Q9H5Y7_RRRRYKKKQ|0.551
Q13131|Q9H5Y7_MRDNSPVHL|0.799
Q13131|Q9H5Y7_VHLQYSMYG|0.349
Q13131|Q9H5Y7_HLQYSMYGH|0.431
Q13131|Q9H5Y7_QYSMYGHKT|0.0
Q13131|Q9H5Y7_RPSASLYEQ|0.001
Q13131|Q9H5Y7_SASLYEQHM|0.003
Q13131|Q9H5Y7_MVHVYRSPS|0.017
Q13131|Q9H5Y7_YRSPSFGPK|0.303
Q13131|Q9H5Y7_QENHSPLTG|0.758
Q13131|Q9H5Y7_ASSLYRNIL|0.819
Q13131|Q9H5Y7_KLMETLMYS|0.0
Q13131|Q9H5Y7_ETLMYSRPR|0.042
Q13131|Q9H5Y7_TKNEYFELK|0.586
Q13131|Q9H5Y7_AEPDYLEVL|0.522
Q13131|Q9H2G2_KKKQYEHVK|0.0
Q13131|Q9H2G2_QNKETSVLA|0.0
Q13131|Q9H2G2_NKETSVLAA|0.01
Q13131|Q9H2G2_DFGVSAKNT|0.135
Q13131|Q9H2G2_VMCETSKDR|0.404
Q13131|Q9H2G2_KDRPYDYKA|0.0
Q13131|Q9H2G2_RPYDYKADV|0.0
Q13131|Q9H2G2_KIAKSEPPT|0.0
Q13131|Q9H2G2_SEPPTLAQP|0.0
Q13131|Q9H2G2_PIPASKRAS|0.53
Q13131|Q9H2G2_CILESVSEK|0.0
Q13131|Q9H2G2_VDINSVSEG|0.002
Q13131|Q9H2G2_INSVSEGKE|0.0
Q13131|Q9H2G2_EIKDTILQT|0.01
Q13131|Q9H2G2_VSQETGEKE|0.422
Q13131|Q9H2G2_VISNTSDVI|0.297
Q13131|Q9H2G2_DVIGTCEAA|0.0
Q13131|Q9H2G2_KALGSEVQD|0.021
Q13131|Q9H2G2_EEIGSLSKT|0.204
Q13131|Q9H2G2_IGSLSKTET|0.0
Q13131|Q9H2G2_FLSKTKDSG|0.217
Q13131|Q9H2G2_SGSISLQET|0.352
Q13131|Q9H2G2_SDSKTEELR|0.005
Q13131|Q9H2G2_QQLNSKLQQ|0.0
Q13131|Q9H2G2_QMQRYNQRL|0.179
Q13131|Q9H2G2_MFKKSLRIN|0.0
Q13131|Q9H2G2_PRKKTLEEE|0.0
Q13131|Q9H2G2_PSTQSRISK|0.0
Q13131|Q9H2G2_ISKFYPIPS|0.0
Q13131|Q14BN4_ARLRSDVIH|0.663
Q13131|Q14BN4_TPSMYSQEL|0.577
Q13131|Q14BN4_PSMYSQELF|0.0
Q13131|Q14BN4_QTEDSLRKE|0.0
Q13131|Q14BN4_VRKLSEVER|0.725
Q13131|Q14BN4_EDECTHLKE|0.0
Q13131|Q14BN4_LLSKSGGDC|0.903
Q13131|Q14BN4_KENQTRAKE|0.013
Q13131|Q14BN4_RAKESDFSD|0.783
Q13131|Q14BN4_DFSDTLSPS|0.597
Q13131|Q14BN4_TLSPSKEKS|0.0
Q13131|Q14BN4_LAKVSLLKD|0.958
Q13131|Q14BN4_QGAQSEIEA|0.0
Q13131|Q14BN4-3_LLSKSGGDC|0.0
Q13131|Q9Y3B1_SIVKSLIGA|0.0
Q13131|Q9Y3B1_ERLIYKPHP|0.185
Q13131|Q9Y3B1_VKGVSLSSY|0.0
Q13131|Q9Y3B1_GVSLSSYLE|0.0
Q13131|Q9Y3B1_SSNASKGRE|0.0
Q13131|Q7Z7A4_IVRRYSDFD|0.001
Q13131|Q7Z7A4_VRRYSDFDL|0.486
Q13131|Q7Z7A4_IRKKYFLMK|0.496
Q13131|Q7Z7A4_HRRLTRAQS|0.552
Q13131|Q7Z7A4_TRAQSHHGS|0.864
Q13131|Q7Z7A4_SHHGSEEER|0.6
Q13131|Q7Z7A4_ARKKSKRSA|0.0
Q13131|Q7Z7A4_KSKRSALEN|0.964
Q13131|Q7Z7A4_ALENSEEHS|0.268
Q13131|Q7Z7A4_FQKGTLRKA|0.0
Q13131|Q7Z7A4-2_SGASSPLTS|0.0
Q13131|Q9UJZ1_PRRASSGLP|0.006
Q13131|Q9UJZ1_RRASSGLPR|0.345
Q13131|Q9UJZ1_LPRNTVVLF|0.0
Q13131|Q9UJZ1_LGKLSLDKV|0.014
Q13131|Q9UJZ1_TVLESEGTR|0.054
Q13131|Q9UJZ1_ILLPSNPGD|0.401
Q13131|Q9UJZ1_PGDVTSMVA|0.005
Q13131|Q9UJZ1_GDVTSMVAQ|0.308
Q13131|Q9UJZ1_PDSLSSGSS|0.12
Q13131|Q9UJZ1_DSLSSGSSR|0.496
Q13131|Q9UJZ1_LSSGSSRDV|0.593
Q13131|Q9UJZ1_DVQGTDASL|0.007
Q13131|Q9UJZ1_GTDASLDEE|0.334
Q13131|Q13094_KKLNYKDCE|0.0
Q13131|Q13094_AVKKYHIDG|0.0
Q13131|Q13094_NGGWSSFEE|0.0
Q13131|Q13094_GGWSSFEED|0.0
Q13131|Q13094_PFPNSNSMY|0.0
Q13131|Q13094_PNSNSMYID|0.0
Q13131|Q13094_HEEPSRSRN|0.0
Q13131|Q13094_EPSRSRNHK|0.0
Q13131|Q13094_RNHKTAKLP|0.542
Q13131|Q13094_LPAPSIDRS|0.0
Q13131|Q13094_PLDRSLAPF|0.0
Q13131|Q13094_KPPFSDKPS|0.0
Q13131|Q13094_SDKPSIPAG|0.0
Q13131|Q13094_PAGRSLGEH|0.0
Q13131|Q13094_HERSSPLPG|0.0
Q13131|Q13094_LPMSSNTFP|0.001
Q13131|Q13094_MSSNTFPSR|0.208
Q13131|Q13094_NTFPSRSTK|0.0
Q13131|Q13094_SFPQSASLP|0.0
Q13131|Q13094_EEENSLNEE|0.003
Q13131|Q13094_EWYVSYITR|0.0
Q13131|Q13094_VSYITRPEA|0.282
Q13131|Q13094_SSKKTTTNP|0.0
Q13131|Q13094_SKKTTTNPY|0.0
Q13131|Q13094_KKTTTNPYV|0.004
Q13131|Q13094_TTNPYVLMV|0.0
Q13131|Q13094_LMVLYKDKV|0.014
Q13131|Q13094_KDKVYNIQI|0.0
Q13131|Q13094_IQIRYQKES|0.0
Q13131|Q13094_ESQVYLLGT|0.0
Q13131|Q13094_RGSRYQCTL|0.0
Q13131|Q13094_HAAGYP___|0.0
Q13131|P03973_DPVDTPNPT|0.0
Q13131|Q9NWH9_MAAATGAVA|0.012
Q13131|Q9NWH9_LTVSTDTPN|0.259
Q13131|Q9NWH9_NKKPTKGKG|0.0
Q13131|Q9NWH9_ELKDSEEFG|0.0
Q13131|Q9NWH9_ENVHSKELL|0.922
Q13131|Q9NWH9_EDIESQEIE|0.5
Q13131|Q9NWH9_DIAGSGDGT|0.65
Q13131|Q9NWH9_SGDGTQEVS|0.917
Q13131|Q9NWH9_KPLPSEGSL|0.947
Q13131|Q9NWH9_PSEGSLAEA|0.466
Q13131|Q9NWH9_EADHTAHEE|0.663
Q13131|Q9NWH9_KKAESGDKE|0.489
Q13131|Q9NWH9_KKGPSSTGA|0.007
Q13131|Q9NWH9_KGPSSTGAS|0.71
Q13131|Q9NWH9_GPSSTGASG|0.087
Q13131|Q9NWH9_QAKSSSKES|0.519
Q13131|Q9NWH9_DDKGSTSST|0.528
Q13131|Q9NWH9_NDEKSSSRS|0.052
Q13131|Q9NWH9_SSRSSGDKK|0.0
Q13131|Q9NWH9_ASGQTSESI|0.0
Q13131|Q9NWH9_QTSESIKKS|0.467
Q13131|Q9NWH9_ILDQTKGDH|0.887
Q13131|Q9NWH9_EKRNSLKRP|0.897
Q13131|Q9NWH9_RDDPYWSEN|0.004
Q13131|Q9NWH9_DPYWSENKK|0.358
Q13131|Q9NWH9_FGHGSDYSR|0.554
Q13131|Q9NWH9_HGSDYSRQQ|0.0
Q13131|Q9NWH9_GSDYSRQQN|0.43
Q13131|Q9NWH9_RPDITHPRH|0.494
Q13131|Q9NWH9_KSEGSMSTD|0.0
Q13131|Q9NWH9_VSGHSVRGA|0.644
Q13131|Q9NWH9_RGVITDRGG|0.005
Q13131|Q9NWH9_GRDTSGPRK|0.607
Q13131|Q9NWH9_HGPPSQGPS|0.001
Q13131|Q9NWH9_SQGPSYHDT|0.372
Q13131|Q9NWH9_TQHSSNASP|0.921
Q13131|Q9NWH9_IVQISGNSM|0.941
Q13131|O95391_SGEWYKRGV|0.324
Q13131|O95391_LMFDYDGKR|0.303
Q13131|O95391_DEDKYADDI|0.0
Q13131|O95391_QNFDSKRRI|0.66
Q13131|O95391_KRRITVRNL|0.0
Q13131|O95391_PNSAYYDPK|0.0
Q13131|O95391_RENPYANAG|0.0
Q13131|O95391_PDEVSYAGD|0.285
Q13131|O95391_LELLYKSFK|0.79
Q13131|O95391_QTEDYVEYS|0.0
Q13131|O95391_DYVEYSRHG|0.272
Q13131|O95391_EIVNSEECI|0.0
Q13131|O95391_RKSSSDSDD|0.0
Q13131|O95391_SSSDSDDEE|0.0
Q13131|O95391_RPYNSMYET|0.0
Q13131|O95391_DPMASFLGQ|0.127
Q13131|P55000_EPMTSASCR|0.0
Q13131|P55000_MTSASCRTI|0.0
Q13131|P55000_CRTITRCKP|0.0
Q13131|P55000_KPEDTACMT|0.0
Q13131|Q8IY92_ELCASFFQR|0.0
Q13131|Q8IY92_IKEVSGERK|0.0
Q13131|Q8IY92_SPNLSREKT|0.0
Q13131|Q8IY92_LRHASEECS|0.545
Q13131|Q8IY92_SEECSLEAA|0.0
Q13131|Q8IY92_AGNVYGLGP|0.001
Q13131|Q8IY92_PAPESDAAV|0.0
Q13131|Q8IY92_LTLKSRTSH|0.177
Q13131|Q8IY92_EGSSSPPMF|0.0
Q13131|Q8IY92_ESAFSERIR|0.0
Q13131|Q8IY92_KPPVSPPLL|0.0
Q13131|Q8IY92_QDSETTGRQ|0.0
Q13131|Q8IY92_VELSSTPPL|0.0
Q13131|Q8IY92_ELSSTPPLP|0.0
Q13131|Q8IY92_PLPASRILK|0.0
Q13131|Q8IY92_SERRSPALH|0.0
Q13131|Q8IY92_ALHGTPTAG|0.0
Q13131|Q8IY92_SRGPSPSAS|0.0
Q13131|Q8IY92_EEAETLLKS|0.0
Q13131|Q8IY92_ALGHSSCSS|0.0
Q13131|Q8IY92_STPRSRGGT|0.021
Q13131|Q8IY92_SRGGTSQVG|0.0
Q13131|Q8IY92_RGGTSQVGS|0.561
Q13131|Q8IY92_VGSPTLLSP|0.0
Q13131|Q8IY92_KRDRSILTL|0.512
Q13131|Q8IY92_ILTLSKEPG|0.0
Q13131|Q8IY92_EKSPSIDLT|0.01
Q13131|Q8IY92_NPDHSSSRS|0.0
Q13131|Q8IY92_LLLDSDEEL|0.519
Q13131|Q8IY92_TKMKSISSD|0.003
Q13131|Q8IY92_KSISSDPLE|0.229
Q13131|Q8IY92_LVPATPLAS|0.0
Q13131|Q8IY92_TPLASRSRD|0.0
Q13131|Q8IY92_CSSQTQISS|0.0
Q13131|Q8IY92_VQAVTQHTP|0.0
Q13131|Q8IY92_VTQHTPRAS|0.498
Q13131|Q8IY92_AQKFSVIRP|0.0
Q13131|Q8IY92_IRPQTPPPQ|0.149
Q13131|Q8IY92_PPPQTPSSC|0.0
Q13131|Q8IY92_PQTPSSCLT|0.0
Q13131|Q8IY92_QTPSSCLTP|0.0
Q13131|Q8IY92_SSCLTPVSP|0.0
Q13131|Q8IY92_LTPVSPGTS|0.005
Q13131|Q8IY92_VSPGTSDGR|0.0
Q13131|Q8IY92_SPGTSDGRR|0.0
Q13131|Q8IY92_QGHRSPSRP|0.007
Q13131|Q8IY92_HPHSSPLAP|0.0
Q13131|Q8IY92_EVGDSDDEQ|0.0
Q13131|Q8IY92_NLERTGPLS|0.468
Q13131|Q8IY92_TSSPSRRMN|0.0
Q13131|Q8IY92_EAADSRDCR|0.0
Q13131|Q8IY92_LLDTTPIRG|0.33
Q13131|Q8IY92_HESITPPSR|0.0
Q13131|Q8IY92_PPSRSPTKE|0.0
Q13131|Q8IY92_SRSPTKEAP|0.0
Q13131|Q5VYV7_SSVTSKSQT|0.0
Q13131|Q5VYV7_VTSKSQTRR|0.0
Q13131|Q5VYV7_SKSQTRRDT|0.0
Q13131|Q5VYV7_TRRDTVETS|0.0
Q13131|Q5VYV7_TSSDSVIAE|0.0
Q13131|Q5VYV7_ERLKTGLLS|0.0
Q13131|Q5VYV7_LLSRSPVCS|0.0
Q13131|Q5VYV7_CESASPCPK|0.0
Q13131|Q5VYV7_CPKQSPRVA|0.0
Q13131|Q5VYV7_ASELSDPGL|0.0
Q13131|O75995_RRKPSNASE|0.986
Q13131|O75995_PSNASEKEP|0.017
Q13131|O75995_EKEPTQKKK|0.12
Q13131|O75995_KKKLSLQRS|0.465
Q13131|O75995_SLQRSSSFK|0.977
Q13131|O75995_LQRSSSFKD|0.934
Q13131|O75995_KSKPSSPVV|0.907
Q13131|O75995_SKPSSPVVS|0.497
Q13131|O75995_DAGKSGKKL|0.89
Q13131|O75995_RAVISRTMN|0.445
Q13131|O75995_VISRTMNRK|0.812
Q13131|O75995_SPDYSLDSP|0.426
Q13131|O75995_ALAFSEQEE|0.919
Q13131|O75995_LPVLSRQAS|0.876
Q13131|O75995_SRQASTGSE|0.995
Q13131|O75995_RQASTGSEL|0.421
Q13131|O75995_ASTGSELCS|0.969
Q13131|O75995_SELCSPSPG|0.32
Q13131|O75995_LCSPSPGSG|0.354
Q13131|O75995_PSPGSGSFG|0.081
Q13131|O75995_PGSGSFGEE|0.004
Q13131|O75995_TPSPYDHDS|0.328
Q13131|O75995_YDHDSLKLQ|0.44
Q13131|O75995_FKFIYVDVL|0.045
Q13131|O75995_HARPSRRQS|0.782
Q13131|O75995_SRRQSKGKR|0.866
Q13131|O75995_LLLDYDTGS|0.431
Q13131|O75995_IPRDSGCFE|0.819
Q13131|O75995_CFEGSESGR|0.53
Q13131|O75995_EGSESGRDD|0.486
Q13131|Q15797_FSFTSPAVK|0.446
Q13131|Q15797_RLQVSHRKG|0.726
Q13131|Q15797_PHVIYCRVW|0.429
Q13131|Q15797_KRVESPVLP|0.441
Q13131|Q15797_VPRHSEYNP|0.001
Q13131|Q15797_RHSEYNPQH|0.001
Q13131|Q15797_LGLLSNVNR|0.726
Q13131|Q15797_TQMGSPHNP|0.343
Q13131|Q15796_GWKKSAGGS|0.993
Q13131|Q15796_KAVKSLVKK|0.55
Q13131|Q15796_TTGLYSFSE|0.821
Q13131|Q15796_RLQVSHRKG|0.944
Q13131|Q15796_PHVIYCRLW|0.585
Q13131|Q15796_CVNPYHYQR|0.431
Q13131|Q15796_QRVETPVLP|0.984
Q13131|Q15796_LGLLSNVNR|0.936
Q13131|P84022_KAVKSLVKK|0.463
Q13131|P84022_RLQVSHRKG|0.702
Q13131|P84022_PHVIYCRLW|0.477
Q13131|P84022_CVNPYHYQR|0.011
Q13131|P84022_QRVETPVLP|0.776
Q13131|P84022_FTDPSNSER|0.955
Q13131|P84022_LGLLSNVNR|0.731
Q13131|P84022_AECLSDSAI|0.162
Q13131|P84022_DKVLTQMGS|0.9
Q13131|Q13485_SIVHSLMCH|0.35
Q13131|Q13485_QGGESETFA|0.0
Q13131|Q13485_TEGHSIQTI|0.448
Q13131|Q13485_ILRMSFVKG|0.962
Q13131|Q13485_WGPDYPRQS|0.013
Q13131|Q99717_FSFTSPAVK|0.468
Q13131|Q99717_EKALSSPGQ|0.39
Q13131|Q99717_PGQPSKCVT|0.354
Q13131|Q99717_RLQVSHRKG|0.716
Q13131|Q99717_PHVIYCRVW|0.446
Q13131|Q99717_NPQHSLLVQ|0.866
Q13131|Q99717_PFPLSPNSP|0.267
Q13131|Q99717_LGLLSNVNR|0.728
Q13131|O43541_CGPESPPPP|0.33
Q13131|O43541_PPPYSRLSP|0.438
Q13131|O43541_YSRLSPRDE|0.383
Q13131|O43541-2____MSRMGK|0.0
Q13131|O43541-2_PPPYSRLSP|0.0
Q13131|O15105_QAVESRGGT|0.946
Q13131|O15105_SRGGTRTAC|0.002
Q13131|O15105_PDSRTLLVH|0.968
Q13131|O15198_KAVDSLVKK|0.537
Q13131|O15198_RLQVSHRKG|0.553
Q13131|O15198_PHVIYCRVW|0.18
Q13131|O15198_LGLLSNVNR|0.572
Q13131|O15198_TQMGSPHNP|0.24
Q13131|O15198_HNPISSVS_|0.51
Q13131|Q0VAQ4_TYEPTEGEP|0.0
Q13131|Q0VAQ4_EGEPSAIVQ|0.0
Q13131|Q0VAQ4_VQMESDLAK|0.0
Q13131|Q0VAQ4_LAKGSEKEE|0.005
Q13131|Q0VAQ4_EKEEYFI__|0.0
Q13131|Q9BSF0_PRMASPVNV|0.001
Q13131|Q9BSF0_AHRLSQDIL|0.198
Q13131|Q9BSF0_NNIKYHDIP|0.0
Q13131|Q9BSF0_HDIPYIESE|0.0
Q13131|O00193____MSAARE|0.0
Q13131|O00193_AARESHPHG|0.0
Q13131|O00193_DSKLSGRYR|0.0
Q13131|O00193_AKSNYKMMF|0.0
Q13131|Q969M3_SQQSYDYGG|0.0
Q13131|Q969M3_QSYDYGGSG|0.0
Q13131|Q969M3_SGGPYSKQY|0.0
Q13131|Q969M3_GYDYSQQGR|0.633
Q13131|Q969M3_TGQIYQPTQ|0.0
Q13131|Q8WU79_SRVKSVNLD|0.0
Q13131|Q8WU79_WKRGSEPVP|0.0
Q13131|Q8WU79_LPRKSSPKS|0.33
Q13131|Q8WU79_PRKSSPKST|0.517
Q13131|Q8WU79_SSPKSTAPV|0.0
Q13131|Q8WU79_SPKSTAPVM|0.061
Q13131|Q8WU79_ANSKTSNTL|0.0
Q13131|Q8WU79_DLLASVPSP|0.0
Q13131|Q8WU79_PSPSSSGSR|0.0
Q13131|Q8WU79_PTAGSAGSV|0.0
Q13131|P28370_MDPEYEEKM|0.369
Q13131|P28370_LLKQTELFA|0.469
Q13131|P28370_DEKQSLISA|0.551
Q13131|P28370_QSLISAGDY|0.507
Q13131|P28370_SAGDYRHRR|0.951
Q13131|P28370_EELLSESRK|0.501
Q13131|P28370_LLSESRKTS|0.705
Q13131|P28370_RFEVSPSYV|0.563
Q13131|P28370_SWFDTKNCL|0.29
Q13131|P28370_YLGLSKMQR|0.591
Q13131|P28370_LRLDSIVIQ|0.452
Q13131|P28370_IDQQSNKLA|0.789
Q13131|P28370_ESELTDEDI|0.48
Q13131|P28370_MGESSLRNF|0.898
Q13131|P28370_RKANYAVDA|0.488
Q13131|P28370_AVDAYFREA|0.797
Q13131|P28370_KGKNYTEEE|0.008
Q13131|P28370_RENVYEELR|0.719
Q13131|P51531_IHCGSMKGT|0.363
Q13131|P51531_SGPSTPQKL|0.412
Q13131|P51531_GGRPSPAPP|0.0
Q13131|P51531_PGQPSPVLQ|0.0
Q13131|P51531_TTLETALNS|0.001
Q13131|P51531_NSKAYKRSK|0.042
Q13131|P51531_DEEGYRKLI|0.578
Q13131|P51531_VANLTNLVW|0.502
Q13131|P51531_SEEVSEKDA|0.774
Q13131|P51531_VDDEYSMQY|0.011
Q13131|P51531_DDEYSMQYS|0.212
Q13131|P51531_PQLRSGKFN|0.478
Q13131|P51531_KCDMSALQK|0.008
Q13131|P51531_GGAKTLMNT|0.0
Q13131|P51531_TLMNTIMQL|0.887
Q13131|P51531_CNHPYMFQH|0.0
Q13131|P51531_EHLGYSNGV|0.468
Q13131|P51531_GAELYRASG|0.0
Q13131|P51531_AAAKYKLNV|0.911
Q13131|P51531_DELPSWIIK|0.255
Q13131|P51531_VERLTCEEE|0.723
Q13131|P51531_FGRGSRQRR|0.506
Q13131|P51531_RDVDYSDAL|0.067
Q13131|P51531_EKVPSNSQL|0.995
Q13131|P51531_IEGNSSGRQ|0.466
Q13131|P51531_EGNSSGRQL|0.165
Q13131|P51531_ELPEYYELI|0.11
Q13131|P51531-2_AIIDTVINY|0.443
Q13131|P51531-2_GRQLSEVFI|0.016
Q13131|P51531-2_IQLPSRKEL|0.0
Q13131|Q14527_FPRLSYPTF|0.024
Q13131|Q14527_PNNPYDKNA|0.008
Q13131|Q14527_GALAYIMDN|0.949
Q13131|Q14527_EAIETPLLP|0.0
Q13131|Q14527_ADGLSKDAS|0.0
Q13131|Q14527_MSELSSSRP|0.693
Q13131|Q14527_SELSSSRPK|0.372
Q13131|Q14527_EEIETSELP|0.0
Q13131|Q14527_KNVQSETKG|0.545
Q13131|Q14527_TKGDSPLHS|0.203
Q13131|Q14527_SPLHSIRWL|0.0
Q13131|Q14527_RRLQSLIKN|0.63
Q13131|Q14527_SLVVSQFTT|0.0
Q13131|Q14527_RLDGSMAQK|0.417
Q13131|P51532___MSTPDPP|0.048
Q13131|P51532_APTSTPQKL|0.143
Q13131|P51532_PPAASPVMP|0.0
Q13131|P51532_SKRQSLREA|0.029
Q13131|P51532_DEEGYRKLI|0.582
Q13131|P51532_AEGQTPAIG|0.0
Q13131|P51532_IHVESGKIL|0.48
Q13131|P51532_AQPPTLPVE|0.0
Q13131|P51532_VDDEYGVSQ|0.04
Q13131|P51532_LQSYYAVAH|0.143
Q13131|P51532_SYKGSPAAR|0.477
Q13131|P51532_PQLRSGKFN|0.5
Q13131|P51532_RGFKYLRLD|0.0
Q13131|P51532_AAAKYKLNV|0.901
Q13131|P51532_DELPSWIIK|0.3
Q13131|P51532_VERLTCEEE|0.792
Q13131|P51532_FGRGSRHRK|0.001
Q13131|P51532_KEVDYSDSL|0.556
Q13131|P51532_EVDYSDSLT|0.888
Q13131|P51532_IEEGTLEEI|0.525
Q13131|P51532_QKKSSRKRK|0.325
Q13131|P51532_RKRDSDAGS|0.993
Q13131|P51532_SDAGSSTPT|0.052
Q13131|P51532_DAGSSTPTT|0.476
Q13131|P51532_SSTPTTSTR|0.003
Q13131|P51532_STPTTSTRS|0.0
Q13131|P51532_PTTSTRSRD|0.0
Q13131|P51532_PPNLTKKMK|0.002
Q13131|P51532_ELPEYYELI|0.174
Q13131|P51532_SESRSVKVK|0.0
Q13131|P51532_RRRPSRGSR|0.0
Q13131|O60264____MSSAAE|0.777
Q13131|O60264_KPAASIASG|0.753
Q13131|O60264_ASIASGGSN|0.647
Q13131|O60264_ASGGSNSSN|0.707
Q13131|O60264_ASAASAGPA|0.759
Q13131|O60264_PDPTYEEKM|0.0
Q13131|O60264_SVGDYRHRR|0.475
Q13131|O60264_EELLTESSK|0.087
Q13131|O60264_RWVPTLRSV|0.521
Q13131|O60264_PTLRSVCLI|0.146
Q13131|O60264_DILNSAGKM|0.753
Q13131|O60264_LRLDSIVIQ|0.306
Q13131|O60264_ESEITDEDI|0.456
Q13131|O60264_GAKKTAEMN|0.318
Q13131|O60264_KMGESSLRN|0.004
Q13131|O60264_MGESSLRNF|0.72
Q13131|O60264_ESSVYNFEG|0.383
Q13131|O60264_EGEDYREKQ|0.482
Q13131|O60264_RKANYAVDA|0.196
Q13131|O60264_AVDAYFREA|0.362
Q13131|O60264_KTIGYKVPR|0.461
Q13131|O60264_KALDTKIGR|0.338
Q13131|O60264_KGKNYTEEE|0.0
Q13131|O60264_KENVYDELR|0.23
Q13131|Q9H4L7_DSDITEKTE|0.958
Q13131|Q9H4L7_ITEKTEDSS|0.851
Q13131|Q9H4L7_KTEDSSVPE|0.573
Q13131|Q9H4L7_ASISYFKNQ|0.976
Q13131|Q9H4L7_VQEKTFNKD|0.66
Q13131|Q9H4L7_FPQRSDNDL|0.979
Q13131|Q9H4L7_ESAESSSNW|0.709
Q13131|Q9H4L7_EKQESIVLK|0.446
Q13131|Q9H4L7_YVSQSEVPN|0.948
Q13131|Q9H4L7_GKEVSSRSQ|0.912
Q13131|Q9H4L7_KEVSSRSQN|0.95
Q13131|Q9H4L7_VSSRSQNYP|0.551
Q13131|Q9H4L7_RSQNYPKNA|0.739
Q13131|Q9H4L7_LQDASIGEL|0.456
Q13131|Q9H4L7_RPFNSWEAL|0.184
Q13131|Q9H4L7_LKEMSQLML|0.787
Q13131|Q9H4L7_LILDSGKFR|0.437
Q13131|Q9H4L7_FSQFTMMLD|0.239
Q13131|Q9H4L7_HQHRYLRLD|0.989
Q13131|Q9H4L7-2_LDGKTQISE|0.335
Q13131|Q9NZC9____MSLPLT|0.0
Q13131|Q9NZC9_QMALTGISP|0.524
Q13131|Q9NZC9_PAHSSGQPP|0.0
Q13131|Q9NZC9_KASPSGQNI|0.0
Q13131|Q9NZC9_IHSSSESVT|0.561
Q13131|Q9NZC9_SESVTPRTE|0.236
Q13131|Q9NZC9_LEWAYGSSE|0.0
Q13131|Q9NZC9_INIVSFDLL|0.0
Q13131|Q9NZC9_FDLLSKLEK|0.0
Q13131|Q9NZC9_DYSGSSNLG|0.164
Q13131|Q9NZC9_ESTDYLYKD|0.0
Q13131|Q9NZC9_TDYLYKDPK|0.0
Q13131|Q9NZC9_SLTASPQKK|0.0
Q13131|Q9NZC9_DSFTSPL__|0.0
Q13131|Q12824_MMALSKTFG|0.427
Q13131|Q12824_KRYPSLWRR|0.457
Q13131|Q12824_LLKASEVEE|0.567
Q13131|Q12824_QWVPTLPNS|0.753
Q13131|Q12824_PCSTTINRN|0.0
Q13131|Q12824_TIAYSIRGQ|0.793
Q13131|Q12824_QDRNTRRMR|0.434
Q13131|Q12824-2_IVASSHDHG|0.0
Q13131|Q92922_RPNIYLIPD|0.0
Q13131|Q92922_PYSSSQDDE|0.007
Q13131|Q92922_QASLYGKRR|0.0
Q13131|Q92922_QEDLTKDME|0.319
Q13131|Q92922_MEDPTPVPN|0.0
Q13131|Q92922_DQSRSVDLG|0.0
Q13131|Q92922_VDPESRPMA|0.0
Q13131|Q92922_GPPPTPHFN|0.0
Q13131|Q92922_ADTPSGLVP|0.0
Q13131|Q92922_RTDIYSKKT|0.0
Q13131|Q92922_LEEFSRVRE|0.0
Q13131|Q92922_NEKNSEKEQ|0.273
Q13131|Q92922_AALASAATK|0.0
Q13131|Q92922_ASAATKAKH|0.0
Q13131|Q92922_RKIKSLVAL|0.013
Q13131|Q8TAQ2_GKHVSNAPL|0.957
Q13131|Q8TAQ2_KNNASHVVY|0.0
Q13131|Q8TAQ2_SHVVYPVPG|0.0
Q13131|Q8TAQ2_EDAPTPEKP|0.34
Q13131|Q8TAQ2_ISAKTLTDE|0.0
Q13131|Q8TAQ2_PSTPYTKSK|0.0
Q13131|Q8TAQ2_PYTKSKRGH|0.0
Q13131|Q8TAQ2_TKKDSESAP|0.0
Q13131|Q8TAQ2_KDSESAPVK|0.0
Q13131|Q8TAQ2_VKGGTMTDL|0.443
Q13131|Q8TAQ2_GGTMTDLDE|0.0
Q13131|Q8TAQ2_QEDESMETT|0.002
Q13131|Q8TAQ2_ESMETTGKD|0.0
Q13131|Q8TAQ2_DENSTGNKG|0.0
Q13131|Q8TAQ2_PQQTSASQQ|0.0
Q13131|Q8TAQ2_QTSASQQML|0.754
Q13131|Q8TAQ2_FGLRTDMYT|0.0
Q13131|Q8TAQ2_RTDMYTKKN|0.001
Q13131|Q8TAQ2_TDMYTKKNV|0.0
Q13131|Q8TAQ2_AAAKSALEE|0.0
Q13131|Q8TAQ2_AAKVTGKAD|0.0
Q13131|Q8TAQ2_GLESSGIAG|0.357
Q13131|Q8TAQ2_RIEESGNDE|0.0
Q13131|Q8TAQ2_RKIKSLVAL|0.0
Q13131|Q8TAQ2-2_QTSASQQML|0.0
Q13131|Q96GM5_GPGGTPGPP|0.0
Q13131|Q96GM5_GQGLYRSPM|0.139
Q13131|Q96GM5_GSRMTPQGP|0.281
Q13131|Q96GM5_GPPGYGGNP|0.426
Q13131|Q96GM5_ESQAYMDLL|0.0
Q13131|Q96GM5_NPAKSDAED|0.0
Q13131|Q96GM5_GIRNT____|0.409
Q13131|Q92925_LPPLSPGGG|0.0
Q13131|Q92925_ESQAYMDLL|0.0
Q13131|Q92925_KLRIYISNT|0.0
Q13131|Q92925_RIYISNTFS|0.808
Q13131|Q92925_YISNTFSPS|0.002
Q13131|Q92925_TFSPSKAEG|0.794
Q13131|Q92925_AEGDSAGTA|0.42
Q13131|Q92925_DSAGTAGTP|0.03
Q13131|Q92925_TPGGTPAGD|0.595
Q13131|Q92925_LGVHTQTRA|0.26
Q13131|Q92925_VHTQTRAAI|0.754
Q13131|Q92925_HEREYINCN|0.0
Q13131|Q92925_LKIITDVIG|0.0
Q13131|Q92925_GIRLT____|0.446
Q13131|Q6STE5_QPVPTAPAR|0.35
Q13131|Q6STE5_ESQAYMDLL|0.454
Q13131|Q6STE5_RLYISNTFN|0.335
Q13131|Q6STE5_YISNTFNPA|0.467
Q13131|Q6STE5_GSIASWELR|0.37
Q13131|Q6STE5_LGLHTQSRS|0.576
Q13131|Q6STE5_DFMLSFSRD|0.925
Q13131|Q6STE5_VVRNT____|0.406
Q13131|Q969G3_SKRPSYAPP|0.0
Q13131|Q969G3_KRPSYAPPP|0.0
Q13131|Q969G3_APPPTPAPA|0.0
Q13131|Q969G3_PAPATQMPS|0.0
Q13131|Q969G3_TQMPSTPGF|0.0
Q13131|Q969G3_QMPSTPGFV|0.0
Q13131|Q969G3_GFVGYNPYS|0.584
Q13131|Q969G3_GYNPYSHLA|0.003
Q13131|Q969G3_YNPYSHLAY|0.0
Q13131|Q969G3_GNPGTNSRV|0.0
Q13131|Q969G3_PLMPYMRYS|0.0
Q13131|Q969G3_EKQEYLNEY|0.0
Q13131|Q969G3_AYHNSPAYL|0.195
Q13131|Q969G3_NSPAYLAYI|0.0
Q13131|Q969G3_AYLAYINAK|0.0
Q13131|Q969G3_KGEPYMSIQ|0.0
Q13131|Q969G3_SMKHTATAR|0.0
Q13131|Q969G3_KHTATARFQ|0.0
Q13131|Q969G3_HRLISEILS|0.734
Q13131|Q969G3_FLESTDSFN|0.0
Q13131|Q969G3_RSQSSIVPE|0.574
Q13131|Q969G3_HLEETTESQ|0.0
Q13131|Q969G3_ETTESQQNG|0.105
Q13131|Q969G3_EEGTSTPED|0.0
Q13131|Q9HD45_DAFVYAIKN|0.456
Q13131|Q9HD45_LGDEYGWKQ|0.426
Q13131|Q14683_SMVYSEEGA|0.0
Q13131|Q14683_GSSEYKINN|0.0
Q13131|Q14683_QLHEYSEEL|0.0
Q13131|Q14683_PKERTALFE|0.0
Q13131|Q14683_EISRSGELA|0.0
Q13131|Q14683_LAQEYDKRK|0.0
Q13131|Q14683_AEEDTQFNY|0.0
Q13131|Q14683_TQFNYHRKK|0.52
Q13131|Q14683_KEKDSELNQ|0.0
Q13131|Q14683_AAKKSLQNA|0.0
Q13131|Q14683_AQKHYKKRK|0.003
Q13131|Q14683_GRDLTLEEN|0.0
Q13131|Q14683_KLEEYITTS|0.0
Q13131|Q14683_IKRLYPGSV|0.0
Q13131|Q14683_TQKKYQIAV|0.115
Q13131|Q14683_LPLDYLEVK|0.0
Q13131|Q14683_KALQYACGN|0.0
Q13131|Q14683_ALDGTLFQK|0.0
Q13131|Q14683_SGVISGGAS|0.0
Q13131|Q14683_SGGASDLKA|0.293
Q13131|Q14683_RQVQSQAHG|0.077
Q13131|Q14683_MRLKYSQSD|0.078
Q13131|Q14683_RLKYSQSDL|0.004
Q13131|Q14683_KYSQSDLEQ|0.0
Q13131|Q14683_LSKGTMDDI|0.735
Q13131|Q14683_QEMNTLQQK|0.0
Q13131|Q14683_KFQETSDEF|0.0
Q13131|Q14683_MDNLSGGEK|0.0
Q13131|Q14683_SKVLTFDLT|0.0
Q13131|Q14683_TFDLTKYPD|0.0
Q13131|Q8NDV3_ERYQSLLEE|0.0
Q13131|Q8NDV3_GRFITAIVV|0.0
Q13131|Q8NDV3_ERQKTVALD|0.0
Q13131|Q8NDV3_ALDGTLFLK|0.0
Q13131|Q8NDV3_SDLKYKARC|0.0
Q13131|Q8NDV3_GLMKTLRKE|0.431
Q13131|Q8NDV3_EKQKTRLNV|0.556
Q13131|Q8NDV3_VTQNSSAEK|0.0
Q13131|Q8NDV3_TQNSSAEKV|0.0
Q13131|Q8NDV3_TEAESTQAT|0.0
Q13131|Q8NDV3_STQATIDIY|0.0
Q13131|Q8NDV3_MDNLSGGEK|0.0
Q13131|Q8NDV3_IYPEYDDCM|0.0
Q13131|O95347_QDLVYKNGQ|0.137
Q13131|O95347_TKVRSAEEL|0.294
Q13131|O95347_QEELSENDK|0.185
Q13131|O95347_KDKETGGIL|0.0
Q13131|O95347_NKEESLLEK|0.0
Q13131|O95347_RRQLSRDIG|0.83
Q13131|O95347_KRRYTIIPL|0.0
Q13131|O95347_GGARSQAAS|0.552
Q13131|O95347_QNNDSQLKI|0.243
Q13131|O95347_MNVLTEAEE|0.0
Q13131|O95347_VLFKTKFVD|0.001
Q13131|Q9UQE7_YRDQTIVDP|0.0
Q13131|Q9UQE7_LHEGTGPRV|0.513
Q13131|Q9UQE7_KKDQYFLDK|0.0
Q13131|Q9UQE7_RSNPYYIVK|0.074
Q13131|Q9UQE7_ELAQYQKWD|0.0
Q13131|Q9UQE7_RALEYTIYN|0.0
Q13131|Q9UQE7_KEQLSAERQ|0.822
Q13131|Q9UQE7_SQFTSKEER|0.0
Q13131|Q9UQE7_NRLFYHIVD|0.336
Q13131|Q9UQE7_HIVDSDEVS|0.0
Q13131|Q9UQE7_RDTAYPETN|0.0
Q13131|Q9UQE7_SKLRYNPRF|0.438
Q13131|Q9UQE7_LICRSMEVS|0.002
Q13131|Q9UQE7_SMEVSTQLA|0.045
Q13131|Q9UQE7_LTGGYYDTR|0.002
Q13131|Q9UQE7_TGGYYDTRK|0.012
Q13131|Q9UQE7_DTRKSRLEL|0.063
Q13131|Q9UQE7_AMESTRESL|0.434
Q13131|Q9UQE7_LSQLSLEDQ|0.0
Q13131|Q9UQE7_RVETYLNEN|0.0
Q13131|Q9UQE7_LEKMTNRQG|0.933
Q13131|Q9UQE7_GSGESERGS|0.511
Q13131|Q9UQE7_SGSQSSVPS|0.559
Q13131|Q9UQE7_GSQSSVPSV|0.757
Q13131|Q9NTJ3_RLMITHIVN|0.0
Q13131|Q9NTJ3_HKRFSCIIG|0.002
Q13131|Q9NTJ3_LIHNSDEHK|0.104
Q13131|Q9NTJ3_EGDDYEVIP|0.0
Q13131|Q9NTJ3_YVSRTACRD|0.0
Q13131|Q9NTJ3_NTSVYHISG|0.0
Q13131|Q9NTJ3_VYHISGKKK|0.026
Q13131|Q9NTJ3_IHEDTKEIN|0.0
Q13131|Q9NTJ3_LMGFSKSVN|0.0
Q13131|Q9NTJ3_LIAASETLK|0.0
Q13131|Q9NTJ3_AASETLKER|0.0
Q13131|Q9NTJ3_TNFKSLVHD|0.307
Q13131|Q9NTJ3_EEAKSSLAM|0.008
Q13131|Q9NTJ3_EAKSSLAMN|0.0
Q13131|Q9NTJ3_AMNRSRGKV|0.789
Q13131|Q9NTJ3_AKKMTEIQT|0.0
Q13131|Q9NTJ3_TEIQTPENT|0.0
Q13131|Q9NTJ3_RQAFYFALR|0.581
Q13131|Q9NTJ3_WRVVTLQGQ|0.265
Q13131|Q9NTJ3_LEKFTASIQ|0.0
Q13131|Q9NTJ3_KDALSIKLK|0.011
Q13131|Q9NTJ3_AEHNSKIKY|0.428
Q13131|Q9NTJ3_ISKISLHPI|0.01
Q13131|Q9NTJ3_ISVLSPEDL|0.302
Q13131|Q9NTJ3_DKITYERDS|0.0
Q13131|Q9NTJ3_LIGIYKTYN|0.0
Q13131|Q8IY18_SKKTSTPSP|0.0
Q13131|Q8IY18_KKTSTPSPQ|0.448
Q13131|Q8IY18_SPQPSKRAL|0.0
Q13131|Q8IY18_RDPSSEVPS|0.002
Q13131|Q8IY18_KKSTTQKIV|0.002
Q13131|Q8IY18_KQLETSCKE|0.0
Q13131|Q8IY18_QLETSCKEK|0.0
Q13131|Q8IY18_PWVEYENVR|0.0
Q13131|Q8IY18_VRQEYEEVK|0.002
Q13131|Q8IY18_IKEASQKCK|0.0
Q13131|Q8IY18_NHIPSNDLR|0.578
Q13131|Q8IY18_AEEKYVVKT|0.0
Q13131|Q8IY18_KTSFYSNKV|0.0
Q13131|Q8IY18_AKLVTELTN|0.0
Q13131|Q8IY18_VTELTNLIK|0.247
Q13131|Q8IY18_YMAASSQLR|0.0
Q13131|Q8IY18_CKENTSQYF|0.0
Q13131|Q8IY18_KENTSQYFF|0.0
Q13131|Q8IY18_QNLPYSEKM|0.0
Q13131|Q8IY18_RRRITFTQP|0.0
Q13131|Q96SB8_ENFSSPKNA|0.458
Q13131|Q96SB8_GSRSYKLKS|0.0
Q13131|Q96SB8_YKLKSATGS|0.002
Q13131|Q96SB8_LKSATGSVV|0.546
Q13131|Q96SB8_SATGSVVST|0.099
Q13131|Q96SB8_GSVVSTRKE|0.574
Q13131|Q96SB8_SVVSTRKEE|0.0
Q13131|Q96SB8_MKEDYSYIM|0.0
Q13131|Q96SB8_EDYSYIMET|0.0
Q13131|Q96SB8_ERFQSIAGL|0.373
Q13131|Q96SB8_IAGLSTMKT|0.002
Q13131|Q96SB8_RDVDSEISD|0.4
Q13131|Q96SB8_AENKYDAIK|0.163
Q13131|Q96SB8_EHLDTLNKK|0.0
Q13131|Q96SB8_ARETYLDLD|0.0
Q13131|Q96SB8_LDLDSKVRT|0.0
Q13131|Q96SB8_ILRMSDPER|0.004
Q13131|A6NHR9_PGGASVGTE|0.527
Q13131|A6NHR9_REKESELGD|0.649
Q13131|A6NHR9_TLGISPEEK|0.191
Q13131|A6NHR9_FLPHYDTLV|0.0
Q13131|A6NHR9_PHYDTLVKS|0.002
Q13131|A6NHR9_KPADSQDVH|0.299
Q13131|A6NHR9_KEAIYSGYI|0.343
Q13131|A6NHR9_NRKPSDSVH|0.923
Q13131|A6NHR9_KPSDSVHIT|0.607
Q13131|A6NHR9_SNLKTTFQE|0.0
Q13131|A6NHR9_NLKTTFQEN|0.441
Q13131|A6NHR9_SNVRSVASR|0.037
Q13131|A6NHR9_MAALTKEKD|0.899
Q13131|A6NHR9_KRKLSEQEE|0.897
Q13131|A6NHR9_KPRRSCTLP|0.721
Q13131|A6NHR9_LPLDSIYKK|0.296
Q13131|A6NHR9_LDSIYKKTL|0.0
Q13131|A6NHR9_DWKRSLPHF|0.694
Q13131|A6NHR9_CKLDSVNKD|0.0
Q13131|A6NHR9_SQLEYLRTP|0.0
Q13131|A6NHR9_EYLRTPDMR|0.001
Q13131|A6NHR9_KLGMTPIRK|0.33
Q13131|A6NHR9_KCNDSLRHS|0.19
Q13131|Q147U7_KALASQAAQ|0.0
Q13131|Q147U7_EKQKSSLEE|0.0
Q13131|A6NFE2_KLNVTEGAM|0.0
Q13131|A6NFE2_ILDRSDDED|0.0
Q13131|A6NFE2_ENPQTDFLH|0.0
Q13131|A6NFE2_KDMLTLKGQ|0.0
Q13131|A2RU48_NHAITEVIN|0.0
Q13131|A2RU48_EVINTVKHQ|0.0
Q13131|Q96C03_ELQAYFRSK|0.036
Q13131|Q9NQG6_SGKRSWEEP|0.846
Q13131|Q9NQG6_NWMGSPRLL|0.686
Q13131|Q9NQG6_RSLQTLPTD|0.622
Q13131|Q9NQG6-2_GLSRSLQTL|0.0
Q13131|Q8TEV9_WSKLSGAKF|0.109
Q13131|Q8TEV9_FILISEFSE|0.342
Q13131|Q8TEV9_CRPAYTPKL|0.552
Q13131|Q8TEV9_EKQESIPSK|0.455
Q13131|Q8TEV9_KVLISVGSY|0.674
Q13131|Q8TEV9_SYKSSVESV|0.589
Q13131|Q8TEV9_DMKGSISSG|0.914
Q13131|Q8TEV9_KGSISSGES|0.815
Q13131|Q8TEV9_VSHRTISED|0.396
Q13131|Q8TEV9_HRTISEDSI|0.302
Q13131|Q8TEV9_ISEDSIEVL|0.521
Q13131|Q8TEV9_VLPSTPAHT|0.43
Q13131|Q8TEV9_TPAHTHSDE|0.659
Q13131|Q8TEV9_AHTHSDEDG|0.574
Q13131|Q8TEV9_GVVSSPPQR|0.403
Q13131|Q8TEV9_ANPSSRDNS|0.555
Q13131|Q8TEV9_SRDNSCEGF|0.727
Q13131|Q8TEV9_ISKTSLDNY|0.624
Q13131|Q8TEV9_SVASTSSDR|0.242
Q13131|Q8TEV9_LDNKTLRCP|0.362
Q13131|Q8TEV9_RCPLYRGTL|0.545
Q13131|Q8TEV9_LRFDYVPSF|0.501
Q13131|Q8TEV9_DYVPSFLYK|0.576
Q13131|Q6IN85_VRAESDGSL|0.976
Q13131|Q6IN85_ESDGSLLLE|0.426
Q13131|Q6IN85_LLLESKINP|0.506
Q13131|Q6IN85_FDDMSSPGL|0.618
Q13131|Q6IN85_SSLPSPLRR|0.767
Q13131|Q6IN85_ENEGYIKKL|0.419
Q13131|Q6IN85_FAQLTDEAT|0.456
Q13131|Q6IN85_TDEATDEEK|0.0
Q13131|Q6IN85_AFFKTLSNM|0.808
Q13131|Q6IN85_FYNRYIMKS|0.452
Q13131|Q6IN85_EDVDYVQTF|0.291
Q13131|Q6IN85_DSMRSILRN|0.952
Q13131|Q6IN85_RDARTLEDE|0.458
Q13131|Q6IN85_MWFNTDEDD|0.001
Q13131|Q6IN85_VVSPSDKTK|0.256
Q13131|Q6IN85_PSDKTKNDD|0.378
Q13131|Q6IN85_MDPISKFME|0.001
Q13131|Q6IN85_VLLKTNLSG|0.59
Q13131|Q6IN85_KTNLSGRQS|0.986
Q13131|Q6IN85_RQSPSFKLS|0.972
Q13131|Q6IN85_KTNLTSQSS|0.292
Q13131|Q6IN85_PKNTSQTAA|0.949
Q13131|Q6IN85_GLVDYPDDD|0.517
Q13131|Q5MIZ7_VRAESDGSL|0.731
Q13131|Q5MIZ7_ESDGSLLLE|0.002
Q13131|Q5MIZ7_LLLESKINP|0.258
Q13131|Q5MIZ7_SVLSSPIRR|0.391
Q13131|Q5MIZ7_ENEGYIKKL|0.009
Q13131|Q5MIZ7_TTNKTEKSE|0.0
Q13131|Q5MIZ7_LLTNTSEDK|0.0
Q13131|Q5MIZ7_LTNTSEDKC|0.0
Q13131|Q5MIZ7_KGLKTKYEQ|0.001
Q13131|Q5MIZ7_LKTKYEQEK|0.228
Q13131|Q5MIZ7_PKRTSPGGF|0.0
Q13131|Q5MIZ7_KFTFSHSAS|0.581
Q13131|Q5MIZ7_TFSHSASAA|0.0
Q13131|Q5MIZ7_GLVDYPDDE|0.0
Q13131|Q5MIZ7-3_NIVGSNKNN|0.0
Q13131|Q5MIZ7-3_NKNNTICPG|0.0
Q13131|Q12766_LDPNSKLSA|0.002
Q13131|Q12766_QNQMSPKGP|0.0
Q13131|Q12766_VELASGVSS|0.0
Q13131|Q12766_RGKPSLLAA|0.0
Q13131|Q12766_RQAFSLSDK|0.61
Q13131|Q12766_AFSLSDKTP|0.0
Q13131|Q12766_LSDKTPSVR|0.0
Q13131|Q12766_LQTVTAQVK|0.0
Q13131|Q96Q15_WQPRTDSAS|0.0
Q13131|Q96Q15_PRTDSASAD|0.008
Q13131|Q96Q15_DNLKYSSSR|0.0
Q13131|Q96Q15_VNGGSGENT|0.579
Q13131|Q96Q15_YGRKSLGQE|0.0
Q13131|Q96Q15_RALATKDMR|0.0
Q13131|Q96Q15_DMRKSQERS|0.0
Q13131|Q96Q15_SQERSMSYS|0.0
Q13131|Q96Q15_ERSMSYSDE|0.033
Q13131|Q96Q15_RSMSYSDES|0.016
Q13131|Q96Q15_SMSYSDESR|0.0
Q13131|Q96Q15_YSDESRLSN|0.0
Q13131|Q96Q15_LRRITREDD|0.0
Q13131|Q96Q15_VKLLYLCAT|0.0
Q13131|Q96Q15_YLCATYKAL|0.0
Q13131|Q96Q15_LCATYKALE|0.0
Q13131|Q96Q15_KALETVGEK|0.714
Q13131|Q96Q15_AHAVYQAVL|0.0
Q13131|Q96Q15_MWALSPTVF|0.0
Q13131|Q96Q15_ALSPTVFAL|0.0
Q13131|Q96Q15_FALLSKNLM|0.0
Q13131|Q96Q15_KKHFSIILN|0.0
Q13131|Q96Q15_APLFSLPSF|0.0
Q13131|Q96Q15_RDQSTIPRN|0.0
Q13131|Q96Q15_EKLMYNAYE|0.0
Q13131|Q96Q15_MYNAYEGCA|0.0
Q13131|Q96Q15_ANALTSPPK|0.0
Q13131|Q96Q15_NALTSPPKV|0.0
Q13131|Q96Q15_QPAVTVRHG|0.0
Q13131|Q96Q15_KKSTSSTSL|0.0
Q13131|Q96Q15_TSSTSLNLK|0.0
Q13131|Q96Q15_VKAEYAVAK|0.0
Q13131|Q96Q15_VDNASQGEG|0.0
Q13131|Q96Q15_LLPDTITEE|0.0
Q13131|Q96Q15_IVMATLRLL|0.0
Q13131|Q96Q15_ELLVSECEG|0.505
Q13131|Q96Q15_CEGGSPPAS|0.0
Q13131|Q96Q15_SPPASQDSN|0.0
Q13131|Q96Q15_ASQDSNKDE|0.013
Q13131|Q96Q15_DEPKSGLNE|0.187
Q13131|Q96Q15_SDGKSYPYL|0.0
Q13131|Q96Q15_DGKSYPYLF|0.0
Q13131|Q96Q15_KSYPYLFKG|0.0
Q13131|Q96Q15_HARHYSVTP|0.0
Q13131|Q96Q15_DSYQTPQNP|0.0
Q13131|Q96Q15_PSELYYSKI|0.003
Q13131|Q96Q15_SELYYSKIG|0.0
Q13131|Q96Q15_ELYYSKIGP|0.502
Q13131|Q96Q15_TVGLSLDVS|0.0
Q13131|Q96Q15_LQHRYSEHT|0.0
Q13131|Q96Q15_QHRYSEHTQ|0.0
Q13131|Q96Q15_TLQRYAADI|0.0
Q13131|Q96Q15_LCTLTRRNL|0.001
Q13131|Q96Q15_TPKMSAGQM|0.0
Q13131|Q96Q15_RRLETSISS|0.466
Q13131|Q96Q15_AAVRSNTGQ|0.0
Q13131|Q96Q15_SVACSPKKA|0.0
Q13131|Q96Q15_NRRMSVAEQ|0.0
Q13131|Q6P435_WQPRTDSAS|0.0
Q13131|Q6P435_GNLKYSSSR|0.0
Q13131|Q6P435_NNVTSPEFT|0.0
Q13131|Q6P435_RALATKDMR|0.0
Q13131|Q6P435_DMRKSQERS|0.0
Q13131|Q6P435_RSMSYCDES|0.0
Q13131|Q6P435_YCDESRLSN|0.0
Q13131|Q9UPR3_PPPVTPQVG|0.036
Q13131|Q9UPR3_FSRLSCLRR|0.0
Q13131|Q9UPR3_EGFESDSSH|0.036
Q13131|Q9UPR3_SARASEGSD|0.048
Q13131|Q9UPR3_ASEGSDSGS|0.014
Q13131|Q9UPR3_EGSDSGSDK|0.0
Q13131|Q9UPR3_SDSGSDKSL|0.0
Q13131|Q9UPR3_QESRSDLED|0.858
Q13131|Q9UPR3_TRSPTLEPP|0.357
Q13131|Q9UPR3_EAPDSLNGP|0.0
Q13131|Q9UPR3_QLEVSQLEG|0.261
Q13131|Q9UPR3_QLEGSLQQP|0.013
Q13131|Q9UPR3_EVGKSFERH|0.578
Q13131|Q92540_TDLEYALDK|0.0
Q13131|Q92540_KSVLSTSRN|0.947
Q13131|Q92540_SRNLSNNCD|0.0
Q13131|Q92540_NNCDTGEKP|0.046
Q13131|Q92540_GFQQYQQAD|0.0
Q13131|Q92540_VKQPYYLQT|0.0
Q13131|Q92540_LMSHSSSFL|0.0
Q13131|Q92540_SHSSSFLSL|0.0
Q13131|Q92540_FNEVYGKNL|0.004
Q13131|Q92540_WHQASTPSG|0.0
Q13131|Q92540_HQASTPSGT|0.0
Q13131|Q92540_ASTPSGTWT|0.0
Q13131|Q8ND04_TEAGSQDYS|0.0
Q13131|Q8ND04_LLQAYYSQE|0.415
Q13131|Q8ND04_LQAYYSQES|0.161
Q13131|Q8ND04_YSQESKVLY|0.569
Q13131|Q8ND04_EDQIYRIFR|0.807
Q13131|Q8ND04_PAPLSGPRR|0.286
Q13131|Q8ND04_DSSSSSSSG|0.1
Q13131|Q8ND04_LRVYSQHAR|0.877
Q13131|Q8ND04_HEDCYKFWS|0.0
Q13131|Q8ND04_CEERSLTDQ|0.79
Q13131|Q8ND04_SLPKSGEKP|0.642
Q13131|Q8ND04_FEPSTPDPA|0.348
Q13131|Q8ND04_APPDSDADK|0.01
Q13131|Q8ND04_RQASTVEYL|0.47
Q13131|Q8ND04_STVEYLPGM|0.085
Q13131|Q8ND04_LPKFSSWSL|0.295
Q13131|Q8ND04_GPKESALKA|0.309
Q13131|Q8ND04_DMPLYILSS|0.49
Q13131|Q8ND04_YILSSSQGR|0.803
Q13131|Q9H0W8_QPGLYGIER|0.007
Q13131|Q9H0W8_KEPGSGGPQ|0.416
Q13131|Q9H0W8_VMQKTPIIL|0.609
Q13131|Q9H0W8_PIILSKPPA|0.0
Q13131|Q9H0W8_PVAVTGAST|0.0
Q13131|Q9H0W8_VTGASTPEG|0.0
Q13131|Q9H0W8_TGASTPEGT|0.0
Q13131|Q9H0W8_TPEGTAPPP|0.111
Q13131|Q9H0W8_GQRPTQPVY|0.03
Q13131|B2RUZ4_GAVSSTEEA|0.73
Q13131|B2RUZ4_AVSSTEEAS|0.598
Q13131|B2RUZ4_TEEASRCRR|0.0
Q13131|P0DJ93_GDTGSQEGD|0.0
Q13131|P0DJ93_DHEPSGSET|0.0
Q13131|P0DJ93_EPSGSETEE|0.0
Q13131|P0DJ93_SGSETEEDT|0.0
Q13131|P0DJ93_EEDTSSSPH|0.0
Q13131|P0DJ93_HRPLT____|0.0
Q13131|P0DL12___MQSLRPE|0.0
Q13131|P0DL12_EPERTKTLL|0.0
Q13131|P0DL12_ERTKTLLPR|0.667
Q13131|P0DKX4_KDLKSEPNP|0.0
Q13131|P0DKX4_NPLRSMMDN|0.481
Q13131|Q96E16_MRIFSVPPT|0.0
Q13131|Q96E16_QLEMYSISR|0.004
Q13131|Q8N5G0_LKVWSDPFG|0.0
Q13131|O75264_FRMESNLYQ|0.528
Q13131|O75264_ESNLYQDQS|0.0
Q13131|O75264_ERAKSTVM_|0.0
Q13131|O75264_RAKSTVM__|0.0
Q13131|Q8WVI0_RRKASERQY|0.0
Q13131|Q9BQ49_SREPSTGDN|0.0
Q13131|Q9BQ49_EFLLSLRYF|0.0
Q13131|Q96KF7____MSSAPE|0.0
Q13131|Q96KF7___MSSAPEP|0.0
Q13131|Q96KF7_RGVRTTTLF|0.0
Q13131|Q96KF7_KKDLYEAID|0.0
Q13131|Q96KF7_EAIDSEGHS|0.0
Q13131|A6NGZ8_PLPLSALGI|0.0
Q13131|Q15746_GIRGTFSLV|0.776
Q13131|Q15746_DRGKYTCEA|0.009
Q13131|Q15746_TCEATNGSG|0.0
Q13131|Q15746_ARQVTVELT|0.007
Q13131|Q15746_GDRFSAPAV|0.687
Q13131|Q15746_SKLDSLEAA|0.0
Q13131|Q15746_SKLESCKDS|0.638
Q13131|Q15746_SCKDSPRTA|0.0
Q13131|Q15746_DSPRTAPQT|0.111
Q13131|Q15746_TAPQTPVLQ|0.581
Q13131|Q15746_LGVLSPSGE|0.0
Q13131|Q15746_VLSPSGEER|0.002
Q13131|Q15746_SKPQSQEVK|0.715
Q13131|Q15746_RQEGSIEVY|0.004
Q13131|Q15746_EDAGSHYLC|0.0
Q13131|Q15746_TYSCTASNA|0.0
Q13131|Q15746_EVAPSFSSV|0.587
Q13131|Q15746_REPASCEDL|0.0
Q13131|Q15746_DRYGSLRPG|0.666
Q13131|Q15746_TRQHTEEAI|0.777
Q13131|Q15746_TKTLSEDDL|0.0
Q13131|Q15746_KRSESQGTA|0.073
Q13131|Q15746_SQEGSLCSV|0.591
Q13131|Q15746_RPKSSLPPV|0.035
Q13131|Q15746_PAPKTPPKA|0.0
Q13131|Q15746_AINVYGTSE|0.24
Q13131|Q15746_ENAGSLKVL|0.922
Q13131|Q15746_VLFGTPEFV|0.0
Q13131|Q15746_EKLESEEDV|0.839
Q13131|Q15746_EEDVSQAFL|0.654
Q13131|Q15746_VVEGSAARF|0.0
Q13131|Q15746_KIEGYPDPE|0.0
Q13131|Q15746_KDDQSIRES|0.649
Q13131|Q15746_SIRESRHFQ|0.902
Q13131|Q16637_LIKAYDKAV|0.546
Q13131|Q16637_ICETSGKPK|0.203
Q13131|Q16637_GKPKTTPKR|0.503
Q13131|Q16637_KKNKSQKKN|0.515
Q13131|Q16637_NTAASLQQW|0.482
Q13131|Q16637_DGCIYPATI|0.001
Q13131|Q16637_CVVVYTGYG|0.0
Q13131|Q16637_VYTGYGNRE|0.355
Q13131|Q16637_ESQVSTDES|0.0
Q13131|Q16637_ENSRSPGNK|0.005
Q13131|Q16637_PGNKSDNIK|0.499
Q13131|Q16637_APWNSFLPP|0.35
Q13131|Q99835_RGAASSGNA|0.453
Q13131|Q99835_PGPRSAGGS|0.0
Q13131|Q99835_SAGGSARRS|0.0
Q13131|Q99835_GPIHSRTNL|0.4
Q13131|Q99835_MDADSDF__|0.577
Q13131|Q9H4F8_VQNKTPVCS|0.001
Q13131|P53814_GQLESMNDV|0.885
Q13131|P53814_SPPKTTSPE|0.0
Q13131|P53814_PPKTTSPEP|0.0
Q13131|P53814_EPQESPTLP|0.016
Q13131|P53814_NKLLSGPKE|0.782
Q13131|P53814_GPKETPAAQ|0.297
Q13131|P53814_AQSPTRGPS|0.601
Q13131|P53814_TPLASGPSS|0.0
Q13131|P53814_ASGPSSFQR|0.0
Q13131|P53814_VHKFTSDSP|0.061
Q13131|P53814_HKFTSDSPM|0.974
Q13131|P53814_PSLTSTTPA|0.0
Q13131|P53814_SLTSTTPAS|0.66
Q13131|P53814_SSSGSSSRG|0.002
Q13131|P53814_SSGSSSRGP|0.638
Q13131|P53814_SDTSSRFSK|0.769
Q13131|P53814_SSRFSKEQR|0.922
Q13131|P53814_VLLPTGNQR|0.137
Q13131|P53814_LGSVTHVTS|0.007
Q13131|P53814_RSPLSAEEL|0.0
Q13131|P53814_EELMTIEDE|0.0
Q13131|P53814_TVESSFVRR|0.895
Q13131|P53814_FVRRSENGS|0.98
Q13131|P53814_KKMGSIFDR|0.078
Q13131|P53814_PRAGSLAAL|0.917
Q13131|P53814_MKAQSLPKT|0.181
Q13131|P53814_GAAGSPGGP|0.07
Q13131|P53814_VQRSTSFGV|0.644
Q13131|P53814_PNANSIKQM|0.88
Q13131|P53814-5_SLTSTTPAS|0.0
Q13131|P53814-5_SSSGSSSRG|0.0
Q13131|P53814-5_SSGSSSRGP|0.241
Q13131|Q9NWM0___MQSCESS|0.013
Q13131|Q9NWM0_QSCESSGDS|0.0
Q13131|Q9NWM0_SCESSGDSA|0.0
Q13131|Q9NWM0_SSGDSADDP|0.191
Q13131|Q9NWM0_VGRISLYSK|0.449
Q13131|Q9NWM0_MIQQYLKVE|0.545
Q13131|Q9NWM0-3_QVLFSGEAT|0.0
Q13131|P17405_RYGASLRQS|0.065
Q13131|P17405_CRRGSGLPP|0.509
Q13131|P17405_LPPASRPGA|0.341
Q13131|Q9NY59_AVPGSIKRT|0.71
Q13131|Q9NY59_ASVEYKGDG|0.453
Q13131|Q9NY59_PRGQTPNHN|0.455
Q13131|Q9NY59_LYKASVVKK|0.43
Q13131|Q9NXE4_DSPLYHNKV|0.0
Q13131|Q9NXE4_PFASYGLHH|0.0
Q13131|Q9NXE4_KRHISHQTS|0.141
Q13131|Q9NXE4_ISHQTSVNA|0.0
Q13131|Q9NXE4_SHQTSVNAD|0.0
Q13131|Q9NXE4_QKMQSPHAK|0.0
Q13131|Q9NXE4_QAPGSDSQP|0.0
Q13131|Q9NXE4_TFTGSFLSP|0.0
Q13131|Q9NXE4_IFRLSEAQL|0.601
Q13131|Q9NXE4_LRQFTLALG|0.502
Q13131|Q9NXE4_LALGTTQDE|0.0
Q13131|Q92484_AGQFYGHTH|0.0
Q13131|Q92484_WKLEYILTQ|0.0
Q13131|Q92484_ILTQTYDIE|0.0
Q13131|Q92485_VERLTKLIR|0.576
Q13131|Q92485_GVPISAMFI|0.0
Q13131|Q9Y618_ARTHTDVGL|0.481
Q13131|Q9Y618_RDYASHLSP|0.515
Q13131|Q9Y618_GNERSQELH|0.578
Q13131|Q9Y618_LLRPSPLLA|0.366
Q13131|Q9Y618_PPIESKHRS|0.0
Q13131|Q9Y618_KVREYYEKQ|0.33
Q13131|Q9Y618_VREYYEKQF|0.001
Q13131|Q9Y618_EHEVSEIID|0.002
Q13131|Q9Y618_IDGLSEQEN|0.698
Q13131|Q9Y618_GLIASFLER|0.98
Q13131|Q9Y618_LKEKTDDTS|0.663
Q13131|Q9Y618_EMEASGVSG|0.001
Q13131|Q9Y618_ASGVSGNEE|0.097
Q13131|Q9Y618_SGPATVNNS|0.0
Q13131|Q9Y618_ASEATGAPT|0.0
Q13131|Q9Y618_TGAPTPPPA|0.0
Q13131|Q9Y618_PAPPSPSAP|0.144
Q13131|Q9Y618_PPSPSAPPP|0.0
Q13131|Q9Y618_TTAKSSGAP|0.0
Q13131|Q9Y618_SPRPSLLTP|0.816
Q13131|Q9Y618_PIQVTKVHE|0.0
Q13131|Q9Y618_PRGKSRSPA|0.327
Q13131|Q9Y618_GKSRSPAPP|0.012
Q13131|Q9Y618_IGAISQGMS|0.267
Q13131|Q9Y618_VLRGTALGS|0.587
Q13131|Q9Y618_TALGSVPGG|0.0
Q13131|Q9Y618_VPGGSITKG|0.418
Q13131|Q9Y618_TRVPSDSAI|0.2
Q13131|Q9Y618_ITHGTPADV|0.105
Q13131|Q9Y618_GREDSLPKG|0.286
Q13131|Q9Y618_GHVIYEGKK|0.499
Q13131|Q9Y618_GRSSSGPPH|0.374
Q13131|Q9Y618_PPHETAAPK|0.031
Q13131|Q9Y618_RAISSASIE|0.064
Q13131|Q9Y618_ISSASIEGL|0.1
Q13131|Q9Y618_PERHSPHHL|0.273
Q13131|Q9Y618_AQEDYLRRE|0.0
Q13131|Q9Y618_PPPPSRDLT|0.001
Q13131|Q9Y618_EAGRSIHEI|0.0
Q13131|Q9Y618_ELRHTPELP|0.005
Q13131|Q9Y618_LKEGSITQG|0.443
Q13131|Q9Y618_EGSITQGTP|0.0
Q13131|Q9Y618_DTGASTTGS|0.001
Q13131|Q9Y618_HDVRSLIGS|0.61
Q13131|Q9Y618_SPGRTFPPV|0.254
Q13131|Q9Y618_ERACYEESL|0.003
Q13131|Q9Y618_SRPGTASSS|0.0
Q13131|Q9Y618_TASSSGGSI|0.0
Q13131|Q9Y618_QSPLTYEDH|0.115
Q13131|Q9Y618_LPRGSPVTT|0.379
Q13131|Q9Y618_GSPVTTREP|0.581
Q13131|Q9Y618_TREPTPRLQ|0.0
Q13131|Q9Y618_LQEGSLSSS|0.006
Q13131|Q9Y618_KLTSTPREI|0.31
Q13131|Q9Y618_SPHSTVPEH|0.024
Q13131|Q9Y618_PNPTYPHLY|0.489
Q13131|Q9Y618_PTPGTPATA|0.003
Q13131|Q9Y618_SRHSSSPLS|0.0
Q13131|Q9Y618_PGGPTHLTK|0.064
Q13131|Q9Y618_PTHLTKPTT|0.0
Q13131|Q9Y618_TTSSSERER|0.001
Q13131|Q9Y618_EREKSILTS|0.71
Q13131|Q9Y618_KSILTSTTT|0.347
Q13131|Q9Y618_LTSTTTVEH|0.661
Q13131|Q9Y618_PASHSHAHQ|0.385
Q13131|Q9Y618_AHQHSPISP|0.0
Q13131|Q9Y618_KGIITAVEP|0.0
Q13131|Q9Y618_AVEPSTPTV|0.296
Q13131|Q9Y618_VEPSTPTVL|0.0
Q13131|Q9Y618_PSTPTVLRS|0.268
Q13131|Q9Y618_PRADTGHAF|0.038
Q13131|Q9Y618_PPARSGLEP|0.0
Q13131|Q9Y618_LEPASSPSK|0.446
Q13131|Q9Y618_EPASSPSKG|0.0
Q13131|Q9Y618_ASSPSKGSE|0.0
Q13131|Q9Y618_PSKGSEPRP|0.397
Q13131|Q9Y618_VPPVSGHAT|0.114
Q13131|Q9Y618_LELRSLGYH|0.045
Q13131|Q9Y618_RSLGYHGSS|0.601
Q13131|Q9Y618_GYHGSSYSP|0.0
Q13131|Q9Y618_YHGSSYSPE|0.476
Q13131|Q9Y618_VSSPSLTHD|0.011
Q13131|Q9Y618_ESQPSSSPL|0.029
Q13131|Q9Y618_QPSSSPLLQ|0.0
Q13131|Q9Y618_PAPLYSFPG|0.042
Q13131|Q9Y618_APLYSFPGA|0.047
Q13131|Q9Y618_RRPPSDLYL|0.218
Q13131|Q9Y618_PARGSPHSE|0.0
Q13131|Q9Y618_PEGMTEPGH|0.0
Q13131|Q9Y618_GHSRSAVYP|0.0
Q13131|Q9Y618_RSAVYPLLY|0.0
Q13131|Q9Y618_SRMGSKSPG|0.828
Q13131|Q9Y618_SPGNTSQPP|0.002
Q13131|Q9Y618_PGNTSQPPA|0.0
Q13131|Q9Y618_KLTESNSAM|0.369
Q13131|Q9Y618_HTLTSPGGG|0.07
Q13131|Q9Y618_PGLASGDRP|0.0
Q13131|Q9Y618_SSVHSEGDC|0.279
Q13131|Q9Y618_CNRRTPLTN|0.349
Q13131|Q9Y618_EDRPSSAGS|0.026
Q13131|Q9Y618_SSAGSTPFP|0.209
Q13131|Q9Y618_SAGSTPFPY|0.0
Q13131|Q9Y618_GVMASPPPP|0.005
Q13131|Q9Y618_TLSDSE___|0.0
Q13131|Q9Y618-4_PRGKSRSPA|0.0
Q13131|Q9Y618-4_GKSRSPAPP|0.0
Q13131|P52788_EEIDSILNK|0.0
Q13131|P52788_LSQDSTGRV|0.633
Q13131|P52788_RLVEYDIDE|0.543
Q13131|P52788_DEVVYDEDS|0.0
Q13131|P52788_AIMGSGKED|0.002
Q13131|P52788_GKEDYTGKD|0.0
Q13131|P52788_KEDYTGKDV|0.537
Q13131|P52788_YMRKTCGDV|0.223
Q13131|P52788_EEDSTWEFL|0.0
Q13131|P52788_PVEFSKEIV|0.0
Q13131|Q8NHU3_PTNTYARPA|0.0
Q13131|Q8NHU3_GKPKSLSSG|0.474
Q13131|Q8NHU3_KSLSSGLRK|0.0
Q13131|Q8NHU3_GTKKYPDYI|0.002
Q13131|Q8NHU3_KYPDYIQIA|0.0
Q13131|Q8NHU3_NEKST____|0.0
Q13131|A8MU46_EGPPTESGK|0.0
Q13131|A8MU46_PPTESGKQE|0.0
Q13131|A8MU46_KEETTVGSQ|0.0
Q13131|A8MU46_SQEMTGRKE|0.0
Q13131|A8MU46_EETKSEPKE|0.0
Q13131|A8MU46_ERRVSAPAR|0.0
Q13131|A8MU46_GGAASGPTA|0.0
Q13131|A8MU46_ASGPTALFR|0.0
Q13131|A8MU46_SKCVYTYIQ|0.0
Q13131|Q2TAL5_GRGQSLDHD|0.0
Q13131|Q2TAL5_HDEASESEM|0.0
Q13131|Q2TAL5_ASKHSNSPP|0.0
Q13131|Q2TAL5_KHSNSPPLV|0.0
Q13131|Q2TAL5_PPLVTPPQS|0.0
Q13131|Q2TAL5_TPPQSPVSP|0.0
Q13131|Q2TAL5_QSPVSPQPP|0.0
Q13131|Q2TAL5_VRSQTLPRT|0.0
Q13131|Q2TAL5_RLKRSQSFG|0.436
Q13131|Q2TAL5_KRSQSFGVA|0.532
Q13131|Q2TAY7_LIMQYLKEN|0.111
Q13131|Q2TAY7_VVPPSRLMA|0.604
Q13131|Q2TAY7_SQILSASFD|0.232
Q13131|Q2TAY7_QIVRSFSSG|0.016
Q13131|Q2TAY7_VRSFSSGKR|0.478
Q13131|Q9HCE7_WNQHYDLYV|0.581
Q13131|Q9HCE7_HYDLYVGKT|0.436
Q13131|Q9HCE7_GTGGSVVDC|0.911
Q13131|Q9HCE7_HGHQSPELP|0.37
Q13131|Q9HCE7_QGQVYFLHT|0.707
Q13131|Q9HCE7_QTGVSTWHD|0.015
Q13131|Q9HCE7_NNRTTQFTD|0.897
Q13131|Q9HCE7_IFEESYRQI|0.611
Q13131|Q9HCE7_FEESYRQIM|0.534
Q13131|Q9HCE7_EGLDYGGVA|0.583
Q13131|Q9HCE7_CVADSNIVR|0.704
Q13131|Q9HAU4_VVDGSGQCH|0.979
Q13131|Q9HAU4_DRIGTGGQV|0.998
Q13131|Q9HAU4_EERRTASGR|0.522
Q13131|Q9HAU4_RRTASGRIQ|0.693
Q13131|Q9HAU4_GRPLSCFVD|0.494
Q13131|Q9HAU4_IFEESYRQV|0.435
Q13131|Q9HAU4_FEESYRQVM|0.34
Q13131|Q9HAU4_RDDIYTLQI|0.536
Q13131|Q9HAU4_FHGHYIDGG|0.033
Q13131|Q8NB12_AERAYSAVV|0.005
Q13131|Q8NB12_ERAYSAVVF|0.438
Q13131|Q8NB12_VVFDSLVNF|0.0
Q13131|Q8NB12_FVCHTCFKR|0.0
Q13131|Q8NB12_GCLVSVDDL|0.582
Q13131|Q8NB12_VFADTNIYM|0.519
Q13131|Q8NB12_DTNIYMLRM|0.256
Q13131|Q9NRG4_DLLFSCPAY|0.458
Q13131|Q9NRG4_AYVLTVNER|0.51
Q13131|Q9H7B4_LLFRSDPLA|0.473
Q13131|Q9H7B4_SEKLYSFYD|0.013
Q13131|Q9H7B4_LTICYLDML|0.017
Q13131|Q8IYR2_EASQTISDL|0.0
Q13131|Q8IYR2_VLPQTLQRN|0.0
Q13131|Q6GMV2_RARVSVEVR|0.0
Q13131|Q6GMV2_GLFATQLIR|0.66
Q13131|Q6GMV2_RSIHYPPET|0.254
Q13131|O95863_AELTSLSDE|0.387
Q13131|O95863_GHVRTHTGE|0.431
Q13131|O43623_LCNKTYSTF|0.0
Q13131|O43623_GHIRTHTGE|0.0
Q13131|O43623_CKNCSKTFS|0.728
Q13131|Q3KNW1_GHVRTHTGE|0.001
Q13131|Q3KNW1_VRTHTGEKP|0.584
Q13131|O60641_AAAQYSVTG|0.0
Q13131|O60641_VCKATTHEV|0.0
Q13131|O60641_CKATTHEVM|0.0
Q13131|O60641_KHLDYLIQA|0.0
Q13131|O60641_LIQATNETN|0.0
Q13131|O60641_ATNETNVNI|0.0
Q13131|O60641_QMADTLFER|0.0
Q13131|O60641_LFNLSNFLD|0.0
Q13131|O60641_SGAPSPLSK|0.001
Q13131|O60641_TPAKTIDTS|0.0
Q13131|O60641_KTIDTSPPV|0.0
Q13131|O60641_TIDTSPPVD|0.0
Q13131|P54920_KVKNSQSFF|0.941
Q13131|P54920_KNSQSFFSG|0.788
Q13131|P54920_AIEIYTDMG|0.291
Q13131|P54920_KHHISIAEI|0.0
Q13131|P54920_QSADYYKGE|0.0
Q13131|P54920_SADYYKGEE|0.0
Q13131|P54920_NVDSYTESV|0.15
Q13131|P54920_DQWLTTMLL|0.794
Q13131|Q99747_WKPDYDSAA|0.0
Q13131|Q99747_PDYDSAASE|0.0
Q13131|Q99747_DSAASEYGK|0.0
Q13131|Q99747_AASEYGKAA|0.0
Q13131|Q99747_LENGTPDTA|0.0
Q13131|Q99747_GTPDTAAMA|0.0
Q13131|Q99747_EKNIYKEIE|0.0
Q13131|Q99747_KLGLSLVVP|0.0
Q13131|Q99747_IKKKSPATP|0.539
Q13131|Q99747_EDEYSGGLC|0.275
Q13131|Q5SXM2_KDGKSLPPS|0.002
Q13131|Q5SXM2_SKVSSELER|0.002
Q13131|Q5SXM2_RLHFSLKKG|0.001
Q13131|Q5SXM2_RWSSTSSSG|0.003
Q13131|Q5SXM2_STSSSGSSS|0.1
Q13131|Q5SXM2_SGSSSGSSG|0.003
Q13131|Q5SXM2_SSGSSGGSS|0.0
Q13131|Q5SXM2_SSGGSSSSS|0.001
Q13131|Q5SXM2_SGGSSSSSS|0.0
Q13131|Q5SXM2_GGSSSSSSS|0.0
Q13131|Q5SXM2_GSSSSSSSS|0.0
Q13131|Q5SXM2_SSSSSSSSS|0.0
Q13131|Q5SXM2_SSSSSSSSE|0.0
Q13131|Q5SXM2_SSSSSSEED|0.0
Q13131|Q5SXM2_PPKGSSASQ|0.0
Q13131|Q5SXM2_PKGSSASQG|0.0
Q13131|Q5SXM2_SQGGSKEAS|0.0
Q13131|Q5SXM2_LPTSSPGVS|0.017
Q13131|Q5SXM2_PSCRTDTPA|0.0
Q13131|Q5SXM2_EPRGTPGSP|0.028
Q13131|Q5SXM2_LRALSGLLL|0.0
Q13131|Q5SXM2_RTTLSVPSR|0.38
Q13131|O00161_AHQITDESL|0.0
Q13131|O00161_ETEKTLTEL|0.0
Q13131|O00161_SGKAYKTTW|0.0
Q13131|O00161_TGAASGGYI|0.464
Q13131|O00161_ASGGYIKRI|0.548
Q13131|O00161_IKRITNDAR|0.924
Q13131|O00161_EENLTQVGS|0.587
Q13131|O00161_KLIDS____|0.0
Q13131|O95721_AYPKSYNPF|0.0
Q13131|O95721_YPKSYNPFD|0.3
Q13131|O95721_DRQQYLRQE|0.411
Q13131|O95721_RAEATAAST|0.572
Q13131|O95721_ATAASTSRS|0.0
Q13131|O95721_TAASTSRSL|0.0
Q13131|O95721_AASTSRSLA|0.547
Q13131|O95721_KHINSIKSV|0.0
Q13131|O95721_GLVNYFKSK|0.527
Q13131|O95721_AISTSKEQE|0.0
Q13131|O95721_QEAKYQASH|0.0
Q13131|O95721_SAMSTDAYP|0.0
Q13131|O95721_STDAYPKNP|0.0
Q13131|Q5SQN1_VADASVPRT|0.0
Q13131|Q5SQN1_LMAGSQKRL|0.0
Q13131|Q5SQN1_RLEDTARVL|0.0
Q13131|Q5SQN1_DKMESDLEV|0.0
Q13131|Q5SQN1_KLWKTPPET|0.0
Q13131|Q5SQN1_HRTESHVKP|0.0
Q13131|Q5SQN1_IKVHSPYEI|0.0
Q13131|Q5SQN1_WHAASGLMG|0.0
Q13131|Q5SQN1_LEAESELER|0.0
Q13131|Q5SQN1_RATLTIDKH|0.0
Q13131|Q16533_VGALYLLYG|0.063
Q13131|Q16533_LYLLYGLYN|0.404
Q13131|Q16533_LYGLYNTQL|0.456
Q13131|Q16533_GLYNTQLCQ|0.489
Q13131|Q16533_MKLITSDVL|0.225
Q13131|Q16533_KLITSDVLE|0.001
Q13131|Q16533_VHDHYQNMK|0.107
Q13131|Q16533_DKALSLIKD|0.44
Q13131|Q16533_GRKMSLRNK|0.421
Q13131|Q13487_SAPRTPDPA|0.004
Q13131|Q13487_KIYKYLSSV|0.0
Q13131|Q13487_YKYLSSVSR|0.0
Q13131|Q13487_APEETPPAT|0.0
Q13131|Q92966_DLDCSLEAA|0.313
Q13131|Q92966_CLDRTLYPL|0.445
Q13131|O75971_QSMISSRRG|0.007
Q13131|O75971_SMISSRRGD|0.477
Q13131|O75971_VPEQSHDML|0.001
Q13131|O75971_LELSTKSHV|0.003
Q13131|O95295_AGAGSAAVS|0.335
Q13131|O95295_RLNHSVAKE|0.0
Q13131|P37840_LYVGSKTKE|0.944
Q13131|P37840_VAEKTKEQV|0.01
Q13131|P37840_GAVVTGVTA|0.0
Q13131|P37840_VAQKTVEGA|0.0
Q13131|Q9Y6H5_FCVLSPVKS|0.113
Q13131|Q9Y6H5_SPVKSPHLR|0.097
Q13131|Q9Y6H5_ETEISPPLV|0.0
Q13131|Q9Y6H5_GLNRTSSQG|0.0
Q13131|Q9Y6H5_KKVKSILNI|0.0
Q13131|Q9Y6H5_TEKLTPAGL|0.0
Q13131|Q9Y6H5_LKEQTVERV|0.0
Q13131|Q9Y6H5_KSLPSSPSS|0.0
Q13131|Q9Y6H5_SLPSSPSSP|0.0
Q13131|Q9Y6H5_PSSPSSPSS|0.009
Q13131|Q9Y6H5_SSPSSPSSP|0.0
Q13131|Q9Y6H5_PSSPSSPAS|0.0
Q13131|Q9Y6H5_SSPSSPASR|0.0
Q13131|Q9Y6H5_SSPASRKSQ|0.0
Q13131|Q9Y6H5_QRSLSESDT|0.0
Q13131|Q9Y6H5_IKKHTLASG|0.001
Q13131|Q9Y6H5_HTLASGGRR|0.485
Q13131|Q9Y6H5_RFPFSIKAS|0.0
Q13131|Q9Y6H5_KASKSLDGH|0.0
Q13131|Q9Y6H5_LDGHSPSPT|0.001
Q13131|Q9Y6H5_PTSESSEPD|0.0
Q13131|Q9Y6H5_TSESSEPDL|0.0
Q13131|Q9Y6H5-6_QLPETKSSY|0.0
Q13131|Q16143_EGVLYVGSK|0.581
Q13131|Q16143_LYVGSKTRE|0.61
Q13131|O76070_KKGFSIAKE|0.0
Q13131|O76070_EGVMYVGAK|0.001
Q13131|O76070_VGAKTKENV|0.7
Q13131|O76070_QSVTSVAEK|0.595
Q13131|O76070_EGEASKEKE|0.0
Q13131|Q7KZF4__MASSAQSG|0.578
Q13131|Q7KZF4_SSAQSGGSS|0.589
Q13131|Q7KZF4_KMVLSGCAI|0.475
Q13131|Q7KZF4_EVCFTIENK|0.0
Q13131|Q7KZF4_YGMIYLGKD|0.514
Q13131|Q7KZF4_QNRLSECEE|0.578
Q13131|Q7KZF4_KGMWSEGNG|0.0
Q13131|Q7KZF4_EGNGSHTIR|0.243
Q13131|Q7KZF4_NGSHTIRDL|0.744
Q13131|Q7KZF4_RDLKYTIEN|0.0
Q13131|Q7KZF4_HFVDSHHQK|0.0
Q13131|Q7KZF4_IWRDYVAPT|0.543
Q13131|Q7KZF4_YVAPTANLD|0.0
Q13131|Q7KZF4_TIHLSSIRP|0.0
Q13131|Q7KZF4_IHLSSIRPP|0.408
Q13131|Q7KZF4_EGENTQDKN|0.0
Q13131|Q7KZF4_YDIPYMFEA|0.0
Q13131|Q7KZF4_VTVDYIRPA|0.698
Q13131|Q7KZF4_PATETVPAF|0.288
Q13131|Q7KZF4_VPAFSERTC|0.0
Q13131|Q7KZF4_DQRSSHYDE|0.009
Q13131|Q7KZF4_RSSHYDELL|0.378
Q13131|Q7KZF4_VADISGDTQ|0.259
Q13131|Q7KZF4_RAGRSEAVV|0.0
Q13131|Q7KZF4_AVVEYVFSG|0.002
Q13131|Q7KZF4_EYVFSGSRL|0.034
Q13131|Q7KZF4_VFSGSRLKL|0.026
Q13131|Q7KZF4_GEPFSEEAT|0.0
Q13131|Q7KZF4_VEVESMDKA|0.546
Q13131|Q7KZF4_AERSSYYKS|0.001
Q13131|Q7KZF4_SYYKSLLSA|0.079
Q13131|Q7KZF4_VWAHYEEQP|0.0
Q13131|Q7KZF4_PVEGSYAPR|0.41
Q13131|Q7KZF4_VEGSYAPRR|0.024
Q13131|Q7KZF4_EKVESPAKI|0.0
Q13131|Q7KZF4_DIQNTQCLL|0.0
Q13131|Q7KZF4_VEHLSAGCP|0.0
Q13131|Q7KZF4_QKVITEYLN|0.0
Q13131|Q7KZF4_VITEYLNAQ|0.071
Q13131|Q7KZF4_NAQESAKSA|0.0
Q13131|Q7KZF4_NLWRYGDFR|0.0
Q13131|Q8TER0_VKHATLRFN|0.0
Q13131|Q8TER0_RFNGTRLGA|0.0
Q13131|Q8TER0_RVTATSAHV|0.0
Q13131|Q8TER0_PKRVSLALQ|0.0
Q13131|Q96H20_GGLITLEEL|0.641
Q13131|Q96H20_EKNGYVTVS|0.439
Q13131|Q96H20_EIKASLKWE|0.0
Q13131|A8MWL6_EAGGSFDLR|0.0
Q13131|Q9C0H9_GNAPSQDPE|0.0
Q13131|Q9C0H9_DPERSSPPM|0.0
Q13131|Q9C0H9_PERSSPPML|0.0
Q13131|Q9C0H9_YPREYRTLG|0.0
Q13131|Q9C0H9_GGGGSGGRR|0.007
Q13131|Q9C0H9_ERRHTVIAA|0.0
Q13131|Q9C0H9_DHLKSKYPQ|0.345
Q13131|Q9C0H9_LSYASAESL|0.0
Q13131|Q9C0H9_ASAESLETM|0.0
Q13131|Q9C0H9_RFRQSLPLS|0.0
Q13131|Q9C0H9_SLPLSRSAS|0.0
Q13131|Q9C0H9_SRSASQTKL|0.0
Q13131|Q9C0H9_SASQTKLRS|0.007
Q13131|Q9C0H9_REMVYASRE|0.0
Q13131|Q9C0H9_MVYASRESS|0.008
Q13131|Q9C0H9_LNNLSPAPH|0.0
Q13131|Q9C0H9_PHLASGSPP|0.0
Q13131|Q9C0H9_LASGSPPPG|0.0
Q13131|Q9C0H9_PGLPSGLPS|0.0
Q13131|Q9C0H9_SGLPSGLQS|0.004
Q13131|Q9C0H9_SPSRSRLSY|0.0
Q13131|Q9C0H9_RSRLSYAGG|0.53
Q13131|Q9C0H9_SRLSYAGGR|0.0
Q13131|Q9C0H9_GRPPSYAGS|0.28
Q13131|Q9C0H9_RPPSYAGSP|0.245
Q13131|Q9C0H9_SYAGSPVHH|0.127
Q13131|Q9C0H9_AQGVSPSPS|0.003
Q13131|Q9C0H9_SPSPSAILE|0.0
Q13131|Q9C0H9_YADPYGLLH|0.0
Q13131|Q9C0H9_EGRLSLAAA|0.009
Q13131|Q9C0H9_GSVRSLSTY|0.245
Q13131|Q9C0H9_LSTYSAAAL|0.466
Q13131|Q9C0H9_AALQSDLED|0.0
Q13131|Q9C0H9_GGPLYGDGY|0.0
Q13131|Q9C0H9_LPPSSPQKL|0.0
Q13131|Q9C0H9_PPPHSPYSG|0.0
Q13131|Q9C0H9_HSPYSGPPS|0.0
Q13131|Q9C0H9_SGPPSRGSP|0.008
Q13131|Q9C0H9_PSRGSPVRQ|0.0
Q13131|Q9C0H9_PVRQSFRKD|0.0
Q13131|Q9C0H9_FRKDSGSSS|0.79
Q13131|Q9C0H9_KDSGSSSVF|0.0
Q13131|Q9C0H9_SGSSSVFAE|0.0
Q13131|Q9C0H9_VFAESPGGK|0.0
Q13131|Q9C0H9_PGERSLVGF|0.0
Q13131|Q9C0H9_SEPETPSEK|0.0
Q13131|Q9C0H9_NGAATPSAP|0.0
Q13131|Q9C0H9_QNSASDLRG|0.011
Q13131|Q9C0H9_NNLLSQSPK|0.774
Q13131|Q9C0H9_LLSQSPKKV|0.213
Q13131|Q9C0H9_KGLDTPGKR|0.0
Q13131|Q9C0H9_DKAVSVEAA|0.817
Q13131|Q9C0H9_LTQYSAKDI|0.365
Q13131|Q9C0H9_LLEETQAEL|0.001
Q13131|Q9C0H9_PRYRTEKPS|0.0
Q13131|Q9C0H9_KPSKSPPPP|0.0
Q13131|Q9C0H9_PPRRSFPSS|0.618
Q13131|Q9C0H9_KKAESEELE|0.367
Q13131|Q9C0H9_RRAVSEVAR|0.748
Q13131|Q9C0H9_GQAGSPDKS|0.0
Q13131|Q9C0H9_IPVLTSFGA|0.0
Q13131|Q8TAD8_RERGSRRRH|0.0
Q13131|Q8TAD8_HREPSEQEH|0.8
Q13131|Q8TAD8_HRGHSHQRR|0.388
Q13131|Q8TAD8_GGGGSESQE|0.0
Q13131|Q8TAD8_AVFQYRLVE|0.0
Q13131|Q8TAD8_RLVEYTRAD|0.032
Q13131|Q8TAD8_LVEYTRADG|0.325
Q13131|Q8TAD8_EPQRYYELK|0.0
Q13131|Q8TAD8_PQRYYELKE|0.414
Q13131|Q8TAD8_EVSDS____|0.575
Q13131|O75324_AKLMTPNGP|0.0
Q13131|Q9NRH2_DLDKTLGRG|0.002
Q13131|Q9NRH2_LVKLTDFGF|0.0
Q13131|Q9NRH2_DFGFSNKFQ|0.0
Q13131|Q9NRH2_GKKLTTSCG|0.0
Q13131|Q9NRH2_KLTTSCGSL|0.0
Q13131|Q9NRH2_KRRASLEEI|0.203
Q13131|Q9NRH2_GVDPSPATK|0.0
Q13131|Q9NRH2_TRSASPSNI|0.0
Q13131|Q9NRH2_QFRQSWPTK|0.0
Q13131|Q9NRH2_DLTATPLSH|0.0
Q13131|Q9NRH2_KKPMSLSTQ|0.0
Q13131|Q9NRH2_MSLSTQVVL|0.0
Q13131|Q9NRH2_TSRKSAPVL|0.0
Q13131|Q9NRH2_EEGESDDEF|0.0
Q13131|Q9NRH2_ASPGTVHKR|0.0
Q13131|Q9NRH2_HRRKSQGRG|0.251
Q13131|Q9NRH2_QGRGSSCSS|0.0
Q13131|Q9NRH2_GRGSSCSSS|0.0
Q13131|Q9NRH2_SSSETSDDD|0.0
Q13131|Q9NRH2_DDSESRRRL|0.0
Q13131|Q9NRH2_SGFTYSWHR|0.0
Q13131|Q9NRH2_GFTYSWHRR|0.0
Q13131|Q9NRH2_HRRDSSEGP|0.0
Q13131|Q9NRH2_RRDSSEGPP|0.0
Q13131|Q9NRH2_GGNPTNTSG|0.0
Q13131|Q9NRH2_NPTNTSGTT|0.0
Q13131|Q9NRH2_TSGTTRRCA|0.0
Q13131|Q9NRH2_LASRSAGEL|0.0
Q13131|P08621_HNQPYCGIA|0.716
Q13131|P08621_QEVETELKM|0.764
Q13131|P08621_ARVNYDTTE|0.404
Q13131|P08621_DTTESKLRR|0.889
Q13131|P08621_KPRGYAFIE|0.575
Q13131|P08621_AFIEYEHER|0.001
Q13131|P08621_MHSAYKHAD|0.159
Q13131|P08621_GLGGTRRGG|0.832
Q13131|P08621_NIRHSGRDD|0.751
Q13131|P08621_RDDTSRYDE|0.032
Q13131|P08621_DTSRYDERP|0.46
Q13131|P08621_ERRRSRSRD|0.612
Q13131|P08621_RRSRSRDRR|0.803
Q13131|P08621_ERRRSRERS|0.799
Q13131|P08621_SRERSKDKD|0.481
Q13131|P08621_KRRSSRSRE|0.696
Q13131|P08621_RSSRSRERA|0.458
Q13131|P08621_SRDMYMESE|0.419
Q13131|P08621_MYMESEGGD|0.245
Q13131|P09012_KKSLYAIFS|0.0
Q13131|P09012_AKTDSDIIA|0.0
Q13131|P09012_RKPKSQETP|0.542
Q13131|P09012_KSQETPATK|0.0
Q13131|P09661_MVKLTAELI|0.004
Q13131|P09661_QAAQYTNAV|0.0
Q13131|P09661_AAQYTNAVR|0.0
Q13131|P09661_ASLKSLTYL|0.077
Q13131|P09661_NKKHYRLYV|0.112
Q13131|P09661_LYVIYKVPQ|0.0
Q13131|P09661_RRSKTFNPG|0.612
Q13131|P09661_ANASTLAEV|0.0
Q13131|P09661_GLLQSGQIP|0.025
Q13131|P14678_IFIGTFKAF|0.041
Q13131|P14678-3_RGLDSSGPR|0.0
Q13131|P08579_KKAKTVEQT|0.0
Q13131|P08579_TVEQTATTT|0.0
Q13131|P08579_PGQGTPNSA|0.0
Q13131|P09234_MPKFYCDYC|0.449
Q13131|P09234_DYCDTYLTH|0.77
Q13131|P09234_DTYLTHDSP|0.901
Q13131|P09234_NVKDYYQKW|0.416
Q13131|P09234_VKDYYQKWM|0.447
Q13131|P09234_EQAQSLIDK|0.44
Q13131|P62314_LMKLSHETV|0.066
Q13131|P62314_NNIRYFILP|0.419
Q13131|P62314_ILPDSLPLD|0.501
Q13131|P62316_TGPLSVLTQ|0.049
Q13131|P62316_EVPKSGKGK|0.001
Q13131|P62318____MSIGVP|0.006
Q13131|P62318_LEQVYIRGS|0.0
Q13131|P62318_YIRGSKIRF|0.571
Q13131|P62318_KNQGSGAGR|0.596
Q13131|P62304_IHSKTKSRK|0.0
Q13131|P62308_VEMATSGQQ|0.577
Q13131|P62308_IRGNSIIML|0.478
Q13131|P63162_QHIDYRMRC|0.279
Q13131|P63162_IFIGTFKAF|0.0
Q13131|P63162_VGRATPPPG|0.427
Q13131|Q6IEG0_LNKDSQFQI|0.0
Q13131|Q6IEG0_KRSDSQIIE|0.0
Q13131|Q6IEG0_IENDSDLFV|0.011
Q13131|Q6IEG0_NSRKSPKSY|0.272
Q13131|Q6IEG0_KSPKSYLEI|0.0
Q13131|Q6IEG0_SPKSYLEIL|0.0
Q13131|Q6IEG0_EERRSASVD|0.68
Q13131|Q6IEG0_DSRQSGGSY|0.651
Q13131|Q13424_AGAGSGAGG|0.0
Q13131|Q13424_RRRVTVRKA|0.608
Q13131|Q13424_MKDVSPYFK|0.0
Q13131|Q13424_DVSPYFKNS|0.0
Q13131|Q13424_STGGTSVGW|0.0
Q13131|Q13424_QRQPSSPGP|0.566
Q13131|Q13424_SPGPTPRNF|0.074
Q13131|Q13424_STAGSQDIK|0.001
Q13131|Q13424_GTAPTLALL|0.0
Q13131|Q13424_VQEVSTACT|0.0
Q13131|Q13424_QEVSTACTW|0.0
Q13131|Q13424_STACTWNGR|0.0
Q13131|Q13884_GAAAYNGIG|0.004
Q13131|Q13884_QVPESISNQ|0.002
Q13131|Q13884_LEVKYMREA|0.022
Q13131|Q13884_EATPYVKKG|0.344
Q13131|Q13884_GSPVSEIGW|0.572
Q13131|Q13884_RLGGSTSDP|0.682
Q13131|Q13884_LGGSTSDPP|0.612
Q13131|Q13884_GGSTSDPPS|0.0
Q13131|Q13884_SDPPSSQSF|0.009
Q13131|Q13884_PSSQSFSFH|0.568
Q13131|Q13884_SQSFSFHRD|0.95
Q13131|Q13884_RDRKSIPLK|0.573
Q13131|Q13884_QLGKTGIAG|0.006
Q13131|Q13884_GIAGSREIR|0.592
Q13131|Q13884_RLVHSGPGK|0.867
Q13131|Q13884_LSFATRTGT|0.064
Q13131|Q13884_AFPKTIIQS|0.0
Q13131|Q13884_IQSPYEKLK|0.0
Q13131|Q13425_VAAATAAAG|0.646
Q13131|Q13425_PILISKIFP|0.0
Q13131|Q13425_DAILSVNGT|0.788
Q13131|Q13425_SVNGTDLRQ|0.919
Q13131|Q13425_EVTPYIKKP|0.344
Q13131|Q13425_KHQNSTKDR|0.0
Q13131|Q13425_ARNLSMPDL|0.737
Q13131|Q13425-2_ARNLSMPDL|0.0
Q13131|Q9NSN8_TLTVSFLKR|0.565
Q13131|Q9NSN8_VLWRYKFSQ|0.0
Q13131|Q9NY99_GLGLSIKGG|0.002
Q13131|Q9NY99_IKGGSEHNV|0.0
Q13131|Q9NY99_NKCCSPSDQ|0.0
Q13131|Q9NY99_CCSPSDQVV|0.01
Q13131|Q9NY99_AERTYHLCE|0.003
Q13131|Q9Y675_LRRTTEQHV|0.503
Q13131|Q9Y675_RRTASLSNQ|0.735
Q13131|Q9Y675_TASLSNQEC|0.457
Q13131|Q13596___MASGGGG|0.603
Q13131|Q13596_AAVVSKHQS|0.0
Q13131|Q13596_SKHQSPKIT|0.0
Q13131|Q13596_KITTSLLPI|0.631
Q13131|Q13596_PQPTYEELE|0.0
Q13131|Q13596_GMNAYVAYK|0.002
Q13131|Q13596_TTQTSLPLF|0.609
Q13131|Q13596_FLGLYEKLS|0.0
Q13131|Q13596_PPEKSLIGM|0.0
Q13131|Q13596_LIGMTKVKV|0.511
Q13131|Q13596_RAVGTQTLS|0.562
Q13131|Q13596_VGTQTLSGA|0.0
Q13131|Q13596_SRALSQLAE|0.848
Q13131|Q13596_ETLLYSQQQ|0.0
Q13131|Q9Y5X0_GQTKYSVEE|0.0
Q13131|Q9Y5X0_QTKYSVEEA|0.0
Q13131|Q9Y5W9_WCRMSENQE|0.0
Q13131|Q9Y5W9_EERQSSSHL|0.0
Q13131|Q9Y5W9_DQPKSCCFL|0.0
Q13131|Q9Y5W9_GRRSSPSPP|0.0
Q13131|Q9Y5W9_RSSPSPPPS|0.0
Q13131|Q9Y5W9_STLQSVRRA|0.0
Q13131|Q9UMY4____MSDTAV|0.326
Q13131|Q9UMY4_RRLNSKPQD|0.0
Q13131|Q9UMY4_YGPPSNFLE|0.0
Q13131|Q9UMY4_VRRRYSDFE|0.0
Q13131|Q9UMY4_IFEESFIEE|0.179
Q13131|Q9UMY4-1_VPGKSLAVS|0.0
Q13131|Q9UMY4-1_CPGWSAVA_|0.0
Q13131|Q9Y5W8_QRLQSGKEI|0.0
Q13131|Q9Y5W8_QRKVYELML|0.0
Q13131|Q9Y5W8_LKDPSFRGS|0.0
Q13131|Q9Y5W8_YRRYSDFHD|0.0
Q13131|Q9Y5W8_ALAHYVYDF|0.0
Q13131|Q9Y5W8_AHYVYDFLE|0.0
Q13131|Q9Y5W8_PLRNSMRNV|0.0
Q13131|Q9Y5W8_MRNVSNAVK|0.104
Q13131|Q9Y5W8_NAVKSLPDS|0.0
Q13131|Q9Y5W8_HRRVSAQLD|0.0
Q13131|Q9Y5W8_QMQKYKQKL|0.005
Q13131|Q9Y5W7_VDIPSIITK|0.0
Q13131|Q9Y5W7_TEPASPLVP|0.002
Q13131|Q9Y5W7_LQKIYKTYC|0.122
Q13131|Q9Y5W7_LNRGSLSLD|0.685
Q13131|Q9Y5W7_RGSLSLDDF|0.592
Q13131|Q9Y5W7_KRGESFGIS|0.0
Q13131|Q9Y5W7_SRIGSKIKG|0.69
Q13131|Q9Y5W7_STPNTPRNL|0.3
Q13131|Q9Y5W7_NSCESPKPK|0.0
Q13131|Q9Y5W7_LTILSPTSE|0.129
Q13131|Q9Y5W7-2_PSIITKKLL|0.0
Q13131|Q9NRS6_ALNNSPQLK|0.348
Q13131|Q9NRS6_QGVPSDPLP|0.001
Q13131|P57768_PIGNSASSF|0.0
Q13131|P57768_GNSASSFTT|0.0
Q13131|P57768_RNQRSSSFG|0.0
Q13131|P57768_FKQTSVPDQ|0.0
Q13131|P57768_DNTSSVCSS|0.0
Q13131|P57768_SVCSSPLIR|0.302
Q13131|P57768_SSIEYSTRP|0.0
Q13131|P57768_QNPETVNWE|0.0
Q13131|P57768_EDRPSTPTI|0.475
Q13131|P57768_PSTPTILGY|0.786
Q13131|P57768_GPFDSLEES|0.0
Q13131|P57768_EPEESLDVS|0.0
Q13131|P57768_SLDVSETEG|0.829
Q13131|P57768_KVESSALEV|0.708
Q13131|Q15036_CRVRYSQLL|0.0
Q13131|Q15036_RVRYSQLLG|0.769
Q13131|Q15036_LRKEYGANV|0.0
Q13131|Q15036_QLEKYMQAV|0.524
Q13131|Q15036_QEKVSKKEF|0.0
Q13131|Q15036_CWRVTSSVP|0.0
Q13131|Q15036_RVTSSVPLP|0.001
Q13131|Q15036_MVKKSGGSI|0.0
Q13131|Q15036_SPDATRESM|0.0
Q13131|Q15036_ATRESMVKL|0.825
Q13131|Q15036_VKLSSKLSA|0.957
Q13131|Q15036_GSPSTDASA|0.0
Q13131|Q96RF0_PGEISLREH|0.018
Q13131|Q96RF0_APARYANVP|0.0
Q13131|Q96RF0_GALGSGAYP|0.0
Q13131|Q96RF0_GSGAYPDLD|0.0
Q13131|Q96RF0_AAGRYRLST|0.0
Q13131|Q96RF0_RYRLSTRSD|0.569
Q13131|Q96RF0_YRLSTRSDL|0.522
Q13131|Q96RF0_LSTRSDLSL|0.44
Q13131|Q96RF0_RSDLSLGSR|0.023
Q13131|Q96RF0_LSLGSRGGS|0.0
Q13131|Q96RF0_SRGGSVPPQ|0.0
Q13131|Q96RF0_NRFSTFVKS|0.0
Q13131|Q96RF0-2_KGALTKVKE|0.0
Q13131|Q96RF0-2_HKYDSV___|0.0
Q13131|Q92543_PHLETRTGR|0.0
Q13131|Q92543_EGRASPVAA|0.072
Q13131|Q92543_SELESPLSE|0.0
Q13131|Q92543_PFMVSRIDK|0.0
Q13131|Q92543_KMVVSAIVD|0.0
Q13131|Q92543_AIVDTLKTA|0.0
Q13131|Q92543_SEPQSPTEE|0.0
Q13131|Q92543_PQSPTEELS|0.0
Q13131|Q92543_RLRFSSSKI|0.0
Q13131|Q92543_SSKISPALS|0.0
Q13131|Q92543_SPALSVTEA|0.0
Q13131|O60749_PILSSEPSP|0.0
Q13131|O60749_SSEPSPAVT|0.0
Q13131|O60749_PVTPTTLIA|0.52
Q13131|O60749_IFDRSREEI|0.45
Q13131|O60749_LHVGYIVPP|0.456
Q13131|O60749_APEKSIVGM|0.0
Q13131|O60749_GKEDSSSTE|0.0
Q13131|O60749_KEDSSSTEF|0.0
Q13131|O60749_DSSSTEFVE|0.0
Q13131|O60749_VKHPTLLQD|0.0
Q13131|O60749_SRALSQLAE|0.68
Q13131|Q7Z614___MASPEHP|0.0
Q13131|Q7Z614_EHPGSPGCM|0.005
Q13131|Q7Z614-3_ERKVSKFVM|0.002
Q13131|Q7Z614-3_GEMTYPGSR|0.0
Q13131|Q7Z614-3_TYPGSRGET|0.002
Q13131|Q7Z614-4_ERKVSKFVA|0.0
Q13131|Q969T3_EAAASPEAE|0.0
Q13131|Q969T3_SRRYSDFER|0.0
Q13131|Q969T3_MAAISFPRK|0.0
Q13131|Q969T3-3_FEVTSANVV|0.0
Q13131|Q969T3-3_KDPPSKYVT|0.0
Q13131|Q96L94_GPRQSPEKS|0.0
Q13131|Q96L94_PRRYSEFHA|0.0
Q13131|Q96L94_QGILYLNQE|0.0
Q13131|Q9Y343_ERGYTVFKI|0.426
Q13131|Q9Y343_EKRYSEFHA|0.0
Q13131|Q9Y343_PKAESCGSF|0.0
Q13131|Q9Y343_SFDETESEE|0.0
Q13131|Q9Y343_DETESEESS|0.0
Q13131|Q9H3E2_SYRDYILSW|0.068
Q13131|Q9H3E2_DYILSWYGN|0.138
Q13131|Q9H3E2_ILSWYGNLS|0.416
Q13131|Q9H3E2_YGNLSRDEG|0.0
Q13131|Q9H3E2_RTLLTHFCD|0.0
Q13131|Q9H3E2_AEILTTKVL|0.0
Q13131|Q9H3E2_EILTTKVLK|0.0
Q13131|Q9H3E2_AQLAYREQM|0.0
Q13131|Q9H3E2_NMKRYINQL|0.378
Q13131|Q9H3E2_EKHASQMIS|0.0
Q13131|Q9H3E2_DSDLSDYGD|0.004
Q13131|Q9H3E2_SKEQSQETK|0.0
Q13131|O14559_RLLLSEEAS|0.0
Q13131|O14559_SEEASLNIP|0.0
Q13131|O14559_VIKRYTAQA|0.0
Q13131|O14559_IKRYTAQAP|0.0
Q13131|O14559_PDELSFEVG|0.0
Q13131|O14559_PRPKSLAGS|0.0
Q13131|O14559_AQARTQGRL|0.0
Q13131|O14559_GRLGTPTEP|0.0
Q13131|O14559_LGTPTEPTT|0.0
Q13131|O14559_TEPTTPKAP|0.0
Q13131|O14559_KAPASPAER|0.0
Q13131|O14559_QPSGSRPDT|0.0
Q13131|O14559_SRPDTVTLR|0.0
Q13131|O14559_PDTVTLRSA|0.0
Q13131|O14559_PQAISPRGP|0.0
Q13131|O14559_MLGQSPPLH|0.013
Q13131|O14559_PEPLYVNLA|0.003
Q13131|Q96L92_GGGGSGLHC|0.539
Q13131|Q96L92_RIVKSESGY|0.0
Q13131|Q96L92_GQLRSINGE|0.0
Q13131|Q96L92_NGELYAPLQ|0.0
Q13131|Q96L92_LQHVSAVLP|0.0
Q13131|Q96L92_VYNVYMAGR|0.041
Q13131|Q96L92_FANFTFPRL|0.0
Q13131|Q96L92_KWPFSLSEQ|0.052
Q13131|Q96L92_SDENYNGVS|0.49
Q13131|Q96L92_VKKNSTTDQ|0.007
Q13131|Q96L92_KKNSTTDQV|0.0
Q13131|Q96L92_KNSTTDQVY|0.0
Q13131|Q96L92_YIQNYTSAV|0.0
Q13131|Q96L92_VKKGYIKAE|0.0
Q13131|Q96L92_EEKSYQLQK|0.0
Q13131|Q96L92_VKIFTPYFN|0.0
Q13131|Q96L92-3_RKEEY____|0.0
Q13131|Q8TEQ0_DEQNSGDVF|0.525
Q13131|Q8TEQ0_WKIDSLSLN|0.487
Q13131|Q8TEQ0_LDVKSIDDE|0.463
Q13131|Q8TEQ0_EDDVYGNSS|0.027
Q13131|Q8TEQ0_VYGNSSGRK|0.561
Q13131|Q8TEQ0_YGNSSGRKH|0.614
Q13131|Q8TEQ0_HRGHSESPE|0.555
Q13131|Q8TEQ0_GHSESPEKP|0.094
Q13131|Q8TEQ0_LEGNTCLSQ|0.0
Q13131|Q8TEQ0_APLGSLENG|0.006
Q13131|Q8TEQ0_PGLRYSVEA|0.001
Q13131|Q8TEQ0_GLRYSVEAS|0.0
Q13131|Q8TEQ0_SVEASSPGH|0.015
Q13131|Q8TEQ0_VEASSPGHG|0.0
Q13131|Q8TEQ0_PGHGSPLSS|0.001
Q13131|Q8TEQ0_EENRSLRNL|0.622
Q13131|Q8TEQ0_EMEHSAALR|0.022
Q13131|Q8TEQ0_PGDLSQTSE|0.276
Q13131|Q8TEQ0_DLSQTSEDQ|0.497
Q13131|Q8TEQ0_LSQTSEDQS|0.471
Q13131|Q8TEQ0_SEDQSLSDF|0.298
Q13131|Q8TEQ0_PKAASRFPK|0.0
Q13131|Q8TEQ0_VEPQSGDL_|0.479
Q13131|O60493_LNDAYGPPS|0.0
Q13131|O60493_YGPPSNFLE|0.001
Q13131|O60493_RGRFTTYEI|0.617
Q13131|O60493_GRFTTYEIR|0.0
Q13131|O60493_RFTTYEIRV|0.369
Q13131|O60493_IRVKTNLPI|0.0
Q13131|O60493_LKESTVRRR|0.002
Q13131|O60493_EWLRSELER|0.0
Q13131|O60493_IIDKSYTPS|0.0
Q13131|O60493_IDKSYTPSK|0.0
Q13131|O60493_DKSYTPSKI|0.0
Q13131|Q5VWJ9_TGPHSLRDM|0.437
Q13131|Q5VWJ9_AGSSSEEAV|0.426
Q13131|Q5VWJ9_LMARSFGDK|0.958
Q13131|Q5VWJ9_PNGGTPAGT|0.594
Q13131|Q5VWJ9_PAGTSSPAS|0.428
Q13131|Q5VWJ9_AGTSSPASS|0.553
Q13131|Q5VWJ9_SSPASSSSL|0.731
Q13131|Q5VWJ9_VKHVTGGYK|0.441
Q13131|Q5VWJ9_VTGGYKLRT|0.636
Q13131|Q5VWJ9_VLREYILYS|0.454
Q13131|Q8N9S9_LAMTTAMAD|0.0
Q13131|Q8N9S9_QKEDSQTKF|0.0
Q13131|Q8N9S9_KDYSSFLSR|0.412
Q13131|Q8N9S9_SSFLSRKSK|0.112
Q13131|Q8N9S9_LSRKSKIKI|0.014
Q13131|Q86XE0_GEGDSSVTR|0.91
Q13131|Q86XE0_EGDSSVTRE|0.224
Q13131|Q86XE0_DSSVTREEF|0.0
Q13131|Q86XE0_LEAEYLAIF|0.001
Q13131|Q86XE0_NIVKSADEA|0.261
Q13131|Q86XE0_DLKLSDMLR|0.887
Q13131|Q8WV41_EIVRSGIST|0.0
Q13131|Q8WV41_NHADYSSSP|0.0
Q13131|Q8WV41_ADYSSSPAG|0.0
Q13131|Q8WV41_GAQVSLYNS|0.0
Q13131|Q8WV41_QVSLYNSPS|0.397
Q13131|Q8WV41_SLYNSPSVA|0.321
Q13131|Q8WV41_SNQGSFEED|0.0
Q13131|Q8WV41_PLNLSYPGA|0.411
Q13131|Q8WV41_ERQDSLASA|0.714
Q13131|Q8WV41_LNRFSCFVR|0.001
Q13131|Q8WV41_KLTPTHAAS|0.0
Q13131|Q8WV41_THAASPVYR|0.0
Q13131|Q8WV41_ASPVYRRYK|0.0
Q13131|Q8WV41_LHKFTVISV|0.614
Q13131|Q8WV41_FTVISVPHL|0.0
Q13131|Q8WV41_DRVDTFKAF|0.494
Q13131|O95219_IETRSVEHT|0.0
Q13131|O95219_TDGQSVLTD|0.0
Q13131|O95219_WRRYSEFEL|0.835
Q13131|O95219_ALNATFRVK|0.001
Q13131|O95219_EELVTGTVR|0.0
Q13131|O95219_VRTFSLKGM|0.648
Q13131|O95219_FGQETPEQR|0.0
Q13131|O95219_ALISYAVMQ|0.0
Q13131|Q9Y5X3_SKLRSVSVD|0.738
Q13131|Q9Y5X3_LRSVSVDLN|0.679
Q13131|Q9Y5X3_PTFQSPEFS|0.506
Q13131|Q9Y5X3_LEAEYLAVF|0.0
Q13131|Q9Y5X3_RRKNTKEMF|0.477
Q13131|Q9Y5X3_KDLLYRRTK|0.648
Q13131|Q9Y5X3_ALIDYENSN|0.53
Q13131|Q9Y5X3_DYENSNKAL|0.518
Q13131|Q9Y5X3_SLLQSCIDL|0.42
Q13131|Q9UNH7_PDFLSEEDR|0.571
Q13131|Q9UNH7_HTKSSLPNF|0.108
Q13131|Q9UNH7_LEAEYLAIF|0.0
Q13131|Q9UNH7_IFKKTVAMH|0.078
Q13131|Q9UNH7_ASAKSDRMT|0.294
Q13131|Q9UNH7_AADDYNRIG|0.003
Q13131|Q9UNH7_NRIGSSLYA|0.087
Q13131|Q9UNH7_GSSLYALGT|0.004
Q13131|Q9UNH7_RRSRSLVDY|0.971
Q13131|Q9UNH7_SLVDYENAN|0.0
Q13131|Q9UNH6_RMGQTVRAV|0.407
Q13131|Q9UNH6_VEVLTYKKA|0.0
Q13131|Q9UNH6-3_ERRASQAPS|0.0
Q13131|Q9Y5X2____MTGRAM|0.0
Q13131|Q9Y5X2_AALNSSTWG|0.0
Q13131|Q9Y5X2_STWGSLKQA|0.0
Q13131|Q9Y5X2_LHKYSLMKR|0.351
Q13131|Q9Y5X2_RQMMSATAQ|0.0
Q13131|Q9Y5X2_RPKLSCLFA|0.044
Q13131|Q9Y5X1_NWESSEGWG|0.0
Q13131|Q9Y5X1_RNTNTPNNW|0.0
Q13131|Q9Y5X1_DGPKSSSYF|0.0
Q13131|Q9Y5X1_PKSSSYFKD|0.0
Q13131|Q9Y5X1_YFKDSESAD|0.0
Q13131|Q9Y5X1_KDSESADAG|0.048
Q13131|Q9Y5X1_QRGNSRASS|0.0
Q13131|Q9Y5X1_SRASSSSMK|0.645
Q13131|Q9Y5X1_RASSSSMKI|0.494
Q13131|Q9Y5X1_GTEQYLLAK|0.0
Q13131|Q9Y5X1_IVGDYGPMW|0.15
Q13131|Q9Y5X1_PRKGSKMYG|0.0
Q13131|Q9Y5X1_SYIEYQLTP|0.0
Q13131|Q9Y5X1_EYQLTPTNT|0.231
Q13131|Q9Y5X1_IPIPSLPDK|0.0
Q13131|Q9Y5X1_YDYNSVIRL|0.0
Q13131|P35610_RNRLSKSRE|0.0
Q13131|P35610_RLSKSRENP|0.004
Q13131|P35610_PAKESLETP|0.0
Q13131|P35610_ESLETPSNG|0.0
Q13131|P35610_LETPSNGRI|0.486
Q13131|P35610_KEVGSHFDD|0.002
Q13131|O75908_IYRETYPRT|0.001
Q13131|A7XYQ1_CRRAYFKRN|0.01
Q13131|A7XYQ1_PMVMTNRGP|0.654
Q13131|A7XYQ1_GHSLSPRDS|0.018
Q13131|A7XYQ1_KSADSPPGC|0.004
Q13131|A7XYQ1_RRAGSPPGP|0.448
Q13131|A7XYQ1_DGHCSPPAA|0.02
Q13131|A7XYQ1_KKLLSPEEP|0.0
Q13131|O15524_RIVATVGRE|0.416
Q13131|O14543_LSVKTQSGT|0.551
Q13131|O14543_PRRAYYIYS|0.001
Q13131|O14543_RRAYYIYSG|0.401
Q13131|Q8WXH5_RKDGYVWSG|0.474
Q13131|Q8WXH5_MNLVSNNSI|0.423
Q13131|Q8WXH5_SFRRYSRSL|0.0
Q13131|O75159_IGDSTPQQQ|0.0
Q13131|O75159_PQQQSSPLR|0.441
Q13131|O75159_QQQSSPLRE|0.251
Q13131|O75159_RERRYGVSS|0.01
Q13131|O75159_RYGVSSVHD|0.161
Q13131|O75159_YGVSSVHDM|0.506
Q13131|O75159_VSSRTVGSR|0.038
Q13131|O75159_RTVGSRSLR|0.57
Q13131|O75159_KIHLSELML|0.0
Q13131|O75159_QRQISGDSH|0.012
Q13131|O75159_NHNFSFDAH|0.115
Q13131|O14544_TLRKSFNLN|0.655
Q13131|O14544_NRSKSESLM|0.963
Q13131|O14544_SLMGTLKRR|0.882
Q13131|O14544_RSHHYSPAP|0.0
Q13131|O14544_PLRPTNSEE|0.091
Q13131|O14544_RPTNSEETC|0.009
Q13131|O14544_NSEETCIKM|0.0
Q13131|O14544_LVHSSSPSP|0.86
Q13131|O14544_VHSSSPSPA|0.51
Q13131|O14544_MPQDYIQYT|0.0
Q13131|O14544_DYIQYTVPL|0.0
Q13131|O14544_VPPLSPLLP|0.157
Q13131|O14544_QRNFSGLTG|0.275
Q13131|O14544_VARVYDSVQ|0.003
Q13131|O14544_VPDGSFLVR|0.0
Q13131|O14544_SDDRYLLSL|0.504
Q13131|O14544_RYLLSLSFR|0.333
Q13131|O14544_RFSFYEQPD|0.0
Q13131|O14544_RSLQYLCRF|0.026
Q13131|O14544_KMKDYLQEK|0.0
Q13131|O14512_GKRPSGELA|0.438
Q13131|O14512_DMGGSAGRE|0.468
Q13131|O14512_SFAASLREL|0.861
Q13131|O14512_KPDGSFLVR|0.508
Q13131|O14512_RMEHYRGTF|0.452
Q13131|O14512_HYRGTFSLW|0.479
Q13131|O14512_RGTFSLWCH|0.431
Q13131|O14512_VQLLYPVSR|0.905
Q13131|O14512_QEEVYLSLK|0.585
Q13131|P00441___MATKAVC|0.001
Q13131|P00441_EQKESNGPV|0.69
Q13131|P00441_KVWGSIKGL|0.448
Q13131|P00441_TAGCTSAGP|0.015
Q13131|P00441_FNPLSRKHG|0.03
Q13131|P00441_LGNVTADKD|0.777
Q13131|P00441_DSVISLSGD|0.693
Q13131|P00441_VISLSGDHC|0.7
Q13131|P04179_HHAAYVNNL|0.546
Q13131|P04179_RDFGSFDKF|0.751
Q13131|P08294_SLWRYRAGL|0.445
Q13131|P08294_GLAASLAGP|0.0
Q13131|P08294_AGPHSIVGR|0.449
Q13131|P08294_GNQASVENG|0.001
Q13131|O94964_AERRSLRAA|0.0
Q13131|O94964_PREHSLKKR|0.602
Q13131|O94964_LKYRSLYGD|0.0
Q13131|O94964_DSALSAEEL|0.0
Q13131|O94964_LVRLSVLQQ|0.0
Q13131|O94964_ESFSSLPPL|0.0
Q13131|O94964_PPLGSQGLS|0.0
Q13131|O94964_EAFRTGDLD|0.0
Q13131|O94964_QNRLSQLQK|0.003
Q13131|O94964_KETRSEKIH|0.533
Q13131|O94964_KEAVSEVEL|0.0
Q13131|O94964_GLKRTKSVS|0.607
Q13131|O94964_KRTKSVSSM|0.871
Q13131|O94964_TKSVSSMSE|0.666
Q13131|O94964_KSVSSMSEF|0.0
Q13131|O94964_LLDCSPYLA|0.0
Q13131|O94964_QRSYTAPDK|0.0
Q13131|O94964_GIRVYYSPP|0.0
Q13131|O94964_GSAGSPSAA|0.0
Q13131|O94964_QAMRSGSLE|0.0
Q13131|O94964_MRSGSLERK|0.528
Q13131|O94964_KVKSTSSQT|0.0
Q13131|O94964_TSSQTVGLA|0.0
Q13131|O94964_VGLASVGTQ|0.0
Q13131|O94964_ASVGTQTIR|0.0
Q13131|O94964_IRTVSVGLQ|0.003
Q13131|O94964_VGLQTDPPR|0.0
Q13131|O94964_PRSSSLVSV|0.021
Q13131|O94964_VSVRSKQIS|0.0
Q13131|O94964_QISSSLDKV|0.005
Q13131|O94964_RPCCSPKYG|0.0
Q13131|O94964_PKYGSPKLQ|0.001
Q13131|O94964_LQRRSVSKL|0.008
Q13131|O94964_SKLDSSKDR|0.0
Q13131|O94964_SKDRSLWNL|0.638
Q13131|O94964_TTRDSPVLR|0.0
Q13131|O94964_EHSGSTESV|0.582
Q13131|O94964_EPPKYGIVQ|0.0
Q13131|O94964_GRAPSPTSS|0.0
Q13131|O94964_PSPTSSAGE|0.0
Q13131|O94964_GEEGTKKPE|0.0
Q13131|O94964_PEPLSPASY|0.0
Q13131|O94964_SPASYHQPE|0.0
Q13131|O94964_AKLGSSEEV|0.0
Q13131|O94964_EVRLTMLPQ|0.186
Q13131|O94964_AIRHSPSKC|0.0
Q13131|O94964_RLHPSESSW|0.0
Q13131|O94964-2_HRAPSPARP|0.0
Q13131|O94964-2_PPSLTDSSS|0.0
Q13131|O94964-2_SSEVSDCAS|0.0
Q13131|O94964-2_ELALSSDAE|0.0
Q13131|O94964-2_LALSSDAES|0.0
Q13131|O94964-2_QPAPSAQQP|0.0
Q13131|O94964-2_RPPASPDEP|0.0
Q13131|O94964-2_PDEPSVAAS|0.0
Q13131|Q9Y4B5_HRAPSPARP|0.469
Q13131|Q9Y4B5_PGRLSRRSG|0.379
Q13131|Q9Y4B5_SVAGSPARC|0.366
Q13131|Q9Y4B5_CSRISHTDS|0.019
Q13131|Q9Y4B5_RISHTDSSS|0.48
Q13131|Q9Y4B5_SHTDSSSDL|0.067
Q13131|Q9Y4B5_PAASSDAES|0.616
Q13131|Q9Y4B5_RGAPTPSPA|0.415
Q13131|Q9Y4B5_APTPSPAAR|0.004
Q13131|Q9Y4B5_VRGRSPPER|0.293
Q13131|Q9Y4B5_PVPGTPKEP|0.441
Q13131|Q9Y4B5_PKEPSLGEQ|0.009
Q13131|Q9Y4B5_LGEQSRLVP|0.569
Q13131|Q9Y4B5_EELRSENDY|0.507
Q13131|Q9Y4B5_LKESSLKRR|0.476
Q13131|Q9Y4B5_SIPTSPFGD|0.329
Q13131|Q9Y4B5_PFGDSLESS|0.259
Q13131|Q9Y4B5_LLRRSISEI|0.729
Q13131|Q9Y4B5_LRAPSPRDS|0.477
Q13131|Q9Y4B5_SPRDSDAES|0.56
Q13131|Q9Y4B5_SDAESDAGK|0.479
Q13131|Q9Y4B5_GKKESDGEE|0.484
Q13131|Q9Y4B5_GESDSEEMF|0.294
Q13131|Q9Y4B5_SGFGSGKPS|0.458
Q13131|Q9Y4B5_LPHLTESSS|0.49
Q13131|Q9Y4B5_PDLQSRLKE|0.555
Q13131|Q9Y4B5_GDTGSHGLG|0.073
Q13131|Q9Y4B5_LGGQTCFSL|0.459
Q13131|Q9Y4B5_QTCFSLEME|0.021
Q13131|Q9Y4B5_LEMHSLALQ|0.515
Q13131|Q9Y4B5_LHERTWSDE|0.273
Q13131|Q9Y4B5_ERTWSDEKN|0.495
Q13131|Q9Y4B5_VGEHSPHSR|0.612
Q13131|Q9Y4B5_IGDHSLRLQ|0.45
Q13131|Q9Y4B5_LLADSHSLV|0.464
Q13131|Q9Y4B5_RRGGSFLCD|0.69
Q13131|Q9Y4B5_PHQGSLRMP|0.534
Q13131|Q9Y4B5_ADADSIPFE|0.376
Q13131|Q9Y4B5_DRPLSKLKE|0.533
Q13131|Q9Y4B5_AVSVSSMSE|0.588
Q13131|Q9Y4B5_KGLPSTSSK|0.041
Q13131|Q9Y4B5_GLPSTSSKE|0.452
Q13131|Q9Y4B5_LPSTSSKED|0.076
Q13131|Q9Y4B5_EFNKSWDYT|0.595
Q13131|Q9Y4B5_SWDYTPNRG|0.55
Q13131|Q9Y4B5_LTEQSGLRV|0.554
Q13131|Q9Y4B5_VDSITAAGG|0.496
Q13131|Q9Y4B5_RARGSPGDT|0.227
Q13131|Q9Y4B5_HSRDYVEGA|0.159
Q13131|Q9Y4B5_SPLCTSLGF|0.487
Q13131|Q9Y4B5_LGFASPLHS|0.251
Q13131|Q9Y4B5_SKNLSDDMK|0.216
Q13131|Q9Y4B5_EVAFSVRNA|0.288
Q13131|Q9Y4B5_NAICSGPGE|0.561
Q13131|Q9Y4B5_ALRGSGVTS|0.4
Q13131|Q9Y4B5_ATPVSSPSR|0.51
Q13131|Q9Y4B5_VSSPSRSLR|0.586
Q13131|Q9Y4B5_RTCCSPKYG|0.115
Q13131|Q9Y4B5_PKYGSPKLQ|0.439
Q13131|Q9Y4B5_NNRTSPGMA|0.391
Q13131|Q9Y4B5_TTRESPVHT|0.354
Q13131|Q9Y4B5_IIDHSPVVQ|0.494
Q13131|Q9Y4B5_AGSRSRSAE|0.577
Q13131|Q9Y4B5_IGVGSEMCR|0.685
Q13131|Q9Y4B5_GGEGTPVKQ|0.456
Q13131|Q9Y4B5_KQDLSAPPG|0.328
Q13131|Q9Y4B5-4_SQYNSL___|0.0
Q13131|Q5TF21_AAAATEARL|0.0
Q13131|Q5TF21_HPEGSSRKQ|0.0
Q13131|Q5TF21_NGGGSSSRS|0.0
Q13131|Q5TF21_GDLDSPLPK|0.0
Q13131|Q5TF21_ELNKYKYKS|0.0
Q13131|Q5TF21_SPRDSDAES|0.0
Q13131|Q5TF21_GKKESDDDS|0.0
Q13131|Q5TF21_SDDDSRPPH|0.0
Q13131|Q5TF21_IGGESDSEE|0.0
Q13131|Q5JUK2_AFLESPWSL|0.0
Q13131|Q5JUK2-2_DDGTSFLLT|0.0
Q13131|Q9NX45_YLADTVQKL|0.0
Q13131|Q9NX45_MEKMSNVVK|0.006
Q13131|Q9NX45_VKYWTTCPS|0.0
Q13131|Q9NX45_TTCPSNTVK|0.0
Q13131|Q9NX45_CPSNTVKTE|0.0
Q13131|Q9NX45_MSTYSPERG|0.0
Q13131|Q9NX45_THISSAALS|0.701
Q13131|Q9NX45_LSLNSLHTV|0.0
Q13131|Q9NX45_NSLHTVRYY|0.0
Q13131|Q9NX45_KVTPSYDAT|0.0
Q13131|Q9NX45_VTPSYDATA|0.0
Q13131|Q9NX45_SYDATAVTN|0.0
Q13131|O75808_AELLSGKRL|0.003
Q13131|O75808_TVRYTPASP|0.0
Q13131|O75808_RRRESMHVE|0.917
Q13131|O75808_DDSAYESLG|0.0
Q13131|O75808_RHAYSILDV|0.203
Q13131|O75808_ATFGSGGHL|0.0
Q13131|O75808_SPPLTPEVA|0.425
Q13131|Q8TER5_LGTRSPGDG|0.525
Q13131|Q8TER5_PEGEYVELL|0.364
Q13131|Q8TER5_PVRGSPTDA|0.35
Q13131|Q8TER5_SRVRTVPTR|0.38
Q13131|Q8TER5_RGGDSAPLS|0.141
Q13131|Q8TER5_SAPLSPGDK|0.03
Q13131|Q8TER5_PLSDTPTPP|0.0
Q13131|Q8TER5_SDTPTPPLE|0.133
Q13131|Q8TER5_EQLASFAMP|0.011
Q13131|Q8TER5_FRAFSAEVQ|0.0
Q13131|Q8TER5_EQVESGLHR|0.941
Q13131|Q8TER5_PRSPSPSLS|0.53
Q13131|Q8TER5_LLLPSSPGP|0.016
Q13131|Q8TER5_WGVGTPRME|0.66
Q13131|Q8TER5_LAALSPLSK|0.509
Q13131|Q8TER5_LSKGSMEAG|0.001
Q13131|Q8TER5_EAGPYLPRA|0.0
Q13131|Q8TER5_LLLFSKLKG|0.855
Q13131|Q8TER5_QAFKTADMG|0.497
Q13131|Q8TER5_QQMVSMGIG|0.002
Q13131|Q8TER5_LGERTLSAL|0.484
Q13131|Q8TER5_ERTLSALLT|0.555
Q13131|Q8TER5_SALLTGRAA|0.55
Q13131|Q8TER5_PGACSLPAR|0.314
Q13131|Q8TER5_ETLDSSGDV|0.64
Q13131|Q8TER5_TLDSSGDVS|0.784
Q13131|Q8TER5_GPRNSPSLQ|0.537
Q13131|Q8TER5_PHPGSSTPT|0.568
Q13131|Q8TER5_HPGSSTPTL|0.144
Q13131|Q8TER5_ILGLSRQSH|0.531
Q13131|Q8TER5_ARALSDPTT|0.928
Q13131|P18583___MATNIEQ|0.0
Q13131|P18583_GETNTPIEG|0.0
Q13131|P18583_ASARSLPNE|0.0
Q13131|P18583_KEKKYKRQP|0.0
Q13131|P18583_DSEPSAVAL|0.0
Q13131|P18583_ETNESPAVV|0.0
Q13131|P18583_SVLKSVEST|0.0
Q13131|P18583_KSVESTSPE|0.0
Q13131|P18583_SVESTSPEP|0.0
Q13131|P18583_SPEPSKIML|0.041
Q13131|P18583_VDVPSEIAD|0.0
Q13131|P18583_AQDPYRLAQ|0.0
Q13131|P18583_AQDPYRLGH|0.0
Q13131|P18583_GHDPYRLGH|0.0
Q13131|P18583_GHDAYRLGQ|0.0
Q13131|P18583_GQDPYRLGH|0.004
Q13131|P18583_GHDPYRLTP|0.0
Q13131|P18583_TPDPYRMSP|0.0
Q13131|P18583_PYRMSPRPY|0.0
Q13131|P18583_SPRPYRIAP|0.0
Q13131|P18583_SMMSSYERS|0.0
Q13131|P18583_RSMMSYERS|0.0
Q13131|P18583_RSMMSPMAE|0.0
Q13131|P18583_MMSAYERSM|0.0
Q13131|P18583_MAERSMMSA|0.0
Q13131|P18583_RSMMSPMAD|0.0
Q13131|P18583_RSMMSMGAD|0.0
Q13131|P18583_MMSSYSAAD|0.0
Q13131|P18583_MSSYSAADR|0.0
Q13131|P18583_AADRSMMSS|0.0
Q13131|P18583_SMMSSYTAD|0.0
Q13131|P18583_MMSSYTADR|0.0
Q13131|P18583_SITLTPVES|0.0
Q13131|P18583_PAVTTPVLA|0.0
Q13131|P18583_SSIMSSHVM|0.471
Q13131|P18583_IALHSGEEP|0.174
Q13131|P18583_ILPTSETKQ|0.01
Q13131|P18583_PTSETKQRT|0.0
Q13131|P18583_TKQRTVLDT|0.0
Q13131|P18583_MVISTSPSG|0.372
Q13131|P18583_VISTSPSGG|0.0
Q13131|P18583_STSPSGGSE|0.0
Q13131|P18583_LDLPSNNNL|0.436
Q13131|P18583_VSKDTEEPL|0.004
Q13131|P18583_PVKESDQTL|0.0
Q13131|P18583_PKESSGGEK|0.103
Q13131|P18583_MERLTSLRA|0.0
Q13131|P18583_SPVVSSMPE|0.0
Q13131|P18583_PVVSSMPER|0.355
Q13131|P18583_SESSSEEKD|0.0
Q13131|P18583_KKRDSSLRS|0.0
Q13131|P18583_KRDSSLRSR|0.0
Q13131|P18583_SSLRSRSKR|0.0
Q13131|P18583_KSHRSQTRS|0.0
Q13131|P18583_RGRRSVSKE|0.0
Q13131|P18583_RRSVSKEKR|0.0
Q13131|P18583_SRTPSRRSR|0.0
Q13131|P18583_PSRRSRSHT|0.0
Q13131|P18583_RRSRSHTPS|0.0
Q13131|P18583_SRSHTPSRR|0.0
Q13131|P18583_RRRRSRSVG|0.0
Q13131|P18583_RRSRSVGRR|0.0
Q13131|P18583_PSRRSRTPS|0.0
Q13131|P18583_RRSRTPSRR|0.0
Q13131|P18583_SRTPSRRRR|0.0
Q13131|P18583_RRRRSRSVV|0.003
Q13131|P18583_RRSRSVVRR|0.0
Q13131|P18583_RRSRTPLRR|0.0
Q13131|P18583_ERGRSPKRL|0.0
Q13131|P18583_PKRLTDLDK|0.0
Q13131|P18583_VAKKSGGAT|0.351
Q13131|P18583_IEELTEKCK|0.0
Q13131|P18583_EPPFYHHPF|0.0
Q13131|P18583_QVTLTKEFP|0.0
Q13131|P18583_FPVSSGSQH|0.0
Q13131|P18583_VSSGSQHRK|0.0
Q13131|P18583_KEADSVYGE|0.0
Q13131|P18583_ADSVYGEWV|0.0
Q13131|P18583_AQKRSGNFS|0.387
Q13131|P18583-3_TPDPYRMSP|0.0
Q13131|P18583-3_PTSETKQRT|0.0
Q13131|P18583-3_TKQRTVLDT|0.0
Q13131|P18583-3_RRSRSVVRR|0.0
Q13131|P18583-3_SNLPSEGRV|0.016
Q13131|P18583-3_TRCNSLCGT|0.0
Q13131|P18583-3_GSPRYNYLA|0.0
Q13131|P18583-3_ASRLYSSRF|0.0
Q13131|P18583-3_RLYSSRFWW|0.0
Q13131|P18583-5_TPDPYRMSP|0.0
Q13131|P18583-5_PTSETKQRT|0.0
Q13131|P18583-5_TKQRTVLDT|0.0
Q13131|P18583-5_RRSRSVVRR|0.0
Q13131|P18583-5_PSFASPNKK|0.0
Q13131|Q9BX66_KGAVTLRAS|0.837
Q13131|Q9BX66_TLRASSSYR|0.683
Q13131|Q9BX66_RASSSYRET|0.995
Q13131|Q9BX66_RETPSSSPA|0.516
Q13131|Q9BX66_NAQPSSLAA|0.484
Q13131|Q9BX66_DATSSSAAQ|0.458
Q13131|Q9BX66_ARPPTPLGP|0.572
Q13131|Q9BX66_FAPISQTPP|0.051
Q13131|Q9BX66_PISQTPPSF|0.702
Q13131|Q9BX66_QTPPSFSPP|0.981
Q13131|Q9BX66_EPDLTGAVS|0.466
Q13131|Q9BX66_TGAVSSTDS|0.404
Q13131|Q9BX66_AVSSTDSSP|0.329
Q13131|Q9BX66_STDSSPLLN|0.322
Q13131|Q9BX66_QKRLSSLSD|0.98
Q13131|Q9BX66_KRLSSLSDP|0.999
Q13131|Q9BX66_LSSLSDPVS|0.976
Q13131|Q9BX66_SDPVSERRV|0.41
Q13131|Q9BX66_RVVKSTQDL|1.0
Q13131|Q9BX66_LSDVSMDEV|0.812
Q13131|Q9BX66_DSDLYSPRY|0.606
Q13131|Q9BX66_YSPRYSFSE|0.245
Q13131|Q9BX66_SPRYSFSED|0.981
Q13131|Q9BX66_RYSFSEDTK|0.521
Q13131|Q9BX66_FSEDTKSPL|0.836
Q13131|Q9BX66_KSPLSVPRS|0.95
Q13131|Q9BX66_SVPRSKSEM|0.759
Q13131|Q9BX66_SEMSYIDGE|0.228
Q13131|Q9BX66_VVKRSATLP|0.978
Q13131|Q9BX66_KRSATLPLP|0.953
Q13131|Q9BX66_AEPKSIYEY|0.635
Q13131|Q9BX66_SIYEYQPGK|0.949
Q13131|Q9BX66_NEKMSRDIS|0.547
Q13131|Q9BX66_DKDLSLCQT|0.437
Q13131|Q9BX66_PGDLTSLEN|0.441
Q13131|Q9BX66_LQGLSGLKR|0.992
Q13131|Q9BX66_LKRPSSSAS|0.886
Q13131|Q9BX66_RPSSSASTK|0.224
Q13131|Q9BX66_SSSASTKDS|0.572
Q13131|Q9BX66_STKDSESPR|0.632
Q13131|Q9BX66_KDSESPRHF|0.491
Q13131|Q9BX66_IPADYLEST|0.289
Q13131|Q9BX66_YLESTEEFI|0.0
Q13131|Q9BX66_AKRKSGSEM|0.903
Q13131|Q9BX66_DQNWYEGEH|0.398
Q13131|Q9BX66_SLALTPPLP|0.714
Q13131|Q9BX66_SIYNTDHLA|0.752
Q13131|Q9BX66_SDRPTPRSV|0.435
Q13131|Q9BX66_RSVASPLAL|0.977
Q13131|Q9BX66_WREESGQYE|0.412
Q13131|Q9BX66_ESGQYERKA|0.656
Q13131|Q9BX66_EQRLSDLNT|0.427
Q13131|Q9BX66_KPLGSAFPG|0.394
Q13131|Q9BX66_EAEQTERHR|0.745
Q13131|Q9BX66_QRRVTPDRS|0.515
Q13131|Q9BX66-10_RDDDSDLYS|0.0
Q13131|Q9BX66-10_DSDLYSPRY|0.0
Q13131|Q9BX66-10_SDLYSPRYS|0.0
Q13131|Q9BX66-10_SPRYSFSED|0.0
Q13131|Q9BX66-10_AISPTPEIS|0.001
Q13131|Q9BX66-10_ETPGYIYSS|0.023
Q13131|Q9BX66-10_PGYIYSSNF|0.001
Q13131|Q9BX66-10_LPFSSSPSR|0.0
Q13131|Q9BX66-10_SRSATASPQ|0.0
Q13131|Q9BX66-11_RDDDSDLYS|0.0
Q13131|Q9BX66-11_DSDLYSPRY|0.0
Q13131|Q9BX66-11_SDLYSPRYS|0.0
Q13131|Q9BX66-11_SPRYSFSED|0.003
Q13131|Q9BX66-11_GPDLTESEK|0.0
Q13131|Q9BX66-11_SEKSYVQPQ|0.0
Q13131|Q9BX66-3_RDDDSDLYS|0.379
Q13131|Q9BX66-3_DSDLYSPRY|0.118
Q13131|Q9BX66-3_SDLYSPRYS|0.464
Q13131|Q9BX66-3_SPRYSFSED|0.537
Q13131|Q9BX66-3_SEKSYVQPQ|0.173
Q13131|Q9BX66-4_PSDKSQDSS|0.142
Q13131|Q9BX66-4_RDDDSDLYS|0.478
Q13131|Q9BX66-4_SDLYSPRYS|0.51
Q13131|Q9BX66-4_SPRYSFSED|0.561
Q13131|Q9BX66-4_LPFSSSPSR|0.49
Q13131|Q9BX66-4_SRSATASPQ|0.506
Q13131|Q9BX66-6_PSDKSQDSS|0.012
Q13131|Q9BX66-6_SSAISPTPE|0.406
Q13131|Q9BX66-6_DLPFSSSPS|0.503
Q13131|Q9BX66-6_LPFSSSPSR|0.485
Q13131|Q9BX66-6_PFSSSPSRS|0.318
Q13131|Q9BX66-6_SPSRSATAS|0.358
Q13131|Q9BX66-6_SRSATASPQ|0.535
Q13131|Q9BX66-6_SATASPQQP|0.086
Q13131|Q9BX66-8_SDLYSPRYS|0.045
Q13131|Q9BX66-8_SATASPQQP|0.0
Q13131|Q8WY21_GTGASMAVA|0.0
Q13131|Q8WY21_TILSYLYVC|0.347
Q13131|Q8WY21_TYQKYRLNF|0.64
Q13131|Q8WY21_RLNFYIQSL|0.474
Q13131|Q8WY21_LEARTVDGH|0.002
Q13131|Q8WY21_TFITYNKGR|0.005
Q13131|Q8WY21_GIAVSYVNL|0.012
Q13131|Q8WY21_PGDSSLRLQ|0.804
Q13131|Q8WY21_ATPPSTPKR|0.315
Q13131|Q8WY21_PKRGSAGAQ|0.476
Q13131|Q8WY21-2_GINVYAQMQ|0.0
Q13131|Q96PQ0_RAQVSLIST|0.0
Q13131|Q96PQ0_VSLISTSFV|0.0
Q13131|Q96PQ0_KVLESSLWR|0.0
Q13131|Q96PQ0_VLESSLWRS|0.0
Q13131|Q96PQ0_SLWRSSDFG|0.0
Q13131|Q96PQ0_LVSSSLSDR|0.001
Q13131|Q96PQ0_SLFLSADEG|0.0
Q13131|Q96PQ0_DEGATFQKQ|0.0
Q13131|Q96PQ0_VLAYTKESK|0.0
Q13131|Q96PQ0_LYVSSDLGK|0.147
Q13131|Q96PQ0_TLITYNKGR|0.41
Q13131|Q96PQ0_HTKDTAPGL|0.0
Q13131|Q96PQ0_GNLGSQLVE|0.0
Q13131|Q96PQ0_QLVEYKEEM|0.0
Q13131|Q96PQ0_TNKCSANFW|0.0
Q13131|Q96PQ0_RSLSSDKRL|0.0
Q13131|Q9UPU3_DAWATAPAD|0.0
Q13131|Q9UPU3_PADGSRGSR|0.0
Q13131|Q9UPU3_RAGGSAAED|0.0
Q13131|Q9UPU3_FNLGSVTES|0.0
Q13131|Q9UPU3_SVTESSLWR|0.0
Q13131|Q9UPU3_DYGTTYEKL|0.0
Q13131|Q9UPU3_VGLKTVLSY|0.0
Q13131|Q9UPU3_TVLSYLYVN|0.0
Q13131|Q9UPU3_LSYLYVNPT|0.0
Q13131|Q9UPU3_QKLYSSMDF|0.0
Q13131|Q9UPU3_KLYSSMDFG|0.0
Q13131|Q9UPU3_CAETTRSGP|0.0
Q13131|Q00796_PNNLSLVVH|0.939
Q13131|Q00796_RLENYPIPE|0.0
Q13131|Q00796_SDVHYWEYG|0.543
Q13131|Q00796_HYWEYGRIG|0.0
Q13131|Q00796_FFCATPPDD|0.0
Q13131|Q00796_ISKESPQEI|0.0
Q13131|Q92673_RRKRSAALQ|0.943
Q13131|Q92673_SSDVYVSYD|0.406
Q13131|Q92673_VYVSYDYGK|0.424
Q13131|Q92673_FKKISDKLN|0.369
Q13131|Q92673_NLYISEAEG|0.531
Q13131|Q92673_KFSLSLENV|0.459
Q13131|Q92673_LSKESAPGL|0.0
Q13131|Q92673_STVFTIFGS|0.01
Q13131|Q92673_ASGATEQLP|0.0
Q13131|Q92673_QLPLTGLRA|0.281
Q13131|Q92673_KKMPSASCV|0.442
Q13131|Q92673_VNTLYTVRV|0.919
Q13131|Q92673_VGNLTAHTS|0.444
Q13131|Q92673_AWAKTDLGD|0.016
Q13131|Q92673_YGIFYATSF|0.111
Q13131|Q92673_IFYATSFLD|0.297
Q13131|Q92673_TDRSYKVKS|0.032
Q13131|Q92673_YKVKSRNST|0.0
Q13131|Q92673_KSRNSTVEY|0.633
Q13131|Q92673_PGGKYHIIV|0.158
Q13131|Q92673_FAILYTKHR|0.502
Q13131|Q92673_AILYTKHRR|0.0
Q13131|Q92673_RRLQSSFTA|0.671
Q13131|Q99523_AKWGSDNTI|0.0
Q13131|Q99523_NKSGYHDDS|0.021
Q13131|Q07889_NIRHYEITK|0.459
Q13131|Q07889_HYEITKQDI|0.871
Q13131|Q07889_KQAITALLN|0.465
Q13131|Q07889_KRRLSESAC|0.916
Q13131|Q07889_ERLTYHMYA|0.481
Q13131|Q07889_TYHMYADPN|0.246
Q13131|Q07889_TFQSSPPTV|0.554
Q13131|Q07889_AVQPSELVG|0.018
Q13131|Q07889_VAVVSRIIE|0.0
Q13131|Q07889_PMGNSMEKE|0.01
Q13131|Q07889_EKEFTDYLF|0.0
Q13131|Q07889_KKYSYPLKS|0.0
Q13131|Q07889_PRKISYSRI|0.0
Q13131|Q07889_RKISYSRIP|0.0
Q13131|Q07889_SASVSSISL|0.0
Q13131|Q07889_APAESSPSK|0.163
Q13131|Q07889_ESSPSKIMS|0.005
Q13131|Q07889_YSPRYSISD|0.001
Q13131|Q07889_EPVRTPDVF|0.625
Q13131|Q07889_FFPNSPSPF|0.0
Q13131|Q07889_PSPFTPPPP|0.407
Q13131|Q07889_PPPQTPSPH|0.001
Q13131|Q07889_PQTPSPHGT|0.532
Q13131|Q07889_SPHGTRRHL|0.457
Q13131|Q07889_SPPLTQEVD|0.924
Q13131|Q07889_PPRQSTSQH|0.064
Q13131|Q07889_PRQSTSQHI|0.077
Q13131|Q07889_RQSTSQHIP|0.356
Q13131|Q07889_ENAHSS___|0.756
Q13131|Q07889_NAHSS____|0.563
Q13131|Q07890_LVPVYHCWH|0.0
Q13131|Q07890_HCWHYFELL|0.0
Q13131|Q07890_LKACSEEQE|0.0
Q13131|Q07890_MDRIYKQYS|0.0
Q13131|Q07890_IYKQYSPRR|0.433
Q13131|Q07890_YKQYSPRRR|0.452
Q13131|Q07890_ERLTYHMYA|0.485
Q13131|Q07890_TYHMYADPN|0.355
Q13131|Q07890_FRKEYVQPV|0.028
Q13131|Q07890_TLLESDLYR|0.405
Q13131|Q07890_ESDLYRKVQ|0.396
Q13131|Q07890_KVQPSELVG|0.525
Q13131|Q07890_EFTDYLFNK|0.358
Q13131|Q07890_PRKSTFSLK|0.089
Q13131|Q07890_KSTFSLKSP|0.521
Q13131|Q07890_FSLKSPGIR|0.162
Q13131|Q07890_GRHGSTSGT|0.355
Q13131|Q07890_RHGSTSGTL|0.524
Q13131|Q07890_STSGTLRGH|0.37
Q13131|Q07890_RGHPTPLER|0.0
Q13131|Q07890_PHSKSFFSS|0.023
Q13131|Q07890_SFFSSCGSL|0.781
Q13131|Q07890_SSCGSLHKL|0.05
Q13131|Q07890_GNMKSDDDP|0.023
Q13131|Q07890_GPLHSPPPP|0.369
Q13131|Q07890_TCPNSPSTP|0.0
Q13131|Q07890_PNSPSTPPS|0.475
Q13131|Q07890_NSPSTPPST|0.005
Q13131|Q07890_PSTPSPRVP|0.356
Q13131|Q07890_PRRCYVLSS|0.035
Q13131|Q07890_KRELSHPPL|0.831
Q13131|Q07890_HPPLYRLPL|0.371
Q13131|Q6X4U4_KCKRYTRQH|0.0
Q13131|P56693_EQDLSEVEL|0.673
Q13131|P56693_EVELSPVGS|0.564
Q13131|P56693_SPVGSEEPR|0.878
Q13131|P56693_LSPGSAPSL|0.567
Q13131|P56693_GSAPSLGPD|0.711
Q13131|P56693_GGGGSGLRA|0.647
Q13131|P56693_DHPDYKYQP|0.455
Q13131|P56693_PGEGSPMSD|0.36
Q13131|P56693_LPTVSPPGV|0.488
Q13131|P35716_FMACSPVAL|0.0
Q13131|P35716_FMVWSKIER|0.392
Q13131|P35716_IMEQSPDMH|0.464
Q13131|P35716_KMDPSAKPS|0.472
Q13131|P35716_SASQSPEKS|0.044
Q13131|P35716_GGAKTSKGS|0.0
Q13131|P35716_TSKGSSKKC|0.437
Q13131|P35716_SSAESPEGA|0.0
Q13131|P35716_QPALSPASS|0.0
Q13131|O15370_RLVETPGRE|0.001
Q13131|Q9UN79_MSMRSPISA|0.003
Q13131|Q9UN79_SWDCSSPEG|0.0
Q13131|Q9UN79_EGNGSPEPK|0.313
Q13131|Q9UN79_SEAASGSQE|0.156
Q13131|Q9UN79_AASGSQEKL|0.797
Q13131|Q9UN79_LGRNSMEAK|0.047
Q13131|Q9UN79_DVKGTQESL|0.461
Q13131|Q9UN79_GTQESLAEK|0.089
Q13131|Q9UN79_QLLHSPPAP|0.246
Q13131|Q9UN79_NTSSSPSLK|0.047
Q13131|Q9UN79_PRPPSHGGP|0.672
Q13131|Q9UN79_HGGPTRDLQ|0.291
Q13131|Q9UN79_GDAVTKAIQ|0.063
Q13131|Q9UN79_ALDGSPNTP|0.449
Q13131|Q9UN79_GSPNTPFRK|0.0
Q13131|Q9UN79_EDEDSEGEE|0.475
Q13131|Q9UN79_LVVLTD___|0.563
Q13131|O95416_MSKPSDHIK|0.0
Q13131|O95416_FPLPYLGDT|0.593
Q13131|O60248_LEAPSPCSL|0.142
Q13131|Q9H6I2_GAMGSPGAG|0.487
Q13131|P35713__MQRSPPGY|0.19
Q13131|P35713_SPPGYGAQD|0.182
Q13131|P35713_SPQRSPPRS|0.116
Q13131|P48431_NQKNSPDRV|0.757
Q13131|P48431_KKDKYTLPG|0.442
Q13131|P48431_KDKYTLPGG|0.51
Q13131|P48431_PGGNSMASG|0.0
Q13131|P48431_SVVKSEASS|0.003
Q13131|P48431_PPVVTSSSH|0.403
Q13131|P41225_GGANSGGGS|0.0
Q13131|P41225_KMHNSEISK|0.0
Q13131|P41225_NSEISKRLG|0.867
Q13131|P41225_KDKYSLPSG|0.438
Q13131|O94993_GAGKSPAAI|0.438
Q13131|O94993_LNRDYSFRD|0.577
Q13131|O94993_FRDYSSECT|0.118
Q13131|O94993_ECTHSENSR|0.506
Q13131|O94993_HSENSRSCE|0.591
Q13131|Q06945_ADDPSWCKT|0.0
Q13131|Q06945_SWCKTPSGH|0.283
Q13131|Q06945_IMEQSPDMH|0.764
Q13131|Q06945_KKVKSGNAN|0.822
Q13131|Q06945_ANSSSSAAA|0.0
Q13131|Q06945_SAAASSKPG|0.0
Q13131|Q06945_GGGGSSNAG|0.0
Q13131|Q06945_GGANSKPAQ|0.0
Q13131|Q06945_SSAASSPAA|0.714
Q13131|Q06945_SAASSPAAG|0.0
Q13131|Q06945_AAGRSPADH|0.618
Q13131|P35711_PASPYGEAD|0.0
Q13131|P35711_CGHRTPTSQ|0.035
Q13131|P35711_HNSSTSPQK|0.017
Q13131|P35711_NSSTSPQKA|0.0
Q13131|P35711_GGRQSGESL|0.659
Q13131|P35711_RRKGSLADV|0.909
Q13131|P35711_LAMGSGNFG|0.098
Q13131|P35711_EIKGTPESL|0.0
Q13131|P35711_KSTNSPPPK|0.0
Q13131|P35711_SDGKSPTSP|0.08
Q13131|P35711_GKSPTSPTS|0.639
Q13131|P35711_PTSPTSPHM|0.569
Q13131|P35711_LRINSGAGP|0.0
Q13131|P35711_LASPSARVS|0.423
Q13131|P35711_SARVSTIGY|0.0
Q13131|P35711_ARVSTIGYL|0.505
Q13131|P35711_TTLESLTQQ|0.075
Q13131|P35711_LESLTQQLA|0.0
Q13131|P35711_DFNLSGDSD|0.36
Q13131|P35711_LSGDSDGSA|0.0
Q13131|P35712_KQATSPFAC|0.053
Q13131|P35712_EDAMTQDLT|0.131
Q13131|P35712_TQDLTSREK|0.535
Q13131|P35712_NTSTSPHKP|0.464
Q13131|P35712_PDEGSRDRE|0.0
Q13131|P35712_RRKGSLADV|0.961
Q13131|P35712_RLNTSELLG|0.0
Q13131|P35712_SMQVSPGAK|0.168
Q13131|P35712_KRGTSPVTQ|0.409
Q13131|P35712_KSPTSPTQN|0.273
Q13131|P35712_PTSPTQNLF|0.594
Q13131|P35712_ASKTSPVNL|0.781
Q13131|P35712_SSIPSPIGG|0.0
Q13131|P35712_LGRGSSLDI|0.396
Q13131|P35712_GRGSSLDIL|0.38
Q13131|P35712_SSLNSPALF|0.0
Q13131|P35712_KQPYYEEQA|0.0
Q13131|P35712_QARLSKIHL|0.666
Q13131|P35712_RPKRTCIVD|0.41
Q13131|P35712_QLMRSRRQE|0.644
Q13131|P35712_SPQMTSDCS|0.001
Q13131|Q9BT81_NAELSKMLG|0.815
Q13131|Q9BT81_ALTLSQKRP|0.891
Q13131|Q9BT81_FLLSSLSRD|0.902
Q13131|Q9BT81_RGEYSPGTA|0.554
Q13131|P57073_DHPDYKYQP|0.006
Q13131|P57073_KAGHSDSDS|0.321
Q13131|P57073_GHSDSDSGA|0.128
Q13131|P57073_SDSDSGAEL|0.134
Q13131|P57073_GGAVYKAEA|0.477
Q13131|P57073_HGPPTPPTT|0.001
Q13131|P48436_FMKMTDEQE|0.456
Q13131|P48436_MSEDSAGSP|0.155
Q13131|P48436_SGSDTENTR|0.519
Q13131|P48436_DTENTRPQE|0.421
Q13131|P48436_REAVSQVLK|0.911
Q13131|P48436_DHPDYKYQP|0.378
Q13131|P48436_ATEQTHISP|0.0
Q13131|P48436_QTHISPNAI|0.964
Q13131|P48436_DSPHSSSGM|0.0
Q13131|P48436_SEVHSPGEH|0.33
Q13131|P48436_PTPPTTPKT|0.51
Q13131|P48436_QQQHSPQQI|0.415
Q13131|P48436_SQYDYTDHQ|0.226
Q13131|P08047_MDEMTAVVK|0.579
Q13131|P08047_GGAFSQARS|0.899
Q13131|P08047_SSTGSSSST|0.877
Q13131|P08047_SSSSTGGGG|0.413
Q13131|P08047_SRIESPNEN|0.334
Q13131|P08047_KHIKTHQNK|0.515
Q13131|P23497_QRMFTEDQG|0.888
Q13131|P23497_KVEISNAIK|0.0
Q13131|P23497_MFEDSQDSC|0.0
Q13131|P23497_YNVLSELEK|0.002
Q13131|P23497_REERSGLQL|0.756
Q13131|P23497_LEQGTGENS|0.62
Q13131|P23497_TWPPSGSPS|0.569
Q13131|P23497_PPSGSPSHA|0.001
Q13131|P23497_SHAGTTPPE|0.547
Q13131|P23497_HAGTTPPEN|0.553
Q13131|P23497_KRKDTTSDK|0.653
Q13131|P23497_RKDTTSDKD|0.566
Q13131|P23497_KDTTSDKDD|0.498
Q13131|P23497_DSLGSQQTN|0.617
Q13131|P23497_GSQQTNEQC|0.007
Q13131|P23497_EPTESCEQI|0.0
Q13131|P23497_CDEESPEAE|0.038
Q13131|P23497_SAPRSEPVI|0.671
Q13131|P23497_FRKLSTFRE|0.614
Q13131|P23497_WRIPSRKRR|0.096
Q13131|P23497_LRRGSGSQP|0.836
Q13131|P23497_SSQASDMMD|0.375
Q13131|P23497_VENNSTLEK|0.124
Q13131|P23497_ENNSTLEKH|0.0
Q13131|P23497_LEKHSGKRR|0.752
Q13131|P23497_RKHLTLNNK|0.498
Q13131|P23497_REMKTYIPP|0.541
Q13131|P23497_EMKTYIPPK|0.0
Q13131|P23497_DKQFYEKKA|0.0
Q13131|P23497_DIAAYRAKG|0.569
Q13131|P23497-2_KRRFSSSDF|0.0
Q13131|P23497-2_RFSSSDFSD|0.0
Q13131|P23497-4_CRIKTIQER|0.402
Q13131|P23497-4_RCPESQSGH|0.0
Q13131|P23497-4_PESQSGHQE|0.0
Q13131|P23497-4_HKEFYREDK|0.0
Q13131|Q9HB58_QSRDTPILL|0.0
Q13131|Q9HB58_QPSCSPCAP|0.0
Q13131|Q9HB58_APRVSEPGT|0.558
Q13131|Q9HB58_ILSESPSPS|0.0
Q13131|Q9HB58_SESPSPSDP|0.0
Q13131|Q9HB58_EGRSTSVTN|0.0
Q13131|Q9HB58_GRSTSVTND|0.47
Q13131|Q9HB58_VQVASDNLI|0.204
Q13131|Q9HB58_PQEVSSTPS|0.0
Q13131|Q9HB58_EVSSTPSDK|0.0
Q13131|Q9HB58_SSTPSDKKG|0.181
Q13131|Q9HB58_CIWSTPKRR|0.0
Q13131|Q9HB58_HKKKSLPGG|0.556
Q13131|Q9HB58_CARKSRSEE|0.001
Q13131|Q9HB58_RKSRSEEII|0.0
Q13131|Q9HB58_IDGTSEMNE|0.0
Q13131|Q9HB58_RSQKTPSTP|0.0
Q13131|Q9HB58_KTPSTPRRV|0.053
Q13131|Q9HB58_PRRVTQGAA|0.69
Q13131|Q9HB58_KRKNSDECE|0.0
Q13131|Q9HB58-4_HKKKSLPGE|0.0
Q13131|Q13342_GQMASGDSN|0.0
Q13131|Q13342_CYEHSPLQM|0.0
Q13131|Q13342_EGRNSPRKR|0.633
Q13131|Q13342_DKEKYQESP|0.0
Q13131|Q13342_KYQESPEGR|0.0
Q13131|Q13342_FDLKTPQVT|0.0
Q13131|Q13342_TPQVTNEGE|0.0
Q13131|Q13342_GEEGSDDCS|0.0
Q13131|Q13342_SDDCSEMCD|0.0
Q13131|Q13342_ARCGSVSCL|0.52
Q13131|Q13342_VSCLSAETF|0.0
Q13131|Q13342_EVPGSPEAR|0.0
Q13131|Q13342_GTMDTVDIA|0.0
Q13131|Q13342_IANNSTLGK|0.612
Q13131|Q13342_ESPGSQQCC|0.0
Q13131|Q13342_AKIPYYYYI|0.0
Q13131|Q9H930_SDLSTRGLN|0.0
Q13131|Q9H930_YNVLSELEK|0.0
Q13131|Q9H930_ESPGSQQCC|0.0
Q13131|Q9H930_AKIPYYYYI|0.0
Q13131|Q02086_EAAVTPPAP|0.0
Q13131|Q02086_PPQPTPRKL|0.0
Q13131|Q02086_PGKNSFGIL|0.003
Q13131|Q02086_LLTESPPTP|0.0
Q13131|Q02086_ESPPTPLSK|0.138
Q13131|Q02086_LVQDSPPAT|0.0
Q13131|Q02086_AAATSNTTC|0.0
Q13131|Q02086_TSNTTCSSP|0.0
Q13131|Q02086_SSPASRAPH|0.0
Q13131|Q02086_APHLSGTSK|0.007
Q13131|Q02086_DCGKTFRKT|0.314
Q13131|Q02086_RFTRSDELQ|0.543
Q13131|Q02447_LLAATCSKI|0.0
Q13131|Q02447_AATCSKIGP|0.0
Q13131|Q02447_VLSATPTTI|0.0
Q13131|Q02447_RVACTCPNC|0.0
Q13131|Q02447_RFTRSDELQ|0.914
Q13131|Q02447_RHRRTHTGE|0.43
Q13131|Q02447_RRTHTGEKK|0.202
Q13131|Q02447-5_MGPPSPGDD|0.0
Q13131|Q02446_AAMATEGGK|0.769
Q13131|Q02446_KKPKTSGSQ|0.0
Q13131|Q02446_PASSSSSSS|0.0
Q13131|Q02446_ASSSSSSSS|0.007
Q13131|Q02446_SSSSSSSSS|0.0
Q13131|Q02446_SSSSSSSSN|0.0
Q13131|Q02446_SSSSSNNGS|0.0
Q13131|Q02446_SNNGSASPT|0.0
Q13131|Q02446_IANATIGAV|0.0
Q13131|Q02446_LRWHTGERP|0.467
Q13131|Q02446_RHRRTHTGE|0.098
Q13131|Q02446_RRTHTGEKR|0.493
Q13131|Q02446_EVLGSPRIV|0.415
Q13131|Q02446_SNPATPNVS|0.005
Q13131|Q6BEB4_LGKHSPLAL|0.557
Q13131|Q6BEB4_LLAATCSRI|0.0
Q13131|Q6BEB4_AATCSRIGQ|0.0
Q13131|Q6BEB4_PALGSPSRL|0.077
Q13131|Q6BEB4_RFPASAAAA|0.0
Q13131|Q6BEB4_SFTRSDELQ|0.0
Q13131|Q6BEB4_RHLRTHTGE|0.002
Q13131|Q6BEB4_LRTHTGEKR|0.006
Q13131|Q3SY56_QPLQTYQGH|0.701
Q13131|Q3SY56_LESDSPLAP|0.005
Q13131|Q3SY56_LRWHSGDRP|0.761
Q13131|Q3SY56_RFTRSDELQ|0.868
Q13131|Q3SY56_VFMRSDHLA|0.275
Q13131|Q8IXZ3_NKIGSPSPS|0.0
Q13131|Q8IXZ3_SPSPSPSSL|0.0
Q13131|Q8IXZ3_SLSDSSSSF|0.0
Q13131|Q8IXZ3_LSDSSSSFG|0.01
Q13131|Q8IXZ3_DSSSSFGKG|0.003
Q13131|Q8IXZ3_VLPGSYPDS|0.015
Q13131|Q8IXZ3_LPGSYPDSA|0.292
Q13131|Q8IXZ3_GAGGSMLSA|0.875
Q13131|Q8IXZ3_GSMLSAGPS|0.003
Q13131|Q8IXZ3_SAGPSAPLG|0.007
Q13131|Q8IXZ3_PLGGSPRSS|0.001
Q13131|Q8IXZ3_PAGASLRRK|0.0
Q13131|Q8IXZ3_LRWHTGERP|0.461
Q13131|Q8IXZ3_RFTRSDELQ|0.822
Q13131|Q8IXZ3_RHLRTHTGE|0.003
Q13131|Q8IXZ3_LRTHTGEKR|0.018
Q13131|Q8IXZ3_KGSDTDSEH|0.001
Q13131|P0CG40_IGNTSPLTT|0.0
Q13131|P0CG40_PAGASLRRK|0.0
Q13131|P0CG40_RFTRSDELQ|0.64
Q13131|P0CG40_RHLRTHTGE|0.0
Q13131|P0CG40_LRTHTGEKR|0.001
Q13131|P0CG40_GKKGSDSDT|0.0
Q13131|P0CG40_KGSDSDTDA|0.0
Q13131|P0CG40_PRSESPDLI|0.342
Q13131|Q15506_TILDSSEED|0.0
Q13131|Q8IXA5_SCLSSQSSA|0.0
Q13131|Q8IXA5_LSSQSSALS|0.0
Q13131|Q96QH8_KAWGTVVVT|0.0
Q13131|Q96QH8_LMVVTVDAK|0.0
Q13131|Q96KW9_GSEKSVSSK|0.0
Q13131|Q96KW9_KNTQYENLS|0.006
Q13131|Q96KW9_IGRSSGNIF|0.0
Q13131|Q96E40_NDLSSLRAK|0.19
Q13131|Q07617_TTKDYPSLW|0.0
Q13131|Q07617_LAPESRALR|0.0
Q13131|Q07617_IDEDYKEKT|0.0
Q13131|Q07617_NSGDYEEAV|0.0
Q13131|Q07617_DLKNSEAAS|0.0
Q13131|Q07617_SEAASETQT|0.0
Q13131|Q07617_EEGKSGRKH|0.153
Q13131|Q07617_QRGQTPEAG|0.0
Q13131|Q07617_ADKRSPRRA|0.044
Q13131|Q07617_GGGATGHPG|0.0
Q13131|Q07617_LHPFSMKPL|0.0
Q13131|Q07617_RAMAYETLE|0.0
Q13131|Q07617_TLEQYGKAY|0.0
Q13131|Q07617_VNRLSRILM|0.214
Q13131|Q07617_REKLSPIPA|0.0
Q13131|Q07617_KEMISKQAG|0.0
Q13131|Q07617_QQGITDEKT|0.0
Q13131|Q07617_NDKNYKDAL|0.0
Q13131|Q07617_ALSKYSECL|0.0
Q13131|Q07617_LSKYSECLK|0.0
Q13131|Q07617_ECAIYTNRA|0.0
Q13131|Q07617_CAIYTNRAL|0.0
Q13131|Q07617_PSLVYQHLL|0.0
Q13131|Q07617_QHLLYLSKA|0.447
Q13131|Q8N0X2_EKMLTSLER|0.0
Q13131|Q8N0X2_KMLTSLERD|0.0
Q13131|Q8N0X2_QRGHSYHGP|0.0
Q13131|Q8N0X2_RGHSYHGPQ|0.0
Q13131|Q8N0X2_MKGNTKDSE|0.0
Q13131|Q8N0X2_NTKDSEFPI|0.0
Q13131|Q8N0X2_NLNVSKESL|0.0
Q13131|Q8N0X2_SADKTLSIW|0.0
Q13131|Q8N0X2_DKTLSIWDA|0.0
Q13131|Q8N0X2_EQSLYGHMH|0.0
Q13131|Q6Q759_EKGGTVNTS|0.0
Q13131|Q6Q759_RKLFSMVSW|0.0
Q13131|Q6Q759_KKAPSAKPA|0.0
Q13131|Q6Q759_KIIRTRAEL|0.0
Q13131|Q6Q759_LELKSSANA|0.0
Q13131|Q6Q759_ELKSSANAK|0.0
Q13131|Q6Q759_LKKKSPYKE|0.0
Q13131|Q6Q759_SKFGSFSAT|0.0
Q13131|Q6Q759_PDLETILNI|0.0
Q13131|Q6Q759_PVIVTVPQS|0.0
Q13131|Q6Q759_TVPQSKAKG|0.0
Q13131|Q6Q759_PSEITNTKK|0.0
Q13131|Q6Q759_EITNTKKGK|0.0
Q13131|Q6Q759_KQLVSAPGA|0.0
Q13131|Q6Q759_KLVMSFPKM|0.0
Q13131|Q6Q759_ETTKSHVTE|0.0
Q13131|Q6Q759_KSHVTEVAA|0.0
Q13131|Q6Q759_AAHLTDLFK|0.0
Q13131|Q6Q759_LFKQSLATP|0.0
Q13131|Q6Q759_TTQNYLMDI|0.0
Q13131|Q6Q759_KPEISADKK|0.0
Q13131|Q6Q759_TENLTKSPE|0.0
Q13131|Q6Q759_GKVNTSSVA|0.0
Q13131|Q6Q759_TSTIYSSTL|0.0
Q13131|Q6Q759_STIYSSTLG|0.0
Q13131|Q8TC36_KVKISSNWG|0.0
Q13131|Q8TC36_VKISSNWGN|0.0
Q13131|Q96R06_VKKLSLSLS|0.653
Q13131|Q96R06_KLSLSLSPS|0.018
Q13131|Q96R06_PSPQTGKPS|0.318
Q13131|Q96R06_TGKPSMRTP|0.57
Q13131|Q96R06_PSMRTPLRE|0.243
Q13131|Q96R06_PACSSLTPS|0.0
Q13131|Q96R06_NNKRTDLSS|0.362
Q13131|Q96R06_HFSHSSKWL|0.0
Q13131|Q96R06_KWLETCQHE|0.0
Q13131|Q96R06_CQHESDEQP|0.0
Q13131|Q96R06_PLGNYMVKT|0.0
Q13131|Q96R06_ARLDTMAET|0.0
Q13131|Q96R06_IFQESPSHL|0.054
Q13131|Q96R06_LLEESPPNP|0.007
Q13131|Q96R06_LSLPSMLRD|0.021
Q13131|Q96R06_AAIGTTPFS|0.0
Q13131|Q96R06_TPFSTCSVG|0.0
Q13131|Q96R06_KSTNTSQTG|0.355
Q13131|Q96R06_KHSTSETEQ|0.478
Q13131|Q96R06_LRERSLQCE|0.531
Q13131|Q96R06_PLLGSDKSA|0.626
Q13131|Q96R06_KSAFTRVAS|0.0
Q13131|Q96R06_TRVASMVSL|0.687
Q13131|Q96R06_HLTRSLRRA|0.189
Q13131|Q96R06_RRAETETKV|0.0
Q13131|Q96R06_HIYKTLLSI|0.895
Q13131|Q96R06_KTLLSIPEV|0.0
Q13131|O75602_RIAASALSD|0.0
Q13131|O75602_PVVLTCLKD|0.462
Q13131|O75391_SILSSMEKP|0.516
Q13131|O75391_EKPPSLGDQ|0.799
Q13131|O75391_FIQDSGQIK|0.704
Q13131|O75391_PASDYKDKY|0.225
Q13131|O75391_QANKTYGCV|0.001
Q13131|O75391_ANKTYGCVP|0.522
Q13131|O75391_RLRQSGEEL|0.973
Q13131|Q99932_STEGSRSRS|0.0
Q13131|P38567_SFIGSPRIN|0.0
Q13131|P38567_ILNPYIINV|0.0
Q13131|P38567_IINVTLAAK|0.0
Q13131|Q9NS26_MDKQSSAGG|0.0
Q13131|Q9NS26_DKQSSAGGV|0.0
Q13131|Q9NS26_KMKTSESST|0.0
Q13131|Q9NS26_KTSESSTIL|0.274
Q13131|Q9NS26_TSESSTILV|0.003
Q13131|Q9NS26_SESSTILVV|0.298
Q13131|Q9NS25_RLKRSVPCE|0.0
Q13131|Q9NS25_KMKTSESST|0.0
Q13131|Q9NS25_KTSESSTIL|0.0
Q13131|Q9NS25_TSESSTILV|0.0
Q13131|Q9NS25_SESSTILVV|0.0
Q13131|Q9NY87_KTSESSTIL|0.0
Q13131|Q9NY87_SESSTILVV|0.0
Q13131|Q9BXN6_KTSESSTIL|0.0
Q13131|Q9BXN6_SESSTILVV|0.0
Q13131|Q9BXN6_FKRTSPEEL|0.001
Q13131|Q5VSR9_KKMKTSEYS|0.0
Q13131|Q5MJ10_SLQKTKTIE|0.0
Q13131|Q5MJ10_QKTKTIEYL|0.0
Q13131|Q5MJ10_IIVYYYRKH|0.0
Q13131|Q5MJ10_IVYYYRKHT|0.0
Q13131|Q5MJ09_IFVYYLRKG|0.0
Q13131|Q5MJ08_NKMKSPCES|0.0
Q13131|Q5MJ08_SPCESNKRK|0.0
Q13131|Q5MJ08_ISAGSPQDG|0.0
Q13131|P09486_LHLDYIGPC|0.025
Q13131|Q14515_ARLLSDHSK|0.0
Q13131|Q14515_LSDHSKPTA|0.0
Q13131|Q14515_ETAVSTEDD|0.0
Q13131|Q14515_EQGKSSSQE|0.0
Q13131|Q14515_KEDMSEPQE|0.0
Q13131|Q14515_VSSFTDSNQ|0.0
Q13131|Q14515_SSKHSQGLR|0.0
Q13131|Q14515_AENSSNEEE|0.0
Q13131|Q14515_NEEETSSEG|0.0
Q13131|Q14515_EEETSSEGN|0.0
Q13131|Q14515_EETSSEGNM|0.0
Q13131|Q9UBP0_VLPFSKSQT|0.0
Q13131|Q9UBP0_PFSKSQTDV|0.786
Q13131|Q9UBP0_SKSQTDVYN|0.818
Q13131|Q9UBP0_QTDVYNDST|0.002
Q13131|Q9UBP0_PLTHTSNSL|0.681
Q13131|Q9UBP0_LTHTSNSLP|0.586
Q13131|Q9UBP0_MKTGSAGLS|0.505
Q13131|Q9UBP0_SAGLSGHHR|0.495
Q13131|Q9UBP0_RAPSYSGLS|0.0
Q13131|Q9UBP0_THKGTPKTN|0.497
Q13131|Q9UBP0_GTPKTNRTN|0.012
Q13131|Q9UBP0_TNKPSTPTT|0.604
Q13131|Q9UBP0_RNVDSNLAN|0.621
Q13131|Q9UBP0_ELQPSIIFI|0.111
Q13131|Q9UBP0_DEVDSLLCE|0.385
Q13131|Q9UBP0_GSDLTALAK|0.622
Q13131|Q9UBP0_VSPQTLEAY|0.0
Q13131|Q5VX52_LVNMSLNPS|0.0
Q13131|Q5VX52_SRPSSSELV|0.0
Q13131|Q5VX52_RPSSSELVE|0.0
Q13131|Q5VX52_HRPISVTLF|0.0
Q13131|Q5VX52_TKKVTASME|0.0
Q13131|Q5VX52_KVTASMEEV|0.0
Q13131|Q5VX52_EEVLTKLRE|0.0
Q13131|Q5VX52_IIQITEVQH|0.0
Q13131|Q96N96_MTSASPEDQ|0.0
Q13131|Q96N96_PFTFSQSTP|0.82
Q13131|Q96N96_TFSQSTPIG|0.0
Q13131|Q96N96_FSQSTPIGL|0.0
Q13131|Q96N96_DDNGSEEDF|0.0
Q13131|Q96N96_QEELSENSS|0.0
Q13131|Q96N96_LSENSSSTP|0.0
Q13131|Q96N96_SENSSSTPS|0.002
Q13131|Q96N96_NSSSTPSEE|0.001
Q13131|Q96N96_EHGDYSNIK|0.0
Q13131|Q96N96_IKAAYEAMK|0.004
Q13131|Q96N96_ILDRSSELI|0.0
Q13131|Q96N96_LDRSSELIH|0.0
Q13131|Q96N96_RDMLYYKGR|0.035
Q13131|Q96N96_DMLYYKGRL|0.607
Q13131|Q96N96_TDEVYLFCA|0.0
Q13131|Q96N96_KSKGYNRCP|0.002
Q13131|Q96N96_KRKSSLFWH|0.0
Q13131|Q96N96-6_AKMVTSLAC|0.0
Q13131|Q96N96-6_KMVTSLACG|0.0
Q13131|Q96N96-6_VCGCSPGGD|0.0
Q13131|Q96N96-6_VRLFSTSRK|0.0
Q13131|Q96N96-6_SRKRTGAHP|0.0
Q13131|Q96N96-6_ERPHSMVLV|0.0
Q13131|Q96N96-6_GAQASRGSP|0.0
Q13131|Q96N96-6_ASRGSPLAP|0.0
Q13131|Q96N96-6_TLDGSDLED|0.0
Q13131|Q96N96-6_PENNSMGYR|0.0
Q13131|Q96N96-6_NSMGYRRSK|0.625
Q13131|Q96N96-6_GYRRSKSTD|0.0
Q13131|Q96N96-6_RRSKSTDNL|0.009
Q13131|Q96N96-6_RSKSTDNLA|0.068
Q13131|Q96N96-6_FKRKSTSNL|0.008
Q13131|Q96N96-6_KRKSTSNLA|0.004
Q13131|Q96N96-6_QRTLSSSST|0.001
Q13131|Q96N96-6_QKLGSGRTK|0.0
Q13131|Q96N96-6_GSGRTKRWR|0.001
Q13131|Q96N96-6_KRWRSPIRA|0.0
Q13131|Q96N96-6_SGAPSPGEA|0.0
Q13131|Q96N96-6_PGEASLRLQ|0.0
Q13131|Q96N96-6_LHDDYSRRV|0.0
Q13131|Q96N96-6_SSLPSPIVQ|0.0
Q13131|Q96N96-6_RRSSSQDEE|0.0
Q13131|Q96N96-6_PRPFSDYGQ|0.0
Q13131|Q96N96-6_PFSDYGQLA|0.001
Q13131|Q96N96-6_SRSLSIPED|0.0
Q13131|Q96N96-6_IPEDSVAAD|0.0
Q13131|Q96N96-6_QASMTSASP|0.0
Q13131|Q9BXB7_MIADYMFWL|0.0
Q13131|Q9BXB7_FSVMYTPFA|0.0
Q13131|Q9BXB7_EKLQYASLL|0.0
Q13131|Q9BXB7_ASLLSQLQR|0.0
Q13131|Q96L03_GRKQYQLTV|0.0
Q13131|Q96L03_VQVAYYTMM|0.0
Q13131|Q96L03_QVAYYTMMM|0.0
Q13131|Q96L03_RWRGYRVRK|0.0
Q13131|Q96L03_LFNYYYLKE|0.0
Q13131|Q96L03_FNYYYLKEY|0.0
Q13131|Q96L03_RKMHYLLST|0.466
Q13131|Q8TC71_SEPWSLEER|0.0
Q13131|Q8TC71_SRSRSASPS|0.0
Q13131|Q8TC71_SRSASPSTA|0.0
Q13131|Q8TC71_CRSRSLSPI|0.683
Q13131|Q8TC71_SRSLSPICP|0.0
Q13131|Q8TC71_SRSPSPIRC|0.0
Q13131|Q9UM82_RSIKTYTGP|0.002
Q13131|Q9UM82_SIKTYTGPF|0.258
Q13131|Q9UM82_IKTYTGPFV|0.758
Q13131|Q9UM82_REHLTASMS|0.074
Q13131|Q9UM82_HLTASMSRV|0.825
Q13131|Q9UM82_AAKDYYKPR|0.483
Q13131|Q9UM82_AKDYYKPRV|0.005
Q13131|Q9UM82_SVDAYDSYW|0.008
Q13131|Q9UM82_AYDSYWESR|0.459
Q13131|Q9UM82_PLKASLSLR|0.068
Q13131|Q9UM82_KASLSLRKE|0.567
Q13131|Q9UM82_EPVATDVGD|0.019
Q13131|Q9UM82_IIRPSPSLL|0.089
Q13131|Q9UM82_LTMASSPHG|0.0
Q13131|Q9UM82_PASPSNGPA|0.033
Q13131|Q9UM82_NDAHSLYHK|0.366
Q13131|Q9UM82_AHSLYHKRS|0.004
Q13131|Q9UM82_SCSSSLCQR|0.0
Q13131|Q9UM82_QRCDSLLTC|0.003
Q13131|Q9UM82_STHDSLAHG|0.0
Q13131|Q9UM82_AHGASLREK|0.775
Q13131|Q9UM82_CLSAYHYDP|0.0
Q13131|Q9UM82_SAYHYDPCY|0.388
Q13131|Q9UM82_YDPCYKKSE|0.0
Q13131|Q9UM82_NQLNYKSTQ|0.0
Q13131|Q9UM82_SHLVYR___|0.001
Q13131|Q8TB22_GLAASRRGS|0.0
Q13131|Q8TB22_QGGGYFCSE|0.0
Q13131|Q8TB22-2_WPHRSPSRG|0.0
Q13131|Q7Z572_DNRNTQMYT|0.0
Q13131|Q7Z572_ARSQTAQKS|0.0
Q13131|Q7Z572_LQKLYQNRE|0.0
Q13131|Q7Z572_FQSGSQGNR|0.0
Q13131|Q8NHS9_PPNLSRNKE|0.0
Q13131|Q8NHS9_KEKASSLRI|0.0
Q13131|Q8NHS9_EKASSLRII|0.0
Q13131|Q8NHS9_LRIISAVIE|0.001
Q13131|Q8NHS9_AVIESMKYW|0.168
Q13131|Q8NHS9_ESMKYWREH|0.0
Q13131|Q8NHS9_TPGPYYSKT|0.0
Q13131|Q8NHS9_PGPYYSKTF|0.0
Q13131|Q8NHS9-3_EVLGS____|0.0
Q13131|Q86W54_DVIESQEEL|0.0
Q13131|Q86W54_AHAKTKVLL|0.006
Q13131|Q86W54_EKALSSVKS|0.0
Q13131|Q86W54_KALSSVKSK|0.0
Q13131|Q86W54_VLQESSKKD|0.06
Q13131|Q8IUW3_LLLKSFQKM|0.0
Q13131|Q8IUW3_QKMGYVRRD|0.062
Q13131|Q8IUW3_ARRASGDVA|0.014
Q13131|Q8IUW3_PPRGSPAAY|0.0
Q13131|Q8IUW3_RRELSRPGD|0.655
Q13131|Q8IUW3_GDLATPESS|0.0
Q13131|Q8IUW3_SAAASPRRI|0.028
Q13131|Q8IUW3_PASAYRSVS|0.0
Q13131|Q8IUW3_RPGHSLRVL|0.0
Q13131|Q8NHX4_AGPHSCSCA|0.0
Q13131|Q8NHX4_PHSCSCATC|0.0
Q13131|Q8NHX4_CSCATCPCS|0.0
Q13131|Q8NHX4_SRKPSSHRN|0.0
Q13131|Q8NHX4_RKPSSHRNA|0.0
Q13131|Q5VVP1_MKNHSLRAG|0.0
Q13131|Q5VVP1_LALPSRVQK|0.0
Q13131|Q5VVP1_LRDESPGTS|0.0
Q13131|Q5VVP1_ESPGTSQAK|0.0
Q13131|Q5VVP1_SPGTSQAKG|0.0
Q13131|Q5VVP1_NLGQTNEGL|0.001
Q13131|Q5VVP1_AAPKSGKAC|0.0
Q13131|Q5VVP1_EEVVSEFEP|0.0
Q13131|Q5VVP1_DGQASVVPH|0.0
Q13131|Q5VVP1_DKKMSLCHA|0.005
Q13131|Q6ZUB1_SGRFSDKGC|0.0
Q13131|Q6ZUB1_RSWKYQSVS|0.173
Q13131|Q6ZUB1_GDPCSSRAL|0.0
Q13131|Q6ZUB1_DPCSSRALQ|0.0
Q13131|Q6ZUB1_ALACSPKAT|0.0
Q13131|Q96LK8_ALEPSTEPL|0.0
Q13131|Q96LK8_LEPSTEPLL|0.0
Q13131|Q96LK8_EPLLTTVEE|0.0
Q13131|Q96LK8_PLLTTVEER|0.0
Q13131|Q96N06_MEKHSQEAR|0.594
Q13131|Q96N06_ITRASNETL|0.771
Q13131|Q96N06_ASNETLVSC|0.0
Q13131|Q96N06_DWGPYRRHR|0.331
Q13131|Q96N06_HRNPSTADA|0.001
Q13131|Q96N06_RNPSTADAY|0.0
Q13131|Q96N06_TADAYNSHL|0.466
Q13131|Q96N06_DAYNSHLKE|0.348
Q13131|Q8NEY3_REIKSIQDD|0.0
Q13131|Q8NEY3_FTDYSYQMR|0.0
Q13131|A4D263_KDSFYKSST|0.0
Q13131|Q8NB90_RLNQSAENG|0.978
Q13131|Q8NB90_ENGSSLPSA|0.194
Q13131|Q8NB90_PSAASSCAE|0.001
Q13131|Q8NB90_ARAPSAGSD|0.658
Q13131|Q8NB90_GNFLYCTFY|0.003
Q13131|Q8NB90_GGPQSDSDT|0.0
Q13131|Q8NB90_PQSDSDTDA|0.814
Q13131|Q8NB90_SDSDTDAQR|0.723
Q13131|Q8NB90_TSRSTPYKP|0.874
Q13131|Q8NB90_RSTPYKPID|0.478
Q13131|Q8NB90_NEQLTEEER|0.831
Q13131|Q8NB90_GVLLYGPPG|0.042
Q13131|Q8NB90_AQLLTEMDG|0.004
Q13131|Q8NB90_PDAATRREI|0.03
Q13131|Q8NB90_KRHFTQALS|0.732
Q13131|Q8NB90_TQALSTVTP|0.126
Q13131|Q8NB90_QALSTVTPR|0.256
Q13131|Q8NB90_LSTVTPRIP|0.433
Q13131|Q9BVQ7_MAPDSDPFP|0.057
Q13131|Q9BVQ7_PLCASPGAA|0.36
Q13131|Q9BVQ7_VVIGTPTLK|0.681
Q13131|Q9BVQ7_IGTPTLKQR|0.488
Q13131|Q9BVQ7_EKVLSQIFR|0.72
Q13131|Q9BVQ7_ERRGSKSSQ|0.753
Q13131|Q9BVQ7_GSKSSQQEF|0.005
Q13131|Q9BVQ7_KPSLSCKDL|0.057
Q13131|Q9BVQ7_DLALYENLF|0.637
Q13131|Q9NWH7_LEISSVTCP|0.0
Q13131|Q9NWH7_ISSVTCPGV|0.0
Q13131|Q9NWH7_VDPPSPRAD|0.0
Q13131|Q9NWH7_EEYLSPRSC|0.0
Q13131|Q9NWH7_LLVHSAPST|0.28
Q13131|Q9NWH7_MPKHSPSPV|0.0
Q13131|Q9NWH7_KHSPSPVLN|0.0
Q13131|Q9NWH7_LNRASLRER|0.0
Q13131|Q9NWH7_QRHLYDERD|0.0
Q13131|Q9NWH7_SAYDSDPEY|0.0
Q13131|Q9NWH7_IFENSMDKM|0.0
Q13131|Q9NWH7_KACSSASHT|0.0
Q13131|Q9NWH7_SASHTQESF|0.0
Q13131|Q9NWH7_HTQESF___|0.0
Q13131|Q8N4H0_PLSTSHEPI|0.0
Q13131|Q8N4H0_APSQYSTRH|0.0
Q13131|Q8N4H0_KSKFSDFPF|0.0
Q13131|Q8N4H0_FHPGSQSTW|0.0
Q13131|Q9P0W8_VLPRYGPPC|0.0
Q13131|Q9P0W8_TDSSSLRLS|0.0
Q13131|Q9P0W8_MNGFSSFAR|0.0
Q13131|Q9P0W8_NGFSSFARS|0.0
Q13131|Q9P0W8_PRKLSSGAL|0.743
Q13131|Q9P0W8_RPRSTFPNS|0.0
Q13131|Q9P0W8_SQYRYYTPA|0.002
Q13131|Q9P0W8_QYRYYTPAK|0.0
Q13131|Q9P0W8_SELGTAETK|0.0
Q13131|Q9P0W8_ERQQYQKAL|0.0
Q13131|Q6RVD6_RRVPSASPL|0.0
Q13131|Q6RVD6_VPSASPLIQ|0.0
Q13131|Q9BWV2_LNSISRSSK|0.0
Q13131|Q9BWV2_SISRSSKSV|0.0
Q13131|Q76KD6_PRTSSSPAS|0.0
Q13131|Q76KD6_RTSSSPASV|0.0
Q13131|Q76KD6_SVNDSRGPR|0.0
Q13131|Q9H0A9_TSTKSLDGS|0.0
Q13131|Q9H0A9_NPLHSSPAA|0.0
Q13131|Q96M53_YPLMSPKAE|0.063
Q13131|Q96M53_RKPRSPRDS|0.0
Q13131|Q96M53_RALRTPKPQ|0.363
Q13131|Q96M53_SQSSSRHEG|0.0
Q13131|Q96M53_TEKKTSKPR|0.0
Q13131|Q96M53_EKKTSKPRA|0.0
Q13131|Q496A3_HSDHSSEMS|0.0
Q13131|Q496A3_SDHSSEMSL|0.0
Q13131|Q496A3_YPRFSSNIH|0.0
Q13131|Q496A3_PRFSSNIHT|0.0
Q13131|Q496A3_GRKKYDIDP|0.0
Q13131|Q496A3_IPKLTPGDN|0.0
Q13131|Q496A3_GDNPYMYPE|0.0
Q13131|Q496A3_NPYMYPEQS|0.0
Q13131|Q496A3_YPEQSKGFH|0.0
Q13131|Q86XZ4_VPNKSNNEI|0.0
Q13131|Q86XZ4_DSSKSVSIQ|0.0
Q13131|Q86XZ4_SKSVSIQEE|0.0
Q13131|Q86XZ4_QEEQSAPSS|0.0
Q13131|Q86XZ4_SAPSSEKGG|0.0
Q13131|Q86XZ4_AINDTESVD|0.0
Q13131|Q86XZ4_LETLSIDAR|0.0
Q13131|Q86XZ4_FETKSLTMH|0.0
Q13131|Q86XZ4_ETQFSNMGM|0.0
Q13131|Q86XZ4_AELESCLMD|0.0
Q13131|Q86XZ4_YSTRSRCSS|0.0
Q13131|Q86XZ4_RSRCSSVTS|0.0
Q13131|Q86XZ4_SRCSSVTSV|0.341
Q13131|Q86XZ4_CSSVTSVSL|0.0
Q13131|Q86XZ4_SVSLSSPSD|0.0
Q13131|Q86XZ4_VSLSSPSDA|0.0
Q13131|Q86XZ4_PSDASAASS|0.0
Q13131|Q86XZ4_ASAASSSTC|0.0
Q13131|Q86XZ4_SAASSSTCA|0.0
Q13131|Q86XZ4_ASSSTCASP|0.0
Q13131|Q86XZ4_STCASPPSL|0.0
Q13131|Q86XZ4_ASPPSLTSA|0.0
Q13131|Q86XZ4_SGQPYQPLR|0.0
Q13131|Q86XZ4_GRHDSMGRY|0.001
Q13131|Q86XZ4_YRNSSWYSS|0.713
Q13131|Q86XZ4_NSSWYSSGS|0.0
Q13131|Q86XZ4_SWYSSGSRY|0.0
Q13131|Q86XZ4_SGSRYQSAP|0.0
Q13131|Q86XZ4_APGNTIERG|0.0
Q13131|Q86XZ4_GQTHSAGTN|0.0
Q13131|Q86XZ4_KPRTSQTEA|0.0
Q13131|Q86XZ4_EAVNS____|0.0
Q13131|Q8NBT2_QGLLSLLGA|0.002
Q13131|Q8NBT2_PSAVYVAQL|0.01
Q13131|Q8NBT2_VAQLYHQVS|0.0
Q13131|Q9HBM1_AEKLSVKLK|0.0
Q13131|Q9HBM1_NVRKTNNFS|0.0
Q13131|Q9Y6A9_TQMDYKGQK|0.309
Q13131|Q9Y6A9_PVQESSTDD|0.0
Q13131|Q9Y6A9_VQESSTDDK|0.0
Q13131|Q15005_AGGASNCGT|0.088
Q13131|Q15005_GSGRSGLLD|0.594
Q13131|Q15005_YKEKSIFLV|0.0
Q13131|Q15005_TLKLTFISG|0.0
Q13131|Q15005_LTFISGRTK|0.0
Q13131|Q15005_EFTKSIAKF|0.0
Q13131|Q15005_VMDAYEPEI|0.168
Q13131|P61009_SRANSLFAF|0.0
Q13131|P61009_TFDITADLE|0.0
Q13131|O95238_LKPHSYGRF|0.002
Q13131|O95238_KPHSYGRFI|0.0
Q13131|O95238_QRLVYQFVH|0.515
Q13131|Q5MJ70_SSSSSLSSH|0.0
Q13131|Q5MJ70_LSSHTAGVT|0.0
Q13131|Q5MJ70_TAGVTEKHS|0.0
Q13131|Q5MJ68_ISDKYLLAM|0.0
Q13131|Q5MJ68_MVLVYFQRA|0.0
Q13131|Q8NFV5_WFLYSAPGV|0.0
Q13131|Q8NFV5_GVDPSPPCR|0.0
Q13131|Q8NFV5_QQRVSPILL|0.0
Q13131|Q8NFV5_RKNRSHIPL|0.01
Q13131|A6NNV3_WFLYSAPGV|0.0
Q13131|A6NNV3_GVDPSPPCR|0.0
Q13131|Q495Y8_QLYRSMNSR|0.0
Q13131|A6NHP3_QLYRSMNSR|0.0
Q13131|A6NKU9_AGLPSWQYQ|0.0
Q13131|A6NKU9_FLALYLAND|0.001
Q13131|A6NLX3_GKNYSQRPL|0.0
Q13131|A6NIY4_GVDPSPPHR|0.002
Q13131|P0CI01_QLYRSMNSR|0.0
Q13131|Q9NRR8_THIGSGEMG|0.0
Q13131|Q5M775_SGMKSSKSS|0.0
Q13131|Q5M775_SSKSSTSLA|0.658
Q13131|Q5M775_SKSSTSLAF|0.042
Q13131|Q5M775_LKRASSEDT|0.272
Q13131|Q5M775_RLKKTATAG|0.0
Q13131|Q5M775_ELTESRLRS|0.705
Q13131|Q5M775_SRERSVPRG|0.494
Q13131|Q5M775_TPTPTKHLR|0.012
Q13131|Q5M775_LRTPSTKPK|0.409
Q13131|Q5M775_RTPSTKPKQ|0.051
Q13131|Q5M775_AALESQVRE|0.0
Q13131|Q5M775_NVDGTSVSP|0.368
Q13131|Q5M775_SPGDTEPMI|0.44
Q13131|Q5M775_LSSTSNPFK|0.129
Q13131|Q5M775_VSELSLASL|0.0
Q13131|Q5M775_AEQLSQENE|0.0
Q13131|Q5M775_LLELSCNEL|0.001
Q13131|Q5M775_KHVSSLLAK|0.601
Q13131|Q5M775_VEKDYSYLK|0.0
Q13131|Q5M775_KDYSYLKEI|0.0
Q13131|Q5M775_EEPESSEVD|0.0
Q13131|Q5M775_EPESSEVDA|0.0
Q13131|Q5M775_RTSPTPPES|0.0
Q13131|Q5M775_GQNISVHKT|0.0
Q13131|Q5M775_RSPLSGIPV|0.045
Q13131|Q5M775_RHSTYSSVR|0.034
Q13131|Q5M775_STYSSVRPA|0.013
Q13131|Q5M775_PSLESLSRP|0.041
Q13131|Q5M775_LESLSRPPS|0.142
Q13131|Q5M775_SRPPSLGFG|0.387
Q13131|Q5M775_LLSASTRAW|0.0
Q13131|Q5M775_WKPQSKLSV|0.01
Q13131|Q5M775_QSKLSVERK|0.0
Q13131|Q69YQ0_KASRSVGSV|0.579
Q13131|Q69YQ0_AISKTQTAE|0.0
Q13131|Q69YQ0_GTAASLSKT|0.0
Q13131|Q69YQ0_SLSKTKSSD|0.0
Q13131|Q69YQ0_PAMTTVENK|0.494
Q13131|Q69YQ0_ISTGTASST|0.006
Q13131|Q69YQ0_TGTASSTKR|0.0
Q13131|Q69YQ0_GTASSTKRS|0.0
Q13131|Q69YQ0_KRSTSTGNK|0.0
Q13131|Q69YQ0_RSTSTGNKE|0.0
Q13131|Q69YQ0_NKESSSTRE|0.006
Q13131|Q69YQ0_ESSSTRERL|0.0
Q13131|Q69YQ0_SRTATECDV|0.0
Q13131|Q69YQ0_SKSKSDNQI|0.296
Q13131|Q69YQ0_GDEKSEKET|0.0
Q13131|Q69YQ0_ALGFSLEQR|0.0
Q13131|Q69YQ0_SIERSRKGS|0.0
Q13131|Q69YQ0_RKGSSGNAS|0.511
Q13131|Q69YQ0_SGNASEVSV|0.047
Q13131|Q69YQ0_ASEVSVACL|0.0
Q13131|Q69YQ0_ILMESLCQQ|0.0
Q13131|Q69YQ0_VAELYSIHN|0.013
Q13131|Q69YQ0_NLIISDLEN|0.0
Q13131|Q69YQ0_LREESAEWR|0.0
Q13131|Q69YQ0_RGRVYNYMN|0.08
Q13131|Q69YQ0_RVYNYMNAV|0.523
Q13131|Q69YQ0_GMGLSRRSS|0.0
Q13131|Q69YQ0_RRSSTSSEP|0.0
Q13131|Q69YQ0_SSTSSEPTP|0.0
Q13131|Q69YQ0_TLIKSFDSA|0.0
Q13131|Q69YQ0_AIPRTPLSP|0.0
Q13131|Q69YQ0_RHSISGPIS|0.505
Q13131|Q69YQ0_SGPISTSKP|0.016
Q13131|Q69YQ0_LTALSDKRP|0.0
Q13131|Q69YQ0_HLLRTSSAS|0.001
Q13131|Q69YQ0_LRTSSASRP|0.326
Q13131|Q69YQ0_TSSASRPAS|0.0
Q13131|Q69YQ0_SRPASLPRV|0.0
Q13131|Q69YQ0_PAMESAKTL|0.0
Q13131|Q69YQ0_AKTLSVSRR|0.0
Q13131|Q69YQ0_SRRSSEEVK|0.0
Q13131|Q69YQ0_QEGASPASL|0.0
Q13131|Q69YQ0_MGTTSPQLS|0.0
Q13131|Q69YQ0_KDPLSALAR|0.0
Q13131|Q69YQ0_QAAESVGIK|0.005
Q13131|Q9C093_ASVKTLPAN|0.0
Q13131|Q9C093_PANPSREQL|0.0
Q13131|Q9C093_PRAESTTPE|0.001
Q13131|Q9C093_GKTLSGKTT|0.0
Q13131|Q9C093_IENIYAEGF|0.0
Q13131|Q15772_RAPPSPGVP|0.325
Q13131|Q15772_VCAGSDVRL|0.0
Q13131|Q15772_RLPGSPRQA|0.048
Q13131|Q15772_QAQATGAGP|0.0
Q13131|Q15772_DLYGSAFSL|0.0
Q13131|Q15772_GSAFSLYRG|0.001
Q13131|Q15772_GRALSIHVS|0.0
Q13131|Q15772_LPPPSPRVG|0.006
Q13131|Q15772_AATPTSPHR|0.217
Q13131|Q15772_ATPTSPHRR|0.0
Q13131|Q15772_GTAESRPQT|0.094
Q13131|Q15772_SRPQTPLSE|0.0
Q13131|Q15772_QTPLSEASG|0.352
Q13131|Q15772_LSEASGRLS|0.0
Q13131|Q15772_ALGRSPRLV|0.155
Q13131|Q15772_VRAGSRILD|0.0
Q13131|Q15772_ERSDSPPAP|0.529
Q13131|Q15772_RKARSLEQP|0.923
Q13131|Q15772_QKAASLDER|0.679
Q13131|Q15772_TRQRSPASD|0.0
Q13131|Q15772_IRRSTSREE|0.517
Q13131|Q15772_RRSTSREEL|0.887
Q13131|Q15772_ELVRSHESL|0.677
Q13131|Q15772_QRAPSPREP|0.629
Q13131|Q15772_PPLFSRPST|0.566
Q13131|Q15772_FSRPSTPKT|0.0
Q13131|Q15772_SRAVSPAAA|0.023
Q13131|Q15772_AQPPSPSSA|0.0
Q13131|Q15772_PSPSSAEKP|0.0
Q13131|Q15772_QFPLTRSRA|0.007
Q13131|Q15772_QECRSPVPP|0.0
Q13131|Q15772_PEARTKAPP|0.0
Q13131|Q15772_TMKPSPSQN|0.0
Q13131|Q15772_KPSPSQNRR|0.0
Q13131|Q15772_APLFTRLLE|0.0
Q13131|Q15772_EKMPSIPEE|0.785
Q13131|Q15772_GRRLSDFYD|0.193
Q13131|Q15772_LRRGSSAES|0.904
Q13131|Q15772_RRGSSAESA|0.71
Q13131|Q15772_HKAASVELP|0.739
Q13131|Q15772_PQRRSPSPG|0.0
Q13131|Q15772_RRSPSPGAT|0.0
Q13131|Q15772_ARAASSEAA|0.765
Q13131|Q15772_GLQKSSSFS|0.0
Q13131|Q15772_LQKSSSFSQ|0.0
Q13131|Q15772_QKSSSFSQG|0.779
Q13131|Q15772_ARVASPPPG|0.008
Q13131|Q15772_ARVPTVPPR|0.0
Q13131|Q15772_RSRESPLSL|0.0
Q13131|Q15772_ERSRSVQDL|0.908
Q13131|Q15772_VRRLSLSLS|0.869
Q13131|Q15772_SLSLSQRLR|0.536
Q13131|Q15772_EGGSSARGS|0.0
Q13131|Q15772_SARGSPVLA|0.0
Q13131|Q15772_RRRLSFTLE|0.576
Q13131|Q15772_RLQRSGSSE|0.0
Q13131|Q15772_ASGRSTPLF|0.0
Q13131|Q15772_LRRATSEGE|0.003
Q13131|Q15772_RRATSEGES|0.797
Q13131|Q15772_QAGATTPSA|0.0
Q13131|Q15772_ATTPSAESL|0.0
Q13131|Q15772_RQLLSIPRA|0.017
Q13131|Q15772_LYECSATNV|0.212
Q13131|Q15772_PPPQTPPRR|0.262
Q13131|Q15772_VQSLSPAKE|0.0
Q13131|Q15772_SSPGSSPRS|0.0
Q13131|Q15772_SPGSSPRSS|0.0
Q13131|Q15772_SSPRSSPRP|0.0
Q13131|Q15772_AEAATRHKV|0.0
Q13131|Q8N4L4_PVMMTVSPP|0.0
Q13131|Q8N4L4_MMTVSPPPA|0.0
Q13131|Q8N4L4_GRIVYDARD|0.0
Q13131|Q0P670_QVKMSRPTQ|0.0
Q13131|Q0P670_RPTQYSSFS|0.0
Q13131|Q0P670_WRPLTTSAS|0.0
Q13131|Q0P670_RPLTTSASL|0.0
Q13131|Q0P670_SHQRTPAPS|0.0
Q13131|Q0P670_TPAPSSVLV|0.0
Q13131|Q0P670_PAPSSVLVP|0.0
Q13131|Q0P670_SRARSSSLP|0.0
Q13131|Q0P670_ARSSSLPPA|0.0
Q13131|Q0P670_PPASTSTLR|0.0
Q13131|Q7Z5L4_MIITTWIVY|0.0
Q13131|Q8NA61_SRPNYTRKR|0.0
Q13131|Q8NA61_RVQLSDEMF|0.0
Q13131|Q8NA61_SRAPSPLLH|0.0
Q13131|Q8NA61_LHKDSASLE|0.0
Q13131|Q8NA61_KDSASLEVV|0.0
Q13131|Q8NA61_PKKPSRV__|0.0
Q13131|Q6UW49_PKHVYSIAS|0.0
Q13131|Q6UW49_TSYKSPVTT|0.0
Q13131|Q6UW49_LDINSQVQQ|0.0
Q13131|Q6UW49_QALLSDTSN|0.012
Q13131|Q6UW49_TVFNTLKNM|0.0
Q13131|O75940_KDLLSTQPS|0.916
Q13131|O75940_DLLSTQPSE|0.856
Q13131|O75940_QPSETLASS|0.059
Q13131|O75940_ASSDSFAST|0.972
Q13131|O75940_DSFASTQPT|0.53
Q13131|O75940_SFASTQPTH|0.937
Q13131|O75940_STQPTHSWK|0.454
Q13131|O75940_ASPESVTGK|0.907
Q13131|O75940_PESVTGKVG|0.312
Q13131|O75940_VGVGTCGIA|0.644
Q13131|O75940_DKPMTQYQD|0.479
Q13131|O75940_PMTQYQDTS|0.004
Q13131|O75940_QYQDTSKYN|0.858
Q13131|O75477__MNMTQARV|0.371
Q13131|O75477_TTFRSVQTT|0.484
Q13131|O75477_ADAEYYAAH|0.0
Q13131|O75477_DAEYYAAHK|0.0
Q13131|O75477_KHKLTPEYL|0.0
Q13131|O75477_LTPEYLELK|0.0
Q13131|O75477_ALEPSGENV|0.0
Q13131|O94905_FFCASLFSA|0.373
Q13131|O94905_ASLFSAVHK|0.194
Q13131|O94905_TSYKSVQTT|0.97
Q13131|O94905_DAECYTAMK|0.474
Q13131|O94905_KLKLTPEYL|0.109
Q13131|O94905_LTPEYLQLM|0.496
Q13131|O94905_AGSVSKQFE|0.155
Q13131|Q96JI7_DQDISISLL|0.0
Q13131|Q96JI7_LAKFSFQID|0.0
Q13131|Q96JI7_VNILTSYIN|0.0
Q13131|Q96JI7_AIDEYDVHE|0.0
Q13131|Q96JI7_WKKLSFEEV|0.43
Q13131|Q96JI7_VIQDTLPVQ|0.0
Q13131|Q96JI7_PVQNYKTKE|0.0
Q13131|Q96JI7_EDAQYSFIR|0.001
Q13131|Q96JI7_DAQYSFIRE|0.0
Q13131|Q96JI7_FIRESVAEK|0.0
Q13131|Q96JI7_EFQKSLETL|0.0
Q13131|Q96JI7_IKEITQEMQ|0.011
Q13131|Q96JI7_QEMQTLKHI|0.14
Q13131|Q96JI7_SRQISTSGE|0.0
Q13131|Q96JI7_RQISTSGEL|0.0
Q13131|Q96JI7_RVHSTSSLD|0.711
Q13131|Q96JI7_GIGRYNEMT|0.0
Q13131|Q96JI7_YNEMTYIFD|0.0
Q13131|Q96JI7_NEMTYIFDL|0.0
Q13131|Q96JI7_ALCFSMCRE|0.0
Q13131|Q96JI7_KLLTYCEDV|0.0
Q13131|Q8N0X7_EAKNYYKQG|0.146
Q13131|Q8N0X7_AKNYYKQGI|0.597
Q13131|Q8N0X7_LRGISISSK|0.45
Q13131|Q8N0X7_KGLATSLQN|0.707
Q13131|Q8N0X7_GLATSLQND|0.877
Q13131|Q8N0X7_VPKLYPEFP|0.0
Q13131|Q8N0X7_RTRPSSDQL|0.414
Q13131|Q8N0X7_TRPSSDQLK|0.006
Q13131|Q8N0X7_AKDTSSEEV|0.559
Q13131|Q8N0X7_EVNLSHIVP|0.46
Q13131|Q8N0X7_LVPESLKKD|0.0
Q13131|Q8N0X7_LLEDYQIVD|0.522
Q13131|Q9NZD8_PSMVSAEEL|0.0
Q13131|Q9NZD8_VQKGSLGIS|0.554
Q13131|Q9UQ90_GPAWSPGFP|0.0
Q13131|Q9UQ90_GGSISWNDF|0.0
Q13131|Q9UQ90_VVEVYLHPG|0.0
Q13131|Q9UQ90_DYLKSPERF|0.045
Q13131|Q9UQ90_GGRASEALS|0.0
Q13131|Q9NYA1_RAGVSRAML|0.444
Q13131|Q9NYA1-2_APAATAPGG|0.001
Q13131|Q9NYA1-2_GEPHSRPCD|0.0
Q13131|Q9NYA1-2_ARLGSTDKE|0.0
Q13131|Q2M3C7_RGCGSSGSG|0.0
Q13131|Q2M3C7_GSSGSGPGN|0.0
Q13131|Q2M3C7_LRSNSLLES|0.0
Q13131|Q2M3C7_EKWLYALED|0.0
Q13131|Q2M3C7_LEDKYINKY|0.0
Q13131|Q2M3C7_YINKYPTPL|0.0
Q13131|Q2M3C7_PENLTKNTA|0.017
Q13131|Q2M3C7_VVSRSWNEL|0.0
Q13131|Q2M3C7_FKNPTLQSQ|0.0
Q13131|Q2M3C7_PTLQSQLSR|0.003
Q13131|Q2M3C7_CRASSEGQR|0.0
Q13131|Q2M3C7_QRSPTVSQS|0.001
Q13131|Q2M3C7_EFLMTPNVP|0.0
Q13131|Q2M3C7_NRLLSGDRW|0.516
Q13131|Q2M3C7_SSCESITDE|0.0
Q13131|Q2M3C7_TESITEEFY|0.0
Q13131|Q2M3C7_DSRESASSR|0.0
Q13131|Q2M3C7_RESASSRRS|0.0
Q13131|Q2M3C7_ESASSRRSS|0.0
Q13131|Q2M3C7_SRRSSQDWT|0.0
Q13131|Q2M3C7_SQDWTAGLL|0.0
Q13131|Q2M3C7_AGLLSPSLR|0.0
Q13131|Q2M3C7_IKANSLDGF|0.0
Q13131|Q2M3C7_VSGGSPSQA|0.0
Q13131|Q2M3C7_LVQESLDCP|0.0
Q13131|Q9NRA0_CTLRSRSPS|0.134
Q13131|Q9NRA0_LRSRSPSDS|0.0
Q13131|Q9NRA0_RALGSARFT|0.0
Q13131|Q9NRA0_SARFTLGTV|0.0
Q13131|Q9NRA0_LGLATLHTY|0.451
Q13131|Q9NRA0_ATLHTYRGR|0.33
Q13131|Q9NRA0_TLHTYRGRL|0.137
Q13131|Q9NRA0_GRLSYLPAT|0.0
Q13131|Q9NRA0_KSELTLTPD|0.0
Q13131|Q9NRA0_PLLSSPPGS|0.016
Q13131|Q9NRA0-3_PRAKSELTL|0.0
Q13131|Q9NRA0-3_ELTLTPDPA|0.0
Q13131|Q14159_KRKRSWNTE|0.517
Q13131|Q14159_KQETTTSKS|0.0
Q13131|Q14159_ITWSSSGSD|0.0
Q13131|Q14159_TWSSSGSDL|0.068
Q13131|Q14159_AVEISDCAS|0.0
Q13131|Q14159_TILHTPQKP|0.007
Q13131|Q14159_KFPRTPENS|0.0
Q13131|Q14159_TPENSAKKK|0.01
Q13131|Q14159_QCISYQKTL|0.389
Q13131|Q14159_SSGHTDPAG|0.0
Q13131|Q14159_DPAGTRACL|0.0
Q13131|Q14159_LQKVTRGRT|0.473
Q13131|Q14159_SLIDTLWPP|0.0
Q13131|Q14159_IPLKTPGRD|0.0
Q13131|Q14159_EEIKTHLPP|0.0
Q13131|Q14159_PALCYILTA|0.45
Q13131|Q14159_CYILTAHPN|0.009
Q13131|Q14159_EDPIYKLYQ|0.025
Q13131|Q14159_RVVTSPVLK|0.328
Q13131|Q14159_QRSISSLLR|0.216
Q13131|Q9Y657___MKTPFGK|0.522
Q13131|Q9Y657_SKPVSQPRR|0.055
Q13131|Q9Y657_YLIKYDGFD|0.0
Q13131|Q9Y657_FDCVYGLEL|0.227
Q13131|Q9Y657_DRVATSRIS|0.72
Q13131|Q9Y657_HLADTMIGK|0.632
Q13131|Q99865___MKTPNAQ|0.0
Q13131|Q99865_ERVLSLKIL|0.1
Q13131|Q99865_GEHGSKDEW|0.0
Q13131|Q99865_ETKPSVYFI|0.0
Q13131|Q9BPZ2___MKTPNAQ|0.263
Q13131|Q9BPZ2_YLVKYDGID|0.608
Q13131|Q9BPZ2_IDCVYGLEL|0.001
Q13131|Q9BPZ2_ERVLSLKIL|0.888
Q13131|Q9BPZ2_GEHGSKDEW|0.053
Q13131|Q5JUX0___MKTPFGK|0.467
Q13131|Q5JUX0_DERVSSLEV|0.758
Q13131|Q5JUX0_EVIDSLVGK|0.436
Q13131|Q56A73____MSPPTV|0.044
Q13131|Q56A73_MSPPTVPPM|0.117
Q13131|Q56A73_VDGVSAYLM|0.0
Q13131|Q56A73_LLDDYKDGD|0.071
Q13131|Q9BUA3_MLRVTQQEK|0.919
Q13131|Q9BUA3_QQEKTPPPR|0.541
Q13131|Q9BUA3_PPRPSPLEA|0.489
Q13131|Q9BUA3_LEAGSDGCE|0.566
Q13131|Q9BUA3_QHPHTLDLS|0.0
Q13131|Q9BUA3_PNSDSGQDA|0.481
Q13131|Q9BUA3_AVPATEPGN|0.047
Q13131|Q9BUA3_DSKDSPKDR|0.053
Q13131|Q9BUA3_GLRGTLDLQ|0.386
Q13131|P00995_RKRQTSILI|0.481
Q13131|P00995_KRQTSILIQ|0.003
Q13131|Q1W4C9_FLVCSTLTH|0.0
Q13131|Q9NQ38_IGVKSEGEC|0.0
Q13131|Q9NQ38_PDGKTHGNK|0.255
Q13131|Q9NQ38_LCSEYRKSR|0.062
Q13131|Q9NQ38_CTRESDPVR|0.0
Q13131|Q9NQ38_SGKDTCDEF|0.0
Q13131|Q9NQ38_ERSNTGERS|0.0
Q13131|Q9NQ38_AVFLTEALE|0.0
Q13131|Q6UWN8_CTRESNPHC|0.0
Q13131|Q96SB3_SPHRSAYEA|0.0
Q13131|Q96SB3_HRIKSMFLQ|0.0
Q13131|Q96SB3_APRASERGV|0.0
Q13131|Q96SB3_LPRASSLNE|0.642
Q13131|Q96SB3_LKLGTSVSE|0.0
Q13131|Q96SB3_SKLVSKRSR|0.0
Q13131|Q96SB3_VSKRSRVFQ|0.0
Q13131|Q96SB3_ESGESEAES|0.0
Q13131|Q96SB3_SEAESAPGE|0.0
Q13131|Q96SB3_DPAPSRKIH|0.0
Q13131|Q96SB3_PMAASAEYE|0.0
Q13131|Q96SB3_ASAEYELEK|0.0
Q13131|Q96SB3_TQAQYQALE|0.0
Q13131|O43278_GFGGSGIPK|0.603
Q13131|O43278_HPPPTPASS|0.0
Q13131|O43278_PTPASSTVS|0.0
Q13131|O43278_PASSTVSTT|0.0
Q13131|O43278_SSTVSTTED|0.0
Q13131|O43278_TVSTTEDTE|0.0
Q13131|O43278_EHLVYNHTT|0.34
Q13131|O43278_YNHTTRPL_|0.018
Q13131|O43291_RRQDSEDHS|0.0
Q13131|O43291_FPRWYFDVE|0.0
Q13131|O43291_NNFIYGGCR|0.065
Q13131|O43291_RTVWSSGDD|0.487
Q13131|O43291_TVWSSGDDK|0.464
Q13131|O43291_VKNTYVL__|0.002
Q13131|Q6UDR6_VHFRYFYNR|0.0
Q13131|Q08AE8_HRVRSAAQI|0.032
Q13131|Q08AE8_RLKKSAHEI|0.002
Q13131|Q08AE8_KLKPTPPRP|0.35
Q13131|Q08AE8_ENGLSTSQQ|0.004
Q13131|Q08AE8_NGLSTSQQV|0.005
Q13131|Q08AE8_LRAPTLAEL|0.116
Q13131|Q08AE8_SEEETLHKS|0.516
Q13131|Q08AE8_LPISSTPQP|0.38
Q13131|Q08AE8_QRRHSIEKE|0.533
Q13131|Q08AE8_QSSRSLEEF|0.0
Q13131|Q08AE8_ELEKYQQYK|0.0
Q13131|Q08AE8_RGESSMRSE|0.001
Q13131|Q08AE8_RPLRSIARF|0.0
Q13131|Q08AE8_FSSKSKSMD|0.0
Q13131|Q08AE8_SMDKSDEEL|0.611
Q13131|Q08AE8_KKFISEIIS|0.0
Q13131|Q08AE8_EIISSSRRS|0.425
Q13131|Q08AE8_IISSSRRSL|0.0
Q13131|Q08AE8_SSRRSLVLA|0.543
Q13131|Q08AE8_RKTQSFYMS|0.699
Q13131|Q08AE8_FYMSSPGPS|0.044
Q13131|Q08AE8-2_LRPVSPEEI|0.0
Q13131|Q08AE8-2_EIRRSRLDV|0.0
Q13131|Q08AE8-2_LDVTTPEST|0.0
Q13131|Q08AE8-2_TTPESTKNL|0.0
Q13131|Q8WWL2_RARNYKLRK|0.84
Q13131|Q8WWL2_AKSTSCINL|0.692
Q13131|Q8WWL2_CINLSVTDA|0.0
Q13131|Q8WWL2_NLSVTDAGG|0.0
Q13131|Q8WWL2_DAGGSAQRP|0.0
Q13131|Q8WWL2_EEMNTSEEE|0.002
Q13131|Q8WWL2_EMNTSEEEE|0.0
Q13131|Q8WWL2_EEEESPCGE|0.0
Q13131|Q8WWL2_AVCTSCSIK|0.0
Q13131|Q8WWL2_CTSCSIKMK|0.0
Q13131|Q8WWL2_LGFESPQRV|0.0
Q13131|Q8WWL2_PQRVSAAKT|0.0
Q13131|Q8WWL2_SAAKTAPIQ|0.0
Q13131|Q8WWL2_VLNTTPRRS|0.242
Q13131|Q8WWL2_RQTQSLYIP|0.0
Q13131|Q9H2V7_PVPGTPGLP|0.0
Q13131|Q9H2V7_ALRVTPGLG|0.42
Q13131|Q9H2V7_VAFVTGSLA|0.319
Q13131|Q9H2V7_FLLRSRVVL|0.0
Q13131|Q9H2V7_HEAGSTDDR|0.021
Q13131|Q9H2V7-3_MDRFTVAVF|0.0
Q13131|Q9H2V7-3_GVEISRRLR|0.0
Q13131|Q8IVW8_GAGGSGCCG|0.0
Q13131|Q8IVW8_DEVQTLSGS|0.347
Q13131|Q8IVW8_TLSGSVRRA|0.0
Q13131|Q8IVW8_RRAPTGPPG|0.0
Q13131|Q8IVW8_GPPGTPGTP|0.0
Q13131|Q8IVW8_GTPGTPGCA|0.001
Q13131|Q8IVW8_GCAATAKGP|0.0
Q13131|Q8IVW8_ALRVSPVLG|0.494
Q13131|Q8IVW8_MPPASVKV_|0.029
Q13131|Q6ZMD2_LQGQSPGPG|0.0
Q13131|Q6ZMD2_RPDSYLQRF|0.0
Q13131|Q9Y5K1_IMADSKMKA|0.318
Q13131|Q5VVC0_KIKWTTTII|0.0
Q13131|Q5VVC0_IKWTTTIII|0.0
Q13131|Q5VVC0_RYSDSVENG|0.0
Q13131|Q5VVC0_IIEQSPVWK|0.0
Q13131|Q6ZMY3_EPGGSGAGC|0.0
Q13131|Q6ZMY3_SRACSGPFM|0.0
Q13131|Q08629_RDDDYFRNW|0.452
Q13131|Q08629_WVGPSNLVK|0.377
Q13131|Q08629_PVAQSAMVC|0.223
Q13131|Q08629_MVCGSDGHS|0.155
Q13131|Q08629_ICKDSLGWM|0.0
Q13131|Q08629_YYKATQCHG|0.013
Q13131|Q08629_QCHGSTGQC|0.0
Q13131|Q08629_CHGSTGQCW|0.0
Q13131|Q92563_SDGHTYSSV|0.217
Q13131|Q92563_DGHTYSSVC|0.0
Q13131|Q92563_GHTYSSVCK|0.0
Q13131|Q9BQ16_ALHESGSQN|0.0
Q13131|Q9BQ16_HESGSQNKK|0.0
Q13131|Q9BQ16_CVDRYGNEV|0.0
Q13131|Q9BQ16_EVMGSRING|0.014
Q13131|Q9BQ16-4_DYFRTWSPG|0.0
Q13131|Q9BQ16-6_MTRKSDSGT|0.322
Q13131|Q9BQ16-6_SGTNSETMK|0.0
Q13131|Q9BQ16-6_TNSETMKEA|0.0
Q13131|Q9HCB6_KVPKSEGYC|0.0
Q13131|Q9HCB6_KSEGYCSRI|0.46
Q13131|Q9HCB6_RREGYTEFS|0.364
Q13131|Q9HCB6_REGYTEFSL|0.106
Q13131|Q9HCB6_PGTSYRVTL|0.11
Q13131|Q9HCB6_KRIIYFQDE|0.562
Q13131|Q9HCB6_IRQQSDEVL|0.014
Q13131|Q9HCB6_LRNPSIQKL|0.098
Q13131|Q9HCB6_LKEESEGEQ|0.645
Q13131|Q9BUD6_RKNQYVSNG|0.776
Q13131|Q9BUD6_QRRHSLVSF|0.317
Q13131|Q9BUD6_PVLPSRDNE|0.005
Q13131|Q9BUD6_SRTRYVRVQ|0.722
Q13131|O43791_EVIKSSTFS|0.0
Q13131|Q6IQ16_SREPTPPLP|0.035
Q13131|Q6IQ16_RFIYTGRAP|0.27
Q13131|Q5T280_NPLDSPHHM|0.0
Q13131|Q5T280_PDCKTYHGK|0.031
Q13131|Q5T280_DCKTYHGKV|0.0
Q13131|Q13103_FQRDYYVST|0.001
Q13131|Q13103_QRDYYVSTA|0.0
Q13131|Q13103_FYDRSLGIM|0.025
Q13131|Q8TCT7_GGNKTQYDE|0.0
Q13131|Q8TCT7_NKTQYDEIG|0.0
Q13131|Q8TCT7_ALLSYKDML|0.0
Q13131|Q8TCT7_PVLDYNMVI|0.366
Q13131|Q8TCT7_ATGPSDSAT|0.0
Q13131|Q8TCT7_GPSDSATRE|0.0
Q13131|Q8TCT7_SDSATREKL|0.0
Q13131|Q8TCT7_VLPPSPWAP|0.0
Q13131|Q8TCT7_PAEQSPKSR|0.008
Q13131|Q8TCT7_QAQPSPVTQ|0.01
Q13131|Q8TCT7-4_FAVNTSLL_|0.0
Q13131|Q8TCT7-4_AVNTSLL__|0.0
Q13131|P35270_LTGASRGFG|0.722
Q13131|P35270_GFGRTLAPL|0.0
Q13131|P35270_ASLLSPGSV|0.0
Q13131|P35270_LSPGSVLVL|0.0
Q13131|P35270_VLVLSARND|0.072
Q13131|P35270_AFPDSPGLN|0.006
Q13131|P35270_QKLLSLLEK|0.0
Q13131|Q7Z699____MSEETA|0.38
Q13131|Q7Z699_KDLIYNKVT|0.003
Q13131|Q7Z699_IEDISQGCP|0.0
Q13131|Q7Z699_TSEPYRSSN|0.0
Q13131|Q7Z699_RSMEYVQRQ|0.0
Q13131|Q7Z699_KKSDYLYSC|0.001
Q13131|Q7Z699_SDYLYSCGD|0.476
Q13131|Q7Z699_DYLYSCGDE|0.0
Q13131|Q7Z699_TKLSSPKDS|0.0
Q13131|Q7Z699_KTQPSSLKI|0.016
Q13131|Q7Z699_TQPSSLKIK|0.001
Q13131|Q7Z698_LTFQSPADA|0.747
Q13131|Q7Z698_HRRIYTLGH|0.755
Q13131|Q7Z698_PTDHYHLDQ|0.0
Q13131|Q7Z698_EDADSSYVR|0.004
Q13131|Q7Z698_DADSSYVRF|0.0
Q13131|Q7Z698_ADSSYVRFA|0.0
Q13131|Q7Z698_PKHDYNYPY|0.499
Q13131|Q7Z698_HDYNYPYVD|0.16
Q13131|Q7Z698_YNYPYVDSS|0.007
Q13131|Q7Z698_GRGGSVIKT|0.458
Q13131|Q7Z698_SRGKSRRRK|0.525
Q13131|Q2MJR0_GYEDYRRSG|0.554
Q13131|Q5BIV9_ARGASRVRV|0.001
Q13131|Q5BIV9_YRAWTSGAG|0.0
Q13131|Q5BIV9_RAWTSGAGP|0.0
Q13131|P35321_KQPCTPPPQ|0.0
Q13131|P22528_KQPCTPPPQ|0.018
Q13131|P35326_PVTPSPPCQ|0.0
Q13131|P35325_PVTPSPPCQ|0.0
Q13131|P35325_CQPKYPPKS|0.0
Q13131|P22532_PVTPSPPCQ|0.0
Q13131|P22531_PVTPSPPCQ|0.0
Q13131|Q96RM1_PVTPSPPCQ|0.0
Q13131|Q9UBC9_KQTFTPPPQ|0.0
Q13131|Q9UBC9_PEPGYTKVP|0.0
Q13131|Q9UBC9_PVPGYTKLP|0.0
Q13131|Q9UBC9_VPGYTKLPE|0.0
Q13131|Q96PI1____MSSQQQ|0.0
Q13131|Q9H040_SVRMTLCAG|0.0
Q13131|Q9H040_AGICSYEGK|0.0
Q13131|Q9H040_INSLTGANI|0.303
Q13131|Q9H040_TVYHTFHDE|0.0
Q13131|Q9H040_RISVTVGNI|0.564
Q13131|Q9H040_IPKNSVSSS|0.0
Q13131|Q9H040_RVSSSKISL|0.044
Q13131|Q9H040_SLRNSSKVT|0.704
Q13131|Q9H040_SSKVTESAS|0.267
Q13131|Q9H040_DPKYSTTTA|0.0
Q13131|Q9H040_TAQNSSSSS|0.0
Q13131|Q9H040_SSSQSKMVN|0.011
Q13131|O43609_AIRGSNEYT|0.906
Q13131|O43609_SNEYTEGPS|0.435
Q13131|O43609_VNNNYEHRH|0.233
Q13131|O43609_GPILSRSTS|0.0
Q13131|O43609_SAASSGSNS|0.0
Q13131|O43609_SSASSEQGL|0.414
Q13131|O43609_LLGRSPPTR|0.368
Q13131|O43609_DLKGSLKED|0.595
Q13131|O43609_SNTVYCKLE|0.526
Q13131|O43597_ARAQSGNGS|0.957
Q13131|O43597_SGNGSQPLL|0.671
Q13131|O43597_PLLQTPRDG|0.48
Q13131|O43597_VHVLSLDQI|0.715
Q13131|O43597_RLQHSQVHS|0.86
Q13131|O43597_STVSSGSRS|0.001
Q13131|O43597_VSSGSRSST|0.835
Q13131|O43597_SSTRTSTSS|0.006
Q13131|O43597_TSTSSSSSE|0.0
Q13131|O43597_SSSSSEQRL|0.541
Q13131|O43597_RLLGSSFSS|0.799
Q13131|O43597_GSSFSSGPV|0.93
Q13131|O43597_SSFSSGPVA|0.336
Q13131|O43597_VQPKSELKP|0.676
Q13131|O43597_LKPLSKEDL|0.805
Q13131|O43597_GLHAYRCED|0.525
Q13131|O43597_CKECTYPRP|0.078
Q13131|O43597_KECTYPRPL|0.01
Q13131|O43597_RPLPSDWIC|0.57
Q13131|O43597_QCLCSAQNV|0.462
Q13131|O43597_NVIDYGTCV|0.1
Q13131|O43597_CLWCYLPAK|0.712
Q13131|O43597_CQGCYDRVN|0.582
Q13131|O43597_RCKNSNTVC|0.123
Q13131|O43597_KNSNTVCCK|0.0
Q13131|O43597_CKVPTVPPR|0.007
Q13131|O43610_ASNDYVERP|0.0
Q13131|O43610_ATMPTSLPR|0.0
Q13131|O43610_CRKISSGSA|0.0
Q13131|O43610_RKISSGSAP|0.0
Q13131|O43610_ISSGSAPFP|0.0
Q13131|Q9C004_SAPLTPNSV|0.105
Q13131|Q9C004_LTPNSVMVQ|0.921
Q13131|Q9C004_ELAPTPARC|0.166
Q13131|Q9C004_GRPSSVSSS|0.813
Q13131|Q9C004_KHTNSVICK|0.565
Q13131|Q8NCJ5_LNLHYRFLN|0.003
Q13131|Q8NCJ5_SEGDSDDSC|0.0
Q13131|Q8NCJ5_DSDDSCDTV|0.0
Q13131|Q8NCJ5_TVILSPTAR|0.072
Q13131|Q9BSJ1___MNSGILQ|0.497
Q13131|Q99619_PKDCSENIE|0.064
Q13131|Q99619_EGGLYFERR|0.002
Q13131|Q6PJ21_ATLLSCDNR|0.0
Q13131|Q6PJ21_NRKVSFHME|0.501
Q13131|Q6PJ21_FHMEYSCGT|0.0
Q13131|Q6PJ21_HMEYSCGTA|0.522
Q13131|Q6PJ21_VGIGTSDVD|0.133
Q13131|Q6PJ21_NKRFYPMVC|0.024
Q13131|Q6PJ21_PMVCSTAAR|0.484
Q13131|Q6PJ21_CASATSLQY|0.49
Q13131|Q6PJ21_ASATSLQYL|0.0
Q13131|Q6PJ21_TSLQYLCCH|0.0
Q13131|Q6PJ21_GWVLSMSCS|0.512
Q13131|Q6PJ21_VLSMSCSRR|0.313
Q13131|Q6PJ21_SMSCSRRKA|0.005
Q13131|Q96A44_GQKLSGSLK|0.405
Q13131|Q96A44_KLSGSLKSV|0.686
Q13131|Q96A44_GSLKSVEVR|0.735
Q13131|Q96A44_LQDISSLPL|0.197
Q13131|Q96A44_QDISSLPLP|0.003
Q13131|Q9Y5B9_KRLYSNWRK|0.62
Q13131|Q9Y5B9_IFMASKKKV|0.654
Q13131|Q9Y5B9_IGVFSKDKF|0.412
Q13131|Q9Y5B9_ASITSEVFN|0.0
Q13131|Q9Y5B9_ICDVYNAVM|0.0
Q13131|Q9Y5B9_FREGSLVIN|0.714
Q13131|Q9Y5B9_IDKKYETVI|0.607
Q13131|Q9Y5B9_FGIATPFHI|0.0
Q13131|Q9Y5B9_VEGDYTYLR|0.0
Q13131|Q9Y5B9_EGDYTYLRI|0.114
Q13131|Q9Y5B9_GDYTYLRIN|0.436
Q13131|Q9Y5B9_NPEATFVKE|0.0
Q13131|Q9Y5B9_VKEITYRAS|0.0
Q13131|Q9Y5B9_KEITYRASN|0.0
Q13131|Q9Y5B9_TYRASNIKA|0.645
Q13131|Q9Y5B9_KRYKTREAE|0.59
Q13131|Q9Y5B9_DVQFYTEVG|0.0
Q13131|Q9Y5B9_RDDLYAEQM|0.118
Q13131|Q9Y5B9_MVIVYKDYS|0.472
Q13131|Q9Y5B9_VYKDYSKKV|0.0
Q13131|Q9Y5B9_YKDYSKKVT|0.52
Q13131|Q9Y5B9_ADRESRYEE|0.0
Q13131|Q9Y5B9_RESRYEEEE|0.0
Q13131|Q9Y5B9_EEEQSRSMS|0.531
Q13131|Q9Y5B9_SRSMSRKRK|0.516
Q13131|Q9Y5B9_SGRGSNRGS|0.0
Q13131|O00267_DSERSSDGE|0.685
Q13131|O00267_VDDEYEDED|0.002
Q13131|O00267_EIEASNIDN|0.497
Q13131|O00267_DEDRSGARR|0.906
Q13131|O00267_ELGEYYMKK|0.501
Q13131|O00267_LGEYYMKKY|0.448
Q13131|O00267_GETVYGGSD|0.291
Q13131|O00267_VYGGSDELS|0.785
Q13131|O00267_QFTDTPLQI|0.492
Q13131|O00267_YVEAYKQTH|0.384
Q13131|O00267_AQVDYVEPS|0.429
Q13131|O00267_KARMSLKDW|0.699
Q13131|O00267_GDVASDGDF|0.298
Q13131|O00267_VTNFTVGGF|0.551
Q13131|O00267_PYKGYIGVV|0.483
Q13131|O00267_CQTISVDRQ|0.817
Q13131|O00267_PGGMTSTYG|0.149
Q13131|O00267_GMTSTYGRT|0.447
Q13131|O00267_MTSTYGRTP|0.63
Q13131|O00267_RTPMYGSQT|0.385
Q13131|O00267_QTPMYGSGS|0.352
Q13131|O00267_PMYGSGSRT|0.737
Q13131|O00267_LQDGSRTPH|0.739
Q13131|O00267_RTPHYGSQT|0.42
Q13131|O00267_LHDGSRTPA|0.873
Q13131|O00267_TPAQSGAWD|0.373
Q13131|O00267_NNPNTPSRA|0.597
Q13131|O00267_PNTPSRAEE|0.44
Q13131|O00267_PITPTKNNK|0.48
Q13131|O00267-2_LEKASNIDN|0.0
Q13131|O00267-2_DEDRSGARR|0.0
Q13131|Q7KZ85_SELESSHLT|0.842
Q13131|Q7KZ85_ELESSHLTD|0.017
Q13131|Q7KZ85_SSHLTDQDN|0.1
Q13131|Q7KZ85_EIRATDLPE|0.001
Q13131|Q7KZ85_KDVQSMDEL|0.837
Q13131|Q7KZ85_LKDVYNHFL|0.185
Q13131|Q7KZ85_HFLLYYGRD|0.002
Q13131|Q7KZ85_NITPTKKGR|0.641
Q13131|Q7KZ85_NDQTYFEEI|0.0
Q13131|Q7KZ85_QQFLYVQMA|0.402
Q13131|Q7KZ85_EAKEYVIKA|0.22
Q13131|Q7KZ85_IKACSRKLY|0.504
Q13131|Q7KZ85_DKHITLYDI|0.474
Q13131|Q7KZ85_HITLYDIRA|0.489
Q13131|Q7KZ85_LSCRYKDLR|0.577
Q13131|Q7KZ85_KDLRTAYRS|0.409
Q13131|Q7KZ85_ICNVTGIAH|0.742
Q13131|Q7KZ85_SDGIYQHVD|0.005
Q13131|Q7KZ85_LLIKTKKEK|0.836
Q13131|Q7KZ85_PRIEYVTVT|0.037
Q13131|Q7KZ85_QLQASTTPQ|0.389
Q13131|Q7KZ85_QQPKSNSHA|0.625
Q13131|Q7KZ85-2_TDNSTPHKE|0.0
Q13131|P02549_TRYQSFKER|0.038
Q13131|P02549_QKHQSLEAE|0.0
Q13131|P02549_QKALSNAAN|0.0
Q13131|P02549_DLVASEGLF|0.325
Q13131|P02549_LQATYWYHR|0.0
Q13131|P02549_EIDSYDDRF|0.0
Q13131|P02549_NSLGSAEAL|0.0
Q13131|P02549_GDDHYDSEN|0.0
Q13131|P02549_LQKLYEDSD|0.0
Q13131|P02549_WIQETEPSA|0.0
Q13131|P02549_PSATSTYLG|0.0
Q13131|P02549_VMALYDFQA|0.0
Q13131|P02549_IENQYRSLL|0.0
Q13131|P02549_SRWGSLQRL|0.0
Q13131|P02549_HPDATEDLQ|0.0
Q13131|P02549_DRKESLNEA|0.873
Q13131|P02549_GHHASPEIE|0.196
Q13131|P02549_SDDKSSLDS|0.0
Q13131|P02549_DDKSSLDSL|0.0
Q13131|P02549_SSLDSLEAL|0.044
Q13131|P02549_KLGDYANLK|0.057
Q13131|P02549_IQRKYLKHQ|0.619
Q13131|P02549_KEISSKIEA|0.0
Q13131|P02549_LNEKTPSLA|0.0
Q13131|P02549_EKTPSLAKA|0.0
Q13131|P02549_IKGVSEETL|0.0
Q13131|P02549_DENLTGRLT|0.374
Q13131|P02549_GRKGYVSLE|0.844
Q13131|P02549_KGYVSLEDY|0.0
Q13131|P02549_RSHLSGYDY|0.448
Q13131|P02549_HLSGYDYVG|0.445
Q13131|Q13813_FKELSTLRR|0.296
Q13131|Q13813_KELSTLRRQ|0.0
Q13131|Q13813_SDENYKDPT|0.0
Q13131|Q13813_RDLASVQAL|0.0
Q13131|Q13813_SHPLSATQI|0.0
Q13131|Q13813_PLSATQIQV|0.0
Q13131|Q13813_RDLTSWVTE|0.0
Q13131|Q13813_DELASDVAG|0.0
Q13131|Q13813_AHEDSFKSA|0.0
Q13131|Q13813_DSFKSADES|0.0
Q13131|Q13813_SADESGQAL|0.0
Q13131|Q13813_AAGHYASDE|0.0
Q13131|Q13813_GHYASDEVR|0.0
Q13131|Q13813_EKSLSAQEE|0.0
Q13131|Q13813_DALLSRRNA|0.0
Q13131|Q13813_QLADSFHLQ|0.521
Q13131|Q13813_EKMKTATDE|0.0
Q13131|Q13813_TDEAYKDPS|0.0
Q13131|Q13813_IDGITIQAR|0.0
Q13131|Q13813_PIAASTNRG|0.0
Q13131|Q13813_IAASTNRGK|0.003
Q13131|Q13813_EALMSDLSA|0.0
Q13131|Q13813_DLSAYGSSI|0.0
Q13131|Q13813_SAYGSSIQA|0.0
Q13131|Q13813_VLALYDYQE|0.0
Q13131|Q13813_GDILTLLNS|0.492
Q13131|Q13813_LLNSTNKDW|0.598
Q13131|Q13813_VPAAYVKKL|0.0
Q13131|Q13813_IDNQTRITK|0.0
Q13131|Q13813_KEAGSVSLR|0.002
Q13131|Q13813_AGSVSLRMK|0.0
Q13131|Q13813_EAALTSEEV|0.0
Q13131|Q13813_AALTSEEVG|0.0
Q13131|Q13813_EDLESEGLM|0.0
Q13131|Q13813_PRDETDSKT|0.546
Q13131|Q13813_DETDSKTAS|0.002
Q13131|Q13813_TDSKTASPW|0.0
Q13131|Q13813_SPWKSARLM|0.0
Q13131|Q13813_HTVATFNSI|0.0
Q13131|Q13813_AEERSQLLG|0.643
Q13131|Q13813_QLLGSAHEV|0.932
Q13131|Q13813_NTDNYGHDL|0.0
Q13131|Q13813_DKVNSLGET|0.85
Q13131|Q13813_RLIQSHPES|0.604
Q13131|Q13813_NQAWSSLGK|0.608
Q13131|Q13813_QRFLSDFRD|0.0
Q13131|Q13813_RGLVSSDEL|0.0
Q13131|Q13813_QEHRTEIDA|0.0
Q13131|Q13813_DKGDSLDSV|0.61
Q13131|Q13813_DSLDSVEAL|0.569
Q13131|Q13813_IEKRSKLGE|0.0
Q13131|Q13813_GESQTLQQF|0.643
Q13131|Q13813_SDESYKDPT|0.0
Q13131|Q13813_ACAGSEDAV|0.0
Q13131|Q13813_KDLASVNNL|0.0
Q13131|Q13813_EADISAHED|0.0
Q13131|Q13813_KDLNSQADS|0.0
Q13131|Q13813_QKIKSMAAS|0.349
Q13131|Q13813_SMAASRRAK|0.714
Q13131|Q13813_DDEESWIKE|0.0
Q13131|Q13813_GSEDYGRDL|0.0
Q13131|Q13813_GRDLTGVQN|0.505
Q13131|Q13813_ASEDYGDTL|0.0
Q13131|Q13813_NGKVSDLEK|0.0
Q13131|Q13813_GRDLSSVQT|0.661
Q13131|Q13813_RDLSSVQTL|0.0
Q13131|Q13813_QTLLTKQET|0.0
Q13131|Q13813_MKRWSQLLA|0.0
Q13131|Q13813_LLANSAARK|0.0
Q13131|Q13813_LEAQSHFRK|0.0
Q13131|Q13813_DLFLTFAKK|0.0
Q13131|Q13813_RQIKSFRVA|0.495
Q13131|Q13813_DKDKSGRLN|0.282
Q13131|Q13813_EEIESAFRA|0.0
Q13131|Q13813_KPYVTKEEL|0.0
Q13131|Q13813_KEELYQNLT|0.557
Q13131|Q13813_YQNLTREQA|0.014
Q13131|Q13813_EQADYCVSH|0.0
Q13131|Q13813_RELPTAFDY|0.0
Q13131|Q13813_TAFDYVEFT|0.0
Q13131|Q13813-2_ASDESYKDP|0.0
Q13131|Q13813-3_IDNQYHSLL|0.0
Q13131|P11277_DNDNSSARL|0.752
Q13131|P11277_SCRITDLYK|0.021
Q13131|P11277_GLIWTIILR|0.468
Q13131|P11277_MIEKYSGLA|0.463
Q13131|P11277_SDLLTWIEQ|0.0
Q13131|P11277_GKLVSDINR|0.929
Q13131|P11277_DTAAYEERV|0.0
Q13131|P11277_EKENYHDQK|0.414
Q13131|P11277_ELLQSRRQR|0.722
Q13131|P11277_KEQIYSSLD|0.006
Q13131|P11277_KVVESTKDL|0.029
Q13131|P11277_QRKLSGLER|0.531
Q13131|P11277_LERESQQLM|0.726
Q13131|P11277_DKVLSPVDS|0.06
Q13131|P11277_GNLYSDKIK|0.514
Q13131|P11277_AQQYYLDAD|0.106
Q13131|P11277_VDKHYAGLK|0.437
Q13131|P11277_LAASYDLHR|0.0
Q13131|P11277_SKNFSACLE|0.0
Q13131|P11277_KSTASWAER|0.594
Q13131|P11277_SRLSSSWES|0.931
Q13131|P11277-2_DHGQSVQME|0.0
Q13131|P11277-2_QMEGYLGRK|0.001
Q13131|P11277-2_VLRNSELTF|0.684
Q13131|P11277-2_NSELTFYKD|0.0
Q13131|Q01082_VATDYDNIE|0.0
Q13131|Q01082_IQQQYSDVN|0.0
Q13131|Q01082_ITDLYTDLR|0.737
Q13131|Q01082_TDLYTDLRD|0.072
Q13131|Q01082_LEVLSGERL|0.945
Q13131|Q01082_PEDISVDHP|0.0
Q13131|Q01082_VVTYYHYFS|0.0
Q13131|Q01082_YHYFSKMKA|0.0
Q13131|Q01082_KFANSLVGV|0.002
Q13131|Q01082_NQKVYMPRE|0.0
Q13131|Q01082_EAIETDIAA|0.0
Q13131|Q01082_DIAAYEERV|0.0
Q13131|Q01082_EAENYHDIK|0.642
Q13131|Q01082_MEFCYQELC|0.0
Q13131|Q01082_EKILSSDDY|0.393
Q13131|Q01082_SSDDYGKDL|0.189
Q13131|Q01082_MRLLSKHRA|0.256
Q13131|Q01082_ERIIYIREQ|0.047
Q13131|Q01082_IVSSSDVGH|0.496
Q13131|Q01082_GHDEYSTQS|0.015
Q13131|Q01082_HDEYSTQSL|0.0
Q13131|Q01082_DEYSTQSLV|0.0
Q13131|Q01082_YSTQSLVKK|0.635
Q13131|Q01082_IEERYKEVA|0.002
Q13131|Q01082_VAELTRLRK|0.004
Q13131|Q01082_YKMFSEADA|0.0
Q13131|Q01082_NTRWSQFRE|0.0
Q13131|Q01082_QRKLTGMER|0.913
Q13131|Q01082_EAKLSDLQK|0.635
Q13131|Q01082_LAEISDVWE|0.0
Q13131|Q01082_EEMKTTLKN|0.481
Q13131|Q01082_QSWLSRTQT|0.0
Q13131|Q01082_PNTLTEAEK|0.0
Q13131|Q01082_EIDNYEEDY|0.0
Q13131|Q01082_YEEDYQKMR|0.183
Q13131|Q01082_LLSQSHAYQ|0.241
Q13131|Q01082_QSHAYQQFL|0.0
Q13131|Q01082_GNINSDRIQ|0.52
Q13131|Q01082_KNRETASEL|0.88
Q13131|Q01082_AQDMSYDEA|0.0
Q13131|Q01082_HGLESQIQS|0.478
Q13131|Q01082_SQIQSDDYG|0.511
Q13131|Q01082_SKRLTVQTK|0.461
Q13131|Q01082_SSSLSAEAI|0.0
Q13131|Q01082_AVEDYAETV|0.0
Q13131|Q01082_DYAETVHQL|0.779
Q13131|Q01082_SHPESERIS|0.0
Q13131|Q01082_SERISMRQS|0.598
Q13131|Q01082_VDKLYAGLK|0.0
Q13131|Q01082_LGQDYEHVT|0.176
Q13131|Q01082_YEHVTMLQE|0.909
Q13131|Q01082_ILAASYELH|0.0
Q13131|Q01082_LAASYELHK|0.0
Q13131|Q01082_LHKFYHDAK|0.0
Q13131|Q01082_DACESRRVR|0.0
Q13131|Q01082_ARNDSFTTC|0.062
Q13131|Q01082_ARKHYASEE|0.0
Q13131|Q01082_KHYASEEIK|0.0
Q13131|Q01082_LLQLTEKRK|0.684
Q13131|Q01082_GQEPYLSSR|0.0
Q13131|Q01082_EPYLSSREI|0.929
Q13131|Q01082_PYLSSREIG|0.001
Q13131|Q01082_EIGQSVDEV|0.0
Q13131|Q01082_LERLTTLEL|0.181
Q13131|Q01082_ERLTTLELL|0.11
Q13131|Q01082_EEAESQQQW|0.0
Q13131|Q01082_QQWDTSKGE|0.0
Q13131|Q01082_LPAQSAATL|0.745
Q13131|Q01082_RTQETPSAQ|0.663
Q13131|Q01082_ASSRSWHNV|0.87
Q13131|Q01082_SGIPYHSEV|0.265
Q13131|Q01082_IPYHSEVPV|0.012
Q13131|Q01082_VALDYKKKK|0.37
Q13131|Q01082_DGNEYLFQA|0.077
Q13131|Q01082_EEMNTWIQA|0.679
Q13131|Q01082_IQAISSAIS|0.0
Q13131|Q01082_STPASSRAQ|0.337
Q13131|Q01082_TLPTSVVTI|0.825
Q13131|Q01082_EKRFSLFGK|0.974
Q13131|Q01082-2_GEQVSQNGL|0.0
Q13131|Q01082-2_AEQGSPRVS|0.0
Q13131|Q01082-3_SPAYTGQVP|0.0
Q13131|Q01082-3_GQVPYNYNQ|0.0
Q13131|Q01082-3_VPYNYNQLE|0.0
Q13131|Q01082-3_GHDEYSTQS|0.0
Q13131|Q01082-3_QRKLTGMER|0.611
Q13131|Q01082-3_AVEDYAETV|0.0
Q13131|Q01082-3_VDKLYAGLK|0.0
Q13131|Q01082-3_LGQDYEHVT|0.0
Q13131|Q01082-3_RSQTYQNYK|0.0
Q13131|Q01082-3_TYQNYKNFN|0.0
Q13131|O15020_IQGQYSDIN|0.0
Q13131|O15020_LARVTCRVG|0.508
Q13131|O15020_VGDLYSDLR|0.266
Q13131|O15020_GDLYSDLRD|0.0
Q13131|O15020_LEVLSGEIL|0.0
Q13131|O15020_IQDISVETE|0.0
Q13131|O15020_LDFESLKKC|0.0
Q13131|O15020_VATYYHYFS|0.0
Q13131|O15020_QRLVSQDNF|0.016
Q13131|O15020_DIVAYSGRV|0.0
Q13131|O15020_RGEMSGRLG|0.0
Q13131|O15020_RLVSSPELG|0.611
Q13131|O15020_LERHYEELQ|0.0
Q13131|O15020_RREESLGEA|0.0
Q13131|O15020_EKADSIERR|0.0
Q13131|O15020_EKMLTAQDV|0.0
Q13131|O15020_AQDVSYDEA|0.0
Q13131|O15020_QDVSYDEAR|0.0
Q13131|O15020_VDKLYAGLK|0.0
Q13131|O15020_LGQDYEHVT|0.001
Q13131|O15020_LAAAYELQR|0.0
Q13131|O15020_ADRFSSCID|0.0
Q13131|O15020_ARSHYAAEE|0.003
Q13131|O15020_PLVRSAELG|0.0
Q13131|O15020_DEVESLIKR|0.522
Q13131|O15020_GPAPSAMPQ|0.0
Q13131|O15020_QSRSTESAH|0.822
Q13131|O15020_LRRGSLGFY|0.605
Q13131|O15020_SLGFYKDAK|0.0
Q13131|O15020_EKRFSFFKK|0.0
Q13131|Q9H254_PAASTAAAS|0.0
Q13131|Q9H254_NFTTSWRDG|0.01
Q13131|Q9H254_RAVESAPRA|0.0
Q13131|Q9H254_QWRLSGLEA|0.0
Q13131|Q9H254_LHMESQLQD|0.0
Q13131|Q9H254_LAMQTERGN|0.751
Q13131|Q9H254_LPRLTTPPE|0.0
Q13131|Q9H254_RLHVSSTAD|0.0
Q13131|Q9H254_ELGRSLLLN|0.0
Q13131|Q9H254_KQPPTPLLG|0.0
Q13131|Q9H254_ARRASDTLS|0.005
Q13131|Q9H254_ERQESADRA|0.623
Q13131|Q9H254_ERQESAEHE|0.0
Q13131|Q9H254_ERQESSEQE|0.0
Q13131|Q9H254_PAGPSLPQP|0.0
Q13131|Q9H254_RRSRSAPAQ|0.0
Q13131|Q9NRC6_YVSLYYHYC|0.355
Q13131|Q9NRC6_TIFRTQEKP|0.0
Q13131|Q9NRC6_LEKQTVLLQ|0.0
Q13131|Q9NRC6_MQLKYENFL|0.0
Q13131|Q9NRC6_PGNSTQIQR|0.0
Q13131|Q9NRC6_KLVQSQHPA|0.572
Q13131|Q9NRC6_PAAHTVREQ|0.0
Q13131|Q9NRC6_QAQWTRLQG|0.001
Q13131|Q9NRC6_GALQSSETG|0.141
Q13131|Q9NRC6_ALQSSETGQ|0.0
Q13131|Q9NRC6_QSSETGQDL|0.173
Q13131|Q9NRC6_AALASMAHG|0.829
Q13131|Q9NRC6_GMAASPAIL|0.604
Q13131|Q9NRC6_PLVSSRDYG|0.0
Q13131|Q9NRC6_ELAATRDRE|0.0
Q13131|Q9NRC6_ELEGTLRLH|0.95
Q13131|Q9NRC6_LCQRSPEAA|0.0
Q13131|Q9NRC6_AGKISALEA|0.692
Q13131|Q9NRC6_GHPASEAIQ|0.0
Q13131|Q9NRC6_KNPESPKVL|0.0
Q13131|Q9NRC6_APRRYPHIQ|0.001
Q13131|Q9NRC6_GRKHTFSLR|0.845
Q13131|O15269_LQERSDLTV|0.106
Q13131|O15269_RSDLTVKEK|0.003
Q13131|O15269_PALNYNIVS|0.0
Q13131|O15269_VVGESLSPA|0.0
Q13131|O15269_GESLSPAFH|0.0
Q13131|O15269_TVEQTEEEL|0.0
Q13131|O15270_NMGSYNYLG|0.006
Q13131|O15270_GSYNYLGFA|0.0
Q13131|O15270_DAIVYGQPR|0.0
Q13131|O15270_GQPRTRRPW|0.0
Q13131|O15270_LRTHSHSAV|0.0
Q13131|O15270_AVYATSLSP|0.0
Q13131|O15270_ATSLSPPVV|0.0
Q13131|O15270_GQDGTSLGK|0.0
Q13131|O15270_QDGTSLGKE|0.0
Q13131|O15270_PLMLYMPAK|0.0
Q13131|O15270_GFPATPIIE|0.0
Q13131|O15270_PFDETTYEE|0.0
Q13131|O15270_DETTYEETE|0.0
Q13131|O15270_TYEETED__|0.0
Q13131|Q9NUV7_MERVSDDYN|0.218
Q13131|Q9NUV7_DEAHSIGAV|0.0
Q13131|Q9NUV7_LQLKYSRHK|0.0
Q13131|Q9NUV7_YDETSFELE|0.0
Q13131|Q8NFR3_FSWLYYQYQ|0.0
Q13131|Q8NFR3_YQIISCCAV|0.0
Q13131|Q68D10_LMIASKGQG|0.0
Q13131|Q68D10_PKRYSLAVG|0.0
Q13131|Q68D10_KGVQSAAVQ|0.421
Q13131|Q68D10_KLPPTVSKK|0.0
Q13131|Q68D10_SSQPSLREG|0.0
Q13131|Q68D10_TSSPSVPKT|0.0
Q13131|Q68D10_GPMVTPHNK|0.025
Q13131|Q68D10_VARPTVSSG|0.001
Q13131|Q68D10_GRPVSSPHE|0.446
Q13131|Q68D10_RRPVSGLGP|0.481
Q13131|Q68D10_GRTVSNSVP|0.318
Q13131|Q68D10_SETISSKNI|0.0
Q13131|Q68D10_ETISSKNII|0.0
Q13131|Q68D10_KNIISRSSN|0.001
Q13131|Q68D10_DESDYALRY|0.0
Q13131|Q68D10_YALRYMESS|0.002
Q13131|Q9BXG8_HTELSKLIK|0.0
Q13131|Q14534_GRKVTVIER|0.006
Q13131|Q14534_YKACSVIFP|0.0
Q13131|Q14534_FPLIYSEMK|0.009
Q13131|Q14534_PLIYSEMKY|0.0
Q13131|Q9Y6N5_DEKISYRYL|0.383
Q13131|Q9Y6N5_IQLDYEKIK|0.0
Q13131|Q9Y6N5_TFPNTPVKC|0.0
Q13131|Q9Y6N5_LTVNYKKNL|0.0
Q13131|Q9Y6N5_IGDCTNLPT|0.0
Q13131|Q9Y6N5_TNLPTSKTA|0.497
Q13131|Q9Y6N5_NLPTSKTAA|0.575
Q13131|Q9Y6N5_DRTISVIMK|0.0
Q13131|Q9Y6N5_AEFDYKAEP|0.0
Q13131|Q9Y6N5_PFDQSKERL|0.0
Q13131|Q9Y6N5_KERLSMYLM|0.0
Q13131|Q9Y6N5_HLGMS____|0.0
Q13131|Q13501_TVKAYLLGK|0.84
Q13131|Q13501_ERLLSRVAA|0.685
Q13131|Q13501_FQAHYRDED|0.522
Q13131|Q13501_RYKCSVCPD|0.381
Q13131|Q13501_YDLCSVCEG|0.937
Q13131|Q13501_RPGPTAESA|0.409
Q13131|Q13501_PTAESASGP|0.501
Q13131|Q13501_VDPSTGELQ|0.363
Q13131|Q13501_EAALYPHLP|0.967
Q13131|Q13501_AALDTIQYS|0.16
Q13131|Q13501_TIQYSKHPP|0.432
Q13131|Q9H7N4_DPTLSPSAF|0.0
Q13131|Q9H7N4_TLSPSAFIL|0.232
Q13131|Q9H7N4_LPVPSLLPR|0.0
Q13131|Q9H7N4_RTGKTVSPQ|0.0
Q13131|Q9H7N4_GKTVSPQSN|0.059
Q13131|Q9H7N4_RFDIYDPFH|0.0
Q13131|Q9H7N4_DAQPTQPTP|0.0
Q13131|Q9H7N4_PTQPTPAPG|0.0
Q13131|Q9H7N4_RLALSLFRP|0.0
Q13131|Q9H7N4_AGPPTRKKS|0.0
Q13131|Q9H7N4_TRKKSRRER|0.303
Q13131|Q9H7N4_GSHASSSAR|0.0
Q13131|Q9H7N4_PPPATSSSS|0.0
Q13131|Q9H7N4_GEKRSGDGS|0.0
Q13131|Q9H7N4_SGDGSEKAP|0.0
Q13131|Q9H7N4_AVPPSIQDL|0.0
Q13131|Q9H7N4_RLDKSDPRG|0.001
Q13131|Q9H7N4_RGGKSSQKD|0.05
Q13131|Q9H7N4_GGKSSQKDR|0.0
Q13131|Q9H7N4_DRRRSGAAS|0.0
Q13131|Q9H7N4_AASSSSSSR|0.0
Q13131|Q9H7N4_KPPVSSGSG|0.0
Q13131|Q9H7N4_KDAASAGLG|0.0
Q13131|Q9H7N4_GVKFSRDRE|0.575
Q13131|Q9H7N4_GAKKTKGTK|0.0
Q13131|Q9H7N4_KTKPSKTRK|0.0
Q13131|Q9H7N4_ADSCSQAAG|0.0
Q13131|Q9H7N4_GAEETSWSG|0.204
Q13131|Q9H7N4_QTVDSSCKT|0.314
Q13131|Q9H7N4_TPEVSFLPE|0.0
Q13131|Q9H7N4_ASRVSQLPT|0.0
Q13131|Q9H7N4_SQLPTLPPP|0.0
Q13131|Q9H7N4_NQILSHRKP|0.005
Q13131|Q9H7N4_LLPGSLPLG|0.0
Q13131|Q9H7N4_GGCGSTPPT|0.0
Q13131|Q9H7N4_STPPTPTGL|0.0
Q13131|Q9H7N4_EGSSSSEGR|0.156
Q13131|O15042_MADKTPGGS|0.553
Q13131|O15042_TPGGSQKAS|0.0
Q13131|O15042_SDVHSSGSS|0.142
Q13131|O15042_DVHSSGSSD|0.316
Q13131|O15042_HSSGSSDAH|0.0
Q13131|O15042_HMDASGPSD|0.023
Q13131|O15042_ASGPSDSDM|0.729
Q13131|O15042_TRPKSPRKH|0.0
Q13131|O15042_YRNESARES|0.629
Q13131|O15042_LKAFSIGKM|0.462
Q13131|O15042_GKMSTAKRT|0.041
Q13131|O15042_AAEIYEEFL|0.5
Q13131|O15042_RGKIYKPSS|0.551
Q13131|O15042_PQSDSDGQR|0.52
Q13131|O15042_GQRRSMDAP|0.962
Q13131|O15042_FENQTPAHV|0.0
Q13131|O15042_EEQETEAFV|0.0
Q13131|O15042_LNATYRTIQ|0.482
Q13131|O15042_KVAPSKWEA|0.0
Q13131|O15042_AVDESELEA|0.605
Q13131|O15042_HHLYSNPIK|0.708
Q13131|O15042_ESKFSKYSE|0.0
Q13131|O15042_KFSKYSEMS|0.0
Q13131|O15042_FSKYSEMSE|0.0
Q13131|O15042_SPSRSSSGR|0.0
Q13131|O15042_PSRSSSGRR|0.286
Q13131|O15042_SRSSSGRRV|0.004
Q13131|O15042_PSPKSERSE|0.0
Q13131|O15042_RSERSERSH|0.471
Q13131|O15042_SRSRSSHKD|0.515
Q13131|O15042_RSRSSHKDS|0.514
Q13131|O15042_SHKDSPRDV|0.641
Q13131|O15042_PRDVSKKAK|0.0
Q13131|O15042_KAKRSPSGS|0.308
Q13131|O15042_KRSPSGSRT|0.011
Q13131|O15042_SPSGSRTPK|0.0
Q13131|O15042_SGSRTPKRS|0.0
Q13131|Q9HD15_PQFSYGLQT|0.001
Q13131|Q9HD15_GPRRSLLTK|0.263
Q13131|Q9HD15_RSLLTKRVA|0.004
Q13131|Q9HD15_RVPASETSP|0.0
Q13131|Q9HD15_PASETSPGP|0.0
Q13131|Q9HD15_PPPSSKAPR|0.0
Q13131|Q9HD15_PPVGSGPAS|0.0
Q13131|Q9HD15_SGPASGVEP|0.0
Q13131|Q9HD15_CDDISRRLA|0.0
Q13131|Q9HD15_FQQAS____|0.0
Q13131|Q8N5C6_EELNSSVAI|0.252
Q13131|Q8N5C6_ELNSSVAIA|0.777
Q13131|Q8N5C6_NKLDTVQTL|0.035
Q13131|Q8N5C6_TFGQSALKK|0.662
Q13131|Q8N5C6_LAKVSSKKV|0.002
Q13131|Q8N5C6_AKVSSKKVN|0.003
Q13131|Q8N5C6_AKLTSDAEK|0.378
Q13131|P12931_AFPASQTPS|0.684
Q13131|P12931_NSSDTVTSP|0.675
Q13131|P12931_ALYDYESRT|0.424
Q13131|P12931_IVNNTEGDW|0.445
Q13131|P12931_AHSLSTGQT|0.012
Q13131|P12931_HSLSTGQTG|0.0
Q13131|P12931_STGQTGYIP|0.012
Q13131|P12931_GQTGYIPSN|0.201
Q13131|P12931_AEEWYFGKI|0.004
Q13131|P12931_NPRGTFLVR|0.003
Q13131|P12931_RESETTKGA|0.452
Q13131|P12931_ESETTKGAY|0.013
Q13131|P12931_TKGAYCLSV|0.573
Q13131|P12931_QLVAYYSKH|0.694
Q13131|P12931_LVAYYSKHA|0.345
Q13131|P12931_HRLTTVCPT|0.01
Q13131|P12931_TVCPTSKPQ|0.032
Q13131|P12931_SKPQTQGLA|0.205
Q13131|P12931_IPRESLRLE|0.171
Q13131|P12931_VWMGTWNGT|0.664
Q13131|P12931_LKPGTMSPE|0.0
Q13131|P12931_IVTEYMSKG|0.875
Q13131|P12931_MSKGSLLDF|0.0
Q13131|P12931_SGMAYVERM|0.0
Q13131|P12931_ERMNYVHRD|0.69
Q13131|P12931_DNEYTARQG|0.755
Q13131|P12931_GRVPYPGMV|0.395
Q13131|P12931_VERGYRMPC|0.485
Q13131|P12931_FLEDYFTST|0.645
Q13131|P12931_DYFTSTEPQ|0.35
Q13131|P12931_YFTSTEPQY|0.0
Q13131|Q15788_SPCDTLASS|0.0
Q13131|Q15788_TLASSTEKR|0.0
Q13131|Q15788_TRRNSHTFN|0.001
Q13131|Q15788_GKIISIDTS|0.495
Q13131|Q15788_ISIDTSSLR|0.07
Q13131|Q15788_GREPSYARQ|0.0
Q13131|Q15788_DREHSGLSP|0.027
Q13131|Q15788_RVNPSVNPS|0.295
Q13131|Q15788_SVNPSISPA|0.222
Q13131|Q15788_NRQQSSDLH|0.0
Q13131|Q15788_FSASSPVLR|0.009
Q13131|Q15788_NDRLSDGDS|0.001
Q13131|Q15788_ILPASLQSA|0.0
Q13131|Q15596____MSGMGE|0.0
Q13131|Q15596_MGENTSDPS|0.0
Q13131|Q15596_ILKETVKQI|0.0
Q13131|Q15596_KSVYSILHV|0.556
Q13131|Q15596_PRRNSHTFN|0.0
Q13131|Q15596_PLPDSEEEG|0.0
Q13131|Q15596_MQATTPQGS|0.451
Q13131|Q15596_SKMGSLDSK|0.0
Q13131|Q15596_QMEPSPLAS|0.0
Q13131|Q15596_PLASSLSDT|0.049
Q13131|Q15596_NKDSTGSLP|0.0
Q13131|Q15596_DSTGSLPGS|0.279
Q13131|Q15596_SLPGSGSTH|0.54
Q13131|Q15596_LLQDSSSPV|0.496
Q13131|Q15596_LSQESSSTA|0.0
Q13131|Q15596_ALLRYLLDK|0.004
Q13131|Q15596_LDSKTDPAS|0.0
Q13131|Q15596_LMQLTAENS|0.0
Q13131|Q9Y6Q9_GQGLTCSGE|0.0
Q13131|Q9Y6Q9_GLTCSGEKR|0.677
Q13131|Q9Y6Q9_GVSWTNETQ|0.001
Q13131|Q9Y6Q9_EDLQSCMIC|0.0
Q13131|Q9Y6Q9_QRFFSLNDG|0.502
Q13131|Q9Y6Q9_NMNITQPSK|0.0
Q13131|Q9Y6Q9_PSKVSNQDS|0.0
Q13131|Q9Y6Q9_QDSKSPLGF|0.448
Q13131|Q9Y6Q9_PLGFYCDQN|0.436
Q13131|Q9Y6Q9_RGHSSLTNS|0.904
Q13131|Q9Y6Q9_SLTNSPLDS|0.006
Q13131|Q9Y6Q9_SSITSCGDG|0.0
Q13131|Q9Y6Q9_QGTNSLGLK|0.605
Q13131|Q6ZRS2_RRIASTMAK|0.018
Q13131|Q6ZRS2_LLSQSLNQP|0.0
Q13131|Q6ZRS2_QPLTSSKAG|0.0
Q13131|Q6ZRS2_SKAGSSPCL|0.295
Q13131|Q6ZRS2_KAGSSPCLG|0.0
Q13131|Q6ZRS2_LGSSSAASS|0.0
Q13131|Q6ZRS2_SAASSPPPP|0.0
Q13131|Q6ZRS2_DEEFTANEE|0.0
Q13131|Q6ZRS2_TPGPTTLGP|0.0
Q13131|Q6ZRS2_PGPTTLGPK|0.0
Q13131|Q6ZRS2_LEVATAPDP|0.0
Q13131|Q6ZRS2_GEVVSIGQL|0.0
Q13131|Q6ZRS2_GQLASLAQR|0.002
Q13131|Q6ZRS2_RDGLTPVPP|0.002
Q13131|Q6ZRS2_LAPASPVGP|0.0
Q13131|Q6ZRS2_SLVVSASGA|0.0
Q13131|Q6ZRS2_VVSASGAAP|0.0
Q13131|Q6ZRS2_LTLRSGPPS|0.248
Q13131|Q6ZRS2_PSPPSTATS|0.0
Q13131|Q6ZRS2_PPPRSPFYL|0.0
Q13131|Q6ZRS2_IGPRSPGPS|0.002
Q13131|Q6ZRS2_SSVPSAPEE|0.0
Q13131|Q6ZRS2_VEQLTPIER|0.0
Q13131|Q6ZRS2_SSCGTGGGT|0.538
Q13131|Q6ZRS2_ARAETQGAN|0.0
Q13131|Q6ZRS2_GANHTPVIS|0.018
Q13131|Q6ZRS2_QTRSTTTPP|0.023
Q13131|Q6ZRS2_TRSTTTPPR|0.001
Q13131|Q6ZRS2_TEAKTPTSS|0.0
Q13131|Q6ZRS2_AKTPTSSPE|0.0
Q13131|Q6ZRS2_RRRTSADVE|0.026
Q13131|Q6ZRS2_ELGVTGGGS|0.266
Q13131|Q6ZRS2_NPLLSPVEK|0.0
Q13131|Q6ZRS2_SPRPSQLPV|0.679
Q13131|Q6ZRS2_GQGESEGSS|0.002
Q13131|Q6ZRS2_ESEGSSSDE|0.0
Q13131|Q6ZRS2_SEGSSSDED|0.0
Q13131|Q6ZRS2_EGSSSDEDG|0.0
Q13131|Q6ZRS2_GLELTPPVV|0.0
Q13131|Q6ZRS2_VVSLTPKLR|0.0
Q13131|Q6ZRS2_LRPGSLVPP|0.528
Q13131|Q6ZRS2_SVEESEAEA|0.0
Q13131|O75674_AFGKSHRDP|0.0
Q13131|O75674_HRDPYATSV|0.159
Q13131|O75674_LNPRYNLPL|0.015
Q13131|O75674_GKLHSELDM|0.0
Q13131|O75674_TSEPSAPSQ|0.471
Q13131|O75674_NNQLSGLNF|0.0
Q13131|O75674_SSHAYDNFL|0.0
Q13131|O75674_QPPNYYEVM|0.0
Q13131|O75674_PPNYYEVME|0.0
Q13131|O75674_APAVTTEAI|0.0
Q13131|O75674_PAVTTEAIY|0.0
Q13131|P31213_FCLHYFHRT|0.503
Q13131|P31213_RTFVYSLLN|0.56
Q13131|P31213_IHSDYILRQ|0.016
Q13131|P31213_PGEISYRIP|0.373
Q13131|Q9H8P0_GRNAYITGK|0.0
Q13131|P36956_VSGTTVQTG|0.353
Q13131|P36956_LAAGSKAPA|0.506
Q13131|P36956_KLNKSAVLR|0.522
Q13131|P36956_GGSGSDSEP|0.681
Q13131|P36956_SGSDSEPDS|0.584
Q13131|P36956_LLFVYGEPV|0.439
Q13131|P36956_RLAQSFRPA|0.425
Q13131|P36956_MAGASPTRT|0.555
Q13131|P36956-3_SDAGSPFQS|0.57
Q13131|P36956-3_PFQSSPLSL|0.621
Q13131|Q12772_NGRGSSSGA|0.438
Q13131|Q12772_GRGSSSGAV|0.679
Q13131|Q12772_RGSSSGAVD|0.455
Q13131|Q12772_LPSFSPSAA|0.449
Q13131|Q12772_PSAASPQAP|0.411
Q13131|Q12772_QVKVSPTSV|0.996
Q13131|Q12772_VSPTSVPTT|0.422
Q13131|Q12772_SVPTTPRAT|0.425
Q13131|Q12772_TVMITPTFS|0.408
Q13131|Q12772_MITPTFSTT|0.451
Q13131|Q12772_QPLIYQNAA|0.521
Q13131|Q12772_IKTDSLVLT|0.958
Q13131|Q12772_DEPDSPPVA|0.474
Q13131|Q12772_SRAQSLCGP|0.805
Q13131|Q12772_MAGASPTRT|0.633
Q13131|Q12772_LLEHSLRRR|0.722
Q13131|Q12772_HLPLSFLSS|0.69
Q13131|Q12772_GDRRSCNDC|0.527
Q13131|Q14162_QVWGTLTSL|0.0
Q13131|Q14162_GTLTSLGST|0.0
Q13131|Q14162_AKRPSVSFA|0.335
Q13131|Q14162_VTTIYMLAG|0.567
Q13131|Q14162_RHFGSFQKG|0.594
Q13131|Q14162_SVGQSPNSA|0.577
Q13131|Q14162_QSPNSAPKA|0.0
Q13131|Q14162_SGCGSPEQD|0.008
Q13131|Q14162_EEPEYENVV|0.009
Q13131|Q96GP6_CRHGYFGAN|0.0
Q13131|Q96GP6_ANCDTKCPR|0.0
Q13131|Q96GP6_KELCSCHPH|0.0
Q13131|Q96GP6_CEDVTGQCT|0.0
Q13131|Q96GP6_TGQCTCHAR|0.0
Q13131|Q96GP6_CSNGTYGED|0.0
Q13131|Q96GP6_CDFQSGRCL|0.0
Q13131|Q96GP6_RRELSLGRK|0.0
Q13131|Q96GP6_FSRISMKLP|0.0
Q13131|Q96GP6_LEQPSPSWS|0.0
Q13131|Q96GP6_SSRASFSSF|0.0
Q13131|Q96GP6_EGPVYCVPH|0.0
Q13131|Q96GP6_DSERSASSV|0.204
Q13131|Q96GP6_GGALYARVA|0.0
Q13131|Q96GP6_IGGLSLSPS|0.156
Q13131|Q96GP6_GRAPSPPPP|0.0
Q13131|Q96GP6_EAAPSPSKR|0.012
Q13131|Q96GP6_KRKRTPSDK|0.0
Q13131|Q96GP6_KRTPSDKSA|0.0
Q13131|Q96GP6_PSDKSAHTV|0.003
Q13131|Q96GP6_GKTRSLGRA|0.0
Q13131|Q96GP6_VPPASPARA|0.0
Q13131|Q96GP6_APPATETPG|0.0
Q13131|Q96GP6_PATETPGPE|0.0
Q13131|Q96GP6_EKAATDLPA|0.0
Q13131|Q96GP6_PAPETPRKK|0.0
Q13131|Q96GP6_PRKKSREAA|0.0
Q13131|Q96GP6_AGAPTL___|0.0
Q13131|P11831__MLPTQAGA|0.0
Q13131|P11831_LGRGSALGG|0.0
Q13131|P11831_ALGGSLNRT|0.012
Q13131|P11831_NRTPTGRPG|0.428
Q13131|P11831_GLKRSLSEM|0.996
Q13131|P11831_AYELSTLTG|0.6
Q13131|P11831_YELSTLTGT|0.0
Q13131|P11831_YTFATRKLQ|0.0
Q13131|P11831_TCLNSPDSP|0.288
Q13131|P11831_TYQVSESDS|0.605
Q13131|P11831_PQQASPSRD|0.312
Q13131|Q8NEF9_QREATVISE|0.471
Q13131|Q8NEF9_ATVISEQKV|0.45
Q13131|Q8NEF9_KVKETKILA|0.555
Q13131|Q8NEF9_PIHNSKEKI|0.443
Q13131|Q8NEF9_DSVVSLESQ|0.657
Q13131|Q8NEF9_KGSDSSLSG|0.505
Q13131|Q8NEF9_GSDSSLSGN|0.471
Q13131|Q8NEF9_DSSLSGNSD|0.383
Q13131|Q8NEF9_VFFHSLSGS|0.581
Q13131|Q8NEF9_QAPKTRSLD|0.005
Q13131|O75044_LNELYSVMK|0.0
Q13131|O75044_ADSISAQSK|0.0
Q13131|O75044_ISAQSKLKE|0.0
Q13131|O75044_EDRQTPRSP|0.0
Q13131|O75044_QTPRSPDST|0.0
Q13131|O75044_RSPDSTANV|0.626
Q13131|O75044_HVRRSSVKK|0.0
Q13131|O75044_VRRSSVKKI|0.0
Q13131|O75044_ESQRTDCSL|0.0
Q13131|O75044_RTDCSLARR|0.005
Q13131|O75044_RRSSTVRKQ|0.224
Q13131|O75044_RKQDSSQAI|0.0
Q13131|O75044_GPVYSRGGS|0.0
Q13131|O75044_SMEDYCDSP|0.0
Q13131|O75044_ARELSFKKG|0.0
Q13131|O75044_VERSSPKSE|0.0
Q13131|O75044_IEVISEPPE|0.0
Q13131|O75044_ASCPSGGHV|0.251
Q13131|O75044_VADIYLANI|0.0
Q13131|O75044_KRPESGSIR|0.0
Q13131|O75044_PESGSIRKT|0.202
Q13131|O75044_FRSDSHGLS|0.813
Q13131|O75044_HGLSSSLTD|0.171
Q13131|O75044_GLSSSLTDS|0.0
Q13131|O75044_SSSLTDSSS|0.0
Q13131|O75044_SLTDSSSPG|0.0
Q13131|O75044_TDSSSPGVG|0.0
Q13131|O75044_QPIMSQSLP|0.0
Q13131|O75044_IMSQSLPKE|0.0
Q13131|O75044_KCSISGHGS|0.04
Q13131|O75044_SGHGSLNSI|0.701
Q13131|O75044_GSLNSISRH|0.017
Q13131|O75044_LNSISRHSS|0.746
Q13131|O75044_ISRHSSLKN|0.003
Q13131|O75044_QIRKTATAG|0.025
Q13131|O75044_TAGRSKSFN|0.0
Q13131|O75044_ERQSSVKHT|0.545
Q13131|O75044_SPLHTQLLK|0.55
Q13131|O75044_DKSCTV___|0.0
Q13131|P0DMP2_QTPRSPDST|0.0
Q13131|P0DMP2_RSPDSTANV|0.0
Q13131|P0DMP2_ESVKSTVSE|0.0
Q13131|P0DMP2_SVKSTVSET|0.0
Q13131|P0DMP2_KSTVSETFM|0.0
Q13131|P0DJJ0_ADSISAQSK|0.0
Q13131|P0DJJ0_ISAQSKLKE|0.0
Q13131|P0DJJ0_QTPCSPDST|0.0
Q13131|P0DJJ0_ESVKSTVSE|0.0
Q13131|P0DJJ0_SVKSTVSET|0.0
Q13131|P0DJJ0_KSTVSETFM|0.0
Q13131|P30626_RLMVSMLDR|0.989
Q13131|P30626_DRDMSGTMG|0.516
Q13131|P30626_ISFDTDRSG|0.415
Q13131|P30626_AKRYSTNGK|0.998
Q13131|P30626_KRYSTNGKI|0.981
Q13131|P30626_ALTDSFRRR|0.436
Q13131|Q86TD4_PSDDYSAVL|0.119
Q13131|Q86TD4_SDDYSAVLQ|0.003
Q13131|Q86TD4_LRKIYHSSI|0.0
Q13131|Q86TD4_KIYHSSIKP|0.306
Q13131|Q86TD4_LEQSYKYNE|0.0
Q13131|Q86TD4_ENTRYQLYT|0.0
Q13131|Q86TD4_RYQLYTGAE|0.0
Q13131|Q86TD4_EPTTSEFTV|0.0
Q13131|Q86TD4_PDKFYIFKT|0.0
Q13131|Q86TD4_SQQCSYMGG|0.0
Q13131|Q86TD4_QQCSYMGGC|0.0
Q13131|Q86TD4_ERAITQELP|0.0
Q13131|P19623_RRSRYQDIL|0.609
Q13131|P19623_VIQCTERDE|0.0
Q13131|P19623_VKHPSVESV|0.0
Q13131|P19623_GYSSSKLTL|0.433
Q13131|Q8IYB3_FFRGTSAEQ|0.0
Q13131|Q8IYB3_DNRFSNKQK|0.23
Q13131|Q8IYB3_EKESSREKR|0.0
Q13131|Q8IYB3_KRERSRSPR|0.0
Q13131|Q8IYB3_ERSRSPRRR|0.187
Q13131|Q8IYB3_PRHRTKSRS|0.0
Q13131|Q8IYB3_ATSTSDILK|0.0
Q13131|Q8IYB3_PEKNSKKEK|0.0
Q13131|Q8IYB3_RRHRSRSRS|0.0
Q13131|Q8IYB3_HRSRSRSYS|0.0
Q13131|Q8IYB3_SRSRSYSPR|0.191
Q13131|Q8IYB3_RSRSYSPRR|0.234
Q13131|Q8IYB3_RRRPSPRRR|0.0
Q13131|Q8IYB3_PRRRTPPRR|0.005
Q13131|Q8IYB3_SASLSGSSS|0.0
Q13131|Q8IYB3_SGSSSSSSS|0.0
Q13131|Q8IYB3_SSSRSRSPP|0.0
Q13131|Q8IYB3_SRSRSPPKK|0.0
Q13131|Q8IYB3_PKRTSSPPR|0.517
Q13131|Q8IYB3_QSNRTRKSR|0.003
Q13131|Q8IYB3_KHKGTEKRE|0.262
Q13131|Q8IYB3_QQSSSDSGS|0.0
Q13131|Q8IYB3_PRRRSPSPR|0.054
Q13131|Q8IYB3_RRSPSPRRY|0.0
Q13131|Q8IYB3_AAATTTLAQ|0.0
Q13131|Q8IYB3_AATTTLAQE|0.0
Q13131|Q9UQ35____MYNGIG|0.0
Q13131|Q9UQ35_IGLPTPRGS|0.0
Q13131|Q9UQ35_TPRGSGTNG|0.0
Q13131|Q9UQ35_GTNGYVQRN|0.0
Q13131|Q9UQ35_ERPDYKGEE|0.0
Q13131|Q9UQ35_EEQGYEEQQ|0.0
Q13131|Q9UQ35_GKEETPGQR|0.0
Q13131|Q9UQ35_AVTETHQLA|0.0
Q13131|Q9UQ35_VDGSSFDPQ|0.0
Q13131|Q9UQ35_LVRESSSSR|0.0
Q13131|Q9UQ35_VRESSSSRS|0.0
Q13131|Q9UQ35_RESSSSRSP|0.0
Q13131|Q9UQ35_ESSSSRSPT|0.0
Q13131|Q9UQ35_SSSRSPTPK|0.0
Q13131|Q9UQ35_SRSPTPKQK|0.0
Q13131|Q9UQ35_RGRRSESSS|0.0
Q13131|Q9UQ35_RRSESSSPR|0.0
Q13131|Q9UQ35_RSESSSPRR|0.0
Q13131|Q9UQ35_SESSSPRRE|0.0
Q13131|Q9UQ35_ERKKSSKKK|0.0
Q13131|Q9UQ35_PTPKSKRKS|0.0
Q13131|Q9UQ35_PAPKSRRAH|0.0
Q13131|Q9UQ35_HRSTSADSA|0.0
Q13131|Q9UQ35_TSADSASSS|0.0
Q13131|Q9UQ35_ADSASSSDT|0.0
Q13131|Q9UQ35_TKQPSSPYE|0.0
Q13131|Q9UQ35_LPQSSSSES|0.0
Q13131|Q9UQ35_SSESSPPSP|0.0
Q13131|Q9UQ35_PTKVSRHAS|0.0
Q13131|Q9UQ35_KRGRSRSRT|0.0
Q13131|Q9UQ35_GRSRSRTPT|0.0
Q13131|Q9UQ35_SRSRTPTKR|0.0
Q13131|Q9UQ35_QWRRSRSAQ|0.0
Q13131|Q9UQ35_RRSRSAQRW|0.0
Q13131|Q9UQ35_RRGRSRSRT|0.053
Q13131|Q9UQ35_SRTPTRRRS|0.0
Q13131|Q9UQ35_RRSRSRTPA|0.0
Q13131|Q9UQ35_RSGRSRSRT|0.0
Q13131|Q9UQ35_GRSRSRTPR|0.0
Q13131|Q9UQ35_SRSRTPRRG|0.0
Q13131|Q9UQ35_EMKKSRISS|0.0
Q13131|Q9UQ35_SRISSRRSR|0.0
Q13131|Q9UQ35_PPRRSRSGS|0.0
Q13131|Q9UQ35_PPRRSRSSS|0.0
Q13131|Q9UQ35_PRQRSHSGS|0.005
Q13131|Q9UQ35_SHSGSSSPS|0.0
Q13131|Q9UQ35_SPSPSRVTS|0.0
Q13131|Q9UQ35_PSRVTSRTT|0.0
Q13131|Q9UQ35_VTSRTTPRR|0.0
Q13131|Q9UQ35_TSRTTPRRS|0.0
Q13131|Q9UQ35_PQEKSKDSL|0.0
Q13131|Q9UQ35_KSKDSLVQS|0.0
Q13131|Q9UQ35_PPGESYFGV|0.0
Q13131|Q9UQ35_LQSKSQTSP|0.0
Q13131|Q9UQ35_SPEQSRFQS|0.0
Q13131|Q9UQ35_SDSSSYPTV|0.0
Q13131|Q9UQ35_DSSSYPTVD|0.0
Q13131|Q9UQ35_PTVDSNSLL|0.0
Q13131|Q9UQ35_ETAESKEKM|0.0
Q13131|Q9UQ35_SSPETKEQN|0.0
Q13131|Q9UQ35_VVEKSEEPA|0.0
Q13131|Q9UQ35_TEMNTGFSS|0.0
Q13131|Q9UQ35_MKEQSTRSS|0.0
Q13131|Q9UQ35_KEQSTRSSG|0.0
Q13131|Q9UQ35_SRERSSSAS|0.0
Q13131|Q9UQ35_RERSSSASS|0.0
Q13131|Q9UQ35_SESDSSPDS|0.0
Q13131|Q9UQ35_ESDSSPDSK|0.0
Q13131|Q9UQ35_SKAKTRTPL|0.0
Q13131|Q9UQ35_PEVDSKSRL|0.0
Q13131|Q9UQ35_SGSSSKGRG|0.0
Q13131|Q9UQ35_RRSRSASSS|0.0
Q13131|Q9UQ35_SSPETRSRT|0.0
Q13131|Q9UQ35_PETRSRTPP|0.0
Q13131|Q9UQ35_TRSRTPPRH|0.0
Q13131|Q9UQ35_PAEKSRSSR|0.0
Q13131|Q9UQ35_KSRSSRRRR|0.0
Q13131|Q9UQ35_TKTTSRRGR|0.019
Q13131|Q9UQ35_GLQRSRSRS|0.0
Q13131|Q9UQ35_QRSRSRSRR|0.0
Q13131|Q9UQ35_EKTRTTRRR|0.0
Q13131|Q9UQ35_RRDRSGSSQ|0.0
Q13131|Q9UQ35_DRSGSSQST|0.0
Q13131|Q9UQ35_RSGSSQSTS|0.0
Q13131|Q9UQ35_GSSQSTSRR|0.0
Q13131|Q9UQ35_ARQESSRTS|0.0
Q13131|Q9UQ35_RQESSRTSS|0.0
Q13131|Q9UQ35_SSRTSSRRR|0.0
Q13131|Q9UQ35_RRSRSRTPR|0.0
Q13131|Q9UQ35_IRRRSASGS|0.0
Q13131|Q9UQ35_RRSASGSSS|0.0
Q13131|Q9UQ35_SASGSSSDR|0.0
Q13131|Q9UQ35_SSDRSRSAT|0.0
Q13131|Q9UQ35_TPPATRNHS|0.0
Q13131|Q9UQ35_ALNSSRMSC|0.0
Q13131|Q9UQ35_RTPMSVLQQ|0.0
Q13131|Q9UQ35_QAGGSMMDG|0.0
Q13131|Q9UQ35_HQRTSVPEN|0.0
Q13131|Q9UQ35_ALALTAISL|0.0
Q13131|Q9UQ35_ISLGTARPP|0.0
Q13131|Q9UQ35_AARMSQVPA|0.0
Q13131|Q9UQ35_VPLMSLRTA|0.0
Q13131|Q9UQ35_MSLRTAPAA|0.0
Q13131|Q9UQ35_ANLASRIPA|0.0
Q13131|Q9UQ35_IPAASAAAM|0.0
Q13131|Q9UQ35_MNLASARTP|0.0
Q13131|Q9UQ35_ASARTPAIP|0.0
Q13131|Q9UQ35_TAANYPSSS|0.0
Q13131|Q9UQ35_NIAGSRTAA|0.0
Q13131|Q9UQ35_AGSRTAAAL|0.0
Q13131|Q9UQ35_PLSAYERVS|0.0
Q13131|Q9UQ35_SRMTSERAP|0.0
Q13131|Q9UQ35_APSPSSRMG|0.0
Q13131|Q9UQ35_APSQSLLPP|0.0
Q13131|Q9UQ35_FSDQSRCLI|0.0
Q13131|Q9UQ35_IAQTTPVAG|0.0
Q13131|Q9UQ35_KERRSSSSS|0.0
Q13131|Q9UQ35_RRSSSSSSS|0.0
Q13131|Q9UQ35_RSSSSSSSS|0.0
Q13131|Q9UQ35_SSSSSSSSS|0.0
Q13131|Q9UQ35_SSSDSEGSS|0.0
Q13131|Q9UQ35_RKRRSSSSS|0.001
Q13131|Q9UQ35_KRRSSSSSS|0.0
Q13131|Q9UQ35_SSSSSSSSP|0.0
Q13131|Q9UQ35_SSSSSSSPS|0.0
Q13131|Q9UQ35_SSSSSSPSP|0.0
Q13131|Q9UQ35_SSSPSPAKP|0.0
Q13131|Q9H3Y6_ARRLSGQPS|0.778
Q13131|P37108_RTSGSVYIT|0.497
Q13131|P37108_SVYITLKKY|0.0
Q13131|P37108_TLKKYDGRT|0.539
Q13131|P37108_YDGRTKPIP|0.421
Q13131|P37108_PKKGTVEGF|0.0
Q13131|P37108_QMAYSNLLR|0.0
Q13131|P37108_KTKKTKAAA|0.0
Q13131|P09132_AAARSPADQ|0.0
Q13131|P09132_RIPISKAVE|0.144
Q13131|P09132_QGEGSKKGK|0.337
Q13131|P09132-3_AAARSPADQ|0.0
Q13131|P09132-3_KMGASALYS|0.0
Q13131|Q9BRL6_VGDVYIPRE|0.0
Q13131|Q9BRL6_RRHRSRSRG|0.0
Q13131|Q9BRL6_HRSRSRGPS|0.0
Q13131|Q9BRL6_SRGPSCSRS|0.0
Q13131|Q9BRL6_GPSCSRSRS|0.0
Q13131|Q9BRL6_SCSRSRSRS|0.0
Q13131|Q9BRL6_RYRGSRYSR|0.488
Q13131|Q9BRL6_RGSRYSRSP|0.0
Q13131|Q9BRL6_SRSPYSRSP|0.0
Q13131|Q9BRL6_RSPYSRSPY|0.0
Q13131|Q9BRL6_PYSRSPYSR|0.0
Q13131|Q9BRL6_SRSPYSRSR|0.0
Q13131|Q9BRL6_RSPYSRSRY|0.0
Q13131|Q9BRL6_PYSRSRYSR|0.0
Q13131|Q9BRL6_SRSRYSRSP|0.0
Q13131|Q9BRL6_PYSRSRYRE|0.0
Q13131|Q9BRL6_SRSRYRESR|0.0
Q13131|Q9BRL6_RYGGSHYSS|0.0
Q13131|Q9BRL6_GGSHYSSSG|0.0
Q13131|Q9BRL6_GSHYSSSGY|0.0
Q13131|Q9BRL6_SHYSSSGYS|0.0
Q13131|Q9BRL6_GYSNSRYSR|0.001
Q13131|Q9BRL6_SSTSSRSAS|0.0
Q13131|Q9BRL6_SSSMTRSPP|0.017
Q13131|Q9BRL6_SMTRSPPRV|0.0
Q13131|Q9BRL6_SRSRSKRPP|0.0
Q13131|Q9BRL6_GQMSS____|0.0
Q13131|P61011_LRSLSNATI|0.756
Q13131|P61011_LSNATIINE|0.0
Q13131|P61011_ENVKSAIDL|0.0
Q13131|P61011_IVDTSGRHK|0.477
Q13131|P61011_SKNVSQSQM|0.0
Q13131|P61011_NVSQSQMAK|0.205
Q13131|Q9UHB9_MRLRSGGTE|0.96
Q13131|Q9UHB9_RSGGTEGLL|0.984
Q13131|Q9UHB9_AATMSEVEW|0.0
Q13131|Q9UHB9_RLFESMLSE|0.0
Q13131|Q9UHB9_KQRDYILEG|0.0
Q13131|Q9UHB9_SYLTYIKLS|0.005
Q13131|Q9UHB9_HQTETSSSQ|0.0
Q13131|Q9UHB9_LEQKTKSGL|0.0
Q13131|O76094_ASGGSGGVS|0.676
Q13131|O76094_NNSLSFEKA|0.802
Q13131|O76094_LQGRTEEAL|0.807
Q13131|O76094_HQPKSPAHL|0.557
Q13131|O76094_PAHLSLIRE|0.687
Q13131|O76094_ALENSAGAT|0.759
Q13131|O76094_GGKVTGDSQ|0.787
Q13131|O76094_VTGDSQPKE|0.733
Q13131|O76094_IGKGTQGAT|0.693
Q13131|O76094_TQGATAGAS|0.469
Q13131|O76094_VSASTSNII|0.307
Q13131|P49458__MPQYQTWE|0.0
Q13131|P49458_KYRHSDGNL|0.763
Q13131|P49458_CVKVTDDLV|0.003
Q13131|P49458_EKFHSQLMR|0.007
Q13131|P49458_ARNVTMETE|0.309
Q13131|P49458_VTMETE___|0.001
Q13131|Q96SB4_AQRKSETQH|0.0
Q13131|Q96SB4_RKSETQHRG|0.0
Q13131|Q96SB4_DPNDYCKGG|0.0
Q13131|Q96SB4_KVVKSAEHY|0.0
Q13131|Q96SB4_SAEHYTETA|0.0
Q13131|Q96SB4_SVRNSDPND|0.008
Q13131|Q96SB4_PPSGSAVST|0.593
Q13131|Q96SB4_GSAVSTAPQ|0.0
Q13131|Q96SB4_SAVSTAPQP|0.0
Q13131|Q96SB4_LEESSTIGQ|0.0
Q13131|Q96SB4_EVINYTQNS|0.0
Q13131|Q96SB4_SNNETLRHK|0.008
Q13131|Q96SB4-3_EGQWSPGRG|0.0
Q13131|P78362_IKSNYQGLP|0.344
Q13131|P78362_PPSGSAVST|0.675
Q13131|P78362_SAAPSNDQD|0.502
Q13131|P78362_KLKTTGLEE|0.0
Q13131|P78362_NIDPTWIES|0.0
Q13131|P78362_PNAESDYTY|0.0
Q13131|P78362_SDYTYSSSY|0.0
Q13131|P78362_ELLGSIPRH|0.761
Q13131|P78362_HFALSGKYS|0.0
Q13131|Q9UPE1____MSASTG|0.0
Q13131|Q9UPE1__MSASTGGG|0.026
Q13131|Q9UPE1_MSASTGGGG|0.0
Q13131|Q9UPE1_RAGPSPASS|0.032
Q13131|P08240_LDFFTIFSK|0.0
Q13131|P08240_KFEDSEKAK|0.005
Q13131|P08240_KPVRSMIET|0.002
Q13131|P08240_SMIETRGEK|0.0
Q13131|P08240_VLDYSTPTT|0.003
Q13131|P08240_LDYSTPTTN|0.0
Q13131|P08240_TTNGTPEAA|0.0
Q13131|P08240_KPSATKGTL|0.038
Q13131|P08240_ATKGTLGGM|0.002
Q13131|P08240_VGSKSLSRE|0.019
Q13131|P08240_SKSLSREDM|0.001
Q13131|P08240_FSTVTSTVK|0.0
Q13131|P08240_STVTSTVKQ|0.0
Q13131|P08240_TVTSTVKQA|0.0
Q13131|P08240_LRTHTRRLS|0.584
Q13131|P08240_LADHSMAQT|0.003
Q13131|P08240_ISMTYITSK|0.0
Q13131|P08240_MTYITSKPI|0.104
Q13131|P08240_TYITSKPIV|0.0
Q13131|Q9Y5M8_GNSLTLIDL|0.461
Q13131|Q9Y5M8_FVVDSAAFQ|0.573
Q13131|Q9Y5M8_STLDSSSTA|0.398
Q13131|Q9Y5M8_TLDSSSTAP|0.448
Q13131|Q9Y5M8_FLECSAKGG|0.467
Q13131|Q9Y5M8_GDVGSADIQ|0.757
Q13131|P78539___MGSPAHR|0.046
Q13131|O60687_KGGNYHSSL|0.013
Q13131|O60687_GNYHSSLGT|0.453
Q13131|O60687_NYHSSLGTR|0.391
Q13131|O60687_SSLGTRCEL|0.135
Q13131|O60687_TARVYWDPP|0.0
Q13131|O60687_LVKDSADGT|0.475
Q13131|O60687_SADGTITRV|0.49
Q13131|O60687_HVIRYTAYD|0.022
Q13131|O60687_RYTAYDRAY|0.408
Q13131|Q9GZT4_PSDESRENV|0.004
Q13131|Q9GZT4_SVKVYAAEP|0.234
Q13131|Q9GZT4_AAEPSNADD|0.078
Q13131|Q9GZT4_ADDCYQSKL|0.452
Q13131|Q9GZT4_DCYQSKLKG|0.328
Q13131|Q9GZT4_DGVKSSIGL|0.0
Q13131|Q9GZT4_YQSVSV___|0.371
Q13131|Q9UH36_FESDSGVVL|0.279
Q13131|A6NNA2_QKVGTFRQM|0.0
Q13131|A6NNA2_IVAETPRLT|0.0
Q13131|A6NNA2_TKHWSSSSA|0.0
Q13131|A6NNA2_KHWSSSSAS|0.01
Q13131|A6NNA2_HWSSSSASP|0.0
Q13131|A6NNA2_RRLESECSC|0.0
Q13131|A6NNA2_ESECSCGSS|0.0
Q13131|A6NNA2_CGSSSPLRK|0.0
Q13131|A6NNA2_PHTESPGRR|0.0
Q13131|A6NNA2_PSRLSPKHR|0.0
Q13131|A6NNA2_SGSRSPSPS|0.0
Q13131|A6NNA2_SGQRSGAHG|0.0
Q13131|A6NNA2_AAAPTPPAR|0.0
Q13131|A6NNA2_RGKESPSPR|0.0
Q13131|A6NNA2_RSAPSSQGR|0.0
Q13131|A6NNA2_SAPSSQGRG|0.0
Q13131|A6NNA2_ARPASTSPS|0.0
Q13131|A6NNA2_PASTSPSPG|0.0
Q13131|A6NNA2_GKSSSRSPG|0.0
Q13131|A6NNA2_SSSRSPGPH|0.0
Q13131|A6NNA2_PHSPSRSPS|0.0
Q13131|A6NNA2_SPSRSPSPK|0.0
Q13131|A6NNA2_SRSPSPKKP|0.0
Q13131|A6NNA2_RRRDSPSFM|0.0
Q13131|A7MD48_EPLGTNSWE|0.0
Q13131|A7MD48_LGTNSWERD|0.0
Q13131|A7MD48_KRRRSSSYS|0.0
Q13131|A7MD48_RRSSSYSPS|0.0
Q13131|A7MD48_RCSKTLCKD|0.0
Q13131|A7MD48_RGVITGSGS|0.0
Q13131|A7MD48_ADLFTKTAS|0.0
Q13131|A7MD48_TQTSSARSR|0.0
Q13131|A7MD48_SGGLSKSRE|0.0
Q13131|A7MD48_MKGCSRSSS|0.0
Q13131|A7MD48_ASPRYTQSR|0.0
Q13131|A7MD48_SPRYTQSRS|0.0
Q13131|A7MD48_RYTQSRSTS|0.0
Q13131|A7MD48_EKRSYSRSP|0.0
Q13131|A7MD48_SGKRSPPSR|0.0
Q13131|A7MD48_RSRRSPSYS|0.0
Q13131|A7MD48_SYSRYSPSR|0.0
Q13131|A7MD48_YSRYSPSRE|0.0
Q13131|A7MD48_SPSSSGSLS|0.0
Q13131|A7MD48_GSLSSTSSW|0.0
Q13131|A7MD48_LSSTSSWYS|0.0
Q13131|A7MD48_SSTSSWYSS|0.0
Q13131|A7MD48_SSSSSRSAS|0.0
Q13131|A7MD48_SRSASRSYS|0.0
Q13131|A7MD48_SASRSYSRS|0.0
Q13131|A7MD48_SRSYSRSRS|0.0
Q13131|A7MD48_SYSRSRSRS|0.39
Q13131|A7MD48_SRSRSRSRR|0.0
Q13131|A7MD48_TSSSSSSRS|0.0
Q13131|A7MD48_SSSSSSRSP|0.0
Q13131|A7MD48_SRSRSRSRS|0.492
Q13131|A7MD48_SRSQSRSYS|0.0
Q13131|A7MD48_QSRSYSSAD|0.0
Q13131|A7MD48_SRSYSSADS|0.0
Q13131|B3KS81_TPNRSLVPT|0.0
Q13131|B3KS81_SLVPTKPAT|0.0
Q13131|B3KS81_KRAPSNRPS|0.0
Q13131|B3KS81_SNRPSSRSR|0.0
Q13131|B3KS81_PSSRSRVRS|0.0
Q13131|B3KS81_SKARTPSRV|0.0
Q13131|B3KS81_SSKRSPSRA|0.0
Q13131|B3KS81_GRIRTHGAR|0.504
Q13131|B3KS81_SRGKSYGRP|0.0
Q13131|B3KS81_RGKSYGRPR|0.0
Q13131|B3KS81_GRPRTSNRE|0.0
Q13131|B3KS81_RPRTSNRER|0.0
Q13131|B3KS81_ERSDSQPRN|0.0
Q13131|B3KS81_MIIPSREKS|0.0
Q13131|B3KS81_SREKSYSPT|0.0
Q13131|B3KS81_SPRRSRSGS|0.0
Q13131|B3KS81_RRSRSGSQK|0.025
Q13131|B3KS81_SRSGSQKRT|0.0
Q13131|B3KS81_DHRRSRSPS|0.004
Q13131|B3KS81_QCRQSRSSS|0.003
Q13131|B3KS81_RQSRSPNKE|0.0
Q13131|B3KS81_RQSRSSSEE|0.0
Q13131|B3KS81_QSRSSSEER|0.0
Q13131|B3KS81_SRSSSEERD|0.0
Q13131|B3KS81_ERDHSRSRS|0.0
Q13131|B3KS81_SKTSSHSPS|0.0
Q13131|Q8TF01_EKKATEDAE|0.0
Q13131|Q8TF01_LPQRSKFDS|0.0
Q13131|Q8TF01_SDRGSESSD|0.0
Q13131|Q8TF01_RGSESSDTD|0.0
Q13131|Q8TF01_GSESSDTDD|0.0
Q13131|Q8TF01_TPNETTSVL|0.0
Q13131|Q8TF01_SSSGSSSSN|0.0
Q13131|Q8TF01_SSGSSSSNS|0.02
Q13131|Q8TF01_SSSNSRTSS|0.0
Q13131|Q8TF01_SNSRTSSTS|0.002
Q13131|Q8TF01_RTSSTSSTV|0.0
Q13131|Q8TF01_SSTSSTVSS|0.0
Q13131|Q8TF01_STSSTVSSS|0.0
Q13131|Q8TF01_SSTVSSSSY|0.0
Q13131|Q8TF01_STVSSSSYS|0.0
Q13131|Q8TF01_SSSYSSSSG|0.0
Q13131|Q8TF01_SYSSSSGSS|0.0
Q13131|Q8TF01_YSSSSGSSR|0.0
Q13131|Q8TF01_RRSRSRSRD|0.0
Q13131|Q8TF01_SRSRSRDRR|0.146
Q13131|Q8TF01_RASRSRSRD|0.0
Q13131|Q8TF01_RGNLSGNSH|0.435
Q13131|Q8TF01_ERSRSIDKD|0.489
Q13131|Q8TF01_DFKFSSQDD|0.0
Q13131|Q8TF01_ERTFSRSGS|0.0
Q13131|Q8TF01_TFSRSGSIS|0.0
Q13131|Q8TF01_SKKHSGSDS|0.0
Q13131|Q8WXF0_RGFAYVQFE|0.001
Q13131|Q8WXF0_RHPCSPSDH|0.015
Q13131|Q8WXF0_PCSPSDHRR|0.0
Q13131|Q8WXF0_RRTRSRSSS|0.0
Q13131|Q8WXF0_TRSRSSSWG|0.527
Q13131|Q8WXF0_RRSDSLKES|0.166
Q13131|Q8WXF0_HRRFSYSQS|0.846
Q13131|Q8WXF0_RFSYSQSKS|0.492
Q13131|Q8WXF0_SYSQSKSRS|0.014
Q13131|Q8WXF0_SARQSRTPR|0.501
Q13131|Q8WXF0_RQSRTPRRN|0.001
Q13131|Q8WXF0_SQSSSPQKQ|0.042
Q13131|Q8WXF0_PQKQTSSGT|0.0
Q13131|Q8WXF0_QKQTSSGTK|0.494
Q13131|Q8WXF0_KQTSSGTKS|0.0
Q13131|Q8WXF0_TSSGTKSRS|0.008
Q13131|Q8WXF0_TNSETKVQT|0.0
Q13131|Q8WXF0_TKVQTAKHS|0.149
Q13131|Q9BXP5_RRERSDYDR|0.011
Q13131|Q9BXP5_DYDRSRERD|0.602
Q13131|Q9BXP5_RERRSRGEY|0.854
Q13131|Q9BXP5_SRGEYRDYD|0.0
Q13131|Q9BXP5_EYRDYDRNR|0.0
Q13131|Q9BXP5_AVKRYNDYK|0.002
Q13131|Q9BXP5_AENDSSNDD|0.0
Q13131|Q9BXP5_SGDDSFDEG|0.0
Q13131|Q9BXP5_SVSESESES|0.0
Q13131|Q9BXP5_AEIISLCKR|0.671
Q13131|Q9BXP5_LDDRTQLWA|0.0
Q13131|Q9BXP5_PPLPTSLPS|0.0
Q13131|Q9BXP5_PLPTSLPSQ|0.323
Q13131|Q9BXP5_TSLPSQNPI|0.0
Q13131|Q9BXP5_LLGSSGGAP|0.27
Q13131|Q9BXP5_KLLLYLRIV|0.002
Q13131|Q9BXP5_HSLDYYNTC|0.223
Q13131|Q9BXP5_SLDYYNTCE|0.0
Q13131|Q9BXP5_NTCEYPNED|0.0
Q13131|Q9BXP5_TPLLSVRES|0.007
Q13131|Q9BXP5_LCPLSGKKF|0.0
Q13131|Q9BXP5_PPGLTPGLP|0.0
Q13131|Q9BXP5_PGLPYPHQT|0.0
Q13131|Q9BXP5_YPHQTPQGL|0.0
Q13131|Q9BXP5_AIVEYRDLD|0.0
Q13131|Q9BXP5-3_NRKHSGDDS|0.0
Q13131|Q9BXP5-3_FDEGSVSES|0.0
Q13131|Q9BXP5-3_SESESESES|0.0
Q13131|Q9BXP5-3_SESESESGQ|0.0
Q13131|O75494____MSRYLR|0.0
Q13131|O75494__MSRYLRPP|0.0
Q13131|O75494_RPPNTSLFV|0.075
Q13131|O75494_VADDTRSED|0.33
Q13131|O75494_IVDVYVPLD|0.073
Q13131|O75494_RGFAYVQFE|0.0
Q13131|O75494_GDRKTPNQM|0.0
Q13131|O75494_RYDDYDRYR|0.001
Q13131|O75494_YRRSYSPRN|0.258
Q13131|O75494_SPRNSRPTG|0.0
Q13131|O75494_NSRPTGRPR|0.009
Q13131|O75494_HRNRSFSRS|0.0
Q13131|O75494_NRSFSRSKS|0.0
Q13131|O75494_SFSRSKSNS|0.0
Q13131|O75494_SRSRSASHT|0.0
Q13131|O75494_SRSASHTKT|0.098
Q13131|O75494_SPKSSGH__|0.0
Q13131|O75494-3_RPRRSRSHS|0.088
Q13131|O75494-3_RPNCSWNTQ|0.0
Q13131|O75494-3_CSWNTQYSS|0.0
Q13131|O75494-4_RPRRSRSHS|0.082
Q13131|O75494-4_RRSRSHSDN|0.0
Q13131|O75494-4_SRSHSDNDS|0.0
Q13131|O75494-5_CSWNTQYSS|0.0
Q13131|Q05519_MSNTTVVPS|0.605
Q13131|Q05519_EQMRTLFGF|0.531
Q13131|Q05519_PPDDSPLPV|0.448
Q13131|Q05519_REAQSLISA|0.727
Q13131|Q05519_QSLISAAIE|0.518
Q13131|Q05519_RTPSSSRHR|0.167
Q13131|Q05519_RRSRSTSKT|0.768
Q13131|Q05519_RSRSTSKTR|0.041
Q13131|Q05519_PKSYSTARR|0.413
Q13131|Q05519_KSYSTARRS|0.027
Q13131|Q05519_ERERSTSKK|0.009
Q13131|Q05519_RERSTSKKK|0.388
Q13131|Q05519_ERSTSKKKK|0.0
Q13131|Q05519_VTRDYDEEE|0.225
Q13131|Q05519_GSPKTKECS|0.525
Q13131|Q05519_VEKGTGDSL|0.542
Q13131|Q05519_SLRESKVNG|0.849
Q13131|Q05519-2_QGYDSEKEK|0.0
Q13131|Q9BYN0_RAGGTLGRA|0.282
Q13131|Q05066_RRSSSFLCT|0.804
Q13131|Q05066_ESCNSKYQC|0.389
Q13131|Q15532_KGEITPAAI|0.0
Q13131|Q15532_QYGNYQQ__|0.0
Q13131|O75177_EQGQYGNYQ|0.004
Q13131|Q9UHA2_ECVQYQHVL|0.378
Q13131|Q9UHA2_RNLIYLATI|0.013
Q13131|Q9UHA2_IADASPTST|0.018
Q13131|Q9UHA2_DASPTSTSK|0.028
Q13131|Q9UHA2_PTSTSKAME|0.002
Q13131|P10155_SQDGYVWQV|0.145
Q13131|P10155_QEIKSFSQE|0.0
Q13131|P10155_LKPSSEGLA|0.0
Q13131|P10155_EKALSVETE|0.0
Q13131|P10155_LSVETEKLL|0.0
Q13131|P10155_EMPLTALLR|0.0
Q13131|P10155-5_LLNKSF___|0.0
Q13131|P05455_HQIEYYFGD|0.514
Q13131|P05455_QIEYYFGDF|0.1
Q13131|P05455_LMEISEDKT|0.018
Q13131|P05455_VTDEYKNDV|0.484
Q13131|P05455_FKDDYFAKK|0.001
Q13131|Q96BD6_MRDPTYRPL|0.454
Q13131|Q96BD6_RDPTYRPLK|0.125
Q13131|Q04837_RSGDSEVYQ|0.633
Q13131|Q04837_RDVAYQYVK|0.215
Q13131|Q04837_VAYQYVKKG|0.002
Q13131|Q04837_GSRIYLEGK|0.253
Q13131|Q04837_DYGEYMDKN|0.466
Q13131|Q04837_RRQATTIIA|0.947
Q13131|P81877_GKSNSSAVP|0.386
Q13131|P81877_SAVPSDSQA|0.018
Q13131|P81877_GPQNYGGAM|0.0
Q13131|P81877_HMNGSLGSG|0.007
Q13131|P81877_PNNMSLSNQ|0.108
Q13131|P81877_SMTMSV___|0.379
Q13131|P81877-5_LGPQSDPWL|0.0
Q13131|P81877-5_DPWLSLQNY|0.0
Q13131|Q9BWW4_ISGISNPPG|0.306
Q13131|Q9BWW4_SPSMTMSV_|0.0
Q13131|Q9BWG4____MYAKGG|0.0
Q13131|Q9BWG4_KLALYVYEY|0.001
Q13131|Q9BWG4_ALYVYEYLL|0.0
Q13131|Q9BWG4_VAGLSNAPG|0.0
Q13131|Q9BWG4_SESYSPGMT|0.0
Q13131|Q9BWG4_GMTMSV___|0.0
Q13131|A1L4H1_SRKKSPRPK|0.0
Q13131|A1L4H1_PLLTTGAPR|0.0
Q13131|A1L4H1_AMLTTQGPQ|0.0
Q13131|A1L4H1_QEMTSESTI|0.0
Q13131|A1L4H1_RRPGSSSPA|0.024
Q13131|A1L4H1_PGSSSPAIR|0.0
Q13131|A1L4H1_RLPDTGSKD|0.454
Q13131|A1L4H1_PDTGSKDGY|0.0
Q13131|Q9NQ55_DHNITELPQ|0.0
Q13131|Q9NQ55_RAQQSAVRL|0.0
Q13131|Q9NQ55_SGIPSRTAS|0.017
Q13131|Q9NQ55_RLAKSPGRK|0.0
Q13131|P28290_LDEQSSSTL|0.0
Q13131|P28290_EQSSSTLKG|0.001
Q13131|P28290_RNGGSFEDD|0.0
Q13131|P28290_QKGRSMNST|0.64
Q13131|P28290_RSMNSTGSG|0.892
Q13131|P28290_SGKSSGTVS|0.002
Q13131|P28290_KSSGTVSSV|0.0
Q13131|P28290_RFFNSSSFA|0.0
Q13131|P28290_ENPNYALTS|0.0
Q13131|P28290_IGSMSSVTS|0.0
Q13131|P28290_GSMSSVTSN|0.0
Q13131|P28290_MSSVTSNKE|0.896
Q13131|P28290_SSVTSNKET|0.0
Q13131|P28290_SNKETDPPP|0.0
Q13131|P28290_PLTRSNTAN|0.0
Q13131|P28290_TRSNTANRL|0.0
Q13131|P28290_RLMKTLSKL|0.0
Q13131|P28290_MKTLSKLNL|0.964
Q13131|P28290_GESSSPSPS|0.0
Q13131|P28290_SSSPSPSAE|0.0
Q13131|P28290_KKKESSSML|0.847
Q13131|P28290_KESSSMLAT|0.0
Q13131|P28290_SMLATVKEE|0.0
Q13131|P28290_KEEVSGSSA|0.0
Q13131|P28290_ENADSDRIS|0.0
Q13131|P28290_LGEESGIVE|0.0
Q13131|P28290_GIVESKLDS|0.0
Q13131|P28290_DFNISSHSE|0.0
Q13131|P28290_SELKSVHIS|0.0
Q13131|P28290_VHISTPEKE|0.0
Q13131|P28290_HLLRTASQH|0.0
Q13131|P28290_LRTASQHSD|0.0
Q13131|P28290_AMGSSADSC|0.0
Q13131|P28290_EDLATPTAQ|0.0
Q13131|P28290_YFNESEEES|0.0
Q13131|P28290_DKRKSGSQD|0.702
Q13131|P28290_LREASAESD|0.0
Q13131|P28290_KSSESEFTQ|0.0
Q13131|P28290_EFTQYTTHH|0.0
Q13131|P28290_TQYTTHHIL|0.589
Q13131|P28290_HILKSLASI|0.055
Q13131|P28290_SENTTGPPS|0.0
Q13131|P28290_GPPSSMDRV|0.0
Q13131|P28290_MKVCSLSNQ|0.64
Q13131|P28290_VCSLSNQRM|0.0
Q13131|P28290_RMGRSLLKS|0.0
Q13131|P28290_LKQRYLFAK|0.0
Q13131|P28290_AKAGYPLRR|0.0
Q13131|P28290_QSLPTTLLS|0.0
Q13131|P28290_SLPTTLLSP|0.0
Q13131|P28290_VRVVSSVNV|0.949
Q13131|P28290_PGKETRCSP|0.0
Q13131|P28290_CSPPSFTYK|0.0
Q13131|P28290_PPSFTYKYT|0.0
Q13131|P28290_PSFTYKYTP|0.0
Q13131|P28290_FTYKYTPEE|0.0
Q13131|P28290_TYKYTPEEE|0.0
Q13131|P28290_HDGQSLVKS|0.0
Q13131|P28290_SLVKSTIFI|0.0
Q13131|P28290_ISPSSVKKE|0.0
Q13131|P28290_HHGRTPTCS|0.0
Q13131|P28290_TPTCSRLAP|0.0
Q13131|P28290_PPPMSQSTC|0.0
Q13131|P28290_MSQSTCSLH|0.0
Q13131|P28290_EHTRTLSTH|0.003
Q13131|P28290_TRTLSTHSV|0.0
Q13131|P28290_RTLSTHSVP|0.0
Q13131|P28290_LSTHSVPNI|0.127
Q13131|P28290_SAFASPFGC|0.0
Q13131|P28290_HRHATYPYR|0.0
Q13131|P28290_DIRNSLQNL|0.66
Q13131|P28290_NLSQYPMMR|0.0
Q13131|P28290_AAPYSTQKS|0.0
Q13131|P28290_STQKSSVLP|0.0
Q13131|P28290_VRMPSPFRS|0.0
Q13131|P28290_GMCGSRSAD|0.012
Q13131|P28290_SESSSVCSG|0.0
Q13131|P28290_CSGPSHANR|0.0
Q13131|P28290_GVPSTASVG|0.598
Q13131|P28290_VFRASVALT|0.103
Q13131|P28290_ALTPTAPSR|0.0
Q13131|P28290_GKLPSMPAA|0.0
Q13131|P28290_LAAVSSSKA|0.0
Q13131|Q8WYL5_TLQRSPTPS|0.59
Q13131|Q8WYL5_QRSPTPSAA|0.453
Q13131|Q8WYL5_AKLRSIMMS|0.832
Q13131|Q8WYL5_GVSRSASTV|0.651
Q13131|Q8WYL5_RSASTVIAY|0.517
Q13131|Q8WYL5_TVIAYAMKE|0.596
Q13131|Q8WYL5_KQKRSITRP|0.473
Q13131|Q8WYL5_KRSITRPNA|0.499
Q13131|Q8WYL5_MRQLSEYEG|0.499
Q13131|Q8WYL5_QLSEYEGIL|0.68
Q13131|Q8WYL5_WRQQTDSSL|0.747
Q13131|Q8WYL5_QQTDSSLQQ|0.952
Q13131|Q8WYL5_QTDSSLQQP|0.396
Q13131|Q8WYL5_PLLPSPEDE|0.509
Q13131|Q8WYL5_PEDETGSLV|0.151
Q13131|Q8WYL5_GRSGSLLQV|0.951
Q13131|Q8WYL5_QVEETEREE|0.977
Q13131|Q8WYL5_KVKPSYKSC|0.457
Q13131|Q8WYL5_VKPSYKSCA|0.474
Q13131|Q8WYL5_QHQESIIQL|0.91
Q13131|Q8WYL5_ERLKSVPAD|0.905
Q13131|Q8WYL5_RLEASIPEE|0.558
Q13131|Q8WYL5_AAPASLEGG|0.789
Q13131|Q8WYL5_LEGGSLKSP|0.663
Q13131|Q8WYL5_RLDHTSSFS|0.496
Q13131|Q8WYL5_DHTSSFSKD|0.625
Q13131|Q8WYL5_TICYTPTSS|0.49
Q13131|Q8WYL5_SSNLTRSSS|0.467
Q13131|Q8WYL5_NLTRSSSSD|0.789
Q13131|Q8WYL5_LTRSSSSDS|0.803
Q13131|Q8WYL5_RSSSSDSIH|0.49
Q13131|Q8WYL5_SSSDSIHSV|0.901
Q13131|Q8WYL5_DSIHSVRGK|0.839
Q13131|Q8WYL5_GLTVSSPLK|0.778
Q13131|Q8WYL5_EPQGTPRDP|0.593
Q13131|Q8WYL5-2_WHTPSLPSH|0.0
Q13131|Q76I76_SEADSGEEE|0.002
Q13131|Q76I76_SISESFLTV|0.014
Q13131|Q76I76_TPRISHRRN|0.004
Q13131|Q76I76_GVSRSASTV|0.004
Q13131|Q76I76_SRSASTVIA|0.671
Q13131|Q76I76_RSASTVIAY|0.0
Q13131|Q76I76_TVIAYAMKE|0.013
Q13131|Q76I76_AMKEYGWNL|0.001
Q13131|Q76I76_LDRAYDYVK|0.003
Q13131|Q76I76_RAYDYVKER|0.075
Q13131|Q76I76_KLWRSHSDS|0.092
Q13131|Q76I76_SHSDSDLSD|0.541
Q13131|Q76I76_DSDLSDHHE|0.047
Q13131|Q76I76_KDITTSADQ|0.002
Q13131|Q76I76_IDFFSALEK|0.0
Q13131|Q76I76_LSQETRSRS|0.015
Q13131|Q76I76_SRSFSHSRM|0.0
Q13131|Q76I76_SCRLSVVEV|0.196
Q13131|Q76I76_DDQRSSSLS|0.0
Q13131|Q76I76_KEIVTEIES|0.0
Q13131|Q76I76_TEIESISQG|0.0
Q13131|Q76I76_IESISQGVG|0.0
Q13131|Q76I76_NPCHTPKKN|0.002
Q13131|Q76I76_PKKNSIHEL|0.569
Q13131|Q76I76_ERAQTPENK|0.261
Q13131|Q76I76_VRRATLEFE|0.526
Q13131|Q76I76_TRKNSKNDS|0.548
Q13131|Q76I76_EPEMSKGKG|0.0
Q13131|Q76I76_SADLSLISK|0.164
Q13131|Q76I76_QAGLTKPSQ|0.002
Q13131|Q76I76_LTKPSQMRR|0.0
Q13131|Q76I76_RRSASLAKL|0.0
Q13131|Q76I76_ASCESPHLK|0.0
Q13131|Q76I76_LRTDSGMHA|0.0
Q13131|Q76I76_KEFGSSQQY|0.0
Q13131|Q76I76_SSQQYLLPR|0.391
Q13131|Q8TE77_MALVTVSRS|0.678
Q13131|Q8TE77_SPPGSGAST|0.0
Q13131|Q8TE77_GSGASTPVG|0.0
Q13131|Q8TE77_SGASTPVGP|0.352
Q13131|Q8TE77_EKAPSEEEL|0.695
Q13131|Q8TE77_HGDQTDFGQ|0.0
Q13131|Q8TE77_LRPPSAEPG|0.103
Q13131|Q8TE77_SDLESVTSK|0.0
Q13131|Q8TE77_LESVTSKEI|0.0
Q13131|Q8TE77_ESVTSKEIR|0.0
Q13131|Q8TE77_WDEESAQLL|0.0
Q13131|Q8TE77_VGGVSPEEH|0.0
Q13131|Q8TE77_LLEPSLELE|0.0
Q13131|Q8TE77_KSRQSVVTL|0.953
Q13131|Q8TE77_QSVVTLQGS|0.0
Q13131|Q8TE77_PCISSTPRF|0.0
Q13131|Q8TE77_CISSTPRFR|0.0
Q13131|Q8WWF3_KDEGSGTST|0.0
Q13131|Q8WWF3_SWKESESEH|0.0
Q13131|O43805_ILESSQTLL|0.0
Q13131|Q14714_AHHYSQLTQ|0.0
Q13131|A2VEC9_GLTRSPAPG|0.0
Q13131|A2VEC9_LCPIYKPPE|0.0
Q13131|A2VEC9_KPPETRPAK|0.0
Q13131|A2VEC9_CRQRYVPGD|0.0
Q13131|A2VEC9_RLEGTVVHM|0.002
Q13131|A2VEC9_TRPVSPGPA|0.0
Q13131|A2VEC9_CLDGSDERH|0.0
Q13131|A2VEC9_MWLPSLPAL|0.0
Q13131|A2VEC9_TRGSSRSLM|0.342
Q13131|A2VEC9_MEFSTCGLQ|0.0
Q13131|A2VEC9_ELGATIGDP|0.0
Q13131|A2VEC9_DELDSGQTL|0.0
Q13131|A2VEC9_DSGQTLRTS|0.0
Q13131|A2VEC9_QCVLTMPTL|0.0
Q13131|P43307_EPEASPSAD|0.0
Q13131|P43307_ATFEYSFIP|0.0
Q13131|P43307_DVDMSWIPQ|0.0
Q13131|P43307_AQKRSVGSD|0.0
Q13131|P43307_RSVGSDE__|0.001
Q13131|P43308_LWYSSKRKY|0.0
Q13131|Q9UNL2_LQDFSRNLS|0.088
Q13131|Q9UNL2_NRKMSRKEK|0.54
Q13131|Q9UNL2_SISASSGLI|0.438
Q13131|Q9UNL2_IALLSTGSK|0.466
Q13131|Q9UNL2_ALLSTGSK_|0.441
Q13131|Q9UNL2_LSTGSK___|0.362
Q13131|P51571_LLLLSSLSR|0.002
Q13131|P51571_NMALYADVG|0.02
Q13131|P51571_FDEESYSLL|0.0
Q13131|P51571_DEESYSLLR|0.0
Q13131|Q08945__MAETLEFN|0.692
Q13131|Q08945_AGELTEGIW|0.427
Q13131|Q08945_WNWGTVKFG|0.0
Q13131|Q08945_GQLLSFDIG|0.703
Q13131|Q08945_LQCLTPRGR|0.425
Q13131|Q08945_YEMVSRVMK|0.593
Q13131|Q08945_YKASSGLLY|0.824
Q13131|Q08945_FDEISFVNF|0.704
Q13131|Q08945_AMKEYEGGR|0.494
Q13131|Q08945_SSKSSSRQL|0.717
Q13131|Q08945_SKSSSRQLS|0.447
Q13131|Q08945_GENKSKKKR|0.421
Q13131|Q08945_ELASTPPSS|0.394
Q13131|Q08945_STPPSSEDS|0.0
Q13131|O60232_VDDFSWEPP|0.0
Q13131|O60232_QDRISRLMG|0.0
Q13131|O60232_LMGDYLLRG|0.449
Q13131|O60232_QELDSDVDK|0.0
Q13131|O60232_HQLASASEL|0.0
Q13131|P30872_SMVIYVILR|0.081
Q13131|P30872_LVTSTLLRH|0.001
Q13131|P30872_RLVLSVDAV|0.471
Q13131|P30872_FRNGTCTSR|0.0
Q13131|P30872_NGTCTSRIT|0.0
Q13131|P30874_TLVIYVILR|0.097
Q13131|P30874_VILRYAKMK|0.477
Q13131|P30874_LTVMSIDRY|0.002
Q13131|P30874_RLNETTETQ|0.748
Q13131|P30874_LNETTETQR|0.057
Q13131|P30874_ETTETQRTL|0.688
Q13131|P30874_ETQRTLLNG|0.787
Q13131|P32745_SVDRYLAVV|0.0
Q13131|P32745_VALPYANSC|0.0
Q13131|P31391_PLTRTTTF_|0.0
Q13131|P35346_VHPLSSARW|0.0
Q13131|P35346_HPLSSARWR|0.0
Q13131|P35346_VRRRSERKV|0.386
Q13131|P35346_ERKVTRMVL|0.901
Q13131|P35346_QQEATPPAH|0.008
Q13131|Q9Y2M2-1___MPSPVGL|0.0
Q13131|Q9Y2M2-1_YRLETFSES|0.0
Q13131|Q9Y2M2-1_FTNHSVDGP|0.0
Q13131|Q9Y2M2-1_HGAGTVRCP|0.0
Q13131|Q9Y2M2-1_KTYVYYIYG|0.0
Q13131|Q9Y2M2-1_TYVYYIYGT|0.0
Q13131|Q9Y2M2-1_VYYIYGTDH|0.0
Q13131|Q9Y2M2-1_YPERYCCGC|0.0
Q13131|Q16384_DDIATYFSK|0.0
Q13131|Q16384_KKMKYSEKI|0.0
Q13131|Q16384_EKISYVYMK|0.022
Q13131|Q16384_ISYVYMKRN|0.0
Q13131|Q16385_KMKASEKIF|0.0
Q13131|Q16385-2_KPTTSEKIH|0.0
Q13131|Q16385-2_RFSLSTSMG|0.0
Q13131|Q16385-2_FSLSTSMGA|0.0
Q13131|Q9Y2D8_SESKTISQY|0.0
Q13131|Q9Y2D8_LQSCYSKLK|0.0
Q13131|Q9Y2D8_DILNYVGRA|0.367
Q13131|Q9Y2D8_AFSGSSDWD|0.0
Q13131|Q9Y2D8_VSNGSPVCM|0.262
Q13131|Q9Y2D8_ASPSTSDFC|0.0
Q13131|Q9Y2D8_SRPGSQEGC|0.505
Q13131|Q99909_YEEISDPEE|0.0
Q13131|O60224_IVYVYMKLN|0.465
Q13131|O60224_YEVMTKLGF|0.0
Q13131|Q7RTT5_EKISYVYMK|0.021
Q13131|Q7RTT5_YEEISDPEE|0.0
Q13131|Q7RTT3_EKIIYVYMK|0.0
Q13131|Q7RTT3_IIYVYMKRK|0.0
Q13131|Q7RTT3_YEEISDPEE|0.0
Q13131|O60225_IIYVYMKRK|0.0
Q13131|O60225_GKLNTSEKV|0.0
Q13131|Q9Y5Y6_KLLYSGVPF|0.0
Q13131|Q9Y5Y6_GFPDSPYPA|0.0
Q13131|Q9Y5Y6_LPRMSSCGG|0.0
Q13131|Q9Y5Y6_PRMSSCGGR|0.0
Q13131|Q9Y5Y6_CGDGSDEAS|0.0
Q13131|Q9Y5Y6_SDEASCPKV|0.004
Q13131|Q9Y5Y6_KEDCSDGSD|0.0
Q13131|Q9Y5Y6_CSDGSDEKD|0.0
Q13131|O60284_KTLRTRSKG|0.0
Q13131|O60284_LRTRSKGTE|0.0
Q13131|O60284_VPMDSLIQE|0.0
Q13131|O60284_IQELSVAYD|0.0
Q13131|O60284_LSVAYDCSM|0.0
Q13131|O60284_NKRKSLLMK|0.842
Q13131|O60284_PMDESLLST|0.0
Q13131|O60284_AQENSSRKE|0.047
Q13131|O60284_QENSSRKED|0.0
Q13131|O60284_PHHRSLSGC|0.0
Q13131|O60284_HRSLSGCPH|0.0
Q13131|O60284_QGRKTPPFP|0.0
Q13131|O60284_ASIPSPKPK|0.0
Q13131|O60284_GCDGSGHVT|0.0
Q13131|O60284_SGHVTGNYA|0.172
Q13131|O60284_VTGNYASHR|0.0
Q13131|O60284_ASHRSLSGC|0.083
Q13131|O60284_ISGKYTSHR|0.0
Q13131|O60284_SGKYTSHRT|0.0
Q13131|O60284_MKLQTQITS|0.0
Q13131|Q9HBF5_IANTYFYF_|0.0
Q13131|Q16842_IRFTYAPVK|0.545
Q13131|Q11203_PALDSLRCR|0.005
Q13131|Q11203_LANKSLGSR|0.75
Q13131|Q11203_RPEQYERDS|0.008
Q13131|Q11203_KWLKYIVYK|0.0
Q13131|Q11203_KYIVYKERV|0.917
Q13131|Q11206_VLAITSSSI|0.0
Q13131|Q11206_HWIETILSD|0.001
Q13131|Q11206_SMAGSGHNV|0.0
Q13131|Q11206_GHNVSQEAL|0.0
Q13131|Q9UNP4_PSEYTYVKL|0.0
Q13131|Q9UNP4_SEYTYVKLR|0.0
Q13131|Q9UNP4_KKMHYVDPD|0.0
Q13131|Q9UNP4-3_VKLRSDCSR|0.0
Q13131|Q9UNP4-3_RSDCSRPSL|0.0
Q13131|Q9Y274_NKNAYHNVT|0.0
Q13131|Q9Y274_YHNVTAEQL|0.04
Q13131|Q96JF0_KEFFSSQVG|0.0
Q13131|Q96JF0_EFFSSQVGR|0.0
Q13131|Q96JF0_DPAPYSANL|0.0
Q13131|Q96JF0_PAPYSANLN|0.0
Q13131|Q96JF0_NPPSSGFIG|0.0
Q13131|Q9NSC7_AGMASGRTE|0.006
Q13131|Q9NSC7_TEAQSWKSQ|0.0
Q13131|Q9NSC7_GKAATTAKT|0.0
Q13131|Q9NSC7_LIPKSQHRM|0.124
Q13131|Q9NSC7_QKGVTTAVI|0.0
Q13131|Q9NSC7_KGVTTAVIP|0.0
Q13131|Q9NSC7_VFRLSGALI|0.532
Q13131|Q9NSC7_RLIFYINHD|0.0
Q13131|Q9UJ37_AVQRYPGPA|0.056
Q13131|Q9UJ37_ASTLSLLNG|0.003
Q13131|Q9UJ37_LLNGSESAK|0.0
Q13131|Q9H4F1_LLQLTRMYP|0.001
Q13131|Q9H4F1_TGWFTMILA|0.0
Q13131|Q9BVH7_LLNVSQGTV|0.469
Q13131|Q9BVH7_FWGPSSYMR|0.0
Q13131|Q9BVH7_GRKGSHHRF|0.668
Q13131|Q9NRC1_RRGLSTAEM|0.547
Q13131|Q9NRC1_RGLSTAEMN|0.0
Q13131|Q8TDW4_VLAKYDDIS|0.0
Q13131|Q8TDW4_YDDISLPKS|0.295
Q13131|Q8TDW4_SLPKSAAIC|0.0
Q13131|Q8TDW4_AAICYTAAL|0.0
Q13131|Q8TDW4_AICYTAALL|0.0
Q13131|Q92185_AKRLSTGLF|0.0
Q13131|Q92185_KRLSTGLFL|0.0
Q13131|Q92186_AVRGYWLTN|0.0
Q13131|Q92186_GYWLTNKVH|0.0
Q13131|Q92186_ASPHTMPLE|0.0
Q13131|Q92186_KALKSLHEQ|0.0
Q13131|O43173_NIFTTPKYA|0.0
Q13131|O43173_PKYASPGAP|0.0
Q13131|O43173_LPDVSPIMN|0.0
Q13131|O43173_TFNPSILEK|0.0
Q13131|O43173_NKHLSPKRL|0.0
Q13131|Q92187_VHRLSMLND|0.0
Q13131|Q92187_LKVRTAYPS|0.0
Q13131|Q92187_AVRGYWLTN|0.0
Q13131|Q92187_GYWLTNKVP|0.0
Q13131|O15466___MRYADPS|0.0
Q13131|O15466_YADPSANRD|0.0
Q13131|O15466_YFEFYEGPF|0.0
Q13131|O15466_DMPYYRSQF|0.0
Q13131|O15466_TVNPSIITE|0.0
Q13131|O15466_PSIITERFH|0.0
Q13131|Q9NY15_QFTKYSYKY|0.0
Q13131|Q9NY15_TKYSYKYKD|0.0
Q13131|Q9NY15_YSYKYKDQP|0.0
Q13131|Q9NY15_TFNIYKANN|0.519
Q13131|Q9NY15_APSGTPGDP|0.0
Q13131|Q9NY15_VFAPSNEAV|0.0
Q13131|Q9NY15_EAVDSLRDG|0.382
Q13131|Q9NY15_HKGWSGDGR|0.0
Q13131|Q9NY15_DRRVTALVP|0.0
Q13131|Q9NY15_ALVPSEAAV|0.0
Q13131|Q9NY15_LQPRTLPNL|0.006
Q13131|Q9NY15_GEALSMETL|0.0
Q13131|Q9NY15_LSMETLRKG|0.0
Q13131|Q9NY15_LTVGSSRCL|0.164
Q13131|Q9NY15_TVGSSRCLH|0.0
Q13131|Q9NY15_SFSCSRTRA|0.0
Q13131|Q8WWQ8_TECRSCALN|0.0
Q13131|Q8WWQ8_CPDGYTMIT|0.0
Q13131|Q8WWQ8_QGRLTSFIS|0.499
Q13131|Q8WWQ8_GRLTSFISL|0.0
Q13131|Q8WWQ8_LDKAYAWPL|0.0
Q13131|Q8WWQ8_ALIKYHMLL|0.0
Q13131|Q8WWQ8_MLLGTYRVA|0.0
Q13131|Q8WWQ8_LLGTYRVAD|0.307
Q13131|Q8WWQ8_DGNITIEGA|0.0
Q13131|Q8WWQ8_IEGASIVDG|0.003
Q13131|Q8WWQ8_DNAATNGVI|0.598
Q13131|Q8WWQ8_RLTGSLPNL|0.339
Q13131|Q8WWQ8_CRTCSSELT|0.47
Q13131|Q8WWQ8_FGTKSLGNE|0.0
Q13131|Q8WWQ8_CKPNYIGDG|0.009
Q13131|Q8WWQ8_AKIISSDII|0.0
Q13131|Q8WWQ8_NLLITPKDN|0.024
Q13131|Q8WWQ8_SQKGTKVSC|0.0
Q13131|Q8WWQ8_GTKVSCSCQ|0.0
Q13131|Q8WWQ8_KVSCSCQKG|0.3
Q13131|Q8WWQ8_PFTDSEERQ|0.0
Q13131|Q99469_SPASTSSQE|0.0
Q13131|Q99469_KRSLSFKTK|0.0
Q13131|Q99469_LRSKSADNF|0.722
Q13131|Q99469_RRYYSSPLL|0.017
Q13131|Q99469_LAQRTKKGS|0.0
Q13131|Q99469_SGSDSPHRT|0.0
Q13131|Q6ZMT1_AATHSPPGT|0.0
Q13131|Q6ZMT1_KRSLSLKTI|0.0
Q13131|Q6ZMT1_LTPPTPLPP|0.0
Q13131|Q6ZMT1_LPPPSPPPT|0.0
Q13131|Q6ZMT1_RGLATPSPS|0.359
Q13131|Q6ZMT1_LATPSPSPC|0.0
Q13131|Q6ZMT1_TPSPSPCPV|0.0
Q13131|Q6ZMT1_VRLHSFQEH|0.078
Q13131|Q6ZMT1_FKRASPCEL|0.0
Q13131|Q6ZMT1_IVGNSKQGL|0.521
Q13131|Q6ZMT1_RRNFSSPLL|0.627
Q13131|Q6ZMT1_RNFSSPLLV|0.011
Q13131|Q6ZMT1_TSKESPPTG|0.0
Q13131|Q6ZMT1_MNRSSFSST|0.0
Q13131|Q6ZMT1_SSFSSTSES|0.0
Q13131|Q6ZMT1_SFSSTSESP|0.0
Q13131|Q6ZMT1_STSESPTRS|0.0
Q13131|Q6ZMT1_SPTRSLSER|0.0
Q13131|Q6ZMT1_TRSLSERDE|0.007
Q13131|Q6ZMT1_RDELTEDGE|0.0
Q13131|Q6ZMT1_DGEGSIRSS|0.0
Q13131|Q6ZMT1_PEEKSPGQQ|0.0
Q13131|Q6ZMT1_VGPMYSYVA|0.0
Q13131|Q6ZMT1_YVALYKFLP|0.0
Q13131|Q6ZMT1_QGYMSLKEN|0.0
Q13131|Q6ZMT1_VDALTEI__|0.0
Q13131|Q96MF2_LRKGSTGTK|0.0
Q13131|Q96MF2_GSTGTKEME|0.0
Q13131|Q96MF2_ETLRTGVIM|0.0
Q13131|Q8WVM7_TNETTAHSD|0.143
Q13131|Q8WVM7_TTAHSDAGS|0.528
Q13131|Q8WVM7_IRKMTEEFD|0.0
Q13131|Q8WVM7_FDEDSGDYP|0.0
Q13131|Q8WVM7_DSGDYPLTM|0.0
Q13131|Q8WVM7_DYPLTMPGP|0.0
Q13131|Q8WVM7_RNKLTEHFI|0.0
Q13131|Q8WVM7_HFIITLPML|0.0
Q13131|Q8WVM7_DGSPSKEDL|0.0
Q13131|Q8WVM7_QQCLSNVNT|0.0
Q13131|Q8WVM7_IFKHYMKYY|0.0
Q13131|Q8WVM7_HYMKYYNDY|0.0
Q13131|Q8WVM7_YMKYYNDYG|0.386
Q13131|Q8WVM7_YYNDYGDII|0.001
Q13131|Q8WVM7_TVHSYLEKF|0.0
Q13131|Q8WVM7_SYRNSLVTG|0.364
Q13131|Q8WVM7_NSLVTGGED|0.001
Q13131|Q8WVM7_LRENSRPMG|0.009
Q13131|Q8WVM7_RKDRTGMNY|0.096
Q13131|Q8WVM7_IEDDSGFGM|0.013
Q13131|Q8N3U4_KGVVTAEMF|0.0
Q13131|Q8N3U4_KKFKSSFCE|0.0
Q13131|Q8N3U4_KFKSSFCEF|0.0
Q13131|Q8N3U4_GEFLYKKLF|0.12
Q13131|Q8N3U4_EIYTTGRLE|0.0
Q13131|Q8N3U4_EDDAYQVLS|0.0
Q13131|Q8N3U4_LAKITESSS|0.0
Q13131|Q8N3U4_QYMKYYNDY|0.013
Q13131|Q8N3U4_YMKYYNDYG|0.009
Q13131|Q8N3U4_YYNDYGDII|0.0
Q13131|Q8N3U4_SYRNSLLAG|0.0
Q13131|Q8N3U4_SREQTLHTP|0.0
Q13131|Q8N3U4_VMMQTPQLT|0.0
Q13131|Q8N3U4_MDFDTMDID|0.012
Q13131|Q8N3U4_FDPASIMDE|0.0
Q13131|Q8N3U4_VLGVSMF__|0.057
Q13131|Q9UJ98_NQRQYEAER|0.0
Q13131|Q9UJ98_ERLESLLEK|0.0
Q13131|Q9UJ98_AFYNTHDLT|0.0
Q13131|Q9UJ98_KQLSSLRDR|0.0
Q13131|Q9UJ98_EDVSSSQEE|0.0
Q13131|Q9UJ98_EEDGSELDF|0.0
Q13131|P0CL83__MIFSMLRK|0.849
Q13131|P0CL83_NRDLTARLE|0.641
Q13131|P0CL83_LELFTGRFK|0.003
Q13131|P0CL83_QLLLSFFVE|0.0
Q13131|P0CL84__MIFSMLRK|0.011
Q13131|P0CL85__MIFSMLRK|0.001
Q13131|Q8TBR4_DSGDYPLTA|0.0
Q13131|Q8TBR4_APGLSWKKF|0.0
Q13131|Q8TBR4_ERLESLLEK|0.0
Q13131|Q92783_RDFASEVSN|0.0
Q13131|Q92783_AIELSLKEQ|0.0
Q13131|Q92783_TTLSTLYPS|0.0
Q13131|Q92783_TLYPSTSSL|0.0
Q13131|Q92783_LYPSTSSLL|0.0
Q13131|Q92783_YPSTSSLLT|0.0
Q13131|Q92783_PSTSSLLTN|0.0
Q13131|Q92783_SSLLTNHQH|0.221
Q13131|Q92783_DRKHSELSE|0.011
Q13131|Q92783_ALSLYTKLM|0.491
Q13131|Q92783_LSLYTKLMN|0.0
Q13131|Q92783_DPMYSMYAK|0.001
Q13131|O75886_DPQFSLISA|0.0
Q13131|O75886_AKNGTSSNK|0.142
Q13131|O75886_KNGTSSNKN|0.0
Q13131|O75886_NGTSSNKNK|0.0
Q13131|O75886_AIELSLQEQ|0.0
Q13131|O75886_TETKSLYPS|0.0
Q13131|O75886_DRKHSELSE|0.013
Q13131|O75886_YSVYSKLHP|0.677
Q13131|O75886_VAQSYSLGP|0.0
Q13131|Q96FJ0_DQPFTVNSL|0.0
Q13131|Q96FJ0_FTVNSLKKL|0.0
Q13131|Q96FJ0_GCNITISED|0.0
Q13131|Q96FJ0_SEDITPRRY|0.034
Q13131|Q96FJ0_LLKKYNVEY|0.035
Q13131|Q96FJ0_NRALTPAAT|0.0
Q13131|Q9ULZ2_RLKITALPL|0.519
Q13131|Q9ULZ2_ALPLYFEGF|0.0
Q13131|Q9ULZ2_GYREYEHYW|0.001
Q13131|Q9ULZ2_EYEHYWTEL|0.0
Q13131|Q9ULZ2_TLFFYTDKK|0.0
Q13131|Q9UGK3_VSVTTRQMH|0.684
Q13131|Q9UGK3_VVRHYKVKR|0.667
Q13131|Q9UGK3_KVLGYVEAD|0.526
Q13131|Q9UGK3_PAPCTGGPK|0.0
Q13131|Q9UGK3_PKPLSPASS|0.188
Q13131|Q9UGK3_LADMTAELQ|0.045
Q13131|P49675_SLLGSRLEE|0.002
Q13131|P49675_AGMATDFGN|0.0
Q13131|Q9Y365_KLAASTEPQ|0.0
Q13131|Q9Y365_LGRESVQVP|0.0
Q13131|Q9Y365_KKWDSNVIE|0.0
Q13131|Q9Y365_MGADYIIMN|0.099
Q13131|Q9Y365_IIMNYSVKH|0.0
Q13131|Q9Y365_KHPKYPPRK|0.0
Q13131|Q9Y365_VRAVSIQTG|0.0
Q13131|Q9Y365_VVNKSSQFL|0.0
Q13131|Q9Y365_MKKMYKACL|0.006
Q13131|Q9Y365_SDDDTSLT_|0.002
Q13131|Q9Y365_DDDTSLT__|0.045
Q13131|Q9Y365_DTSLT____|0.037
Q13131|Q9Y3M8___MFSQVPR|0.0
Q13131|Q9Y3M8_TTRRSPYRM|0.005
Q13131|Q9Y3M8_RRSPYRMSR|0.0
Q13131|Q9Y3M8_PYRMSRILA|0.0
Q13131|Q9Y3M8_NKCASMKLD|0.003
Q13131|Q9Y3M8_KGDDSDEED|0.0
Q13131|Q9Y3M8_DLCISNKWT|0.001
Q13131|Q9Y3M8_SRRWSRVDD|0.0
Q13131|Q9Y3M8_VDDLYTLLP|0.434
Q13131|Q9Y3M8_DDLYTLLPR|0.0
Q13131|Q9Y3M8_DRNGSPGGT|0.062
Q13131|Q9Y3M8_DLQNSPPPA|0.0
Q13131|Q9Y3M8_SGESSPSEH|0.003
Q13131|Q9Y3M8_SGVSTPCLK|0.0
Q13131|Q9Y3M8_LSIESLSPT|0.533
Q13131|Q9Y3M8_IESLSPTDS|0.0
Q13131|Q9Y3M8_WRTGSISLG|0.489
Q13131|Q9Y3M8_CHRASRVSI|0.0
Q13131|Q9Y3M8_ASRVSIYDN|0.635
Q13131|Q9Y3M8_RVSIYDNVP|0.0
Q13131|Q9Y3M8_GSHLYASTG|0.007
Q13131|Q9Y3M8_HLYASTGDL|0.667
Q13131|Q9Y3M8_EGRTTPSDV|0.115
Q13131|Q9Y3M8_RTTPSDVER|0.006
Q13131|Q9Y3M8_DRRDSGVGA|0.602
Q13131|Q9Y3M8_GVGASLTRP|0.511
Q13131|Q9Y3M8_LRWNSFQLS|0.614
Q13131|Q9Y3M8_LKKESSPRV|0.0
Q13131|Q9Y3M8_KKESSPRVI|0.0
Q13131|Q9Y3M8_KGWVTCSST|0.035
Q13131|Q9Y3M8-4_KGDDSDEED|0.0
Q13131|Q9Y3M8-4_SRRWSRVDD|0.0
Q13131|Q9Y3M8-4_DLQNSPPPA|0.0
Q13131|Q9Y3M8-4_HEFHSQENL|0.0
Q13131|Q9Y3M8-4_PKALSIESL|0.228
Q13131|Q9Y3M8-4_LSIESLSPT|0.0
Q13131|Q9Y3M8-4_CHRASRVSI|0.0
Q13131|Q9Y3M8-4_HLYASTGDL|0.3
Q13131|Q9Y3M8-4_EGRTTPSDV|0.0
Q13131|Q9Y3M8-4_DRRDSGVGA|0.01
Q13131|Q9Y3M8-4_LRWNSFQLS|0.001
Q13131|Q14849_DLERSLPAV|0.0
Q13131|Q14849_SELLSKGAF|0.0
Q13131|Q14849_SGALSEGQF|0.512
Q13131|Q14849_SPPESFAGS|0.0
Q13131|Q14849-3_PGSLTSKSY|0.0
Q13131|O95772_RIESYEGRE|0.0
Q13131|O95772_EKQDSEKPL|0.0
Q13131|Q96DR4_MEGLSDVAS|0.0
Q13131|Q96DR4_EFNGYLYKA|0.0
Q13131|Q96DR4_NGYLYKAQG|0.0
Q13131|Q96DR4_DDLVYSIID|0.0
Q13131|Q9NSY2_AAQMSEAVA|0.0
Q13131|Q9NQZ5_LYSESSRRV|0.0
Q13131|Q9NQZ5_YSESSRRVL|0.0
Q13131|Q9NQZ5_VRRYSVDQE|0.0
Q13131|Q9NQZ5_VEHPSVPES|0.0
Q13131|Q92502_GRAPSSSDR|0.462
Q13131|Q92502_RAPSSSDRP|0.474
Q13131|Q92502_KHLESLRRK|0.615
Q13131|Q92502_TFPRSLSIE|0.988
Q13131|Q92502_LSIESLCPE|0.845
Q13131|Q92502_SRAMYPDLG|0.732
Q13131|Q92502_ERRDSGVGA|0.997
Q13131|Q92502_GVGASLTRP|0.931
Q13131|Q92502_KSKRSLIGR|0.49
Q13131|Q92502_QLCSSYSAA|0.436
Q13131|Q92502_LTSQYLMEP|0.976
Q13131|Q92502-2_DVFWSCFRK|0.002
Q13131|Q9P2P6_VHEASSRSH|0.051
Q13131|Q9P2P6_HEASSRSHA|0.002
Q13131|Q9P2P6_PSGTSSGGA|0.0
Q13131|Q9P2P6_SGTSSGGAP|0.47
Q13131|Q9P2P6_SPAHTSYSE|0.013
Q13131|Q9P2P6_HTSYSETMS|0.003
Q13131|Q9P2P6_SCRLTQGAV|0.662
Q13131|Q9P2P6_QRLCSKHMP|0.0
Q13131|Q9P2P6_HQMVSQGLA|0.33
Q13131|Q9P2P6_LQQKYLLEL|0.001
Q13131|Q9P2P6_VRVPSPPPR|0.378
Q13131|Q9P2P6_PKDSSEEFK|0.0
Q13131|Q9P2P6_NREPSGKKQ|0.643
Q13131|Q9P2P6_SPRQTDDTV|0.278
Q13131|Q9P2P6_ENKVTQKFP|0.734
Q13131|Q9P2P6_FPSLSQLCR|0.002
Q13131|Q9P2P6_GSVRSMAMG|0.995
Q13131|Q9P2P6_SHSQSGVPE|0.512
Q13131|Q9P2P6_GVPESIPLG|0.399
Q13131|Q9P2P6_TRTPSSADP|0.196
Q13131|Q9P2P6_RTPSSADPL|0.18
Q13131|Q9P2P6_DSPRSSAPV|0.0
Q13131|Q9P2P6_LDDGTTDHR|0.415
Q13131|Q9P2P6_DDGTTDHRH|0.668
Q13131|Q9P2P6_PMPSTLSHM|0.053
Q13131|Q9P2P6_PSTLSHMPT|0.554
Q13131|Q9P2P6_DFTTSWMSG|0.026
Q13131|Q9P2P6_DVSCSQKPQ|0.47
Q13131|Q9P2P6_DCLRSKPPL|0.123
Q13131|Q9P2P6_MHNLSLHLS|0.356
Q13131|Q9P2P6_ISLVYLVCN|0.667
Q13131|Q9P2P6_VCNTTLCAL|0.507
Q13131|Q9Y698_CIAASEFYK|0.0
Q13131|Q9Y698_TRIPSYRYR|0.0
Q13131|Q9Y698_RIPSYRYRY|0.0
Q13131|Q9Y698_RRSRSSSRS|0.0
Q13131|Q9Y698_RSRSSSRST|0.33
Q13131|Q9Y698_EPSHSRDAS|0.0
Q13131|P42224____MSQWYE|0.003
Q13131|P42224_LDDQYSRFS|0.705
Q13131|P42224_SMIIYSCLK|0.386
Q13131|P42224_HEIKSLEDL|0.545
Q13131|P42224_LQDEYDFKC|0.001
Q13131|P42224_REHETNGVA|0.763
Q13131|P42224_NERNTVKGF|0.749
Q13131|P42224_LGTHTKVMN|0.869
Q13131|P42224_KNAGTRTNE|0.068
Q13131|P42224_GPNASPDGL|0.891
Q13131|P42224_MGFISKERE|0.627
Q13131|P42224_KKELSAVTF|0.961
Q13131|P42224_LKYLYPNID|0.455
Q13131|P42224_GPKGTGYIK|0.0
Q13131|P42224_GYIKTELIS|0.652
Q13131|P42224_LISVSEVHP|0.618
Q13131|P42224_EVHPSRLQT|0.649
Q13131|P42224_RIVGSVEFD|0.963
Q13131|P42224_VEFDSMMNT|0.307
Q13131|P52630_QNLDSPFQD|0.081
Q13131|P52630_PVLETPVES|0.006
Q13131|P52630_GKTPSLDPH|0.793
Q13131|P52630_QKTLTPEKG|0.35
Q13131|P52630_KKTMSGTFL|0.936
Q13131|P52630_TMSGTFLLR|0.655
Q13131|P52630_SVQPYTKEV|0.267
Q13131|P52630_LIVVSNRQV|0.412
Q13131|P52630_VDEVYVSRP|0.0
Q13131|P52630_PLMPSDF__|0.001
Q13131|P40763_SNVLYQHNL|0.002
Q13131|P40763_FDFNYKTLK|0.0
Q13131|P40763_KTLKSQGDM|0.0
Q13131|P40763_GNNQSVTRQ|0.0
Q13131|P40763_NQSVTRQKM|0.003
Q13131|P40763_QKTLTDEEL|0.0
Q13131|P40763_NCDASLIVT|0.0
Q13131|P40763_LHLITFETE|0.0
Q13131|P40763_ETEVYHQGL|0.0
Q13131|P40763_GVNYSGCQI|0.373
Q13131|P40763_KPPGTFLLR|0.168
Q13131|P40763_ISGKTQIQS|0.0
Q13131|P40763_TQIQSVEPY|0.0
Q13131|P40763_VEPYTKQQL|0.0
Q13131|P40763_ADPGSAAPY|0.0
Q13131|P40763_PYLKTKFIC|0.0
Q13131|P40763_TCSNTIDLP|0.002
Q13131|P40763-2_CRPESQEHP|0.0
Q13131|P40763-2_PYLKTKFIC|0.0
Q13131|Q14765_PLEKSLQSS|0.0
Q13131|Q14765_SSSVSERQR|0.478
Q13131|Q14765_EEQSTKMTY|0.405
Q13131|Q14765_STKMTYEGD|0.022
Q13131|Q14765_TKMTYEGDP|0.016
Q13131|Q14765_PMQRTHMLE|0.422
Q13131|Q14765_KVKASIDKN|0.467
Q13131|Q14765_KNVSTLSNR|0.197
Q13131|Q14765_VSTLSNRRF|0.623
Q13131|Q14765_VKAMSIEES|0.0
Q13131|Q14765_SSNGSLSVE|0.4
Q13131|Q14765_NGSLSVEFR|0.764
Q13131|Q14765_ILRDYKVIM|0.928
Q13131|Q14765_TEPHSPSDL|0.189
Q13131|Q14765_RENLSPTTI|0.688
Q13131|Q14765_TAMKSPYSA|0.018
Q13131|Q14765_MKSPYSAE_|0.0
Q13131|Q14765_KSPYSAE__|0.243
Q13131|P42229_MQVLYGQHF|0.515
Q13131|P42229_RHILYNEQR|0.926
Q13131|P42229_ANNCSSPAG|0.224
Q13131|P42229_RKQQTIILD|0.465
Q13131|P42229_QVKATIISE|0.542
Q13131|P42229_ATIISEQQA|0.052
Q13131|P42229_LKPFTTRDF|0.0
Q13131|P42229_KPFTTRDFS|0.008
Q13131|P42229_SYLIYVFPD|0.0
Q13131|P42229_RPMDSLDSR|0.732
Q13131|P42229_DSLDSRLSP|0.862
Q13131|P42229_SARGSLS__|0.826
Q13131|P42229_RGSLS____|0.538
Q13131|P51692_GHYATQLQN|0.474
Q13131|P51692_RHILYNEQR|0.965
Q13131|P51692_RKQQTIILD|0.527
Q13131|P51692_QVKATIISE|0.576
Q13131|P51692_ATIISEQQA|0.277
Q13131|P51692_TRNDYSGEI|0.44
Q13131|P51692_GDLNYLIYV|0.059
Q13131|P51692_VYSKYYTPV|0.001
Q13131|P51692_CESATAKAV|0.471
Q13131|P51692_PHAQS____|0.909
Q13131|P42226____MSLWGL|0.426
Q13131|P42226_VLDLTKRCL|0.463
Q13131|P42226_SGGGSLGAQ|0.401
Q13131|P02808_EQPLYPQPY|0.0
Q13131|O95793____MSQVQV|0.025
Q13131|O95793_YPPRYFYPF|0.0
Q13131|O95793_PRYFYPFPV|0.0
Q13131|O95793_VTKVSVGEF|0.003
Q13131|O95793_VKPQTSPEY|0.684
Q13131|O95793_TSPEYGQGI|0.0
Q13131|O95793_YTLLTERGL|0.09
Q13131|O95793_SEEKTPIKK|0.0
Q13131|O95793_LYGGTSPTA|0.0
Q13131|O95793_GTSPTAETI|0.0
Q13131|O95793_EQLDYLSRV|0.0
Q13131|O95793_FQVEYKDFP|0.0
Q13131|O95793_LKLLSELDQ|0.0
Q13131|O95793_NGPMSVCGR|0.0
Q13131|O95793-2_SRMQSTYNY|0.0
Q13131|O95793-2_RMQSTYNYN|0.0
Q13131|Q9NUL3_PGSITPTVE|0.001
Q13131|Q9NUL3_EPAIYRPLD|0.36
Q13131|Q9NUL3_YNQRYHCPV|0.0
Q13131|Q9NUL3_QNGESGKDV|0.677
Q13131|Q9NUL3_RAATTVLQE|0.423
Q13131|Q9NUL3_AGPEYGQGM|0.0
Q13131|Q9NUL3_KEPDYVLLS|0.0
Q13131|Q9NUL3_SPDVYQEME|0.121
Q13131|Q9NUL3_HKVISGTTL|0.805
Q13131|Q9NUL3_TTLGYLSPK|0.168
Q13131|Q9NUL3_NQPSSSFFS|0.0
Q13131|Q9NUL3_MNGTSSTAE|0.0
Q13131|Q9NUL3_NGTSSTAEA|0.0
Q13131|Q9NUL3_GLKGSSPTP|0.653
Q13131|Q9NUL3_KQLEYLARI|0.0
Q13131|P52823_AKFDTQGKA|0.0
Q13131|O76061_GPSGSSEWE|0.53
Q13131|Q9UHE8_KWMLTRKQF|0.0
Q13131|Q9UHE8_LHAIYSLSY|0.0
Q13131|Q9UHE8_MRRSYRYKL|0.345
Q13131|Q9UHE8_RMEIYVSLG|0.208
Q13131|Q9UHE8_EIYVSLGIV|0.0
Q13131|Q6NZ63_LHAIYTLSY|0.0
Q13131|Q6NZ63_RMEIYVSLG|0.0
Q13131|Q6NZ63_EIYVSLGIV|0.0
Q13131|Q8NFT2_GSPKSLSET|0.071
Q13131|Q8NFT2_IDLGSLSSA|0.263
Q13131|Q8NFT2_GMGGTIPHV|0.105
Q13131|Q658P3_DFARSLATR|0.0
Q13131|Q658P3_FPTCTVVKA|0.0
Q13131|Q658P3_RGTKYQRFP|0.307
Q13131|Q658P3_RAHRYDLVN|0.003
Q13131|Q658P3_ERESTIKFT|0.0
Q13131|Q658P3_FTLPTDHAL|0.528
Q13131|Q687X5_DFGRSLGLK|0.014
Q13131|Q687X5_TLLPSGAEV|0.211
Q13131|Q687X5_NLGLTPMDQ|0.323
Q13131|Q687X5_MDQGSLMAA|0.156
Q13131|Q687X5_RDVIYPYVY|0.178
Q13131|Q687X5_KRFLSPSNL|0.24
Q13131|Q9H5V9_DREEYDDGE|0.257
Q13131|Q9H5V9_EDEETMYLR|0.001
Q13131|Q9H5V9_EETMYLRRP|0.369
Q13131|Q9H5V9_KTNIYTQKQ|0.002
Q13131|Q9H5V9_TNIYTQKQE|0.481
Q13131|Q9H5V9_VADSYAQNA|0.434
Q13131|Q9H5V9_RKGMSKRRL|0.81
Q13131|P54829_PSPPSDPAQ|0.0
Q13131|P54829_DRRQSVSRQ|0.867
Q13131|P54829_ISLKSGTEE|0.0
Q13131|P54829-3_DRRQSVSRQ|0.015
Q13131|P54829-3_ERRGSNVSL|0.39
Q13131|Q13285_QKCLTVGMR|0.592
Q13131|Q8IWL8_ARDRTLSLA|0.0
Q13131|Q8IWL8_DRTLSLAWE|0.0
Q13131|Q8IWL8_WEVASLLTL|0.0
Q13131|P31948_NHVLYSNRS|0.782
Q13131|P31948_HVLYSNRSA|0.858
Q13131|P31948_RSAAYAKKG|0.0
Q13131|P31948_KKGDYQKAY|0.022
Q13131|P31948_YQKAYEDGC|0.0
Q13131|P31948_AKRTYEEGL|0.821
Q13131|P31948_PRTRTLLSD|0.554
Q13131|P31948_RTLLSDPTY|0.81
Q13131|P31948_SDPTYRELI|0.0
Q13131|P31948_TNMTYITNQ|0.344
Q13131|P31948_QAAVYFEKG|0.358
Q13131|P31948_EKGDYNKCR|0.0
Q13131|P31948_AMKHYTEAI|0.041
Q13131|P31948_MKHYTEAIK|0.256
Q13131|P31948_AMKDYTKAM|0.139
Q13131|P31948_AADGYQRCM|0.463
Q13131|Q15468_EEGVTLTVD|0.428
Q13131|Q15468_GVTLTVDRF|0.019
Q13131|Q15468_VDDFSSALK|0.004
Q13131|Q15468_DDFSSALKA|0.529
Q13131|Q15468_CSKDSLDCG|0.002
Q13131|Q15468_THIYSPQVW|0.147
Q13131|Q15468_TSKETLHLF|0.712
Q13131|Q15468_SKNFSIKRS|0.003
Q13131|Q15468_DEDFSPRPI|0.052
Q13131|Q15468_RPIPSPHPV|0.532
Q13131|Q15468_QPQLYDEKH|0.326
Q13131|Q15468_DEKHSPEVE|0.694
Q13131|Q15468_HTRNSIKPS|0.381
Q13131|Q15468_LQIPTPPLP|0.0
Q13131|Q15468_MMGLSPDAY|0.679
Q13131|Q15468_VDIPSFEES|0.0
Q13131|Q15468_NQPLSVSNS|0.0
Q13131|Q15468_NQKIYQDLL|0.852
Q13131|Q15468_VKIDSPTKV|0.0
Q13131|Q15468_LSLISPNNM|0.563
Q13131|Q15468_LLQSSDNSE|0.713
Q13131|Q15468_NLKPSPAVN|0.696
Q13131|Q13586_SGANSEEST|0.415
Q13131|Q13586_IQNRYSKEH|0.586
Q13131|Q13586_SRQKYAEEE|0.73
Q13131|Q13586_TLFGTFHVA|0.392
Q13131|Q13586_LSEVTAALR|0.103
Q13131|Q13586_LSMQSPSLQ|0.42
Q13131|Q13586_SLQSSVRQR|0.875
Q13131|Q13586_SLHMSDRQR|0.949
Q13131|Q13586_NAMTSNGSH|0.465
Q13131|Q13586_TSNGSHRLI|0.014
Q13131|Q13586_DKAHSLMEL|0.98
Q13131|Q13586_LMELSPSAP|0.585
Q13131|Q9P246_TAEQSLMDL|0.504
Q13131|Q9P246_SRRQYAEQE|0.0
Q13131|Q9P246_RSSWSVPDA|0.0
Q13131|Q9P246_YSDHSWVVM|0.0
Q13131|Q9P246_RSRRSIVPS|0.002
Q13131|Q9P246_SIVPSSPQP|0.015
Q13131|Q9P246_APHPSHPRH|0.0
Q13131|Q9P246_LSVSSCPAL|0.0
Q13131|Q9P246_EEAIYFSAE|0.0
Q13131|Q9P246_AIYFSAEKQ|0.0
Q13131|Q9P246_SECDSLNSS|0.0
Q13131|Q9P246_SLNSSIGRK|0.691
Q13131|Q9P246_SPPLSLEIY|0.0
Q13131|Q9P246_SLEIYQTLS|0.0
Q13131|Q9P246_EIYQTLSPR|0.0
Q13131|Q9P246_PRKISRDEV|0.983
Q13131|Q9P246_RDEVSLEDS|0.0
Q13131|Q9P246_SRGDSPVTV|0.0
Q13131|Q9P246_FSPASKVYN|0.0
Q13131|Q9P246_ILEKSCSMN|0.002
Q13131|Q9P246_HTSCSSAGN|0.0
Q13131|Q9P246_TSCSSAGND|0.002
Q13131|Q9P246_QEAPSVARI|0.0
Q13131|Q9P246_VARISSIPH|0.001
Q13131|Q9P246_ARISSIPHD|0.6
Q13131|Q9P246-2_APGGSPCLR|0.0
Q13131|Q86WV6_SYWRTVRAC|0.118
Q13131|Q86WV6_ARIRTYNQH|0.724
Q13131|Q86WV6_LPQQTGDHA|0.949
Q13131|Q86WV6_DRVYSNSIY|0.956
Q13131|Q86WV6_QRAGTCVLE|0.492
Q13131|Q86WV6_LEYATPLQT|0.0
Q13131|Q86WV6_KEEVTVGSL|0.659
Q13131|Q86WV6_VTVGSLKTS|0.916
Q13131|Q86WV6_GSLKTSAVP|0.318
Q13131|Q86WV6_SLKTSAVPS|0.0
Q13131|Q86WV6_AVPSTSTMS|0.2
Q13131|Q86WV6_VPSTSTMSQ|0.084
Q13131|Q86WV6_PSTSTMSQE|0.222
Q13131|Q8N1F8_HRELSPLWL|0.205
Q13131|Q8N1F8_AQYLSPRAR|0.0
Q13131|Q8N1F8_GPDLSDSLS|0.0
Q13131|Q8N1F8_EPSDTDPEP|0.064
Q13131|Q8N1F8_TSAPSAPPA|0.01
Q13131|Q8N1F8_GPQESPQKM|0.547
Q13131|Q8N1F8_LELQSLEAA|0.01
Q13131|Q8N1F8_RPTGSDLLP|0.0
Q13131|Q8N1F8_LRFSYICPD|0.0
Q13131|Q8N1F8_LTPVTNVAR|0.537
Q13131|Q8N1F8_MGLDSEEGW|0.0
Q13131|Q8N1F8_SLAPSPSAS|0.0
Q13131|Q8N1F8_HGSWSLSPP|0.535
Q13131|Q8N1F8_KVPPSGPGP|0.0
Q13131|Q9BXU1_MDEDTHYDK|0.0
Q13131|Q9BXU1_EDTHYDKVE|0.0
Q13131|Q9BXU1_DYGNTEILN|0.0
Q13131|Q9BXU1_ILNRSDIVE|0.0
Q13131|Q9BXU1_ELQFSSVAK|0.0
Q13131|Q9BXU1_LQFSSVAKK|0.0
Q13131|Q9BXU1_LHIPSDQEV|0.0
Q13131|Q9BXU1_FDQGTTFLG|0.0
Q13131|Q9BXU1_RIKATSEDG|0.0
Q13131|Q9BXU1_SEDGTVIAQ|0.0
Q13131|Q9BXU1_GNLITFPKE|0.0
Q13131|Q9BXU1_QQKLYMSVE|0.241
Q13131|Q9BXU1_KLYMSVEDF|0.0
Q13131|Q9BXU1_LEAVYGQAK|0.0
Q13131|Q9BXU1_VDVDTEAKV|0.0
Q13131|Q9BXU1_RAATYHRAW|0.0
Q13131|Q9BXU1_SQRASVNMM|0.002
Q13131|Q9BXU1_EYTLYKKEE|0.0
Q13131|Q9BYT3_ERKASQQQW|0.0
Q13131|Q9BYT3_IEEIYTFGR|0.0
Q13131|Q9BYT3_EKAGSSAVK|0.0
Q13131|Q9BYT3_KAGSSAVKL|0.0
Q13131|Q9BYT3_AHDYSQQCD|0.0
Q13131|Q9BYT3_DCAKSVLKQ|0.003
Q13131|Q9BYT3_KNKPSTEEK|0.0
Q13131|Q9BYT3_NKPSTEEKL|0.0
Q13131|Q9BYT3_DANYTSDEE|0.0
Q13131|Q9BYT3_TATKYPAKS|0.0
Q13131|Q9BYT3_YPAKSGALS|0.0
Q13131|Q9BYT3_SGALSRTKK|0.0
Q13131|Q9BYT3_ALSRTKKKL|0.0
Q13131|Q8NE28_LQDLSSNVL|0.0
Q13131|Q8NE28_QDLSSNVLM|0.001
Q13131|Q8NE28_NVLMTDKAK|0.001
Q13131|Q8NE28_VVHITFLRG|0.705
Q13131|Q8NE28_HLASYEEIL|0.047
Q13131|Q9UEW8_CRDAYELQE|0.0
Q13131|Q9UEW8_EGLDYLHRN|0.303
Q13131|Q9UEW8_AFLATGGDV|0.073
Q13131|Q9UEW8_GGDVTRNKV|0.0
Q13131|Q9UEW8_GAAPYHKYP|0.21
Q13131|Q9UEW8_PYHKYPPMK|0.013
Q13131|Q9UEW8_MMKKYGKSF|0.442
Q13131|Q9UEW8_EKLLTRTPD|0.581
Q13131|Q9UEW8_KAAFSQEKS|0.881
Q13131|Q9UEW8_IQSLSVHDS|0.001
Q13131|Q9UEW8_ANEDYREAS|0.002
Q13131|Q9UEW8_YREASSCAV|0.571
Q13131|Q9C0K7_GMSETLIRN|0.353
Q13131|Q9C0K7_RMKNSQSGV|0.885
Q13131|Q9C0K7_KNSQSGVDS|0.003
Q13131|Q9C0K7_SGVDSGIGE|0.45
Q13131|Q9C0K7_GIGESVLVS|0.55
Q13131|P16949___MASSDIQ|0.869
Q13131|P16949_NNNFSKMAE|0.0
Q13131|Q93045_NINIYTYDD|0.0
Q13131|Q93045_NNNFSKMAE|0.0
Q13131|Q9NZ72_ASTISAYKE|0.0
Q13131|Q9NZ72_TISAYKEKM|0.002
Q13131|Q9NZ72_PNTVYQYGD|0.46
Q13131|Q9NZ72_TVYQYGDME|0.277
Q13131|Q9NZ72_DKRASGQSF|0.875
Q13131|Q9NZ72_ASGQSFEVI|0.658
Q13131|Q9NZ72_PSDLSPESP|0.0
Q13131|Q9NZ72_SPMLSSPPK|0.479
Q13131|Q9NZ72_KKKDTSLEE|0.591
Q13131|Q9NZ72_KKDTSLEEL|0.527
Q13131|Q9NZ72_EKLNYKMEL|0.013
Q13131|Q9NZ72_REEMSG___|0.0
Q13131|Q9H169_RRDPSLEEI|0.0
Q13131|Q9H169_ERRKYQEAE|0.0
Q13131|H3BQB6_SVPHTGENC|0.0
Q13131|H3BQB6_GENCSPRME|0.0
Q13131|H3BQB6_ENSPSPSER|0.0
Q13131|H3BQB6_RRVNSDLVT|0.002
Q13131|H3BQB6_ERQKSSDIL|0.0
Q13131|H3BQB6_RLLPSANHS|0.0
Q13131|H3BQB6_QRVRSAGFE|0.468
Q13131|H3BQB6_KRKKSKCDA|0.0
Q13131|P27105_SFKDSPSKG|0.323
Q13131|P27105_IIKEYERAI|0.003
Q13131|P27105_DGVVYYRVQ|0.0
Q13131|P27105_GVVYYRVQN|0.686
Q13131|P27105_TKNLSQILS|0.996
Q13131|P27105_EMNASRALK|0.867
Q13131|P27105_LKEASMVIT|0.611
Q13131|P27105_LQLRYLQTL|0.252
Q13131|P27105_LQTLTTIAA|0.552
Q13131|P27105_QTLTTIAAE|0.445
Q13131|Q9UBI4_FQQSSFGFL|0.0
Q13131|Q9UBI4_KGCLSPERG|0.0
Q13131|Q9UBI4_GAVLSVGAD|0.0
Q13131|Q9UBI4_LSVMTVKDL|0.0
Q13131|Q9UBI4_QNAMTKALL|0.0
Q13131|Q9UBI4_INDVTRAWG|0.0
Q13131|Q8TAV4_LQLRYLQTL|0.0
Q13131|Q8TAV4_LQTLSTVAT|0.0
Q13131|Q9Y6Q2_KMFSSRNKE|0.0
Q13131|Q9Y6Q2_LNKCSLNYI|0.0
Q13131|Q9Y6Q2_ENQDSLRSL|0.002
Q13131|Q9Y6Q2_GKIHTVKIE|0.508
Q13131|Q9Y6Q2_LPAVSKPKK|0.0
Q13131|Q9Y6Q2_YESAYQAVV|0.0
Q13131|Q8WXE9_FGCSYTDLQ|0.0
Q13131|Q8WXE9_ARFPSWVTF|0.0
Q13131|Q8WXE9_PSWVTFDDN|0.0
Q13131|Q8WXE9_DNEVSCPLP|0.0
Q13131|Q8WXE9_NSMGSFKKR|0.542
Q13131|Q8WXE9_LDISSLNRT|0.337
Q13131|Q8WXE9_VTEASPWRA|0.0
Q13131|Q8WXE9_FLNETLQDV|0.0
Q13131|Q8WXE9_DVQPSPINP|0.001
Q13131|Q8WXE9_QERRSQNSS|0.243
Q13131|Q8WXE9_SQRDSLIVI|0.189
Q13131|Q8WXE9_RDEFSGIVS|0.0
Q13131|Q8WXE9_FRRESVLGE|0.0
Q13131|Q8WXE9_VEDKTDVRK|0.0
Q13131|Q6ZVD7_KFGFSLLWR|0.409
Q13131|Q6ZVD7_NPILTVDNL|0.0
Q13131|Q6ZVD7_GQGHSRRDR|0.404
Q13131|Q6ZVD7_KLPATQPIP|0.519
Q13131|Q6ZVD7_PRIKSPNEM|0.564
Q13131|Q6ZVD7_IQKTSDLKP|0.073
Q13131|Q6ZVD7_SMLRYEVYG|0.65
Q13131|Q6ZVD7_RYEVYGGEN|0.101
Q13131|Q6ZVD7_VLRKSHSHF|0.524
Q13131|Q6ZVD7_RKSHSHFDK|0.167
Q13131|Q6ZVD7_ETKQTPHSL|0.0
Q13131|Q6ZVD7_QTPHSLPSR|0.643
Q13131|Q6ZVD7_SRGASFSDR|0.041
Q13131|Q6ZVD7_EDDISENDD|0.017
Q13131|Q6ZVD7_ERVESQVLK|0.784
Q13131|Q6ZVD7_RIFDYYSAR|0.013
Q13131|Q6ZVD7_IFDYYSARK|0.125
Q13131|Q6ZVD7_ARKASFEAE|0.0
Q13131|Q9P2F5_KTRSTTLRR|0.488
Q13131|Q9P2F5_TRSTTLRRA|0.568
Q13131|Q9P2F5_ERKIYPTPD|0.0
Q13131|Q9P2F5_SQCTSPQPG|0.001
Q13131|Q9P2F5_QVPPTEKSK|0.002
Q13131|Q9P2F5_VNFSYKTET|0.0
Q13131|Q9P2F5_KGDPSDGSH|0.341
Q13131|Q9P2F5_PSDGSHLDI|0.316
Q13131|Q9P2F5_AEREYDFCD|0.0
Q13131|Q9P2F5_CDPLTRVPR|0.0
Q13131|Q9P2F5_AEGCSQDDQ|0.006
Q13131|Q9P2F5_HDTLTLAEG|0.253
Q13131|Q9P2F5_HKEESPKGP|0.0
Q13131|Q9P2F5_LASNTSSIV|0.071
Q13131|Q9P2F5_ASNTSSIVE|0.0
Q13131|Q9P2F5_NPALSPAHG|0.0
Q13131|Q9P2F5_NFRASAEPP|0.0
Q13131|Q9P2F5_AEPPTNEAE|0.004
Q13131|Q8N412_TARESTFTI|0.0
Q13131|Q8N412_ARESTFTIA|0.0
Q13131|Q8N412_ESTFTIASS|0.0
Q13131|Q8N412_TIASSIEKA|0.0
Q13131|Q8N412_ATLKYKGIH|0.0
Q13131|Q8N412_PGPATYEIS|0.0
Q13131|Q8N412_GPATYEISQ|0.0
Q13131|Q8N412_TYEISQEKK|0.0
Q13131|Q8N7X2_AWDETQPPK|0.0
Q13131|Q8N7X2-4_SMSRSPAFT|0.0
Q13131|Q8N801_IPGTYHLKT|0.432
Q13131|A8MT69_AGAGSGFRK|0.015
Q13131|Q9BX79_PGLPSPVDF|0.0
Q13131|Q9BX79_YSEEYLRNL|0.0
Q13131|Q9BX79_KLGSSYHTS|0.0
Q13131|Q9BX79_LGSSYHTSK|0.0
Q13131|Q9BX79_ALDLSPLHR|0.888
Q13131|Q9BX79_PLHRSPHPS|0.0
Q13131|Q9BX79_DPGYYTYRN|0.254
Q13131|Q9BX79_PGYYTYRNF|0.355
Q13131|Q9BX79_KIEVSQSHP|0.67
Q13131|Q9BX79_HPAMTAFCS|0.0
Q13131|Q9BX79_APQDSLRPG|0.912
Q13131|Q7Z7C7_NLRKTVYSQ|0.0
Q13131|Q7Z7C7_RKTVYSQSD|0.0
Q13131|Q7Z7C7_DLIASKWQV|0.0
Q13131|Q7RTN6_TRRKTNDAS|0.35
Q13131|Q7RTN6_NDASSESIA|0.065
Q13131|Q7RTN6_ASSESIASF|0.0
Q13131|Q7RTN6_ESIASFSKQ|0.0
Q13131|Q7RTN6_ELTMSPSRS|0.338
Q13131|Q7RTN6_KRRASEALP|0.925
Q13131|Q7RTN6-2_TNDASSESI|0.0
Q13131|Q9Y3F4_WDAVSGDEL|0.0
Q13131|Q9Y3F4_QDSNYLLTG|0.001
Q13131|Q9Y3F4_WDHATMTEV|0.001
Q13131|Q9Y3F4_DPIKSFEAP|0.703
Q13131|Q9Y3F4_ATINSASLH|0.0
Q13131|Q9Y3F4_YDYNSGEEL|0.0
Q13131|Q9Y3F4_ELYASGSED|0.0
Q13131|Q9Y3F4_VGKTYGLWK|0.0
Q13131|Q96SI9_VILTSPLIR|0.0
Q13131|Q96SI9_KYSWSVTDK|0.0
Q13131|Q96SI9_SDNESKNET|0.0
Q13131|Q96SI9_YELISETGG|0.0
Q13131|Q96SI9_LISETGGSH|0.003
Q13131|Q96SI9_EKLFSGPNA|0.0
Q13131|Q96SI9_IAPGYGTPY|0.0
Q13131|Q96SI9_PVPHYSFF_|0.0
Q13131|Q7RTU9_LRLLTFLLG|0.003
Q13131|Q7RTU9_GAVLSPREL|0.0
Q13131|Q9NRL3_GPVESVTLE|0.0
Q13131|Q9NRL3_VESVTLENS|0.0
Q13131|Q9NRL3_KRVRSLLGR|0.648
Q13131|Q9NRL3_PAGLSGGES|0.0
Q13131|Q9NRL3_EEDDSEDAI|0.0
Q13131|Q9NRL3_PRRCTVDGS|0.0
Q13131|Q9NRL3_TVDGSPHEL|0.002
Q13131|Q9NRL3_PPKVTGPPP|0.0
Q13131|Q9NRL3_PPPGTPQPR|0.001
Q13131|Q9NRL3_NPKFTLRSH|0.431
Q13131|Q9NRL3_QRLASCSAD|0.0
Q13131|Q9NRL3_VQEITAHRK|0.0
Q13131|Q9NRL3_ACHPSKALI|0.0
Q13131|Q5VSL9_SEGYSESPD|0.002
Q13131|Q5VSL9_FGMVTKFCS|0.001
Q13131|Q5VSL9_SPPASASDL|0.963
Q13131|Q5VSL9_PASASDLIE|0.975
Q13131|Q5VSL9_DDDNSLEGE|0.463
Q13131|Q5VSL9_MEEEYLRSP|0.563
Q13131|Q5VSL9_EYLRSPLSG|0.524
Q13131|Q5VSL9_TVLQSMKLG|0.95
Q13131|Q5VSL9_LNHVYQFEY|0.555
Q13131|Q5VSL9_YQFEYMAQH|0.558
Q13131|Q5VSL9_MMQLYVLKL|0.757
Q13131|Q5VSL9_MSAIYQKVR|0.45
Q13131|O43815_KPPSYDSDE|0.422
Q13131|O43815_EVGYTDTIL|0.528
Q13131|O43815_GYTDTILDV|0.438
Q13131|O43815_LLGFSSDVT|0.936
Q13131|O43815_KNQDSVVNG|0.747
Q13131|O43815_VIDTSTIVR|0.44
Q13131|O43815_IDTSTIVRK|0.961
Q13131|O43815_DFLVTSEEG|0.492
Q13131|O43815_FLVTSEEGD|0.521
Q13131|O43815_NESRSAGDG|0.194
Q13131|O43815_AGDGTDWEK|0.444
Q13131|O43815_SLQPSVGSP|0.89
Q13131|O43815_VEALTFPPS|0.497
Q13131|O43815_TFPPSSGKS|0.433
Q13131|O43815_FPPSSGKSF|0.427
Q13131|O43815_DSLTYDIAN|0.28
Q13131|O43815_NPKFTLRSH|0.854
Q13131|O43815_VEPIYTFRA|0.471
Q13131|O43815_EPIYTFRAH|0.448
Q13131|Q8TF42_YGHPSPLGM|0.545
Q13131|Q8TF42_QRPGTIKHG|0.659
Q13131|Q8TF42_ERRPYEDQG|0.0
Q13131|Q8TF42_LRVNSQPGP|0.96
Q13131|Q8TF42_VFGKYWLSQ|0.119
Q13131|P57075_ETQLYAKVS|0.366
Q13131|P57075_LKSRSSPSL|0.0
Q13131|P57075_KSRSSPSLL|0.336
Q13131|P57075_RSSPSLLEP|0.0
Q13131|P57075_LTRASFVSH|0.0
Q13131|P57075_SSRCSGEFL|0.191
Q13131|P57075_QTARSLSSL|0.568
Q13131|P57075_ARSLSSLQA|0.634
Q13131|P57075_RSLSSLQAL|0.001
Q13131|P57075_LQQCSTPDG|0.002
Q13131|P57075_QQCSTPDGK|0.0
Q13131|Q8TCJ2_SAPESKHKS|0.0
Q13131|Q8TCJ2_KHKSSLNSS|0.767
Q13131|Q8TCJ2_RDRLTKQEF|0.475
Q13131|Q8TCJ2_QGNLYDKAG|0.0
Q13131|Q8TCJ2_EQEKTEEGL|0.0
Q13131|Q8TCJ2_GKAMSSNET|0.0
Q13131|Q8TCJ2_KAMSSNETA|0.006
Q13131|Q8TCJ2_SSNETAAYK|0.0
Q13131|Q8TCJ2_ETAAYKIMR|0.0
Q13131|Q8TCJ2_DIRESDYFT|0.0
Q13131|Q8TCJ2_RESDYFTPQ|0.084
Q13131|Q8TCJ2_NCLMYKMSY|0.0
Q13131|Q8TCJ2_MYKMSYYRF|0.0
Q13131|O60499_AVSATSRYI|0.0
Q13131|O60499_VSATSRYIE|0.0
Q13131|O60499_VSHMTSDRR|0.0
Q13131|O60499_SHMTSDRRQ|0.0
Q13131|O75558_RFLTSMRRL|0.0
Q13131|O75558_MRRLSSIKR|0.386
Q13131|O75558_RRLSSIKRD|0.0
Q13131|O75558_RDTNSIAKA|0.0
Q13131|O75558_GKEVSGDQI|0.0
Q13131|O75558_WDVFSENLL|0.0
Q13131|Q86Y82____MSYGPL|0.606
Q13131|Q86Y82_NPGPSGPQL|0.0
Q13131|Q86Y82_ANVESSEVH|0.0
Q13131|Q86Y82_VERATEQLQ|0.0
Q13131|Q86Y82_QRAAYYQKK|0.0
Q13131|O14662_TRRLTDAFL|0.515
Q13131|O14662_LRNNSIQNR|0.503
Q13131|O14662_VSGISLDPE|0.531
Q13131|O14662_AIGVTKRPP|0.685
Q13131|O14662_DEIQYDVGR|0.549
Q13131|O14662_HFFDTSVPL|0.556
Q13131|O14662_GDDNTLYHR|0.597
Q13131|O14662_DNTLYHRGF|0.595
Q13131|O14662-5_LHSRSIAAL|0.0
Q13131|O14662-5_AIGVTKRPP|0.001
Q13131|P56962_KEEASAATA|0.0
Q13131|P56962_ASAATAEFL|0.563
Q13131|P56962_KAAKYKLAA|0.0
Q13131|P56962_MEKLTSSCP|0.081
Q13131|P56962_LPSQTDKKC|0.0
Q13131|Q9P2W9_GVDGSRDEL|0.049
Q13131|Q9P2W9_LFRRSPRPK|0.047
Q13131|Q9P2W9_SHTMSEYGR|0.112
Q13131|Q9P2W9_TMSEYGRMT|0.0
Q13131|Q9P2W9_RMTDTERDQ|0.011
Q13131|Q9P2W9_TRESTSSEK|0.0
Q13131|Q9P2W9_RESTSSEKV|0.0
Q13131|Q9P2W9_ESTSSEKVS|0.023
Q13131|Q9P2W9_SEKVSQSPS|0.618
Q13131|Q9P2W9_PSKDSEENP|0.0
Q13131|Q9P2W9_GEMNSLFDE|0.0
Q13131|Q9P2W9_VVEISRLQE|0.0
Q13131|Q9P2W9_QEIFTEKVL|0.0
Q13131|Q8N4C7_QQQKSLVAS|0.0
Q13131|Q8N4C7_SLVASMRRF|0.0
Q13131|Q16623_DVAVTVDRD|0.205
Q13131|Q16623_SIEQSIEQE|0.0
Q13131|Q16623_ERAVSDTKK|0.144
Q13131|Q16623_IVIASTVGG|0.0
Q13131|Q16623_VIASTVGGI|0.0
Q13131|Q16623-2_AFLKSCPEP|0.0
Q13131|P61266_QELRSAKDS|0.701
Q13131|P61266_NEIETRHNE|0.0
Q13131|P32856_KITQYVEEV|0.0
Q13131|Q13277_KQALSEIEG|0.0
Q13131|Q13277_VRLESSIKE|0.667
Q13131|Q13277_RLESSIKEL|0.228
Q13131|Q12846_TIRQTIVKL|0.547
Q13131|Q12846_TILATPLPE|0.0
Q13131|Q12846_NSVNTRMRK|0.517
Q13131|Q12846_RMRKTQHGV|0.529
Q13131|Q12846_AGMVSDEEL|0.0
Q13131|Q12846_LNEISARHS|0.708
Q13131|Q12846_NILSSADYV|0.002
Q13131|Q13190_PRKRYGSKN|0.714
Q13131|Q13190_KRYGSKNTD|0.943
Q13131|Q13190_GSKNTDQGV|0.886
Q13131|Q13190_DQGVYLGLS|0.658
Q13131|Q13190_YLGLSKTQV|0.588
Q13131|Q13190_CRDRTQEFL|0.184
Q13131|Q13190_QEFLSACKS|0.0
Q13131|Q13190_VRQRSEFTL|0.773
Q13131|Q13190_AKRKSLFDD|0.379
Q13131|Q13190_EELTYIIKQ|0.384
Q13131|O43752_NLDATELSI|0.468
Q13131|O43752_ATELSIRKA|0.576
Q13131|O43752_KDQMSTSSV|0.364
Q13131|O43752_QNWSTGTTD|0.03
Q13131|O43752_STGTTDKYG|0.244
Q13131|O43752_TTDKYGRLD|0.425
Q13131|O43752_VSHMTSDRR|0.462
Q13131|O43752_SHMTSDRRQ|0.46
Q13131|O15400_NQLGTPQDS|0.005
Q13131|O15400_PTTPSEQRQ|0.607
Q13131|O15400_RVRASSRVS|0.628
Q13131|O15400_FPEDSSKER|0.0
Q13131|O15400_RNLVSWESQ|0.532
Q13131|O15400_WESQTQPQV|0.0
Q13131|O15400_DEEITEDDL|0.0
Q13131|O15400_HERESSIRQ|0.516
Q13131|Q9UNK0_LLLASFKNE|0.56
Q13131|Q9UNK0_SSIISRQKQ|0.56
Q13131|P61764_EPLPSLEAV|0.0
Q13131|P61764_ESQVYSLDS|0.0
Q13131|P61764_KMPQYQKEL|0.004
Q13131|P61764_LAMGTDAEG|0.0
Q13131|P61764_IVTDSTLRR|0.669
Q13131|P61764_VTDSTLRRR|0.026
Q13131|P61764_SEQTYQLSR|0.399
Q13131|P61764_IMEDTIEDK|0.001
Q13131|P61764_STRSSASFS|0.865
Q13131|P61764_RSSASFSTT|0.733
Q13131|P61764_TTAVSARYG|0.164
Q13131|P61764_APGEYRSGP|0.002
Q13131|P61764_DEEISS___|0.0
Q13131|Q15833_EKILSGVIR|0.461
Q13131|Q15833_EPIPSLEAI|0.0
Q13131|Q15833_IYLLSPTEK|0.0
Q13131|Q15833_DFQGTPTFT|0.25
Q13131|Q15833_FKADTPSLG|0.002
Q13131|Q15833_DTYRYETTG|0.0
Q13131|Q15833_KMPQYQKEL|0.0
Q13131|Q15833_HFKGSVEKL|0.0
Q13131|Q15833_AVPAYDKIR|0.019
Q13131|O00186_SENKYKAAY|0.0
Q13131|O00186_EGKTSLSAL|0.2
Q13131|O00186_LALGTDAEG|0.0
Q13131|O00186_VWNGSGAVS|0.0
Q13131|O00186_SGAVSARQK|0.011
Q13131|O00186_GITYSEVRC|0.0
Q13131|O00186_QAHKSCEVI|0.0
Q13131|O00186_KDKVSLIKD|0.485
Q13131|Q6ZWJ1_MIGVSFEEA|0.0
Q13131|Q6ZWJ1_LIPKTSSTP|0.0
Q13131|Q6ZWJ1_STPKTNNDI|0.0
Q13131|Q6ZWJ1_NDILSSCEI|0.132
Q13131|Q6ZWJ1_DILSSCEIK|0.567
Q13131|Q6ZWJ1_QEKISLNPS|0.0
Q13131|Q6ZWJ1_KGTVSFGDF|0.0
Q13131|Q6ZWJ1_QLADYSDQN|0.0
Q13131|Q6ZWJ1_FSDNSTPLS|0.0
Q13131|Q6ZWJ1_SDNSTPLSN|0.017
Q13131|Q6ZWJ1_EEDCSRELP|0.001
Q13131|Q5T5C0_LAVGTQTGA|0.355
Q13131|Q5T5C0_SKWLYVGTE|0.0
Q13131|Q5T5C0_LSSKSHPGP|0.658
Q13131|Q5T5C0_VVHISDNPM|0.571
Q13131|Q5T5C0_HADGSVKFW|0.0
Q13131|Q5T5C0_DEDPYAIQI|0.0
Q13131|Q5T5C0_NDVETPEGE|0.0
Q13131|Q5T5C0_LNLGTIELY|0.004
Q13131|Q5T5C0_REPRSPRKS|0.0
Q13131|Q5T5C0_SPRKSRQPS|0.679
Q13131|Q5T5C0_LCDISEGTV|0.653
Q13131|Q5T5C0_ISEGTVVPE|0.111
Q13131|Q5T5C0_CKSPTSGSS|0.0
Q13131|Q5T5C0_TSGSSSPHN|0.074
Q13131|Q5T5C0_SGSSSPHNS|0.178
Q13131|Q5T5C0_SPHNSDDEQ|0.791
Q13131|Q5T5C0_SRKFSKMVA|0.005
Q13131|Q5T5C0_VKDNSFSRS|0.001
Q13131|Q5T5C0_DNSFSRSRS|0.001
Q13131|Q5T5C0_SFSRSRSSS|0.525
Q13131|Q5T5C0_RSRSSSVTS|0.77
Q13131|Q5T5C0_RRPVSVSPS|0.314
Q13131|Q5T5C0_PVSVSPSSS|0.295
Q13131|Q5T5C0_SPSSSQEIS|0.654
Q13131|Q5T5C0_SENQYAVIC|0.183
Q13131|Q5T5C0_GGAQSLDRE|0.602
Q13131|Q5T5C0_KASRSLAQH|0.247
Q13131|Q5T5C0-2_DRCKSPTSA|0.001
Q13131|Q9Y2K9_YENGTVVFW|0.003
Q13131|Q9Y2K9_ELRVYYDEA|0.292
Q13131|Q9Y2K9_HADGSIKFW|0.0
Q13131|Q9Y2K9_SRSLSGSTN|0.003
Q13131|Q9Y2K9_GSTNTVASE|0.0
Q13131|Q9Y2K9_NTVASEGVT|0.083
Q13131|Q9Y2K9_CKSPTSDHV|0.498
Q13131|Q9Y2K9_PTSQSCSSG|0.575
Q13131|Q9Y2K9_QSCSSGKRL|0.643
Q13131|Q9Y2K9_GKRLSSADV|0.582
Q13131|Q9Y2K9_KRLSSADVS|0.613
Q13131|Q9Y2K9_RKAQSAACM|0.009
Q13131|Q9Y2K9_CMEISLPVT|0.119
Q13131|Q9Y2K9_NRENSYNRS|0.594
Q13131|Q9Y2K9_SYNRSRSSS|0.518
Q13131|Q9Y2K9_NRSRSSSIS|0.653
Q13131|Q9Y2K9_SRSSSISSI|0.723
Q13131|Q9Y2K9_SSSISSIDK|0.621
Q13131|Q9Y2K9_SSISSIDKD|0.472
Q13131|Q9Y2K9_EQRFTEPVM|0.001
Q13131|Q9Y2K9_KASRSLAQH|0.001
Q13131|Q9Y2K9_PGPGSIEGM|0.004
Q13131|Q9Y2K9_MGELTRARI|0.0
Q13131|Q9Y2K9_LEEKTAGMM|0.626
Q13131|Q9Y2K9_AEAFSKHAH|0.0
Q13131|Q8NFX7_INCQSKIMG|0.059
Q13131|Q8NFX7_MGGNSILHS|0.0
Q13131|Q8NFX7_SILHSAADS|0.0
Q13131|Q8NFX7_SAADSVTSA|0.0
Q13131|Q6J9G0_QQQRSGPQG|0.0
Q13131|Q6J9G0_PLKETSVEN|0.086
Q13131|Q6J9G0_LKETSVENF|0.83
Q13131|Q6J9G0_KLPLYMVLE|0.582
Q13131|Q6J9G0_DGLLYDLTE|0.401
Q13131|Q6J9G0_LYDLTEKQV|0.613
Q13131|Q8WUJ0_NAGISRSAA|0.503
Q13131|Q8WUJ0_FVIAYIMET|0.467
Q13131|Q8WUJ0_QIERSLSVH|0.542
Q13131|Q8WUJ0_LSVHSGTTG|0.546
Q13131|Q8WUJ0_DDFGTMQVA|0.352
Q13131|Q9Y6J8_DDDDSDSDG|0.219
Q13131|Q9Y6J8_DDSDSDGDG|0.354
Q13131|P53597_GKQGTFHSQ|0.862
Q13131|P53597_LEYGTKLVG|0.631
Q13131|P53597_VGGTTPGKG|0.0
Q13131|P53597_SALQSAGVV|0.94
Q13131|Q96I99___MASPVAA|0.0
Q13131|Q96I99_ALDISRETY|0.008
Q13131|Q96I99_EAQVYQAFK|0.002
Q13131|Q9UBS9_TSEITPISK|0.069
Q13131|Q9UBS9_ITPISKLDE|0.0
Q13131|Q9UBS9_NQYPSPKRC|0.011
Q13131|Q9UBS9_KRCFSSYDD|0.0
Q13131|Q9UBS9_KRRTSFPLM|0.766
Q13131|Q9UBS9_PLKFSPEKK|0.27
Q13131|Q9UBS9_TLIQTKSGS|0.0
Q13131|Q9UBS9_IQTKSGSLP|0.369
Q13131|Q9UBS9_GSLPSLHDI|0.0
Q13131|Q9UMX1_APGPTAPPA|0.0
Q13131|Q9UMX1_EDSRSICIG|0.003
Q13131|Q9UMX1_SGKDTEQIR|0.002
Q13131|Q9UMX1_DSLESDSST|0.675
Q13131|Q9HAC7_QRAGYDAVA|0.0
Q13131|Q9HAC7_ASAVSGLMH|0.0
Q13131|Q9Y2Z0_AAAGTATSQ|0.534
Q13131|Q9Y2Z0_GTATSQRFF|0.707
Q13131|Q9Y2Z0_RFFQSFSDA|0.606
Q13131|Q9Y2Z0_FQSFSDALI|0.0
Q13131|Q9Y2Z0_DDAQYYCQR|0.494
Q13131|Q9Y2Z0_DAQYYCQRA|0.0
Q13131|Q9Y2Z0_HEKNYAAAL|0.024
Q13131|Q9Y2Z0_VKNLYPSSS|0.056
Q13131|Q9Y2Z0_NLYPSSSPY|0.469
Q13131|Q9Y2Z0_SSSPYTRNW|0.569
Q13131|Q9Y2Z0_QQIYSDGSD|0.58
Q13131|Q9Y2Z0_YSDGSDEVK|0.345
Q13131|Q9Y2Z0_SFMESGGTV|0.001
Q13131|Q9Y2Z0_ESGGTVLST|0.435
Q13131|Q9Y2Z0_STNWSDVGK|0.449
Q13131|Q9Y2Z0_EWKKY____|0.0
Q13131|Q8IWU6_SLCSTVRSP|0.374
Q13131|Q8IWU6_HGGATFINA|0.482
Q13131|Q8IWU6_NAFVTTPMC|0.001
Q13131|Q8IWU6_MCCPSRSSM|0.226
Q13131|Q8IWU6_PSRSSMLTG|0.607
Q13131|Q8IWU6_SSMLTGKYV|0.754
Q13131|Q8IWU6_KRLQTLMSV|0.808
Q13131|Q8IWU6_QTLMSVDDS|0.191
Q13131|Q8IWU6_DLAPTILDI|0.04
Q13131|Q8IWU6_HLPKYERVK|0.589
Q13131|Q8IWU5_LLSATVFSL|0.477
Q13131|Q8IWU5_TFAVYLNST|0.53
Q13131|Q8IWU5_YLNEYNGSY|0.0
Q13131|Q8IWU5_YNGSYVPPG|0.0
Q13131|Q8IWU5_VPKYYGQGS|0.123
Q13131|Q8IWU5_KDGGSYEQY|0.505
Q13131|P50225_TYPKSGTTW|0.0
Q13131|P50225_SGMETLKDT|0.0
Q13131|P50225_RLLKTHLPL|0.666
Q13131|P50225_DVAVSYYHF|0.0
Q13131|P50225_AVSYYHFYH|0.0
Q13131|P50225_LYLFYEDMK|0.094
Q13131|P50225_MAGCSLSFR|0.0
Q13131|P50225_GCSLSFRSE|0.0
Q13131|P50226_TYPKSGTTW|0.0
Q13131|P50226_RLLKTHLPL|0.686
Q13131|P50226_DVAVSYYHF|0.0
Q13131|P50226_AVSYYHFYH|0.0
Q13131|P50226_LYLFYEDMK|0.078
Q13131|P50226_MAGCSLSFR|0.0
Q13131|P50226_GCSLSFRSE|0.0
Q13131|P0DMM9_RAPIYVRVP|0.03
Q13131|P0DMM9_LLPQTLLDQ|0.004
Q13131|P0DMM9_LYLFYEDMK|0.518
Q13131|P0DMM9_MAGCSLSFR|0.112
Q13131|P0DMM9_GCSLSFRSE|0.01
Q13131|P0DMN0_DHSISPFMR|0.463
Q13131|O43704_EQFHSRPDD|0.001
Q13131|O43704_ETEMSKTAL|0.0
Q13131|O00338_KVDETVLDK|0.671
Q13131|O00338-2_PASTSQSAK|0.0
Q13131|Q6IMI6_FDKDYQKKM|0.0
Q13131|Q6IMI6_GSTLTFRTE|0.0
Q13131|P49888_LFLFYEDLK|0.01
Q13131|Q06520_MGFRSETLR|0.0
Q13131|Q06520_ALSETESPR|0.0
Q13131|Q06520_FLLLSYEEL|0.0
Q13131|Q06520_LLLSYEELK|0.0
Q13131|Q06520_KMSNYSLLS|0.0
Q13131|O00204_LWDTYEDDI|0.0
Q13131|O00204_LPGEYFRYK|0.0
Q13131|O00204_KAFFSSKAK|0.0
Q13131|O00204_MKANTMSNY|0.553
Q13131|O00204_EEDGSPDPE|0.003
Q13131|O00204_PRPNSSPSP|0.645
Q13131|O00204_NSSPSPSPG|0.418
Q13131|Q9BR01_SEAETPSTP|0.0
Q13131|Q9BR01_WIVTYPKSG|0.103
Q13131|Q9BR01_LVVSYYQFH|0.0
Q13131|Q6IMI4_CTSETFQAL|0.0
Q13131|Q6IMI4_IVLASYPKC|0.003
Q13131|Q6IMI4_PKCGSNWIL|0.0
Q13131|Q8NBK3_AGVFTMGTD|0.004
Q13131|Q8NBK3_FTMGTDDPQ|0.0
Q13131|Q8NBK3_YCYRYRCAA|0.0
Q13131|Q8NBJ7_IFPVTNKDF|0.016
Q13131|Q8NBJ7_KRLPTEEEW|0.0
Q13131|P63165-2____MSDQDS|0.0
Q13131|P61956_EGVKTENND|0.764
Q13131|P61956_RQGLSMRQI|0.483
Q13131|P61956_EDEDTIDVF|0.55
Q13131|P55854_EGVKTENDH|0.431
Q13131|P55854_GQDGSVVQF|0.692
Q13131|P55854_IKRHTPLSK|0.806
Q13131|P55854_RQGLSMRQI|0.495
Q13131|P55854_EDEDTIDVF|0.542
Q13131|Q6EEV6_GQDGSVVQF|0.799
Q13131|O94901_SPRMSRRSL|0.405
Q13131|O94901_ADSGTSSAV|0.0
Q13131|O94901_DSGTSSAVS|0.007
Q13131|O94901_SGTSSAVSL|0.841
Q13131|O94901_KQRRSTNKS|0.664
Q13131|O94901_QRRSTNKSA|0.919
Q13131|O94901_KSAFSINHV|0.896
Q13131|O94901_SRQVTSSGV|0.782
Q13131|O94901_QVTSSGVSH|0.053
Q13131|O94901_SSGVSHGGT|0.046
Q13131|O94901_SHGGTVSLQ|0.009
Q13131|O94901_CSNCSMLSE|0.453
Q13131|O94901_PGPVSRVYS|0.0
Q13131|O94901_AAGPSASVR|0.265
Q13131|O94901_GPSASVRDA|0.0
Q13131|O94901_AFKGSQGYL|0.0
Q13131|O94901_GSQGYLVVR|0.017
Q13131|O94901_VVRLSMMIH|0.56
Q13131|O94901_PKTLSPTGN|0.0
Q13131|O94901-3_PGPVSRVYS|0.0
Q13131|O94901-3_KDCESESYK|0.0
Q13131|O94901-6_VLDESWIRE|0.0
Q13131|O94901-9_PGPVSRVYS|0.0
Q13131|O94901-9_KDCESESYK|0.0
Q13131|O94901-9_DGHLSVNGE|0.0
Q13131|Q9UH99_SPLRTLKRK|0.484
Q13131|Q9UH99_LGPSSDAHT|0.004
Q13131|Q9UH99_TSYYSESLV|0.008
Q13131|Q9UH99_YYSESLVHE|0.566
Q13131|Q9UH99_PPRSSLEEL|0.598
Q13131|Q9UH99_GRKATEDFL|0.313
Q13131|Q9UH99_SSSGYSSED|0.027
Q13131|Q9UH99_SEDDYVGYS|0.293
Q13131|Q9UH99_DYVGYSDVD|0.128
Q13131|Q9UH99_ARDSSPHFQ|0.0
Q13131|Q9UH99_SHEDTLALL|0.084
Q13131|Q9UH99_IVRASQESE|0.472
Q13131|Q9UH99_GLADYALES|0.472
Q13131|Q9UH99-2_GRKATEDFL|0.0
Q13131|Q9UH99-2_GSKVTETEP|0.0
Q13131|Q9UH99-2_KVTETEPVS|0.0
Q13131|Q8TAQ9_AEYGSRLYK|0.0
Q13131|Q8TAQ9_SEKVSPSGN|0.0
Q13131|P51687_FWALYAVHN|0.0
Q13131|P51687_LLAQYKIGE|0.0
Q13131|P51687_LEWRTGAIS|0.0
Q13131|P51687_TGTAYGASI|0.0
Q13131|O95425_ILLQSCTGL|0.0
Q13131|O95425_YMRASDPAS|0.0
Q13131|O95425_HIGRSNEEE|0.658
Q13131|O95425_EEEETSDSS|0.0
Q13131|O95425_GDSPYGSGT|0.0
Q13131|O95425_MDTHSLESK|0.013
Q13131|O95425_LAEKYGLTL|0.0
Q13131|O95425_KYGLTLDPE|0.0
Q13131|O95425_ADSEYLSRY|0.0
Q13131|O95425_SEYLSRYTK|0.0
Q13131|O95425_YLSRYTKSR|0.0
Q13131|O95425_ASSLYPGTE|0.0
Q13131|O95425_CAGESKDYA|0.0
Q13131|O95425_ESKDYALHV|0.0
Q13131|O95425_GDGSSDPEV|0.0
Q13131|O95425_GQELSATRQ|0.004
Q13131|O95425_ELSATRQAH|0.0
Q13131|O95425_SSTFSFSGR|0.01
Q13131|O95425_APVHYVSFQ|0.0
Q13131|O95425_GLVRSPEDP|0.009
Q13131|O95425_RKVRTRSLS|0.0
Q13131|O95425_VRTRSLSDF|0.495
Q13131|O95425_TRSLSDFTG|0.562
Q13131|O95425_LSDFTGPPQ|0.014
Q13131|O95425_RVERSAEGP|0.005
Q13131|O95425_PGLPTGVER|0.0
Q13131|O95425_KPRRYFSPG|0.0
Q13131|O95425_RRYFSPGES|0.002
Q13131|O95425_SDRCTSHSE|0.0
Q13131|O95425_DRCTSHSET|0.511
Q13131|O95425_CTSHSETPT|0.0
Q13131|O95425_SHSETPTVD|0.0
Q13131|O95425_SETPTVDDE|0.0
Q13131|O95425_TQPVTLGEV|0.0
Q13131|O95425_GDLRTKPPL|0.036
Q13131|O95425_DHNASATDY|0.55
Q13131|O95425_SATDYKFSS|0.0
Q13131|O95425_YKFSSSIEN|0.013
Q13131|O95425_SIENSDSPV|0.0
Q13131|O95425_MLREYGETE|0.0
Q13131|O95425_TGRDSGMEK|0.0
Q13131|O95425_EAEASYPIL|0.0
Q13131|O95425_AEASYPILN|0.0
Q13131|O95425_KESKYAVPR|0.0
Q13131|O95425_KRKFSLRAA|0.604
Q13131|O95425_IAQTTAPVS|0.0
Q13131|O95425_LDSPSKTMS|0.0
Q13131|O95425_SKTMSIKER|0.001
Q13131|O95425_LLKKSGEED|0.0
Q13131|O95425_EAGRSLIKK|0.073
Q13131|O95425_RVTESRESQ|0.0
Q13131|O95425_LASPTAITP|0.0
Q13131|O95425_TPVASPICG|0.002
Q13131|O95425_KFYRSVDYN|0.335
Q13131|O95425_LLQEYTEQR|0.0
Q13131|O95425_NSNFSEVTL|0.0
Q13131|O95425_FSNVSLRSV|0.008
Q13131|O95425_VSLRSVNLT|0.565
Q13131|O95425_KAKASELAT|0.0
Q13131|O95425_SELATLIQT|0.0
Q13131|O95425_TLIQTKREL|0.01
Q13131|O95425_PDDDYWGKI|0.0
Q13131|O95425_DVKAYDVTR|0.001
Q13131|O95425_TRMVSMPQT|0.0
Q13131|O95425_KFMVSTAVG|0.0
Q13131|O95425_FMVSTAVGS|0.0
Q13131|O95425_TAVGSRQKG|0.0
Q13131|O95425-2_RPRCTSHSE|0.0
Q13131|O95425-2_PRCTSHSET|0.0
Q13131|O95425-2_SHSETPTVD|0.0
Q13131|O95425-2_LQDRSLTQP|0.0
Q13131|O95425-2_KRKFSLRAA|0.047
Q13131|O95425-2_KGLASPTAI|0.0
Q13131|O95425-2_PTAITPVAS|0.0
Q13131|O95425-3_AASRSPSFG|0.0
Q13131|O95425-3_SRSPSFGDP|0.0
Q13131|O95425-3_DPQLSPEAR|0.0
Q13131|O75486__MNNTAASP|0.44
Q13131|O75486_NTAASPMST|0.59
Q13131|O75486_MSTATSSSG|0.002
Q13131|O75486_ATSSSGRST|0.629
Q13131|O75486_RIMDSAQYA|0.351
Q13131|O75486_DSAQYAEFC|0.002
Q13131|O75486_EFCESRQLS|0.44
Q13131|O75486_GDPFSHAIS|0.018
Q13131|O75486_SHAISATFI|0.552
Q13131|O75486_IGPLSPFTN|0.38
Q13131|P63272_CTSSSFDGI|0.467
Q13131|P63272_WQRVSNFKP|0.628
Q13131|O94864_NLQRYWGEI|0.452
Q13131|O94864_PISSSQTNR|0.006
Q13131|O94864_QTNRSSFDL|0.0
Q13131|O94864_TNRSSFDLL|0.0
Q13131|O94864_NQQQTEGVK|0.0
Q13131|O94864_EPLPSCPGS|0.285
Q13131|O94864_QIRHSDPES|0.59
Q13131|Q8IYB8_KNDIYSVSR|0.457
Q13131|Q8IYB8_SAVIYGSLP|0.541
Q13131|Q8IYB8_VIYGSLPPG|0.449
Q13131|Q8IYB8_LPPGTKLAQ|0.444
Q13131|Q8IYB8_NEPLTFAWL|0.061
Q13131|Q8IYB8_WLRRYIKWP|0.41
Q13131|Q8IYB8_QGLLTPDML|0.441
Q13131|Q15526_AAEASATKA|0.071
Q13131|Q15527_REHPSLRLQ|0.524
Q13131|Q15527_LVRASPAFD|0.319
Q13131|Q15527_GGAASDDSM|0.517
Q13131|Q15527_KDLGSTEDG|0.744
Q13131|Q15527_DLGSTEDGD|0.771
Q13131|Q15527_KQLGSLKKK|0.005
Q13131|Q15527_RKPKSFSSC|0.006
Q13131|O15260_LCLISTFLE|0.0
Q13131|O15260_CLISTFLED|0.0
Q13131|Q15528_MDNFTEIIK|0.0
Q13131|Q15528_EQDNYEMHV|0.0
Q13131|Q15528_RAGESLMKL|0.0
Q13131|O75683_AYLQSLAKK|0.0
Q13131|O75683_HKAKSLGEK|0.0
Q13131|O75683_SPAASGARR|0.0
Q13131|O75683_DGLATEPES|0.0
Q13131|O75683_RGQGSAKEL|0.0
Q13131|O75683_VVEATPEGA|0.0
Q13131|O75683_QARQSRLDE|0.0
Q13131|O75683_KMKWTNLLY|0.0
Q13131|O75683_TNLLYKAEG|0.0
Q13131|Q6UWL2_DAGPSRRLL|0.0
Q13131|Q6UWL2_SYVISIKGQ|0.0
Q13131|Q6UWL2_PGTNYTVNI|0.0
Q13131|Q6UWL2_GTNYTVNIS|0.414
Q13131|Q9UGT4_GDRVSIMLA|0.0
Q13131|Q96L08_GNGASVGTV|0.001
Q13131|Q96L08_ASVGTVLMF|0.0
Q13131|Q96L08_RSNRSAQLW|0.0
Q13131|Q96L08_VQAAYLGLK|0.0
Q13131|Q5VX71_NGFRTPSGG|0.0
Q13131|Q5VX71_FRTPSGGVF|0.0
Q13131|Q5VX71_FFEGSVARF|0.0
Q13131|O60279____MTAEGP|0.0
Q13131|O60279_AHLASADEL|0.001
Q13131|O60279_KKQFSAGDN|0.0
Q13131|O60279_GDNHSGVKL|0.789
Q13131|O60279_QARHYHQQI|0.0
Q13131|Q92537_AMEISCRLN|0.333
Q13131|Q92537_QATTSSWVA|0.0
Q13131|Q92537_ATTSSWVAG|0.0
Q13131|Q92537_TSEEYTDDI|0.0
Q13131|O43463_GYPDSESTW|0.0
Q13131|O43463_LGRITVENE|0.512
Q13131|O43463_QGATYLFDL|0.0
Q13131|O43463_FDLDYVEDV|0.583
Q13131|O43463_VEDVYTVDA|0.02
Q13131|Q9H5I1_GKAITPKDN|0.0
Q13131|Q9H5I1_DNNKTLKPA|0.0
Q13131|Q9H5I1_KRVRTVCKC|0.001
Q13131|Q9H5I1_CGAVTCRGY|0.365
Q13131|Q9H5I1_TCRGYLN__|0.002
Q13131|Q4FZB7_SKSDSFSHN|0.0
Q13131|Q4FZB7_ISCYYGDGF|0.0
Q13131|Q4FZB7_FCECYTCER|0.0
Q13131|Q4FZB7_ERRGTGAFK|0.37
Q13131|Q4FZB7_GAFKSRVGL|0.123
Q13131|Q4FZB7_SNRKSSVGV|0.48
Q13131|Q4FZB7_KNSKSRTLT|0.276
Q13131|Q4FZB7_RGAHSQGES|0.012
Q13131|Q4FZB7_RSVRTRTNL|0.024
Q13131|Q4FZB7_IEESTPVHD|0.195
Q13131|Q4FZB7_PVHDSPGKD|0.55
Q13131|Q4FZB7_RRHDSSSKT|0.423
Q13131|Q4FZB7_SSSKTNDQE|0.771
Q13131|Q4FZB7_NRGSYTEGL|0.008
Q13131|Q4FZB7_RGSYTEGLH|0.013
Q13131|Q86Y97_YRALTLGGW|0.019
Q13131|Q86Y97_RYFQSRGPR|0.478
Q13131|Q86Y97_HVYRYLRAF|0.0
Q13131|Q86Y97_FLPESGFTI|0.0
Q13131|Q86Y97_ESGFTILPC|0.0
Q13131|Q86Y97_ILPCTRYSM|0.0
Q13131|Q86Y97_PLDKYQLRE|0.001
Q13131|Q86Y97_QGLDSGSRQ|0.0
Q13131|Q86Y97_CVHPSPLRR|0.387
Q13131|Q86Y97_FAPFSPPKR|0.0
Q13131|Q15022_GGGGSGPSA|0.004
Q13131|Q15022_IKRKTFKVD|0.013
Q13131|Q15022_DDMLSKVEK|0.447
Q13131|Q15022_MVKSYSLLF|0.546
Q13131|Q15022_LFRVTRPGR|0.018
Q13131|Q15022_ATWETILDG|0.0
Q13131|Q15022_KPLATRNSE|0.0
Q13131|Q15022_ATRNSESLH|0.776
Q13131|Q15022_NKPGSVKPT|0.0
Q13131|Q15022_TDLQTRKEK|0.018
Q13131|Q15022_IEEFSDVNE|0.0
Q13131|Q15022_EKGESASPA|0.703
Q13131|Q7L0J3_VQDEYSRRS|0.485
Q13131|Q7L0J3_FPAPSDGYY|0.815
Q13131|Q7L0J3_PSDGYYRGE|0.327
Q13131|Q7L0J3_SDGYYRGEG|0.019
Q13131|Q7L0J3_RGEGTQDEE|0.641
Q13131|Q7L0J3_DDEIYEGEY|0.0
Q13131|Q7L0J3_YEGEYQGIP|0.304
Q13131|Q7L0J3_GLIVYLGMM|0.701
Q13131|Q7L0J3_ERVFSVTHI|0.967
Q13131|Q7L0J3_VFSVTHIKT|0.894
Q13131|Q7L0J3_IEIQSDTGT|0.626
Q13131|Q7L0J3_QAVDYASRT|0.462
Q13131|Q7L1I2_DDYKYQDNY|0.0
Q13131|Q7L1I2_YQDNYGGYA|0.0
Q13131|Q7L1I2_NYGGYAPSD|0.0
Q13131|Q7L1I2_PSDGYYRGN|0.0
Q13131|Q7L1I2_SDGYYRGNE|0.0
Q13131|Q7L1I2_CRLISGIGI|0.0
Q13131|Q7L1I2_QDEEYKSKM|0.0
Q13131|Q496J9_AQDEYTQRS|0.0
Q13131|Q496J9_SITKSIPIL|0.0
Q13131|Q496J9_LLASTVLVC|0.0
Q13131|Q496J9_CLPDTRTQV|0.0
Q13131|Q4LDE5_VDYISTRRA|0.063
Q13131|Q4LDE5_DYISTRRAR|0.11
Q13131|Q4LDE5_DLVGSSIIL|0.007
Q13131|Q4LDE5_LVGSSIILC|0.438
Q13131|Q4LDE5_MLRCTTSGK|0.318
Q13131|Q4LDE5_LRCTTSGKW|0.23
Q13131|Q4LDE5_RCTTSGKWN|0.288
Q13131|Q4LDE5_AFETTLGKM|0.0
Q13131|Q4LDE5_EENLTKKYC|0.0
Q13131|Q4LDE5_NAKSSRIKR|0.447
Q13131|Q4LDE5_NSLETKKAS|0.0
Q13131|Q4LDE5_LGRGYVCLC|0.209
Q13131|Q4LDE5_CPLGYTGLK|0.0
Q13131|Q4LDE5_RNQATCVDE|0.0
Q13131|Q4LDE5_VDNGSDNTL|0.0
Q13131|Q4LDE5_YASGSNYSF|0.0
Q13131|Q4LDE5_RIFESEVRY|0.481
Q13131|Q4LDE5_PGYKSVGSP|0.004
Q13131|Q4LDE5_KSVGSPVFV|0.021
Q13131|Q4LDE5_CHEGYILHG|0.0
Q13131|Q4LDE5_CEKISCGPP|0.0
Q13131|Q8NHG7_KQIATSGPP|0.002
Q13131|Q8NHG7_QIATSGPPP|0.622
Q13131|Q8NHG7_GLRWTVS__|0.534
Q13131|Q8N4V2_GLKISVLWT|0.0
Q13131|Q8N4V2_SVLWTLYYG|0.0
Q13131|Q8N4V2_GVTRSNSGS|0.0
Q13131|Q8N434_ATKPTEPVT|0.0
Q13131|Q9UH65___MGSLKEE|0.0
Q13131|Q9UH65_EEIEYLLKK|0.799
Q13131|Q9UH65_CCVESLPDK|0.0
Q13131|Q9UH65_EISASDKKK|0.0
Q13131|Q9UH65_LKLGSPPPH|0.0
Q13131|Q9UH65_QARFSTELE|0.0
Q13131|Q9UH65_LEDMYLKLQ|0.464
Q13131|Q9UH65_NKTKSWKDK|0.0
Q13131|Q9UH65_PAAFTEAEL|0.0
Q13131|Q1ZZU3_LRGRSPTPA|0.0
Q13131|Q1ZZU3_GRSPTPALD|0.0
Q13131|Q1ZZU3_GAFRSPRPL|0.0
Q13131|Q1ZZU3_PLPKSGQAD|0.01
Q13131|Q6NVH7_GLEEYLAED|0.0
Q13131|Q5T5J6_KKETSQRKD|0.0
Q13131|Q5T5J6_QRKDTTTSS|0.327
Q13131|Q5T5J6_KDTTTSSPN|0.0
Q13131|Q5T5J6_DTTTSSPNF|0.0
Q13131|Q5T5J6_TTTSSPNFG|0.0
Q13131|Q5T5J6_STSSSSIRS|0.013
Q13131|Q5T5J6_SSIRSVSSE|0.0
Q13131|Q5T5J6_IRSVSSEKR|0.0
Q13131|Q5T5J6_LKRLSVEID|0.0
Q13131|Q5T5J6_PKIASDVKP|0.0
Q13131|Q5T5J6_EGQASENKW|0.005
Q13131|Q5T5J6_SDFTYKRTV|0.0
Q13131|Q5T5J6_KGLISGVKS|0.0
Q13131|Q5T5J6_VKSLSKEEL|0.0
Q13131|Q5T5J6_VEMEYTMQQ|0.0
Q13131|Q5T5J6_EMEYTMQQC|0.0
Q13131|Q5T5J6_QCNASVYME|0.0
Q13131|Q5T5J6_NASVYMEAK|0.006
Q13131|Q96A49_DFGNYLFNF|0.502
Q13131|Q96A49_FNFASAATK|0.0
Q13131|Q96A49_TKKITESVA|0.099
Q13131|Q96A49_KITESVAET|0.0
Q13131|Q96A49_TIKKSVEEG|0.028
Q13131|Q96A49_KEEKSNGRE|0.583
Q13131|Q9NX95_QHKVSPASE|0.497
Q13131|Q9NX95_SSGRSARTV|0.26
Q13131|Q9NX95_RSARTVSSN|0.28
Q13131|Q9NX95_NSFCSDDTG|0.019
Q13131|Q9NX95_SQSVSPVKT|0.156
Q13131|Q9NX95_SPVKTPSDA|0.0
Q13131|Q9NX95_VKTPSDAGN|0.933
Q13131|Q9NX95_DAGNSPIGF|0.428
Q13131|Q9NX95_FCPGSDEGF|0.506
Q13131|Q9NX95_VGEGSIQSS|0.379
Q13131|Q9NX95_GSIQSSRYK|0.482
Q13131|Q9NX95_SIQSSRYKK|0.683
Q13131|Q9NX95_QSSRYKKES|0.0
Q13131|Q9NX95_KPGSSPSSP|0.0
Q13131|Q9NX95_GSSPSSPRE|0.0
Q13131|Q9NX95_RNQLSPVNI|0.553
Q13131|Q9NX95_YAPSSPSSS|0.0
Q13131|Q9NX95_GSDCSPIMR|0.0
Q13131|Q9NX95_GRYMSCGEN|0.873
Q13131|Q9NX95_EQYLTPLQQ|0.0
Q13131|Q9NX95_GIQKYFVDI|0.004
Q13131|Q9NX95_VVPYSPAIS|0.0
Q13131|Q9NX95_AILLSPVET|0.315
Q13131|Q8N0S2_KAEPTAGAV|0.0
Q13131|Q8N0S2_GGQDTSSQK|0.0
Q13131|Q8N0S2_GQDTSSQKI|0.0
Q13131|Q8N0S2_QDTSSQKIE|0.0
Q13131|Q8N0S2_CALDSSKEQ|0.0
Q13131|Q8N0S2_ALDSSKEQL|0.0
Q13131|A8MT33_RRLHSPPEV|0.0
Q13131|Q6PIF2_PLGESKEHP|0.0
Q13131|Q6PIF2_VSDLTEKLE|0.0
Q13131|Q6PIF2_EERIYQIYN|0.02
Q13131|Q6PIF2_IYQIYNDHN|0.0
Q13131|A1L190_MEKISVQAT|0.0
Q13131|A1L190_TWMAYDMVV|0.0
Q13131|A1L190_RTNPTLAES|0.0
Q13131|Q0VAF6_THKFSAGTY|0.0
Q13131|Q0VAF6_SAGTYPRLE|0.0
Q13131|Q15431_YSKLYKEAE|0.0
Q13131|Q15431_TRQVYMDLN|0.031
Q13131|Q15431_ITDTYQKEI|0.0
Q13131|Q15431_HKHQYDKII|0.0
Q13131|Q15431_AKENTATLK|0.0
Q13131|Q15431_VPSQTVSRN|0.0
Q13131|Q15431_DKRDYLWTS|0.0
Q13131|Q15431_SAKNTLSTP|0.0
Q13131|Q15431_LPKAYTVKT|0.0
Q13131|Q15431_FDINSDSSE|0.0
Q13131|Q15431_KKAPSSLTT|0.0
Q13131|Q15431_PSSLTTPGS|0.0
Q13131|Q9BX26_EELVSLKEK|0.0
Q13131|Q9BX26_KRKMSEASM|0.0
Q13131|Q9BX26_MSEASMIVS|0.0
Q13131|Q9BX26_SMIVSGADR|0.697
Q13131|Q9BX26_LFSNTSIPP|0.069
Q13131|Q9BX26_FSNTSIPPR|0.0
Q13131|Q9BX26_LKSRSSEGR|0.063
Q13131|Q9BX26_KSRSSEGRH|0.0
Q13131|Q9BX26_QLIDYSRNK|0.0
Q13131|Q9BX26_LIDYSRNKN|0.899
Q13131|Q9BX26_PRKATKTKK|0.008
Q13131|Q9BX26_KATKTKKNY|0.0
Q13131|Q9BX26_EQEFSHSFK|0.0
Q13131|Q9BX26_EFSHSFKEN|0.346
Q13131|Q9BX26_ENIHSRMKT|0.0
Q13131|Q9BX26_SRMKTVKLP|0.0
Q13131|Q9BX26_SGSPSSIEV|0.0
Q13131|Q9BX26_GSPSSIEVT|0.0
Q13131|Q9BX26_FTQDYDCIT|0.0
Q13131|Q9BX26_TKSISPYPK|0.0
Q13131|Q9BX26_SISPYPKTS|0.0
Q13131|Q9BX26_INENYIQSK|0.588
Q13131|Q9BX26_KREESHLAS|0.0
Q13131|Q9BX26_SHLASSLSK|0.0
Q13131|Q9BX26_HLASSLSKS|0.0
Q13131|Q9BX26_ASSLSKSSE|0.0
Q13131|Q9BX26_SVFMSHERN|0.301
Q13131|Q5T4T6_QQKESHFPQ|0.0
Q13131|Q5T4T6_FPQKYNRLL|0.0
Q13131|Q5T4T6_VNQESLTES|0.0
Q13131|Q5T4T6_QESLTESTS|0.0
Q13131|Q5T4T6_SLTESTSLK|0.0
Q13131|Q5T4T6_KSQQSRLEE|0.0
Q13131|Q5T4T6_PEGISTSSL|0.0
Q13131|Q5T4T6_STQTS____|0.0
Q13131|Q8IZU3_RKKRSSAGV|0.001
Q13131|Q6ZW31_ILKDYLREL|0.0
Q13131|Q6ZW31_RELPTPLIT|0.0
Q13131|Q6ZW31_PGLASAVDF|0.0
Q13131|Q6ZW31_LPRQSPDVA|0.0
Q13131|Q6ZW31_GGPESPPSN|0.0
Q13131|Q5VT97_RQQVSPPRS|0.0
Q13131|Q5VT97_SPPRSPQRE|0.0
Q13131|Q5VT97_SCSRSLESL|0.0
Q13131|Q5VT97_QRWPSDSWI|0.0
Q13131|Q5VT97_WPSDSWIRC|0.0
Q13131|Q5VT97_PPAVTVKKL|0.0
Q13131|Q5VT97_APKVTGTQA|0.0
Q13131|Q5VT97_KVTGTQAAS|0.0
Q13131|Q5VT97_TQAASPNVG|0.0
Q13131|Q5VT97_DQRITLTDL|0.0
Q13131|Q5VT97_RNWLYQSTL|0.0
Q13131|Q5VT97_QLSQSFLKS|0.0
Q13131|Q5VT97_SFLKSSKEY|0.0
Q13131|Q5VT97_GDIQTTRSN|0.494
Q13131|Q5VT97_DIQTTRSNG|0.0
Q13131|Q5VT97_VKKGSSINW|0.0
Q13131|Q5VT97_DKIKSPRTV|0.001
Q13131|Q5VT97_NYINSPDNT|0.0
Q13131|Q5VT97_HLDTSVSSQ|0.134
Q13131|Q5VT97_DTSVSSQQS|0.0
Q13131|Q5VT97_SDGDSPELT|0.0
Q13131|Q5VT97_SPLITKQLY|0.0
Q13131|Q5VT97_TKQLYEAVL|0.0
Q13131|Q5VT97_VNKMTCQNL|0.0
Q13131|Q5VT97_QEPSTHNNR|0.0
Q13131|Q5VT97_NRLDSPLSN|0.0
Q13131|Q5VT97_IGENYSKMD|0.0
Q13131|Q5VT97_GENYSKMDG|0.0
Q13131|Q5VT97_KLNMSF___|0.0
Q13131|O95926_VLVDSAEEG|0.554
Q13131|O95926_RGEDYEKVK|0.582
Q13131|O95926_GFSDYAAAQ|0.0
Q13131|O95926_DMETYERLR|0.002
Q13131|O95926_KRDKYSRRR|0.006
Q13131|O95926_ADIDYINER|0.002
Q13131|O95926_AERFYGKYT|0.034
Q13131|O95926_FYGKYTAEI|0.0
Q13131|P43405_ELNGTYAIA|0.428
Q13131|P43405_LNGTYAIAG|0.536
Q13131|P43405_DLCHYHSQE|0.582
Q13131|P43405_LIATTAHEK|0.0
Q13131|P43405_NNGSYALCL|0.594
Q13131|P43405_LVEHYSYKA|0.249
Q13131|P43405_LDNPYIVRM|0.0
Q13131|P43405_VLLVTQHYA|0.566
Q13131|P43405_PVKWYAPEC|0.0
Q13131|P43405_ECINYYKFS|0.0
Q13131|Q92797_MASGSGDSV|0.0
Q13131|Q92797_GSGDSVTRR|0.0
Q13131|Q92797_RSVASQFFT|0.0
Q13131|Q92797_SQFFTQEEG|0.433
Q13131|Q92797_WMVKSRVIS|0.001
Q13131|Q92797_RMADSEIPR|0.473
Q13131|Q92797_PRDDSDSTL|0.005
Q13131|Q92797_KVVKTESVL|0.537
Q13131|Q92797_SVVGSLSSM|0.678
Q13131|Q92797_VGSLSSMSP|0.0
Q13131|Q92797_LSSMSPLEE|0.503
Q13131|Q92797_LKPLTDAQV|0.0
Q13131|Q92797_FAWLYQEYN|0.0
Q13131|Q92797_LYQEYNAYL|0.001
Q13131|Q92797_SLDKYEDCL|0.0
Q13131|Q92797_IRLLSGLQE|0.48
Q13131|Q92797_ESRTYLGMS|0.333
Q13131|Q92797_YLGMSTLRD|0.041
Q13131|Q92797_LGMSTLRDL|0.001
Q13131|Q92797_KVPPSPELV|0.197
Q13131|Q92797_NSALSPLNP|0.127
Q13131|Q92797_QVWKYPKVW|0.0
Q13131|Q92797_VRSFTPHQQ|0.776
Q13131|Q92797_SPSPSARPG|0.722
Q13131|Q92797_LPKETAAGG|0.707
Q13131|Q92797_AGGLTLKEE|0.566
Q13131|Q92797_AKGNS____|0.401
Q13131|P17600_RLSDSNFMA|0.0
Q13131|P17600_QDIASVVAL|0.0
Q13131|P17600_RTSVSGNWK|0.521
Q13131|P17600_PGRGSHGQT|0.573
Q13131|P17600_SHGQTPSPG|0.003
Q13131|P17600_LGRQTSQQP|0.0
Q13131|P17600_GRQTSQQPA|0.0
Q13131|P17600_ATRQTSVSG|0.0
Q13131|P17600_PVPRTGPPT|0.0
Q13131|P17600_SLRKSFASL|0.079
Q13131|P17600-2_AQKPSQDVP|0.0
Q13131|Q92777_RPLTTQQPQ|0.0
Q13131|Q92777_PPSSSSSSS|0.0
Q13131|Q92777_PSSSSSSSS|0.0
Q13131|Q92777_SSSSSSSSS|0.0
Q13131|Q92777_NKSQSLTNA|0.0
Q13131|Q92777_SLRKSFASL|0.008
Q13131|O14994_PDSSTSSPA|0.0
Q13131|O14994_QPQRSGSPS|0.0
Q13131|O14994_QRSGSPSQQ|0.002
Q13131|O14994_SGSPSQQRL|0.0
Q13131|O14994_QQRLSPQGQ|0.0
Q13131|O14994_LSPQSGSPQ|0.0
Q13131|O14994_PQSGSPQQQ|0.0
Q13131|O14994_RSPGSPQLS|0.0
Q13131|O14994_NKSQSLTNS|0.0
Q13131|O14994_SLTNSLSTS|0.0
Q13131|O14994_TSDTSQRGT|0.0
Q13131|O14994_NLRKSFASL|0.001
Q13131|Q9H7C4_AEELSTYKA|0.0
Q13131|P18827_EGSYSLEEP|0.574
Q13131|P34741_IEEASGVYP|0.399
Q13131|P34741_QKAPTKEFY|0.0
Q13131|O75056_PLVVTEVPE|0.0
Q13131|O75056_PSPPTTAAV|0.0
Q13131|O75056_TEAPTPRLV|0.0
Q13131|O75056_SPPGTLPKG|0.0
Q13131|O75056_KDEGSYTLE|0.0
Q13131|O75056_PKQASVTYQ|0.577
Q13131|P31431_SMSSTVQGS|0.575
Q13131|P31431_KKAPTNEFY|0.0
Q13131|Q8NF91_SRGASRCPR|0.0
Q13131|Q8NF91_SETPSPPSK|0.0
Q13131|Q8NF91_DGKLSLDQA|0.001
Q13131|Q8NF91_WDRVTSRLF|0.0
Q13131|Q8NF91_SKLKSWIIK|0.0
Q13131|Q8NF91_WIIKYGRRE|0.0
Q13131|Q8NF91_NWDRYGNTV|0.049
Q13131|Q8NF91_RYGNTVASL|0.362
Q13131|Q8NF91_NTVASLQAW|0.0
Q13131|Q8NF91_MKKEYTDCV|0.0
Q13131|Q8NF91_KKEYTDCVV|0.0
Q13131|Q8NF91_SAFATEAHK|0.0
Q13131|Q8NF91_AHLITKESP|0.0
Q13131|Q8NF91_FATMSKLKE|0.0
Q13131|Q8NF91_KILDTENLF|0.551
Q13131|Q8NF91_KLESTLDGL|0.0
Q13131|Q8NF91_RIQVTLRKW|0.0
Q13131|Q8NF91_TVVRYLFQT|0.048
Q13131|Q8NF91_EAKASSPEM|0.0
Q13131|Q8NF91_EMDISADRV|0.0
Q13131|Q8NF91_FSVASKDDV|0.0
Q13131|Q8NF91_AKLGSLGRA|0.967
Q13131|Q8NF91_ELLKSIEDI|0.0
Q13131|Q8NF91_LMREYQNLK|0.618
Q13131|Q8NF91_SVIVTRTTI|0.0
Q13131|Q8NF91_IEGWSNNCV|0.0
Q13131|Q8NF91_LCRKYHSAE|0.0
Q13131|Q8NF91_RKYHSAELE|0.0
Q13131|Q8NF91_AELESLGRA|0.0
Q13131|Q8NF91_MSGDSSATQ|0.0
Q13131|Q8NF91_SGDSSATQK|0.0
Q13131|Q8NF91_DSSATQKKL|0.0
Q13131|Q8NF91_LSTYSGKVS|0.0
Q13131|Q8NF91_LRDKTTMLG|0.008
Q13131|Q8NF91_RDKTTMLGK|0.58
Q13131|Q8NF91_AVTKSEKLV|0.0
Q13131|Q8NF91_EWLKTAEEK|0.007
Q13131|Q8NF91_EEKVSPRTR|0.243
Q13131|Q8NF91_TRRQSNRAT|0.0
Q13131|Q8NF91_SNRATKEIQ|0.014
Q13131|Q8NF91_GCQATQLTS|0.0
Q13131|Q8NF91_ATQLTSRYQ|0.0
Q13131|Q8NF91_TQLTSRYQA|0.0
Q13131|Q8NF91_RAVKYLEEG|0.008
Q13131|Q8NF91_VQDVTLKDK|0.0
Q13131|Q8NF91_LQSDYQDLC|0.0
Q13131|Q8NF91_EQARTYLDL|0.0
Q13131|Q8NF91_QARTYLDLL|0.0
Q13131|Q8NF91_DLLCSMCDL|0.0
Q13131|Q8NF91_MCDLSNASV|0.445
Q13131|Q8NF91_LSNASVKTT|0.0
Q13131|Q8NF91_QNMVSQVKD|0.003
Q13131|Q8NF91_ASVNTIIEK|0.0
Q13131|Q8NF91_MLLKSLIKD|0.21
Q13131|Q8NF91_SLQDSGIVL|0.0
Q13131|Q8NF91_EVQSSLRIM|0.142
Q13131|Q8NF91_MNALSHKEK|0.0
Q13131|Q8NF91_WQRWTRLRA|0.0
Q13131|Q8NF91_PACRSPSPV|0.081
Q13131|Q8NF91_CRSPSPVAN|0.441
Q13131|Q8NF91_SQEFYEPGL|0.0
Q13131|Q8NF91_DLQRSWETL|0.513
Q13131|Q8NF91_EKQRTLYEA|0.0
Q13131|Q8NF91_QRTLYEALE|0.0
Q13131|Q8NF91_RQQKYQDSL|0.0
Q13131|Q8NF91_KLSESPEPG|0.0
Q13131|Q8NF91_RLKGSLLEL|0.0
Q13131|Q8NF91_QRQSSLQQQ|0.889
Q13131|Q8NF91_MKWESLHQE|0.646
Q13131|Q8NF91_NRLLSGVPL|0.766
Q13131|Q8NF91_AKRQSIHLE|0.947
Q13131|Q8NF91_VLFTSLADN|0.0
Q13131|Q8NF91_ADNKYIILQ|0.513
Q13131|Q8NF91_KIIVSSKEE|0.0
Q13131|Q8NF91_VQKETQFHT|0.0
Q13131|Q8NF91_TQFHTELMA|0.0
Q13131|Q8NF91_QPKLYQVLD|0.0
Q13131|Q8NF91_RSELSRIDS|0.067
Q13131|Q8NF91_TDLLTNIPA|0.0
Q13131|Q8NF91_DKLPSRHAI|0.0
Q13131|Q8NF91_NSIGYKAIH|0.0
Q13131|Q8NF91_YLQKYKGFK|0.0
Q13131|Q8NF91_MEARYSLSR|0.0
Q13131|Q8NF91_RYSLSRFRL|0.0
Q13131|Q8NF91_LKFSSMAPD|0.266
Q13131|Q8NF91_VEVSYLPMS|0.069
Q13131|Q8NF91_LAKASHESK|0.0
Q13131|Q8NF91_SGVIYTVAK|0.001
Q13131|Q8NF91_GVIYTVAKE|0.0
Q13131|Q8NF91_ELEDSAALS|0.0
Q13131|Q8NF91_SAALSDLHW|0.0
Q13131|Q8NF91_DSLLSPQPS|0.0
Q13131|Q8NF91_RALPSEDEE|0.0
Q13131|Q8NF91_QIQQTENII|0.0
Q13131|Q8NF91_NIIRSKTPT|0.651
Q13131|Q8NF91_SKTPTGPEL|0.719
Q13131|Q8NF91_PELDTSYKG|0.0
Q13131|Q8NF91_SYKGYMKLL|0.0
Q13131|Q8NF91_EEEESLPGF|0.0
Q13131|Q8NF91_RLELSTDIQ|0.012
Q13131|Q8NF91_SGSVSPTSG|0.0
Q13131|Q8NF91_RGKCSLSQP|0.626
Q13131|Q8NF91_KCSLSQPGP|0.0
Q13131|Q8NF91_GPSVSSPHS|0.0
Q13131|Q8NF91_PSVSSPHSR|0.0
Q13131|Q8NF91_SSPHSRSTK|0.0
Q13131|Q8NF91_TKGGSDSSL|0.809
Q13131|Q8NF91_GGSDSSLSE|0.931
Q13131|Q8NF91-3_MIPESPEAY|0.0
Q13131|Q8NF91-3_IKNTSGDHS|0.0
Q13131|Q8NF91-3_SGDHSALES|0.0
Q13131|Q8NF91-3_SALESQIRQ|0.0
Q13131|Q8NF91-4_EGRKSMHRG|0.028
Q13131|Q8NF91-4_MHRGSPIKL|0.0
Q13131|Q8NF91-4_MIPESPEAY|0.0
Q13131|Q8NF91-4_IKNTSGDHS|0.0
Q13131|Q8WXH0_LARHTSPSV|0.0
Q13131|Q8WXH0_ARHTSPSVI|0.0
Q13131|Q8WXH0_HTSPSVISD|0.0
Q13131|Q8WXH0_SDLFTDIKK|0.004
Q13131|Q8WXH0_VVDSSPASS|0.002
Q13131|Q8WXH0_SSPASSPPA|0.0
Q13131|Q8WXH0_SPASSPPAK|0.113
Q13131|Q8WXH0_CGEIYKNLA|0.0
Q13131|Q8WXH0_INKQYMMVK|0.0
Q13131|Q8WXH0_DVCMYRKNI|0.0
Q13131|Q8WXH0_RKNIYNVKS|0.474
Q13131|Q8WXH0_RKLVSKTQL|0.003
Q13131|Q8WXH0_LVSKTQLEM|0.179
Q13131|Q8WXH0_STDMSVELP|0.81
Q13131|Q8WXH0_DDVDTSMEE|0.263
Q13131|Q8WXH0_ELESYMMRA|0.0
Q13131|Q8WXH0_DYSASINSL|0.55
Q13131|Q8WXH0_KFRITSDFS|0.727
Q13131|Q8WXH0_FRITSDFSS|0.0
Q13131|Q8WXH0_ASLRTAKLS|0.0
Q13131|Q8WXH0_HRKKSLIRL|0.367
Q13131|Q8WXH0_VLDEYEEEK|0.0
Q13131|Q8WXH0_NKMKTFEEP|0.0
Q13131|Q8WXH0_LTGESNCHA|0.0
Q13131|Q8WXH0_LKALSPSDS|0.684
Q13131|Q8WXH0_DRYQTLLRQ|0.0
Q13131|Q8WXH0_LRQLSEIEE|0.0
Q13131|Q8WXH0_LVQKTLTDI|0.0
Q13131|Q8WXH0_QKTLTDISN|0.536
Q13131|Q8WXH0_ENRLSLQDG|0.496
Q13131|Q8WXH0_LQDGTLKKI|0.0
Q13131|Q8WXH0_KGKFTLPGR|0.0
Q13131|Q8WXH0_SKQLSLNAQ|0.0
Q13131|Q8WXH0_PLEQTECLN|0.0
Q13131|Q8WXH0_WENLSNHVT|0.0
Q13131|Q8WXH0_AGNQSMIAL|0.0
Q13131|Q8WXH0_MIALTTDLQ|0.0
Q13131|Q8WXH0_DLQATKHGF|0.0
Q13131|Q8WXH0_KMKETILWA|0.0
Q13131|Q8WXH0_QSVESLAEE|0.513
Q13131|Q8WXH0_IKKMTEVVL|0.01
Q13131|Q8WXH0_KAPDSSPES|0.0
Q13131|Q8WXH0_APDSSPESR|0.0
Q13131|Q8WXH0_VLELSPKEL|0.047
Q13131|Q8WXH0_LNDAYENLT|0.0
Q13131|Q8WXH0_LGMISSPEA|0.303
Q13131|Q8WXH0_GMISSPEAK|0.52
Q13131|Q8WXH0_NYKCYRKME|0.0
Q13131|Q8WXH0_EEDIYTNLS|0.799
Q13131|Q8WXH0_AEIESQVEE|0.0
Q13131|Q8WXH0_AECRTSQLN|0.0
Q13131|Q8WXH0_DLLKSTEAW|0.0
Q13131|Q8WXH0_ADYDSLRTL|0.0
Q13131|Q8WXH0_LRTLSHHAS|0.528
Q13131|Q8WXH0_NLLHSIFMD|0.0
Q13131|Q8WXH0_KIMESLPQI|0.0
Q13131|Q8WXH0_SKIKTILLS|0.942
Q13131|Q8WXH0_LENVTQEQN|0.017
Q13131|Q8WXH0_SSVKSDNGD|0.706
Q13131|Q8WXH0_EDRASSSSG|0.629
Q13131|Q8WXH0_DRASSSSGT|0.755
Q13131|Q8WXH0_RASSSSGTI|0.897
Q13131|Q8WXH0_ASSSSGTIV|0.729
Q13131|Q8WXH0_VQEAYGKIS|0.0
Q13131|Q8WXH0_AQILTPDSL|0.0
Q13131|Q8WXH0_QAMLTEIEH|0.0
Q13131|Q8WXH0_TELSSPFVT|0.0
Q13131|Q8WXH0_LIQAYSAKI|0.0
Q13131|Q8WXH0_IQAYSAKIL|0.0
Q13131|Q8WXH0_KILPSLLQN|0.0
Q13131|Q8WXH0_FDENYASLE|0.275
Q13131|Q8WXH0_DSVHSPSSA|0.139
Q13131|Q8WXH0_FQKRSSVLT|0.0
Q13131|Q8WXH0_FLTDTSHLL|0.0
Q13131|Q8WXH0_RFSLYQTRS|0.494
Q13131|Q8WXH0_ARIESELSK|0.904
Q13131|Q8WXH0_LIQKSEPLD|0.0
Q13131|Q8WXH0_HRRLTSCTP|0.0
Q13131|Q8WXH0_RRLTSCTPG|0.961
Q13131|Q8WXH0_LTSCTPGLE|0.0
Q13131|Q8WXH0_SENETDMED|0.622
Q13131|Q8WXH0_IQTDSWRKR|0.718
Q13131|Q8WXH0_SDGHSWHVP|0.001
Q13131|Q8WXH0_VPPASSTPY|0.0
Q13131|Q8WXH0_PPASSTPYK|0.0
Q13131|Q8WXH0_PASSTPYKP|0.016
Q13131|Q8WXH0_SSTPYKPPY|0.0
Q13131|Q8WXH0_SVNVSSKEF|0.0
Q13131|Q8WXH0_LQTESPEST|0.0
Q13131|Q8WXH0_RAVRTTEGE|0.534
Q13131|Q6ZMZ3_KELLTMLQL|0.053
Q13131|Q6ZMZ3_QVAGSMRDR|0.0
Q13131|Q6ZMZ3_KLKDSGHLL|0.466
Q13131|Q9UMZ2_RLLSSVKPK|0.564
Q13131|Q9UMZ2_KMHPTPASH|0.002
Q13131|Q9UMZ2_KLNTSEVGH|0.761
Q13131|Q9UMZ2_TAKLYPILM|0.392
Q13131|Q9UMZ2_ILMSSGLPR|0.546
Q13131|Q9UMZ2_QHGNSAPSL|0.438
Q13131|Q9UMZ2_SMDKYAVFK|0.037
Q13131|Q9UMZ2_PLGESFAEF|0.006
Q13131|Q9UMZ2_RSAGTDDGF|0.0
Q13131|Q9UMZ2_PLSFSAVFS|0.024
Q13131|Q9UMZ2_STSKSVSTP|0.0
Q13131|Q9UMZ2_SKSVSTPQS|0.0
Q13131|Q9UMZ2_KSVSTPQST|0.596
Q13131|Q9UMZ2_STPQSTGSA|0.624
Q13131|Q9UMZ2_QSTGSAATM|0.0
Q13131|Q9UMZ2_STAASTKYD|0.0
Q13131|Q9UMZ2_TAASTKYDV|0.0
Q13131|Q9UMZ2_ASTKYDVFR|0.004
Q13131|Q9UMZ2_ADFHSSKFS|0.0
Q13131|Q9UMZ2_SSKFSSINS|0.0
Q13131|Q9UMZ2_SKFSSINSD|0.339
Q13131|Q9UMZ2_SSINSDKSL|0.729
Q13131|Q9UMZ2_NSDKSLGEK|0.0
Q13131|Q9UMZ2_EDSASVKSL|0.566
Q13131|Q9UMZ2_LDLPSIGGS|0.03
Q13131|Q9UMZ2_SIGGSSVGK|0.019
Q13131|Q9UMZ2_EDALSVQFD|0.027
Q13131|Q9UMZ2_VMSDSSLDL|0.533
Q13131|Q9UMZ2_TLTSYDWSD|0.0
Q13131|Q9UMZ2_PFVLSAGSG|0.0
Q13131|Q9UMZ2_QKKETSFGS|0.833
Q13131|Q9UMZ2_ITMTSLSKV|0.026
Q13131|Q9UMZ2_MTSLSKVTT|0.008
Q13131|Q9UMZ2_SPASSGASQ|0.0
Q13131|Q9UMZ2_PNECSDDFG|0.0
Q13131|Q9UMZ2_LVATSQSKM|0.846
Q13131|Q9UMZ2_DKEISRSSP|0.005
Q13131|Q9UMZ2-6_KHVMSDSSL|0.0
Q13131|Q96PV0_RRTVSVPVE|0.451
Q13131|Q96PV0_DDMLYARTT|0.0
Q13131|Q96PV0_EEVASALVH|0.0
Q13131|Q96PV0_SFEGYIDLG|0.0
Q13131|Q96PV0_SVNKSVSML|0.0
Q13131|Q96PV0_GMRLSQMGV|0.946
Q13131|Q96PV0_QMGVTTDGV|0.0
Q13131|Q96PV0_MGVTTDGVP|0.0
Q13131|Q96PV0_SKEGSIGGS|0.01
Q13131|Q96PV0_GLKPSITKQ|0.0
Q13131|Q96PV0_TMPASERTV|0.0
Q13131|Q96PV0_KLKEYSKSM|0.0
Q13131|Q96PV0_LKEYSKSMD|0.0
Q13131|Q96PV0_EYSKSMDES|0.0
Q13131|Q96PV0_SMDESRLDR|0.0
Q13131|Q96PV0_SQIKSIIGR|0.0
Q13131|Q96PV0-2_SKEGSIGGS|0.0
Q13131|Q96PV0-2_GLKPSITKQ|0.0
Q13131|O43759_AFDPYTLVR|0.002
Q13131|O43759_RQPHTILRV|0.581
Q13131|O43759-2_EEYSTLFPA|0.0
Q13131|O43760_ESGAYGAAK|0.0
Q13131|O43760_KAGGSFDLR|0.0
Q13131|O43760_FIQNYVDPT|0.0
Q13131|O43760_TAYASYPGA|0.0
Q13131|O43760_TTEGYQPPP|0.0
Q13131|O43760_PPPVY____|0.0
Q13131|O43761_FRLGTDMSL|0.0
Q13131|O43761_SLFATEQLS|0.0
Q13131|O95473_PSANSPVNM|0.0
Q13131|O43426__MAFSKGFR|0.022
Q13131|O43426_VLDAYGLLG|0.001
Q13131|O43426_YLDDSVSSF|0.0
Q13131|O43426_DDSVSSFIQ|0.0
Q13131|O43426_DSVSSFIQI|0.0
Q13131|O43426_NLLGSKEGE|0.001
Q13131|O43426_IYAGTGALE|0.0
Q13131|O43426_RALLTTGSL|0.0
Q13131|O43426_ALLTTGSLR|0.545
Q13131|O43426_MLFHTTSLC|0.0
Q13131|O43426_AAGQSQVKE|0.0
Q13131|O43426_TSPSSSPRT|0.0
Q13131|O43426_SPSSSPRTS|0.0
Q13131|O43426_SSPRTSPCQ|0.393
Q13131|O43426_SPRTSPCQS|0.0
Q13131|O43426_SPCQSPTIS|0.0
Q13131|O43426_SPTISEGPV|0.512
Q13131|O43426_GPVPSLPIR|0.0
Q13131|O43426_AQPATPLPQ|0.0
Q13131|O43426_GAPPSPGVA|0.0
Q13131|O43426_KSPGTTRKD|0.0
Q13131|O43426_RSQPSPQAG|0.005
Q13131|O43426_GPAGYSTAR|0.0
Q13131|O43426_HARASAGRL|0.0
Q13131|O43426_LTPESQSKT|0.541
Q13131|O43426_PESQSKTSE|0.0
Q13131|O43426_KTSETSKGS|0.0
Q13131|O43426_PNLETPPQP|0.017
Q13131|O43426_PPPRSRSSH|0.0
Q13131|O43426_RSSHSLPSE|0.575
Q13131|O43426_SEASSQPQV|0.0
Q13131|O43426_PQVKTNGIS|0.01
Q13131|O43426_KAQLSVQTS|0.0
Q13131|O43426_SPVPTPDPK|0.45
Q13131|O43426_ARSQSQENM|0.874
Q13131|O43426_ENMRSSPNP|0.565
Q13131|O43426_NMRSSPNPF|0.006
Q13131|O43426_FRAKSEESE|0.0
Q13131|O43426_PVTISPFPS|0.0
Q13131|O43426_SRASSSLDG|0.0
Q13131|O43426_RASSSLDGF|0.0
Q13131|O43426_GTNVSFCVL|0.497
Q13131|O43426-2_PRSRSSHSL|0.0
Q13131|O43426-4_SGARSPAPT|0.0
Q13131|O43426-4_SPAPTRKEF|0.0
Q13131|O43426-4_GAPKSPGTT|0.0
Q13131|O43426-4_PRSRSSHSL|0.0
Q13131|O15056__MALSKGLR|0.001
Q13131|O15056_LTDAYGCLG|0.0
Q13131|O15056_LQVGSHHLR|0.657
Q13131|O15056_GENVSPRFQ|0.0
Q13131|O15056_MLLDSTALL|0.002
Q13131|O15056_QKAISRSHR|0.527
Q13131|O15056_AISRSHRYI|0.021
Q13131|O15056_RHTWSPGAL|0.0
Q13131|O15056_ELMQTLGSY|0.531
Q13131|O15056_QTLGSYGTI|0.0
Q13131|O15056_PVSPTANSC|0.0
Q13131|O15056_PTANSCLLE|0.0
Q13131|O15056_SPSRSLSVP|0.0
Q13131|O15056_SRSLSVPNR|0.0
Q13131|O15056_MVKKSASDA|0.202
Q13131|O15056_THGQYSILQ|0.008
Q13131|O15056_HGQYSILQT|0.372
Q13131|O15056_SILQTARLL|0.029
Q13131|O15056_EEALSAVAP|0.0
Q13131|O15056_AKPETPQAP|0.0
Q13131|O15056_GKPLSPEEQ|0.0
Q13131|O15056_GAGASVPPP|0.0
Q13131|O15056_LLGDYQDPF|0.0
Q13131|O15056_WLSKSSDPL|0.005
Q13131|O15056_LSKSSDPLD|0.002
Q13131|O15056_DPLDSGTRS|0.0
Q13131|O15056_LDSGTRSPK|0.276
Q13131|O15056_SGTRSPKRD|0.026
Q13131|O15056_PLAKT____|0.001
Q13131|P57105_TRGPSGLGF|0.991
Q13131|P57105_VSNDSGIYV|0.993
Q13131|Q8N3V7_VTQGTPQLP|0.043
Q13131|Q8N3V7_TASPSPGPG|0.0
Q13131|Q8N3V7_PSPQSPDRG|0.0
Q13131|Q8N3V7_MEGYSEEAS|0.154
Q13131|Q8N3V7_GLHLSQNRE|0.81
Q13131|Q8N3V7_IDKVSTPAT|0.455
Q13131|Q8N3V7_DKVSTPATT|0.012
Q13131|Q8N3V7_RAAATTPTK|0.5
Q13131|Q8N3V7_ATTPTKVYS|0.0
Q13131|Q8N3V7_PTKVYSEVH|0.356
Q13131|Q8N3V7_TKVYSEVHF|0.545
Q13131|Q8N3V7_AKPPSVVNR|0.079
Q13131|Q8N3V7_APGGTSQME|0.106
Q13131|Q8N3V7_QMERSPMLE|0.083
Q13131|Q8N3V7_RHIMSRSPM|0.0
Q13131|Q8N3V7_IMSRSPMVE|0.011
Q13131|Q8N3V7_MGQRSPASE|0.043
Q13131|Q8N3V7_RSPASERRP|0.0
Q13131|Q8N3V7_ILEESMARR|0.009
Q13131|Q8N3V7_GSRKSMFTF|0.734
Q13131|Q8N3V7_PEWASCLKS|0.504
Q13131|Q8N3V7_NQNLSEASG|0.0
Q13131|Q8N3V7_LSEASGKGA|0.162
Q13131|Q8N3V7_YVIESSSHT|0.495
Q13131|Q8N3V7_IESSSHTPE|0.0
Q13131|Q8N3V7_CPSPTMSLP|0.461
Q13131|Q8N3V7_SLPSSWKYP|0.0
Q13131|Q8N3V7_FRVASRSPA|0.001
Q13131|Q8N3V7_VASRSPART|0.0
Q13131|Q8N3V7_PASLYHGYL|0.009
Q13131|Q8N3V7_QLRPSLFVL|0.699
Q13131|Q8N3V7_LFVLSPIKE|0.0
Q13131|Q8N3V7_PAKVSPRAA|0.034
Q13131|Q8N3V7_PTAVSPPYG|0.0
Q13131|Q8N3V7_VSPPYGGDI|0.0
Q13131|Q8N3V7_PVSPSRAWS|0.018
Q13131|Q8N3V7_APRPSFSTR|0.096
Q13131|Q8N3V7_RPSFSTRNA|0.001
Q13131|Q8N3V7-2_GRGSSMSSP|0.0
Q13131|Q8N3V7-2_WSERSVSPL|0.0
Q13131|Q8N3V7-2_PAGPSSCTS|0.0
Q13131|Q8N3V7-2_AGPSSCTSP|0.0
Q13131|Q8N3V7-2_SSCTSPRSP|0.0
Q13131|Q8N3V7-2_DSDVSLDSE|0.0
Q13131|Q8N3V7-2_VSLDSEDSG|0.0
Q13131|Q8N3V7-2_DSEDSGAKS|0.0
Q13131|Q8N3V7-2_GWNGSLRLK|0.0
Q13131|Q8N3V7-2_PAEASCTT_|0.0
Q13131|Q8N3V7-2_ASCTT____|0.0
Q13131|Q9UMS6_THGGYVEST|0.481
Q13131|Q9UMS6_DCAGSLKEE|0.098
Q13131|Q9UMS6_ELQLSLSQE|0.01
Q13131|Q9UMS6_HKGASGPLV|0.773
Q13131|Q9UMS6_GAEKSKSPD|0.582
Q13131|Q9UMS6_EKSKSPDPD|0.145
Q13131|Q9UMS6_DPNLSHDRI|0.561
Q13131|Q9UMS6_VHINSIPTN|0.901
Q13131|Q9UMS6_PFLRSSKII|0.057
Q13131|Q9UMS6_FLRSSKIIQ|0.453
Q13131|Q9UMS6_IIQISSGRE|0.604
Q13131|Q9UMS6_IQISSGREL|0.909
Q13131|Q9UMS6_ECVDSPVEG|0.481
Q13131|Q9UMS6_RLRRSESLS|0.653
Q13131|Q9UMS6_RRSESLSEK|0.871
Q13131|Q9UMS6_SESLSEKQV|0.586
Q13131|Q9UMS6_KEAKSKCKS|0.242
Q13131|Q9UMS6_SKCKSIALL|0.468
Q13131|Q9UMS6_ARKYTLVSY|0.39
Q13131|Q9UMS6_MDQITAQKE|0.0
Q13131|Q9UMS6_KVGGTPSRE|0.454
Q13131|Q9UMS6_GGTPSREQD|0.876
Q13131|Q9UMS6_VRTQSSVSK|0.463
Q13131|Q9UMS6_QSSVSKSYI|0.0
Q13131|Q9UMS6_NQPATPFSP|0.466
Q13131|Q9UMS6_ATPFSPTRN|0.343
Q13131|Q9UMS6_PFSPTRNMT|0.017
Q13131|Q9UMS6_PPPYSAVTP|0.584
Q13131|Q9UMS6_PDAFSRGVS|0.286
Q13131|Q9UMS6_RGVSSPIAG|0.361
Q13131|Q9UMS6_DERISVPAK|0.688
Q13131|Q9UMS6_AKRRSTTKP|0.665
Q13131|Q9UMS6_KRRSTTKPM|0.524
Q13131|Q9UMS6_EPKVSPNPE|0.093
Q13131|Q9UMS6_PELLSLLQN|0.612
Q13131|Q9UMS6_LLQNSEGKR|0.818
Q13131|Q9UMS6_EDYLSLGAE|0.651
Q13131|Q9UMS6_PAVKSSSSQ|0.236
Q13131|Q9UMS6_AVKSSSSQP|0.0
Q13131|Q9UMS6_VKSSSSQPV|0.0
Q13131|Q9UMS6_KSSSSQPVT|0.0
Q13131|Q9UMS6_SPVWSPGVA|0.251
Q13131|Q9UMS6_GVAPTQPPA|0.583
Q13131|Q9UMS6_TSNPSKGTV|0.071
Q13131|Q9UMS6_PSKGTVVSS|0.0
Q13131|Q9UMS6_AQPSYPPAR|0.0
Q13131|Q9UMS6_ARPASTLNV|0.94
Q13131|Q9UMS6_ASQNYTPKP|0.143
Q13131|Q9UMS6_RMEKYVVDS|0.0
Q13131|Q9UMS6_VDSDTVQAH|0.477
Q13131|Q9UMS6_AQSPTPSLP|0.297
Q13131|Q9UMS6_SLPASWKYS|0.517
Q13131|Q9UMS6_PPVAYNPIH|0.0
Q13131|Q9UMS6_NPIHSPSYP|0.122
Q13131|Q9UMS6_IHSPSYPLA|0.776
Q13131|Q9UMS6_HSPSYPLAA|0.242
Q13131|Q9UMS6_VKVNSALAM|0.255
Q13131|Q9UMS6_FAEASSPVS|0.0
Q13131|Q9UMS6_AEASSPVSA|0.0
Q13131|Q9UMS6_PVSASPVPV|0.068
Q13131|Q9UMS6_VGIPTSPKQ|0.002
Q13131|Q9UMS6_ASSSYFVAP|0.0
Q13131|Q9UMS6_SAKKSGVTI|0.799
Q13131|Q9UMS6-2_SAKKSGVTI|0.157
Q13131|Q9UMS6-2_KSGVTIQES|0.0
Q13131|Q9UMS6-2_GRSLSLPGR|0.0
Q13131|Q9UMS6-2_VYQPTYSYS|0.0
Q13131|Q9UMS6-2_YSYSSKPTD|0.0
Q13131|Q9UMS6-2_AAAKSPLGL|0.0
Q13131|Q9UMS6-2_NIQESIVAN|0.0
Q13131|Q9UMS6-2_NERLSYIPQ|0.0
Q13131|Q9UMS6-2_ERLSYIPQT|0.057
Q13131|Q9UMS6-2_GRQEYNVTA|0.012
Q13131|Q9UMS6-2_PYAYYRQAS|0.0
Q13131|Q9UMS6-2_YRQASRNDS|0.0
Q13131|Q9UMS6-2_SRNDSAIMS|0.0
Q13131|Q9UMS6-2_METRSDYCL|0.0
Q13131|Q9H987_PLQVSKIRR|0.546
Q13131|Q9H987_SEAYYGETD|0.525
Q13131|Q9H987_YYGETDSDA|0.0
Q13131|Q9H987_GETDSDADG|0.0
Q13131|Q9H987_QRAESLQEK|0.854
Q13131|Q9H987_SDARSLTNQ|0.0
Q13131|Q9H987_ARAGSRASE|0.0
Q13131|Q9H987_GSRASEGQG|0.453
Q13131|Q9H987_EGQGSGLGG|0.465
Q13131|Q9H987_QRADSSTQE|0.652
Q13131|Q9H987_RADSSTQEL|0.577
Q13131|Q9H987_ADSSTQELA|0.533
Q13131|Q9H987_EGLQSPPRA|0.28
Q13131|Q9H987_VLPPSPLPA|0.539
Q13131|Q9H987_APVASPRPF|0.0
Q13131|Q9H987_GSPSTPRSS|0.0
Q13131|Q9H987_GKEETKNSP|0.0
Q13131|Q9H987_ETKNSPNPE|0.0
Q13131|Q9H987_PELLSLVQN|0.412
Q13131|Q9H987_GGAESGPEE|0.0
Q13131|Q9H987_VTPKTPPPM|0.001
Q13131|Q9H987_MAPKTPPPM|0.543
Q13131|Q9H987_PPPMTPKTP|0.019
Q13131|Q9H987_MTPKTPPPV|0.476
Q13131|Q9H987_PRPRSPSPT|0.025
Q13131|Q9H987_PRSPSPTPS|0.039
Q13131|Q9H987_NPLLSPFFP|0.0
Q13131|Q9H987_IRRFSTPAP|0.477
Q13131|Q9H987_RRFSTPAPQ|0.594
Q13131|Q9H987_PRAATTLDE|0.839
Q13131|Q9H987_APVPSPAPP|0.0
Q13131|Q8TBG9_CKQPSNKCM|0.0
Q13131|Q8TBG9_SPVMSSLNT|0.0
Q13131|Q8TBG9_PVMSSLNTS|0.0
Q13131|O15079_SLPGSRRTS|0.0
Q13131|O15079_GSRRTSAGS|0.0
Q13131|O15079_SRRTSAGSR|0.0
Q13131|O15079_TSAGSRRRT|0.0
Q13131|O15079_SRRRTSPPV|0.0
Q13131|O15079_RRRTSPPVS|0.006
Q13131|O15079_VRDAYGTSS|0.0
Q13131|O15079_SLSSSSNSG|0.0
Q13131|O15079_NSGSYKGSD|0.0
Q13131|O15079_IKPPTPEQY|0.0
Q13131|O15079_GLQKYFVDI|0.0
Q13131|O15079_RFPASNTYE|0.0
Q13131|O15079_GQPIYNISS|0.0
Q13131|O15079_IYNISSLLR|0.0
Q13131|O00560_IQAQTAFSA|0.0
Q13131|O00560_QTAFSANPA|0.0
Q13131|O00560_PAILSEASA|0.728
Q13131|O00560_LSEASAPIP|0.592
Q13131|O00560_YPRLYPELS|0.0
Q13131|O00560_YPELSQYMG|0.799
Q13131|O00560_ELSQYMGLS|0.858
Q13131|O00560_RMAPSIMKS|0.3
Q13131|O00560-2_VAVVSGAPL|0.0
Q13131|P08247_VEFEYPFRL|0.0
Q13131|P08247_LHQVYFDAP|0.0
Q13131|P08247_PGDAYGDAG|0.0
Q13131|Q16563_GQRMSGFQI|0.451
Q13131|Q16563_ATFGYPFRL|0.0
Q13131|Q16563_TSLHSPSNT|0.0
Q13131|Q16563_LHSPSNTSA|0.0
Q13131|Q16563_PSNTSAPHS|0.0
Q13131|Q16563_SAPHSQGGI|0.0
Q13131|Q16563_IPPPTGI__|0.0
Q13131|P21579_TVLPSNATE|0.0
Q13131|P21579_DDAETGLTD|0.0
Q13131|P21579_TSDPYVKVF|0.03
Q13131|P21579_FKVPYSELG|0.0
Q13131|P21579_VMAVYDFDR|0.001
Q13131|P21579_LSDPYVKIH|0.047
Q13131|Q6XYQ8_RGETTTSIG|0.0
Q13131|Q6XYQ8_GETTTSIGR|0.0
Q13131|Q6XYQ8_AMDITGSSD|0.0
Q13131|Q6XYQ8_DITGSSDPY|0.0
Q13131|Q6XYQ8_ITGSSDPYV|0.0
Q13131|Q6XYQ8_SSDPYVKVS|0.0
Q13131|Q6XYQ8_KKRKTTTKK|0.555
Q13131|Q9BT88_LKGISIYPE|0.0
Q13131|Q9BT88_GISIYPETL|0.0
Q13131|Q9BT88_IKMDYGEEL|0.0
Q13131|Q9BT88_RSPITSLTP|0.0
Q13131|Q9BT88_GSDPYIKMT|0.0
Q13131|Q9BT88_VSLSYQPVA|0.0
Q13131|Q9BT88_AQRMTVVVL|0.0
Q13131|Q9BT88_SGNPYVKVN|0.0
Q13131|Q9BT88_KVNVYYGRK|0.589
Q13131|Q9BT88_VNVYYGRKR|0.0
Q13131|Q9BT88_DFDRTTKNE|0.0
Q13131|Q8IV01_FESISELGP|0.0
Q13131|Q8IV01_APYGTLRKS|0.0
Q13131|Q8IV01_IVGISRIQR|0.079
Q13131|Q7L8C5_ALGATLGTA|0.0
Q13131|Q7L8C5_NVKKSTEPV|0.0
Q13131|Q7L8C5_VKKSTEPVQ|0.0
Q13131|Q7L8C5_EVINYADYS|0.0
Q13131|Q7L8C5_TAPASPQPP|0.0
Q13131|Q7L8C5_GCDCYVQGS|0.0
Q13131|Q7L8C5_YVQGSVANR|0.001
Q13131|Q7L8C5_FSRHSVAGE|0.003
Q13131|Q7L8C5_GLDGTSVPL|0.0
Q13131|Q7L8C5_LDGTSVPLG|0.0
Q13131|Q7L8C5_EVLLSISYL|0.0
Q13131|Q8NB59_IRKVSPEAV|0.0
Q13131|Q8NB59_YVKLTLLNS|0.0
Q13131|Q8NB59_SKCKTSIRR|0.0
Q13131|Q8NB59_LNHWTEMKE|0.0
Q13131|Q8NB59-7_YMNLSVLEK|0.0
Q13131|Q8NB59-7_IGYFSVARL|0.0
Q13131|Q9BQS2_LVKLYLLPD|0.0
Q13131|Q9BQS2_TASLSLTVV|0.0
Q13131|Q17RD7_LVNISKQDS|0.547
Q13131|Q17RD7_SKQDSKLSD|0.0
Q13131|Q17RD7_QRRYSENLS|0.449
Q13131|Q17RD7_SENLSYGED|0.0
Q13131|Q17RD7_ENLSYGEDD|0.0
Q13131|Q17RD7_EQDRTNLQV|0.476
Q13131|Q17RD7_SEPISKCGD|0.0
Q13131|Q9BSW7_EGFLSRISG|0.0
Q13131|Q9BSW7_LSRISGLLL|0.0
Q13131|Q9BSW7_LCRWTCRHC|0.0
Q13131|Q9BSW7_EVPLTPRTN|0.0
Q13131|Q9BSW7_TRRISSLES|0.396
Q13131|Q9BSW7_SSLESRRPS|0.0
Q13131|Q9BSW7_SRRPSSPLI|0.0
Q13131|Q9BSW7_RRPSSPLID|0.0
Q13131|Q9BSW7_QLLQTDVSQ|0.0
Q13131|Q9BSW7_QTDVSQGSD|0.0
Q13131|Q9BSW7_VSQGSDPFV|0.0
Q13131|Q8N9I0_DDAETGLTE|0.0
Q13131|Q8N9I0_ETGLTEGEG|0.01
Q13131|Q8N9I0_TSDPYVKVF|0.0
Q13131|Q8N9I0_LSDPYVKIH|0.0
Q13131|Q8N9I0_IFVGSNATG|0.002
Q13131|Q8N9I0_GSNATGTEL|0.003
Q13131|Q9BQG1_KPELYQGTG|0.0
Q13131|Q9BQG1_AGRLTVTII|0.0
Q13131|Q9BQG1_AMDLTGFSD|0.001
Q13131|Q9BQG1_LTGFSDPYV|0.0
Q13131|Q9BQG1_FSDPYVKAS|0.0
Q13131|Q9BQG1_YVKASLISE|0.0
Q13131|Q9BQG1_ASLISEGRR|0.0
Q13131|Q9H2B2_GVDIYPENL|0.0
Q13131|Q9H2B2_NFPKTNLKP|0.028
Q13131|Q9H2B2_LKPGSPSDL|0.499
Q13131|O00445_PSPDTPPDS|0.0
Q13131|O00445_TPPDSSRIS|0.0
Q13131|O00445_PPDSSRISH|0.0
Q13131|O00445_CRRRTGKKS|0.012
Q13131|O00445_LGQSYIDKV|0.0
Q13131|O00445_VMAVYDFDR|0.0
Q13131|O00445_FDRFSRNDA|0.002
Q13131|O00445_LSDPYVKVH|0.0
Q13131|Q5T7P8_EVQMSVKEH|0.0
Q13131|Q5T7P8_LQRQTTEPA|0.0
Q13131|Q5T7P8_QRQTTEPAS|0.0
Q13131|Q5T7P8_EPASSTRHT|0.0
Q13131|Q5T7P8_QMHVSSVDY|0.0
Q13131|Q5T7P8_MHVSSVDYG|0.0
Q13131|Q5T7P8_EDAKSEATK|0.0
Q13131|Q5T7P8_KSEATKSCG|0.0
Q13131|O43581_RYKNSLETV|0.7
Q13131|O43581_ETVGTPDSG|0.0
Q13131|O43581_GTPDSGRGR|0.0
Q13131|O43581_TSDPYVKVW|0.0
Q13131|O43581_VWLMYKDKR|0.484
Q13131|O43581_EKKKTVTMK|0.0
Q13131|Q8NBV8_RDKESVGLG|0.0
Q13131|Q8NBV8_VGLGSARGT|0.033
Q13131|Q8NBV8_TVDPYARVS|0.0
Q13131|Q8NBV8_FSLRYVPSS|0.504
Q13131|Q8NBV8_SGRLTVVVL|0.602
Q13131|Q86SS6_QLNLSNPDF|0.0
Q13131|Q86SS6_YKQRSLDND|0.031
Q13131|Q8IYJ3_RGHPSQEGL|0.864
Q13131|Q8IYJ3_KLRASVADP|0.797
Q13131|Q8IYJ3_RRKKSTRGD|0.97
Q13131|Q8IYJ3_EPRLTIDEA|0.755
Q13131|Q8IYJ3_PDFPSPSVP|0.0
Q13131|Q8IYJ3_LEPASGGEQ|0.0
Q13131|Q8IYJ3_GPDPSLDRM|0.451
Q13131|Q8IYJ3_DRMLSSSSS|0.022
Q13131|Q8IYJ3_RRRRSDPYV|0.433
Q13131|Q8IYJ3_RSDPYVKSY|0.0
Q13131|Q8IYJ3_RVPPSPDDL|0.228
Q13131|Q8IYJ3_VVRRSLSPV|0.935
Q13131|Q8IYJ3_RRSLSPVFN|0.823
Q13131|Q8IYJ3_VFNHTMVYD|0.006
Q13131|Q8IYJ3_LAPRT____|0.006
Q13131|Q9HCH5_LKNMSGQWF|0.0
Q13131|Q9HCH5_GQWFYEAKA|0.0
Q13131|Q9HCH5_IIRASMRKK|0.002
Q13131|Q9HCH5_SPSSSVVNP|0.0
Q13131|Q9HCH5_KPNVSPEKR|0.0
Q13131|Q9HCH5_NPFNSSKLP|0.0
Q13131|Q9HCH5_EDELSESKE|0.001
Q13131|Q9HCH5_RKMIYKSTD|0.0
Q13131|Q9HCH5_MIYKSTDLN|0.0
Q13131|Q9HCH5_IYKSTDLNK|0.0
Q13131|Q9HCH5_PRQRTDSLK|0.0
Q13131|Q9HCH5_QRTDSLKAR|0.54
Q13131|Q9HCH5_KRNSSSSST|0.866
Q13131|Q9HCH5_SSSSSTDSE|0.0
Q13131|Q9HCH5_SSSSTDSET|0.006
Q13131|Q9HCH5_SSTDSETLR|0.0
Q13131|Q9HCH5_SKIVSPGLT|0.0
Q13131|Q9HCH5_SPGLTIHER|0.044
Q13131|Q9HCH5_HERISEKEH|0.603
Q13131|Q9HCH5_EKEHSLEDN|0.038
Q13131|Q9HCH5_EDNSSPNSL|0.506
Q13131|Q9HCH5_ELPQSPGLI|0.0
Q13131|Q9HCH5_VGEFSVLES|0.913
Q13131|Q9HCH5_KPSQYRKPS|0.102
Q13131|Q9HCH5_YRKPSLFHQ|0.559
Q13131|Q9HCH5_TSSPYVSKS|0.0
Q13131|Q9HCH5_SPYVSKSET|0.0
Q13131|Q9HCH5_ARPQSMENS|0.0
Q13131|Q9HCH5_SMENSPTIN|0.0
Q13131|Q9HCH5_VLPRSPADE|0.0
Q13131|Q9HCH5_VPGGSSRDR|0.407
Q13131|Q9HCH5_RQQGSEEEP|0.0
Q13131|Q9HCH5_EEEPSPVLK|0.01
Q13131|Q9HCH5_RKMPSKSLE|0.586
Q13131|Q9HCH5_MPSKSLEDI|0.0
Q13131|Q9HCH5_ELVRSAEDV|0.694
Q13131|Q9HCH5_RMSKSVPAF|0.001
Q13131|Q9HCH5_LQDESDDRE|0.0
Q13131|Q9HCH5_TDTASESSY|0.0
Q13131|Q9HCH5_TASESSYQL|0.0
Q13131|Q9HCH5_RSDPYVKAY|0.0
Q13131|Q9HCH5_YVKAYLLPD|0.0
Q13131|Q9HCH5_VVKKTLNPV|0.599
Q13131|Q9HCH5_LNPVYNEIL|0.0
Q13131|Q9HCH5_TGKSYGTEV|0.0
Q13131|Q9HCH5-4__MSKSVPAF|0.0
Q13131|Q9HCH5-7_DKNITTTSQ|0.0
Q13131|Q9HCH5-7_HKEFSDIKL|0.0
Q13131|Q9HCH5-7_EVLLSPKKV|0.0
Q13131|Q9HCH5-7_TFPLSPLRK|0.0
Q13131|Q9HCH5-7_PLRKYTYQL|0.0
Q13131|Q9HCH5-7_RKYTYQLPG|0.438
Q13131|Q9HCH5-7_EGIVTPVFK|0.0
Q13131|Q9HCH5-7_EEKDYSEQE|0.0
Q13131|Q9HCH5-7_VKRNSLTAS|0.0
Q13131|Q9HCH5-7_SLTASLDKL|0.0
Q13131|Q9HCH5-7_KKAESGECQ|0.0
Q13131|Q9HCH5-7_SRKGSFGDV|0.0
Q13131|Q9HCH5-7_LNDVSAALQ|0.0
Q13131|Q9HCH5-7_QPVCSPLNP|0.0
Q13131|Q9HCH5-7_FPSKYESDT|0.0
Q13131|Q9HCH5-7_TGNLSPSKL|0.0
Q13131|Q9HCH5-7_LITESAFDA|0.0
Q13131|Q9HCH5-7_LKEITEAPP|0.0
Q13131|Q9HCH5-7_QPQVSVREE|0.0
Q13131|Q9HCH5-7_YRAASQTSE|0.0
Q13131|Q9HCH5-7_EIPRTPQLY|0.0
Q13131|Q9HCH5-7_IKTVTPPED|0.0
Q13131|Q9HCH5-7_LTLASPYMK|0.0
Q13131|Q4VX76_YQKLSKISV|0.0
Q13131|Q4VX76_LSKISVVPP|0.0
Q13131|Q4VX76_VVPPTPPPV|0.0
Q13131|Q4VX76_QCSRSPGRL|0.0
Q13131|Q4VX76_GFNKSVENL|0.575
Q13131|Q4VX76_KLSKSQNDM|0.0
Q13131|Q4VX76_CVGQTERRS|0.0
Q13131|Q4VX76_RRSQSDTAV|0.63
Q13131|Q4VX76_TRKVSAPDI|0.476
Q13131|Q4VX76_PDRSSQGKR|0.0
Q13131|Q4VX76_WHLGTLARR|0.0
Q13131|Q4VX76_KYEDSVPQS|0.0
Q13131|Q4VX76_SVPQSNGEL|0.0
Q13131|Q4VX76_NGELTVRAK|0.0
Q13131|Q4VX76_GDACSLSKL|0.055
Q13131|Q96C24_YRTGSEIIR|0.013
Q13131|Q96C24_QKEPSVLFE|0.548
Q13131|Q96C24_LDSFTADSD|0.404
Q13131|Q96C24_SDSTSRRDS|0.039
Q13131|Q96C24_WKKMSAPKS|0.0
Q13131|Q96C24_ILRPSEYTK|0.327
Q13131|Q96C24_RPSEYTKSV|0.0
Q13131|Q96C24_LGDRSKSVP|0.612
Q13131|Q96C24_DRSKSVPGL|0.782
Q13131|Q96C24_STIGSMMSI|0.0
Q13131|Q96C24_MMSIYSEAG|0.013
Q13131|Q96C24_FSLKYEQQT|0.381
Q13131|Q96C24_RSNPYVKTY|0.251
Q13131|Q96C24_PASKTPVGG|0.502
Q13131|Q96C24_DRKKSKGGE|0.028
Q13131|Q96C24_KAGGTSDSF|0.0
Q13131|Q96C24_AGGTSDSFV|0.015
Q13131|Q96C24_FVKGYLLPM|0.117
Q13131|Q96C24_RNKASKRKT|0.158
Q13131|Q96C24_SKRKTPVMK|0.0
Q13131|Q96C24_KMRQYPGSW|0.563
Q13131|Q96C24_QYPGSWAEG|0.0
Q13131|Q8TDW5_LRIITGEWF|0.0
Q13131|Q8TDW5_ILRRSPGAE|0.278
Q13131|Q8TDW5_FRSATRGEI|0.0
Q13131|Q8TDW5_ITPKTDTGR|0.649
Q13131|Q8TDW5_GRSYSLDLD|0.938
Q13131|Q8TDW5_PGPRTPKSS|0.368
Q13131|Q8TDW5_SPAPSTRTV|0.0
Q13131|Q8TDW5_SQELTKSHR|0.0
Q13131|Q8TDW5_ELTKSHRRN|0.681
Q13131|Q8TDW5_DLSESFTED|0.0
Q13131|Q8TDW5_IRSKSVPGA|0.963
Q13131|Q8TDW5_LDKDSLEET|0.0
Q13131|Q8TDW5_KYTISHTQL|0.986
Q13131|Q8TDW5_KKKESPVIS|0.0
Q13131|Q8TDW5_AKNLTAVKS|0.822
Q13131|Q8TDW5_TAVKSGGTS|0.771
Q13131|Q86TM6_CLAFTVFRD|0.345
Q13131|Q86TM6_KKAVTDAIM|0.439
Q13131|Q86TM6_DAIMSRRAI|0.826
Q13131|Q86TM6_AASSTSIPS|0.026
Q13131|Q86TM6_ASSTSIPSS|0.11
Q13131|Q86TM6_SIPSSEATT|0.384
Q13131|Q86TM6_SSEATTPTP|0.048
Q13131|Q86TM6_TPGASPPAP|0.001
Q13131|Q7Z422_TQKESRKSK|0.0
Q13131|Q7Z422_LKRPTSNGV|0.0
Q13131|Q7Z422_PNSTSRPTL|0.0
Q13131|Q7Z422_TSRPTLPVK|0.576
Q13131|Q7Z422_REAEYAEAR|0.0
Q13131|Q7Z422_PTRISQPED|0.412
Q13131|Q7Z422_QPEDSRQPN|0.0
Q13131|Q7Z422-4_KRRQTAGRK|0.013
Q13131|Q5T011_AEDQSPDSG|0.664
Q13131|Q5T011_KVGVSMVTA|0.442
Q13131|Q5T011_ADLVSTVSV|0.098
Q13131|Q5T011_GPRVTRVEV|0.604
Q13131|Q5T011_HRVQSKEPT|0.458
Q13131|Q5T011_SKEPTPKVK|0.382
Q13131|Q5T011_SPSKSPPVL|0.437
Q13131|Q5T011_LPLDYRAPF|0.001
Q13131|Q5T011_SGAPSLKDL|0.638
Q13131|Q5T011_VLSVTLASD|0.397
Q13131|Q5T011_QGELSPPFR|0.513
Q13131|Q5T011_GRQASQTES|0.962
Q13131|Q5T011_SSIETEDLS|0.413
Q13131|Q5T011_TEDLSEPEF|0.751
Q13131|Q5T011_DRKISDLEF|0.526
Q13131|Q5T011_DLSVTLDVF|0.446
Q13131|Q5T011_LPTASDPQH|0.419
Q13131|Q5T011_QHHRSTSES|0.885
Q13131|Q5T011_HRSTSESSA|0.937
Q13131|Q5T011_TSESSASFP|0.015
Q13131|Q5T011_ESSASFPRS|0.182
Q13131|Q5T011_HPGLSNLAT|0.429
Q13131|Q5T011_GIPQSPALH|0.026
Q13131|Q5T011_TLTASPQAP|0.323
Q13131|Q5T011_QAPGSPEDS|0.064
Q13131|Q5T011_SPEDSEGVP|0.692
Q13131|Q5T011_FTLRTPPGP|0.162
Q13131|Q5T011_ALSRSQEPI|0.704
Q13131|Q5T011_QEPIYSEEA|0.0
Q13131|Q5T011_EPIYSEEAS|0.408
Q13131|Q5T011_SGPRSPLDM|0.485
Q13131|Q5T011_SSRSSDAAR|0.05
Q13131|Q5T011_GGQGTGGKG|0.26
Q13131|Q5T011_GEPVTPPSK|0.418
Q13131|Q5T011_AGRRSFWDM|0.461
Q13131|Q5T011_GDLGSPKTT|0.486
Q13131|Q5T011_ESVRTPGGA|0.55
Q13131|Q5T011_QKRRTTQLE|0.16
Q13131|Q5T011_KRRTTQLEE|0.921
Q13131|Q5T011_VSRSSAHMV|0.722
Q13131|Q5T011_IRSASPPLS|0.444
Q13131|Q5T011_SPPLSREQG|0.371
Q13131|Q5T011_SLDVSPPGA|0.491
Q13131|Q5T011_AILGTEGRG|0.525
Q13131|Q5T011_EGRGSFSCP|0.381
Q13131|Q5T011_LGKTSLTVV|0.574
Q13131|Q5T011_QPQDSESPP|0.0
Q13131|Q5T011_QDSESPPAQ|0.326
Q13131|Q96RJ0_HSMATVDFL|0.0
Q13131|Q9P1P5_YGNRSCPEN|0.0
Q13131|Q9P1P5_ENERSLGVR|0.01
Q13131|Q9P1P5_RVAMYSFMA|0.0
Q13131|Q9P1P5_GKIFSSCFH|0.0
Q13131|Q9P1P5_KIFSSCFHN|0.0
Q13131|Q9P1P5_MQKESE___|0.0
Q13131|Q96RI8_SIDRYIAVT|0.0
Q13131|Q96RI8_DPLVYPTKF|0.0
Q13131|Q96RI8_TGSKTESSS|0.0
Q13131|Q96RI8_KTESSSESY|0.0
Q13131|Q96RI8_SSSESYKAR|0.0
Q13131|Q96RI8_SSESYKARV|0.0
Q13131|Q96RI9_LHTPTNFLI|0.0
Q13131|Q96RI9_RKIESTASQ|0.0
Q13131|Q96RI9_KIESTASQA|0.0
Q13131|Q96RI9_ESTASQAQS|0.0
Q13131|Q15750_SLLQSEQQP|0.994
Q13131|Q15750_EQQPSWTDD|0.904
Q13131|Q15750_NNKLYVANV|0.872
Q13131|Q15750_ANVGTNRAL|0.904
Q13131|Q15750_KRIHSDTFA|0.509
Q13131|Q15750_MSQPTPSPA|0.442
Q13131|Q15750_RPAHSLPPG|0.448
Q13131|Q15750_RVEPYVDFA|0.304
Q13131|Q15750_FAEFYRLWS|0.458
Q13131|Q15750_YRLWSVDHG|0.469
Q13131|Q9NYJ8_LSQQTPRFN|0.044
Q13131|Q9NYJ8_PRTSSTSSS|0.712
Q13131|Q9NYJ8_ISTNSGASA|0.411
Q13131|Q9NYJ8_ASAASRNMS|0.71
Q13131|Q9NYJ8_SRNMSGQVS|0.801
Q13131|Q9NYJ8_HPPKSRAIG|0.454
Q13131|Q9NYJ8_IGNNSATSP|0.401
Q13131|Q9NYJ8_RVVVTQPNT|0.469
Q13131|Q9NYJ8_TFELTNLLN|0.538
Q13131|Q9NYJ8_RLKRSNSIS|0.822
Q13131|Q9NYJ8_SQIPSLEEM|0.401
Q13131|Q9NYJ8_IHNFYDNIG|0.475
Q13131|Q9NYJ8_SIIKTPKTQ|0.306
Q13131|Q8N5C8_MAQSSPQLD|0.765
Q13131|Q8N5C8_ESSKYLYME|0.436
Q13131|Q8N5C8_SKYLYMEYH|0.621
Q13131|Q8N5C8_LYMEYHSPD|0.452
Q13131|Q8N5C8_LGIHSPSSY|0.509
Q13131|Q8N5C8_IHSPSSYHP|0.425
Q13131|Q8N5C8_HSPSSYHPG|0.428
Q13131|Q8N5C8_SPSSYHPGD|0.435
Q13131|Q8N5C8_NGGRTLVHS|0.373
Q13131|Q8N5C8_LVHSSSDGH|0.438
Q13131|Q8N5C8_QEPHSAPAV|0.819
Q13131|Q8N5C8_VVAATPNYN|0.426
Q13131|Q8N5C8_PSNLYGSPG|0.224
Q13131|Q8N5C8_YLPYTASSL|0.435
Q13131|Q8N5C8_VNPVYITYT|0.423
Q13131|Q8N5C8_GPSCTPSPS|0.435
Q13131|Q8N5C8_SCTPSPSPR|0.467
Q13131|Q8N5C8_TPSPSPRVI|0.0
Q13131|Q8N5C8_GSDDYAYTQ|0.39
Q13131|Q8N5C8_LRRVSCTTA|0.468
Q13131|Q8N5C8_MNNFYDNIE|0.297
Q13131|Q8N5C8_PPKPSKKDS|0.21
Q13131|Q8N5C8_ARRISVTSK|0.583
Q13131|Q8N5C8_DIHDTQAAA|0.411
Q13131|Q9UHF0_DPKESTSPE|0.0
Q13131|Q9UHF0_PKESTSPEK|0.0
Q13131|O75410_SQAETKSLS|0.872
Q13131|O75410_GNFETPEAE|0.019
Q13131|O75410_PEAETPIRS|0.003
Q13131|O75410_KSQESQEAD|0.777
Q13131|O75410_IDSHSVKNF|0.957
Q13131|O75410_KAGNSCPEL|0.671
Q13131|O75410_ELVPSRRSK|0.0
Q13131|O75410_AVEGTPLPK|0.461
Q13131|O75410_PKASYHFSP|0.349
Q13131|O75410_SYHFSPEEL|0.59
Q13131|O75410_LDENTSPLL|0.865
Q13131|O75410_RFQKSPPDL|0.743
Q13131|O75410_DTNDSGVEL|0.844
Q13131|O75410_RKLGSTLTP|0.492
Q13131|O75410_GSTLTPKIQ|0.939
Q13131|O75410_GISKSAGLE|0.926
Q13131|O75410_EILESPKKA|0.76
Q13131|O75410_DGHATDEEK|0.83
Q13131|O75410_EEIITKEIE|0.0
Q13131|O75410_TSQKSFQQL|0.127
Q13131|O75410_SVERSLSDL|0.509
Q13131|O75410_AKAESAALH|0.367
Q13131|O95359_ENSTSDNQR|0.474
Q13131|O95359_DNQRTLSAQ|0.368
Q13131|O95359_QRTLSAQTP|0.14
Q13131|O95359_LSAQTPRSA|0.386
Q13131|O95359_DTPGSPDHR|0.383
Q13131|O95359_SLLPSPPPS|0.001
Q13131|O95359_QGVASVQVT|0.273
Q13131|O95359_SVQVTPEAP|0.255
Q13131|O95359_PSLLTPTEE|0.0
Q13131|O95359_ERQVSDLGS|0.746
Q13131|O95359_GRMESFLTL|0.892
Q13131|O95359_RKMGSCDGE|0.757
Q13131|O95359_GKETSPSHP|0.441
Q13131|O95359_SRKETCCTG|0.0
Q13131|O95359_ETCCTGQGP|0.0
Q13131|O95359_GPNKSQQAL|0.002
Q13131|O95359_LEEGSQHEE|0.0
Q13131|O95359_AAPDTPYLH|0.002
Q13131|O95359_PDTPYLHVD|0.518
Q13131|O95359_LHVDSAAQR|0.336
Q13131|O95359_ENAASLKLF|0.536
Q13131|O95359_SPAATQELP|0.0
Q13131|O95359_SACDSPHGE|0.0
Q13131|O95359_GMEGTAALH|0.0
Q13131|O95359_LHGDSPARP|0.364
Q13131|O95359_VCVSSPPEP|0.0
Q13131|O95359_LSRSSDSEE|0.596
Q13131|O95359_PRPPSLKKK|0.588
Q13131|O95359_KPTETPPVK|0.0
Q13131|O95359_VPPASGGGR|0.553
Q13131|O95359_EVTPSDSGG|0.0
Q13131|O95359_AKGLSVRLE|0.009
Q13131|O95359_EFDYSEDKS|0.088
Q13131|O95359_KSPASFEIP|0.482
Q13131|O95359_SPKRSPLSD|0.302
Q13131|O95359_SDPPSQDPT|0.185
Q13131|O95359_VVHATDEEK|0.001
Q13131|O95359_EELDYRNSY|0.287
Q13131|O95359_DYRNSYEIE|0.021
Q13131|O95359_KQALYLMFD|0.313
Q13131|O95359_MFDTSQESP|0.481
Q13131|O95359_SPVKSSPVR|0.663
Q13131|O95359_PVKSSPVRM|0.51
Q13131|O95359_PVRMSESPT|0.726
Q13131|O95359_KTALYSRIG|0.408
Q13131|O95359_LFRRYEKMK|0.553
Q13131|O95359-2_MGLGTPSEA|0.0
Q13131|O95359-2_PTDVSISKT|0.0
Q13131|O95359-3_MGLGTPSEA|0.0
Q13131|O95359-3_PTDVSISKT|0.0
Q13131|Q9Y6A5____MSLQVL|0.0
Q13131|Q9Y6A5_DKNVSNEKN|0.0
Q13131|Q9Y6A5_PPEVTGRSS|0.486
Q13131|Q9Y6A5_AMKVTFQTP|0.0
Q13131|Q9Y6A5_RDPQTHRIL|0.0
Q13131|Q9Y6A5_ILSPSMASK|0.52
Q13131|Q9Y6A5_NQMVSPGKV|0.003
Q13131|Q9Y6A5_EENLSSYSL|0.0
Q13131|Q9Y6A5_DRRVTPASE|0.25
Q13131|Q9Y6A5_HKAETPHGA|0.005
Q13131|Q9Y6A5_CKAETPHGA|0.371
Q13131|Q9Y6A5_SRGSYHLDW|0.0
Q13131|Q9Y6A5_ESPETRLGQ|0.146
Q13131|Q9Y6A5_NSASTSLPT|0.0
Q13131|Q9Y6A5_SCPGSEPVP|0.004
Q13131|Q9Y6A5_LKEESFRDP|0.585
Q13131|Q9Y6A5_EVLGTGAEV|0.0
Q13131|Q9Y6A5_AEVDYLEQF|0.1
Q13131|Q9Y6A5_KQSLYLKFD|0.176
Q13131|Q9Y6A5_LLRDSPGRP|0.004
Q13131|Q9Y6A5_GANETPSGR|0.049
Q13131|Q9Y6A5_NETPSGRPR|0.0
Q13131|Q9Y6A5_EEVVYQAME|0.0
Q13131|Q9Y6A5_EKSFSDLFK|0.0
Q13131|Q9Y6A5_ALQASLRKE|0.697
Q13131|P78536_HFKLYLTSS|0.439
Q13131|P78536_KLYLTSSTE|0.497
Q13131|P78536_LTSSTERFS|0.875
Q13131|P78536_QGGKYVMYP|0.426
Q13131|P78536_KYVMYPIAV|0.46
Q13131|P78536_YESLSLFHP|0.445
Q13131|P78536_PVIPSAPAA|0.432
Q13131|P78536_QEDPSTDSH|0.428
Q13131|P78536_EDPSTDSHM|0.588
Q13131|P78536_PSTDSHMDE|0.858
Q13131|P78536_PFPNSSTAA|0.714
Q13131|P78536_FEDLTDHPV|0.488
Q13131|P78536_EKAASFKLQ|0.989
Q13131|P25103_KSTRYLQTQ|0.0
Q13131|P25103_QTQGSVYKV|0.0
Q13131|P25103_SNVLS____|0.0
Q13131|P21452_AADRYMAIV|0.0
Q13131|P21452_LSAPSTKAV|0.0
Q13131|P21452_SAPSTKAVI|0.0
Q13131|P21452_KLELTPTTS|0.0
Q13131|P29371_NRQSSMYTV|0.0
Q13131|P29371_MYTVTRMES|0.0
Q13131|P29371_MESMTVVFD|0.0
Q13131|P09758_WCVNSVGVR|0.0
Q13131|P09758_GDAAYYFER|0.0
Q13131|P09758_DAAYYFERD|0.0
Q13131|P09758_RTLIYYLDE|0.003
Q13131|Q96BN2_ILVSTPDGA|0.42
Q13131|Q96BN2_WPGGSAAKP|0.046
Q13131|Q96BN2_GSNVTPQPY|0.531
Q13131|O75478_VVDIYHSRL|0.0
Q13131|O75478_DIYHSRLKE|0.663
Q13131|O75478_DLYETMRRF|0.0
Q13131|O75478_SGRRSAPPL|0.674
Q13131|Q86TJ2_GGPLSPSLT|0.128
Q13131|Q86TJ2_VLCSSLNLS|0.356
Q13131|Q86TJ2_SLNLSPARY|0.481
Q13131|Q86TJ2_SPARYVTVK|0.156
Q13131|O75528_KIQEYEFTD|0.0
Q13131|O75528_NKPFSVPHT|0.0
Q13131|O75528_PAEDSEDEV|0.0
Q13131|P21675_PQEATQAES|0.273
Q13131|P21675_TQAESEDGK|0.412
Q13131|P21675_ESEVSQKSL|0.465
Q13131|P21675_KFSQSTGDI|0.418
Q13131|P21675_AEWRYGPAR|0.539
Q13131|P21675_ARLWYDMLG|0.443
Q13131|P21675_SGFDYGFKL|0.255
Q13131|P21675_PSSMTRNAM|0.751
Q13131|P21675_IIQHSIPAV|0.897
Q13131|P21675_DFKRTGMDS|0.44
Q13131|P21675_QCCAYYSMI|0.181
Q13131|P21675_CCAYYSMIA|0.024
Q13131|P21675_GSRFSVAEH|0.604
Q13131|P21675_SSQLSRERE|0.535
Q13131|P21675_LAAGSAASG|0.322
Q13131|P21675_DDTASVTSL|0.637
Q13131|P21675_TSLNSSATG|0.952
Q13131|P21675_ELEKTVIHN|0.948
Q13131|P21675_VRRKSLVLK|0.939
Q13131|P21675_RRVGTTVHC|0.415
Q13131|P21675_VHCDYLNRP|0.489
Q13131|P21675_HRRRTDPMV|0.709
Q13131|P21675_DPMVTLSSI|0.453
Q13131|P21675_SILESIIND|0.499
Q13131|P21675_VPDYYKVIV|0.419
Q13131|P21675_SKHKYQSRE|0.449
Q13131|P21675_HKYQSRESF|0.402
Q13131|P21675_AELESLDPM|0.452
Q13131|P21675_PGPYTPQPP|0.024
Q13131|P21675_FQDESNMSV|0.87
Q13131|P21675_ESNMSVLDI|0.371
Q13131|P21675_LDIPSATPE|0.664
Q13131|P21675_DSNISYGSY|0.531
Q13131|P21675_ISYGSYEEP|0.402
Q13131|Q12962_AALPSSTAA|0.001
Q13131|Q12962_LPSSTAAEN|0.0
Q13131|Q12962_GSSRSKSKD|0.098
Q13131|Q12962_ALSEYGINV|0.001
Q13131|Q12962_KKPHYFT__|0.0
Q13131|Q15544_HESPSDKGG|0.011
Q13131|Q15544_SDLTTVERE|0.0
Q13131|Q15544_EREDSSLLN|0.266
Q13131|Q15544_REDSSLLNP|0.0
Q13131|Q15543_EEDPTFEEE|0.455
Q13131|Q5VWG9_GCHRYSELY|0.545
Q13131|Q5VWG9_YSELYGRTD|0.452
Q13131|Q5VWG9_PQPGSKDAE|0.814
Q13131|Q5VWG9_RLLSTKGDT|0.998
Q13131|Q5VWG9_TKGDTLDVV|0.78
Q13131|Q5VWG9_KPLETKSFT|0.408
Q13131|Q5VWG9_LETKSFTPK|0.398
Q13131|Q5VWG9_TKSFTPKTK|0.416
Q13131|Q5VWG9_KSPKTAQSP|0.963
Q13131|Q5VWG9_SPGRSKSPK|0.431
Q13131|Q5VWG9_GRSKSPKSP|0.578
Q13131|Q5VWG9_KSPKSPKSP|0.154
Q13131|Q5VWG9_KSPKSPKVT|0.443
Q13131|Q5VWG9_HIPQTPVRP|0.581
Q13131|Q5VWG9_VRPETPNRT|0.948
Q13131|Q5VWG9_TPNRTPSAT|0.635
Q13131|Q5VWG9_TPSATLSEK|0.418
Q13131|Q5VWG9_SATLSEKIS|0.889
Q13131|Q5VWG9_GPECTTPKA|0.431
Q13131|Q5VWG9_PECTTPKAS|0.744
Q13131|Q5VWG9_ISSPSVSPP|0.766
Q13131|Q5VWG9_TKLPSSVEV|0.397
Q13131|Q5VWG9_KLPSSVEVK|0.987
Q13131|Q5VWG9_KDKETGRET|0.631
Q13131|Q5VWG9_TGRETKYPW|0.424
Q13131|Q5VWG9_IPRLTLRVG|0.513
Q13131|Q5VWG9_NRPKTPPPA|0.735
Q13131|Q5VWG9_PMLVSPAPV|0.444
Q13131|Q92804_YGQNYSGYS|0.118
Q13131|Q92804_SYGGYENQK|0.477
Q13131|Q92804_NQKQSSYSQ|0.049
Q13131|Q92804_QKQSSYSQQ|0.5
Q13131|Q92804_KQSSYSQQP|0.132
Q13131|Q92804_SQQPYNNQG|0.439
Q13131|Q92804_QNMESSGSQ|0.933
Q13131|Q92804_NMESSGSQG|0.577
Q13131|Q92804_GRAPSYDQP|0.442
Q13131|Q92804_DQPDYGQQD|0.445
Q13131|Q92804_GQQDSYDQQ|0.491
Q13131|Q92804_QQDSYDQQS|0.474
Q13131|Q92804_EQSNYDQQH|0.411
Q13131|Q92804_QHDSYSQNQ|0.417
Q13131|Q92804_NQQSYHSQR|0.47
Q13131|Q92804_QRENYSHHT|0.449
Q13131|Q92804_RENYSHHTQ|0.454
Q13131|Q92804_YSHHTQDDR|0.539
Q13131|Q92804_DVSRYGEDN|0.442
Q13131|Q92804_DNRGYGGSQ|0.361
Q13131|Q92804_GYGGSQGGG|0.616
Q13131|Q92804_GRGGYDKDG|0.455
Q13131|Q92804_RGPMTGSSG|0.0
Q13131|Q92804_PMTGSSGGD|0.432
Q13131|Q92804_MTGSSGGDR|0.805
Q13131|Q92804_GHRDYGPRT|0.445
Q13131|Q92804_EATVSFDDP|0.979
Q13131|Q92804_DDPPSAKAA|0.954
Q13131|Q92804_RGGGSGGGR|0.469
Q13131|Q92804_GDPKSGDWV|0.467
Q13131|Q92804_RPEDSRPSG|0.949
Q13131|Q92804_DRGGYGGDR|0.666
Q13131|Q92804_SGGGYGGDR|0.055
Q13131|Q92804_RGGGYGGDR|0.523
Q13131|Q92804_SRGGYGGDR|0.498
Q13131|Q92804_RSGGYGGDR|0.456
Q13131|Q92804_GRNDYRNDQ|0.707
Q13131|O14981_RQEPTSESS|0.338
Q13131|O14981_QEPTSESSM|0.004
Q13131|O14981_EDSPTTERL|0.373
Q13131|O14981_DSPTTERLN|0.0
Q13131|O14981_AKQRSRDAV|0.955
Q13131|O14981_LGIKYALAV|0.938
Q13131|O14981_DVINTLLPK|0.004
Q13131|O14981_LQRISVALV|0.134
Q13131|O14981_PLMETIKKE|0.097
Q13131|O14981_IITLYRHQK|0.85
Q13131|O14981_NPLHYTGPP|0.21
Q13131|O14981_IKFNYCILD|0.0
Q13131|O14981_FAARYGKPI|0.001
Q13131|O14981_PILASRDAR|0.897
Q13131|O14981_DFAKSRAKC|0.012
Q13131|O14981_RLDGSIPPG|0.514
Q13131|O14981_YRLITRGTL|0.482
Q13131|O14981_SQENSSLQS|0.0
Q13131|O14981_LDLFTLDKD|0.0
Q13131|O14981_EKADTSTSG|0.076
Q13131|O14981_KADTSTSGK|0.3
Q13131|O14981_ADTSTSGKA|0.361
Q13131|O14981_SGKASMKSI|0.535
Q13131|Q15573____MSDFSE|0.561
Q13131|Q15573_MSDFSEELK|0.684
Q13131|Q15573_GVMNYLKIS|0.457
Q13131|Q15573_QHALYLLHH|0.006
Q13131|Q15573_LLQYYTWSE|0.0
Q13131|Q15573_VFNHSWKTS|0.401
Q13131|Q53T94_ARAKYLWKS|0.0
Q13131|Q53T94_EKPLYYSFV|0.0
Q13131|Q53T94_KPLYYSFVD|0.0
Q13131|Q15572_TEQISRFLL|0.0
Q13131|Q15572_SRIDSLPAF|0.0
Q13131|Q15572_PPGDTQPDC|0.0
Q13131|Q15572_PPVWTAPTF|0.0
Q13131|Q15572_PQRDTPGCA|0.0
Q13131|Q15572_SVRATRSQQ|0.0
Q13131|Q15572_TPVLSSSQP|0.0
Q13131|Q15572_PVLSSSQPL|0.0
Q13131|Q9H5J8_RKILTFEQA|0.0
Q13131|Q8IZX4_ESEVSQKSL|0.45
Q13131|Q8IZX4_KLRKTQHEP|0.733
Q13131|Q8IZX4_ATSNSPSKE|0.395
Q13131|Q8IZX4_LLGKTGVIR|0.754
Q13131|Q8IZX4_DFKRTGMDS|0.454
Q13131|Q8IZX4_GSRFSVAEH|0.489
Q13131|Q8IZX4_SSQLSREWE|0.436
Q13131|Q8IZX4_TASMTSLKS|0.486
Q13131|Q8IZX4_ASMTSLKSS|0.083
Q13131|Q8IZX4_VRRKSLVLK|0.844
Q13131|Q8IZX4_VHCDYLNIP|0.501
Q13131|Q8IZX4_HRRRTDPMV|0.622
Q13131|Q8IZX4_DPMVTLSSI|0.457
Q13131|Q8IZX4_SILESIIND|0.481
Q13131|Q8IZX4_VPDYYKMIV|0.618
Q13131|Q8IZX4_SKHKYQSRE|0.454
Q13131|Q8IZX4_HKYQSRESF|0.4
Q13131|Q8IZX4_AELESLDPM|0.454
Q13131|Q8IZX4_PPDMYDTNT|0.001
Q13131|Q6P1X5_KGFESPRPY|0.0
Q13131|Q6P1X5_SVEGSMAER|0.0
Q13131|Q6P1X5_DLVETVYTH|0.0
Q13131|Q6P1X5_VETVYTHDM|0.463
Q13131|Q6P1X5_ETVYTHDMR|0.365
Q13131|Q6P1X5_IEENSLKHD|0.504
Q13131|Q6P1X5_RVRMSACFC|0.0
Q13131|Q6P1X5_KIANSMVST|0.207
Q13131|Q6P1X5_NSMVSTWTG|0.05
Q13131|Q6P1X5_VSTWTGPPA|0.0
Q13131|Q6P1X5_FSDNYYRAE|0.0
Q13131|Q6P1X5_ALANSVTPA|0.0
Q13131|Q6P1X5_LNMLTKNPP|0.0
Q13131|Q6P1X5_ERPSTPGLS|0.031
Q13131|Q6P1X5_IPQHSAGCD|0.0
Q13131|Q6P1X5_GCDSTPTTK|0.063
Q13131|Q6P1X5_KEPFTFSSP|0.693
Q13131|Q6P1X5_ASGRSIRSP|0.118
Q13131|O00268_EKVVSDLVG|0.889
Q13131|O00268_LAPRTPEVR|0.09
Q13131|O00268_PAPGTPTGL|0.017
Q13131|O00268_AGAVTQSLS|0.277
Q13131|O00268_AVTQSLSRT|0.629
Q13131|O00268_SLSRTPTAT|0.118
Q13131|O00268_TATTSGIRA|0.649
Q13131|O00268_IKQVSQAQT|0.391
Q13131|O00268_TLQRSPGVQ|0.585
Q13131|O00268_VQTGTPQRT|0.503
Q13131|O00268_ELNSSPQPY|0.22
Q13131|O00268_SPQPYLVPF|0.456
Q13131|O00268_FLKRSLPAL|0.0
Q13131|O00268_PGGGSFRDD|0.0
Q13131|O00268_PGPGSGAEG|0.919
Q13131|O00268_GAEGSGPGS|0.0
Q13131|O00268_SGPGSVVPG|0.444
Q13131|O00268_VPGSSGVGT|0.921
Q13131|O00268_SGVGTPRQF|0.77
Q13131|O00268_RQRITRVNL|0.983
Q13131|Q92750_QPLRSPVGT|0.0
Q13131|Q92750_TRKLYVELK|0.533
Q13131|Q92750_VELKSSPQP|0.0
Q13131|Q92750_ELKSSPQPH|0.0
Q13131|Q92750_VSVQTLNPL|0.0
Q13131|Q92750_PVIGTPVQI|0.359
Q13131|Q92750_GPVLSQPAG|0.0
Q13131|Q15542_AMVGSLAGE|0.788
Q13131|Q15542_VWSVTPKKL|0.64
Q13131|Q15542_LKGHTDTVC|0.521
Q13131|Q15542_GHTDTVCSL|0.553
Q13131|Q15542_DTVCSLRFS|0.515
Q13131|O75529_QYVDSDGPL|0.237
Q13131|O75529_PDMPSPILQ|0.081
Q13131|O75529_PLRIYAGHL|0.261
Q13131|O75529_NYLATGSTD|0.442
Q13131|O75529_STDKTVRLW|0.0
Q13131|O75529_VRLWSAQQG|0.591
Q13131|O75529_QQGNSVRLF|0.0
Q13131|O75529_SLAFSPNGK|0.0
Q13131|P49848_DPGLYQMLP|0.0
Q13131|P49848_TPWTTRYGS|0.0
Q13131|P49848_ERIRSVLDG|0.492
Q13131|P49848_GPVLSNIDR|0.448
Q13131|P49848_DHVQSLLLK|0.45
Q13131|P49848_RTTLTITQP|0.364
Q13131|P49848_PGPRTPGLL|0.386
Q13131|P49848_PPQPSPPPT|0.086
Q13131|P49848_SGPGSVQKY|0.457
Q13131|P49848_GGPTSHPSP|0.0
Q13131|P49848_PPPASSPSP|0.009
Q13131|P49848_PSPLSGSAL|0.002
Q13131|P49848_PLSGSALCG|0.507
Q13131|P49848-3_RRLQTITAC|0.0
Q13131|Q9Y6J9_IPRESVRLM|0.0
Q13131|Q9Y6J9_EDVCYRLRE|0.0
Q13131|Q9Y6J9_APQGSVPSA|0.002
Q13131|Q9Y6J9_ERVLYPHLS|0.0
Q13131|Q9Y6J9_HLSTYWTNL|0.0
Q13131|Q9Y6J9_STYWTNLQA|0.462
Q13131|Q9Y6J9_VLDDYSVSN|0.0
Q13131|Q9Y6J9_TRFGTGQPA|0.35
Q13131|Q9Y6J9_QPAPTAPRP|0.0
Q13131|Q9Y6J9_AAPDSVRKM|0.592
Q13131|Q9Y6J9_QLTASAIVS|0.0
Q13131|Q9Y6J9_PYGPSPASR|0.171
Q13131|Q15545_RAVQSGHVN|1.0
Q13131|Q15545_AKKKYIESP|0.512
Q13131|Q15545_RLLSTDAEA|1.0
Q13131|Q15545_ENEGTNQLV|0.994
Q13131|Q5H9L4_MLVCTADGD|0.483
Q13131|Q5H9L4_KHGITPPLK|0.023
Q13131|Q5H9L4_EYIESPDVE|0.053
Q13131|Q9HBM6___MESGKMA|0.519
Q13131|Q9HBM6_FAFRYVTTI|0.468
Q13131|Q9HBM6_DAKIYSSHA|0.468
Q13131|Q9HBM6_RADQSFTSP|0.455
Q13131|Q9HBM6_QSFTSPPPR|0.38
Q13131|Q9HBM6_QKNQTPLPL|0.581
Q13131|Q9HBM6_SSKPTTPTI|0.653
Q13131|Q9HBM6_PTIATPQTV|0.546
Q13131|Q9HBM6_QIPPSQSTP|0.508
Q13131|Q9HBM6_PPSQSTPVK|0.453
Q13131|Q9HBM6_PSQSTPVKP|0.432
Q13131|Q7Z5A9_TVKCSCLPG|0.0
Q13131|Q7Z5A7_IARQTARCA|0.0
Q13131|Q16594_GKTASPKSM|0.57
Q13131|Q16594_FAFRYVTTI|0.488
Q13131|Q16594_DAKIYSSHA|0.473
Q13131|Q16594_RADQSFTSP|0.464
Q13131|Q16594_QRNQTPLPL|0.889
Q13131|Q16594_YRLKSLQKK|0.616
Q13131|Q16594_PTLGTPTPQ|0.452
Q13131|Q16594_LGTPTPQTM|0.436
Q13131|Q16594_PTPQTMSVS|0.438
Q13131|Q16594_PMSLTGQRF|0.365
Q13131|Q16594_QMPTSQSPA|0.654
Q13131|Q16594_LINPSLIGS|0.499
Q13131|Q16594_SLIGSKNIL|0.772
Q13131|Q16594_DDDDYDNL_|0.444
Q13131|Q8N103_KLRSSHNAS|0.0
Q13131|Q8N103_KKVLSWPFL|0.0
Q13131|Q8N103_MRRLSPASD|0.001
Q13131|Q8N103_DRRYSEPSM|0.0
Q13131|Q8N103_SRLESEEAE|0.0
Q13131|Q8N103_VASPSSPKR|0.0
Q13131|Q8N103_ASPSSPKRN|0.0
Q13131|Q8N103_SRHQSFTTK|0.0
Q13131|Q8N103_KHSMSFTFA|0.0
Q13131|Q8N103_VRKESQLAG|0.0
Q13131|Q8N103_GHGLSPLPE|0.0
Q13131|Q8N103_VRRCSQPVF|0.004
Q13131|Q01995_NKGPSYGMS|0.749
Q13131|Q01995_SYGMSREVQ|0.923
Q13131|Q01995_REVQSKIEK|0.876
Q13131|Q01995_IEKKYDEEL|0.0
Q13131|Q01995_GVILSKLVN|0.02
Q13131|Q01995_KLVNSLYPD|0.412
Q13131|Q01995_VNSLYPDGS|0.133
Q13131|Q01995_ENPPSMVFK|0.537
Q13131|Q01995_AAEDYGVIK|0.0
Q13131|Q01995_GVIKTDMFQ|0.022
Q13131|Q01995_AVQRTLMAL|0.0
Q13131|Q01995_MALGSLAVT|0.01
Q13131|Q01995_NDGHYRGDP|0.001
Q13131|Q01995_NRGASQAGM|0.852
Q13131|Q01995_QAGMTGYGR|0.0
Q13131|P37802_RGPAYGLSR|0.0
Q13131|P37802_LKDGTVLCE|0.0
Q13131|P37802_MEQISQFLQ|0.554
Q13131|P37802_CVQRTLMNL|0.0
Q13131|P37802_QAGMTGYGM|0.046
Q13131|Q9UI15_SYGLSREVQ|0.0
Q13131|Q9UI15_AVQRTLMAL|0.0
Q13131|Q9UI15_MALGSVAVT|0.0
Q13131|Q9UI15_NKGASQAGM|0.457
Q13131|Q9UI15_QAGMTGYGM|0.004
Q13131|Q9H175_SQGGSSLGM|0.558
Q13131|Q9H175_VRTHYLHTI|0.449
Q13131|Q9H175_LELESKRQV|0.68
Q13131|O43318_EGSNYSEKC|0.474
Q13131|O43318_NKSDTNMEQ|0.726
Q13131|O43318_AKQQSESGR|0.543
Q13131|O43318_SLGASRGSS|0.501
Q13131|O43318_SRGSSVESL|0.645
Q13131|O43318_SADMSEIEA|0.563
Q13131|O43318_ATTAYSKPK|0.457
Q13131|O43318_GHRKTASFG|0.709
Q13131|O43318_RKTASFGNI|0.607
Q13131|O43318_TVTGTEPGQ|0.576
Q13131|O43318_SSRSSSPSV|0.508
Q13131|O43318_SRSSSPSVR|0.137
Q13131|O43318_TSGPTSEKP|0.502
Q13131|O43318_SGPTSEKPT|0.723
Q13131|O43318_MKVQTEIAL|0.889
Q13131|O43318_SLSTYYQQC|0.455
Q13131|O43318_LSTYYQQCK|0.449
Q13131|P17542_ERPPSEAAR|0.725
Q13131|P17542_RVPTTELCR|0.504
Q13131|P17542_PAPASVTAE|0.0
Q13131|P17542_RALLYSLSQ|0.081
Q13131|P17542_ALLYSLSQP|0.431
Q13131|P17542_LYSLSQPLA|0.106
Q13131|P17542_QPLASLGSG|0.557
Q13131|P17542_ASLGSGFFG|0.391
Q13131|P17542_KLIPTHPPD|0.609
Q13131|P17542_HTARSLHPA|0.845
Q13131|Q16559_KLIPTHPPD|0.491
Q13131|P37837____MSSSPV|0.631
Q13131|P37837_KLGGSQEDQ|0.611
Q13131|P37837_GRVSTEVDA|0.303
Q13131|P37837_IKLSSTWEG|0.3
Q13131|P37837_TDKKSYEPL|0.276
Q13131|P37837_DKKSYEPLE|0.036
Q13131|P37837_FSYKTIVMG|0.0
Q13131|P37837_VPVLSAKAA|0.013
Q13131|P37837_ERMLTERMF|0.008
Q13131|Q9Y490_AGPPSDFGL|0.497
Q13131|Q9Y490_RNGDTMEYR|0.177
Q13131|Q9Y490_DTMEYRKKQ|0.322
Q13131|Q9Y490_GTVKTIMVD|0.109
Q13131|Q9Y490_MVDDSKTVT|0.277
Q13131|Q9Y490_DMLMTICAR|0.454
Q13131|Q9Y490_RIGITNHDE|0.469
Q13131|Q9Y490_NHDEYSLVR|0.597
Q13131|Q9Y490_HDEYSLVRE|0.498
Q13131|Q9Y490_KEEITGTLR|0.621
Q13131|Q9Y490_RKDKTLLRD|0.51
Q13131|Q9Y490_RKFFYSDQN|0.447
Q13131|Q9Y490_LPKEYVKQK|0.0
Q13131|Q9Y490_EWNLTNIKR|0.764
Q13131|Q9Y490_SPKKSTVLQ|0.714
Q13131|Q9Y490_VEHGSVALP|0.538
Q13131|Q9Y490_DPAETDYTA|0.0
Q13131|Q9Y490_AETDYTAVG|0.008
Q13131|Q9Y490_ETDYTAVGC|0.0
Q13131|Q9Y490_DEGGSGRPL|0.437
Q13131|Q9Y490_AGAVSELLR|0.893
Q13131|Q9Y490_ELLRSAQPA|0.021
Q13131|Q9Y490_KAVASAAAA|0.735
Q13131|Q9Y490_PTISSPVCQ|0.067
Q13131|Q9Y490_AQATSDLVN|0.845
Q13131|Q9Y490_RKLLSAAKI|0.847
Q13131|Q9Y490_SATQTIAAA|0.0
Q13131|Q9Y490_HAASTPKAS|0.489
Q13131|Q9Y490_TPKASAGPQ|0.606
Q13131|Q9Y490_LLVQSCKAV|0.284
Q13131|Q9Y490_GVRGSQAQP|0.0
Q13131|Q9Y490_PDSPSAQLA|0.67
Q13131|Q9Y490_AASQSFLQP|0.721
Q13131|Q9Y490_ASVPTIQDQ|0.0
Q13131|Q9Y490_QDQASAMQL|0.0
Q13131|Q9Y490_KNLGTALAE|0.0
Q13131|Q9Y490_DSALSVVQN|0.676
Q13131|Q9Y490_GGLRSLAQA|0.474
Q13131|Q9Y490_LDKASSLIE|0.0
Q13131|Q9Y490_DKASSLIEE|0.755
Q13131|Q9Y490_LLSDSLPPS|0.398
Q13131|Q9Y490_LVQASRGTP|0.646
Q13131|Q9Y490_LARASGRFG|0.486
Q13131|Q9Y490_GISMSSSKL|0.606
Q13131|Q9Y490_KALSTDPAA|0.0
Q13131|Q9Y490_PNLKSQLAA|0.124
Q13131|Q9Y490_ARAVTDSIN|0.606
Q13131|Q9Y490_MTGISQNAK|0.0
Q13131|Q9Y490_AQAAYLVGV|0.0
Q13131|Q9Y490_ALCNSCRLA|0.43
Q13131|Q9Y490_QFVQSAKEV|0.145
Q13131|Q9Y490_EVANSTANL|0.0
Q13131|Q9Y490_PAQISPEGR|0.347
Q13131|Q9Y490_SRTVSDSIK|0.916
Q13131|Q9Y490_TVSDSIKKL|0.756
Q13131|Q9Y490_AALNSCLRD|0.001
Q13131|Q9Y490_LDQASLAAV|0.426
Q13131|Q9Y490_RAEASQLGH|0.875
Q13131|Q9Y490_GHKVSQMAQ|0.48
Q13131|Q9Y490_QMAQYFEPL|0.0
Q13131|Q9Y490_VGAASKTLS|0.0
Q13131|Q9Y490_DQTKTLAES|0.0
Q13131|Q9Y490_LQLLYTAKE|0.488
Q13131|Q9Y490_LTSDYGRLA|0.476
Q13131|Q9Y490_GRLASEAKP|0.882
Q13131|Q9Y490_EEIGSHIKH|0.49
Q13131|Q9Y490_ALQCSPSDA|0.046
Q13131|Q9Y490_SDAYTKKEL|0.321
Q13131|Q9Y490_SEKVSHVLA|0.548
Q13131|Q9Y490_NREGTETFA|0.7
Q13131|Q9Y490_LVEDTKVLV|0.148
Q13131|Q9Y490_LGAASLGAE|0.0
Q13131|Q9Y490_GDLISATKA|0.79
Q13131|Q9Y490_LISATKAAA|0.0
Q13131|Q9Y490_KVMVTNVTS|0.332
Q13131|Q9Y490_TNVTSLLKT|0.814
Q13131|Q9Y490_AVFCSPEPP|0.0
Q13131|Q9Y490_AKTSTPEDF|0.0
Q13131|Q9Y490_TKGITMATA|0.512
Q13131|Q9Y490_ITMATAKAV|0.0
Q13131|Q9Y490_KEAAYHPEV|0.03
Q13131|Q9Y490_RALHYGREC|0.477
Q13131|Q9Y490_LQKPSPELK|0.024
Q13131|Q9Y490_KQQLTGHSK|0.082
Q13131|Q9Y490_AGSVTELIQ|0.496
Q13131|Q9Y490_EAAKSIAAA|0.0
Q13131|Q9Y490_DGQWSQGLI|0.192
Q13131|Q9Y490_VAAATNNLC|0.0
Q13131|Q9Y490_EKLISSAKQ|0.068
Q13131|Q9Y490_KLISSAKQV|0.632
Q13131|Q9Y490_KFLPSELRD|0.002
Q13131|Q9Y4G6_STAVYDACR|0.541
Q13131|Q9Y4G6_QASDYGLFL|0.0
Q13131|Q9Y4G6_EAGRTLDYY|0.0
Q13131|Q9Y4G6_RTLDYYMLR|0.395
Q13131|Q9Y4G6_EGTGTLKKD|0.547
Q13131|Q9Y4G6_RKFFYSDQN|0.004
Q13131|Q9Y4G6_KLARSLRTY|0.002
Q13131|Q9Y4G6_RSLRTYGVS|0.041
Q13131|Q9Y4G6_SLRTYGVSF|0.0
Q13131|Q9Y4G6_TYGVSFFLV|0.006
Q13131|Q9Y4G6_LLGITKDSV|0.44
Q13131|Q9Y4G6_ITKDSVMRV|0.534
Q13131|Q9Y4G6_MLEESVSPK|0.479
Q13131|Q9Y4G6_AEHGSVALP|0.0
Q13131|Q9Y4G6_MRSGSSGPE|0.093
Q13131|Q9Y4G6_RSGSSGPET|0.589
Q13131|Q9Y4G6_SELDSLPPL|0.0
Q13131|Q9Y4G6_AGAVSDLLK|0.0
Q13131|Q9Y4G6_AVQPTSGEP|0.0
Q13131|Q9Y4G6_VQPTSGEPR|0.0
Q13131|Q9Y4G6_TAAGSIGQA|0.53
Q13131|Q9Y4G6_DVLMSLAKA|0.078
Q13131|Q9Y4G6_NAMRSDAEA|0.0
Q13131|Q9Y4G6_LQPGSKMVS|0.39
Q13131|Q9Y4G6_SKMVSSAKA|0.0
Q13131|Q9Y4G6_KMVSSAKAA|0.0
Q13131|Q9Y4G6_GNEHYTGVA|0.498
Q13131|Q9Y4G6_TRGQSGELA|0.0
Q13131|Q9Y4G6_SGKFSDDFD|0.0
Q13131|Q9Y4G6_GQAQTKEDQ|0.0
Q13131|Q9Y4G6_AKSLSVDPG|0.0
Q13131|Q9Y4G6_VLGESMAGI|0.674
Q13131|Q9Y4G6_SHTVSDSIK|0.0
Q13131|Q9Y4G6_ECDYSIDGI|0.014
Q13131|Q9Y4G6_TFVDYQTTV|0.0
Q13131|Q9Y4G6_VDYQTTVVK|0.0
Q13131|Q9Y4G6_GAASTPDKL|0.269
Q13131|Q9Y4G6_DDPETQVVL|0.0
Q13131|Q9Y4G6_KVMVTNVTS|0.022
Q13131|Q9Y4G6_TNVTSLLKT|0.685
Q13131|Q9Y4G6_TKGITMATA|0.483
Q13131|Q9Y4G6_ITMATAKAV|0.0
Q13131|Q9Y4G6_RKAVSDMLT|0.0
Q13131|Q9Y4G6_SDMLTACKQ|0.0
Q13131|Q9Y4G6_AGAVTELIQ|0.586
Q13131|Q9Y4G6_EAAKSIAAA|0.0
Q13131|Q9Y4G6_EKLISSAKQ|0.0
Q13131|Q9Y4G6_KLISSAKQV|0.532
Q13131|Q9Y4G6_RQQQYKFLP|0.488
Q13131|Q96BW9_RKILSHFPE|0.519
Q13131|Q96BW9_DFVFTVDDP|0.006
Q13131|Q9C0D5_KEAGSDFGP|0.0
Q13131|Q9C0D5_GPETSPVLH|0.105
Q13131|Q9C0D5_HLDHSADSP|0.234
Q13131|Q9C0D5_HSADSPVSS|0.0
Q13131|Q9C0D5_DSPVSSLPT|0.0
Q13131|Q9C0D5_HLVQSRVNK|0.0
Q13131|Q9C0D5_VNKKSPGPV|0.128
Q13131|Q9C0D5_RKPKYVESP|0.0
Q13131|Q9C0D5_KYVESPRVP|0.0
Q13131|Q9C0D5_EPSCSPAAQ|0.0
Q13131|Q9C0D5_CVSKTAANK|0.0
Q13131|Q9C0D5_SPCETISSP|0.0
Q13131|Q9C0D5_SSPSSTLES|0.0
Q13131|Q9C0D5_SPSSTLESK|0.0
Q13131|Q9C0D5_RSGSSLEWN|0.503
Q13131|Q9C0D5_SAESTLPKA|0.026
Q13131|Q9C0D5_PRPNSVAAT|0.548
Q13131|Q9C0D5_SVAATSSTK|0.0
Q13131|Q9C0D5_LEDLSYLDG|0.0
Q13131|Q9C0D5_EDLSYLDGQ|0.0
Q13131|Q9C0D5_APLRTSIRL|0.523
Q13131|Q9C0D5_PLRTSIRLP|0.597
Q13131|Q9C0D5_PWHNTAGGR|0.313
Q13131|Q9C0D5_STAKTPLGS|0.337
Q13131|Q9C0D5_QSMLSLRSC|0.0
Q13131|Q9C0D5_KADATLIGK|0.538
Q13131|Q9C0D5_IKSASYKVV|0.082
Q13131|Q9C0D5_RRDKTRMFC|0.008
Q13131|Q9C0D5_MGHSSVVQC|0.0
Q13131|Q9C0D5_KQGRTPLMV|0.0
Q13131|Q9C0D5_EFLLSKGAA|0.0
Q13131|Q9C0D5_SSVPSSYIR|0.527
Q13131|Q9C0D5_VPSSYIRNL|0.001
Q13131|Q9C0D5_EGLQSKGRP|0.0
Q13131|Q9C0D5_GRPVSPQSR|0.009
Q13131|Q9C0D5_GIGKSLREP|0.545
Q13131|Q9C0D5_QHLGSGQSA|0.476
Q13131|Q9C0D5_VRNGSMKVQ|0.516
Q13131|Q9C0D5_RHPASLTSS|0.524
Q13131|Q9C0D5_KMSSSTSSL|0.0
Q13131|Q9C0D5_SLTSSSSFS|0.43
Q13131|Q9C0D5_TSSSSFSDG|0.204
Q13131|Q9C0D5_VSHLYQESI|0.0
Q13131|Q9C0D5_KPKRSFIES|0.585
Q13131|Q9HCD6_MFRNSLKML|0.504
Q13131|Q9HCD6_KMLLTGGKS|0.038
Q13131|Q9HCD6_KNRSSDGGS|0.513
Q13131|Q9HCD6_DRRQSSVDS|0.559
Q13131|Q9HCD6_AKDCSYGAV|0.001
Q13131|Q9HCD6_VTSPTSTLE|0.392
Q13131|Q9HCD6_TSPTSTLES|0.002
Q13131|Q9HCD6_SPTSTLESR|0.0
Q13131|Q9HCD6_STLESRDSG|0.001
Q13131|Q9HCD6_ESRDSGIIA|0.002
Q13131|Q9HCD6_KELGSGGNI|0.001
Q13131|Q9HCD6_KPWQSQKSS|0.049
Q13131|Q9HCD6_SQKSSMDSC|0.0
Q13131|Q9HCD6_NMTASTYSL|0.353
Q13131|Q9HCD6_MTASTYSLN|0.016
Q13131|Q9HCD6_ETVLSQSVQ|0.526
Q13131|Q9HCD6_VLSQSVQSI|0.545
Q13131|Q9HCD6_PRPNSVAAT|0.518
Q13131|Q9HCD6_LVALSCHGT|0.288
Q13131|Q9HCD6_SCHGTRMRQ|0.0
Q13131|Q9HCD6_RQIASDSPH|0.04
Q13131|Q9HCD6_SPHASPKHV|0.012
Q13131|Q9HCD6_ELPLTQPPS|0.06
Q13131|Q9HCD6_TQPPSAHSS|0.0
Q13131|Q9HCD6_PSAHSSITS|0.0
Q13131|Q9HCD6_SSITSGSCP|0.0
Q13131|Q9HCD6_ITSGSCPGT|0.114
Q13131|Q9HCD6_SCPGTPEMR|0.238
Q13131|Q9HCD6_KMDNTTFGK|0.003
Q13131|Q9HCD6_MENLSMFLI|0.051
Q13131|Q9HCD6_LRNLYTPNI|0.001
Q13131|Q9HCD6_NGAATDHAD|0.001
Q13131|Q9HCD6_QSPPSSPPH|0.183
Q13131|Q9HCD6_SPPSSPPHR|0.002
Q13131|Q9HCD6_SAYISSSPL|0.001
Q13131|Q9HCD6_AYISSSPLG|0.538
Q13131|Q9HCD6_SPLGSHQVF|0.001
Q13131|Q9HCD6_SSVGSPTRQ|0.444
Q13131|Q9HCD6_SYRFSPPPV|0.002
Q13131|Q9HCD6_SPPPSPLRR|0.111
Q13131|Q9HCD6_SVYRSQSGS|0.466
Q13131|Q9HCD6_YRSQSGSPV|0.573
Q13131|Q9HCD6_SQSGSPVRY|0.525
Q13131|Q9HCD6_KSPLSKMAQ|0.589
Q13131|Q9HCD6_SNQPSPAVH|0.201
Q13131|Q9HCD6_KYQSSQGDI|0.009
Q13131|Q9HCD6_VYQGSIGGI|0.001
Q13131|Q9HCD6_PSSAYRGGV|0.0
Q13131|Q9HCD6_RYSQTPQIG|0.001
Q13131|Q9HCD6_QIGRSQSAS|0.377
Q13131|Q9HCD6_QSASYYPVC|0.003
Q13131|Q9HCD6_SASYYPVCH|0.0
Q13131|Q9HCD6_DLERSSSQL|0.002
Q13131|Q9HCD6_LERSSSQLG|0.032
Q13131|Q9HCD6_ERSSSQLGS|0.578
Q13131|Q9HCD6_SQLGSPDVS|0.235
Q13131|Q9HCD6_SPDVSHLIR|0.022
Q13131|Q9HCD6_PLLHSQSVG|0.033
Q13131|Q9HCD6_AYERSCDEL|0.143
Q13131|Q9HCD6_CDELSPVSP|0.099
Q13131|Q9HCD6_PVSPTQGGY|0.186
Q13131|Q9HCD6_RTQQYPHLH|0.045
Q13131|Q9HCD6_PESFSPPSS|0.001
Q13131|Q9HCD6_FYNKTNNAQ|0.011
Q13131|Q9HCD6_LEDDYYSPH|0.533
Q13131|Q9HCD6_EDDYYSPHG|0.003
Q13131|Q9HCD6_DDYYSPHGM|0.049
Q13131|Q9HCD6_LERVSQASS|0.015
Q13131|Q9HCD6_QDNLYRQLS|0.499
Q13131|Q9HCD6_QGQTSPIKP|0.288
Q13131|Q6ICL3_LTPGTYGLS|0.0
Q13131|Q9C0B7_KLLLSPGGS|0.0
Q13131|Q9C0B7_PNPRTPEVA|0.0
Q13131|Q9C0B7_QDKLTARQF|0.0
Q13131|Q9C0B7_TTFITLSRE|0.0
Q13131|Q9C0B7_KEAISDEDE|0.0
Q13131|Q9C0B7_DEALYQKVS|0.0
Q13131|Q9C0B7_QKVSSEQGR|0.0
Q13131|Q9C0B7_FSSKSLLEL|0.032
Q13131|Q9C0B7_EQHQTLLVE|0.002
Q13131|Q9C0B7_TEAVSMAAQ|0.0
Q13131|Q9C0B7_AQYDSSKDK|0.0
Q13131|Q9C0B7_QYDSSKDKH|0.0
Q13131|Q9C0B7_HTPETRMKV|0.0
Q13131|Q92844_QDNNYGCVP|0.642
Q13131|Q92844_KNNLTLDQP|0.0
Q13131|Q92844_NIPDTATET|0.287
Q13131|Q92844_TATETQCSV|0.335
Q13131|Q92844_FESLSKFNV|0.868
Q13131|Q92844_DNDSTFLHS|0.804
Q13131|Q92844_TFLHSTPER|0.737
Q13131|Q92844_SPATSEAVC|0.0
Q13131|Q92844_HNALYVNSF|0.009
Q13131|Q92844_QDSDSVVLS|0.403
Q13131|Q92844_SVVLSGTDS|0.435
Q13131|Q7L7X3_FGAVYFARD|0.007
Q13131|Q7L7X3_SGKQSTEKW|0.0
Q13131|Q7L7X3_LVMEYCLGS|0.057
Q13131|Q7L7X3_ASMASPANS|0.001
Q13131|Q7L7X3_SFVGTPYWM|0.0
Q13131|Q7L7X3_VGTPYWMAP|0.0
Q13131|Q7L7X3_DNLQYRKMK|0.662
Q13131|Q7L7X3_EEENYREEG|0.606
Q13131|Q7L7X3_PPQVSRHKS|0.0
Q13131|Q7L7X3_HKSHYRNRE|0.472
Q13131|Q7L7X3_HEQDSELRE|0.0
Q13131|Q7L7X3_KQLMTLENK|0.615
Q13131|Q7L7X3_KDLETQRNN|0.79
Q13131|Q7L7X3_SFLESQKRE|0.678
Q13131|Q7L7X3_ENQSTPKKE|0.416
Q13131|Q7L7X3_RQRQYLELE|0.759
Q13131|Q7L7X3_QQPKSLKSK|0.242
Q13131|Q7L7X3_CKIQTRQYK|0.216
Q13131|Q7L7X3_RRTASGGRT|0.841
Q13131|Q7L7X3_SRSTSVTSQ|0.897
Q13131|Q7L7X3_TSQISNGSH|0.936
Q13131|Q7L7X3_HMSYT____|0.481
Q13131|Q9UL54_EKLFSDLRE|0.409
Q13131|Q9UL54_IGHGSFGAV|0.006
Q13131|Q9UL54_FGAVYFARD|0.4
Q13131|Q9UL54_KKMSYSGKQ|0.421
Q13131|Q9UL54_LVMEYCLGS|0.443
Q13131|Q9UL54_SFVGTPYWM|0.256
Q13131|Q9UL54_DNLQYRKMK|0.685
Q13131|Q9UL54_EAEPYMHRA|0.342
Q13131|Q9UL54_HRAGTLTSL|0.45
Q13131|Q9UL54_GTLTSLESS|0.002
Q13131|Q9UL54_SDNLYDDPY|0.348
Q13131|Q9UL54_YDDPYQPEI|0.001
Q13131|Q9UL54_APTSTTSSA|0.291
Q13131|Q9UL54_TSTTSSARR|0.191
Q13131|Q9UL54_DHFATIRTA|0.718
Q13131|Q9UL54_QENPSTPKR|0.467
Q13131|Q9UL54_ENPSTPKRE|0.349
Q13131|Q9UL54_LARHSLDQD|0.823
Q13131|Q9UL54-2_DNLQYRKMK|0.0
Q13131|Q9UL54-2_QQPKSLKSK|0.0
Q13131|Q9UL54-2_QTGRSERIR|0.0
Q13131|Q9UL54-2_ERIRSLLER|0.0
Q13131|Q9UL54-2_LLRNSPQPL|0.001
Q13131|Q9UL54-2_RRAASGGSG|0.0
Q13131|Q9UL54-2_ASGGSGSEN|0.0
Q13131|Q9UL54-2_GGSGSENVG|0.0
Q13131|Q9UL54-2_SSHFYS___|0.0
Q13131|Q9H2K8_LVMEYCLGS|0.0
Q13131|Q9H2K8_ASMASPANS|0.0
Q13131|Q9H2K8_SPANSFVGT|0.652
Q13131|Q9H2K8_DNLQYRKMK|0.563
Q13131|Q9H2K8_LFQETRNGP|0.0
Q13131|Q9H2K8_SEHGTSLNR|0.0
Q13131|Q9H2K8_EHGTSLNRE|0.0
Q13131|Q9H2K8_RPTQSVQSQ|0.0
Q13131|Q9H2K8_QALHYRNRE|0.001
Q13131|Q9H2K8_ERFATIKSA|0.0
Q13131|Q9H2K8_ATIKSASLV|0.0
Q13131|Q9H2K8_REQMSGYKR|0.547
Q13131|Q9H2K8_EDHSTPKKE|0.092
Q13131|Q9H2K8_RQLHTLQKL|0.0
Q13131|Q9H2K8_QLEVTPKNE|0.058
Q13131|Q9H2K8_EMMASQALR|0.0
Q13131|Q9H2K8_PKEDYR___|0.053
Q13131|O60763_MGGQSAGPQ|0.357
Q13131|O60763_DRVASSTLL|0.075
Q13131|O60763_RALKSLSKK|0.441
Q13131|O60763_EDLGSQFTE|0.0
Q13131|O60763_IILVSPMGV|0.802
Q13131|O60763_PMGVSRLMD|0.145
Q13131|O60763_VQLATSIGN|0.802
Q13131|O60763_TNILSQGSK|0.663
Q13131|O60763_LSQGSKIQT|0.001
Q13131|O60763_LGFISKHEL|0.0
Q13131|O60763_HELYSRASQ|0.397
Q13131|O60763_IVTHYKNMI|0.406
Q13131|O60763_QHQGSYSEG|0.707
Q13131|O60763_HQGSYSEGA|0.0
Q13131|O60763_ELLQSQLTE|0.0
Q13131|O60763_TEKDSMIEN|0.47
Q13131|O60763_SAIVSARDS|0.126
Q13131|O60763_ATLKSQLNS|0.86
Q13131|O60763_AFAKSVEVQ|0.01
Q13131|O60763_EGRLSALLQ|0.952
Q13131|O60763_LLQETKELK|0.0
Q13131|Q03518_LAKSSQVAI|0.91
Q13131|Q03518_PTVRSFANE|0.013
Q13131|Q03518_KIFEYLDRT|0.001
Q13131|Q03518_YLDRTPRCP|0.478
Q13131|Q03518_GLTFTLRPG|0.213
Q13131|Q03518_QGYDTEVDE|0.006
Q13131|Q03518-2_RGAESPRPG|0.0
Q13131|Q03519_PNLPSPGTL|0.329
Q13131|Q03519_GLTFTLRPG|0.399
Q13131|Q03519_EHGIYTDVG|0.8
Q13131|O15533___MKSLSLL|0.0
Q13131|O15533_MKSLSLLLA|0.0
Q13131|O15533_PLPASAKWA|0.0
Q13131|Q9BX59_ELGGSPAQV|0.0
Q13131|Q9BX59_PERRTALGV|0.015
Q13131|Q9BX59_IFASSLFLL|0.0
Q13131|Q6NXT6_LRFLSAELT|0.0
Q13131|Q6NXT6_EYRASLAFD|0.001
Q13131|Q6NXT6_NPPATCTPG|0.581
Q13131|Q6NXT6_PATCTPGKP|0.0
Q13131|Q6NXT6_GKPSSKSQN|0.0
Q13131|Q6NXT6_NLSASITKQ|0.309
Q13131|Q6NXT6_PLLVTSNSD|0.528
Q13131|Q6NXT6_LLVTSNSDQ|0.0
Q13131|Q6NXT6_QFLTTPDGD|0.0
Q13131|Q6NXT6_KHRSSKKDL|0.758
Q13131|Q9H2D6_ENPRTPCVQ|0.0
Q13131|Q9H2D6_DPRASSPNR|0.0
Q13131|Q9H2D6_PRASSPNRT|0.0
Q13131|Q9H2D6_NIPRSSSTQ|0.0
Q13131|Q9H2D6_IPRSSSTQQ|0.0
Q13131|Q9H2D6_PRSSSTQQD|0.0
Q13131|Q9H2D6_NLRPTCTQR|0.0
Q13131|Q9H2D6_DRTQSFSFQ|0.0
Q13131|Q9H2D6_NPGTSSSQC|0.0
Q13131|Q9H2D6_GTSSSQCCT|0.0
Q13131|Q9H2D6_SQCCTQKEN|0.0
Q13131|Q9H2D6_NPRNSSPHR|0.0
Q13131|Q9H2D6_RRQSSPAPS|0.0
Q13131|Q9H2D6_SRQVTMLPA|0.0
Q13131|Q9H2D6_PPRTSARTP|0.0
Q13131|Q9H2D6_TSARTPERE|0.0
Q13131|Q9H2D6_GLEQTGPLG|0.0
Q13131|Q9H2D6_GPLGSRSTA|0.0
Q13131|Q9H2D6_LGSRSTAKG|0.0
Q13131|Q9H2D6_VQRNYGFQI|0.0
Q13131|Q9H2D6_VRPTSAPDV|0.0
Q13131|Q9H2D6_APDVTKLSD|0.0
Q13131|Q9H2D6_QRAGSEVIS|0.0
Q13131|Q9H2D6_LSPLTQASP|0.0
Q13131|Q9H2D6_QRARTPART|0.0
Q13131|Q9H2D6_TPARTPDRL|0.0
Q13131|Q9H2D6_GAPLTEDQQ|0.01
Q13131|Q9H2D6_QNRLSEEIE|0.0
Q13131|Q9H2D6_LLNQSRGER|0.034
Q13131|Q9H2D6_RGPPSDGHE|0.0
Q13131|Q9H2D6_SRELSKTRS|0.0
Q13131|Q9H2D6_KRFTSGKYQ|0.014
Q13131|Q9H2D6_TSGKYQDVY|0.0
Q13131|Q9H2D6_YQDVYVELS|0.0
Q13131|Q9H2D6_SMRNSLAE_|0.639
Q13131|Q13395_NKILSKEGV|0.584
Q13131|Q13395_ILFLSKALA|0.62
Q13131|Q13395_RCHLYLMVL|0.694
Q13131|Q13395_LMVLTELIN|0.002
Q13131|Q13395_PTVGSQIQR|0.615
Q13131|Q13395_ISSLSNTQL|0.246
Q13131|Q13395_SLSNTQLIF|0.003
Q13131|Q13395_SKKRYYVNS|0.739
Q13131|Q13395_KKRYYVNSL|0.565
Q13131|Q13395_HQVESMHGA|0.037
Q13131|Q13395_PGDWSQQDI|0.0
Q13131|Q13395_GKSISRLIV|0.667
Q13131|Q13395_IDKPTNLGG|0.51
Q13131|B6A8C7_IILESPKPL|0.0
Q13131|B6A8C7_PHILSQHSD|0.0
Q13131|P26639_EKASSPSGK|0.202
Q13131|P26639_ASSPSGKMG|0.207
Q13131|P26639_PWPEYIYTR|0.0
Q13131|P26639_PEYIYTRLE|0.0
Q13131|P26639_EYIYTRLEM|0.229
Q13131|P26639_AEHDSILAE|0.019
Q13131|P26639_PIKVTLPDG|0.0
Q13131|P26639_KTTPYQIAC|0.0
Q13131|P26639_ACGISQGLA|0.644
Q13131|P26639_SNDFSSLEA|0.0
Q13131|P26639_NDFSSLEAL|0.0
Q13131|P26639_IHKNSSTYW|0.52
Q13131|P26639_NSSTYWEGK|0.0
Q13131|P26639_ADMETLQRI|0.0
Q13131|P26639_IYGISFPDP|0.0
Q13131|P26639_DQELYFFHE|0.0
Q13131|P26639_FHELSPGSC|0.0
Q13131|P26639_QEVVTPNIF|0.0
Q13131|P26639_NIFNSRLWM|0.663
Q13131|P26639_RNELSGALT|0.001
Q13131|P26639_SGALTGLTR|0.627
Q13131|P26639_WELNSGDGA|0.548
Q13131|P26639_RFNLTYVSH|0.2
Q13131|P26639_FNLTYVSHD|0.002
Q13131|P26639_LTYVSHDGD|0.545
Q13131|P26639_DPGCTLNKK|0.15
Q13131|P26639_KEFRSKQAE|0.0
Q13131|Q9BW92_EYGFYHDFF|0.001
Q13131|Q9BW92_GTRVYNALV|0.003
Q13131|Q9BW92_WDLNSGDGA|0.001
Q13131|Q9BW92_DGAFYGPKI|0.005
Q13131|Q9BW92_AGLVSDLDA|0.0
Q13131|A2RTX5_LQRIYGISF|0.421
Q13131|Q7RTX1_YQVETMVLL|0.0
Q13131|Q7RTX1_SRHITGVPG|0.0
Q13131|Q7RTX1_PAREYQRFP|0.0
Q13131|Q7RTX1_YDGKYLPAA|0.0
Q13131|Q7RTX1-2_AALLSPFLV|0.0
Q13131|Q8TE23_PPPLSRTSQ|0.0
Q13131|Q8TE23_FPRAYSYWV|0.0
Q13131|Q8TE23_PRAYSYWVR|0.0
Q13131|Q9NYW7_GIYPSGHSL|0.0
Q13131|Q9NYW7_PSGHSLILI|0.0
Q13131|Q9NYW0_GFILTGLAI|0.0
Q13131|Q9NYW0_GLAISRIFL|0.0
Q13131|Q9NYV9_ILAISRIGL|0.446
Q13131|Q9NYV8_DRILTALAI|0.29
Q13131|Q9NYV8_SIFLYLKWR|0.001
Q13131|Q9NYV8_RRNKTCSSD|0.0
Q13131|Q9NYV8_SSDSSNFTR|0.0
Q13131|Q9NYV8_SSNFTRFSS|0.014
Q13131|Q9NYV8_SGDASTKAH|0.0
Q13131|Q9NYV8_GDASTKAHR|0.52
Q13131|Q9NYV8_LWLRYMFKD|0.421
Q13131|Q9NYV8_DGEPSGHKE|0.0
Q13131|Q9NYV7_MILISLGIS|0.0
Q13131|Q9NYV7_SLGISRFCL|0.0
Q13131|Q9NYV7_IVFTSYFLT|0.0
Q13131|Q9NYV7_VFTSYFLTI|0.0
Q13131|Q9NYW6_EFKLYSVFR|0.0
Q13131|Q9NYW6_LFLLYFLAF|0.0
Q13131|P59533_MLTLTRIRT|0.412
Q13131|P59533_AACPSGHAA|0.176
Q13131|P59534_IANFSYPLF|0.0
Q13131|P59535_VFNVYVNSS|0.0
Q13131|P59536_SLGASRFCL|0.0
Q13131|P59536_IRKFSGNMT|0.0
Q13131|P59536_SGNMTYKWN|0.0
Q13131|P59536_GNMTYKWNT|0.0
Q13131|P59538_HGKGSQDPS|0.116
Q13131|P59539_HGKGSQDPS|0.0
Q13131|P59540_PFTLTLISF|0.0
Q13131|P59540_KLKQTFLSV|0.001
Q13131|P59541_HGKGSQDPS|0.0
Q13131|P59543_HGKGSQDPS|0.0
Q13131|Q9NYW4_LRYLSIFWV|0.0
Q13131|Q9NYW4_WVLVSQASL|0.016
Q13131|Q9NYW4_ATFLSVFYC|0.0
Q13131|Q9NYW4_PQGNSSIRY|0.0
Q13131|Q9NYW4_QGNSSIRYP|0.0
Q13131|Q9NYW3_LILTSLAIS|0.0
Q13131|Q9NYW3_SLAISRICL|0.0
Q13131|Q9NYW3_AKRKTNLTW|0.0
Q13131|Q9NYW3_KTNLTWSCR|0.0
Q13131|Q9NYW3_NLTWSCRVN|0.0
Q13131|Q9NYW3_LRHASLKVI|0.0
Q13131|Q9NYW3_WKVMSILKG|0.0
Q13131|Q9NYW2_KKISTVDYI|0.0
Q13131|Q9NYW2_STVDYILTN|0.0
Q13131|Q9NYW2_DYILTNLVI|0.015
Q13131|Q9NYW2_LMTKYKLAV|0.001
Q13131|Q9NYW2_VRMLTCRKI|0.016
Q13131|Q9HAI6_ICKNYNDLQ|0.0
Q13131|Q5VWN6_DRSPSLSVA|0.0
Q13131|Q5VWN6_KETETKKDS|0.001
Q13131|Q5VWN6_VFPLSPASN|0.0
Q13131|Q5VWN6_LSPASNLRV|0.0
Q13131|Q5VWN6_KRKASMPHM|0.0
Q13131|Q5VWN6_RADNSSDSP|0.0
Q13131|Q5VWN6_ADNSSDSPT|0.0
Q13131|Q5VWN6_SDSPTTLKL|0.0
Q13131|Q5VWN6_DSPTTLKLV|0.0
Q13131|Q5VWN6_PVKKSPQKQ|0.0
Q13131|Q5VWN6_PNPSSDRKS|0.0
Q13131|Q5VWN6_REILSPLFP|0.0
Q13131|Q5VWN6_PRNGTKSPE|0.0
Q13131|Q5VWN6_PEAATPVGK|0.0
Q13131|Q5VWN6_IIRSSRKVV|0.0
Q13131|Q5VWN6_AAEVSFRDP|0.0
Q13131|Q5VWN6_SPAASLRHP|0.0
Q13131|Q5VWN6_LCASSVGGE|0.0
Q13131|Q5VWN6_KAVCSLQKE|0.0
Q13131|Q5VWN6_LQKETPLPV|0.0
Q13131|Q5VWN6_HLSPSEEVR|0.0
Q13131|Q5VWN6_SSSASTTLG|0.0
Q13131|Q5VWN6_SSASTTLGR|0.0
Q13131|Q5VWN6_GRQCSLNCI|0.0
Q13131|Q5VWN6_SLSVSREVS|0.0
Q13131|Q5VWN6_ALTISPPTS|0.0
Q13131|Q5VWN6_ISPPTSPRE|0.0
Q13131|Q5VWN6_SPPTSPREE|0.0
Q13131|Q5VWN6_SVYPSVSEE|0.0
Q13131|Q5VWN6_ETRPYQAVT|0.0
Q13131|Q5VWN6_YQAVTPCIL|0.0
Q13131|Q5VWN6_NQPASAAKC|0.003
Q13131|Q5VWN6_TGDFSPSPE|0.0
Q13131|Q5VWN6_DEGIYLQVK|0.0
Q13131|Q5VWN6_AEAGSETLG|0.0
Q13131|Q5VWN6_HYELSGDSD|0.0
Q13131|Q5VWN6_LSGDSDLDL|0.0
Q13131|Q5VWN6_RRHPSFSAN|0.0
Q13131|Q5VWN6_HPSFSANCG|0.0
Q13131|Q5VWN6_CGLPSSWTS|0.0
Q13131|Q5VWN6_KESPTQISI|0.003
Q13131|Q5VWN6_PAPRSRSPL|0.0
Q13131|Q5VWN6_PLLVTVVES|0.0
Q13131|Q5VWN6_TVVESDPRP|0.0
Q13131|Q5VWN6_RNDISLILN|0.01
Q13131|Q9H6P5____MTMEKG|0.0
Q13131|Q9H6P5_EKGMSSGEG|0.0
Q13131|Q9H6P5_LPSRSSQVS|0.0
Q13131|Q9H6P5_KAKEYKHVC|0.0
Q13131|Q9H6P5_VGALSGIKN|0.0
Q13131|P17735_IQMSSKGNL|0.028
Q13131|P17735_LGPCTIVQG|0.02
Q13131|P17735_CEQHYHCAE|0.0
Q13131|O43719_MQELYGDGK|0.017
Q13131|O43719_KDGDTQTDA|0.645
Q13131|O43719_GDTQTDAGG|0.595
Q13131|O43719_GEPDSLGQQ|0.627
Q13131|O43719_QPTDTPYEW|0.0
Q13131|O43719_TDTPYEWDL|0.0
Q13131|O43719_FIATYQANY|0.003
Q13131|O43719_YQANYGFSN|0.0
Q13131|O43719_NYGFSNDGA|0.001
Q13131|O43719_RKAESGWFH|0.776
Q13131|O43719_IQLMSKFGI|0.0
Q13131|O43719_LKGEYDASK|0.0
Q13131|O43719_KKKLSMQQK|0.17
Q13131|O43719_EEADYCIQT|0.0
Q13131|O43719_GTTDYQVEE|0.001
Q13131|O43719_GLRRSDSVS|0.752
Q13131|O43719_NAQETATGM|0.005
Q13131|O43719_GFEGSCSQK|0.305
Q13131|O43719_EDEEYADEK|0.004
Q13131|Q6P1N9_GINLTDPMF|0.0
Q13131|Q6P1N9_KSIPSEKLM|0.0
Q13131|Q93075_KHNWSSTSE|0.0
Q13131|Q93075_HNWSSTSEG|0.0
Q13131|Q93075_NWSSTSEGC|0.0
Q13131|Q93075_WSSTSEGCP|0.0
Q13131|Q93075_PAQRSASRS|0.0
Q13131|Q93075_QRSASRSGG|0.0
Q13131|Q93075_SASRSGGPS|0.0
Q13131|Q93075_SGGPSSPKR|0.0
Q13131|Q93075_SRRLSWGSS|0.0
Q13131|Q93075_RRNNSSSSF|0.007
Q13131|Q93075_SSGGSPLRP|0.0
Q13131|Q93075_EKDATPEVS|0.0
Q13131|Q93075_TPEVSMEED|0.0
Q13131|Q93075_EEDKTVPER|0.0
Q13131|Q93075_EEISTVRFS|0.0
Q13131|Q93075_RMSDYSPNS|0.0
Q13131|Q93075_SPNSTGSVQ|0.0
Q13131|Q93075_KEKRTFQEE|0.0
Q13131|Q93075_GGHASSSLP|0.0
Q13131|Q93075_GHASSSLPK|0.0
Q13131|Q93075_HASSSLPKS|0.0
Q13131|Q17R31_LSERYNGFV|0.084
Q13131|Q17R31-4_EDQRSVTLK|0.0
Q13131|P10636_QEGDTDAGL|0.784
Q13131|P10636_SPLQTPTED|0.582
Q13131|P10636_TEDGSEEPG|0.506
Q13131|P10636_EEPGSETSD|0.452
Q13131|P10636_TRQPSGTGP|0.774
Q13131|P10636_QPSGTGPED|0.721
Q13131|P10636_SPQDSPPSK|0.426
Q13131|P10636_SKDGTGSDD|0.884
Q13131|P10636_RPCLSPKHP|0.668
Q13131|P10636_VTSRTGSSG|0.479
Q13131|P10636_SRTGSSGAK|0.49
Q13131|P10636_ADGKTKIAT|0.676
Q13131|P10636_IPAKTPPAP|0.634
Q13131|P10636_KTPPSSGEP|0.821
Q13131|P10636_TPPSSGEPP|0.436
Q13131|P10636_EPPKSGDRS|0.813
Q13131|P10636_GTPGSRSRT|0.653
Q13131|P10636_PGSRSRTPS|0.786
Q13131|P10636_PTPPTREPK|0.637
Q13131|P10636_SSAKSRLQT|0.916
Q13131|P10636_KIGSTENLK|0.901
Q13131|P10636_VQIVYKPVD|0.678
Q13131|P10636_PVDLSKVTS|0.894
Q13131|P10636_LSKVTSKCG|0.598
Q13131|P10636_THKLTFREN|0.92
Q13131|P10636_AEIVYKSPV|0.609
Q13131|P10636_VSGDTSPRH|0.662
Q13131|P10636_LSNVSSTGS|0.989
Q13131|P10636_SNVSSTGSI|0.938
Q13131|P10636_NVSSTGSID|0.871
Q13131|P10636-2_GDTPSLEDE|0.07
Q13131|P10636-3_MVSKSKDGT|0.283
Q13131|P10636-3_SKDGTGSDD|0.006
Q13131|P10636-3_RSGYSSPGS|0.174
Q13131|P10636-3_SGYSSPGSP|0.562
Q13131|P10636-3_SSPGSPGTP|0.452
Q13131|P10636-3_AVVRTPPKS|0.424
Q13131|P10636-3_TPPKSPSSA|0.546
Q13131|P10636-3_IVYKSPVVS|0.579
Q13131|P10636-3_SGDTSPRHL|0.416
Q13131|P10636-3_PRHLSNVSS|0.0
Q13131|P10636-3_SNVSSTGSI|0.007
Q13131|P10636-3_DMVDSPQLA|0.041
Q13131|P10636-5_GDTPSLEDE|0.03
Q13131|P10636-5_MVSKSKDGT|0.028
Q13131|P10636-5_SKDGTGSDD|0.001
Q13131|P10636-5_PAPKTPPSS|0.116
Q13131|P10636-5_KTPPSSGEP|0.001
Q13131|P10636-5_SPVVSGDTS|0.0
Q13131|P10636-6_GDTPSLEDE|0.014
Q13131|P10636-7_SDAKSTPTA|0.548
Q13131|P10636-7_GIGDTPSLE|0.124
Q13131|P10636-7_GDTPSLEDE|0.029
Q13131|P10636-7_MVSKSKDGT|0.18
Q13131|P10636-7_SKDGTGSDD|0.001
Q13131|P10636-8_DHAGTYGLG|0.582
Q13131|P10636-8_QEGDTDAGL|0.628
Q13131|P10636-8_LQTPTEDGS|0.571
Q13131|P10636-8_TEDGSEEPG|0.502
Q13131|P10636-8_SDAKSTPTA|0.494
Q13131|P10636-8_KSTPTAEDV|0.82
Q13131|P10636-8_AQPHTEIPE|0.553
Q13131|P10636-8_IPEGTTAEE|0.455
Q13131|P10636-8_PEGTTAEEA|0.496
Q13131|P10636-8_GIGDTPSLE|0.689
Q13131|P10636-8_GDTPSLEDE|0.599
Q13131|P10636-8_KTPPSSGEP|0.624
Q13131|P10636-8_TPPSSGEPP|0.469
Q13131|P10636-8_PTPPTREPK|0.547
Q13131|P10636-8_VEVKSEKLD|0.626
Q13131|P10636-8_LDNITHVPG|0.517
Q13131|P10636-8_THKLTFREN|0.753
Q13131|P10636-8_AKAKTDHGA|0.527
Q13131|P10636-8_NVSSTGSID|0.691
Q13131|P10636-8_ADEVSASLA|0.669
Q13131|P10636-8_EVSASLAKQ|0.577
Q13131|P31641_KSPGTRPED|0.0
Q13131|P31641_GATPYNSRT|0.0
Q13131|Q86VP1_NVAKSYLPN|0.941
Q13131|Q86VP1_RGASTPFQF|0.153
Q13131|Q86VP1_QFRASSPVE|0.88
Q13131|Q86VP1_FRASSPVEE|0.391
Q13131|Q86VP1_EDIVSVTHK|0.833
Q13131|Q86VP1_TELDSLKDK|0.784
Q13131|Q86VP1_NLQRTFLLT|0.799
Q13131|Q86VP1_ADLHTARLE|0.504
Q13131|Q86VP1_AADHYKEKF|0.044
Q13131|Q86VP1_DVKPSPSAA|0.859
Q13131|Q86VP1_VQDNYKELK|0.409
Q13131|Q86VP1_QNSQSPQCF|0.596
Q13131|Q86VP1_ARNFSRPDG|0.213
Q13131|Q86VP1_GLEDSEDSK|0.962
Q13131|Q86VP1_DSEDSKEDE|0.482
Q13131|Q86VP1_PDPPSQHLR|0.563
Q13131|O14907____MSYIPG|0.241
Q13131|O14907_DQDPSQNPF|0.0
Q13131|O14907_GWDMTMVTH|0.0
Q13131|O14907_RLLVTRQSL|0.784
Q13131|O14907_VTRQSLQKA|0.585
Q13131|Q9GZV5_KEPDSGSHS|0.494
Q13131|Q9GZV5_PDSGSHSRQ|0.076
Q13131|Q9GZV5_HSRQSSTDS|0.021
Q13131|Q9GZV5_SRQSSTDSS|0.861
Q13131|Q9GZV5_RQSSTDSSG|0.391
Q13131|Q9GZV5_SSTDSSGGH|0.0
Q13131|Q9GZV5_STDSSGGHP|0.336
Q13131|Q9GZV5_HPAVSSTPV|0.0
Q13131|Q9GZV5_AVSSTPVPQ|0.661
Q13131|Q9GZV5_PDMRSITNN|0.439
Q13131|Q9GZV5_GPYHSREQS|0.73
Q13131|Q9GZV5_REQSTDSGL|0.235
Q13131|Q86TI0_RLCVSPSGL|0.0
Q13131|Q86TI0_DPLIYSSIF|0.0
Q13131|Q86TI0_RGSESPRPN|0.0
Q13131|Q86TI0_GFFSSFEES|0.0
Q13131|Q86TI0_GMNSSKTKL|0.53
Q13131|Q86TI0_NSSKTKLEL|0.0
Q13131|Q86TI0_KAKRSLTES|0.299
Q13131|Q86TI0_KRSLTESLE|0.015
Q13131|Q86TI0_ESILSRGNK|0.045
Q13131|Q86TI0_EHSISVDLD|0.0
Q13131|Q86TI0_ISESSFKLL|0.0
Q13131|Q86TI0_LLGSSEDLS|0.0
Q13131|Q86TI0_EDLSSDSES|0.0
Q13131|Q86TI0_LSSDSESHL|0.69
Q13131|Q86TI0_SDSESHLPE|0.0
Q13131|Q86TI0_ANTLSHFPI|0.896
Q13131|Q86TI0_PARGSPGVS|0.0
Q13131|Q86TI0_SPGVSQRKL|0.0
Q13131|Q86TI0_MRYHSVSTE|0.0
Q13131|Q86TI0_HLGDSGGTP|0.235
Q13131|Q86TI0_DSGGTPVKT|0.0
Q13131|Q86TI0_TRRHSWRQQ|0.0
Q13131|Q86TI0_LRVATPQKA|0.0
Q13131|Q86TI0_LPPRSPLEP|0.0
Q13131|Q86TI0_ILKAYSLLD|0.0
Q13131|Q86TI0_ELERSALLQ|0.0
Q13131|Q86TI0-2_NPSASSPNF|0.0
Q13131|Q9BXI6__MAKSNGEN|0.462
Q13131|Q9BXI6_AAGESLSGT|0.698
Q13131|Q9BXI6_SLSGTRESL|0.832
Q13131|Q9BXI6_LGSDSEANG|0.895
Q13131|Q9BXI6_FIVGSQGAE|0.811
Q13131|Q9BXI6_WQYLSGGKV|0.438
Q13131|Q9BXI6_ICEKYLPGY|0.0
Q13131|Q9BXI6_YLPGYYSEK|0.0
Q13131|Q9BXI6_LPGYYSEKL|0.006
Q13131|Q9BXI6_PGYYSEKLE|0.0
Q13131|Q9BXI6_HALGSPEKV|0.095
Q13131|Q9BXI6_CQGQYETIE|0.075
Q13131|Q9BXI6_GQYETIERL|0.04
Q13131|Q9BXI6_ERLRSLSPK|0.0
Q13131|Q9BXI6_LRSLSPKIM|0.492
Q13131|Q9BXI6_LQCRSPPRL|0.072
Q13131|Q9BXI6_PLPGSKAKP|0.0
Q13131|Q9BXI6_APQVSAHHR|0.0
Q13131|Q9BXI6_AHHRSQESL|0.759
Q13131|Q9BXI6_RSQESLTSQ|0.732
Q13131|Q9BXI6_QESLTSQES|0.648
Q13131|Q9BXI6_ESLTSQESE|0.008
Q13131|Q9BXI6_TSQESEDTY|0.02
Q13131|Q4KMP7_SGPESPEPA|0.0
Q13131|Q4KMP7_AGADSPKTE|0.0
Q13131|Q4KMP7_DSPKTEEAR|0.0
Q13131|Q4KMP7_EARPSPAPG|0.0
Q13131|Q4KMP7_PGPGTPTGT|0.0
Q13131|Q4KMP7_PGTPTGTPT|0.064
Q13131|Q4KMP7_TPTGTPTRT|0.292
Q13131|Q4KMP7_TGTPTRTPS|0.0
Q13131|Q4KMP7_TPTRTPSRT|0.0
Q13131|Q4KMP7_TRTPSRTAP|0.0
Q13131|Q4KMP7_PDTLSYLDS|0.0
Q13131|Q4KMP7_DTLSYLDSV|0.0
Q13131|Q4KMP7_ALRKTDKYG|0.0
Q13131|Q4KMP7_KTDKYGFLG|0.0
Q13131|Q4KMP7_FLGGSQYSG|0.0
Q13131|Q4KMP7_GGSQYSGSL|0.0
Q13131|Q4KMP7_GIPSSLRAK|0.0
Q13131|Q4KMP7_EKLRSCQGM|0.0
Q13131|Q4KMP7_CQGMYETME|0.0
Q13131|Q4KMP7_GMYETMEQL|0.0
Q13131|Q4KMP7_QYRPSRRLH|0.0
Q13131|Q4KMP7_GPVVTAEGL|0.0
Q13131|Q4KMP7_GLHPSLPSP|0.0
Q13131|Q4KMP7_PTGNSTPLG|0.0
Q13131|Q4KMP7_PLGSSKETR|0.0
Q13131|Q4KMP7_GRKLSLRRK|0.0
Q13131|Q4KMP7_GDRPSAEAR|0.0
Q13131|Q4KMP7_RQDAYF___|0.0
Q13131|Q8IV04_WVEMTSHWE|0.0
Q13131|Q8IV04_VEMTSHWEK|0.438
Q13131|Q8IV04_HWEKTMSRR|0.008
Q13131|Q8IV04_EKTMSRRYK|0.007
Q13131|Q8IV04_LPFPTVLRV|0.006
Q13131|Q8IV04_TRGKTFHGL|0.885
Q13131|O60347_CLLGSGSKH|0.18
Q13131|O60347_DGAGSPSDW|0.0
Q13131|O60347_SDWASPLED|0.0
Q13131|O60347_RLGFSDIHF|0.0
Q13131|O60347_ILRLYEDIL|0.0
Q13131|Q9NVG8_LERASWTSI|0.0
Q13131|Q9NVG8_SRWNTYFKD|0.003
Q13131|Q9NVG8_RWNTYFKDN|0.0
Q13131|Q9NVG8_CPDISFFQR|0.162
Q13131|Q9NVG8_RATDYPCLL|0.0
Q13131|Q9NVG8_ARNRSGVTN|0.793
Q13131|Q9NVG8_RSGVTNMSS|0.017
Q13131|Q9NVG8_VTNMSSPHK|0.541
Q13131|Q9NVG8_TNMSSPHKN|0.0
Q13131|Q9NVG8_PHKNSVPSS|0.001
Q13131|Q9NVG8_SVPSSLNEY|0.0
Q13131|Q9P2M4____MTDGKL|0.0
Q13131|Q9P2M4_GKLSTSTNG|0.0
Q13131|Q9P2M4_SAPEYGPKL|0.032
Q13131|Q9P2M4_RAFQSACAL|0.691
Q13131|Q9P2M4_PRTGYDSVK|0.005
Q13131|Q9P2M4_TGYDSVKLY|0.458
Q13131|Q9P2M4_VKLYSPTSK|0.0
Q13131|Q9P2M4_ARKQSARLD|0.649
Q13131|Q9P2M4_ERWRSLSTG|0.548
Q13131|Q9P2M4_WRSLSTGGS|0.747
Q13131|Q9P2M4_AQFLTRLPE|0.0
Q13131|Q9P2M4_MEKGSPSLR|0.167
Q13131|Q9P2M4-2_SKPPSPKQN|0.0
Q13131|Q8TC07_AGVVSGKII|0.0
Q13131|Q8TC07_GKIIYEQEG|0.0
Q13131|Q8TC07_QEGVYIHSS|0.0
Q13131|Q8TC07_VYIHSSCGK|0.0
Q13131|Q8TC07_SSILYARKD|0.0
Q13131|Q8TC07_RKDSSSVVE|0.0
Q13131|Q8TC07_GHRGSEHLN|0.312
Q13131|Q8TC07_EHLNSYEAE|0.0
Q13131|Q8TC07_VNTVSFKRK|0.0
Q13131|Q8TC07_KSKWSFLFS|0.0
Q13131|Q8TC07_SFLFSLTDL|0.0
Q13131|Q8TC07_VLCESPQDK|0.0
Q13131|Q8TC07_DEPAYGLIQ|0.0
Q13131|Q8TC07_KKDPYTATM|0.0
Q13131|Q8TC07_KDPYTATMI|0.001
Q13131|Q8TC07_PYTATMIGF|0.0
Q13131|Q8TC07_FSKVTNYIF|0.004
Q13131|Q8TC07_KVTNYIFDS|0.0
Q13131|Q8TC07_YIFDSLRGS|0.0
Q13131|Q8TC07_SLRGSDPST|0.0
Q13131|Q8TC07_KTDEYFRMK|0.0
Q13131|Q8TC07_WKSISQEQE|0.0
Q13131|Q8TC07_MEKHYGFNE|0.0
Q13131|Q8TC07_AEAISLQMV|0.0
Q13131|Q8TC07_GLQGSEVTT|0.0
Q13131|Q8TC07_SEVTTPDSD|0.0
Q13131|Q8TC07_SAFQSNALP|0.0
Q13131|Q8TC07_TLSASGARN|0.564
Q13131|Q8TC07_QIPVSSDVC|0.0
Q13131|Q8TC07-2_CQNKSLSQS|0.0
Q13131|Q8TC07-2_NKSLSQSFE|0.0
Q13131|Q8TC07-2_SLSQSFENL|0.0
Q13131|Q8TC07-2_DEPAYGLIQ|0.0
Q13131|Q8TC07-2_KKDPYTATM|0.0
Q13131|Q8TC07-2_QRPPSEMAD|0.0
Q13131|Q8TBP0_LRRASSKAS|0.0
Q13131|Q8TBP0_RRASSKASD|0.0
Q13131|Q8TBP0_EALRYITPE|0.0
Q13131|Q8TBP0_LRYITPESS|0.0
Q13131|Q8TBP0_ITPESSPVR|0.0
Q13131|Q8TBP0_TPESSPVRK|0.0
Q13131|Q8TBP0_RRTRSSGAS|0.245
Q13131|Q8TBP0_SHQPSPTEL|0.0
Q13131|Q8TBP0_RMLASPAPE|0.0
Q13131|Q8TBP0_LESDSSPPS|0.0
Q13131|Q8TBP0_ESDSSPPSS|0.0
Q13131|Q8TBP0_CMQFSIRRP|0.0
Q13131|Q8TBP0_PKLPSSETH|0.0
Q13131|Q8TBP0_KLPSSETHP|0.0
Q13131|Q8TBP0_PSSETHPEE|0.0
Q13131|Q8TBP0_EESMYKRLG|0.0
Q13131|Q8TBP0_GIDVSIRGE|0.0
Q13131|Q8TBP0_QKRLSMTPE|0.0
Q13131|Q8TBP0_RLSMTPEEH|0.0
Q13131|Q8TBP0_KGPKTPQDG|0.0
Q13131|Q9HA65_VYLHTSAKK|0.0
Q13131|Q9HA65_YLHTSAKKY|0.586
Q13131|Q9HA65_SAKKYQDRD|0.003
Q13131|Q9HA65_QDRDSLIAG|0.0
Q13131|Q9HA65_TTFSSFSRV|0.537
Q13131|Q9HA65_NRIFSGGLS|0.508
Q13131|Q9HA65_GLSPSLRRE|0.545
Q13131|Q9HA65_KTDEYFRMK|0.0
Q13131|Q9HA65_ERRNSLLHG|0.483
Q13131|Q9HA65_NFEESQETM|0.0
Q13131|Q9HA65_PLPLSPTRA|0.0
Q13131|Q9HA65_RAPPTPPPS|0.0
Q13131|Q9HA65_PSTDTAPQP|0.0
Q13131|Q9HA65_PQPDSSLEI|0.387
Q13131|Q9HA65_QPDSSLEIL|0.0
Q13131|Q5R372_DSVATMNSE|0.01
Q13131|Q5R372_LKIVSNGDE|0.718
Q13131|Q5R372_KGNFSPVPK|0.117
Q13131|Q5R372_MGKSYDGRA|0.815
Q13131|Q5R372_DGRAYVITG|0.776
Q13131|Q5R372_LNEETPKDK|0.0
Q13131|Q5R372_ERFWYFSRK|0.505
Q13131|Q5R372_GKGHTNAGD|0.0
Q13131|Q5R372_GDAIYEVVS|0.575
Q13131|Q5R372_YEVVSLQRE|0.964
Q13131|Q5R372_PVTPTSGGG|0.379
Q13131|Q5R372_VTPTSGGGP|0.0
Q13131|Q5R372_LSSGTGDVS|0.626
Q13131|Q5R372_TGDVSKDCP|0.004
Q13131|Q5R372_EKILYSWGE|0.005
Q13131|Q5R372_QESLYKICK|0.003
Q13131|Q5R372_PMDRYKFVY|0.674
Q13131|Q5R372-7_QGIETDDEK|0.0
Q13131|Q8N5T2_IKLESLKED|0.0
Q13131|Q8N5T2_QNAVYSELS|0.0
Q13131|Q8N5T2_EPLVYMRKA|0.0
Q13131|Q8N5T2_FSRDTSVLS|0.0
Q13131|Q8N5T2_SRDTSVLSH|0.0
Q13131|Q8N5T2_FNSASPPKS|0.0
Q13131|Q8N5T2_GLEEYAVFY|0.0
Q13131|Q8N5T2_YAVFYPPNG|0.0
Q13131|Q8N5T2_PSKLYQIFR|0.0
Q13131|Q8N5T2_LADLSTLKV|0.0
Q13131|Q8N5T2_ADLSTLKVM|0.0
Q13131|Q9BYX2_DCARSLEAV|0.004
Q13131|Q9BYX2_CGYLSKFGG|0.001
Q13131|Q9BYX2_LQNISLKHL|0.348
Q13131|Q9BYX2_PGEDSPQSG|0.001
Q13131|Q9BYX2_EPEDSPKPA|0.002
Q13131|Q9BYX2_RQNNTFPFF|0.869
Q13131|Q9BYX2_FPFFSEGIT|0.705
Q13131|Q9BYX2_TVPDYEVED|0.0
Q13131|Q9BYX2_GLEIYQYLR|0.0
Q13131|Q9BYX2_TKTISNSRK|0.548
Q13131|Q9BYX2_TISNSRKLM|0.0
Q13131|Q8WUA7_KRSNSKLPG|0.0
Q13131|Q8WUA7_KLPGSIQHV|0.0
Q13131|Q8WUA7_RLVKSVSES|0.513
Q13131|Q8WUA7_VKSVSESHT|0.543
Q13131|Q8WUA7_SVSESHTSC|0.0
Q13131|Q8WUA7_SESHTSCPA|0.0
Q13131|Q8WUA7_ESHTSCPAE|0.0
Q13131|Q8WUA7_SLPHSATVT|0.407
Q13131|Q8WUA7_PHSATVTLG|0.0
Q13131|Q8WUA7_TLGGTSDPS|0.0
Q13131|Q8WUA7_IPRMSPEAL|0.002
Q13131|Q9NU19_FWKRSAKLP|0.545
Q13131|Q9NU19_KPERSQSTT|0.0
Q13131|Q9NU19_RSQSTTSDV|0.652
Q13131|Q9NU19_SQSTTSDVP|0.014
Q13131|Q9NU19_QSTTSDVPA|0.016
Q13131|Q9NU19_VPANYKVIK|0.283
Q13131|Q9NU19_KVIKSSSDA|0.249
Q13131|Q9NU19_IKSSSDAQL|0.433
Q13131|Q9NU19_LSRNSSDTC|0.002
Q13131|Q9NU19_SRNSSDTCL|0.761
Q13131|Q9NU19_NSSDTCLRN|0.243
Q13131|Q9NU19_VARISDQNA|0.529
Q13131|Q9NU19_VRPITWRLL|0.004
Q13131|Q9NUY8_LFGSTLLGI|0.0
Q13131|Q9NUY8_QSVKSLLEA|0.332
Q13131|Q9NUY8_SGSRSSINS|0.171
Q13131|Q9NUY8_GSRSSINSV|0.047
Q13131|Q9NUY8_SSINSVDGE|0.0
Q13131|Q9NUY8_SPNGSSDRG|0.016
Q13131|Q9NUY8_RGMKSLVNK|0.001
Q13131|Q9NUY8_DRSCTERHV|0.0
Q13131|Q9NUY8_ERHVSSSDR|0.0
Q13131|Q9NUY8_EEYDTDEID|0.012
Q13131|Q9NUY8_DEIDSSSMS|0.0
Q13131|Q9NUY8_VNIQTWINK|0.0
Q13131|Q9NUY8_AYIQSRQAL|0.0
Q13131|Q9NUY8_NSSASGIEI|0.001
Q13131|Q9NUY8_AIERYLIPN|0.0
Q13131|Q9NUY8_DALES____|0.0
Q13131|Q9ULP9___MDSPGYN|0.0
Q13131|Q9ULP9_PKELSCTEL|0.492
Q13131|Q9ULP9_HPELTKPPP|0.0
Q13131|Q9ULP9_TAPLSHSAS|0.0
Q13131|Q9ULP9_PLSHSASSD|0.0
Q13131|Q9ULP9_SHSASSDPA|0.0
Q13131|Q3MII6___MATASGA|0.005
Q13131|Q3MII6_MATASGASD|0.0
Q13131|Q3MII6_ASGASDLSG|0.003
Q13131|Q3MII6_PSEDSPLLE|0.0
Q13131|Q3MII6_WDIISPKDV|0.0
Q13131|Q3MII6_GGGSTFEDA|0.0
Q13131|Q3MII6_SKSLSEPLL|0.0
Q13131|Q3MII6_SHPDSPSSS|0.0
Q13131|Q3MII6_PSSSSPPST|0.0
Q13131|Q86UD7_HSLWYSTAQ|0.0
Q13131|Q2M2D7_DVRKYTNNL|0.0
Q13131|Q2M2D7_VRKYTNNLG|0.0
Q13131|Q2M2D7_LPRVSALEV|0.0
Q13131|Q9UFV1_KVQRSLYEE|0.0
Q13131|Q9UFV1_QRSLYEETN|0.001
Q13131|Q9UFV1_LYEETNKET|0.0
Q13131|Q9UFV1_TNKETWGPA|0.0
Q13131|Q9UFV1_SRGPSLLQT|0.0
Q13131|Q9UFV1_SLLQTPPRV|0.0
Q13131|Q9UPU7_LQKLSGKGP|0.0
Q13131|Q9UPU7_KRWEYCNSL|0.0
Q13131|Q9UPU7_VKWDSRTSP|0.0
Q13131|Q9UPU7_WDSRTSPTP|0.0
Q13131|Q9UPU7_RTSPTPGDF|0.0
Q13131|Q9UPU7_TDLIYPHPN|0.0
Q13131|Q9UPU7_HPNASAEKA|0.0
Q13131|Q9UPU7_SINFYSLKQ|0.0
Q13131|Q9UPU7_ELKNSMSSF|0.0
Q13131|Q9UPU7_DLEESIVQE|0.0
Q13131|Q9UPU7_KKKLTPEGN|0.0
Q13131|Q9UPU7_DIIGSYKNR|0.0
Q13131|Q9UPU7_KNRHSSGDP|0.0
Q13131|Q9UPU7_GTSGSGSVS|0.0
Q13131|Q9UPU7_RKPASEMQL|0.0
Q13131|Q9UPU7_RTLKSKVGE|0.0
Q13131|Q9UPU7_CQIESKYLI|0.0
Q13131|Q9UPU7_IESKYLILL|0.0
Q13131|Q9UPU7_QEMKTPVCS|0.0
Q13131|Q9UPU7_DQGPTREVI|0.0
Q13131|Q9UPU7_LQVESQEQP|0.0
Q13131|Q9UPU7_LVSEYDIYG|0.0
Q13131|Q9UPU7_EYDIYGFRT|0.0
Q13131|Q9UPU7_MPRDYYTKT|0.0
Q13131|Q9UPU7_PRDYYTKTL|0.0
Q13131|Q9UPU7_RDYYTKTLL|0.0
Q13131|Q9UPU7_YYTKTLLGS|0.487
Q13131|Q9UPU7_RERDTSPDK|0.0
Q13131|Q9UPU7_ERDTSPDKG|0.0
Q13131|Q9UPU7_EEEDT____|0.013
Q13131|Q8IZP1_FRDRYGTKQ|0.53
Q13131|Q8IZP1_DRYGTKQRE|0.003
Q13131|Q8IZP1_LWDVYLVEG|0.0
Q13131|Q8IZP1_LMPITRIAF|0.001
Q13131|Q9Y2I9_ARLESQEEE|0.598
Q13131|Q9Y2I9_RRRDSLDSS|0.775
Q13131|Q9Y2I9_DSLDSSTEA|0.254
Q13131|Q9Y2I9_SLDSSTEAS|0.125
Q13131|Q9Y2I9_LDSSTEASG|0.0
Q13131|Q9Y2I9_STEASGSDV|0.614
Q13131|Q9Y2I9_TLEPSLGQN|0.0
Q13131|Q9Y2I9_VARLSTGIP|0.0
Q13131|Q9Y2I9_TMRFTFNER|0.0
Q13131|Q9Y2I9_PDDDSMGIQ|0.0
Q13131|Q9Y2I9_EPPLTNVFT|0.055
Q13131|Q9Y2I9_QWFLTLFAT|0.0
Q13131|Q9Y2I9_DLLQSHELM|0.0
Q13131|Q9Y2I9_LREKYTYNI|0.012
Q13131|Q9Y2I9_REKYTYNIT|0.0
Q13131|Q9Y2I9_EKYTYNITP|0.0
Q13131|Q9Y2I9_KARDSDEEN|0.742
Q13131|Q9Y2I9_IAELSPGAI|0.0
Q13131|Q9Y2I9_VHQVYIRAD|0.009
Q13131|Q9Y2I9_IPGHTGGKI|0.0
Q13131|Q9Y2I9_GGKISPVPY|0.0
Q13131|Q9Y2I9_SPVPYEDLK|0.0
Q13131|Q9Y2I9_TKLNSPWRT|0.0
Q13131|Q9Y2I9_PRTKSHPGC|0.751
Q13131|Q9Y2I9_IEGQSPEPV|0.0
Q13131|Q9Y2I9_NLGLYGPTE|0.216
Q13131|Q9Y2I9_FPQMSRSFS|0.0
Q13131|Q9Y2I9_QMSRSFSKP|0.702
Q13131|Q9Y2I9_SRSFSKPGG|0.0
Q13131|Q9Y2I9-2_GGVGTILSN|0.0
Q13131|Q9Y2I9-2_GTILSNVLK|0.09
Q13131|Q9Y2I9-2_CISRTAPRL|0.0
Q13131|Q9Y2I9-2_RLLCTLEPG|0.0
Q13131|Q9Y2I9-2_PGVDTKLKF|0.0
Q13131|A6NDS4_LWDVYLVEG|0.0
Q13131|A6NDS4_LMPITRIAF|0.002
Q13131|A6NDS4_GPQGSWRFL|0.0
Q13131|Q6IPX1_LWDVYLVEG|0.0
Q13131|Q6IPX1_LMPITRIAF|0.001
Q13131|Q6IPX1_GPQGSWRFL|0.0
Q13131|A6NER0_KGKRSSEHI|0.0
Q13131|A6NER0_LWDVYLVEG|0.0
Q13131|A6NER0_LMPITRIAF|0.0
Q13131|A6NER0_GPQGSWRFL|0.0
Q13131|Q6DHY5_LWDVYLVEG|0.091
Q13131|Q6DHY5_LMPITRIAF|0.202
Q13131|Q6DHY5_GPQGSWRFL|0.0
Q13131|P0C7X1_LWDVYLVEG|0.0
Q13131|P0C7X1_LMPITRIAF|0.001
Q13131|P0C7X1_GPQGSWRFL|0.0
Q13131|Q92609__MYHSLSET|0.288
Q13131|Q92609_YHSLSETRH|0.0
Q13131|Q92609_SGGDSNKNG|0.0
Q13131|Q92609_STLDSEGTF|0.0
Q13131|Q92609_ETLMTPIPF|0.0
Q13131|Q92609_RPVTYQFHP|0.0
Q13131|Q92609_PNLDYYKAR|0.0
Q13131|Q92609_NLDYYKARG|0.0
Q13131|Q92609_LMNKSRTNA|0.001
Q13131|Q92609_RKLISPAMA|0.251
Q13131|Q92609_RLMKSESMP|0.003
Q13131|Q92609_SKNISSSPS|0.344
Q13131|Q92609_GREFTGSPP|0.243
Q13131|Q92609_PSSATKKDS|0.016
Q13131|Q92609_TKKDSFFSN|0.0
Q13131|Q92609_DSFFSNISR|0.034
Q13131|Q92609_NISRSRSHS|0.0
Q13131|Q92609_SRSRSHSKT|0.0
Q13131|Q92609_SRSHSKTMG|0.407
Q13131|Q92609_SHSKTMGRK|0.533
Q13131|Q92609_GRKESEEEL|0.555
Q13131|Q92609_KVMDTHLVN|0.005
Q13131|Q92609_RFNQSQLEA|0.0
Q13131|Q92609_ADNHYCSSG|0.538
Q13131|Q92609_SVQMSGAIK|0.274
Q13131|Q92609_IKQASSETP|0.001
Q13131|Q92609_KQASSETPG|0.0
Q13131|Q92609_ASSETPGCT|0.0
Q13131|Q92609_DRGNSDDFI|0.513
Q13131|Q92609_FILISKDDD|0.0
Q13131|Q92609_DDGSSARGS|0.004
Q13131|Q92609_RGSFSGQAQ|0.466
Q13131|Q92609_QPLRTLRST|0.019
Q13131|Q92609_RTLRSTSGK|0.0
Q13131|Q9P0N9_FRSVYYEKV|0.0
Q13131|Q9P0N9_RSVYYEKVG|0.256
Q13131|Q9P0N9_LCTFSQRFP|0.0
Q13131|Q9P0N9_KLPRSPSFP|0.0
Q13131|O95759_AFQQSGSQS|0.806
Q13131|O95759_SGSQSPDSR|0.409
Q13131|O95759_GIPESLRGR|0.0
Q13131|O95759_VLTAYAHRN|0.718
Q13131|O95759_LMILSRFLD|0.932
Q13131|O95759_NDRDSQSPL|0.6
Q13131|O95759_RDSQSPLRN|0.634
Q13131|O95759_SSSGSCSQE|0.0
Q13131|O95759_ELRASAPSP|0.565
Q13131|O95759_ASAPSPEDS|0.164
Q13131|O95759_MSHQSQSEL|0.677
Q13131|Q0IIM8_RRRGYGEEG|0.0
Q13131|Q0IIM8_GGGLTGLLV|0.275
Q13131|Q0IIM8_DSSKSVIIS|0.0
Q13131|Q0IIM8_SVIISIKGK|0.014
Q13131|Q0IIM8_IKGKTAFRF|0.006
Q13131|Q0IIM8_CGAASTQYH|0.0
Q13131|Q0IIM8_ECSKTVNTE|0.028
Q13131|Q0IIM8_MKEQSWKIL|0.549
Q13131|Q0IIM8_TNKDSPLPS|0.218
Q13131|Q0IIM8_LIRESNEKY|0.535
Q13131|Q0IIM8_SNEKYGNIR|0.0
Q13131|Q0IIM8_GNIRYEDIH|0.284
Q13131|Q0IIM8_EDIHSMRCR|0.003
Q13131|Q0IIM8_RNRLYVIQT|0.653
Q13131|Q0IIM8_YVIQTLEET|0.0
Q13131|Q0IIM8_DVKLSLQEL|0.59
Q13131|Q0IIM8_LDELYVIFK|0.225
Q13131|Q0IIM8_SAKHSPEKG|0.0
Q13131|Q0IIM8_RKLHSPTSS|0.231
Q13131|Q6ZT07_EQDRSLPKL|0.0
Q13131|Q6ZT07_PKKVSALKR|0.513
Q13131|Q6ZT07_EFAGSYNSS|0.516
Q13131|Q6ZT07_GSYNSSDDE|0.504
Q13131|Q6ZT07_SYNSSDDEV|0.471
Q13131|Q6ZT07_YRRRSPEEF|0.0
Q13131|Q6ZT07_HFAEYGQGI|0.133
Q13131|Q6ZT07_LDSRSKQGA|0.102
Q13131|Q6ZT07_LRLWTPENK|0.219
Q13131|Q6ZT07_VLVRSGQGT|0.547
Q13131|Q6ZT07_LTSASDYEI|0.0
Q13131|Q66K14_GGGLTGLLV|0.001
Q13131|Q66K14_HRNISALKR|0.0
Q13131|Q66K14_LREVTIVEK|0.0
Q13131|Q66K14_EKADSSSVL|0.0
Q13131|Q66K14_SVLPSPLSI|0.128
Q13131|Q66K14_ISTKSKMTF|0.0
Q13131|Q66K14_KSKMTFLFA|0.0
Q13131|Q66K14_VQRISDFLQ|0.0
Q13131|Q66K14_GSIGSRKAS|0.528
Q13131|Q66K14_VVDPSTESS|0.0
Q13131|Q66K14_VDPSTESSP|0.0
Q13131|Q66K14_PQEGSEQPA|0.0
Q13131|Q66K14_SPLSSRQSF|0.725
Q13131|Q66K14_SSRQSFCAQ|0.958
Q13131|Q66K14_GIPESLRGE|0.0
Q13131|Q66K14_TGKYSLATE|0.517
Q13131|Q66K14_DLHRSMPEH|0.001
Q13131|Q66K14_RALLSSSDD|0.925
Q13131|Q66K14_KVIQSLEDT|0.0
Q13131|Q66K14_LEDLYMVFK|0.337
Q13131|Q66K14_KHLASQYWG|0.0
Q13131|Q66K14_LASQYWGCS|0.0
Q13131|Q66K14_RRDPSLPYL|0.0
Q13131|Q66K14_PSLPYLEQY|0.0
Q13131|Q66K14_YLEQYRIDA|0.004
Q13131|Q66K14_ENKDSLINF|0.0
Q13131|Q66K14_MSGMYHGDL|0.309
Q13131|Q66K14_HGDLTEKLK|0.0
Q13131|Q66K14_EKGTSSPDY|0.757
Q13131|Q66K14_KGTSSPDYR|0.0
Q13131|Q66K14_SSPDYRHYL|0.0
Q13131|Q66K14_ASILTESVL|0.0
Q13131|Q66K14_ILTESVLVN|0.003
Q13131|Q66K14_QPGVSG___|0.46
Q13131|Q66K14-2_EAAHYFTED|0.0
Q13131|O75347_DGENYDIKK|0.278
Q13131|O75347_LEAAYLDLQ|0.375
Q13131|O75347_EAEEYKEAR|0.0
Q13131|O75347_LVLDSVKLE|0.0
Q13131|Q99426_RYSRSLTIA|0.644
Q13131|Q99426_SRSLTIAEF|0.0
Q13131|Q99426_YEDVSRVEK|0.0
Q13131|Q99426_RVEKYTISQ|0.002
Q13131|Q99426_VEKYTISQE|0.299
Q13131|Q99426_QRQDTVRSF|0.127
Q13131|Q99426_DTVRSFLKR|0.632
Q13131|Q99426_KLGRYNEEE|0.0
Q13131|Q99426_PEEDYGLDE|0.514
Q13131|Q15814_EKRASELHQ|0.0
Q13131|Q15814_TVRLYGNPN|0.003
Q13131|Q15814_GNPNTLRLT|0.0
Q13131|Q15814_FLQVTSRAI|0.0
Q13131|Q15814_LQVTSRAIV|0.492
Q13131|Q15814_RDMASPNWS|0.013
Q13131|Q9NVR7_LNKVSLRTS|0.0
Q13131|Q9NVR7_EEWPSPRNK|0.173
Q13131|Q9NVR7_PKQLTASFH|0.483
Q13131|Q9NVR7_STHSSLVSR|0.0
Q13131|Q9NVR7_VVALSFLIE|0.0
Q13131|Q9NVR7_LIEGTISRA|0.0
Q13131|Q9NVR7_EGTISRARK|0.204
Q13131|Q9NVR7_IACNTHVAP|0.258
Q13131|Q9NVR7_RCNESFIYL|0.0
Q13131|Q9NVR7_ESFIYLLSP|0.0
Q13131|Q9BTW9_SSFQTMQGV|0.2
Q13131|Q9BTW9_VVRWSAAKG|0.477
Q13131|Q9BTW9_TMKISHWDG|0.516
Q13131|Q9BTW9_MRHGSILAC|0.649
Q13131|Q9BTW9_HQQLYDRQL|0.163
Q13131|Q9BTW9_DRQLYRGLG|0.408
Q13131|Q9BTW9_VTHTSPEDV|0.757
Q13131|Q15813____MSDTLT|0.324
Q13131|Q15813__MSDTLTAD|0.489
Q13131|Q15813_SDTLTADVI|0.562
Q13131|Q15813_MKQQSQLSK|0.803
Q13131|Q15813_QSQLSKLQE|0.0
Q13131|Q15813_LQEVSLRNC|0.026
Q13131|Q15813_LKFPSGSVL|0.059
Q13131|Q15813_GSVLTGTLS|0.425
Q13131|Q15813_TGTLSVLKV|0.318
Q13131|Q15813_KNRLSEEFL|0.975
Q13131|Q15813_KVPVSDLLL|0.367
Q13131|Q8TEA7_HRALSPHNI|0.489
Q13131|Q8TEA7_FPIGYPSYL|0.0
Q13131|Q8TEA7_GIFKTTDHM|0.0
Q13131|Q8TEA7_SSAPYFSAE|0.0
Q13131|Q8TEA7_NDLKSEVSP|0.0
Q13131|Q8TEA7_KSEVSPRIS|0.0
Q13131|Q8TEA7_LTIPSPQI_|0.0
Q13131|Q9UHD2_EDGQSVYKL|0.379
Q13131|Q9UHD2_GQSVYKLTD|0.958
Q13131|Q9UHD2_FVSLYGTEE|0.167
Q13131|Q9UHD2_SGAISGVQK|0.061
Q13131|Q9UHD2_QVLLTPVLA|0.057
Q13131|Q9UHD2_AHKIYIHSY|0.602
Q13131|Q9UHD2_HELVYKQTK|0.0
Q13131|Q9UHD2_TLLLYQELM|0.664
Q13131|Q9UHD2_SDIHTKLLR|0.605
Q13131|Q9UHD2_RLSSSQGTI|0.448
Q13131|Q9UHD2_RRLAYNEEQ|0.475
Q13131|Q9UHD2_KQKLYYHAT|0.044
Q13131|Q9UHD2_QKLYYHATK|0.615
Q13131|Q9UHD2_EVSKYQEYT|0.451
Q13131|Q9UHD2_KYQEYTNEL|0.0
Q13131|Q9UHD2_QKMFTASSG|0.0
Q13131|Q9UHD2_MTPIYPSSN|0.0
Q13131|A7MCY6_EDDISILTQ|0.012
Q13131|A7MCY6_ISILTQEAL|0.0
Q13131|A7MCY6_LITAYGDIK|0.03
Q13131|A7MCY6_RENATLRRR|0.0
Q13131|A7MCY6_IKDGSLLEV|0.005
Q13131|A7MCY6_VEKVSLQQR|0.709
Q13131|A7MCY6_GQRHSPLSQ|0.455
Q13131|A7MCY6_PQCPSPSPP|0.0
Q13131|A7MCY6_CPSPSPPAR|0.015
Q13131|A7MCY6_RSPASPSCP|0.0
Q13131|A7MCY6_PASPSCPSP|0.0
Q13131|A7MCY6_PSCPSPVPQ|0.0
Q13131|A7MCY6_PVPPSCQSP|0.0
Q13131|A7MCY6_AEAATLPKP|0.0
Q13131|A7MCY6_EKQPSEEDE|0.0
Q13131|O60907_HFINTSSPR|0.556
Q13131|O60907_KMSITSDEV|0.867
Q13131|O60907_QQQASAAAA|0.443
Q13131|O60907_AAAATAAAT|0.474
Q13131|O60907_TAAATAATT|0.119
Q13131|O60907_ATAATTTSA|0.482
Q13131|O60907_TAATTTSAG|0.624
Q13131|O60907_EIPSSKATV|0.78
Q13131|O60907_SSKATVLRG|0.808
Q13131|O60907_WQNNTTFAS|0.818
Q13131|O60907_GPATSNPNS|0.843
Q13131|O60907_SNPNSNIML|0.956
Q13131|O60907_QEPVYSVAF|0.323
Q13131|Q9BZK7_IWNLSENST|0.81
Q13131|Q9BZK7_SENSTSGST|0.529
Q13131|Q9BZK7_ENSTSGSTQ|0.554
Q13131|Q9BZK7_QEPVYSVAF|0.487
Q13131|Q9BQ87__MSITSDEV|0.021
Q13131|Q9BQ87_QEPVYSVAF|0.075
Q13131|Q9Y4P3_PPDKSSGSK|0.0
Q13131|Q9Y4P3_SGNISCMDF|0.0
Q13131|Q9Y4P3_CMDFSSNGK|0.0
Q13131|Q9Y4P3_ADDRTIRIW|0.0
Q13131|Q9Y4P3_EDGGYTFTA|0.0
Q13131|Q9Y4P3_HAAVSPCGR|0.008
Q13131|Q9Y4P3_KLWDTDVEY|0.0
Q13131|Q9Y4P3_YLLKTGRFE|0.0
Q13131|Q9Y4P3_RLALSPNAQ|0.005
Q13131|Q9Y4P3_LFHNTPGHR|0.0
Q13131|Q12788__MAETAAGV|0.187
Q13131|Q12788_GRFKTNYAV|0.674
Q13131|Q12788_IEPFYKGGK|0.08
Q13131|Q12788_VAQGSGHTH|0.444
Q13131|Q12788_WKDVTEAEQ|0.0
Q13131|Q12788_KLEATMLRL|0.004
Q13131|Q7Z7C8_GAGGSGTRS|0.535
Q13131|Q7Z7C8_ARRRTLQVV|0.562
Q13131|Q7Z7C8_VETLTEMLQ|0.0
Q13131|Q7Z7C8_RSAKSYCEH|0.512
Q13131|Q7Z7C8_RMVITAPPV|0.0
Q13131|Q7Z7C8_TYIKTPTYR|0.514
Q13131|Q7Z7C8_KTPTYREPV|0.015
Q13131|Q7Z7C8_PVSDYQVLR|0.477
Q13131|Q7Z7C8_EKENTSVLQ|0.613
Q13131|Q7Z7C8_QQNPSLSGS|0.0
Q13131|Q7Z7C8_RRKKSLS__|0.045
Q13131|P20226_LDLKTIALR|0.48
Q13131|P20226_SEEQSRLAA|0.95
Q13131|P20226_NMVGSCDVK|0.569
Q13131|P20226_RAEIYEAFE|0.0
Q13131|P20226_FENIYPILK|0.0
Q13131|P62380_ANVIYKRDV|0.001
Q13131|Q6SJ96_SEEQSRLAA|0.645
Q13131|Q6SJ96_AARKYARVV|0.499
Q13131|Q6SJ96_LIFVSGKVV|0.226
Q13131|Q16650_DSKDSPGDV|0.46
Q13131|Q16650_DVQRSKLSP|0.519
Q13131|Q16650_RSKLSPVLD|0.524
Q13131|Q16650_LDGVSELRH|0.438
Q13131|Q16650_MDRLTPSPN|0.0
Q13131|Q16650_RLTPSPNDS|0.149
Q13131|Q16650_PGARYAMAG|0.005
Q13131|Q16650_AMAGSFLQD|0.001
Q13131|Q16650_FVSNYAKAR|0.583
Q13131|Q16650_PGAPSPQRW|0.0
Q13131|Q16650_WGARSPPQY|0.414
Q13131|Q16650_AAERSPLPP|0.0
Q13131|Q16650_PKDLSDSSW|0.01
Q13131|Q16650_LSDSSWIET|0.0
Q13131|Q16650_SSIKSIDSS|0.0
Q13131|Q16650_DSSDSGIYE|0.0
Q13131|Q16650_DSGIYEQAK|0.0
Q13131|Q16650_RRRISPADT|0.0
Q13131|Q16650_SESSSPLKS|0.272
Q13131|Q16650_SPLKSEVLA|0.582
Q13131|Q3YBR2_DGLASSPRA|0.0
Q13131|Q3YBR2_QHLKSPSQG|0.001
Q13131|Q3YBR2_PSQGSPIQS|0.0
Q13131|Q3YBR2_PIQSSD___|0.0
Q13131|Q3YBR2-2_LWELYRELG|0.0
Q13131|Q969Z0_VAHKTLTSS|0.0
Q13131|Q969Z0_TSPISHLPG|0.0
Q13131|Q969Z0_KELQSVEQE|0.0
Q13131|Q969Z0_LDVAYAYGK|0.0
Q13131|Q969Z0_KDQNTFQKL|0.0
Q13131|Q969Z0_DRKVTPLQK|0.025
Q13131|Q969Z0_PPPGSKRLA|0.0
Q13131|O43435_RMFPTFQVK|0.0
Q13131|O43435_DSEKYAEEN|0.485
Q13131|O43435_NHRITQLKI|0.545
Q13131|O43435_NPVASPTQP|0.076
Q13131|O43435-3_GGRPSPPNP|0.001
Q13131|O75333_SMHRYQPRF|0.0
Q13131|O75333_DSERYAQEN|0.0
Q13131|O75333_AVTAYQNHR|0.387
Q13131|O75333_NHRITQLKI|0.022
Q13131|O75333_RPLLSVPAR|0.003
Q13131|O75333_RSHSSLSPC|0.0
Q13131|O75333_HSSLSPCVL|0.0
Q13131|Q96SF7_PHQQYYIAM|0.201
Q13131|Q96SF7_DNKRYRYVY|0.542
Q13131|Q96SF7_KRYRYVYHS|0.024
Q13131|Q96SF7_YRYVYHSSK|0.141
Q13131|Q96SF7_GNADSPVPP|0.009
Q13131|Q96SF7_RKDFSSDLS|0.003
Q13131|Q96SF7_KDFSSDLSP|0.388
Q13131|Q96SF7_RLAASPEKL|0.012
Q13131|O95935_KRRGSPCSM|0.357
Q13131|O95935_SPGGSPKGS|0.0
Q13131|O95935_ARPGTPLPS|0.358
Q13131|O95935_TPLPSPQAP|0.0
Q13131|O95935_PHQQYYIAM|0.003
Q13131|O95935_DNKRYRYVY|0.455
Q13131|O95935_KRYRYVYHS|0.0
Q13131|O95935_YRYVYHSSK|0.006
Q13131|O95935_GNADSPVPP|0.0
Q13131|O95935_FRLHSPCAL|0.0
Q13131|O95935_NFSTSPKLA|0.0
Q13131|O95935_KLAASPEKI|0.0
Q13131|O95935_SSQGSFLGS|0.181
Q13131|O60806_KVKLTNKLN|0.468
Q13131|O60806_IMLNSLHKY|0.319
Q13131|Q13207_RSLKSLEPE|0.384
Q13131|Q13207_DDCRYKFHN|0.481
Q13131|Q13207_LKLPYSTFR|0.551
Q13131|Q13207_STFRTYVFP|0.463
Q13131|Q13207_TFRTYVFPE|0.45
Q13131|Q13207_VFPETDFIA|0.469
Q13131|Q13207_DGAESDASS|0.531
Q13131|Q13207_ESDASSCDP|0.433
Q13131|Q13207_SDASSCDPP|0.451
Q13131|Q13207_EPPTSPGAA|0.504
Q13131|Q13207_GAAPSPLRL|0.653
Q13131|Q13207_CAADSDPEP|0.96
Q13131|Q13207_PERLSEERA|0.915
Q13131|Q13207_PLGRSPAPD|0.905
Q13131|Q13207_PAPDSASPT|0.824
Q13131|Q13207_PDSASPTRL|0.585
Q13131|Q13207_PTRLTEPER|0.496
Q13131|Q13207_RERRSPERG|0.492
Q13131|Q13207_PPSTSLLTT|0.171
Q13131|Q13207_TSLLTTGLA|0.361
Q13131|Q13207_TGLASEGSK|0.637
Q13131|Q13207_ASEGSKAAG|0.767
Q13131|Q13207_RGALSPSGS|0.504
Q13131|Q13207_QRALSPGRE|0.526
Q13131|Q13207_PGRESPK__|0.524
Q13131|Q9UMR3_HELGTEMII|0.0
Q13131|Q9UMR3_ESVESLIQK|0.451
Q13131|Q9UL17_LGSPYPGGA|0.398
Q13131|Q9UL17_NKGASNNVT|0.212
Q13131|Q9UL17_SNNVTQMIV|0.545
Q13131|Q9UL17_IVLQSLHKY|0.4
Q13131|Q9UL17_RDHSYEAEF|0.339
Q13131|Q9UL17_SGDSSSPAG|0.49
Q13131|Q9UL17_AGAPSPFDK|0.427
Q13131|Q9Y458_TEPSTSASS|0.0
Q13131|Q9Y458_EPSTSASSG|0.0
Q13131|Q9Y458_TSASSGCGS|0.0
Q13131|Q9Y458_CGSDSGYGN|0.0
Q13131|Q9Y458_GYGNSSESL|0.005
Q13131|Q9Y458_YGNSSESLE|0.0
Q13131|Q9Y458_NSSESLEEK|0.0
Q13131|Q9Y458_PGKQYHVAI|0.0
