kinase|substrate_motif|ksf2_pred
P16234|Q9UKV3-2_SRSRSRDRR|0.0
P16234|Q9UKV3-2_SRSRSTPVR|0.0
P16234|Q9UKV3-5_KRKISVVST|0.0
P16234|Q9UKV3-5_PAGNSDTEG|0.0
P16234|Q9UKV3-5_QKKPSISIT|0.0
P16234|Q9UKV3-5_HADDSRISE|0.0
P16234|Q9UKV3-5_DSRISEDET|0.0
P16234|Q07912_DLNVTRLSH|0.0
P16234|Q07912_VTRLSHFEY|0.158
P16234|Q07912_SHFEYVKNE|0.394
P16234|Q07912_CKRKSWMSK|0.0
P16234|Q07912_KSWMSKVFS|0.176
P16234|Q07912_SKVFSGKRL|0.0
P16234|Q07912_LGDGSFGVV|0.0
P16234|Q07912_WDAPSGKTV|0.144
P16234|Q07912_LIRLYGVVL|0.417
P16234|Q07912_MKMVTELAP|0.0
P16234|Q07912_APLGSLLDR|0.0
P16234|Q07912_NVVTSVAGL|0.0
P16234|Q07912_SFIHTGHGD|0.07
P16234|Q07912_LLDETPPQS|0.055
P16234|Q07912_TPPQSPTRA|0.0
P16234|Q07912_PGPASPPRV|0.0
P16234|Q07912_SPQGSRTPS|0.0
P16234|Q07912_RLSSSPGKT|0.0
P16234|Q07912_TMPTTQSFA|0.13
P16234|Q07912_PKYATPQVI|0.0
P16234|Q07912_GKKVSSTHY|0.153
P16234|Q07912_KKVSSTHYY|0.403
P16234|Q07912_KVSSTHYYL|0.059
P16234|Q07912_PERPSYLER|0.16
P16234|Q07912_ERPSYLERY|0.38
P16234|Q07912_ANFSTNNSN|0.0
P16234|P53396_ICTTSAIQN|0.0
P16234|P53396_VTPDTDWAR|0.108
P16234|P53396_DGVKSWLKP|0.0
P16234|P53396_GQEATVGKA|0.0
P16234|P53396_VGKATGFLK|0.0
P16234|P53396_KDGVYVLDL|0.236
P16234|P53396_GREAYPEEA|0.437
P16234|P53396_LDAKSGASL|0.0
P16234|P53396_KSGASLKLT|0.0
P16234|P53396_EQQTYDYAK|0.269
P16234|P53396_DYAKTILSL|0.007
P16234|P53396_KTILSLMTR|0.0
P16234|P53396_AIRDYQGPL|0.181
P16234|P53396_TAAHTANFL|0.006
P16234|P53396_NASGSTSTP|0.0
P16234|P53396_SGSTSTPAP|0.0
P16234|P53396_TASFSESRA|0.0
P16234|P53396_AAMVYPFTG|0.421
P16234|P53396_INFASLRSA|0.0
P16234|P53396_SAYDSTMET|0.375
P16234|P53396_AYDSTMETM|0.181
P16234|P53396_ETMNYAQIR|0.431
P16234|P53396_AQIRTIAII|0.0
P16234|P53396_PEALTRKLI|0.0
P16234|P53396_NILASKLYR|0.18
P16234|P53396_ASKLYRPGS|0.197
P16234|P53396_YRPGSVAYV|0.205
P16234|P53396_SGGMSNELN|0.0
P16234|P53396_NNIISRTTD|0.0
P16234|P53396_IISRTTDGV|0.0
P16234|P53396_GGDRYPGST|0.249
P16234|P53396_HVLRYQDTP|0.438
P16234|P53396_RYQDTPGVK|0.0
P16234|P53396_QELIYAGMP|0.285
P16234|P53396_SGLLTIGDR|0.0
P16234|P53396_KAFDSGIIP|0.325
P16234|P53396_HRVKSINNP|0.001
P16234|P53396_HFPATPLLD|0.0
P16234|P53396_FIGHYLDQK|0.185
P16234|P53396_KQGLYRHPW|0.444
P16234|Q8TDX5_IDIHSHILP|0.0
P16234|Q8TDX5-2__MGKSSEWC|0.0
P16234|Q8TDX5-2_MGKSSEWCE|0.0
P16234|Q8TDX5-2_LEKWTKKAK|0.0
P16234|Q9NRP4_NRQFSISES|0.0
P16234|Q99798_SLLVTRLQK|0.0
P16234|Q99798_EPNEYIHYD|0.137
P16234|Q99798_DDPASQEIE|0.0
P16234|Q99798_ERGKSYLRL|0.0
P16234|Q99798_NQEVYNFLA|0.0
P16234|Q99798_KLTGSLSGW|0.0
P16234|Q99798_LSGWSSPKD|0.0
P16234|Q99798_SGWSSPKDV|0.0
P16234|Q99798_YLSKTGRED|0.0
P16234|Q99798_TNSSYEDMG|0.053
P16234|Q99798_ERDGYAQIL|0.179
P16234|Q99798_GEKNTIVTS|0.0
P16234|Q99798_NTIVTSYNR|0.357
P16234|Q99798_TIVTSYNRN|0.36
P16234|Q99798_NRNFTGRND|0.0
P16234|Q99798_PETDYLTGT|0.059
P16234|Q99798_TDYLTGTDG|0.074
P16234|Q99798_PGQDTYQHP|0.393
P16234|Q99798_PVPDTARYY|0.353
P16234|Q99798_YGEGSSREH|0.0
P16234|Q99798_GEGSSREHA|0.0
P16234|Q86TX2_YRADTLGEL|0.0
P16234|Q86TX2_RDVRTPLAV|0.0
P16234|Q86TX2_LLGISKGGE|0.0
P16234|Q86TX2_VINGSVANV|0.0
P16234|Q86TX2_TKDGYADIV|0.0
P16234|Q8WXI4_YRNPTEVQM|0.0
P16234|Q8WXI4_QVYLSYNNV|0.0
P16234|Q8WYK0_TRAFSTSME|0.0
P16234|Q8WYK0_RAFSTSMEI|0.0
P16234|Q8WYK0_LGRKYVISH|0.062
P16234|Q8WYK0_YRLLSDFTK|0.0
P16234|Q8WYK0_LSDFTKRPL|0.0
P16234|Q8WYK0_VAVKSVILP|0.0
P16234|Q8WYK0_SVPPSPQYI|0.499
P16234|Q8WYK0_PSPQYIRSE|0.273
P16234|Q8WYK0_DGFVSTF__|0.0
P16234|Q8WYK0_GFVSTF___|0.0
P16234|P49753_NKLLSPHPH|0.0
P16234|P49753_FKMASSPAV|0.0
P16234|P49753_KMASSPAVL|0.0
P16234|P49753_QFLGSPQLR|0.0
P16234|P49753_RMAATLILE|0.0
P16234|P49753_YRADTLGEL|0.001
P16234|P49753_RDVRTPLAV|0.001
P16234|P49753_LLGISKGGE|0.0
P16234|P49753_TKDGYADIV|0.361
P16234|Q3I5F7_VKGPSIALL|0.0
P16234|Q3I5F7_LLGFSKGGD|0.002
P16234|Q3I5F7_KSEFYAQIA|0.418
P16234|O00154_TNKATLWYV|0.394
P16234|O00154_ATLWYVPLS|0.383
P16234|O00154_PPVVYSRQE|0.274
P16234|O00154_PVVYSRQEQ|0.026
P16234|O00154_GRKRYEAQK|0.008
P16234|O00154_TSNKSMEIE|0.0
P16234|O00154_YRAASAFFT|0.002
P16234|O00154_LVPETEDEK|0.017
P16234|O00154-2____MSGPDV|0.0
P16234|O00154-4____MSGPDV|0.0
P16234|O14734_LPVLYQVER|0.001
P16234|O14734_VLAVTCAQE|0.0
P16234|O14734_KPQVSESKL|0.0
P16234|O14734_QVSESKL__|0.0
P16234|Q9Y305_GRGLTQGPQ|0.0
P16234|Q9Y305_KLLHSFLAK|0.0
P16234|Q9Y305_MKDSYIEVL|0.0
P16234|Q9Y305_LPLGSEPEL|0.0
P16234|Q9Y305_LREKYLTVQ|0.0
P16234|Q9Y305_KKSLSPEQD|0.0
P16234|Q9Y305_LIPESPEEE|0.0
P16234|Q9Y305_VRVHSEVAS|0.0
P16234|Q9Y305_EKQHTTTNV|0.0
P16234|Q15067_PELLTHILD|0.0
P16234|Q15067_WLLSSKGLQ|0.0
P16234|Q15067_FILNSPTVT|0.0
P16234|Q15067_KGKCYGLHA|0.303
P16234|Q15067_PKFGYDEID|0.0
P16234|Q15067_MLMKYAQVK|0.0
P16234|Q15067_NKLTYGTMV|0.423
P16234|Q15067_LTEAYKLRA|0.001
P16234|Q15067_DGNVYENLF|0.261
P16234|Q15067_WAKNSPLNK|0.0
P16234|Q15067_EVHESYKHL|0.1
P16234|Q99424_RKVESIIHS|0.0
P16234|Q99424_AQSNYLPMV|0.002
P16234|O15254_LFARSPGAD|0.0
P16234|O15254_SLEKYRELN|0.0
P16234|O15254_FIIHSPDFE|0.0
P16234|O15254_RDPKTLLPM|0.0
P16234|O15254_PEGTYVSPF|0.368
P16234|O15254_GTYVSPFKD|0.0
P16234|Q9NUZ1_FVSRSLVIG|0.0
P16234|Q9NUZ1_GEVLSMADM|0.0
P16234|Q9NUZ1_KLGLTIAIR|0.0
P16234|Q9NUZ1_IAIRYSHSR|0.062
P16234|P24666_QATKSVLFV|0.0
P16234|P24666_ATSGYEIGN|0.018
P16234|P24666_YRGQSCMKR|0.002
P16234|P24666_ARQITKEDF|0.031
P16234|P24666_EDFATFDYI|0.228
P16234|P24666_ATFDYILCM|0.132
P16234|P24666_LLGSYDPQK|0.001
P16234|P24666_YGNDSDFET|0.001
P16234|P24666_SDFETVYQQ|0.397
P16234|P24666_FETVYQQCV|0.559
P16234|P24666-2_PRAVSCLRN|0.0
P16234|P11117_HGDRSPVKT|0.0
P16234|P11117_SPVKTYPKD|0.451
P16234|P13686_VPNGYLRFH|0.421
P16234|P13686_LRFHYGTED|0.374
P16234|Q9NPH0_IPFLSPTFN|0.0
P16234|Q9NPH0_RQTASLQPG|0.0
P16234|Q9NPH0_QPGISEDLK|0.0
P16234|Q9NPH0_DTSLYILPK|0.0
P16234|Q9NPH0_EDRESLQMA|0.0
P16234|P15309_LESETLKSE|0.0
P16234|P15309_ATEDTMTKL|0.0
P16234|P15309_EDTMTKLRE|0.091
P16234|P15309_LRELSELSL|0.0
P16234|Q9BZG2_LRSRYEAFL|0.064
P16234|Q9BZG2_LSPEYRREE|0.221
P16234|Q9BZG2-2_LRSRYEGFL|0.0
P16234|Q8NEB7_GFLPSLLKV|0.0
P16234|Q8NEB7_EIEASAEVS|0.0
P16234|Q8NEB7_SAEVSPTTM|0.0
P16234|Q96QF7_LNVQSSSDD|0.0
P16234|Q96QF7_VQSSSDDTS|0.0
P16234|Q96QF7_DTSGSSVAR|0.002
P16234|Q96QF7_TSGSSVARR|0.0
P16234|Q96QF7_KRQASCILN|0.0
P16234|Q96QF7_SKTKTIVEP|0.0
P16234|Q96QF7_VQRIYDLFN|0.001
P16234|Q96GR2_GVMLSQDNI|0.0
P16234|Q96GR2_QDNITWTAR|0.072
P16234|Q96GR2_ALKGSLVNT|0.0
P16234|Q96GR2_LPIISNAML|0.0
P16234|Q96GR2_ATTVSEIIE|0.0
P16234|Q5FVE4_NRFGTYPAL|0.0
P16234|Q5FVE4_DKHETVVSY|0.01
P16234|Q5FVE4_VAQKYKKQI|0.301
P16234|Q5FVE4_IDHMYH___|0.151
P16234|Q96CM8_LCAGSSGVL|0.0
P16234|Q96CM8_CAGSSGVLG|0.0
P16234|Q96CM8_RMVSTPIGG|0.0
P16234|Q96CM8_IGGLSYVQG|0.0
P16234|Q96CM8_GGLSYVQGC|0.36
P16234|Q96CM8_VQGCTKKHL|0.0
P16234|Q96CM8_KHLNSKTVG|0.0
P16234|Q96CM8_CIRGYCVML|0.217
P16234|Q96CM8_VMLGYWGEP|0.399
P16234|Q96CM8_DFFHTHPKV|0.0
P16234|Q96CM8_DGEETTVEE|0.0
P16234|Q96CM8_NYPLTISGK|0.0
P16234|Q4G176_YRELYSRSL|0.228
P16234|Q4G176_LLPLTPAIY|0.12
P16234|Q4G176_YTSGTTGRP|0.077
P16234|Q4G176_VPTIYTKLM|0.0
P16234|Q4G176_KLMEYYDRH|0.378
P16234|Q4G176_LMEYYDRHF|0.312
P16234|Q4G176_LLERYGMTE|0.0
P16234|Q4G176_KDGQYWIRG|0.0
P16234|Q4G176_VLAPYAVPS|0.183
P16234|P33121_YEWLSYKQV|0.138
P16234|P33121_EAITYIVNK|0.197
P16234|P33121_DAYGSELVE|0.088
P16234|P33121_IRNNSLWDR|0.0
P16234|P33121_AAPVSATVL|0.001
P16234|P33121_AQGEYIAPE|0.0
P16234|P33121_IENIYMRSE|0.407
P16234|P33121_PELFSIDNG|0.0
P16234|P33121_NGLLTPTMK|0.0
P16234|P33121_IDDLYSTIK|0.277
P16234|P33121_DLYSTIKV_|0.206
P16234|O95573_NNHVSSKPS|0.011
P16234|O95573_CRIGYSSPQ|0.298
P16234|O95573_IGYSSPQTL|0.035
P16234|O95573_EEGGYFNTD|0.433
P16234|O95573_QAGEYVSLG|0.293
P16234|O95573_WTPETGLVT|0.138
P16234|O95573_TGLVTDAFK|0.006
P16234|O95573_LKTHYQADI|0.107
P16234|O60488_ITIYSALIF|0.0
P16234|O60488_FIPWYFLTN|0.28
P16234|O60488_WYFLTNAKK|0.391
P16234|O60488_DKPGSPYRS|0.126
P16234|O60488_YRSVTHFDS|0.385
P16234|O60488_GSGLTALGL|0.0
P16234|O60488_KHIIYVDNK|0.246
P16234|O60488_LSDQSSKIK|0.0
P16234|O60488_SDQSSKIKK|0.0
P16234|O60488_FKIGYDYKL|0.078
P16234|O60488_IKKGYDAPL|0.222
P16234|O60488_EVTDYTTGR|0.431
P16234|O60488_TDYTTGRVG|0.355
P16234|O60488_EGGYTINDK|0.41
P16234|O60488_TAEDYSVDE|0.045
P16234|O60488_QAGEYVSLG|0.03
P16234|O60488_GEYVSLGKV|0.36
P16234|O60488_AFAKSDQSY|0.282
P16234|O60488_WTPETGLVT|0.018
P16234|O60488_TGLVTDAFK|0.0
P16234|Q9ULC5_PCLGYRKPN|0.102
P16234|Q9ULC5_AVPLYDTLG|0.384
P16234|Q9ULC5_ILSLYDAEN|0.341
P16234|Q9ULC5_KLAVSSKFK|0.0
P16234|Q9ULC5_LAVSSKFKE|0.0
P16234|Q9ULC5_IRHDSFWDK|0.0
P16234|Q9ULC5_KIQDSLGGR|0.0
P16234|Q9ULC5_DPEKTQEAL|0.0
P16234|Q9ULC5_AQGEYIAPE|0.0
P16234|Q9ULC5_ESLRSSLVG|0.0
P16234|Q9ULC5_SLRSSLVGV|0.0
P16234|Q9ULC5_DVLPSFAAK|0.0
P16234|Q9ULC5_SGLKTFEQV|0.0
P16234|Q9ULC5_NGLLTPTLK|0.0
P16234|Q9ULC5_IDSLYEHIQ|0.21
P16234|Q9ULC5-3_GRKNSEPGS|0.0
P16234|Q9UKU0_YIINTADIS|0.142
P16234|Q9UKU0_TADISTVIV|0.0
P16234|Q9UKU0_ADISTVIVD|0.0
P16234|Q9UKU0_DKIFSQANT|0.0
P16234|Q9UKU0_LPAGTLKII|0.0
P16234|Q9UKU0_IEGTYADLC|0.0
P16234|Q9UKU0-2_QWAPTCADV|0.0
P16234|Q08AH1_MGDLTRRVA|0.003
P16234|Q08AH1_PSLKTKLLV|0.0
P16234|Q08AH1_KLLVSDHSR|0.0
P16234|Q08AH1_SPEHTCVKS|0.0
P16234|Q08AH1_IINASGYRI|0.059
P16234|Q08AH1_NASGYRIGP|0.277
P16234|Q08AH1_KDQLTKELQ|0.0
P16234|Q08AH1_VKSVTAPYK|0.021
P16234|Q08AH1_VTAPYKYPR|0.323
P16234|Q08AH1_APYKYPRKV|0.57
P16234|Q08AH3_DTVASECPS|0.0
P16234|Q08AH3_TLSSYPIKS|0.226
P16234|Q08AH3_YPIKSMMGA|0.033
P16234|Q08AH3_TCMVSKTMK|0.079
P16234|Q08AH3_SQFLSHDPE|0.0
P16234|Q08AH3_VTAPYKYPR|0.284
P16234|Q08AH3_APYKYPRKI|0.439
P16234|Q68CK6_DTVASECPS|0.0
P16234|Q68CK6_SLLESWTLG|0.0
P16234|Q68CK6_LESWTLGAC|0.0
P16234|Q68CK6_TLSSYPIKS|0.142
P16234|Q68CK6_YPIKSMMGA|0.006
P16234|Q68CK6_NSSGYRIGP|0.358
P16234|Q68CK6_VTAPYKYPR|0.245
P16234|Q68CK6_APYKYPRKI|0.437
P16234|Q53FZ2_GIPEYFNFA|0.0
P16234|Q53FZ2_TTQLTQKDI|0.0
P16234|Q53FZ2_MKHASDSHT|0.0
P16234|Q53FZ2_TCVKTKHNE|0.0
P16234|Q53FZ2_AIFFTSGTS|0.0
P16234|Q53FZ2-2_NPICTLPTY|0.048
P16234|Q53FZ2-2_CTLPTYRLP|0.0
P16234|Q53FZ2-2_TLPTYRLPP|0.0
P16234|P0C7M7_PAVESIVLE|0.003
P16234|P0C7M7_YPITTLCSP|0.0
P16234|P0C7M7_PEKLTLELQ|0.0
P16234|P0C7M7_STAPYKYPR|0.389
P16234|Q6NUN0_ACMRTGTVM|0.0
P16234|Q6NUN0_PLAIYFTSG|0.06
P16234|Q6NUN0_SQSSYGLGF|0.066
P16234|Q6NUN0_RHCLTGGEA|0.0
P16234|Q6NUN0_AVVSSPDPI|0.0
P16234|Q6NUN0_PEALTRELQ|0.0
P16234|Q6P461_RLGITFVPG|0.0
P16234|Q6P461_KKIRYQLRM|0.007
P16234|Q6P461_FSQASRRWM|0.0
P16234|Q6P461_GGPISPGVI|0.0
P16234|Q9NUB1_RLLGSLRGL|0.0
P16234|Q9NUB1_PCGVSAPRR|0.001
P16234|Q9NUB1_ESMGSEDML|0.0
P16234|Q9NUB1_FVDAYFKAY|0.547
P16234|Q9NUB1_TEGGYYQIT|0.544
P16234|Q9NUB1_ILSVYQKCK|0.249
P16234|Q9NR19_VRSGSGSRG|0.0
P16234|Q9NR19_SGSGSRGQE|0.0
P16234|Q9NR19_SLQRYRELH|0.097
P16234|Q9NR19_LHRRSVEEP|0.002
P16234|Q9NR19_MKGATTNIC|0.0
P16234|Q9NR19_KGATTNICY|0.249
P16234|Q9NR19_GMGDSTSQS|0.0
P16234|Q9NR19_MGDSTSQSP|0.0
P16234|Q9NR19_GDSTSQSPP|0.0
P16234|Q9NR19_YTAPTAIRL|0.072
P16234|Q9NR19_DQDGYYWIT|0.224
P16234|Q9NR19_GPIATPDYI|0.0
P16234|Q9H6R3_SGSGSEYKT|0.413
P16234|Q9H6R3_SGSEYKTHF|0.112
P16234|Q9H6R3_GAIHSLIFG|0.0
P16234|Q9H6R3_GGFASKELS|0.0
P16234|Q9H6R3_SKELSSRID|0.0
P16234|Q9H6R3_KELSSRIDH|0.0
P16234|Q9H6R3_RRVEYVPLV|0.069
P16234|Q9H6R3_AKAQSHDCV|0.0
P16234|Q9H6R3_AIEESILSH|0.0
P16234|Q9H6R3_RSALSAIVN|0.0
P16234|Q9H6R3_NGKPYKITS|0.0
P16234|P68133_AVFPSIVGR|0.0
P16234|P68133_GQKDSYVGD|0.067
P16234|P68133_DEAQSKRGI|0.007
P16234|P68133_RGILTLKYP|0.199
P16234|P68133_LTLKYPIEH|0.155
P16234|P68133_HGIITNWDD|0.002
P16234|P68133_IWHHTFYNE|0.136
P16234|P68133_IMFETFNVP|0.403
P16234|P68133_VLSLYASGR|0.262
P16234|P68133_SGRTTGIVL|0.0
P16234|P68133_IVLDSGDGV|0.096
P16234|P68133_NVPIYEGYA|0.398
P16234|P68133_IYEGYALPH|0.287
P16234|P68133_GRDLTDYLM|0.427
P16234|P68133_DLTDYLMKI|0.374
P16234|P68133_MKILTERGY|0.422
P16234|P68133_TERGYSFVT|0.306
P16234|P68133_ERGYSFVTT|0.063
P16234|P68133_YSFVTTAER|0.042
P16234|P68133_TAASSSSLE|0.0
P16234|P68133_AASSSSLEK|0.0
P16234|P68133_ASSSSLEKS|0.14
P16234|P68133_SLEKSYELP|0.03
P16234|P68133_LEKSYELPD|0.223
P16234|P68133_GQVITIGNE|0.061
P16234|P68133_RCPETLFQP|0.296
P16234|P68133_LFQPSFIGM|0.0
P16234|P68133_IHETTYNSI|0.17
P16234|P68133_HETTYNSIM|0.315
P16234|P68133_TTYNSIMKC|0.168
P16234|P68133_RKDLYANNV|0.437
P16234|P68133_MSGGTTMYP|0.0
P16234|P68133_SGGTTMYPG|0.058
P16234|P68133_GTTMYPGIA|0.353
P16234|P68133_QKEITALAP|0.0
P16234|P68133_ALAPSTMKI|0.0
P16234|P68133_LAPSTMKIK|0.0
P16234|P68133_TKQEYDEAG|0.312
P16234|P68133_EAGPSIVHR|0.0
P16234|P62736_AVFPSIVGR|0.0
P16234|P62736_GQKDSYVGD|0.086
P16234|P62736_QKDSYVGDE|0.284
P16234|P62736_DEAQSKRGI|0.011
P16234|P62736_RGILTLKYP|0.235
P16234|P62736_LTLKYPIEH|0.193
P16234|P62736_HGIITNWDD|0.004
P16234|P62736_IWHHSFYNE|0.192
P16234|P62736_HHSFYNELR|0.082
P16234|P62736_IMFETFNVP|0.42
P16234|P62736_VLSLYASGR|0.313
P16234|P62736_SGRTTGIVL|0.0
P16234|P62736_IVLDSGDGV|0.108
P16234|P62736_NVPIYEGYA|0.541
P16234|P62736_IYEGYALPH|0.338
P16234|P62736_GRDLTDYLM|0.437
P16234|P62736_DLTDYLMKI|0.391
P16234|P62736_MKILTERGY|0.502
P16234|P62736_TERGYSFVT|0.332
P16234|P62736_ERGYSFVTT|0.07
P16234|P62736_YSFVTTAER|0.041
P16234|P62736_EKLCYVALD|0.425
P16234|P62736_TAASSSSLE|0.0
P16234|P62736_AASSSSLEK|0.0
P16234|P62736_ASSSSLEKS|0.162
P16234|P62736_SLEKSYELP|0.031
P16234|P62736_LEKSYELPD|0.231
P16234|P62736_GQVITIGNE|0.07
P16234|P62736_RCPETLFQP|0.331
P16234|P62736_LFQPSFIGM|0.0
P16234|P62736_IHETTYNSI|0.197
P16234|P62736_HETTYNSIM|0.357
P16234|P62736_TTYNSIMKC|0.189
P16234|P62736_RKDLYANNV|0.505
P16234|P62736_LSGGTTMYP|0.003
P16234|P62736_SGGTTMYPG|0.063
P16234|P62736_GTTMYPGIA|0.379
P16234|P62736_QKEITALAP|0.0
P16234|P62736_SILASLSTF|0.0
P16234|P62736_SKQEYDEAG|0.363
P16234|P62736_EAGPSIVHR|0.0
P16234|P60709_AVFPSIVGR|0.0
P16234|P60709_GQKDSYVGD|0.07
P16234|P60709_DEAQSKRGI|0.006
P16234|P60709_RGILTLKYP|0.212
P16234|P60709_LTLKYPIEH|0.166
P16234|P60709_HGIVTNWDD|0.005
P16234|P60709_IWHHTFYNE|0.147
P16234|P60709_PVLLTEAPL|0.0
P16234|P60709_REKMTQIMF|0.285
P16234|P60709_VLSLYASGR|0.287
P16234|P60709_IVMDSGDGV|0.0
P16234|P60709_GDGVTHTVP|0.0
P16234|P60709_GVTHTVPIY|0.521
P16234|P60709_TVPIYEGYA|0.49
P16234|P60709_IYEGYALPH|0.311
P16234|P60709_GRDLTDYLM|0.433
P16234|P60709_DLTDYLMKI|0.382
P16234|P60709_MKILTERGY|0.47
P16234|P60709_ERGYSFTTT|0.056
P16234|P60709_YSFTTTAER|0.101
P16234|P60709_SFTTTAERE|0.084
P16234|P60709_QEMATAASS|0.0
P16234|P60709_TAASSSSLE|0.0
P16234|P60709_ASSSSLEKS|0.143
P16234|P60709_SLEKSYELP|0.027
P16234|P60709_LEKSYELPD|0.224
P16234|P60709_GQVITIGNE|0.061
P16234|P60709_LFQPSFLGM|0.109
P16234|P60709_LGMESCGIH|0.079
P16234|P60709_LYANTVLSG|0.253
P16234|P60709_NTVLSGGTT|0.0
P16234|P60709_LSGGTTMYP|0.001
P16234|P60709_SGGTTMYPG|0.057
P16234|P60709_ALAPSTMKI|0.0
P16234|P60709_LAPSTMKIK|0.0
P16234|P60709_SILASLSTF|0.0
P16234|P60709_SKQEYDESG|0.358
P16234|P60709_EYDESGPSI|0.004
P16234|P60709_ESGPSIVHR|0.0
P16234|Q6S545_SAMKTLRSK|0.032
P16234|Q6S545_KQKRTALHL|0.0
P16234|Q6S545_NKKRTALTK|0.0
P16234|Q6S545_KHGLTPLLL|0.0
P16234|Q562R1____MTDNEL|0.0
P16234|Q562R1_DNELSALVV|0.0
P16234|Q562R1_VDNGSGMCK|0.0
P16234|Q562R1_QKDCYVGDE|0.353
P16234|Q562R1_LTLKYPIEH|0.024
P16234|Q562R1_PILLTEAPL|0.0
P16234|Q562R1_VLSLYASGR|0.143
P16234|Q562R1_GRDLTDYLM|0.408
P16234|Q562R1_DLTDYLMKI|0.341
P16234|Q562R1_EKLCYVALD|0.372
P16234|Q562R1_SPERSYELP|0.0
P16234|Q562R1_PERSYELPD|0.292
P16234|Q562R1_GQVITIGNE|0.0
P16234|Q562R1_IFQPSFLGI|0.0
P16234|Q562R1_LGIESSGIH|0.0
P16234|Q562R1_GIESSGIHE|0.0
P16234|Q562R1_RKDLYANTV|0.357
P16234|Q562R1_LYANTVLSG|0.118
P16234|Q562R1_LSGGSTMYP|0.0
P16234|Q562R1_SGGSTMYPG|0.124
P16234|Q562R1_GSTMYPGIA|0.246
P16234|Q562R1_KEIITLAPS|0.0
P16234|Q562R1_TLAPSTMKI|0.0
P16234|Q562R1_SILASLSTF|0.0
P16234|P68032_AVFPSIVGR|0.0
P16234|P68032_GQKDSYVGD|0.01
P16234|P68032_QKDSYVGDE|0.222
P16234|P68032_DEAQSKRGI|0.0
P16234|P68032_RGILTLKYP|0.103
P16234|P68032_LTLKYPIEH|0.069
P16234|P68032_HGIITNWDD|0.0
P16234|P68032_IWHHTFYNE|0.055
P16234|P68032_HHTFYNELR|0.4
P16234|P68032_IMFETFNVP|0.396
P16234|P68032_VLSLYASGR|0.203
P16234|P68032_SGRTTGIVL|0.0
P16234|P68032_IVLDSGDGV|0.041
P16234|P68032_NVPIYEGYA|0.387
P16234|P68032_IYEGYALPH|0.242
P16234|P68032_GRDLTDYLM|0.418
P16234|P68032_DLTDYLMKI|0.359
P16234|P68032_MKILTERGY|0.417
P16234|P68032_TERGYSFVT|0.233
P16234|P68032_ERGYSFVTT|0.017
P16234|P68032_YSFVTTAER|0.002
P16234|P68032_EKLCYVALD|0.374
P16234|P68032_TAASSSSLE|0.0
P16234|P68032_AASSSSLEK|0.0
P16234|P68032_ASSSSLEKS|0.075
P16234|P68032_SLEKSYELP|0.001
P16234|P68032_LEKSYELPD|0.145
P16234|P68032_GQVITIGNE|0.003
P16234|P68032_RCPETLFQP|0.258
P16234|P68032_LFQPSFIGM|0.0
P16234|P68032_IHETTYNSI|0.094
P16234|P68032_HETTYNSIM|0.244
P16234|P68032_TTYNSIMKC|0.099
P16234|P68032_RKDLYANNV|0.431
P16234|P68032_SGGTTMYPG|0.01
P16234|P68032_GTTMYPGIA|0.299
P16234|P68032_QKEITALAP|0.0
P16234|P68032_ALAPSTMKI|0.0
P16234|P68032_LAPSTMKIK|0.0
P16234|P68032_SILASLSTF|0.0
P16234|P68032_SKQEYDEAG|0.296
P16234|P68032_EAGPSIVHR|0.0
P16234|P63261_IDNGSGMCK|0.038
P16234|P63261_AVFPSIVGR|0.0
P16234|P63261_GQKDSYVGD|0.099
P16234|P63261_QKDSYVGDE|0.308
P16234|P63261_DEAQSKRGI|0.019
P16234|P63261_RGILTLKYP|0.257
P16234|P63261_LTLKYPIEH|0.215
P16234|P63261_HGIVTNWDD|0.023
P16234|P63261_IWHHTFYNE|0.195
P16234|P63261_HHTFYNELR|0.419
P16234|P63261_PVLLTEAPL|0.0
P16234|P63261_REKMTQIMF|0.33
P16234|P63261_VLSLYASGR|0.323
P16234|P63261_IVMDSGDGV|0.0
P16234|P63261_GDGVTHTVP|0.0
P16234|P63261_GVTHTVPIY|0.525
P16234|P63261_TVPIYEGYA|0.512
P16234|P63261_IYEGYALPH|0.345
P16234|P63261_GRDLTDYLM|0.441
P16234|P63261_DLTDYLMKI|0.397
P16234|P63261_MKILTERGY|0.489
P16234|P63261_ERGYSFTTT|0.078
P16234|P63261_YSFTTTAER|0.142
P16234|P63261_SFTTTAERE|0.11
P16234|P63261_QEMATAASS|0.0
P16234|P63261_ASSSSLEKS|0.172
P16234|P63261_LEKSYELPD|0.254
P16234|P63261_GQVITIGNE|0.086
P16234|P63261_LFQPSFLGM|0.15
P16234|P63261_LGMESCGIH|0.146
P16234|P63261_NTVLSGGTT|0.0
P16234|P63261_LSGGTTMYP|0.007
P16234|P63261_SGGTTMYPG|0.074
P16234|P63261_GTTMYPGIA|0.387
P16234|P63261_QKEITALAP|0.0
P16234|P63261_LAPSTMKIK|0.001
P16234|P63261_SILASLSTF|0.0
P16234|P63261_SKQEYDESG|0.379
P16234|P63261_EYDESGPSI|0.012
P16234|P63261_ESGPSIVHR|0.0
P16234|P63267_AVFPSIVGR|0.0
P16234|P63267_GQKDSYVGD|0.07
P16234|P63267_QKDSYVGDE|0.262
P16234|P63267_DEAQSKRGI|0.007
P16234|P63267_RGILTLKYP|0.207
P16234|P63267_LTLKYPIEH|0.163
P16234|P63267_HGIITNWDD|0.002
P16234|P63267_IWHHSFYNE|0.163
P16234|P63267_HHSFYNELR|0.073
P16234|P63267_IMFETFNVP|0.418
P16234|P63267_VLSLYASGR|0.281
P16234|P63267_SGRTTGIVL|0.0
P16234|P63267_IVLDSGDGV|0.092
P16234|P63267_NVPIYEGYA|0.438
P16234|P63267_IYEGYALPH|0.312
P16234|P63267_GRDLTDYLM|0.429
P16234|P63267_DLTDYLMKI|0.38
P16234|P63267_MKILTERGY|0.447
P16234|P63267_TERGYSFVT|0.306
P16234|P63267_ERGYSFVTT|0.054
P16234|P63267_YSFVTTAER|0.035
P16234|P63267_EKLCYVALD|0.401
P16234|P63267_TAASSSSLE|0.0
P16234|P63267_AASSSSLEK|0.0
P16234|P63267_ASSSSLEKS|0.145
P16234|P63267_SLEKSYELP|0.025
P16234|P63267_LEKSYELPD|0.214
P16234|P63267_GQVITIGNE|0.058
P16234|P63267_RCPETLFQP|0.308
P16234|P63267_LFQPSFIGM|0.0
P16234|P63267_IHETTYNSI|0.18
P16234|P63267_HETTYNSIM|0.336
P16234|P63267_TTYNSIMKC|0.175
P16234|P63267_RKDLYANNV|0.449
P16234|P63267_LSGGTTMYP|0.001
P16234|P63267_SGGTTMYPG|0.056
P16234|P63267_GTTMYPGIA|0.366
P16234|P63267_QKEITALAP|0.0
P16234|P63267_ALAPSTMKI|0.0
P16234|P63267_LAPSTMKIK|0.0
P16234|P63267_SILASLSTF|0.0
P16234|Q6TDP4_LELVSSDSL|0.0
P16234|Q6TDP4_ELVSSDSLN|0.0
P16234|Q6TDP4_VSSDSLNVP|0.0
P16234|Q6TDP4_LNVPSEEEV|0.0
P16234|Q6TDP4_LPLLSRDFL|0.0
P16234|Q6TDP4_SAERYDPLT|0.04
P16234|Q6TDP4_YDPLTGTWT|0.498
P16234|Q6TDP4_TGTWTSVAA|0.0
P16234|Q6TDP4_AAMSTRRRY|0.178
P16234|Q6TDP4_SPVASMLSR|0.0
P16234|Q6TDP4_ASMLSRRSS|0.0
P16234|Q6TDP4_NDGSSSLNS|0.01
P16234|Q6TDP4_SSLNSIEKY|0.0
P16234|Q6TDP4_SIEKYNPRT|0.02
P16234|Q9Y614_GEAGTRPGP|0.0
P16234|Q9Y614_LMFETFGIP|0.0
P16234|Q9Y614_AMHVTSQSL|0.0
P16234|Q9Y614_VTSQSLLSI|0.0
P16234|Q9Y614_GKLITIGQE|0.0
P16234|Q9Y614_QRELSLLCP|0.0
P16234|Q9H568_CHPDTFSYP|0.411
P16234|Q9H568_PDTFSYPIE|0.0
P16234|Q9H568_ESNTYQLPD|0.2
P16234|Q9H568_LPDGSRVEL|0.0
P16234|Q8TC94_WIGGSILAS|0.0
P16234|Q5BKX5_TSPCSPPLK|0.0
P16234|Q5BKX5_KPPISPPKT|0.0
P16234|Q5BKX5_AKLLSGGLG|0.109
P16234|P12814__MDHYDSQQ|0.499
P16234|P12814_DSQQTNDYM|0.506
P16234|P12814_LEVISGERL|0.0
P16234|P12814_VHKISNVNK|0.306
P16234|P12814_DFIASKGVK|0.0
P16234|P12814_VKLVSIGAE|0.0
P16234|P12814_NVKMTLGMI|0.085
P16234|P12814_SVEETSAKE|0.001
P16234|P12814_VEETSAKEG|0.274
P16234|P12814_NFHISWKDG|0.009
P16234|P12814_VAEKYLDIP|0.511
P16234|P12814_DIVGTARPD|0.097
P16234|P12814_AIMTYVSSF|0.29
P16234|P12814_MTYVSSFYH|0.399
P16234|P12814_TYVSSFYHA|0.406
P16234|P12814_VSSFYHAFS|0.592
P16234|P12814_YHAFSGAQK|0.199
P16234|P12814_LMEDYEKLA|0.36
P16234|P12814_EKLASDLLE|0.0
P16234|P12814_DFRDYRRLH|0.403
P16234|P12814_INFNTLQTK|0.29
P16234|P12814_NTLQTKLRL|0.35
P16234|P12814_KLRLSNRPA|0.0
P16234|P12814_AFMPSEGRM|0.04
P16234|P12814_GRMVSDINN|0.002
P16234|P12814_VEKGYEEWL|0.288
P16234|P12814_RQKASIHEA|0.047
P16234|P12814_HEAWTDGKE|0.327
P16234|P12814_RQKDYETAT|0.55
P16234|P12814_YETATLSEI|0.166
P16234|P12814_TATLSEIKA|0.0
P16234|P12814_EAFESDLAA|0.0
P16234|P12814_NELDYYDSP|0.318
P16234|P12814_ELDYYDSPS|0.252
P16234|P12814_IDQLYLEYA|0.386
P16234|P12814_LYLEYAKRA|0.442
P16234|P12814_HNEVSKIVQ|0.32
P16234|P12814_IVQTYHVNM|0.468
P16234|P12814_EDQLSHLRQ|0.0
P16234|P12814_HLRQYEKSI|0.25
P16234|P12814_SIVNYKPKI|0.341
P16234|P12814_KHTNYTMEH|0.523
P16234|P12814_EQLLTTIAR|0.0
P16234|P12814_TIARTINEV|0.0
P16234|P12814_NQILTRDAK|0.0
P16234|P12814_AKGISQEQM|0.0
P16234|P12814_DRDHSGTLG|0.005
P16234|P12814_DHSGTLGPE|0.0
P16234|P12814_ARIMSIVDP|0.0
P16234|P12814_MSRETADTD|0.251
P16234|P12814_ETADTDTAD|0.001
P16234|P12814_ADTDTADQV|0.534
P16234|P12814_QVMASFKIL|0.197
P16234|P12814_GDKNYITMD|0.487
P16234|P12814_KNYITMDEL|0.417
P16234|P12814_DQAEYCIAR|0.394
P16234|P12814_STALYGESD|0.434
P16234|P12814_LYGESDL__|0.125
P16234|P35609_RKAGTQIEN|0.0
P16234|P35609_VKLVSIGAE|0.0
P16234|P35609_NVKMTLGMI|0.0
P16234|P35609_SVEETSAKE|0.0
P16234|P35609_VEETSAKEG|0.017
P16234|P35609_DLIDYSKLN|0.308
P16234|P35609_LIDYSKLNK|0.072
P16234|P35609_DIVNTPKPD|0.002
P16234|P35609_MTYVSCFYH|0.291
P16234|P35609_VSCFYHAFA|0.097
P16234|P35609_ERLASELLE|0.0
P16234|P35609_DFRDYRRKH|0.018
P16234|P35609_INFNTLQTK|0.075
P16234|P35609_NTLQTKLRI|0.0
P16234|P35609_KLRISNRPA|0.0
P16234|P35609_AEKGYEEWL|0.0
P16234|P35609_KDYESASLT|0.24
P16234|P35609_YESASLTEV|0.106
P16234|P35609_SASLTEVRA|0.032
P16234|P35609_EAFESDLAA|0.0
P16234|P35609_KVIQSYNIR|0.0
P16234|P35609_VIQSYNIRI|0.38
P16234|P35609_NIRISSSNP|0.0
P16234|P35609_IRISSSNPY|0.013
P16234|P35609_RISSSNPYS|0.0
P16234|P35609_SSNPYSTVT|0.104
P16234|P35609_QLKQYEHNI|0.245
P16234|P35609_KHTNYTMEH|0.471
P16234|P35609_RILASDKPY|0.0
P16234|P35609_SDKPYILAE|0.006
P16234|P35609_DQAQYCIKR|0.0
P16234|P35609_LYGESDL__|0.001
P16234|Q08043_RKAGTQIEN|0.0
P16234|Q08043_DFIASKGVK|0.0
P16234|Q08043_NLKMTLGMI|0.001
P16234|Q08043_SVEETSAKE|0.0
P16234|Q08043_VEETSAKEG|0.199
P16234|Q08043_VAEKYLDIP|0.407
P16234|Q08043_MTYVSCFYH|0.383
P16234|Q08043_VSCFYHAFA|0.232
P16234|Q08043_EKLASELLE|0.0
P16234|Q08043_VGEPSMSAM|0.0
P16234|Q08043_EPSMSAMQR|0.0
P16234|Q08043_DFRDYRRLH|0.392
P16234|Q08043_INFNTLQTK|0.229
P16234|Q08043_NTLQTKLRL|0.323
P16234|Q08043_GKLVSDIAN|0.0
P16234|Q08043_RQKASLHEA|0.0
P16234|Q08043_SQRDYDSAL|0.436
P16234|Q08043_RDYDSALLQ|0.317
P16234|Q08043_EAFESDLAA|0.0
P16234|Q08043_QLLTSIART|0.037
P16234|Q08043_GDKNYITPE|0.29
P16234|Q08043_RMVPYKGSG|0.393
P16234|O43707_RKAGTQIEN|0.0
P16234|O43707_LEVISGERL|0.0
P16234|O43707_DFIASKGVK|0.0
P16234|O43707_NAKMTLGMI|0.132
P16234|O43707_SVEETSAKE|0.0
P16234|O43707_VEETSAKEG|0.095
P16234|O43707_NFHISWKDG|0.0
P16234|O43707_ELIEYDKLR|0.526
P16234|O43707_VAEKYLDIP|0.39
P16234|O43707_AIMTYVSSF|0.094
P16234|O43707_MTYVSSFYH|0.366
P16234|O43707_TYVSSFYHA|0.376
P16234|O43707_YHAFSGAQK|0.054
P16234|O43707_LMEDYEKLA|0.194
P16234|O43707_EKLASDLLE|0.0
P16234|O43707_WIRRTIPWL|0.0
P16234|O43707_VPQKTIQEM|0.0
P16234|O43707_DFRDYRRVH|0.339
P16234|O43707_INFNTLQTK|0.145
P16234|O43707_NTLQTKLRL|0.252
P16234|O43707_KLRLSNRPA|0.0
P16234|O43707_GKMVSDINN|0.0
P16234|O43707_RQKASIHEA|0.0
P16234|O43707_HEAWTDGKE|0.176
P16234|O43707_KHRDYETAT|0.077
P16234|O43707_YETATLSDI|0.0
P16234|O43707_TATLSDIKA|0.0
P16234|O43707_EAFESDLAA|0.0
P16234|O43707_NELDYYDSH|0.293
P16234|O43707_ELDYYDSHN|0.223
P16234|O43707_DYYDSHNVN|0.492
P16234|O43707_HNVNTRCQK|0.18
P16234|O43707_DALGSLTHS|0.0
P16234|O43707_LGSLTHSRR|0.0
P16234|O43707_SLTHSRREA|0.0
P16234|O43707_LHLEYAKRA|0.389
P16234|O43707_KLSGSNPYT|0.028
P16234|O43707_GSNPYTTVT|0.227
P16234|O43707_SNPYTTVTP|0.372
P16234|O43707_YTTVTPQII|0.26
P16234|O43707_QIINSKWEK|0.0
P16234|O43707_LEEQSKQQS|0.002
P16234|O43707_RQFASQANV|0.061
P16234|O43707_PWIQTKMEE|0.081
P16234|O43707_EMNGTLEDQ|0.004
P16234|O43707_HLKQYERSI|0.341
P16234|O43707_QYERSIVDY|0.304
P16234|O43707_SIVDYKPNL|0.3
P16234|O43707_KHTNYTMEH|0.484
P16234|O43707_EQLLTTIAR|0.0
P16234|O43707_TIARTINEV|0.0
P16234|O43707_NQILTRDAK|0.0
P16234|O43707_AKGISQEQM|0.0
P16234|O43707_EFRASFNHF|0.023
P16234|O43707_ACLISLGYD|0.0
P16234|O43707_MSRETTDTD|0.003
P16234|O43707_SRETTDTDT|0.0
P16234|O43707_ETTDTDTAD|0.0
P16234|O43707_TDTDTADQV|0.07
P16234|O43707_DQAEYCIAR|0.314
P16234|O43707_RMAPYQGPD|0.301
P16234|O43707_GALDYKSFS|0.449
P16234|O43707_STALYGESD|0.412
P16234|O43707_LYGESDL__|0.013
P16234|Q9NZ32__MPLYEGLG|0.306
P16234|Q9NZ32_EGLGSGGEK|0.0
P16234|Q9NZ32_GGEKTAVVI|0.0
P16234|Q9NZ32_RVVQYNINT|0.428
P16234|Q9NZ32_TEELYSYLK|0.29
P16234|Q9NZ32_ELYSYLKEF|0.253
P16234|Q9NZ32_VLPIYEGIP|0.001
P16234|Q9NZ32_CTVDTSVAK|0.003
P16234|Q9NZ32_TVDTSVAKE|0.0
P16234|Q9NZ32_SVMGSVPEG|0.0
P16234|Q9NZ32_NERPSPPPN|0.0
P16234|Q9NZ32_VSKEYYNQT|0.069
P16234|P61163___MESYDVI|0.349
P16234|P61163__MESYDVIA|0.359
P16234|P61163_AVPIYEGFA|0.214
P16234|P61163_NIVLSGGST|0.0
P16234|P61163_KIRISAPQE|0.0
P16234|P61163_QERLYSTWI|0.109
P16234|P42025_AVPIYEGFA|0.309
P16234|P42025_LPDGSTLDV|0.0
P16234|P42025_PDGSTLDVG|0.335
P16234|P42025_DLRRTLFAN|0.19
P16234|P42025_LSGGSTLFK|0.0
P16234|P42025_SGGSTLFKG|0.001
P16234|P42025_QERLYSTWI|0.239
P16234|Q9P1U1_CGTGYTKLG|0.495
P16234|Q9P1U1_IMFESFNVP|0.001
P16234|Q9P1U1_VPGLYIAVQ|0.001
P16234|Q9P1U1_ALAASWTSR|0.0
P16234|Q9P1U1_YVIGSCIKH|0.0
P16234|Q9P1U1_GRDITYFIQ|0.311
P16234|Q9P1U1_RDITYFIQQ|0.241
P16234|Q9P1U1_WIKQYTGIN|0.004
P16234|Q9P1U1_SEELSGGRI|0.0
P16234|Q9P1U1_DYEEYGPSI|0.001
P16234|Q9P1U1_FGVMS____|0.0
P16234|Q9C0K3__MFESFNVP|0.0
P16234|Q9C0K3_VPGLYIAVQ|0.011
P16234|Q9C0K3_ALAASWTSR|0.0
P16234|Q9C0K3_YVIGSCIKH|0.0
P16234|Q9C0K3_GRDITYFIQ|0.351
P16234|Q9C0K3_RDITYFIQQ|0.313
P16234|Q9C0K3_WIKQYTGIN|0.015
P16234|Q9H9F9_ARGASGPQV|0.0
P16234|Q9H9F9_NALGSLEPL|0.0
P16234|Q9H9F9_STLTSEEKQ|0.0
P16234|Q9H9F9_IFQPSLIGE|0.0
P16234|Q9GZN1_VMIDYVLPD|0.4
P16234|Q9GZN1_GKLISENDD|0.0
P16234|Q9GZN1_ENGHSVCEE|0.0
P16234|Q9H981_QAIWSKKMS|0.0
P16234|Q9H981_EEALYVNPL|0.424
P16234|Q9H981_PLDCYNIHW|0.413
P16234|Q9H981_AIQKYLEIP|0.017
P16234|Q9H981_AGFPYRECQ|0.366
P16234|Q9H981_HDEHYLLAT|0.408
P16234|Q9H981_RKSASKPIG|0.0
P16234|Q9H981_ERLHSQEVD|0.143
P16234|Q8TDG2_FDNGSGLCK|0.0
P16234|Q8TDG2_KAGLSGEIG|0.0
P16234|Q8TDG2_MMFETFSVP|0.003
P16234|Q8TDG2_FETFSVPGF|0.001
P16234|Q8TDG2_DRCFSAWIG|0.0
P16234|Q8TDG2_DFKEYGTSV|0.384
P16234|Q8TDY3_NQKKYFVGE|0.001
P16234|Q8TDY3_EQLASKDTP|0.0
P16234|P27037_PPPPSPLLG|0.0
P16234|P27037_LLNEYVAVK|0.277
P16234|P27037_WQNEYEVYS|0.406
P16234|P27037_MQRLTNIIT|0.0
P16234|Q13705_LCAGSGRGE|0.0
P16234|Q13705_SVNGTTSDC|0.027
P16234|Q13705_NGTTSDCLV|0.0
P16234|Q03154_EGYIYARGA|0.438
P16234|Q03154_LPSDS____|0.0
P16234|Q96HD9_NPAATSGCR|0.0
P16234|Q96HD9_PDDPYEVTR|0.289
P16234|Q96HD9_GEESYNLDS|0.0
P16234|Q96HD9_TPAPSPAS_|0.0
P16234|Q96HD9_PSPAS____|0.0
P16234|P07311_ISVDYEIFG|0.0
P16234|P07311_EWLETRGSP|0.0
P16234|P07311_ETRGSPKSH|0.0
P16234|P14621_KSVDYEVFG|0.152
P16234|P14621_CFRMYTEDE|0.443
P16234|P14621_FRMYTEDEA|0.002
P16234|P14621_VKNTSKGTV|0.0
P16234|P14621_VGSPSSRID|0.0
P16234|P14621_GSPSSRIDR|0.0
P16234|P14621_KLEYSNFSI|0.0
P16234|P00813__MAQTPAFD|0.001
P16234|P00813_IKPETILYY|0.496
P16234|P00813_ETILYYGRR|0.498
P16234|P00813_TILYYGRRR|0.445
P16234|P00813_AKFDYYMPA|0.574
P16234|P00813_KRIAYEFVE|0.504
P16234|P00813_QPNWSPKVV|0.391
P16234|P00813_LGHGYHTLE|0.138
P16234|P00813_DQALYNRLR|0.434
P16234|P00813_DQANYSLNT|0.488
P16234|P00813_QANYSLNTD|0.098
P16234|P00813_LDTDYQMTK|0.435
P16234|P00813_LDLLYKAYG|0.547
P16234|P00813_LYKAYGMPP|0.453
P16234|P00813_PPSASAGQN|0.0
P16234|Q9NZK5_AVAMSFFGS|0.0
P16234|Q9NZK5_SFFGSALSI|0.0
P16234|Q9NZK5_LIERSQVFN|0.0
P16234|Q9NZK5_IGIVTMDWL|0.0
P16234|Q9NZK5_GHEDTGHSL|0.0
P16234|Q9NZK5_DTGHSLHDY|0.234
P16234|Q9NZK5_SLHDYKEAL|0.001
P16234|Q9NZK5_AVRTYSWKK|0.427
P16234|Q9NZK5_VRTYSWKKD|0.42
P16234|Q9NZK5_TLLESEKNT|0.164
P16234|Q96M93_NRSEYLKYS|0.265
P16234|Q96M93_EYLKYSSSL|0.174
P16234|Q96M93_LLLFYSKNP|0.429
P16234|Q96M93_SGKITESSP|0.0
P16234|Q96M93_KSGMSMASR|0.0
P16234|Q96M93_MSMASRLCK|0.0
P16234|Q8NCV1_ACKGTVAGV|0.033
P16234|Q8NCV1-2_KVFKYRAPG|0.0
P16234|O14672_RKKRTTSAE|0.0
P16234|O14672_IDTIYQTTD|0.434
P16234|O14672_GKKKSLNTG|0.0
P16234|O14672_KMDPSTCAS|0.0
P16234|O14672_VHTPSSNPK|0.0
P16234|O14672_RPRESYQMG|0.292
P16234|O14672_PRESYQMGH|0.356
P16234|O75078_PGLGTQGPA|0.0
P16234|O75078_LVRESSGGE|0.0
P16234|O75078_VRESSGGEV|0.0
P16234|O75078_IIIGSIAGA|0.0
P16234|O43184_KPPDSYPPK|0.176
P16234|O43184_PPDSYPPKD|0.371
P16234|O43184_GQWETGLRL|0.003
P16234|O43184_PAPQYPHQV|0.361
P16234|Q13444_DLPISLKKV|0.0
P16234|Q13444_PVVRSPKSQ|0.0
P16234|Q13444_GRCPSGDLP|0.0
P16234|Q13444-10_TCQYSLRGQ|0.0
P16234|Q13444-10_RGQPSPHPQ|0.0
P16234|Q9Y3Q7_DGQPYTLHL|0.0
P16234|Q9Y3Q7_GQPYTLHLG|0.015
P16234|Q9Y3Q7_CLRATCIMN|0.0
P16234|Q9Y3Q7_KCCDYNTCK|0.319
P16234|Q9Y3Q7_SSMRSDGTD|0.0
P16234|Q9H013_VDKFYRSLN|0.306
P16234|Q9H013_KFYRSLNIR|0.316
P16234|Q9H013_FKLQTPQGK|0.0
P16234|Q9H013_KVINTPEIL|0.0
P16234|Q9H013_LRGGSPPAP|0.0
P16234|Q9H013_AARNSPGPG|0.043
P16234|Q9H013_ERTESSRRP|0.0
P16234|Q9H013_RTESSRRPP|0.0
P16234|Q9H013_PGRRSLPRP|0.0
P16234|Q9H013_PGGASPLRP|0.0
P16234|Q9H013_GPQQSRPLA|0.0
P16234|Q99965_KADVSLYNE|0.305
P16234|Q99965_DVSLYNEKD|0.149
P16234|Q99965_YANISGHLC|0.238
P16234|Q99965_RTEDYSSDE|0.323
P16234|O43506_SYNFTLKQS|0.017
P16234|O43506_LGVAYVKGI|0.028
P16234|O43506_FKKRTKSKE|0.0
P16234|O43506_KRTKSKEDE|0.0
P16234|Q9UKJ8_SRGRSAKAP|0.0
P16234|Q9UKJ8_GSIDSGPAS|0.0
P16234|Q9UKJ8_SGPASAKRG|0.0
P16234|Q9P0K1_AGDASLMEL|0.0
P16234|Q9P0K1_LRLIYRSGG|0.004
P16234|Q9P0K1_SVVHTNTYA|0.32
P16234|Q9P0K1_VHTNTYAKS|0.42
P16234|Q9P0K1_KFAISENPL|0.0
P16234|Q9P0K1_NPLITLREF|0.003
P16234|Q9P0K1_RQCKYIWGQ|0.261
P16234|Q9P0K1_KVTASDKYC|0.346
P16234|Q9P0K1_SHSWSERIP|0.0
P16234|Q9P0K1_TKHISDICE|0.008
P16234|Q9P0K1_GRPRSNSWQ|0.0
P16234|Q9P0K1_FRPRSNSTE|0.0
P16234|Q9P0K1_PRSNSTETL|0.0
P16234|Q9P0K1_RSNSTETLS|0.005
P16234|Q9P0K1_NSTETLSPA|0.303
P16234|Q9P0K1_PSSSTGSIA|0.0
P16234|Q9P0K1_SSTGSIASS|0.0
P16234|Q9P0K1_SSRKYPYPM|0.418
P16234|Q9P0K1_RKYPYPMPP|0.401
P16234|Q9P0K1-2_FRPRSNSTE|0.0
P16234|Q9P0K1-2_PRSNSTEYL|0.0
P16234|Q9P0K1-2_NSTEYLNPW|0.0
P16234|Q9P0K1-2_FKRDYNVAK|0.0
P16234|Q9P0K1-2_TEGPYFRTL|0.0
P16234|Q9P0K1-2_SSTGSIASS|0.0
P16234|O75077_SRLIYYINQ|0.01
P16234|O75077_QDSESPYHV|0.0
P16234|O75077_SESPYHVLD|0.001
P16234|O75077_MKNLTMERG|0.0
P16234|O75077_VAVETWTEK|0.0
P16234|O75077_VETWTEKDQ|0.0
P16234|O75077_ISRVTFHYK|0.0
P16234|O75077_VTFHYKRSS|0.253
P16234|O75077_SSLSYFGGV|0.203
P16234|O75077_KCDCTESWG|0.0
P16234|O75077_SRKFSKCSI|0.0
P16234|Q9UKQ2_GVKKYEVVY|0.497
P16234|Q9UKQ2_EMANYVNML|0.006
P16234|Q9UKQ2_KWRGSVLSR|0.0
P16234|Q9UKF5_TVERTKCLL|0.0
P16234|Q9UKF2_AIPSSIWVV|0.0
P16234|Q9UKF2_EESKTKTGQ|0.0
P16234|Q8TC27_SMIVTNKVI|0.0
P16234|Q8TC27_HDIAYLLIY|0.0
P16234|Q8TC27_IYMDYPRYL|0.374
P16234|Q8TC27_DYPRYLGAV|0.309
P16234|Q8TC27_ITRYSAGVA|0.001
P16234|Q8TC27_QTYASQSSS|0.002
P16234|Q8TC27_RSESSSQAD|0.0
P16234|Q8TC27_SESSSQADT|0.0
P16234|Q8TC27_AEAYTSRSK|0.037
P16234|Q9BZ11_PEFCTGTSS|0.0
P16234|Q9BZ11_DPACSGPKD|0.0
P16234|Q9H2U9_LNRKTLVLH|0.001
P16234|Q9H2U9_HLLRSREFL|0.0
P16234|Q9H2U9_VNMIYKTLN|0.436
P16234|Q9H2U9_LLRFSFWQE|0.0
P16234|Q9H2U9_ALKFSKCSQ|0.0
P16234|Q9H2U9_GGELSSLLG|0.0
P16234|P78325_RALPSHLGL|0.0
P16234|P78325_DFTGTTVGF|0.0
P16234|P78325_VTVSSPPFP|0.001
P16234|P78325_PVPVYTRQA|0.69
P16234|Q13443_LDSMYIMLN|0.0
P16234|Q13443_GRDCSCGAK|0.0
P16234|Q13443_NSGASGSRN|0.0
P16234|Q13443_GASGSRNFS|0.0
P16234|Q13443_CKLKSFAEC|0.0
P16234|Q13443_AECAYGDCC|0.007
P16234|Q13443_RKKRSQTYE|0.0
P16234|Q13443_KRSQTYESD|0.016
P16234|Q13443_RSQTYESDG|0.0
P16234|Q13443_QTYESDGKN|0.434
P16234|Q13443_QANPSRQPG|0.0
P16234|Q13443_RQPGSVPRH|0.0
P16234|Q13443_FAVPTYAAK|0.361
P16234|Q13443_AVPTYAAKQ|0.001
P16234|Q13443_QPKVSSQGN|0.0
P16234|Q13443_PKVSSQGNL|0.0
P16234|Q13443_PPLYSSLT_|0.016
P16234|Q13443_PLYSSLT__|0.0
P16234|Q13443_YSSLT____|0.143
P16234|O15204_KEERYEPEV|0.0
P16234|Q9UHI8_RKLGSDMGN|0.053
P16234|Q9UHI8_DCSRTCGGG|0.002
P16234|Q9UHI8_GGVQYTMRE|0.337
P16234|Q9UHI8_GVQYTMREC|0.2
P16234|Q9UHI8_KISGSVTSA|0.0
P16234|Q9UHI8_SGSVTSAKP|0.0
P16234|Q9UHI8_AKPGYHDII|0.31
P16234|Q9UHI8_PTGATNIEV|0.001
P16234|Q9H324_QRRGTGATA|0.0
P16234|Q9H324_GTGATAESR|0.0
P16234|Q9H324_ATAESRLFY|0.001
P16234|Q9H324_SRERYVETL|0.0
P16234|Q9H324_MMVAYHGRR|0.002
P16234|Q9H324_LFQDSSLGS|0.0
P16234|Q9H324_FQDSSLGST|0.0
P16234|Q9H324_SSLGSTVNI|0.0
P16234|Q9H324_SLGSTVNIL|0.0
P16234|Q9H324_RPPTTQQCE|0.0
P16234|P58397_GLPEYHVVG|0.0
P16234|P58397_FFNLTVNQG|0.0
P16234|P58397_QYDPTPLTW|0.003
P16234|P58397_PTPLTWSKC|0.0
P16234|P58397_PLTWSKCSE|0.0
P16234|P58397_GKCITVGKK|0.0
P16234|P58397_WGRWSPWSH|0.0
P16234|P58397_WSPWSHCSR|0.0
P16234|P58397_WSHCSRTCG|0.0
P16234|P58397_EGSGYVDIG|0.003
P16234|P58397_KLAGTVFQY|0.0
P16234|P58397_TVFQYDRKG|0.175
P16234|P58397_RKPNSRALC|0.0
P16234|Q76LX8_LLDGTECGV|0.0
P16234|Q76LX8_EMCNTQACE|0.419
P16234|Q76LX8_RGPCSVSCG|0.0
P16234|Q76LX8_PCSVSCGAG|0.0
P16234|Q76LX8_LAPETFYRE|0.249
P16234|Q76LX8_PETFYRECD|0.291
P16234|Q76LX8_GANASYILI|0.0
P16234|Q76LX8_ANASYILIR|0.445
P16234|Q76LX8-3_RQLLSLLSA|0.0
P16234|Q76LX8-3_LSLLSANEQ|0.0
P16234|Q8WXS8_RVARSPLHP|0.0
P16234|Q8WXS8_PDNPYFCKT|0.404
P16234|Q8WXS8_KEVGSMKAD|0.0
P16234|Q8WXS8_LLPLSNGTH|0.0
P16234|Q8TE58_YRHPSILNP|0.093
P16234|Q8TE58_PMHGYNFVV|0.012
P16234|Q8TE57_AAQGSSPSH|0.0
P16234|Q8TE57_GSSPSHVLY|0.018
P16234|Q8TE57_NVLGSDAVE|0.0
P16234|Q8TE57_SHKFYGKQC|0.001
P16234|Q8TE56_LRFLSRGFE|0.0
P16234|Q8TE56_AKGPTKLPL|0.0
P16234|Q8TE56_PPPNS____|0.391
P16234|Q8TE60_SSLHYRFSA|0.052
P16234|Q8TE60_GNIMSPTLT|0.0
P16234|Q8TE60_YKGLYLNQH|0.003
P16234|Q8TE60_KANEYYPVV|0.312
P16234|Q8TE60_ANEYYPVVL|0.378
P16234|Q8TE60_VSSSYLAVR|0.0
P16234|Q8TE60_LAVRSLSQK|0.0
P16234|Q8TE60_VRSLSQKYY|0.009
P16234|Q8TE60_SIVQSECSV|0.0
P16234|Q8TE60_CGGGYINVK|0.429
P16234|Q8TE60_WVASSWSEC|0.0
P16234|Q8TE60_NHKFYGKQC|0.331
P16234|Q8TE59_LLHETPPEL|0.0
P16234|Q8TE59_PPELYIGHH|0.0
P16234|Q8TE59_KMLESFCKW|0.0
P16234|Q8TE59_ALFCSPVGK|0.0
P16234|Q8TE59_GLLGSLARE|0.0
P16234|Q8TE59_QPCQTRWMM|0.0
P16234|O95450_PDNPYFCKT|0.421
P16234|O95450_PLDGTMCAP|0.0
P16234|O95450_RCHLYCESR|0.441
P16234|O95450_LYCESRETG|0.0
P16234|O95450_ESRETGEVV|0.0
P16234|O95450_GEVVSMKRM|0.0
P16234|O95450_TRCSYKDAF|0.107
P16234|O95450_GGDNSHCKV|0.0
P16234|P59510_RKYVTEFLD|0.0
P16234|P59510_IESATRRCN|0.0
P16234|P59510_SGIGTKDRC|0.0
P16234|P59510_RWHYSEWSQ|0.0
P16234|P59510_YSEWSQCSR|0.0
P16234|P59510_ALLPTVLIK|0.0
P16234|P59510_RLNCSTSCE|0.008
P16234|P59510_VTADSSQCA|0.0
P16234|P59510_TADSSQCAN|0.0
P16234|P59510_ITYCTEIPS|0.0
P16234|P59510_TEIPSTKKH|0.0
P16234|P59510_EIPSTKKHK|0.0
P16234|P59510_DGDYYLNIK|0.181
P16234|O15072_PDNPYFCKT|0.391
P16234|O15072_RKLGYLKMF|0.273
P16234|O15072_SLVPYHSET|0.109
P16234|O15072_VPYHSETPA|0.0
P16234|O15072_YHSETPAKK|0.003
P16234|O75173_ARLASPLPR|0.0
P16234|O75173_LRRKSPASG|0.0
P16234|O75173_GLKRYLLTV|0.236
P16234|O75173_RYLLTVMAA|0.241
P16234|Q9UNA0_IDQLYSGGG|0.009
P16234|Q9UNA0_GKVGYLVYA|0.4
P16234|Q9UNA0_GYLVYAGGR|0.367
P16234|Q9UNA0_KRLMSSILT|0.0
P16234|Q9UNA0_RLMSSILTS|0.0
P16234|Q9UNA0_SSILTSIDA|0.0
P16234|Q9UNA0_SKGYTDVVR|0.0
P16234|Q9UNA0_WHTRTVQCQ|0.084
P16234|Q9UKP5_HYQLTIPIR|0.112
P16234|Q9UKP5_EDEEYFIEP|0.426
P16234|Q9UKP4_PGRATEGRA|0.008
P16234|Q9UKP4_GSFLSYELW|0.26
P16234|Q9UKP4_SFLSYELWP|0.293
P16234|Q9UKP4_KRDVSVRRD|0.0
P16234|Q9UKP4_RFNLTANQH|0.001
P16234|Q9UKP4_PGFVSETRR|0.0
P16234|Q9UKP4_PPPHSHPAA|0.0
P16234|Q9UKP4_PAAPSTGSP|0.0
P16234|Q9UKP4_PVPATEPPA|0.0
P16234|Q9UP79_LWCHTDGAE|0.058
P16234|Q9UP79_CRKVSGSLT|0.0
P16234|Q9UP79_KVSGSLTPT|0.0
P16234|Q9UP79_PAGATNIDV|0.0
P16234|Q9P2N4_GFCSSHPKP|0.0
P16234|Q9P2N4_CDGGTQRRR|0.164
P16234|Q9P2N4_CRKDYTAAG|0.381
P16234|Q9P2N4_MQIITTDLQ|0.0
P16234|Q9P2N4_SINLYGTGL|0.0
P16234|Q9P2N4_NLYGTGLSL|0.053
P16234|Q9P2N4_PSSGTGLEV|0.0
P16234|Q8N6G6_LYLETKTLQ|0.021
P16234|Q8N6G6_KIRNSGSAD|0.057
P16234|Q8N6G6_SADSTVQFI|0.0
P16234|Q8N6G6_YDLRSNRVV|0.311
P16234|Q8N6G6_CGEGTQTRS|0.0
P16234|Q8N6G6_EGTQTRSAI|0.0
P16234|Q8N6G6_ARPLSPRSE|0.0
P16234|Q8N6G6_LSPRSEEEV|0.0
P16234|Q8N6G6_SERRTSPVT|0.0
P16234|Q8N6G6_ERRTSPVTL|0.21
P16234|Q8N6G6_TSPVTLSPH|0.001
P16234|Q8N6G6_PVTLSPHKH|0.0
P16234|Q8N6G6_AGGGSRRPH|0.0
P16234|Q8N6G6_LHEGSLLLT|0.0
P16234|Q8N6G6_MQKASLVIQ|0.0
P16234|Q8N6G6_DYWWSVDRL|0.4
P16234|Q8N6G6_RWMVTSWSA|0.0
P16234|Q8N6G6_WMVTSWSAC|0.0
P16234|Q8N6G6_VTSWSACTR|0.035
P16234|Q8N6G6_WSACTRSCG|0.001
P16234|Q8N6G6_RCNITPCEN|0.335
P16234|Q86TH1_WTKWTACSR|0.0
P16234|Q86TH1_WTACSRSCG|0.0
P16234|Q86TH1_ARDGTSCKL|0.0
P16234|Q86TH1_RDGTSCKLT|0.0
P16234|Q86TH1_ERKKSADVL|0.0
P16234|Q86TH1_MCVRYDGVE|0.249
P16234|Q86TH1_DVKCYQGTD|0.32
P16234|P82987_RNTRSDEDK|0.0
P16234|P82987_FQRGSERQT|0.006
P16234|P82987_ESPASRELD|0.063
P16234|P82987_VGDWSKCSV|0.202
P16234|P82987_VQRVYIQTR|0.448
P16234|P82987_LMRQSQPPS|0.001
P16234|P82987_PPSISFNKT|0.0
P16234|P82987_NEGTYVCIA|0.383
P16234|P82987_GHKKYILQA|0.371
P16234|P82987_KANGTVQVV|0.0
P16234|P82987_VQVVSPRAC|0.303
P16234|P55265_GYSLSGYYT|0.211
P16234|P55265_SGYYTHPFQ|0.099
P16234|P55265_FQHPSPRGR|0.0
P16234|P55265_ELSIYQDQE|0.381
P16234|P55265_GKLGTPKKE|0.0
P16234|P55265_NRVLYSLAK|0.149
P16234|P55265_KEAGTPPLW|0.007
P16234|P55265_PDGHSQGAP|0.0
P16234|P55265_RQGTTPPIW|0.0
P16234|P55265_RNTNSVPET|0.0
P16234|P55265_PPVHYNGPS|0.082
P16234|P55265_YNGPSKAGY|0.334
P16234|P55265_SKAGYVDFE|0.286
P16234|P55265_DDLNSIRAA|0.0
P16234|P55265_MPSFYSHGL|0.308
P16234|P55265_PSFYSHGLP|0.0
P16234|P55265_LPRCSPYKK|0.106
P16234|P55265_AEAGSKKVA|0.0
P16234|P55265_KAKDSGKSE|0.0
P16234|P55265_ESSHYSTEK|0.007
P16234|P55265_SSHYSTEKE|0.197
P16234|P55265_ESEKTAESQ|0.0
P16234|P55265_TPTPSATSF|0.0
P16234|P55265_TPSATSFFS|0.0
P16234|P55265_KSPVTTLLE|0.0
P16234|P55265_SPVTTLLEC|0.0
P16234|P55265_PKFQYCVAV|0.051
P16234|P55265_MISESLDNL|0.0
P16234|P55265_DNLESMMPN|0.0
P16234|P55265_ELVRYLNTN|0.002
P16234|P55265_GLLEYARSH|0.386
P16234|P55265_VTPVTGASL|0.0
P16234|P55265_LFDKSCSDR|0.0
P16234|P55265_ESTESRHYP|0.395
P16234|P55265_TRDGSAFED|0.0
P16234|P55265_VGRVSIYDS|0.026
P16234|P55265_SIYDSKRQS|0.278
P16234|Q9NS39_SILSTFLAP|0.0
P16234|Q9NS39_SPGITNTED|0.0
P16234|Q9NS39_GITNTEDDD|0.0
P16234|Q9NS39_RRARSFVMA|0.0
P16234|Q9NS39_VMAVSVDGR|0.0
P16234|Q9NS39_VDGRTFEGS|0.0
P16234|Q9NS39_TFEGSGRSK|0.0
P16234|Q9NS39_GSGRSKKLA|0.0
P16234|Q9NS39_QLPASYRHN|0.0
P16234|Q9NS39_QPGKSPPFS|0.0
P16234|Q9NS39_SPPFSMNWV|0.0
P16234|Q9NS39_TPSMYCEAK|0.0
P16234|Q9BUB4_KACDTPDKP|0.168
P16234|Q9BUB4_KEVVSMGTG|0.0
P16234|Q9BUB4_MGTGTKCIG|0.0
P16234|Q9BUB4_CIGQSKMRK|0.0
P16234|Q9BUB4_EDPDSPVTK|0.0
P16234|Q9BUB4_GKQKSGPIS|0.0
P16234|Q9BUB4_SGPISPGIH|0.0
P16234|Q9BUB4_PGIHSCDLT|0.0
P16234|Q9BUB4_LQARSQISK|0.0
P16234|Q9BUB4_RSQISKVEL|0.0
P16234|Q9BUB4_QKLLSRIAR|0.0
P16234|Q96EY9_LEAGSPEPE|0.0
P16234|Q96EY9_LPVLSEKQS|0.0
P16234|Q96EY9_RDAGSPHAL|0.0
P16234|Q96A70_AGYLSESDF|0.0
P16234|Q86TW2_GSEEYLQLR|0.0
P16234|Q86TW2_GALDYLLPE|0.333
P16234|Q86TW2_KHPGTGKAE|0.022
P16234|Q86TW2_LILKTNDLL|0.0
P16234|Q86TW2-2_LQLRSKVHL|0.139
P16234|Q7Z695_VYKAYANTA|0.461
P16234|Q7Z695_LADQSFLER|0.0
P16234|Q7Z695_VKFPTPLRP|0.003
P16234|Q8NI60_VAKKSLRSE|0.0
P16234|Q8NI60_KSLRSEDPS|0.0
P16234|Q8NI60_LECDYQREA|0.168
P16234|Q3MIX3_EQIFYTGFI|0.247
P16234|Q3MIX3_QIFYTGFIH|0.0
P16234|Q3MIX3_GFIHSDPHP|0.0
P16234|Q3MIX3_AGATYRGVY|0.003
P16234|Q3MIX3_YRGVYGTSL|0.488
P16234|Q08828_LFRGYTLRL|0.0
P16234|Q08828_LQARSCIED|0.0
P16234|Q08828_RKWQYDVWS|0.417
P16234|Q08828_RNRSSFSTN|0.0
P16234|Q08828_KTIGSTYMA|0.303
P16234|Q08828_IGSTYMAAV|0.2
P16234|Q08828_GLAPTSGTK|0.0
P16234|Q08828_LAPTSGTKA|0.0
P16234|Q08462_FHNLYVKRH|0.426
P16234|Q08462_IRDPYLKQH|0.213
P16234|Q08462_GERRSPQHL|0.0
P16234|Q08462_FQNRTLRTK|0.0
P16234|Q08462_LRTKSQKKR|0.0
P16234|Q08462_SLLFYNKVL|0.446
P16234|Q08462_SKKASPLLM|0.0
P16234|Q08462_KPKFSGVEK|0.0
P16234|O60266_SEPEYSAEY|0.382
P16234|O60266_EPEYSAEYS|0.003
P16234|O60266_YSAEYSAEY|0.351
P16234|O60266_SAEYSAEYS|0.001
P16234|O60266_THEISVRNS|0.0
P16234|O60266_FVPESLENL|0.0
P16234|O60266_EKTKTGVDM|0.0
P16234|O60266_VGVHTGTVL|0.001
P16234|O60266_VHTGTVLGG|0.0
P16234|O60266_SSKSSSPAL|0.0
P16234|O60266_WIDRTRWAR|0.0
P16234|O60266_MLSFYYFSR|0.419
P16234|O60266_FYYFSRHVE|0.38
P16234|Q8NFM4_ARLFSPRPP|0.0
P16234|Q8NFM4_AGQGSRPES|0.0
P16234|Q8NFM4_GEPTYLVID|0.0
P16234|Q8NFM4_DEKGTAGGL|0.0
P16234|Q8NFM4_SHGDSPVST|0.0
P16234|Q8NFM4_KPKFSGVEK|0.0
P16234|O95622_SGSKSVSPP|0.0
P16234|O95622_SKSVSPPGY|0.0
P16234|O95622_GGAVTPQQQ|0.08
P16234|O95622_VRPRSVEVG|0.0
P16234|O95622_VGIHSGRVH|0.0
P16234|O95622_GLNDSTYDK|0.375
P16234|O95622_KVGKTHIKA|0.0
P16234|O95622_DQMKYINEH|0.027
P16234|O95622_INEHSFNNF|0.0
P16234|O95622_VNVASRMDS|0.0
P16234|O95622_EMMTYFLNG|0.482
P16234|O43306____MSWFSG|0.0
P16234|O43306_GGFCTPRYM|0.385
P16234|O43306_FRQDSMWVV|0.0
P16234|O43306_MWVVSYVVL|0.321
P16234|O43306_VGIHSGRVH|0.0
P16234|O43306_KLQRTRANS|0.0
P16234|O43306_GIDDSSKDN|0.0
P16234|O43306_IDDSSKDNR|0.0
P16234|P51828_VGAVSTASH|0.0
P16234|P51828_GAVSTASHL|0.0
P16234|P51828_VSTASHLLV|0.0
P16234|P51828_VREATGVDI|0.1
P16234|P51828_RYLESWGAA|0.001
P16234|P51828_NHRESVSSG|0.006
P16234|P51828_DRSMSPKGR|0.001
P16234|P51828_LVLFYITLL|0.026
P16234|P51828_LFYITLLTL|0.118
P16234|P51828_ITLLTLSRQ|0.0
P16234|P51828_LLTLSRQID|0.0
P16234|P51828_FKVFYTECD|0.339
P16234|P51828_KPKFSGVEK|0.0
P16234|P40145__MELSDVRC|0.0
P16234|P40145_VRSRTKHDV|0.0
P16234|P40145_TAEDYKCLP|0.074
P16234|P40145_RGEIYVKGI|0.13
P16234|P40145_QAEGTDKSD|0.0
P16234|O60503_SSGDSNSVR|0.0
P16234|O60503_PKQLSSNSH|0.0
P16234|O60503_KQLSSNSHP|0.0
P16234|O60503_SSCSSSGDS|0.0
P16234|O60503_YALFYIGFA|0.0
P16234|O60503_LWSIYFAVH|0.0
P16234|O60503_YARHYAWTS|0.267
P16234|O60503_KRHATSSPK|0.0
P16234|O60503_RHATSSPKN|0.0
P16234|O60503_VHTGTVLCG|0.0
P16234|O60503_RGQGTASSG|0.0
P16234|O60503_QGTASSGNV|0.0
P16234|O60503_GTASSGNVS|0.0
P16234|O60503_KTCPSCGIT|0.0
P16234|O60503_NGLLSPPQE|0.0
P16234|O60503_KLTNSQTSL|0.0
P16234|O60503_NSQTSLCEI|0.0
P16234|O60503_EKIKTIGAT|0.0
P16234|O60503_VSEESYRVL|0.0
P16234|O60503_YRVLSKMGY|0.336
P16234|O60503_SKMGYDFDY|0.107
P16234|O60503_YDFDYRGTV|0.379
P16234|O60503_QVDGSIGRS|0.0
P16234|O60503_KLNVSKSV_|0.0
P16234|O60503_NVSKSV___|0.0
P16234|P18509_FTDSYSRYR|0.423
P16234|P18509_TDSYSRYRK|0.446
P16234|P18509_AVKKYLAAV|0.379
P16234|P18509_LGKRYKQRV|0.445
P16234|P41586_AEQDSNHCF|0.335
P16234|P41586_QIRMSGLPA|0.0
P16234|P41586_DNLAT____|0.003
P16234|P41586-2_QKLQSPDMG|0.0
P16234|P35611_SPPPTTAPH|0.002
P16234|P35611_HKERYFDRV|0.195
P16234|P35611_NNPEYLRER|0.197
P16234|P35611_YRTGYPYRY|0.357
P16234|P35611_TGYPYRYPA|0.401
P16234|P35611_SDGDSGTCS|0.0
P16234|P35611_GDEASEEGQ|0.0
P16234|P35611_RTSTSAVPN|0.0
P16234|P35611_VMDRSLVQG|0.0
P16234|P35611_IEKEYQPHV|0.02
P16234|P35611_IVSTTGPNP|0.0
P16234|P35611_ELEEYRREV|0.287
P16234|P35611_LPDLSPDEP|0.0
P16234|P35611_PPSPTEAPT|0.0
P16234|P35611_SKKKSDS__|0.0
P16234|P35611_KKSDS____|0.003
P16234|P35611-2_IEKEYQPHV|0.0
P16234|P35611-2_CAREYLLP_|0.019
P16234|P35611-4_EQTFSPAKS|0.0
P16234|P35612____MSEETV|0.0
P16234|P35612_MSEETVPEA|0.0
P16234|P35612_DDPEYMRLR|0.437
P16234|P35612_MILQSPSFR|0.0
P16234|P35612_LQSPSFREE|0.0
P16234|P35612_DNLGYRTGY|0.389
P16234|P35612_TKHKSEVEI|0.0
P16234|P35612_TPNTYLRVN|0.2
P16234|P35612_RSMGSPRPK|0.0
P16234|P35612_VEKSSSGMP|0.0
P16234|P35612_QDVKSAGPQ|0.0
P16234|P35612_QLLASVIAE|0.0
P16234|P35612_IAEKSRSPS|0.0
P16234|P35612_RSPSTESQL|0.0
P16234|P35612_PSTESQLMS|0.0
P16234|P35612_GEKETAPEE|0.0
P16234|P35612_LEEGTKKTE|0.001
P16234|P35612_KKTETSKAA|0.0
P16234|P35612_KTETSKAAT|0.0
P16234|P35612_SKDKTESVT|0.339
P16234|P35612_KKFRTPSFL|0.0
P16234|Q9UEY8_PPPPSMPHK|0.0
P16234|Q9UEY8_NDPEYIRER|0.346
P16234|Q9UEY8_RKRVTQILQ|0.0
P16234|Q9UEY8_VNMGSHQKW|0.0
P16234|Q9UEY8_TGYAYRHPL|0.064
P16234|Q9UEY8_EIPATVTAF|0.288
P16234|Q9UEY8_PATVTAFSF|0.0
P16234|Q9UEY8_VTAFSFEDD|0.066
P16234|Q9UEY8_FEDDTVPLS|0.228
P16234|Q9UEY8_SPLKYMAQR|0.26
P16234|Q9UEY8_NSPNTYMKV|0.39
P16234|Q9UEY8_SPNTYMKVN|0.556
P16234|Q9UEY8_VPEESRNGE|0.0
P16234|Q9UEY8_RNGETSPRT|0.0
P16234|Q9UEY8_TSPRTKITW|0.0
P16234|Q9UEY8_RTKITWMKA|0.177
P16234|Q9UEY8_VSGGTPIKI|0.0
P16234|Q9UEY8_ELEEYKRTI|0.125
P16234|Q9UEY8_LFSKSFISM|0.0
P16234|Q9UEY8_KSFISMEVP|0.0
P16234|Q9UEY8_AKRVSRLST|0.0
P16234|Q9UEY8_SRLSTSTTI|0.0
P16234|Q9UEY8_RLSTSTTIE|0.0
P16234|Q9UEY8_STSTTIENI|0.0
P16234|Q8N7X0_DILFSQTPV|0.0
P16234|Q8N7X0_LFSQTPVVV|0.0
P16234|Q8N7X0_APEKSDKVP|0.0
P16234|Q8N7X0_NKIFSLEKM|0.0
P16234|Q8N7X0_KMADSAEKL|0.0
P16234|Q8N7X0_LPSVSETDE|0.0
P16234|Q8N7X0_ETDETATHS|0.0
P16234|Q8N7X0_TATHSQTDL|0.0
P16234|Q8N7X0_LSQITKATS|0.0
P16234|Q8N7X0_TKATSQGNT|0.0
P16234|Q8N7X0_LGKGTDEQT|0.0
P16234|Q8N7X0_TDEQTDFGL|0.0
P16234|Q8N7X0_LTAETFSWK|0.0
P16234|Q8N7X0_AETFSWKSL|0.0
P16234|Q8N7X0_ATKATVVRL|0.0
P16234|Q8N7X0_NLEQYAVSL|0.004
P16234|Q8N7X0_QYAVSLLRL|0.0
P16234|Q8N7X0_NKKGYTFVA|0.012
P16234|Q8N7X0_HFLKSEKGL|0.0
P16234|Q8N7X0_EKGLSSQSS|0.0
P16234|Q8N7X0_QNYKYIIQC|0.013
P16234|Q8N7X0_ESQLTFVQA|0.0
P16234|Q8N7X0_VKKDTERAD|0.0
P16234|Q8N7X0_NSAGSESKE|0.0
P16234|Q8N7X0_AGSESKEMT|0.0
P16234|Q8N7X0_TGSGSAVWK|0.0
P16234|Q8N7X0_DVAKSTSSE|0.0
P16234|Q8N7X0_VAKSTSSES|0.0
P16234|Q8N7X0_TRSPTILET|0.0
P16234|Q8N7X0_TILETSPRL|0.0
P16234|Q86SQ3_KEVSTIQDT|0.0
P16234|Q86SQ3_FKAISQLFI|0.0
P16234|Q86SQ3_ILGCSWGLG|0.0
P16234|P07327_GIVESVGEG|0.0
P16234|P07327_GEGVTTVKP|0.0
P16234|P07327_PESNYCLKN|0.385
P16234|P07327_TFSQYTVVD|0.429
P16234|P07327_FSQYTVVDE|0.319
P16234|P07327_IDAASPLEK|0.0
P16234|P07327_CGFSTGYGS|0.26
P16234|P07327_FSTGYGSAV|0.007
P16234|P07327_NPQDYKKPI|0.39
P16234|P07327_AKKFSLDAL|0.0
P16234|P07327_DLLHSGKSI|0.0
P16234|P00325_GIVESVGEG|0.0
P16234|P00325_GEGVTTVKP|0.0
P16234|P00325_PESNYCLKN|0.367
P16234|P00325_TFSQYTVVD|0.41
P16234|P00325_FSQYTVVDE|0.302
P16234|P00325_IDAASPLEK|0.0
P16234|P00325_CGFSTGYGS|0.218
P16234|P00325_FSTGYGSAV|0.001
P16234|P00325_NPQDYKKPI|0.363
P16234|P00325_KGAVYGGFK|0.211
P16234|P00326_KKPFSIEEV|0.0
P16234|P00326_GICRSDEHV|0.0
P16234|P00326_EHVVSGNLV|0.356
P16234|P00326_GIVESVGEG|0.001
P16234|P00326_GEGVTTVKP|0.0
P16234|P00326_PESNYCLKN|0.405
P16234|P00326_TFSQYTVVD|0.44
P16234|P00326_FSQYTVVDE|0.352
P16234|P00326_IDAASPLEK|0.0
P16234|P00326_NPQDYKKPI|0.408
P16234|P08319_GPGVTNVKP|0.0
P16234|P08319_VIPLYAPLC|0.014
P16234|P08319_CGKISNLKS|0.0
P16234|P08319_MEDKTSRFT|0.0
P16234|P08319_GKPVYHFFG|0.024
P16234|P08319_LVTHTLPFD|0.0
P16234|P11766_GKPLSIEEI|0.0
P16234|P11766_DEFVTHNLS|0.0
P16234|P40394_LADGTTRFT|0.0
P16234|P40394_AVGATECIS|0.0
P16234|P40394_TECISPKDS|0.294
P16234|Q8IWW8_GKPVSVPLK|0.0
P16234|Q8IWW8_AIKPTLGLI|0.0
P16234|Q8IWW8_HGMSYPISG|0.003
P16234|Q8IWW8_LVKMYKAKD|0.101
P16234|Q9BV57_DADKYENDP|0.307
P16234|Q9BV57_ILDGSGYFD|0.0
P16234|Q9BV57_DGSGYFDVR|0.426
P16234|Q96A54_GAPASNREA|0.0
P16234|Q96A54_EEFVYKVWE|0.575
P16234|Q86V24_EHEYSDEAP|0.084
P16234|Q15847___MASKGLQ|0.0
P16234|Q15847_QEAVSAAGA|0.0
P16234|Q15847_LAKTTQETI|0.0
P16234|Q15847_TIDKTANQA|0.001
P16234|Q15847_ANQASDTFS|0.0
P16234|Q15847_QASDTFSGI|0.009
P16234|Q15847_SDTFSGIGK|0.0
P16234|Q9GZN8_PRVRSIRFA|0.259
P16234|Q9GZN8_DAEGSHSHV|0.0
P16234|Q9GZN8_RHHGTPMLL|0.082
P16234|Q9GZN8_AELEYDSEH|0.437
P16234|Q9GZN8_LEYDSEHSD|0.36
P16234|Q9GZN8_DSEHSDWHG|0.001
P16234|P55263_TEAATFARE|0.0
P16234|P35318_ELRMSSSYP|0.0
P16234|P35318_MSSSYPTGL|0.0
P16234|P35318_SPQGYGRRR|0.413
P16234|Q9H2P0_NNLGSLRKA|0.0
P16234|Q9H2P0_SKFFSAYKS|0.354
P16234|Q9H2P0_MIGHTNVVV|0.0
P16234|Q9H2P0_GSLASGNVR|0.0
P16234|Q9H2P0_YGVKSVGQG|0.0
P16234|Q9H2P0_SVGQSMRLG|0.0
P16234|Q9H2P0_PARYSLQSA|0.161
P16234|Q9H2P0_LKSPSLSQS|0.0
P16234|Q9H2P0_SLSQSQASR|0.0
P16234|Q9H2P0_QSQASRVLG|0.0
P16234|Q9H2P0_VLGQSSSKP|0.0
P16234|Q9H2P0_LGQSSSKPA|0.0
P16234|Q9H2P0_IPVKSSPQA|0.0
P16234|Q9H2P0_AAVPYKKDV|0.391
P16234|Q9H2P0_NMTASTITL|0.0
P16234|Q9H2P0_VKRTYEQME|0.462
P16234|Q9H2P0_FLTKYFNKQ|0.363
P16234|Q9H2P0_NASKTADKK|0.0
P16234|Q9H2P0_EPKISNDNP|0.0
P16234|Q9H2P0_WKNSSYGKV|0.005
P16234|Q9H2P0_DERLSNPQI|0.0
P16234|Q9H2P0_PMHGSLAGV|0.0
P16234|Q6IQ32_LWEPSGKKV|0.0
P16234|Q6IQ32_GLCKYSTKV|0.321
P16234|Q6IQ32_EREVYLAIL|0.0
P16234|Q6IQ32_QAEGTPGST|0.0
P16234|Q6IQ32_GTPGSTGKR|0.0
P16234|Q6IQ32_PTVHTVLKS|0.0
P16234|Q6IQ32_TVLKSPAFK|0.0
P16234|Q6IQ32_DSSFSVKRK|0.0
P16234|Q6IQ32_NESRTEGPI|0.0
P16234|Q6IQ32_DPKKYEGRS|0.0
P16234|Q6IQ32_YEGRSYEEK|0.0
P16234|Q6IQ32_EGRSYEEKK|0.105
P16234|Q6IQ32_FLKDYFHKK|0.41
P16234|Q6IQ32_HKKPYPSKK|0.234
P16234|Q6IQ32_LNFEYEP__|0.418
P16234|Q96SZ5_SKLKSLLTQ|0.0
P16234|Q96SZ5_PCILTPHRD|0.0
P16234|P0DMS8_SLNLSNSKE|0.0
P16234|Q9BRR6_RVAGTQACA|0.001
P16234|Q9BRR6_QACATETID|0.383
P16234|Q9BRR6_TIDTSRVSL|0.116
P16234|P54922_YIVQSGYFV|0.0
P16234|Q8NDY3_GAALYRLST|0.0
P16234|Q9NX46_GTPGSERTE|0.0
P16234|Q9NX46_EALYYTDDT|0.333
P16234|P35348_RGLKSGLKT|0.0
P16234|P35348_KTDKSDSEQ|0.0
P16234|P35348_DKSDSEQVT|0.0
P16234|P35348_SEQVTLRIH|0.0
P16234|P35348_PAGGSGMAS|0.0
P16234|P35348_SGMASAKTK|0.0
P16234|P35348_KTHFSVRLL|0.0
P16234|P35348_CRKQSSKHA|0.112
P16234|P35348_RKQSSKHAL|0.0
P16234|P35348_IPVGSRETF|0.0
P16234|P35348_GSRETFYRI|0.0
P16234|P35348_FYRISKTDG|0.024
P16234|P35348_WKFFSSMPR|0.0
P16234|P35348_KFFSSMPRG|0.0
P16234|P35348_MPRGSARIT|0.0
P16234|P35348_SARITVSKD|0.0
P16234|P35348_RITVSKDQS|0.0
P16234|P35348_HQVPTIKVH|0.0
P16234|P35368_SIDRYIGVR|0.367
P16234|P35368_IGVRYSLQY|0.171
P16234|P35368_YSLQYPTLV|0.104
P16234|P35368_CLSGSQRTL|0.0
P16234|P35368_GRHDSGPLF|0.0
P16234|P25100_GVRHSLKYP|0.0
P16234|P25100_ALVVSVGPL|0.0
P16234|P25100_AKGHTFRSS|0.0
P16234|P25100_HTFRSSLSV|0.0
P16234|P25100_WRASTSGLR|0.0
P16234|P25100_EPPGTPEMQ|0.0
P16234|P25100_APVASRRKP|0.0
P16234|P25100_RKPPSAFRE|0.0
P16234|P25100_FRRPTTQLR|0.0
P16234|P25100_RAKVSSLSH|0.0
P16234|P25100_VEAVSLGVP|0.0
P16234|P08913_SLDRYWSIT|0.0
P16234|P08913_DRYWSITQA|0.12
P16234|P08913_YWSITQAIE|0.233
P16234|P08913_PPLISIEKK|0.0
P16234|P08913_PPGGTERRP|0.0
P16234|P08913_GPERSAGPG|0.0
P16234|P08913_DLEESSSSD|0.0
P16234|P08913_LEESSSSDH|0.0
P16234|P08913_EESSSSDHA|0.0
P16234|P08913_ESSSSDHAE|0.0
P16234|P08913_TGIGTPAAG|0.0
P16234|P08913_AAKASRWRG|0.0
P16234|P18825_TASRSPGPG|0.0
P16234|P18825_ASSRSVEFF|0.0
P16234|P18825_EFFLSRRRR|0.0
P16234|P08588_ALDRYLAIT|0.295
P16234|P08588_ARRCYNDPK|0.309
P16234|P08588_KKIDSCERR|0.019
P16234|P08588_SPSPSPVPA|0.0
P16234|P08588_RRHATHGDR|0.026
P16234|P08588_GPPPSPGAA|0.0
P16234|P08588_PGAASDDDD|0.0
P16234|P07550_LQTVTNYFI|0.0
P16234|P07550_MVFVYSRVF|0.498
P16234|P07550_RKEVYILLN|0.522
P16234|P07550_RNCSTNDSL|0.0
P16234|P10109_RAGSSGLLR|0.0
P16234|P10109_GPGGSAEAS|0.0
P16234|P10109_SLSVSARAR|0.0
P16234|P10109_ARARSSSED|0.0
P16234|P10109_EDKITVHFI|0.0
P16234|P10109_LDAITDEEN|0.0
P16234|P10109_CLTKSMDNM|0.0
P16234|P10109_RVPETVADA|0.0
P16234|Q16186_SRGASNKYL|0.376
P16234|Q16186_ASNKYLVEF|0.112
P16234|Q16186_AGKMSLKGT|0.0
P16234|Q16186_LKGTTVTPD|0.0
P16234|Q16186_GASGSSGHE|0.0
P16234|Q16186_ASGSSGHEL|0.0
P16234|Q16186_AVTPSSTTS|0.0
P16234|Q16186_TPSSTTSST|0.0
P16234|Q16186_STTSSTRAT|0.0
P16234|P30566_AHVHTFGHC|0.133
P16234|P30566_HLGATSCYV|0.232
P16234|P30566_AFIITGQTY|0.018
P16234|P30566_SAMPYKRNP|0.361
P16234|P30566_IRVLSQQAA|0.0
P16234|P30566_QQAASVVKQ|0.0
P16234|P30566_DAYFSPIHS|0.0
P16234|P30566_SPIHSQLDH|0.0
P16234|P30566_EEEVYPLLK|0.411
P16234|P30520_AFAETYPAA|0.24
P16234|P30520_IGPVYSSKA|0.0
P16234|P30520_KLKGYMEKI|0.0
P16234|P30520_RDGVYFLYE|0.328
P16234|P30520_VYFLYEALH|0.161
P16234|P30520_VEVQYKTLP|0.04
P16234|P30520_GVGKSRESM|0.0
P16234|P30520_KSRESMIQL|0.0
P16234|Q8N142_DLLATDADI|0.0
P16234|Q8N142_ADIISRCQG|0.0
P16234|Q8N142_VEVEYETLP|0.475
P16234|Q8N142_GVGKSRESM|0.0
P16234|Q8N142_KSRESMIQL|0.0
P16234|Q8N142-2_PAQPTPHLP|0.0
P16234|Q8N142-2_PHLPSACGG|0.0
P16234|Q8N142-2_CGGPTRVTL|0.0
P16234|Q8N142-2_PTRVTLGEE|0.0
P16234|Q96IZ2_QTIFYGVTC|0.354
P16234|Q96IZ2_FYGVTCLDD|0.002
P16234|Q8IUX7_VPKESLEGS|0.0
P16234|Q8IUX7_SLEGSPRPP|0.0
P16234|Q8IUX7_PEEETEQPT|0.389
P16234|Q8IUX7_TEQPTLDYN|0.422
P16234|Q8IUX7_KKEDSSPKE|0.0
P16234|Q8IUX7_EDDYYDGAW|0.422
P16234|Q6ZN18_LEELSRLSP|0.0
P16234|Q6ZN18_GSPGSAARG|0.0
P16234|Q6ZN18_DETRSLSPG|0.0
P16234|Q6ZN18_ASSSSGDGD|0.0
P16234|Q6ZN18_GPRGSQGGG|0.0
P16234|Q6ZN18_GGGGSSSSS|0.0
P16234|Q6ZN18_SRMDSEDSI|0.0
P16234|Q6ZN18_DSEDSISST|0.0
P16234|Q6ZN18_STISSGRST|0.0
P16234|Q6ZN18_SSGRSTPAM|0.0
P16234|Q6ZN18_SGRSTPAMM|0.0
P16234|Q6ZN18_ASFASQGGL|0.0
P16234|Q6ZN18_AKEESPSKA|0.0
P16234|Q8WTP8_EMVGTGPRG|0.0
P16234|Q8WTP8_QEARSLWTC|0.0
P16234|Q8WTP8_RSLWTCPED|0.0
P16234|Q5NDL2_CRKDSLCPY|0.426
P16234|Q5NDL2_VDYKYRELG|0.396
P16234|Q08117_TTSDSCDRI|0.0
P16234|Q08117_YEMSYGLNI|0.399
P16234|Q08117_ALPLTPLPV|0.008
P16234|Q08117-2_PGRATAGPA|0.0
P16234|P51825_MLGNYEEVK|0.313
P16234|P51825_RLDASENRL|0.0
P16234|P51825_SSNNSKGYC|0.0
P16234|P51825_CPAKSPKDL|0.0
P16234|P51825_APSESPELK|0.0
P16234|P51825_PPPLTAIHT|0.0
P16234|P51825_TAIHTPSTA|0.0
P16234|P51825_RHPESKGSS|0.0
P16234|P51825_GSRTSLQGE|0.0
P16234|P51825_AVPPSSEKK|0.0
P16234|P51825_VPPSSEKKK|0.0
P16234|P51825_LPAPSKALS|0.0
P16234|P51825_PHSGSGSRT|0.0
P16234|P51825_SEKRSSDSS|0.0
P16234|P51825_KEIKSQSSS|0.0
P16234|P51825_IKSQSSSSS|0.0
P16234|P51825_KSQSSSSSS|0.0
P16234|P51825_SHKESSKTK|0.0
P16234|P51825_EHKGSSGDT|0.0
P16234|P51825_PNGNSKPGK|0.0
P16234|P51825_FSDATAPTQ|0.391
P16234|P51825_ATAPTQEKI|0.0
P16234|P51825_AEALTRKNK|0.0
P16234|P51825-2_RVNSSGNSL|0.0
P16234|P51825-2_AQAPSPCIA|0.0
P16234|P55196_NFKRTLSKK|0.0
P16234|P55196_KRTLSKKEK|0.0
P16234|P55196_LRQASDKDD|0.0
P16234|P55196_AAEVYKDMP|0.204
P16234|P55196_MPETSFTRT|0.0
P16234|P55196_SFTRTISNP|0.0
P16234|P55196_QEFRSSDGR|0.0
P16234|P55196_EFRSSDGRP|0.0
P16234|P55196_DSGGTLRIY|0.0
P16234|P55196_TLRIYADSL|0.057
P16234|P55196_PNIPYKTIL|0.298
P16234|P55196_NPKDYCIAR|0.132
P16234|P55196_DGSGYGSTL|0.0
P16234|P55196_LVELSPGRR|0.0
P16234|P55196_QLSVTEVGT|0.0
P16234|P55196_PTSKSTTRL|0.0
P16234|P55196_SDRVSSASS|0.0
P16234|P55196_VSSASSTAE|0.0
P16234|P55196_SSASSTAER|0.0
P16234|P55196_SASSTAERG|0.0
P16234|P55196_QQPDYRRQE|0.247
P16234|P55196_NKMVSMMEG|0.0
P16234|P55196_PHTRSPGTW|0.0
P16234|P55196_RSPGTWTIY|0.173
P16234|P55196_TWTIYFEGA|0.329
P16234|P55196_EGADYESHL|0.296
P16234|P55196_LRENTELAQ|0.0
P16234|P55196_IITVTLKKQ|0.0
P16234|P55196_LMTRTSSVV|0.0
P16234|P55196_SSVVTLEVA|0.0
P16234|P55196_QGAIYHGLA|0.0
P16234|P55196_HGLATLLNQ|0.0
P16234|P55196_DRRGSGKPR|0.0
P16234|P55196_PRPKSEGFE|0.0
P16234|P55196_GFELYNNST|0.003
P16234|P55196_LYNNSTQNG|0.0
P16234|P55196_YNNSTQNGS|0.201
P16234|P55196_TQNGSPESP|0.0
P16234|P55196_PWAEYSEPK|0.456
P16234|P55196_ADHRSSPNV|0.0
P16234|P55196_PGGKSAYAS|0.112
P16234|P55196_GKSAYASGT|0.389
P16234|P55196_SAYASGTTA|0.071
P16234|P55196_ASGTTAKIT|0.0
P16234|P55196_ITSVSTGNL|0.0
P16234|P55196_TSVSTGNLC|0.0
P16234|P55196_GNLCTEEQT|0.0
P16234|P55196_RPEAYPIPT|0.219
P16234|P55196_PTQTYTREY|0.404
P16234|P55196_YTREYFTFP|0.546
P16234|P55196_TFPASKSQD|0.0
P16234|P55196_QWPNYEEKP|0.503
P16234|P55196_DSNHSSIAI|0.0
P16234|P55196_SNHSSIAIQ|0.0
P16234|P55196_EDKAYQLER|0.36
P16234|P55196_MDRKSDSDM|0.0
P16234|P55196_RKSDSDMWI|0.0
P16234|P55196_VTPASTLTK|0.0
P16234|P55196_TPASTLTKS|0.0
P16234|P55196_HQRWYEKEK|0.41
P16234|P55196_PAPFSPLTA|0.0
P16234|P55196_FSPLTAQQM|0.0
P16234|P55196_QQPRTIERR|0.0
P16234|P55196_RDLQYITVS|0.516
P16234|P55196_LQYITVSKE|0.0
P16234|P55196_KEELSSGDS|0.0
P16234|P55196_QEEGYYSRL|0.274
P16234|P55196_EEGYYSRLE|0.386
P16234|P55196_EGYYSRLEA|0.232
P16234|P55196_LPRDYEPPS|0.543
P16234|P55196_PPSPSPAPG|0.0
P16234|P55196_RNASYLKTQ|0.493
P16234|P55196_KEKRSKSQD|0.0
P16234|P55196_KRSKSQDAD|0.0
P16234|P55196_DSPGSSGAP|0.0
P16234|P55196_SPGSSGAPE|0.0
P16234|P55196_GQDVSNKVK|0.295
P16234|P55196_SRKLTELEN|0.0
P16234|P55196_NELNTK___|0.0
P16234|P55196-2_DGSGYGSTL|0.0
P16234|P55196-2_LVELSPDGS|0.0
P16234|P55196-2_SPDGSDSRD|0.0
P16234|P55196-3_KYSLYEVHV|0.115
P16234|P55196-3_RADGSGYGS|0.0
P16234|P55196-3_DGSGYGSTL|0.0
P16234|P55196-3_LVELSPDGS|0.0
P16234|P55196-3_SPDGSDSRD|0.0
P16234|P55196-3_LNQPSPMMQ|0.0
P16234|P55196-3_PRPKSEGFE|0.0
P16234|P55196-3_YTREYFTFP|0.276
P16234|P55196-3_EDKAYQLER|0.003
P16234|P55196-3_RDLQYITVS|0.198
P16234|P55196-3_QEEGYYSRL|0.0
P16234|P55196-3_SYPGSTGAA|0.0
P16234|P55196-3_QDADSPGSS|0.0
P16234|P55196-3_DSPGSSGAP|0.0
P16234|P55196-3_SPGSSGAPE|0.0
P16234|P55196-3_QRLFSQGQD|0.0
P16234|P55196-3_SRKLTELEN|0.0
P16234|Q9NQ60_HTPNYAPAN|0.0
P16234|Q9NQ60_KNGNYYKDI|0.007
P16234|Q9NQ60_NGNYYKDIK|0.003
P16234|Q9NQ60_SFSKSAESS|0.0
P16234|Q9NQ60_TFLGTTSSD|0.0
P16234|Q9NQ60_LGTTSSDMR|0.0
P16234|Q8N556_LDHEYLTST|0.224
P16234|Q8N556_AVPLSPGKA|0.0
P16234|Q8N556_IKEAYSGCS|0.0
P16234|Q8N556_GPVDSECPP|0.113
P16234|Q8N556_TKIISLGKK|0.0
P16234|Q8N556_EDVPTCGYL|0.255
P16234|Q8N556_PTCGYLNVL|0.014
P16234|Q8N556_SANPYLGGT|0.214
P16234|Q8N556_YLGGTSNGY|0.307
P16234|Q8N556_LGGTSNGYA|0.0
P16234|Q8N556_TSNGYAHPS|0.045
P16234|Q8N556_YAHPSGTAL|0.106
P16234|Q8N556_HPSGTALHY|0.0
P16234|Q8N556_TALHYDDVP|0.122
P16234|Q8N556_CINGSLKGK|0.0
P16234|Q8N556_PPVASNGVT|0.0
P16234|Q8N556_SNGVTGKGK|0.0
P16234|Q8N556_NAAQYKYGK|0.0
P16234|Q8N556_AERVSLELE|0.0
P16234|Q8N556_ELELTEVKE|0.0
P16234|Q8N556_IEPKSGTSS|0.0
P16234|Q8N556_FRHRTLENS|0.0
P16234|Q8N556_DTSDTEGPV|0.0
P16234|Q8N556_VLKKSQAAP|0.0
P16234|Q8N556_APGSSPCRG|0.0
P16234|Q8N556_LKNGT____|0.007
P16234|Q8N556-2_NAGLYDNLP|0.096
P16234|Q8TED9_SILQSLQPL|0.0
P16234|Q8TED9_SKGASPELA|0.0
P16234|Q8TED9_ELAKSPRLR|0.0
P16234|Q8TED9_PPEDYYEEA|0.416
P16234|Q8TED9_IVDGYYEDA|0.153
P16234|Q8TED9_VDGYYEDAD|0.367
P16234|Q8TED9_IREVSKPVG|0.0
P16234|Q8TED9_EVPRSPVLL|0.0
P16234|Q8TED9_EKQTSDSDS|0.0
P16234|Q8TED9_SDSDSVGVG|0.0
P16234|Q8TED9_GDNCSTLGR|0.0
P16234|Q8TED9_GKKSSLAEL|0.0
P16234|Q8TED9_ELKGSMSRA|0.0
P16234|Q8TED9_GRKITRIIG|0.013
P16234|Q8TED9_CNTLYFHKD|0.233
P16234|Q8TED9_VEMGSRVTP|0.0
P16234|Q8TED9_GSRVTPEAL|0.0
P16234|Q8TED9_LHYDYVDVE|0.371
P16234|Q8TED9_EPRVYDDVP|0.354
P16234|Q8TED9_DDVPYEKMQ|0.403
P16234|Q8TED9_KRHASSCSE|0.0
P16234|Q8TED9_RHASSCSEK|0.0
P16234|Q8TED9_ASSCSEKSH|0.0
P16234|Q8TED9_KRHASSANQ|0.003
P16234|Q8TED9_LRKRSPSIV|0.0
P16234|Q8TED9_KRSPSIVAS|0.0
P16234|Q8TED9_SIVASNQGR|0.0
P16234|Q8TED9-2_LSVSSKPKS|0.0
P16234|Q8N4X5_KSSSSDEEY|0.135
P16234|Q8N4X5_EEYIYMNKV|0.721
P16234|Q8N4X5_MNKVTINKQ|0.153
P16234|Q8N4X5_PKTESPEGY|0.095
P16234|Q8N4X5_PEGYYEEAE|0.484
P16234|Q8N4X5_KSAPYQWPS|0.618
P16234|Q8N4X5_YQWPSPEAG|0.292
P16234|Q8N4X5_SKDHSPQLD|0.0
P16234|Q8N4X5_GNQYTPDAQ|0.31
P16234|Q8N4X5_IAEKYLSAS|0.0
P16234|Q8N4X5_EKYLSASEY|0.29
P16234|Q8N4X5_SASEYGSSV|0.412
P16234|Q8N4X5_EYGSSVDGH|0.41
P16234|Q8N4X5_GLKLSNLMN|0.0
P16234|Q8N4X5_GRKKSTSLE|0.065
P16234|Q8N4X5_RKKSTSLEP|0.0
P16234|Q8N4X5_KKSTSLEPV|0.111
P16234|Q8N4X5_LETSSYLNV|0.205
P16234|Q8N4X5_ETSSYLNVL|0.537
P16234|Q8N4X5_QQPLSLVGC|0.0
P16234|Q8N4X5_VPDPSPDHL|0.0
P16234|Q8N4X5_DHLYSFRIL|0.036
P16234|Q8N4X5_LEAKSSEEM|0.0
P16234|Q8N4X5_EAKSSEEMG|0.0
P16234|Q8N4X5_PEEFTYDYV|0.521
P16234|Q8N4X5_EEFTYDYVD|0.622
P16234|Q8N4X5_FTYDYVDAD|0.619
P16234|Q8N4X5_ADRVSCIVS|0.0
P16234|Q8N4X5_EPNTYIDGL|0.384
P16234|Q8N4X5_SDRVYLDLT|0.539
P16234|Q8N4X5_QQLESLEPE|0.0
P16234|Q8N4X5_AVVATPPGA|0.454
P16234|Q8N4X5_PPGASPPVK|0.0
P16234|Q8N4X5_LRVTSAEIK|0.0
P16234|Q8N4X5_LENVSPRPK|0.01
P16234|Q8N4X5_PKAVTPASA|0.0
P16234|Q8N4X5_VNSATTLKN|0.0
P16234|Q8N4X5_NRPLSVVVT|0.0
P16234|P51816_LPKFTILQT|0.0
P16234|P51816_TILQTSEVS|0.0
P16234|P51816_ILQTSEVSL|0.0
P16234|P51816_SQHLTPGFT|0.0
P16234|P51816_TPGFTLQKW|0.0
P16234|P51816_LKLSSDEDD|0.0
P16234|P51816_STSDSNTDQ|0.001
P16234|P51816_TEILSPLRD|0.0
P16234|P51816_PPCISPAPP|0.0
P16234|P51816_RENNSSRRA|0.0
P16234|P51816_ENNSSRRAN|0.0
P16234|P51816_PPPLSPLPE|0.0
P16234|P51816_RRNVSGNNG|0.066
P16234|P51816_NEGDTPKKA|0.0
P16234|P51816_AKSPYTMYS|0.261
P16234|P51816_PYTMYSETV|0.302
P16234|P51816_ELLRYAMRL|0.419
P16234|P51816_LNNVSPINA|0.0
P16234|P51826_SKRGTMGWQ|0.0
P16234|P51826_APDESPKLK|0.0
P16234|P51826_LSKFSIPKQ|0.0
P16234|P51826_LRALSDSAV|0.001
P16234|P51826_NCRTSVPSS|0.0
P16234|P51826_TSVPSSKGS|0.0
P16234|P51826_SKGSSSSSS|0.0
P16234|P51826_SGSDSETES|0.0
P16234|P51826_SETESSSSE|0.0
P16234|P51826_QRPRTANKA|0.0
P16234|P51826_KAPGSKGVK|0.0
P16234|P51826_SSSDSDLES|0.0
P16234|P51826_KIDLTLLSR|0.0
P16234|P51826_SRLATSTSN|0.0
P16234|P51826_STSNTLSAN|0.0
P16234|P51826_SNTLSANHC|0.0
P16234|P51826_MNINSVAIP|0.0
P16234|P51826_KMLRSPISP|0.0
P16234|P51826_ISPLSDASK|0.0
P16234|P51826_PKADSQLQP|0.0
P16234|P51826_GGDLTKAAH|0.0
P16234|P51826_AHNNSENIP|0.0
P16234|P51826_SRPQTKPWS|0.0
P16234|P51826_TKPWSPGSN|0.0
P16234|P51826_WSPGSNGHR|0.0
P16234|P51826_AQAPSPWGA|0.0
P16234|P51826_PSPMSPNPS|0.0
P16234|P51826_SPASSVGSQ|0.0
P16234|Q9Y4W6_FFLWTALFW|0.0
P16234|Q9Y4W6_GVMFYLLLK|0.0
P16234|Q9Y4W6_FVNNYLSKG|0.0
P16234|Q9Y4W6_FNIGSVDTF|0.0
P16234|Q9Y4W6_GSVDTFERN|0.0
P16234|Q9Y4W6_GPPGTGKTL|0.0
P16234|Q9Y4W6_LKLDSTLEK|0.0
P16234|Q9Y4W6_LEKKTQVLQ|0.0
P16234|Q9Y4W6_PKEQYLYTK|0.189
P16234|Q9Y4W6_GGRVSEEIF|0.0
P16234|Q9Y4W6_FVEGTGSLD|0.0
P16234|Q9Y4W6_EGTGSLDED|0.0
P16234|Q9Y4W6_LDEDTSLPE|0.0
P16234|Q63HM1_LENQYCPSR|0.0
P16234|Q63HM1_LRTYSQIGI|0.0
P16234|P02771_SQKFTKVNF|0.0
P16234|P02771_QLAVSVILR|0.0
P16234|P02771_VAKGYQELL|0.0
P16234|P02771_ELQKYIQES|0.0
P16234|P02771_YIQESQALA|0.0
P16234|P02771_LAKRSCGLF|0.0
P16234|Q6ULP2_DTPDYTRPK|0.296
P16234|Q6ULP2_ENVDSLTSF|0.0
P16234|Q6ULP2_VLLSTTSKE|0.0
P16234|Q6ULP2_LLSTTSKEI|0.0
P16234|Q6ULP2_DSVPSPAEE|0.0
P16234|Q6ULP2_NELNSVKEV|0.0
P16234|Q6ULP2_ALGRSLDNK|0.0
P16234|Q6ULP2_NKGDTDGED|0.0
P16234|Q6ULP2_SKAWSLVDS|0.0
P16234|Q6ULP2_SLVDSADNS|0.0
P16234|Q6ULP2_LCMDSVKTS|0.0
P16234|Q6ULP2_DSVKTSDDE|0.0
P16234|Q6ULP2_SVKTSDDEV|0.0
P16234|Q6ULP2_PKEESRKFT|0.0
P16234|Q6ULP2_SRKFTNFQS|0.0
P16234|Q6ULP2_TNFQSPNID|0.0
P16234|Q6ULP2_DLDDSLSVK|0.0
P16234|Q6ULP2_SDNLSEECQ|0.0
P16234|Q6ULP2_KSSGTGTEP|0.0
P16234|Q6ULP2_KDSCSWAAF|0.0
P16234|Q6ULP2_ENIDTPGTP|0.0
P16234|Q6ULP2_IVPMYAAGL|0.0
P16234|Q6ULP2_KLEISTSSL|0.0
P16234|Q6ULP2_ARLMSTVEK|0.0
P16234|Q6ULP2_PATLTPSTS|0.0
P16234|Q6ULP2_PSTSSQEKA|0.0
P16234|Q7Z7L8_TQPVTFDEI|0.0
P16234|Q7Z7L8_EEGVSPMEE|0.0
P16234|Q7Z7L8_KAKKSFLQS|0.0
P16234|Q7Z7L8_CLRRSTQSL|0.0
P16234|Q7Z7L8_LRRSTQSLS|0.0
P16234|Q7Z7L8_RSTQSLSLQ|0.0
P16234|Q7Z7L8_TQSLSLQRE|0.0
P16234|Q7Z7L8_NSLDSSDSD|0.0
P16234|Q7Z7L8_SLDSSDSDS|0.0
P16234|Q7Z7L8_DSSDSDSAL|0.0
P16234|Q7Z7L8_SDSDSAL__|0.0
P16234|P20933_VIHKTGHIA|0.0
P16234|P20933_LSTFTQFSF|0.003
P16234|Q8TF27_DADRSLTIL|0.0
P16234|Q8TF27_DRSLTILDE|0.0
P16234|Q8TF27_DEQLYSFAF|0.003
P16234|Q8TF27_TVHITKKRN|0.07
P16234|Q8TF27_SNLFTSEKG|0.0
P16234|Q8TF27_NLFTSEKGS|0.0
P16234|Q8TF27_SEKGSDPDK|0.0
P16234|Q8TF27_WKKKYVTLC|0.345
P16234|Q8TF27_SLGDYMKNI|0.034
P16234|Q8TF27_QAIQSQILA|0.0
P16234|Q8TF27_SQGQTKPSI|0.0
P16234|Q8TF27_QTKPSIEST|0.0
P16234|Q8TF27_PSIESTREE|0.0
P16234|Q96P64_SNLFTSEKG|0.0
P16234|Q96P64_IDLQTSTIK|0.0
P16234|Q96P64_PISTSKSNG|0.0
P16234|Q96P64_QAIQSQILA|0.0
P16234|A6NIR3_QAIQSQILA|0.0
P16234|Q96MI9_AVQTSLLCR|0.022
P16234|Q96MI9_LYHLSSIGR|0.003
P16234|Q96MI9_PYQCTQRLL|0.177
P16234|Q5U5Z8_RGLSSLQPP|0.0
P16234|Q5U5Z8_LNRHYKTIL|0.218
P16234|Q5U5Z8_TFGGSTLGN|0.0
P16234|Q5U5Z8_NKRDTHFTI|0.0
P16234|Q5U5Z8_DTHFTIEDL|0.0
P16234|Q5U5Z8_TINSSQEPA|0.0
P16234|Q8NEM8_FFPRTTQIL|0.0
P16234|Q8NEM8_FPRTTQILL|0.0
P16234|Q8NEM8_PRDLYGVSS|0.0
P16234|Q8NEM8_IVNFTKPAS|0.0
P16234|Q8NEM8_RNYTSLLKE|0.0
P16234|Q8NEM8_LLKLTSQKK|0.0
P16234|Q8NEM8_LKLTSQKKH|0.0
P16234|Q8NEM8_ERNSTIASH|0.0
P16234|Q8NEM8_QSKKTGINW|0.0
P16234|Q8NEM8_GINWTDDEK|0.0
P16234|Q8NEM8_NVLKYKSLQ|0.0
P16234|Q5VU57_PDGVYLGNY|0.349
P16234|Q5VU57_VKAGTGRRF|0.0
P16234|Q8NDL9_VRGHYRTDS|0.396
P16234|Q8NDL9_LNRQYLKPD|0.174
P16234|Q8NDL9_NGRASPPPP|0.0
P16234|Q8NDL9_SRGLSSTLN|0.0
P16234|Q8NDL9_GLSSTLNVG|0.0
P16234|Q8NDL9_PVSCSENTL|0.0
P16234|Q8NDL9_QMKNSPSFP|0.0
P16234|Q8NDL9_LGRGSPPTR|0.0
P16234|Q8NDL9_PTSPTPRTR|0.0
P16234|Q8N302_FASNSQEPA|0.057
P16234|Q8N302_VEHTSCNEE|0.0
P16234|Q8N302_HHKNSPPKV|0.0
P16234|Q8N302_DMEHTLRIP|0.0
P16234|Q8N302_KKDESFVGP|0.0
P16234|Q8N302_ASVHSEITD|0.0
P16234|Q8N302_EITDSNKGR|0.0
P16234|Q8N302_GGMKTPIQL|0.0
P16234|Q53H12_SKYWYLGPL|0.363
P16234|Q53H12_ITIGSRKVR|0.0
P16234|Q53H12_QMLTSPTQ_|0.144
P16234|Q9BSE5_NQPPSPEFV|0.0
P16234|Q6ZNB7_VKKATPFFI|0.0
P16234|Q6ZNB7_PFFISLMLL|0.0
P16234|Q6ZNB7_ELVVSWILK|0.0
P16234|Q9UL18_EQKHTYLPL|0.472
P16234|Q9UL18_QKHTYLPLE|0.384
P16234|Q9UL18_DNQTSTMIK|0.0
P16234|Q9UL18_LPGKTPVYA|0.405
P16234|Q9UL18_DAHPSRYCA|0.421
P16234|Q9UL18_RYCATVRVQ|0.0
P16234|Q9UL18_KEHDSGEGS|0.0
P16234|Q9UL18_SGEGSHISG|0.0
P16234|Q9UL18_GSHISGQSN|0.0
P16234|Q9UL18_VHQDTLRTM|0.0
P16234|Q9UKV8_GRLPSVPFE|0.0
P16234|Q9UKV8_PLTDSQRVK|0.0
P16234|Q9UKV8_ESGQTVECT|0.0
P16234|Q9UKV8_TVECTVAQY|0.013
P16234|Q9UKV8_EQKHTYLPL|0.449
P16234|Q9UKV8_QKHTYLPLE|0.384
P16234|Q9UKV8_IKKLTDNQT|0.0
P16234|Q9UKV8_KLMRSASFN|0.0
P16234|Q9UKV8_ASFNTDPYV|0.397
P16234|Q9UKV8_LPGKTPVYA|0.405
P16234|Q9UKV8_RDGVSEGQF|0.0
P16234|Q9UKV8_FYLCSHAGI|0.007
P16234|Q9UKV8_GIQGTSRPS|0.0
P16234|Q9UKV8_IQGTSRPSH|0.0
P16234|Q9UKV8_VHQDTLRTM|0.0
P16234|Q9H9G7_MEIGSAGPA|0.0
P16234|Q9H9G7_APEGYDHPL|0.152
P16234|Q9H9G7_THCGTMRRK|0.146
P16234|Q9H9G7_FREKYTLQL|0.0
P16234|Q9H9G7_LQLKYPHLP|0.0
P16234|Q9H9G7_EQKHTYLPL|0.444
P16234|Q9H9G7_QKHTYLPLE|0.343
P16234|Q9H9G7_DNQTSTMIK|0.0
P16234|Q9H9G7_PMLQYGGRN|0.284
P16234|Q9H9G7_KQFHTGVEI|0.0
P16234|Q9H9G7_HLKNTYSGL|0.425
P16234|Q9H9G7_LKNTYSGLQ|0.291
P16234|Q9H9G7_KNTYSGLQL|0.0
P16234|Q9H9G7_LPGKTPVYA|0.381
P16234|Q9H9G7_RQVLYYELL|0.404
P16234|Q9H9G7_QVLYYELLA|0.4
P16234|Q9H9G7_PGITYIVVQ|0.096
P16234|Q9H9G7_SAEGSHVSG|0.0
P16234|Q9H9G7_GSHVSGQSN|0.0
P16234|Q9H9G7_VSGQSNGRD|0.0
P16234|Q9HCK5_GPPASLFQP|0.099
P16234|Q9HCK5_DVYHYDVDI|0.294
P16234|Q9HCK5_DMEVTLPGE|0.005
P16234|Q9HCK5_EQKHTYLPL|0.462
P16234|Q9HCK5_QKHTYLPLE|0.313
P16234|Q9HCK5_DNQTSTMIK|0.0
P16234|Q9HCK5_PMLQYGGRN|0.277
P16234|Q9HCK5_LPGKTPVYA|0.383
P16234|Q8NAT1_ALLVSVLAA|0.0
P16234|Q8NAT1_MEGGTHMVC|0.0
P16234|Q8NAT1_HMVCTGRTH|0.064
P16234|Q8NAT1_TPYKTLAML|0.215
P16234|Q8NAT1_MDLQYVAWR|0.149
P16234|Q8NAT1_RCQASVHGA|0.124
P16234|Q99943_ERRFTSGQC|0.0
P16234|Q99943_GGGDYLKKP|0.541
P16234|O15120_RSFKYFYGL|0.324
P16234|O15120_FKYFYGLRF|0.317
P16234|O15120_KFFTSGTVT|0.0
P16234|O15120_EAIPTSGLT|0.0
P16234|O15120_AIPTSGLTA|0.0
P16234|O15120_TSGLTAADV|0.0
P16234|O15120_HISKTPQEN|0.307
P16234|O15120_ATAGSGVQP|0.0
P16234|Q9NRZ7_EDRDTVVEG|0.355
P16234|Q9NRZ7_TKGFTTAVK|0.0
P16234|Q9NRZ7_KGFTTAVKC|0.001
P16234|Q9NRZ5_KHEISMQVA|0.0
P16234|Q9NRZ5_RNVVSAVYD|0.383
P16234|Q9NRZ5_VSAVYDCTL|0.304
P16234|Q9NRZ5_SMIRSGSSL|0.0
P16234|Q9NRZ5_IRSGSSLTL|0.0
P16234|Q9NRZ5_RSGSSLTLA|0.0
P16234|Q9NRZ5_IDKGSAYGN|0.056
P16234|Q9NRZ5_KGSAYGNSD|0.216
P16234|Q9NUQ2_WRLLSAFLP|0.383
P16234|Q9NUQ2_VDAGTPMYL|0.472
P16234|Q9NUQ2_VLSASQAFA|0.022
P16234|Q9NUQ2_CMKNYLDAI|0.428
P16234|Q9NUQ2_VTVVYEGKD|0.525
P16234|Q9NUQ2_SIKKTLPSM|0.0
P16234|Q9NUQ2_KTLPSMLIL|0.0
P16234|Q9NUQ2_GMLMTDAGR|0.0
P16234|Q86UL3_LYKPYTNGI|0.472
P16234|Q86UL3_YKPYTNGII|0.339
P16234|Q86UL3_AKRLTEHVQ|0.448
P16234|Q86UL3_VQDKSKLPI|0.0
P16234|Q86UL3_CSVWYLPPM|0.48
P16234|Q86UL3_LPPMTREAD|0.249
P16234|Q643R3_VLGLSRLLF|0.0
P16234|Q643R3_TSRGTSQTP|0.0
P16234|Q643R3_SRGTSQTPN|0.0
P16234|Q643R3_GTSQTPNAS|0.0
P16234|Q6UWP7_NPSWYRWIN|0.43
P16234|Q6UWP7_QKYEYVLHP|0.302
P16234|Q53EU6_NSSKYNMVS|0.0
P16234|Q53EU6_NMVSYLLRM|0.0
P16234|Q53EU6_NGSLS____|0.0
P16234|O00116_QESGTIPKK|0.0
P16234|O00116_MGLPTFKEW|0.0
P16234|O00116_TSKASLNPS|0.001
P16234|O00116_NPSDTPPSV|0.0
P16234|O00116_RTIISLDTS|0.0
P16234|O00116_SLDTSQMNR|0.0
P16234|O00116_KKNIYGNIE|0.0
P16234|O00116_PVPEYQKYG|0.337
P16234|O00116_KESISDVGF|0.0
P16234|O00116_SVKEYVDPN|0.142
P16234|O95994_DTKDSRPKL|0.0
P16234|O95994_LNLVYETTD|0.12
P16234|O95994_LVYETTDKH|0.005
P16234|O95994_VYETTDKHL|0.2
P16234|O95994_DKHLSPDGQ|0.0
P16234|O95994_PDGQYVPRI|0.008
P16234|O95994_TGRYSNRLY|0.019
P16234|O95994_SNRLYAYEP|0.373
P16234|O95994_RLYAYEPAD|0.413
P16234|O95994_EPADTALLL|0.0
P16234|Q8TD06_MMLHSALGL|0.0
P16234|Q8TD06_LVTVSSNLA|0.0
P16234|Q8TD06_AGRYSNRLY|0.386
P16234|O00468_PAPPYLWPA|0.423
P16234|O00468_VCKKSPCPS|0.0
P16234|O00468_SPCPSVVAP|0.0
P16234|O00468_DASTYSNEC|0.273
P16234|O00468_ASTYSNECE|0.031
P16234|O00468_CSFGSTCAR|0.0
P16234|O00468_SFGSTCARS|0.006
P16234|O00468_EADASAPAT|0.0
P16234|O00468_ADPKSELFG|0.0
P16234|O00468_LFGETARSI|0.0
P16234|O00468_ARATTASRL|0.0
P16234|O00468_ALERTFVGA|0.002
P16234|O00468_PGAATRGSG|0.0
P16234|O00468_LGAWTRVSL|0.0
P16234|Q6RW13_DRSAYQTID|0.283
P16234|P21549_VISGSGHCA|0.0
P16234|P21549_GTPLYMDRQ|0.177
P16234|P21549_KKKMYSRKT|0.001
P16234|P21549_QPRMYHHTI|0.034
P16234|P21549_EAAAYLHGR|0.0
P16234|Q9BYV1_MPERYQSLG|0.005
P16234|Q9BYV1_QSLGYNRVL|0.335
P16234|Q9BYV1_TNVGTYKME|0.327
P16234|Q9BYV1_GVVQYPKGF|0.312
P16234|Q9BYV1_QDKISCRPL|0.0
P16234|Q8IUZ5_QRLISSSCR|0.0
P16234|Q8IUZ5_DISPYKFRN|0.027
P16234|O43865_AEKYSFMAT|0.265
P16234|O43865_MATVTKAPK|0.0
P16234|O43865_SQSSTDSYS|0.0
P16234|O43865_SYTDSSDDE|0.0
P16234|O43865_DDEVSPREK|0.0
P16234|O43865_DVVITCTGN|0.0
P16234|O43865_VITCTGNKN|0.087
P16234|O43865_ERVRSQVDH|0.002
P16234|O43865_KQDVYLLPK|0.262
P16234|O43865_FKPNYYRY_|0.617
P16234|Q96HN2____MSVQVV|0.0
P16234|Q96HN2_VPQASAMKR|0.0
P16234|Q96HN2_SPDGTVTEA|0.001
P16234|Q96HN2_EAPRTVKKQ|0.0
P16234|Q96HN2_RRSLSRSIS|0.0
P16234|Q96HN2_SLSRSISQS|0.0
P16234|Q96HN2_SISQSSTDS|0.0
P16234|Q96HN2_AASYTDSSD|0.0
P16234|Q96HN2_SYTDSSDDE|0.0
P16234|Q96HN2_YTDSSDDET|0.228
P16234|Q96HN2_SDDETSPRD|0.0
P16234|Q96HN2_DDETSPRDK|0.0
P16234|Q96HN2_THWIYKKYP|0.448
P16234|Q96HN2_IYKKYPNMF|0.159
P16234|Q96HN2_EESVTGVHR|0.0
P16234|Q96HN2_VHRLYQLSK|0.022
P16234|Q96HN2_NMGHSNTEI|0.0
P16234|Q96HN2_GHSNTEIDV|0.0
P16234|Q96HN2_ERVRSQVDH|0.0
P16234|Q96HN2_KQDVYLLPK|0.117
P16234|Q96HN2_FKPNYYRY_|0.51
P16234|Q96HN2-2_EALVSPDGT|0.0
P16234|Q5TGY3_GGPPTPRPL|0.0
P16234|Q5TGY3_PLLPTRPPA|0.0
P16234|Q5TGY3_RPPASPPDK|0.0
P16234|Q5TGY3_ARPVSQARC|0.0
P16234|Q5TGY3_ARCPTPVGD|0.005
P16234|Q5TGY3_LTRLSQDLQ|0.0
P16234|Q5TGY3_LDLCSPHGP|0.0
P16234|Q5TGY3_ESSQTPVVS|0.0
P16234|Q5TGY3_TPVVSTRKG|0.0
P16234|Q5TGY3_PVVSTRKGK|0.0
P16234|Q5TGY3_RRNKTTYKV|0.255
P16234|Q5TGY3_RNKTTYKVS|0.035
P16234|Q5TGY3_NKTTYKVSS|0.001
P16234|Q5TGY3_SSSLSVEGK|0.0
P16234|Q5TGY3_SKAEYSDVL|0.045
P16234|Q5TGY3_KAEYSDVLA|0.004
P16234|Q5TGY3_AGRCSPPRC|0.0
P16234|Q5TGY3_PRCWTPSEP|0.0
P16234|Q5TGY3_CWTPSEPES|0.0
P16234|Q5TGY3_SARCSFSDF|0.0
P16234|Q5TGY3_LFTGYFRSL|0.332
P16234|Q5TGY3_SRKASGTYA|0.034
P16234|Q5TGY3_GRAASYGLT|0.0
P16234|Q5TGY3_RAAETFPKL|0.0
P16234|Q5TGY3_AMARSPTTH|0.0
P16234|Q5TGY3_DCANSKDCS|0.001
P16234|Q5TGY3_SLPASPSSA|0.0
P16234|Q5TGY3_ASPSSAHSA|0.0
P16234|Q5TGY3_GSAPTPLRC|0.012
P16234|Q5TGY3_SFQPSPENC|0.0
P16234|Q5TGY3_SSLSSLEKL|0.0
P16234|Q5TGY3_AASGYPSKR|0.374
P16234|Q5TGY3_GGACSAKKE|0.0
P16234|Q5TGY3_SGDSSMSPL|0.0
P16234|Q5TGY3_DSSMSPLPS|0.0
P16234|Q5TGY3_AYSPTCSPT|0.006
P16234|Q5TGY3_GQPHYDSPS|0.123
P16234|Q5TGY3_PHYDSPSCK|0.125
P16234|Q5TGY3_TAYWYPPGS|0.344
P16234|Q5TGY3_SAARSPPYE|0.065
P16234|Q5TGY3_DLTLSPVPR|0.0
P16234|Q8N157_LKPETPENK|0.0
P16234|Q8N157_GREETDLEE|0.0
P16234|Q8N157_ISGDTVEGE|0.001
P16234|Q8N157_TSRDSPVYP|0.108
P16234|Q8N157_YYPPTKPRS|0.432
P16234|Q8N157_TKPRSPLSV|0.0
P16234|Q8N157_PSTLYVTVR|0.387
P16234|Q8N157_MREDSAILV|0.0
P16234|Q8N157_GIPISYLEI|0.051
P16234|Q8N157_IPISYLEIH|0.111
P16234|Q8N157_HTKDSTLRI|0.0
P16234|Q8N157_LSFTSPPAV|0.0
P16234|Q8N157_PPAVSSQQS|0.0
P16234|Q8N157_SDELTIHRG|0.0
P16234|Q8N157_SETLYQELP|0.137
P16234|Q8N157_NKNKSQDFR|0.136
P16234|Q8N157_FRLGSESMT|0.0
P16234|Q8N157_SMTHSEMRK|0.0
P16234|Q09666_SHGLTIAQR|0.0
P16234|Q09666_IVGATIYFD|0.003
P16234|Q09666_GATIYFDNL|0.287
P16234|Q09666_REVFSSCSS|0.0
P16234|Q09666_SSCSSEVVL|0.0
P16234|Q09666_DDEEYQRIY|0.263
P16234|Q09666_YQRIYTTKI|0.015
P16234|Q09666_RIYTTKIKP|0.0
P16234|Q09666_DLGETQSRT|0.0
P16234|Q09666_GETQSRTIT|0.0
P16234|Q09666_SRTITVTRR|0.02
P16234|Q09666_TITVTRRVT|0.0
P16234|Q09666_RVTAYTVDV|0.228
P16234|Q09666_VTAYTVDVT|0.026
P16234|Q09666_DIDISSPEF|0.0
P16234|Q09666_RHELTEISN|0.0
P16234|Q09666_LTEISNVDV|0.0
P16234|Q09666_VETQSGKTV|0.0
P16234|Q09666_AGAISASGP|0.0
P16234|Q09666_AISASGPEL|0.0
P16234|Q09666_GAGHSKLQV|0.0
P16234|Q09666_KLQVTMPGI|0.0
P16234|Q09666_AVDISSSLG|0.0
P16234|Q09666_DISSSLGGR|0.0
P16234|Q09666_VQGPSLESG|0.0
P16234|Q09666_IKFPTMKVP|0.214
P16234|Q09666_KFGVSTGRE|0.0
P16234|Q09666_REGQTPKAG|0.0
P16234|Q09666_QIGGSITGP|0.0
P16234|Q09666_VPKFSVSGA|0.0
P16234|Q09666_KFSVSGAKG|0.0
P16234|Q09666_KPKISMQDV|0.0
P16234|Q09666_DIKVSAPGV|0.0
P16234|Q09666_ALKGSRVDI|0.0
P16234|Q09666_PSGKTGTCR|0.0
P16234|Q09666_MKMPTFSTP|0.0
P16234|Q09666_MPTFSTPGA|0.0
P16234|Q09666_DISISGPKV|0.0
P16234|Q09666_LPDMSVKTP|0.0
P16234|Q09666_EYDVTVPKL|0.228
P16234|Q09666_MPKFSVPGF|0.0
P16234|Q09666_DVDISGPKI|0.0
P16234|Q09666_VKGEYDVTM|0.383
P16234|Q09666_EYDVTMPKV|0.0
P16234|Q09666_PKVESEIKV|0.0
P16234|Q09666_VELKSAKMD|0.0
P16234|Q09666_MPKFSMPGF|0.0
P16234|Q09666_DVDISGPKV|0.0
P16234|Q09666_VKGEYDMTV|0.083
P16234|Q09666_EYDMTVPKL|0.002
P16234|Q09666_DVNLSKANV|0.0
P16234|Q09666_NVDISAPKV|0.0
P16234|Q09666_NVDISAPKI|0.0
P16234|Q09666_DVVVSGPKV|0.0
P16234|Q09666_DVDVSVPKV|0.0
P16234|Q09666_DVDVSLPEV|0.0
P16234|Q09666_KVDISAPDV|0.0
P16234|Q09666_DVDVSGPKM|0.0
P16234|Q09666_MPEMSIKPQ|0.0
P16234|Q09666_PQKISIPDV|0.0
P16234|Q09666_MKGDYDVTV|0.327
P16234|Q09666_DYDVTVPKV|0.005
P16234|Q09666_DLGVSGPKV|0.0
P16234|Q09666_FKMPSMNIQ|0.0
P16234|Q09666_MNIQTHKIS|0.0
P16234|Q09666_DMDVSVPKV|0.0
P16234|Q09666_DIDVSGPSV|0.0
P16234|Q09666_VSGPSVDTD|0.0
P16234|Q09666_PSVDTDAPD|0.0
P16234|Q09666_APKVSMPDV|0.0
P16234|Q09666_EIDASVPEL|0.0
P16234|Q09666_DADVSVPKL|0.013
P16234|Q09666_LTGPSVGVE|0.0
P16234|Q09666_LTGPSVDVE|0.0
P16234|Q09666_DVDVSGPKV|0.0
P16234|Q09666_DVDVSAPKL|0.0
P16234|Q09666_HVDVSGPDI|0.0
P16234|Q09666_APNISMPDV|0.0
P16234|Q09666_DVDVSVPEV|0.0
P16234|Q09666_MPKISMPGF|0.0
P16234|Q09666_GKWKSPKFK|0.0
P16234|Q09666_TPKISMPDI|0.0
P16234|Q09666_DVDISLPKV|0.0
P16234|Q09666_DMDVSLPKV|0.0
P16234|Q09666_MPKISMPEI|0.0
P16234|Q09666_NLKGSKLKG|0.0
P16234|Q09666_DVDVSGPKL|0.0
P16234|Q09666_IKAPSLDIK|0.0
P16234|Q09666_IEGKSKKSR|0.0
P16234|Q09666_SKVQTPEVD|0.0
P16234|Q09666_SPKVSMPDV|0.0
P16234|Q09666_MPKFSVSGL|0.0
P16234|Q09666_KFSVSGLKA|0.0
P16234|Q09666_IEGPSMNIE|0.0
P16234|Q09666_DVDISLPKL|0.0
P16234|Q09666_DVVVSLPKV|0.317
P16234|Q09666_NIEGSEGKF|0.0
P16234|Q09666_APKISMPEV|0.0
P16234|Q09666_DVDVTLPKA|0.144
P16234|Q09666_DIEISGPKV|0.0
P16234|Q09666_DMDISVPKL|0.0
P16234|Q09666_DMDISLPKV|0.0
P16234|Q09666_MPEMSIKAP|0.0
P16234|Q09666_DVDVSLPKA|0.0
P16234|Q09666_APKISIPDV|0.0
P16234|Q09666_DFDVSVPKV|0.0
P16234|Q09666_KVEGTLKGP|0.0
P16234|Q09666_SLEISAPKV|0.0
P16234|Q09666_KIGFSGPKL|0.0
P16234|Q09666_TPEISVGGK|0.0
P16234|Q09666_EIDASLKAP|0.0
P16234|Q09666_DVDISVPKI|0.0
P16234|Q09666_AKVKTPSFG|0.0
P16234|Q09666_VKTPSFGIS|0.0
P16234|Q09666_SFGISAPQV|0.0
P16234|Q09666_APQVSIPDV|0.0
P16234|Q09666_GDVPSVGLE|0.0
P16234|Q09666_FPKFSMPKI|0.0
P16234|Q09666_GPDVSLKGP|0.0
P16234|Q09666_VDLPSVNLS|0.0
P16234|Q09666_SVNLSMPKV|0.0
P16234|Q09666_MPKVSGPDL|0.0
P16234|Q09666_LKGPSLKGD|0.0
P16234|Q09666_ASVPSMKVH|0.0
P16234|Q09666_DLAVSGDIK|0.0
P16234|Q09666_QFGISTPGS|0.0
P16234|Q09666_STPGSDLHV|0.0
P16234|Q09666_GPQVSGELK|0.0
P16234|Q09666_KVKGSLGAT|0.0
P16234|Q09666_GIKSSGCDV|0.0
P16234|Q09666_VKLPTGQIS|0.0
P16234|Q09666_APDISVKGP|0.0
P16234|Q09666_GADVSGGVS|0.0
P16234|Q09666_APDISLGEG|0.0
P16234|Q09666_SVKGSGGEW|0.0
P16234|Q09666_PQVSSALNL|0.0
P16234|Q09666_NLDTSKFAG|0.0
P16234|Q09666_GLSVSGPQG|0.0
P16234|Q09666_LESGSGKVT|0.0
P16234|Q09666_SGKVTFPKM|0.0
P16234|Q09666_KFTFSGREL|0.0
P16234|Q09666_KAEASIQAG|0.0
P16234|Q09666_KFNFSKPKG|0.0
P16234|Q09666_SLFKSKKPR|0.0
P16234|Q09666_LGSKSKGHY|0.0
P16234|Q09666_SKGHYEVTG|0.341
P16234|Q09666_ASKKSRLSS|0.0
P16234|Q09666_EVELSVSTK|0.0
P16234|Q09666_ELSVSTKKE|0.0
P16234|Q09666-2_VSVSTPNAG|0.0
P16234|Q8IVF2_PGAETEDDH|0.0
P16234|Q8IVF2_SSPVYEYTT|0.447
P16234|Q8IVF2_WKRDSGDSR|0.0
P16234|Q8IVF2_DSGDSRTFF|0.257
P16234|Q8IVF2_FFRMSRPEA|0.0
P16234|Q8IVF2_VLKDSSAAK|0.0
P16234|Q8IVF2_KILQYSEPY|0.0
P16234|Q8IVF2_GCRETPTKT|0.0
P16234|Q8IVF2_RERLSWPKF|0.0
P16234|Q8IVF2_QSIKSKRGP|0.0
P16234|Q8IVF2_GPQRSHSSS|0.0
P16234|Q8IVF2_RSHSSSEAY|0.0
P16234|Q8IVF2_SHSSSEAYE|0.089
P16234|Q8IVF2_DVSPTSTDT|0.0
P16234|Q8IVF2_VSPTSTDTE|0.0
P16234|Q8IVF2_SPTSTDTEA|0.0
P16234|Q8IVF2_TSTDTEAQL|0.0
P16234|Q8IVF2_AGPGSQRRR|0.0
P16234|Q8IVF2_LRFRTGSGQ|0.0
P16234|Q8IVF2_FRTGSGQGP|0.0
P16234|Q8IVF2_RGFQSGVGR|0.0
P16234|Q8IVF2_PWGDSLEET|0.0
P16234|Q8IVF2_MPAQSMPLP|0.0
P16234|Q8IVF2_MPLPTELGD|0.0
P16234|Q8IVF2_LCEGTPQEG|0.0
P16234|Q8IVF2_LHGKTLEGQ|0.0
P16234|Q8IVF2_TPGMSREGE|0.0
P16234|Q8IVF2_EGLQSLEIG|0.0
P16234|Q8IVF2_IARLSLRDT|0.0
P16234|Q8IVF2_SLRDTTEGG|0.024
P16234|Q8IVF2_KFAFSTEKE|0.0
P16234|Q8IVF2_FAFSTEKEP|0.0
P16234|Q8IVF2_ERRLSTPQR|0.0
P16234|Q8IVF2_RQDASSKAG|0.065
P16234|Q8IVF2_FKIPSLGWS|0.0
P16234|Q8IVF2_GWSPSKHTK|0.0
P16234|Q8IVF2_PSKHTKTGR|0.134
P16234|Q8IVF2_APGKSMEAS|0.185
P16234|Q8IVF2_EADVSLLSM|0.001
P16234|Q8IVF2_PEGASLKGH|0.0
P16234|Q8IVF2_VQRPSLKMP|0.0
P16234|Q8IVF2_EGDLSLADK|0.0
P16234|Q8IVF2_SFGVSAPGK|0.002
P16234|Q8IVF2_APGKSMEDS|0.058
P16234|Q8IVF2_IQPPSADLE|0.0
P16234|Q8IVF2_VEMPSFKMP|0.0
P16234|Q8IVF2_DGEVSLPSM|0.0
P16234|Q8IVF2_DKDVTAKDS|0.001
P16234|Q8IVF2_LVDVSAPKV|0.045
P16234|Q8IVF2_EADLSLPSM|0.0
P16234|Q8IVF2_LSLPSMQGD|0.0
P16234|Q8IVF2_FKMPSFGAS|0.339
P16234|Q8IVF2_APGKSIEAS|0.0
P16234|Q8IVF2_EADVSLPSM|0.0
P16234|Q8IVF2_VQMPSLKMP|0.0
P16234|Q8IVF2_SIEASVDLS|0.0
P16234|Q8IVF2_SVDLSAPKV|0.279
P16234|Q8IVF2_EADMSLPSM|0.0
P16234|Q8IVF2_GDLKTTDLS|0.097
P16234|Q8IVF2_DLKTTDLSI|0.0
P16234|Q8IVF2_TTDLSIQPP|0.014
P16234|Q8IVF2_EEDMSLADK|0.0
P16234|Q8IVF2_VQMPSFKMP|0.0
P16234|Q8IVF2_SVDVSEPKV|0.001
P16234|Q8IVF2_TTDLSIQSP|0.0
P16234|Q8IVF2_LSIQSPSAD|0.0
P16234|Q8IVF2_EAEVSLPSM|0.0
P16234|Q8IVF2_GDLKTTDLC|0.0
P16234|Q8IVF2_DLKTTDLCI|0.0
P16234|Q8IVF2_IPLPSADLV|0.0
P16234|Q8IVF2_VDMPSFKMP|0.0
P16234|Q8IVF2_APGRSIEAS|0.0
P16234|Q8IVF2_IQPPSADLK|0.0
P16234|Q8IVF2_VEMPSLKMP|0.0
P16234|Q8IVF2_VSLPSMEVD|0.0
P16234|Q8IVF2_SVDVSPPKV|0.007
P16234|Q8IVF2_TTDLSIQPL|0.0
P16234|Q8IVF2_IQPLSADVK|0.0
P16234|Q8IVF2_FKMLSFGVS|0.0
P16234|Q8IVF2_ALGKSIEAS|0.0
P16234|Q8IVF2_FKMPSFRVS|0.0
P16234|Q8IVF2_APGESIEAL|0.0
P16234|Q8IVF2_IQPPSAQLE|0.0
P16234|Q8IVF2_APGKSIEVS|0.0
P16234|Q8IVF2_APGKSIEVL|0.0
P16234|Q8IVF2_FKMPSYRAS|0.0
P16234|Q8IVF2_KMPSYRASA|0.009
P16234|Q8IVF2_SIQASVDVS|0.186
P16234|Q8IVF2_SIEASLDVS|0.0
P16234|Q8IVF2_VEMPSLKTP|0.0
P16234|Q8IVF2_TTDLSIQPH|0.0
P16234|Q8IVF2_IQPHSADLT|0.0
P16234|Q8IVF2_SADLTVQAR|0.188
P16234|Q8IVF2_SMEASVDVS|0.0
P16234|Q8IVF2_IQSPSADLE|0.0
P16234|Q8IVF2_KVEVTSPNL|0.0
P16234|Q8IVF2_VEVTSPNLD|0.0
P16234|Q8IVF2_NLDVSLPSM|0.0
P16234|Q8IVF2_SPGKSIEVS|0.0
P16234|Q8IVF2_EGDLSLAHE|0.0
P16234|Q8IVF2_GPKLSTSGF|0.0
P16234|Q8IVF2_KLSTSGFEW|0.0
P16234|Q8IVF2_FHEKTSTFP|0.0
P16234|Q8IVF2_EKTSTFPIV|0.0
P16234|Q8IVF2_VPKVSFSST|0.0
P16234|Q8IVF2_SFSSTKTPK|0.0
P16234|Q8IVF2_SSILSPCED|0.0
P16234|Q8IVF2_TLTKYQVTV|0.311
P16234|Q8IVF2_IKLPSFRWS|0.0
P16234|Q8IVF2_SFRWSPKKE|0.0
P16234|Q8IVF2_KASKSGVSL|0.0
P16234|Q8IVF2_KSGVSLPQR|0.0
P16234|Q8IVF2_EKASSDGGR|0.0
P16234|Q8IVF2_PDLRSSKAK|0.0
P16234|Q8IVF2_KHDLSTEGD|0.0
P16234|Q8IVF2_LTVESPEEE|0.0
P16234|Q8IVF2_FRMPSLRRS|0.0
P16234|Q8IVF2_SLRRSFRDR|0.0
P16234|Q8IVF2_EVAQTQAPA|0.0
P16234|Q8IVF2_KLHLSTAGM|0.036
P16234|Q8IVF2_VPRFSFPAP|0.0
P16234|Q8IVF2_LCKESPGLW|0.0
P16234|Q8IVF2_PRTFSTQIV|0.0
P16234|Q8IVF2_SEIQTPSYG|0.0
P16234|Q8IVF2_IQTPSYGFS|0.0
P16234|Q8IVF2_PEPHTQARV|0.0
P16234|Q8IVF2_QARVYTTMT|0.095
P16234|Q8IVF2_ARVYTTMTQ|0.425
P16234|Q8IVF2_RVYTTMTQH|0.0
P16234|Q8IVF2_MTQHSRTQE|0.0
P16234|Q8IVF2_ESKKSGLLW|0.254
P16234|Q8IVF2_DVQRSAPIQ|0.0
P16234|Q8IVF2_APIQTQPEA|0.0
P16234|Q8IVF2_KLGFSSSPT|0.0
P16234|Q8IVF2_SSSPTKKSK|0.0
P16234|Q8IVF2_PTKKSKSTE|0.0
P16234|Q8IVF2_KKSKSTEDG|0.0
P16234|Q8IVF2_RESFSPEEK|0.0
P16234|Q8IVF2_SAARTELIL|0.0
P16234|P35869_DRLNTELDR|0.0
P16234|P35869_RLSVSYLRA|0.0
P16234|P35869_LSVSYLRAK|0.327
P16234|P35869_LRAKSFFDV|0.046
P16234|P35869_LDNSSGFLA|0.0
P16234|P35869_GKLKYLHGQ|0.424
P16234|P35869_RGSGYQFIH|0.35
P16234|P35869_FRLLTKNNR|0.0
P16234|P35869_FFNESMNEC|0.0
P16234|P35869_NSDLYSIMK|0.282
P16234|A9YTQ3__MPRTMIPP|0.0
P16234|A9YTQ3_RLSVSYLRV|0.019
P16234|A9YTQ3_LSVSYLRVK|0.374
P16234|A9YTQ3_VLLPSAAEM|0.0
P16234|A9YTQ3_SHPPSPSPS|0.0
P16234|A9YTQ3_HGRATAGRS|0.0
P16234|O95433_AMGIYISTL|0.0
P16234|O95433_PALKTEERK|0.0
P16234|O95433_HAPATLEAD|0.249
P16234|O95433_QTFGYGARL|0.092
P16234|Q719I0_MILPTKAMA|0.0
P16234|Q719I0_LFDTTVEQL|0.005
P16234|Q8N205_ALAQSGMVQ|0.0
P16234|Q8N205_DMLESGLGH|0.0
P16234|Q8N205_HQRHSLLRK|0.287
P16234|Q8N205_KRQASPHLQ|0.0
P16234|Q2NL98____MSAPPA|0.0
P16234|Q9GZX7_LDFGYLRNK|0.172
P16234|Q96BJ3_RWGASFRRG|0.0
P16234|Q96BJ3_ADFDSWGQL|0.0
P16234|Q96BJ3_GSPDSFPAR|0.0
P16234|Q96BJ3_RVPGTLLPR|0.0
P16234|Q96BJ3_PRLPSEPGM|0.0
P16234|Q96BJ3_EPGMTLLTI|0.0
P16234|Q96BJ3_MTLLTIRIE|0.0
P16234|Q96BJ3_CIDPYITVS|0.0
P16234|Q96BJ3_VIELYKKPT|0.03
P16234|Q96BJ3_KKPLYLHLH|0.0
P16234|Q7Z6G8_MSCNTRKHT|0.0
P16234|Q7Z6G8_QEDATQETH|0.0
P16234|Q7Z6G8_SETVTGELS|0.0
P16234|Q7Z6G8_SLANSPLPF|0.0
P16234|Q7Z6G8_TIVGTRSTR|0.0
P16234|Q7Z6G8_GRIRSLPKA|0.0
P16234|Q7Z6G8_IAYPSNEKT|0.368
P16234|Q7Z6G8_ERTPSFTSE|0.0
P16234|Q7Z6G8_RILASLGDR|0.0
P16234|Q7Z6G8_WGEPSITLR|0.0
P16234|Q7Z6G8_EPSITLRPP|0.0
P16234|Q7Z6G8_ELRGTESTQ|0.0
P16234|Q7Z6G8_RGTESTQDA|0.0
P16234|Q7Z6G8_GTESTQDAC|0.0
P16234|Q7Z6G8_KKVPTIILS|0.0
P16234|Q7Z6G8-2_SIRKSVQID|0.0
P16234|P55008____MSQTRD|0.0
P16234|P55008_DDPKYSSDE|0.257
P16234|P55008_DPKYSSDED|0.0
P16234|P55008_FKEKYMEFD|0.24
P16234|P55008_IDIMSLKRM|0.0
P16234|P55008_MILMYEEKA|0.386
P16234|Q9BRQ8_PLNEYREYI|0.389
P16234|Q9BRQ8_EYREYIKVQ|0.411
P16234|Q9BRQ8_TFLLSMGRN|0.0
P16234|Q9BRQ8_ISGFYVGRL|0.444
P16234|Q9BRQ8_DLFVSTSWK|0.0
P16234|Q96NN9_SGKGSPRAY|0.055
P16234|Q96NN9_QGNGTARHF|0.038
P16234|Q96NN9_VLKSSKVVR|0.001
P16234|Q96NN9_AVPATGFLR|0.413
P16234|Q96NN9_FLRQSGIGL|0.0
P16234|Q96NN9_IGLDSRGFI|0.092
P16234|Q96NN9_GDAVTFPLA|0.011
P16234|Q96NN9_TGKGS____|0.0
P16234|Q96NN9-2_REVETGDMS|0.0
P16234|Q9NVV5_LTRGSGNQE|0.0
P16234|Q9Y4K1_RRRGSQKST|0.0
P16234|Q9Y4K1_GSQKSTDSP|0.0
P16234|Q9Y4K1_SQKSTDSPG|0.0
P16234|Q9Y4K1_KSTDSPGAD|0.0
P16234|Q9Y4K1_SDNASAEKK|0.0
P16234|Q9Y4K1_GGVASAASP|0.0
P16234|Q9Y4K1_ASPESKPSP|0.0
P16234|Q9Y4K1_PSPGTKGQL|0.002
P16234|Q9Y4K1_PPPASSPTK|0.0
P16234|Q9Y4K1_PPASSPTKR|0.0
P16234|Q9Y4K1_ASSPTKRKG|0.0
P16234|Q9Y4K1_RKGRSRALE|0.0
P16234|Q9Y4K1_APPASGPRA|0.0
P16234|Q9Y4K1_PAKESPPKR|0.0
P16234|Q9Y4K1_VPDPSPVTK|0.0
P16234|Q9Y4K1_PSPVTKGTA|0.0
P16234|Q9Y4K1_LNLKTPKNL|0.0
P16234|Q9Y4K1_EKEDSEAAD|0.0
P16234|Q9Y4K1_EAADSKSLV|0.0
P16234|Q9Y4K1_ADSKSLVLE|0.0
P16234|Q9Y4K1_LENVTDTAQ|0.0
P16234|Q9Y4K1_SDSQSPAES|0.0
P16234|Q9Y4K1_PAESSPGPS|0.0
P16234|Q9Y4K1_LGGETTPPL|0.0
P16234|Q9Y4K1_TPPLSTERS|0.0
P16234|Q9Y4K1_PPLSTERSP|0.0
P16234|Q9Y4K1_STERSPEAV|0.0
P16234|Q9Y4K1_EAVGSECPS|0.0
P16234|Q9Y4K1_VQVRSFVLP|0.0
P16234|Q9Y4K1_LAAKSGPQV|0.0
P16234|Q9Y4K1_IQAQSQGSR|0.0
P16234|Q9Y4K1_KQMDSAVCM|0.0
P16234|Q9Y4K1_RMPNSPAPH|0.0
P16234|Q9Y4K1_KKKESQPEM|0.0
P16234|Q9Y4K1_QPEMSPALH|0.0
P16234|Q9Y4K1_PKRASAEQS|0.0
P16234|Q9Y4K1_GIKRSRLEK|0.0
P16234|Q9Y4K1_RLEKSALFS|0.0
P16234|Q9Y4K1_SALFSSLLS|0.0
P16234|Q9Y4K1_ALFSSLLSS|0.0
P16234|Q9Y4K1_SSLLSSLPQ|0.0
P16234|Q9Y4K1_SLLSSLPQD|0.0
P16234|Q9Y4K1_VSQPTTEGA|0.0
P16234|Q9Y4K1_SQPTTEGAP|0.0
P16234|Q9Y4K1_LPDNSLKVF|0.0
P16234|Q9Y4K1_SSLKSPSHM|0.0
P16234|Q9Y4K1_LKSPSHMEK|0.0
P16234|Q9Y4K1_HMEKYPQKE|0.176
P16234|Q9Y4K1_NCANSDTDF|0.0
P16234|Q9Y4K1_KSSRYDPSI|0.0
P16234|Q9Y4K1_DPSISFSGM|0.0
P16234|Q9Y4K1_SLSDTMTLR|0.0
P16234|Q9Y4K1_SDTMTLRGS|0.0
P16234|Q9Y4K1_TLRGSVQNK|0.262
P16234|Q9Y4K1_KVVIYSEPD|0.0
P16234|Q9Y4K1_VVIYSEPDV|0.0
P16234|Q9Y4K1_EPDVSEKCI|0.0
P16234|Q9Y4K1_EEAESDKPV|0.0
P16234|Q9Y4K1_VPNWYEFSG|0.0
P16234|Q8N1P7_ARVVSATLT|0.0
P16234|Q8N1P7_VSLVSGAQM|0.0
P16234|Q8N1P7_AVDQSDGSR|0.0
P16234|Q8N1P7_PREPSPHPG|0.0
P16234|Q8N1P7_TVRTTTVVG|0.0
P16234|Q8N1P7_VRTTTVVGG|0.0
P16234|Q8N1P7_RRMSSSVTV|0.0
P16234|Q8N1P7_SSSVTVRPV|0.0
P16234|Q8N1P7_VVVGSPPGS|0.0
P16234|Q8N1P7_SPPGSPSRS|0.0
P16234|Q8N1P7_PAGHSPPAS|0.0
P16234|Q8N1P7_LPLQTSQGQ|0.0
P16234|Q8N1P7_THVPSPGLT|0.0
P16234|Q8N1P7_KDVPSPGGL|0.0
P16234|Q8N1P7_PGGLSAPSS|0.0
P16234|Q8N1P7_SAPSSPRNK|0.0
P16234|Q8N1P7_VSDPTEGKT|0.0
P16234|Q8N1P7_TEGKTCTET|0.0
P16234|Q8N1P7_KAGPSPSRD|0.0
P16234|Q8N1P7_RLGGSLLFG|0.0
P16234|Q8N1P7_NHVLSVRIK|0.0
P16234|O14862_PKINTLQTQ|0.0
P16234|O14862_NTLQTQPLG|0.0
P16234|O14862_QPLGTIVNG|0.095
P16234|O14862_SGVHSTIKV|0.0
P16234|Q9UKT9_IGDDSMKVK|0.0
P16234|Q9UKT9_KDEYSERDE|0.0
P16234|Q9UKT9_NVLKSEPMG|0.0
P16234|Q9UKT9_PYSYSREYN|0.263
P16234|Q9UKT9_EYNEYENIK|0.592
P16234|Q9UKT9_SRPTSGKMN|0.0
P16234|Q9UKT9_KRSHTGERP|0.014
P16234|Q9UKT9_DRLASNVAK|0.042
P16234|Q9UKT9_FDVNYNSSY|0.351
P16234|Q9UKT9_YNSSYMYEK|0.405
P16234|Q9UKT9_RAEMSNGAP|0.0
P16234|Q9UKT9-15_VHKRSHTVE|0.0
P16234|Q9UKT9-15_KRSHTVEKP|0.014
P16234|Q9UKT9-15_VEKPYKCEF|0.248
P16234|Q9UKT9-5_KRSHTASAE|0.0
P16234|O00170_VLDDSRARG|0.0
P16234|O00170_TIVCTMREG|0.002
P16234|O00170_LVAKSLRNI|0.0
P16234|O00170_MREHSSLGH|0.0
P16234|O00170_REHSSLGHA|0.0
P16234|O00170_LKVESPGTY|0.013
P16234|O00170_SPGTYQQDP|0.358
P16234|O00170_PWAMTDEEK|0.0
P16234|O00170_AAKYYDAIA|0.204
P16234|O00170_VVEEYYEVL|0.221
P16234|O00170_RGIFSH___|0.0
P16234|Q86UL8_DDPIYGTYY|0.379
P16234|Q86UL8_IYGTYYVDH|0.37
P16234|Q86UL8_YGTYYVDHI|0.405
P16234|Q86UL8_NYETYLEYI|0.326
P16234|Q86UL8_TIADSPTGQ|0.058
P16234|Q86UL8_IGSETSLII|0.0
P16234|Q86UL8_GSETSLIIH|0.0
P16234|Q86UL8_LHRSSFPDS|0.0
P16234|Q86UL8_EELNSPTSA|0.0
P16234|Q86UL8_PGGDYQQPP|0.388
P16234|Q86UL8_GFGFSIRGG|0.0
P16234|Q86UL8_TRDMTHARA|0.048
P16234|Q86UL8_GGGGSGALE|0.0
P16234|O43918_PAALTPRGT|0.0
P16234|O43918_NGIQTMSAS|0.0
P16234|O43918_TMSASVQRA|0.0
P16234|Q9UKB5_LLPRSPPRP|0.0
P16234|Q9UKB5_KSSPSLASS|0.0
P16234|Q9UKB5_QTRKTTVAA|0.0
P16234|Q9UKB5_ATPMTLQTK|0.0
P16234|C9J069_LLVSTVYQD|0.114
P16234|C9J069_IKVATPGPA|0.0
P16234|C9J069_PCERSVARP|0.0
P16234|C9J069_PPGLTPAPA|0.0
P16234|C9J069_PAPASPPVL|0.0
P16234|C9J069_RPYPSEELS|0.155
P16234|C9J069_RMGGYYAGE|0.421
P16234|C9J069_HYSRSWDNI|0.048
P16234|C9J069_GRGRSYENL|0.009
P16234|C9J069_GRQRSLEQL|0.0
P16234|C9J069_VGPGTAPPG|0.004
P16234|C9J069_APPGTPALP|0.0
P16234|C9J069_LAAGSPARP|0.0
P16234|C9J069_RFTPTTIYP|0.441
P16234|P00568_GGPGSGKGT|0.0
P16234|P00568_KYGYTHLST|0.062
P16234|P00568_VPLETVLDM|0.0
P16234|P00568_DNEETIKKR|0.0
P16234|P00568_NAEGSVDSV|0.0
P16234|P00568_GSVDSVFSQ|0.0
P16234|P54819_AEPEYPKGI|0.002
P16234|P54819_CHLATGDML|0.002
P16234|P54819_GKLVSDEMV|0.0
P16234|P54819_KNLETPLCK|0.432
P16234|P54819_IHPKSGRSY|0.194
P16234|P54819_KSGRSYHEE|0.005
P16234|P54819_SGRSYHEEF|0.093
P16234|P54819_LIRRSDDNE|0.0
P16234|P54819_RLQAYHTQT|0.222
P16234|P54819_QAYHTQTTP|0.393
P16234|P54819_YHTQTTPLI|0.0
P16234|P54819_PLIEYYRKR|0.427
P16234|P54819_LIEYYRKRG|0.241
P16234|P54819_AIDASQTPD|0.038
P16234|Q9UIJ7__MGASARLL|0.0
P16234|Q9UIJ7_LKHLSSGDL|0.0
P16234|Q9UIJ7_NLTQYSWLL|0.102
P16234|Q9UIJ7_SGRVYNIEF|0.23
P16234|Q9UIJ7_NPPKTVGID|0.001
P16234|Q9UIJ7_IDDLTGEPL|0.001
P16234|Q9UIJ7_PVLEYYQKK|0.43
P16234|Q9UIJ7_LETFSGTET|0.0
P16234|Q9UIJ7_KIWPYVYAF|0.298
P16234|Q9UIJ7_WPYVYAFLQ|0.488
P16234|P27144_RLMMSELEN|0.0
P16234|P27144_GFPRTLGQA|0.387
P16234|P27144_KIWPYVYTL|0.309
P16234|P27144_TPIQSKEAY|0.416
P16234|Q9Y6K8_DPVEYLESC|0.0
P16234|Q9Y6K8_SNFPYRRYD|0.241
P16234|Q9Y6K8_IHQFSIESD|0.0
P16234|Q9Y6K8_FSIESDTDL|0.0
P16234|Q9Y6K8_GGPGSGKGT|0.0
P16234|Q9Y6K8_NRKWSLIAK|0.001
P16234|Q9Y6K8_RLEAYYRAS|0.014
P16234|Q9Y6K8_LEAYYRASI|0.017
P16234|Q9Y6K8_VIAYYETKT|0.181
P16234|Q9Y3D8_EEQLYDGYD|0.002
P16234|Q9Y3D8_YDEEYDCPI|0.259
P16234|Q9Y3D8_TNVLYERLE|0.0
P16234|Q9Y3D8_KDHNS____|0.0
P16234|Q9Y3D8-2_RKPGTPGVG|0.0
P16234|Q96M32_VETYSAISR|0.0
P16234|Q96M32_FILLSTVMT|0.0
P16234|Q96M32_STVMTWARS|0.011
P16234|Q96M32_TWARSKALD|0.001
P16234|Q96M32_RENAYLTKD|0.185
P16234|Q96M32_TKDLTQDCL|0.0
P16234|Q96M32_ELANYYKLH|0.287
P16234|Q96M32_LANYYKLHH|0.377
P16234|Q96MA6_ARRLYLQRK|0.405
P16234|Q96MA6_IDPQTGEIY|0.0
P16234|Q96MA6_IYHTTFDWP|0.0
P16234|Q92667_PKVVSTPPS|0.0
P16234|Q92667_STPPSVTEP|0.0
P16234|Q92667_RRDDSTKLE|0.0
P16234|Q92667_GEAKSIPLE|0.0
P16234|Q92667_ECPLSSPKG|0.0
P16234|Q92667_GVLFSSKSA|0.0
P16234|Q92667_VLFSSKSAE|0.0
P16234|Q92667_FSSKSAEVC|0.0
P16234|Q92667_ELENSKGPS|0.0
P16234|Q92667_SKGPSLASL|0.001
P16234|Q92667_PSLASLEGE|0.0
P16234|Q92667_RFIESAHTE|0.0
P16234|Q92667_GNEESLDRN|0.0
P16234|Q92667_RNEESLDRN|0.0
P16234|Q92667_KSLLSSPTK|0.0
P16234|Q92667_SDRNSMDSV|0.0
P16234|Q92667_NSMDSVDSC|0.003
P16234|Q92667_DSVDSCCSL|0.0
P16234|Q92667_DSCCSLKKT|0.0
P16234|Q92667_AQAGSNPKK|0.0
P16234|Q92667_VDSYYTSL_|0.146
P16234|Q92667_SYYTSL___|0.373
P16234|O43572_GAGPSPRQS|0.0
P16234|O43572_SPRQSPRTL|0.0
P16234|O43572_GPAMSFFRR|0.0
P16234|O43572_SIKASISVH|0.0
P16234|O43572_SPQKSTKNH|0.0
P16234|O43572_SRTATLKKQ|0.0
P16234|O43572_KKQPSHMEA|0.0
P16234|O43572_SCLDYQTQE|0.005
P16234|O43572_IRAHSLNTV|0.0
P16234|O43572_ETTASFLTD|0.0
P16234|O43572_FLTDSLDKR|0.0
P16234|O43572_LNNRTNSTQ|0.0
P16234|O43572_HLLLSQECD|0.0
P16234|O43572_THQVSMETQ|0.0
P16234|O43572_ETQESSSTL|0.0
P16234|O43572_QESSSTLTV|0.0
P16234|O43572_SSTLTVASR|0.17
P16234|O43572_ASRNSPASP|0.0
P16234|O43572_KLMKSIEQD|0.0
P16234|O43572_LYDKYFSLQ|0.0
P16234|O43572_SLQATHPLG|0.0
P16234|Q9UKA4_KTKASVRKS|0.0
P16234|Q9UKA4_RKSFSEDVF|0.351
P16234|Q9UKA4_QSVKSLLQS|0.0
P16234|Q9UKA4_VMRVSPTSP|0.0
P16234|Q9UKA4_VSPTSPRLR|0.0
P16234|Q9UKA4_SKYATGIRY|0.22
P16234|Q9UKA4_ILISSGQQK|0.0
P16234|Q9UKA4_AKPSTSSVN|0.0
P16234|Q9UKA4_TTSISEPWT|0.0
P16234|Q9UKA4_FYRSSNASD|0.087
P16234|Q9UKA4_SSNASDKDS|0.0
P16234|Q9UKA4_GYQKSLKAK|0.291
P16234|Q9UKA4_PESPYGNLC|0.462
P16234|Q9UKA4_PVKASREDS|0.0
P16234|Q9UKA4_SSAFSPLGG|0.0
P16234|Q9UKA4_HDSVYYTYE|0.514
P16234|Q9UKA4_EVLGSVLRT|0.0
P16234|Q9UKA4_QRAFSLKER|0.0
P16234|Q9UKA4_ERAISGLAN|0.138
P16234|Q9UKA4_NFLVSEALS|0.0
P16234|Q9UKA4_QTPASPQCG|0.0
P16234|Q9UKA4_DDSNSNGDS|0.117
P16234|Q9UKA4_TPPFSHCDQ|0.051
P16234|Q9UKA4_RLSKSIIKH|0.0
P16234|Q9UKA4_TPEKSPKFP|0.0
P16234|Q9UKA4_ECKVSMVHG|0.0
P16234|Q9UKA4_MVHGSSLET|0.0
P16234|Q9UKA4_VHGSSLETL|0.0
P16234|Q9UKA4_PLVPSRASS|0.0
P16234|Q9UKA4_SRASSEWDI|0.071
P16234|Q9UKA4_EEVESSESG|0.0
P16234|Q9UKA4_EALATHILS|0.0
P16234|Q9UKA4_SVSPTFLNP|0.041
P16234|Q9UKA4_QKKNSCYAD|0.366
P16234|Q9UKA4_KNSCYADGD|0.415
P16234|Q9UKA4_GDEDYKVEE|0.5
P16234|Q9UKA4_CESVTDEYA|0.4
P16234|Q9UKA4_EGGNSELIM|0.0
P16234|Q9UKA4_IMDQYANRL|0.407
P16234|Q9UKA4_VSQLYSFST|0.119
P16234|Q9UKA4_ELTASLVGL|0.0
P16234|Q9UKA4_SLTDSCLFE|0.107
P16234|Q9UKA4_LFEKSGYEE|0.0
P16234|Q9UKA4_ECHVTPELP|0.0
P16234|Q9UKA4_RFYHSTGSL|0.0
P16234|Q9UKA4_FYHSTGSLN|0.001
P16234|Q9UKA4_HSTGSLNGY|0.305
P16234|Q9UKA4_SLNGYGCGD|0.188
P16234|Q9UKA4_LSPLTGQAC|0.0
P16234|Q9UKA4_SKPASNPKF|0.096
P16234|Q9UKA4_IFHLSVPQI|0.0
P16234|Q9UKA4_TGSWSNLSF|0.0
P16234|Q02952_AGSSTEQRS|0.0
P16234|Q02952_PEGSSTPAE|0.0
P16234|Q02952_GFKFTVKKD|0.0
P16234|Q02952_EPKQSTEKP|0.0
P16234|Q02952_PKQSTEKPE|0.0
P16234|Q02952_KREQSHAEI|0.0
P16234|Q02952_SPVTSETGS|0.0
P16234|Q02952_SETGSTFKK|0.0
P16234|Q02952_AEVASEKLT|0.0
P16234|Q02952_KLTASEQAH|0.0
P16234|Q02952_EPAESAHEP|0.0
P16234|Q02952_EEQVSGSQG|0.0
P16234|Q02952_SQGPSEEKP|0.0
P16234|Q02952_ETAGSVPAE|0.0
P16234|Q02952_KLKETCVSG|0.0
P16234|Q02952_ETCVSGEDP|0.0
P16234|Q02952_GEDPTQGAD|0.009
P16234|Q02952_KKLFTSTGL|0.0
P16234|Q02952_KLFTSTGLK|0.0
P16234|Q02952_LKKLSGKKQ|0.0
P16234|Q02952_GDEESGEHT|0.0
P16234|Q02952_EEGATSDGE|0.0
P16234|Q02952_EMKGSVEEP|0.0
P16234|Q02952_ICVGSSKKR|0.0
P16234|Q02952_EQAGSPTEG|0.0
P16234|Q02952_LEEKSEDSI|0.0
P16234|Q02952_KSEDSIAGS|0.0
P16234|Q02952_SIAGSGVEH|0.0
P16234|Q02952_GVEHSTPDT|0.0
P16234|Q02952_VEHSTPDTE|0.0
P16234|Q02952_STPDTEPGK|0.0
P16234|Q02952_GKEESWVSI|0.0
P16234|Q02952_ESWVSIKKF|0.0
P16234|Q02952_NEDDSDVPA|0.0
P16234|Q02952_PLSEYDAVE|0.054
P16234|Q02952_QAQKSAEQP|0.0
P16234|Q02952_ATEVSKELS|0.0
P16234|Q02952_EAELTPEAV|0.0
P16234|Q02952_QLTDSPDTT|0.0
P16234|Q02952_SPDTTEEAT|0.16
P16234|Q02952_QERRTQEVL|0.0
P16234|Q02952_VKEESQLPG|0.0
P16234|Q02952_APQVTESIE|0.0
P16234|Q02952_PAPSSFVFQ|0.0
P16234|Q02952_KMEDTLEHT|0.0
P16234|Q02952_TLEHTDKEV|0.0
P16234|Q02952_DKEVSVETV|0.001
P16234|Q02952_VETVSILSK|0.0
P16234|Q02952_VSILSKTEG|0.0
P16234|Q02952_EADQYADEK|0.231
P16234|Q02952_GLEGSIDTG|0.001
P16234|Q02952_LELQSHAKS|0.0
P16234|Q02952_QVQSSEASF|0.0
P16234|Q02952_QAKSTPVIV|0.0
P16234|Q02952_KKGLSSDLE|0.0
P16234|Q02952_KGLSSDLEG|0.0
P16234|Q02952_LKWKSDEVD|0.06
P16234|Q02952_QFVRTEETA|0.0
P16234|Q02952_AGQETEKEG|0.0
P16234|Q02952_GQAHSDISK|0.001
P16234|Q02952_HSDISKDMS|0.0
P16234|Q02952_SKDMSEASE|0.0
P16234|Q02952_VVLPSEEEG|0.0
P16234|Q02952_AGTKSVPED|0.0
P16234|Q02952_RIEKSLVEP|0.0
P16234|Q02952_ENQNSALAD|0.262
P16234|Q02952_ALADTDASG|0.0
P16234|Q02952_DTDASGGLT|0.0
P16234|Q02952_SGGLTKESP|0.0
P16234|Q02952_LTKESPDTN|0.0
P16234|Q02952_QERESAKSE|0.0
P16234|Q02952_ESAKSELTE|0.0
P16234|Q12802_LLRLTWFLL|0.0
P16234|Q12802_GDGCTGPIF|0.0
P16234|Q12802_CCPGSPVAQ|0.0
P16234|Q12802_SDQDSCLQS|0.0
P16234|Q12802_TDQESLSSG|0.0
P16234|Q12802_VDQNSVVIP|0.0
P16234|Q12802_GLEPYTLLA|0.0
P16234|Q12802_KGKSSPICS|0.0
P16234|Q12802_ICSTTGDDK|0.0
P16234|Q12802_DNIVSESES|0.0
P16234|Q12802_SESESTTAR|0.0
P16234|Q12802_ESESTTARQ|0.0
P16234|Q12802_SESTTARQP|0.0
P16234|Q12802_DSTFSLANS|0.002
P16234|Q12802_PGSESVTKD|0.0
P16234|Q12802_KEKGTATPE|0.0
P16234|Q12802_LHTATDYRD|0.078
P16234|Q12802_LLVVSESSA|0.0
P16234|Q12802_VVSESSAAQ|0.0
P16234|Q12802_VSESSAAQE|0.0
P16234|Q12802_LSSGTLQEE|0.0
P16234|Q12802_EEQRTPPPG|0.0
P16234|Q12802_FHEKSISAD|0.0
P16234|Q12802_SPGASSAFL|0.0
P16234|Q12802_PGASSAFLK|0.0
P16234|Q12802_ISHNTQDIL|0.0
P16234|Q12802_NVLLSQEKN|0.0
P16234|Q12802_QGVGTPEMI|0.0
P16234|Q12802_GRERSTPSL|0.0
P16234|Q12802_RERSTPSLP|0.0
P16234|Q12802_RSTPSLPCM|0.0
P16234|Q12802_GALLTEGEA|0.0
P16234|Q12802_HMSLSSPEL|0.0
P16234|Q12802_MSLSSPELG|0.029
P16234|Q12802_QGPMTQAIN|0.0
P16234|Q12802_LDGFYSHGM|0.0
P16234|Q12802_SSMRSLSPF|0.0
P16234|Q12802_LEGLTGGAG|0.0
P16234|Q12802_NKPSSSLEV|0.0
P16234|Q12802_QGFNYCTSA|0.321
P16234|Q12802_NYCTSAISS|0.0
P16234|Q12802_SAISSPLTK|0.0
P16234|Q12802_TKSISLMTI|0.0
P16234|Q12802_FLPHSPSKK|0.0
P16234|Q12802_GTKVSRTFS|0.0
P16234|Q12802_ESLASCAKV|0.0
P16234|Q12802_QPKGSLQAH|0.0
P16234|Q12802_HDTSSLPTV|0.0
P16234|Q12802_ETATTPIFA|0.0
P16234|Q12802_RSQQSVSLS|0.0
P16234|Q12802_QQSVSLSKS|0.0
P16234|Q12802_SVSLSKSVS|0.0
P16234|Q12802_SLSKSVSIQ|0.0
P16234|Q12802_SKSVSIQNI|0.0
P16234|Q12802_WKFLSHSTD|0.0
P16234|Q12802_LNKISKVNE|0.0
P16234|Q12802_KVNESTESL|0.0
P16234|Q12802_ESTESLTDE|0.0
P16234|Q12802_AESWSRIID|0.0
P16234|Q12802_FKDLYAKDK|0.0
P16234|Q12802_LNEIYTKTD|0.0
P16234|Q12802_VRDGSVFLK|0.0
P16234|Q12802_KDQKYIFAS|0.0
P16234|Q12802_YIFASLDQK|0.0
P16234|Q12802_LDQKSTVIS|0.0
P16234|Q12802_DQKSTVISL|0.0
P16234|Q12802_MAECSTPLP|0.0
P16234|Q12802_AECSTPLPE|0.0
P16234|Q12802_VLFRSNTEE|0.0
P16234|Q12802_FRSNTEEAL|0.0
P16234|Q12802_VGPVSLPRR|0.0
P16234|Q12802_QMNASKGGE|0.0
P16234|Q12802_RRTESDSGL|0.0
P16234|Q12802_LSRPSSLIE|0.0
P16234|Q12802_MRIPSFFPS|0.0
P16234|Q12802_PPSPSAPSI|0.0
P16234|Q12802_PSAPSIAKS|0.0
P16234|Q12802_SIAKSGSLD|0.0
P16234|Q12802_AKSGSLDSE|0.0
P16234|Q12802_GSLDSELSV|0.0
P16234|Q12802_DSELSVSPK|0.0
P16234|Q12802_HILSSTSQT|0.0
P16234|Q12802_DGPASEVSA|0.0
P16234|Q12802_ASEVSAEGE|0.0
P16234|Q12802-2_MNHRSMSWC|0.0
P16234|Q12802-2_HRSMSWCPS|0.0
P16234|Q12802-2_SWCPSGVQY|0.002
P16234|Q12802-4_TESLTDEGT|0.0
P16234|Q86UN6____MSETQN|0.0
P16234|Q86UN6__MSETQNST|0.0
P16234|Q86UN6_ETQNSTSQK|0.0
P16234|Q86UN6_QNSTSQKAM|0.0
P16234|Q86UN6_DAKYSFMES|0.0
P16234|Q9Y2D5_RRRQSEEDE|0.0
P16234|Q9Y2D5_KLKETEKSF|0.0
P16234|Q9Y2D5_ETEKSFKDF|0.0
P16234|Q9Y2D5_DAVNYISSQ|0.0
P16234|Q9Y2D5_TAEPSPGQD|0.0
P16234|Q9Y2D5_PPQLSEDDI|0.0
P16234|Q9Y2D5_EGDNYSATL|0.0
P16234|Q9Y2D5_RMDDSSYTS|0.0
P16234|Q9Y2D5_MDDSSYTSK|0.0
P16234|Q9Y2D5-3_MDHPSAFYS|0.0
P16234|Q9Y2D5-3_PSAFYSPPH|0.297
P16234|Q9Y2D5-3_SAFYSPPHN|0.0
P16234|Q9Y2D5-3_DHHESLDND|0.0
P16234|Q9Y2D5-3_VGGLSPPVH|0.0
P16234|Q9Y2D5-3_HIELSNSSP|0.0
P16234|Q9Y2D5-3_LSNSSPDPM|0.0
P16234|Q9Y2D5-3_TNGHSPSQP|0.0
P16234|Q9Y2D5-3_GHSPSQPRD|0.0
P16234|Q9Y2D5-3_ALGDSLQVP|0.0
P16234|Q9Y2D5-3_QVPVSPSST|0.0
P16234|Q9Y2D5-3_PVSPSSTTS|0.0
P16234|Q9Y2D5-3_VSPSSTTSS|0.0
P16234|Q9Y2D5-3_PSSTTSSRC|0.0
P16234|Q9Y2D5-3_SSTTSSRCS|0.0
P16234|Q9Y2D5-3_STTSSRCSS|0.022
P16234|Q9Y2D5-3_DGEFTLTTL|0.0
P16234|Q9Y2D5-3_FTLTTLKKE|0.0
P16234|Q9Y2D5-3_EKEQYCIRK|0.0
P16234|Q9Y2D5-3_KVRPSEEML|0.0
P16234|Q9Y2D5-3_QIDFSAARK|0.0
P16234|Q9Y2D5-3_IKPFYRPLG|0.0
P16234|Q9Y2D5-3_RPLGSVNSD|0.0
P16234|Q9Y2D5-3_GSVNSDKPL|0.0
P16234|Q9Y2D5-3_PRPPSVGGP|0.0
P16234|Q9Y2D5-3_PPEDSGASA|0.0
P16234|Q9Y2D5-3_KGQKSPGAL|0.0
P16234|Q9Y2D5-3_GALETPSAA|0.0
P16234|Q9Y2D5-3_LETPSAAGS|0.0
P16234|Q9Y2D5-3_SAAGSQGNT|0.0
P16234|Q9Y2D5-3_SQGNTASQG|0.0
P16234|Q9Y2D5-3_GNTASQGKE|0.0
P16234|Q9Y2D5-3_KEGPYSEPS|0.0
P16234|Q9Y2D5-3_EGPYSEPSK|0.0
P16234|Q9Y2D5-3_YSEPSKRGP|0.0
P16234|Q9Y2D5-3_QFSRSVNVS|0.0
P16234|Q9Y2D5-3_SVNVSLTQE|0.0
P16234|Q9Y2D5-3_NVSLTQEEL|0.0
P16234|Q9Y2D5-3_EELDSGLDE|0.0
P16234|Q9Y2D5-3_LDELSVRSQ|0.0
P16234|Q9Y2D5-3_MDNISDSGA|0.0
P16234|Q9Y2D5-3_LQENSLADF|0.0
P16234|Q9Y2D5-3_LADFSLPQT|0.0
P16234|Q9Y2D5-3_SLPQTPQTD|0.0
P16234|Q9Y2D5-3_DHGFYSPSS|0.0
P16234|Q9Y2D5-3_DPLEYQAGL|0.0
P16234|Q9Y2D5-3_EKPQSMFEP|0.0
P16234|Q9Y2D5-3_PPQVSSPVQ|0.0
P16234|Q9Y2D5-3_PQVSSPVQE|0.0
P16234|Q9Y2D5-3_PEGSYFSKY|0.0
P16234|Q9Y2D5-3_YFSKYSEAA|0.0
P16234|Q9Y2D5-3_RKQRTLSMI|0.0
P16234|Q9Y2D5-3_QRTLSMIEE|0.0
P16234|Q9Y2D5-3_QVLQSTQSP|0.0
P16234|Q9Y2D5-3_VLQSTQSPR|0.0
P16234|Q9Y2D5-3_QSTQSPRTK|0.0
P16234|Q9Y2D5-3_KNAPSLPSR|0.0
P16234|Q9Y2D5-3_SRTCYKTAP|0.001
P16234|Q9Y2D5-3_TCYKTAPGK|0.0
P16234|Q9Y2D5-3_KPPPSPTTE|0.0
P16234|Q9Y2D5-3_PPSPTTEGP|0.0
P16234|Q9Y2D5-3_PSPTTEGPS|0.0
P16234|Q9Y2D5-3_TEGPSLQPD|0.0
P16234|Q9Y2D5-3_EAAGTQRPK|0.0
P16234|Q9Y2D5-3_LMEDYETHK|0.0
P16234|Q9Y2D5-3_EDYETHKSK|0.0
P16234|Q9Y2D5-3_ETHKSKRRE|0.001
P16234|Q9Y2D5-3_NRRKSALAL|0.0
P16234|Q9Y2D5-3_EAGIYANQE|0.0
P16234|Q9Y2D5-8_TAEPSPGQD|0.0
P16234|Q9Y2D5-8_AAAVYAMEI|0.0
P16234|Q9Y2D5-9_RRRQSEEDE|0.0
P16234|Q9Y2D5-9_KLKETEKSF|0.0
P16234|Q9Y2D5-9_ETEKSFKDF|0.0
P16234|Q9Y2D5-9_GVKVYDDGT|0.384
P16234|Q9Y2D5-9_TKVVYEVRS|0.118
P16234|Q9Y2D5-9_VHKLSTKDV|0.0
P16234|Q9Y2D5-9_HKLSTKDVE|0.006
P16234|Q9Y2D5-9_IADGSLSHP|0.0
P16234|Q9Y2D5-9_DGSLSHPKE|0.0
P16234|Q9Y2D5-9_KVLGYDETI|0.123
P16234|Q9Y2D5-9_DDEKSLREK|0.0
P16234|Q9Y2D5-9_GRPVSDTTE|0.001
P16234|Q9Y2D5-9_PVSDTTEPS|0.0
P16234|Q9Y2D5-9_VSDTTEPSS|0.0
P16234|Q9Y2D5-9_TEPSSPEGK|0.0
P16234|Q9Y2D5-9_GKEESLATE|0.0
P16234|Q9Y2D5-9_ESLATEPAP|0.0
P16234|O75969_WKMDTSTDP|0.0
P16234|O75969_KMDTSTDPV|0.0
P16234|O75969_MDTSTDPVR|0.041
P16234|O75969_VRVLSWLRR|0.004
P16234|O75969_HFEMTHKEI|0.0
P16234|O75969_VSGSSQSPP|0.428
P16234|O75969_PNLKYKSTL|0.326
P16234|O75969_MKSETKLRE|0.0
P16234|O75969_SEPKSEEET|0.0
P16234|O75969_KRDQSPEPK|0.179
P16234|Q5JQC9_EDKDYKDAA|0.255
P16234|Q5JQC9_CLHHSICPS|0.0
P16234|Q5JQC9_EMRGTGEES|0.0
P16234|Q5JQC9_YSELSNKSK|0.0
P16234|Q5JQC9_DKQMSQRES|0.0
P16234|Q5JQC9_GLMVYANQV|0.298
P16234|Q5JQC9_CRNQSLEFS|0.085
P16234|Q5JQC9_GKMKSDPCK|0.0
P16234|Q5JQC9_DPCKSLTSA|0.0
P16234|Q5JQC9_CKSLTSAEK|0.0
P16234|Q5JQC9_KGKDTCEED|0.105
P16234|Q5JQC9_DCPGSTMGY|0.118
P16234|Q5JQC9_CPGSTMGYM|0.0
P16234|Q5JQC9_IMAKYSNDG|0.004
P16234|Q5JQC9_VPMLYFMGD|0.208
P16234|P24588_DEKRSAEGS|0.0
P16234|P24588_SAEGSPGAE|0.0
P16234|P24588_PKAGSEAAD|0.0
P16234|P24588_EAGASDQPE|0.0
P16234|P24588_GAWASLKRL|0.0
P16234|P24588_RSESSKQQK|0.0
P16234|P24588_IIEDSDCSI|0.0
P16234|P24588_DSDCSIKVQ|0.0
P16234|P24588_TKAKSTQDL|0.0
P16234|P24588_KAKSTQDLS|0.0
P16234|P24588_TSEQYETLL|0.133
P16234|P24588_LLIETASSL|0.0
P16234|P24588_ETASSLVKN|0.0
P16234|Q13023_KPEMSRSTP|0.0
P16234|Q13023_AASQSYECL|0.0
P16234|Q13023_EISSSLGRL|0.0
P16234|Q13023_LENLTKLLP|0.0
P16234|Q13023_LYKRYSVEM|0.0
P16234|Q13023_YKRYSVEMS|0.0
P16234|Q13023_SVEMSIRHL|0.0
P16234|Q13023_LLGKTLGEK|0.0
P16234|Q13023_KIQDTMAGH|0.0
P16234|Q13023_HSGSSPRDL|0.0
P16234|Q13023_RDLLSPESG|0.0
P16234|Q13023_LSPESGSLV|0.0
P16234|Q13023_TKSLSKDSS|0.0
P16234|Q13023_SFSSTKSLP|0.0
P16234|Q13023_SSTKSLPDL|0.0
P16234|Q13023_YDYSYLQGS|0.183
P16234|Q13023_LASASHEMD|0.0
P16234|Q13023_MDRISYKSG|0.0
P16234|Q13023_QRSTSLESW|0.0
P16234|Q13023_ENIQSPSEQ|0.0
P16234|Q13023_KRSVSDITL|0.0
P16234|Q13023_VKRVSENNG|0.236
P16234|Q13023_GKNSSHTHE|0.0
P16234|Q13023_ALMDSLDDS|0.0
P16234|Q13023_NRQDSDALK|0.0
P16234|Q13023_SEKESSGKP|0.0
P16234|Q13023_EKESSGKPG|0.0
P16234|Q13023_KPGESGMPE|0.0
P16234|Q9P0M2_NLKRSQENE|0.002
P16234|Q9P0M2_IDLCSMLKK|0.004
P16234|O43687_EGKISELES|0.0
P16234|O43687_SELESSSSA|0.0
P16234|O43687_ELESSSSAV|0.0
P16234|O43823_ESYDSRPCL|0.4
P16234|O43823_PYRPSYSYD|0.14
P16234|O43823_DRNGSFGGQ|0.074
P16234|O43823_RERGSLDGF|0.0
P16234|O43823_NELNYVGGR|0.384
P16234|O43823_GPDGTGRKR|0.0
P16234|O43823_ELCDSGRQR|0.0
P16234|O43823_CKFRSFDDE|0.0
P16234|O43823_RFISTKLPD|0.297
P16234|O43823_PKARSEAAE|0.0
P16234|O43823_EVEQTDAES|0.0
P16234|Q9ULX6_PTCDYGYGT|0.306
P16234|Q9ULX6_CDYGYGTWN|0.287
P16234|Q9ULX6_GVYGSGGER|0.002
P16234|Q9ULX6_RYDSYESCD|0.362
P16234|Q9ULX6_RAVLSERDL|0.0
P16234|Q9ULX6_MASGYGRMW|0.398
P16234|Q9ULX6_KTWTTADFR|0.412
P16234|Q9ULX6_DEPDSKATR|0.0
P16234|Q9ULX6_EGEATEGLE|0.0
P16234|Q9ULX6_VEKGSRVDG|0.0
P16234|Q9ULX6_FLQEYVTNK|0.405
P16234|Q9ULX6_KHLKTMDHN|0.0
P16234|Q9ULX6_ENPFTDSPE|0.0
P16234|Q9ULX6_PGAVSPPPP|0.0
P16234|Q99996_SDGQSPSKK|0.0
P16234|Q99996_KTSSSKHDV|0.14
P16234|Q99996_CNEMYINSS|0.364
P16234|Q99996_DDSYSEQGA|0.231
P16234|Q99996_EMMESELAG|0.358
P16234|Q99996_DGIITQLTA|0.053
P16234|Q99996_KIKVYEMEQ|0.535
P16234|Q99996_QLMGTVEEL|0.0
P16234|Q99996_NALRSYSNI|0.091
P16234|Q99996_ALRSYSNIT|0.401
P16234|Q99996_LRSYSNITV|0.154
P16234|Q99996_YSNITVNED|0.239
P16234|Q99996_ILEISKLKD|0.0
P16234|Q99996_EAENSILKD|0.262
P16234|Q99996_LKIHTPVSQ|0.0
P16234|Q99996_RNTFSFAEK|0.0
P16234|Q99996_KVNKSFGEE|0.011
P16234|Q99996_VLGEYYTPA|0.517
P16234|Q99996_LGEYYTPAL|0.323
P16234|Q99996_DKENSGDYI|0.133
P16234|Q99996_NSGDYISEN|0.503
P16234|Q99996_GDYISENED|0.416
P16234|Q99996_ELQDYRYEV|0.678
P16234|Q99996_QDYRYEVQD|0.583
P16234|Q99996_QEQHYFNEM|0.561
P16234|Q99996_IVRQSIHDE|0.0
P16234|Q99996_LAQRSSIDN|0.004
P16234|Q99996_AQRSSIDNE|0.0
P16234|Q99996_LKQLSLAGR|0.0
P16234|Q99996_QSSASLIWR|0.0
P16234|Q99996_HTRVTDESI|0.0
P16234|Q99996_VTDESIPSY|0.06
P16234|Q99996_ESIPSYSGS|0.531
P16234|Q99996_SETSSQLEH|0.0
P16234|Q99996_LMRESFRQK|0.0
P16234|Q99996_LHEESRARE|0.086
P16234|Q99996_RELLSRQKE|0.0
P16234|Q99996_FQPISEHQT|0.0
P16234|Q99996_SEHQTREVE|0.0
P16234|Q99996_MNAHSLSEE|0.338
P16234|Q99996_DALKSLENQ|0.014
P16234|Q99996_LENQTYFKS|0.137
P16234|Q99996_ENQTYFKSF|0.541
P16234|Q99996_TYFKSFEEN|0.273
P16234|Q99996_NGKGSIINL|0.0
P16234|Q99996_QTISSEPER|0.0
P16234|Q99996_TLRISELES|0.0
P16234|Q99996_EKKRSPQDV|0.0
P16234|Q99996_ELFHSNEES|0.0
P16234|Q99996_ELAHSDAYQ|0.379
P16234|Q99996_ERKAYINTI|0.313
P16234|Q99996_EAEVYDSSQ|0.604
P16234|Q99996_ADRRSLLSE|0.0
P16234|Q99996_RSLLSEIQA|0.0
P16234|Q99996_REQESEKPS|0.0
P16234|Q99996_LELETTLKA|0.0
P16234|Q99996_ELETTLKAQ|0.0
P16234|Q99996_AQLQSSDGT|0.0
P16234|Q99996_RRILYQNLN|0.451
P16234|Q99996_PTTWSLTSD|0.014
P16234|Q99996_IEGETKESN|0.467
P16234|Q99996_KESNYAKLI|0.003
P16234|Q99996_GEEPSLVSP|0.0
P16234|Q99996_PSLVSPSTS|0.0
P16234|Q99996_SSRFSLNGG|0.222
P16234|Q99996_LRNDSLLQT|0.01
P16234|Q99996_CEDATLALL|0.268
P16234|Q99996_EKTDSFYHS|0.504
P16234|Q99996_TDSFYHSSG|0.395
P16234|Q99996_SFYHSSGGL|0.106
P16234|Q99996_FYHSSGGLE|0.114
P16234|Q99996_GLELYGEPR|0.38
P16234|Q99996_TTYRSRSDL|0.204
P16234|Q99996_YRSRSDLDY|0.003
P16234|Q99996_SDLDYIRSP|0.633
P16234|Q99996_RYPGTPADF|0.104
P16234|Q99996_QLQNYDPDR|0.323
P16234|Q99996_GTIQSGSTT|0.0
P16234|Q99996_QSGSTTQFH|0.0
P16234|Q5TCS8_LGPQYSGKT|0.402
P16234|Q5TCS8_LAENYKGKV|0.01
P16234|Q5TCS8_KARETLVEN|0.002
P16234|Q5TCS8_IPKGSKEGL|0.0
P16234|Q5TCS8_IADRTPQEL|0.0
P16234|Q5TCS8_EAAKYREKI|0.115
P16234|Q5TCS8_HIVQYTLNM|0.354
P16234|Q5TCS8_IVQYTLNMK|0.0
P16234|Q5TCS8_PKRLTLSEL|0.0
P16234|Q5TCS8_SALLYIALH|0.0
P16234|Q5TCS8-1_GTYESEGKR|0.001
P16234|Q5TCS8-5_EAAKYREKI|0.0
P16234|Q9NWT8_EGWQTPKIY|0.001
P16234|Q9H9L7_ACGATLKRP|0.0
P16234|Q53H80_SAAASPLSA|0.0
P16234|Q53H80_ASPLSAAAA|0.0
P16234|Q53H80_SRLTTEQIL|0.0
P16234|Q53H80_SGPASPGTS|0.0
P16234|Q53H80_QPLFTLRQV|0.0
P16234|Q53H80_IMRRYGEQP|0.261
P16234|Q53H80_EQPASYVS_|0.303
P16234|Q53H80_QPASYVS__|0.423
P16234|Q53H80_ASYVS____|0.037
P16234|Q7Z591_DVDRSSSQS|0.0
P16234|Q7Z591_VDRSSSQSW|0.0
P16234|Q7Z591_DRSSSQSWE|0.0
P16234|Q7Z591_SSSQSWEEE|0.0
P16234|Q7Z591_EAGLSLEGH|0.0
P16234|Q7Z591_HGNTSPMAL|0.0
P16234|Q7Z591_GDKLSEHSE|0.0
P16234|Q7Z591_LSEHSEVNP|0.0
P16234|Q7Z591_SVELSPARS|0.001
P16234|Q7Z591_VARATPMEF|0.0
P16234|Q7Z591_PPAQSPQHA|0.004
P16234|Q7Z591_WRRETTRFF|0.009
P16234|Q7Z591_QTKTSPKPL|0.0
P16234|Q7Z591_GQLNYPLPD|0.213
P16234|Q7Z591_KDESYRPPK|0.38
P16234|Q7Z591_VLLSSGEAA|0.0
P16234|Q7Z591_LAKDTPPAH|0.233
P16234|Q7Z591_AHPITRVPQ|0.0
P16234|Q7Z591_LQEDYHRLL|0.366
P16234|Q7Z591_PQPRSAEWW|0.0
P16234|Q7Z591_PSSLTSMPT|0.0
P16234|Q7Z591_GSKGTPGRF|0.0
P16234|Q7Z591_MEQVYHGLM|0.412
P16234|Q7Z591_DGHMSGLGK|0.0
P16234|Q7Z591_PLTQTPEHR|0.0
P16234|Q7Z591_PFAASVPRD|0.0
P16234|Q7Z591_KARGSLIPR|0.0
P16234|Q7Z591_PRRATEPST|0.0
P16234|Q7Z591_TEPSTPRSQ|0.0
P16234|Q7Z591_QRYLSSPSG|0.142
P16234|Q7Z591_LSSPSGPLR|0.181
P16234|Q7Z591_NKTISPPPA|0.223
P16234|Q7Z591_PLQGSPTRP|0.0
P16234|Q7Z591_RPADSPATW|0.0
P16234|Q7Z591_ATWGSHYGS|0.599
P16234|Q7Z591_YGSKSTERL|0.055
P16234|Q7Z591_QRARSSSVP|0.0
P16234|Q7Z591_RARSSSVPR|0.04
P16234|Q7Z591_ARSSSVPRE|0.0
P16234|Q7Z591_RLSLSSESE|0.0
P16234|Q7Z591_SELPSLPLF|0.0
P16234|Q7Z591_FRGQYTGHE|0.408
P16234|Q7Z591_RGQYTGHEY|0.297
P16234|Q7Z591_TGHEYHVLS|0.316
P16234|Q7Z591_RRKASSTPS|0.0
P16234|Q7Z591_SSTPSPKQR|0.354
P16234|Q7Z591_QMRSSLSAD|0.003
P16234|Q7Z591_SLRGSCLF_|0.059
P16234|Q5T1N1_DKQKSYQGQ|0.012
P16234|Q5T1N1_KQKSYQGQS|0.001
P16234|Q5T1N1_LPDFSKIAP|0.0
P16234|Q5T1N1_RDKPTLVQD|0.0
P16234|Q5T1N1_LVQDSLETT|0.0
P16234|Q5T1N1_SLETTPESN|0.0
P16234|Q5T1N1_VQEFSKRIK|0.0
P16234|Q5T1N1_QMIKTIAED|0.0
P16234|P14550_CAAIYGNEP|0.428
P16234|P14550_ICYDSTHYK|0.443
P16234|P14550_ALGLSNFNS|0.001
P16234|P14550_EVTAYSPLG|0.419
P16234|P14550_VFDFTFSPE|0.0
P16234|P14550_DFTFSPEEM|0.362
P16234|P14550_VPMLTVDGK|0.492
P16234|P14550_FNDPY____|0.443
P16234|P15121___MASRLLL|0.0
P16234|P15121_LGLGTWKSP|0.0
P16234|P15121_GTWKSPPGQ|0.002
P16234|P15121_IDVGYRHID|0.345
P16234|P15121_CAHVYQNEN|0.39
P16234|P15121_LFIVSKLWC|0.0
P16234|P15121_LWCTYHEKG|0.147
P16234|P15121_QKTLSDLKL|0.003
P16234|P15121_LKLDYLDLY|0.373
P16234|P15121_ECHPYLTQE|0.393
P16234|P15121_HPYLTQEKL|0.0
P16234|P15121_KLIQYCQSK|0.065
P16234|P15121_VTAYSPLGS|0.077
P16234|P15121_SPLGSPDRP|0.0
P16234|P15121_VIPKSVTPE|0.0
P16234|P15121_PKSVTPERI|0.0
P16234|O60218_IDAGYRHID|0.4
P16234|O60218_IDCAYVYQN|0.441
P16234|O60218_CAYVYQNEH|0.309
P16234|O60218_ECHPYLTQE|0.424
P16234|O60218_KLIQYCHSK|0.0
P16234|O60218_SPLGSPDRP|0.0
P16234|O60218_DFKLSDEEM|0.0
P16234|O60218_HLEDYPFNA|0.44
P16234|O60218_FNAEY____|0.373
P16234|C9JRZ8_ECHPYLTQE|0.493
P16234|C9JRZ8_KLIQYCHSK|0.0
P16234|C9JRZ8_SPLGSPDRP|0.0
P16234|C9JRZ8_DFKLSDEEM|0.0
P16234|C9JRZ8_EEMATILSF|0.0
P16234|C9JRZ8_ATILSFNRN|0.0
P16234|Q04828_MDSKYQCVK|0.417
P16234|Q04828_LGFGTYAPA|0.13
P16234|Q04828_GFGTYAPAE|0.362
P16234|Q04828_EVPKSKALE|0.0
P16234|Q04828_ALEATKLAI|0.0
P16234|Q04828_RHIDSAHLY|0.421
P16234|Q04828_SAHLYNNEE|0.387
P16234|Q04828_LAIRSKIAD|0.0
P16234|Q04828_IADGSVKRE|0.015
P16234|Q04828_EDIFYTSKL|0.399
P16234|Q04828_DIFYTSKLW|0.037
P16234|Q04828_IFYTSKLWC|0.178
P16234|Q04828_LQLDYVDLY|0.401
P16234|Q04828_ILFDTVDLC|0.0
P16234|Q04828_GLAKSIGVS|0.0
P16234|Q04828_SIGVSNFNR|0.0
P16234|Q04828_PGLKYKPVC|0.113
P16234|Q04828_ECHPYFNQR|0.373
P16234|Q04828_DFCKSKDIV|0.002
P16234|Q04828_VDPNSPVLL|0.004
P16234|Q04828_LAKSYNEQR|0.104
P16234|Q04828_RNVRYLTLD|0.36
P16234|Q04828_VRYLTLDIF|0.134
P16234|Q04828_GPPNYPFSD|0.222
P16234|P52895_MDSKYQCVK|0.416
P16234|P52895_LGFGTYAPA|0.068
P16234|P52895_GFGTYAPAE|0.337
P16234|P52895_IADGSVKRE|0.001
P16234|P52895_EDIFYTSKL|0.374
P16234|P52895_DIFYTSKLW|0.002
P16234|P52895_IFYTSKLWS|0.315
P16234|P52895_LQLDYVDLY|0.393
P16234|P52895_ILFDTVDLC|0.0
P16234|P52895_GLAKSIGVS|0.0
P16234|P52895_PGLKYKPVC|0.027
P16234|P52895_ECHPYFNQR|0.308
P16234|P52895_DFCKSKDIV|0.0
P16234|P52895_VDPNSPVLL|0.0
P16234|P52895_LAKSYNEQR|0.044
P16234|P52895_RNVRYLTLD|0.355
P16234|P52895_VRYLTLDIF|0.018
P16234|P52895_GPPNYPFSD|0.165
P16234|P42330_GFGTYAPPE|0.09
P16234|P42330_RHIDSAHLY|0.381
P16234|P42330_SAHLYNNEE|0.34
P16234|P42330_LAIRSKIAD|0.0
P16234|P42330_IADGSVKRE|0.001
P16234|P42330_EDIFYTSKL|0.283
P16234|P42330_DIFYTSKLW|0.006
P16234|P42330_IFYTSKLWS|0.238
P16234|P42330_AQLDYVDLY|0.405
P16234|P42330_YLIHSPMSL|0.122
P16234|P42330_GEELSPTDE|0.0
P16234|P42330_DLCTTWEAM|0.0
P16234|P42330_GLAKSIGVS|0.0
P16234|P42330_SIGVSNFNR|0.0
P16234|P42330_ECHPYFNRS|0.362
P16234|P42330_DFCKSKDIV|0.0
P16234|P42330_VDPNSPVLL|0.0
P16234|P42330_LAKSYNEQR|0.057
P16234|P42330_RNLHYFNSD|0.161
P16234|P42330_PNYPYSDEY|0.388
P16234|P42330_NYPYSDEY_|0.213
P16234|P42330_YSDEY____|0.423
P16234|P17516_LGFGTYAPP|0.0
P16234|P17516_GFGTYAPPE|0.0
P16234|P17516_IDSAYLYNN|0.278
P16234|P17516_IADGSVKRE|0.0
P16234|P17516_EDIFYTSKL|0.083
P16234|P17516_DIFYTSKLW|0.0
P16234|P17516_IFYTSKLWC|0.0
P16234|P17516_PGLKYKPVC|0.0
P16234|P17516_ECHPYLNQS|0.007
P16234|P17516_YLNQSKLLD|0.231
P16234|P17516_DFCKSKDIV|0.0
P16234|P17516_VDPNSPVLL|0.0
P16234|P17516_LAKSYNEQR|0.0
P16234|P17516_FQLTSEDMK|0.0
P16234|P17516_RNYRYVVMD|0.294
P16234|P17516_DHPDYPFSD|0.007
P16234|Q96JD6_DVSVTAYRP|0.254
P16234|P51857_IDTGYRHID|0.199
P16234|P51857_IDGAYIYQN|0.405
P16234|P51857_GAYIYQNEH|0.366
P16234|P51857_GLVKSLGVS|0.0
P16234|P51857_SLGVSNFNR|0.0
P16234|P51857_ECHPYFTQP|0.16
P16234|P51857_ALLNSLGKR|0.0
P16234|P51857_FHDEY____|0.44
P16234|O43488_CALRSPPPE|0.0
P16234|O43488_PRVASVLGT|0.0
P16234|O43488_DAPASAAAV|0.0
P16234|O43488_AFMYSDGQS|0.0
P16234|O43488_LKPDSVRSQ|0.0
P16234|O43488_GLRFYAYNP|0.255
P16234|O43488_RFYAYNPLA|0.276
P16234|O43488_SWAETYRNR|0.003
P16234|O43488_AYGASAPSV|0.0
P16234|O95154_SRQLSRARP|0.003
P16234|O95154_ARPATVLGA|0.416
P16234|O95154_MDAPTSAAV|0.0
P16234|O95154_DAPTSAAVT|0.0
P16234|O95154_SAAVTRAFL|0.0
P16234|O95154_VDLFYLHMP|0.413
P16234|O95154_MPDHSTPVE|0.0
P16234|O95154_ELGLSNYAA|0.118
P16234|O95154_AYGASAPSM|0.033
P16234|Q8NHP1_SRQLSRARP|0.0
P16234|Q8NHP1_ARPATVLGA|0.356
P16234|Q8NHP1_MDAPTSAAV|0.0
P16234|Q8NHP1_DAPTSAAVT|0.0
P16234|Q8NHP1_SAAVTRAFL|0.0
P16234|Q8NHP1_LKPDSVRSQ|0.0
P16234|Q8NHP1_ELGLSNYAA|0.0
P16234|Q8NHP1_GLRFYAYNP|0.323
P16234|Q8NHP1_RFYAYNPLA|0.336
P16234|P31749_QLMKTERPR|0.06
P16234|P31749_VIERTFHVE|0.0
P16234|P31749_FHVETPEER|0.0
P16234|P31749_EMEVSLAKP|0.0
P16234|P31749_KHRVTMNEF|0.1
P16234|P31749_PEAKSLLSG|0.0
P16234|P31749_LGGGSEDAK|0.0
P16234|P31749_WQHVYEKKL|0.384
P16234|P31749_TDTRYFDEE|0.539
P16234|P31749_DEEFTAQMI|0.009
P16234|P31749_DQDDSMECV|0.0
P16234|P31751_SFIGYKERP|0.231
P16234|P31751_CLQWTTVIE|0.0
P16234|P31751_DPMDYKCGS|0.0
P16234|P31751_CGSPSDSST|0.0
P16234|P31751_EVAVSKARA|0.0
P16234|P31751_ATGRYYAMK|0.459
P16234|P31751_TGRYYAMKI|0.437
P16234|P31751_FFHLSRERV|0.0
P16234|P31751_KEGISDGAT|0.0
P16234|P31751_SDGATMKTF|0.202
P16234|P31751_TFCGTPEYL|0.002
P16234|P31751_GTPEYLAPE|0.507
P16234|P31751_EDNDYGRAV|0.422
P16234|P31751_PEAKSLLAG|0.0
P16234|P31751_VDTRYFDDE|0.448
P16234|P31751_AQSITITPP|0.0
P16234|P31751_PPDRYDSLG|0.097
P16234|P31751_DRYDSLGLL|0.004
P16234|P31751_PQFSYSASI|0.0
P16234|Q9Y243_KTDGSFIGY|0.0
P16234|Q9Y243_TLTESRVLK|0.0
P16234|Q9Y243_KEGITDAAT|0.0
P16234|Q9Y243_TDAATMKTF|0.003
P16234|Q9Y243_TFCGTPEYL|0.0
P16234|Q9Y243_GTPEYLAPE|0.535
P16234|Q9Y243_EDNDYGRAV|0.472
P16234|Q9Y243_SETDTRYFD|0.124
P16234|Q9Y243_TDTRYFDEE|0.525
P16234|Q9Y243_DEEFTAQTI|0.0
P16234|Q9Y243_PQFSYSASG|0.239
P16234|Q9Y243_QFSYSASGR|0.0
P16234|Q9Y243_SYSASGRE_|0.0
P16234|Q9H8T0_VRKRSEGEE|0.0
P16234|Q9H8T0_EKTLTGDVK|0.125
P16234|Q9H8T0_GDVKTSPPR|0.0
P16234|Q9H8T0_SPPRTAPKK|0.0
P16234|Q9H8T0_YVQPSYRSA|0.126
P16234|Q9H8T0_VQPSYRSAL|0.0
P16234|Q9H8T0_RHGLYQDGV|0.229
P16234|Q9Y615_WVRHTSSEP|0.0
P16234|Q9Y615_EPTESKAAK|0.0
P16234|Q9Y615_PERDSAVWT|0.0
P16234|P13716_VVAPSDMMD|0.007
P16234|P13716_ASCFYGPFR|0.411
P16234|P13716_DAAKSSPAF|0.0
P16234|P13716_AAKSSPAFG|0.0
P16234|P13716-2_PPTSSTPSL|0.003
P16234|P13196_GAGGTRNIS|0.0
P16234|P13196_TRNISGTSK|0.0
P16234|P13196_ISGTSKFHV|0.0
P16234|P13196_LLQRSDPSV|0.0
P16234|P13196_GALESVRIL|0.0
P16234|P13196_REKSYFSGL|0.007
P16234|P22557_PILATQGPN|0.0
P16234|P22557_GAGGTRNIS|0.0
P16234|P22557_TRNISGTSK|0.0
P16234|P22557_ISGTSKFHV|0.0
P16234|P22557_DLLLSKHGI|0.0
P16234|P02768_LFLFSSAYS|0.445
P16234|P02768_FSSAYSRGV|0.135
P16234|P02768_SSAYSRGVF|0.226
P16234|P02768_AFAQYLQQC|0.439
P16234|P02768_VNEVTEFAK|0.0
P16234|P02768_KSLHTLFGD|0.328
P16234|P02768_RRHPYFYAP|0.631
P16234|P02768_HPYFYAPEL|0.604
P16234|P02768_KAAFTECCQ|0.349
P16234|P02768_EGKASSAKQ|0.0
P16234|P02768_GKASSAKQR|0.02
P16234|P02768_VARLSQRFP|0.389
P16234|P02768_FAEVSKLVT|0.331
P16234|P02768_SKLVTDLTK|0.0
P16234|P02768_VTDLTKVHT|0.322
P16234|P02768_DLAKYICEN|0.445
P16234|P02768_QDSISSKLK|0.077
P16234|P02768_LLEKSHCIA|0.0
P16234|P02768_ADLPSLAAD|0.391
P16234|P02768_DFVESKDVC|0.0
P16234|P02768_VCKNYAEAK|0.283
P16234|P02768_RHPDYSVVL|0.452
P16234|P02768_HPDYSVVLL|0.429
P16234|P02768_RLAKTYETT|0.502
P16234|P02768_LAKTYETTL|0.404
P16234|P02768_KTYETTLEK|0.526
P16234|P02768_TYETTLEKC|0.3
P16234|P02768_PHECYAKVF|0.55
P16234|P02768_QLGEYKFQN|0.445
P16234|P02768_LVRYTKKVP|0.372
P16234|P02768_CAEDYLSVV|0.555
P16234|P02768_SDRVTKCCT|0.394
P16234|P02768_TKCCTESLV|0.172
P16234|P02768_CCTESLVNR|0.285
P16234|P02768_EVDETYVPK|0.776
P16234|P02768_IKKQTALVE|0.027
P16234|P02768_KPKATKEQL|0.109
P16234|P02768_DDKETCFAE|0.346
P16234|P02768_LVAASQAAL|0.419
P16234|Q13740_KPDGSPVFI|0.0
P16234|Q13740_DVPEYKDRL|0.14
P16234|Q13740_VTQLYTMTS|0.477
P16234|Q13740_SSNTYTLTD|0.36
P16234|Q13740_RRNATGDYK|0.0
P16234|Q13740-2_SLNVSANEN|0.0
P16234|Q8IZ83_TSLEYGPVP|0.518
P16234|Q8IZ83_PVPESHACA|0.0
P16234|Q8IZ83_RLLWTLESL|0.029
P16234|Q8IZ83_WTLESLVTG|0.0
P16234|Q8IZ83_PDGLYEYLR|0.42
P16234|Q8IZ83_WAGQSPGAR|0.0
P16234|P54886_VKLGSAVVT|0.0
P16234|P54886_MLVTSGAVA|0.0
P16234|P54886_LLSQSVRQA|0.0
P16234|P54886_QALHSGQNQ|0.0
P16234|P54886_LKRLSLSTS|0.0
P16234|P54886_RLSLSTSKL|0.0
P16234|P54886_SSQDSVGRV|0.0
P16234|P54886_QLVNTREEV|0.054
P16234|P54886_YLTFSPSEV|0.0
P16234|P54886_TFSPSEVKS|0.009
P16234|P54886_WNASTRFSD|0.0
P16234|P54886_EGLLTTKWL|0.0
P16234|P54886_DHVVSDFSE|0.0
P16234|P00352_SSSGTPDLP|0.0
P16234|P00352_LLLATMESM|0.0
P16234|P00352_YSNAYLNDL|0.324
P16234|P00352_IQGRTIPID|0.001
P16234|P00352_NFFTYTRHE|0.013
P16234|P00352_FVEESIYDE|0.013
P16234|P00352_EESIYDEFV|0.0
P16234|P00352_TPGVTQGPQ|0.0
P16234|P00352_GNKGYFVQP|0.338
P16234|P00352_RANNTFYGL|0.234
P16234|P00352_NNTFYGLSA|0.277
P16234|P00352_FYGLSAGVF|0.114
P16234|P00352_ELGEYGFHE|0.277
P16234|P00352_GFHEYTEVK|0.362
P16234|O94788_ALMASLHLL|0.0
P16234|O94788_GDYFTFTRH|0.449
P16234|O94788_YFTFTRHEP|0.421
P16234|O94788_AAGRSNLKR|0.0
P16234|O94788_LKRVTLELG|0.0
P16234|O94788_EESIYEEFV|0.356
P16234|P47895_CNPSTREQI|0.0
P16234|P47895_LKRVTLELG|0.0
P16234|P47895_EEQVYSEFV|0.009
P16234|P47895_EQVYSEFVR|0.001
P16234|P47895_KRANSTDYG|0.015
P16234|P47895_ELGEYALAE|0.021
P16234|P47895_ALAEYTEVK|0.176
P16234|P47895_LAEYTEVKT|0.039
P16234|P30837_PRLLSLQGR|0.0
P16234|P30837_ARYSSAAAL|0.194
P16234|P30837_AALPSPILN|0.016
P16234|P30837_FQESYALDL|0.259
P16234|P30837_QTPLSALYL|0.0
P16234|P30837_LKRVTLELG|0.0
P16234|P30837_FVEESIYNE|0.0
P16234|P30837_EESIYNEFL|0.033
P16234|P30837_RVLGYIQLG|0.208
P16234|P30837_FIKPTVFGG|0.0
P16234|O75891_VFKYSRWRA|0.002
P16234|O75891_GSIIYHPSL|0.0
P16234|O75891_EGATYEGIQ|0.0
P16234|O75891_SGAASVDVV|0.0
P16234|O75891_EGECSIDYV|0.194
P16234|O75891_CSIDYVEMA|0.385
P16234|O75891_NKALYVSDK|0.044
P16234|Q3SY69_LPFCTQFIP|0.0
P16234|Q3SY69_PKHGSIIYH|0.0
P16234|Q3SY69_GSIIYHPSI|0.409
P16234|Q3SY69_FYGSTLLNS|0.0
P16234|Q3SY69_VVELTAEEV|0.0
P16234|Q3SY69_DFFKSGASS|0.0
P16234|Q3SY69_SGASSMDVA|0.0
P16234|Q3SY69_MSVQTFRYF|0.334
P16234|Q3SY69_KLGFTGSTP|0.0
P16234|P05091_FQLGSPWRR|0.11
P16234|P05091_KCLRYYAGW|0.354
P16234|P05091_CLRYYAGWA|0.49
P16234|P05091_WADKYHGKT|0.075
P16234|P05091_GDFFSYTRH|0.31
P16234|P05091_QTPLTALYV|0.401
P16234|P05091_LTALYVANL|0.212
P16234|P05091_AAGSSNLKR|0.0
P16234|P05091_LKRVTLELG|0.0
P16234|P05091_QEDIYDEFV|0.0
P16234|P05091_GYINTGKQE|0.172
P16234|P05091_ADRGYFIQP|0.398
P16234|P05091_NNSTYGLAA|0.414
P16234|P05091_AAVFTKDLD|0.0
P16234|P05091_ELGEYGLQA|0.522
P16234|P05091_GLQAYTEVK|0.001
P16234|P05091_LQAYTEVKT|0.319
P16234|P30838_DKDLYPVIN|0.447
P16234|P30838_DHILYTGST|0.002
P16234|P30838_KIIMTAAAK|0.476
P16234|P30838_AKHLTPVTL|0.201
P16234|P30838_LKEFYGEDA|0.402
P16234|P30838_QKVAYGGTG|0.334
P16234|P30838_ITLHSLPFG|0.0
P16234|P30838_LKVRYPPSP|0.144
P16234|P30838_RYPPSPAKM|0.167
P16234|P30838_PAKMTQH__|0.198
P16234|P51648_QAFLSGRSR|0.0
P16234|P51648_AKHLTPVTL|0.31
P16234|P51648_FGGETDEAT|0.084
P16234|P51648_PTVLTDVDP|0.002
P16234|P51648-2_LLLLTFLGI|0.0
P16234|P43353_HRFDYIFFT|0.327
P16234|P43353_YIFFTGSPR|0.111
P16234|P43353_FFTGSPRVG|0.0
P16234|P43353_AKHLTPVTL|0.1
P16234|P43353_LTPVTLELG|0.107
P16234|P43353_LYAFSNSSQ|0.023
P16234|P43353_AQGCSCTLL|0.0
P16234|P48448_KIVMTAATK|0.0
P16234|P48448_TKHLTPVTL|0.242
P16234|P48448_LTPVTLELG|0.011
P16234|P48448_KEIHYPPYT|0.387
P16234|P48448_HYPPYTDWN|0.415
P16234|P30038_AKFCYADKS|0.142
P16234|P30038_FVHRSADVE|0.0
P16234|P30038_ADVESVVSG|0.0
P16234|P30038_VVSGTLRSA|0.0
P16234|P30038_RASGTNDKP|0.0
P16234|P51649___MATCIWL|0.0
P16234|P51649_LVPASGPAP|0.0
P16234|P51649_LAGLSAALL|0.0
P16234|P51649_ALLRTDSFV|0.005
P16234|P51649_LRTDSFVGG|0.0
P16234|P51649_QDPASGAAL|0.0
P16234|P51649_LRKWYNLMI|0.025
P16234|P51649_ARRVYGDII|0.371
P16234|P51649_TGSTTTGKI|0.0
P16234|P51649_FEEGTTQGP|0.374
P16234|P51649_EEGTTQGPL|0.0
P16234|P51649_EGLISSVEC|0.0
P16234|P51649_GIDEYLELK|0.284
P16234|Q02252_ILQVSSKVK|0.0
P16234|Q02252_LQVSSKVKS|0.0
P16234|Q02252_DMDLYSYRL|0.075
P16234|Q02252_KAGEYIFER|0.043
P16234|Q02252_GPLITPQAK|0.0
P16234|Q02252_NLIDSGTKE|0.0
P16234|Q02252_IDSGTKEGA|0.0
P16234|Q02252_SFTGSRSSF|0.126
P16234|Q02252_DTNFYGKQG|0.0
P16234|Q02252_ATLSSPAVV|0.0
P16234|P49419_NQPQYAWLK|0.09
P16234|P49419_VITTYCPAN|0.437
P16234|P49419_VRQASVADY|0.204
P16234|P49419_SVADYEETV|0.233
P16234|P49419_PILPSERSG|0.009
P16234|P49419_KQAVSMFLG|0.0
P16234|P49419_QGLSSSIFT|0.0
P16234|P49419-4_SGPWSRPAA|0.0
P16234|Q9H2A2_LLEQSLEEF|0.0
P16234|Q9H2A2_AQAESKDQG|0.0
P16234|Q9H2A2_GSQPTAERI|0.0
P16234|P49189_TFVVSQPLN|0.0
P16234|P49189_SFTGSVPTG|0.0
P16234|P49189_GGDIYVPED|0.443
P16234|P49189_VTIEYYSQL|0.353
P16234|P04075_QSIGTENTE|0.0
P16234|P04075_GTENTEENR|0.0
P16234|P04075_QVIKSKGGV|0.0
P16234|P04075_LDGLSERCA|0.0
P16234|P04075_RCAQYKKDG|0.085
P16234|P04075_IGEHTPSAL|0.0
P16234|P04075_EHTPSALAI|0.0
P16234|P04075_VLARYASIC|0.005
P16234|P04075_ARYASICQQ|0.0
P16234|P04075_CQYVTEKVL|0.154
P16234|P04075_LAAVYKALS|0.096
P16234|P04075_YKALSDHHI|0.0
P16234|P04075_YLEGTLLKP|0.007
P16234|P04075_VTGITFLSG|0.0
P16234|P04075_SGGQSEEEA|0.0
P16234|P04075_PWALTFSYG|0.0
P16234|P04075_ALTFSYGRA|0.0
P16234|P04075_ALQASALKA|0.0
P16234|P04075_AQEEYVKRA|0.373
P16234|P04075_ALANSLACQ|0.0
P16234|P04075_CQGKYTPSG|0.019
P16234|P04075_QGKYTPSGQ|0.0
P16234|P04075_KYTPSGQAG|0.0
P16234|P04075_SLFVSNHAY|0.0
P16234|P04075_SNHAY____|0.0
P16234|P05062_QCPSSLAIQ|0.0
P16234|P05062_EHCQYVTEK|0.262
P16234|P05062_CQYVTEKVL|0.153
P16234|P05062_LAAVYKALN|0.191
P16234|P05062_DHHVYLEGT|0.241
P16234|P05062_GHACTKKYT|0.294
P16234|P05062_LSFSYGRAL|0.0
P16234|P05062_FTACYTY__|0.427
P16234|P05062_TACYTY___|0.249
P16234|P09972_GVENTEENR|0.0
P16234|P09972_PLAGTDGET|0.0
P16234|P09972_LDGLSERCA|0.0
P16234|P09972_RCAQYKKDG|0.092
P16234|P09972_VLARYASIC|0.005
P16234|P09972_ARYASICQQ|0.0
P16234|P09972_CQYVTEKVL|0.149
P16234|P09972_LAAVYKALS|0.105
P16234|P09972_YKALSDHHV|0.408
P16234|P09972_DHHVYLEGT|0.277
P16234|P09972_PNMVTPGHA|0.0
P16234|P09972_IAMATVTAL|0.0
P16234|P09972_MATVTALRR|0.0
P16234|P09972_EEEASFNLN|0.0
P16234|P09972_AAAQSLYIA|0.158
P16234|P09972_AQSLYIANH|0.403
P16234|P09972_ANHAY____|0.386
P16234|Q9BT22_DVGRSPRMQ|0.0
P16234|Q5BKT4_FFVVTLVSV|0.0
P16234|Q5BKT4_VFQRYETVK|0.0
P16234|Q5BKT4_QRYETVKYL|0.0
P16234|Q5BKT4_SIADSLKSK|0.0
P16234|Q2TAA5_TDMLSVVKN|0.0
P16234|Q9BV10_VDRRTHAPT|0.0
P16234|Q9BV10_THAPTVLAL|0.0
P16234|Q9BV10_QTGVSRFLQ|0.0
P16234|Q9BV10_LQVNSAWRY|0.083
P16234|Q9BV10_SAWRYDKRE|0.0
P16234|Q9NP73_TVGTTSFDD|0.0
P16234|Q9NP73_CSQKSLNEA|0.0
P16234|Q9NP73_EETKSPENP|0.0
P16234|Q9NP73_PENPSKMPF|0.0
P16234|Q9NP73_MTMAYGKGD|0.18
P16234|Q9NP73_QGRGYGMPR|0.003
P16234|Q96F25_RESLSILVV|0.0
P16234|Q96F25_SNAYSPRHY|0.0
P16234|Q96F25_VIADTDEMS|0.0
P16234|Q96F25_TDEMSANKI|0.0
P16234|Q96F25_LKEKYPKSV|0.0
P16234|Q96F25_PKSVYLGRI|0.0
P16234|C9J202_GSTHSPFRA|0.0
P16234|C9J202_FRARSEPED|0.0
P16234|C9J202_EDPDTERSA|0.0
P16234|Q9H553_ARGCSVKIW|0.07
P16234|Q9H553_GRLTSQDWE|0.0
P16234|Q9H553_NVEHYQELK|0.124
P16234|Q9H553_IREPSLKAT|0.0
P16234|Q9H553_KEKFSPEAF|0.0
P16234|Q9H553_QLYRYVTKL|0.409
P16234|Q92685_YRVHSIFVL|0.298
P16234|Q9Y673_SIWDSPTKQ|0.0
P16234|Q9Y673_DPAFTYEVI|0.023
P16234|Q9Y673_VAFKYCQKY|0.45
P16234|Q9Y673_YCQKYGSDK|0.339
P16234|Q9Y673_QKYGSDKVR|0.0
P16234|Q9Y673_GIRDTQCGF|0.0
P16234|Q9Y672_SVRKYLPCF|0.0
P16234|Q9Y672_LPCFTFLSR|0.0
P16234|Q9BVK2_AITHSLPIS|0.0
P16234|Q9BVK2_SLPISQWYY|0.002
P16234|Q9BVK2_YEATSEWTL|0.0
P16234|Q9BVK2_YLLRSYCFT|0.004
P16234|Q9BVK2_WFKLYVSVL|0.0
P16234|Q9H6U8_RLKGSGASS|0.0
P16234|Q9H6U8_GSGASSGDT|0.0
P16234|Q9H6U8_YRIATDPTI|0.0
P16234|Q9H6U8_PTIHTVPEG|0.0
P16234|Q8WUM4_LKKTSEVDL|0.0
P16234|Q8WUM4_EQAQYCRAA|0.476
P16234|Q8WUM4_FDKGSLFGG|0.0
P16234|Q8WUM4_LFGGSVKLA|0.0
P16234|Q8WUM4_HIKETVLSA|0.0
P16234|Q8WUM4_ETVLSALSR|0.0
P16234|Q8WUM4_DTVGTLSLI|0.0
P16234|Q8WUM4_QAADYFGDA|0.001
P16234|Q8WUM4_ANAEYHQSI|0.028
P16234|Q8WUM4_RYDEYVNVK|0.401
P16234|Q8WUM4_SVQQSLAAY|0.016
P16234|Q8WUM4_SLAAYNQRK|0.0
P16234|Q8WUM4_EEEATDNDL|0.0
P16234|Q8WUM4_SNELYKPLR|0.119
P16234|Q8WUM4_NDLKSVNFD|0.0
P16234|Q8WUM4_LDRVYGGLT|0.001
P16234|Q8WUM4_YGGLTTKVQ|0.164
P16234|Q8WUM4_GGLTTKVQE|0.317
P16234|Q8WUM4_QNKCSDIVF|0.0
P16234|Q8WUM4_AREPSAPSI|0.0
P16234|Q8WUM4_PSAPSIPTP|0.0
P16234|Q8WUM4_PSIPTPAYQ|0.0
P16234|Q9UM73_EPLSYSRLQ|0.436
P16234|Q9UM73_FVVPSLFRV|0.109
P16234|Q9UM73_GAERSKEMP|0.022
P16234|Q9UM73_MPRGSFLLL|0.145
P16234|Q9UM73_LLNTSADSK|0.059
P16234|Q9UM73_TSADSKHTI|0.39
P16234|Q9UM73_GGRAYGAKT|0.428
P16234|Q9UM73_MELQSPEYK|0.477
P16234|Q9UM73_STIMTDYNP|0.533
P16234|Q9UM73_IYRASYYRK|0.45
P16234|Q9UM73_LPIEYGPLV|0.455
P16234|Q9UM73_NMAFSQSNP|0.149
P16234|Q9UM73_KVHGSRNKP|0.58
P16234|Q9UM73_LWNPTYGSW|0.524
P16234|Q9UM73_PTYGSWFTE|0.422
P16234|Q9UM73_VNYGYQQQG|0.72
P16234|Q9UM73_LEAATAPGA|0.393
P16234|P37023_ELGESSLIL|0.0
P16234|P37023_LGESSLILK|0.0
P16234|P37023_GTKRYMAPE|0.557
P16234|P37023_IARRTIVNG|0.012
P16234|P37023_IVEDYRPPF|0.407
P16234|Q04771_VWRGSWQGE|0.001
P16234|P36896_HQRVYHNRQ|0.545
P16234|P36896_MEDPSCEMC|0.312
P16234|P36896_QDLVYDLST|0.373
P16234|P36896_WWQSYEALR|0.4
P16234|Q13686_LKLYSQKPN|0.309
P16234|Q13686_DKHMSKEET|0.0
P16234|Q13686_LWEQSKEFL|0.0
P16234|Q6NS38_KEVEYFTGA|0.501
P16234|Q6NS38_VEYFTGALA|0.36
P16234|Q6NS38_RVNLTFRKI|0.0
P16234|Q96Q83_EHHLSDREF|0.001
P16234|Q96Q83_REDITYQQP|0.488
P16234|Q96Q83_EDITYQQPR|0.556
P16234|Q96Q83_LPYTYSRIT|0.421
P16234|Q96Q83_SFGATRTFE|0.093
P16234|Q96Q83_GATRTFEMR|0.188
P16234|Q9NXW9_RKQDYGPKV|0.435
P16234|Q9NXW9_CNLDYCPER|0.28
P16234|Q6P6C2_MAAASGYTD|0.034
P16234|Q6P6C2_AAEPYPVSG|0.379
P16234|Q6P6C2_AKRKYQEDS|0.419
P16234|Q6P6C2_MRLFSQDEC|0.0
P16234|Q6P6C2_DEVVSRAEK|0.0
P16234|Q6P6C2_VRRGSVTVL|0.0
P16234|Q6P6C2_PRLETKSLS|0.106
P16234|Q6P6C2_LETKSLSSS|0.0
P16234|Q6P6C2_SDRLSGNNR|0.0
P16234|Q6P6C2_WRKSYESSE|0.4
P16234|Q3KRA9_DAASSPPNA|0.0
P16234|Q3KRA9_RVSLTIRRV|0.0
P16234|Q96BT7_SNHQSNYKL|0.0
P16234|Q96BT7_KLSKTEKKF|0.0
P16234|Q96BT7_EGIETVSYA|0.006
P16234|Q96BT7_CNCSYPLVC|0.046
P16234|Q96BT7_LVCDSQRKE|0.0
P16234|Q96BT7_GNRNSQGKK|0.004
P16234|Q96BT7_RDSASSVPR|0.0
P16234|Q8N6M5_AELKSDDWS|0.0
P16234|Q8TCU4_LPPLSPPQH|0.0
P16234|Q8TCU4_DDQKTESWH|0.0
P16234|Q8TCU4_TDFPSLEEG|0.0
P16234|Q8TCU4_DCDRYDDLC|0.031
P16234|Q8TCU4_DDLCSYMSW|0.0
P16234|Q8TCU4_DLCSYMSWK|0.295
P16234|Q8TCU4_DAARSYGQY|0.152
P16234|Q8TCU4_AARSYGQYW|0.209
P16234|Q8TCU4_SYGQYWTQE|0.219
P16234|Q8TCU4_RESEYHSSD|0.41
P16234|Q8TCU4_MSPDTVPKA|0.0
P16234|Q8TCU4_GSHLSLSLE|0.0
P16234|Q8TCU4_QKTATPTVL|0.0
P16234|Q8TCU4_SSSHSHRGK|0.0
P16234|Q8TCU4_PGTFYQQEL|0.0
P16234|Q8TCU4_VSAVSGPAD|0.0
P16234|Q8TCU4_ADQKTGTAT|0.001
P16234|Q8TCU4_ATVLSTPHS|0.0
P16234|Q8TCU4_TVLSTPHSH|0.0
P16234|Q8TCU4_KVSATPGPA|0.0
P16234|Q8TCU4_ADQKTEIPA|0.0
P16234|Q8TCU4_VQSSSYSQR|0.001
P16234|Q8TCU4_QSSSYSQRE|0.0
P16234|Q8TCU4_SSSYSQREK|0.279
P16234|Q8TCU4_PSSAYSHRE|0.0
P16234|Q8TCU4_PSAFYQQTL|0.118
P16234|Q8TCU4_NSHLTEEAL|0.0
P16234|Q8TCU4_LPRESLKMS|0.0
P16234|Q8TCU4_SLKMSAIPG|0.0
P16234|Q8TCU4_IPGLTDQKT|0.0
P16234|Q8TCU4_VPTPTVPSG|0.0
P16234|Q8TCU4_ALKVSTGPG|0.0
P16234|Q8TCU4_QSSSYPQRE|0.022
P16234|Q8TCU4_PSVLYPQVL|0.413
P16234|Q8TCU4_VLSDSHLPE|0.0
P16234|Q8TCU4_LPEESLKVS|0.0
P16234|Q8TCU4_PGIFYQQTL|0.203
P16234|Q8TCU4_LSTFYSQRE|0.002
P16234|Q8TCU4_STFYSQREK|0.0
P16234|Q8TCU4_AQKVSPVLG|0.0
P16234|Q8TCU4_PGIFYQQVL|0.133
P16234|Q8TCU4_ISVASEPVD|0.0
P16234|Q8TCU4_PVDQTTGTP|0.001
P16234|Q8TCU4_VTSTSYSQY|0.0
P16234|Q8TCU4_PSIFYQQSL|0.0
P16234|Q8TCU4_FYQQSLPSS|0.059
P16234|Q8TCU4_PGVFYQQVL|0.0
P16234|Q8TCU4_APTITSPSY|0.004
P16234|Q8TCU4_HRAKSGSFY|0.0
P16234|Q8TCU4_AKSGSFYQL|0.001
P16234|Q8TCU4_ALLDSPLNK|0.0
P16234|Q8TCU4_PVHSTSYSN|0.212
P16234|Q8TCU4_SSSLYSYRE|0.067
P16234|Q8TCU4_QREHSVISY|0.276
P16234|Q8TCU4_VPLSYYSRR|0.0
P16234|Q8TCU4_PLSYYSRRE|0.415
P16234|Q8TCU4_LSYYSRREK|0.002
P16234|Q8TCU4_ALKVSPVSI|0.0
P16234|Q8TCU4_HREKSNIFS|0.0
P16234|Q8TCU4_RDVGSEEIQ|0.0
P16234|Q8TCU4_DAENSAKTL|0.0
P16234|Q8TCU4_KEPSSTGVS|0.0
P16234|Q8TCU4_ISSTTVRSP|0.0
P16234|Q8TCU4_IPMMTVIKS|0.264
P16234|Q8TCU4_LQCESSLNH|0.0
P16234|Q8TCU4_QCESSLNHA|0.0
P16234|Q8TCU4_KVWNSLQLK|0.0
P16234|Q8TCU4_LKSHSPFQN|0.16
P16234|Q8TCU4_SQMPSPEPM|0.0
P16234|Q8TCU4_KKFTTSITF|0.0
P16234|Q8TCU4_GVFNSHFTE|0.0
P16234|Q8TCU4_NSHFTEEQN|0.0
P16234|Q8TCU4_LKQKTSSPS|0.0
P16234|Q8TCU4_KQKTSSPSS|0.0
P16234|Q8TCU4_MHSNSQDKE|0.127
P16234|Q8TCU4_GRRQSQKLP|0.0
P16234|Q8TCU4_RSDFTGSHS|0.0
P16234|Q8TCU4_NVTITPDLP|0.087
P16234|Q8TCU4_RENHSPLPQ|0.0
P16234|Q8TCU4_SDLPSPISL|0.0
P16234|Q8TCU4_AASASTPPS|0.0
P16234|Q8TCU4_ASASTPPSN|0.0
P16234|Q8TCU4_RKALSCVHI|0.0
P16234|Q8TCU4_LDSGTLDER|0.0
P16234|Q8TCU4_ERFHSLDAA|0.0
P16234|Q8TCU4_QDQESLGFL|0.0
P16234|Q8TCU4_LGPKSSLDF|0.0
P16234|Q8TCU4_GPKSSLDFQ|0.002
P16234|Q8TCU4_KTIPSQNSQ|0.0
P16234|Q8TCU4_PSQNSQIVT|0.0
P16234|Q8TCU4_NPEGTPVFA|0.0
P16234|Q8TCU4_ITTESPEKT|0.0
P16234|Q8TCU4_QVTFSRGTD|0.0
P16234|Q8TCU4_STKMYYVPQ|0.19
P16234|Q8TCU4_TKMYYVPQL|0.087
P16234|Q8TCU4_KEGIYSKRV|0.0
P16234|Q8TCU4_FMRHSWKDF|0.0
P16234|Q8TCU4_NMDKTKTDY|0.07
P16234|Q8TCU4_IKSLSINVN|0.0
P16234|Q8TCU4_KRFKSLEKS|0.0
P16234|Q8TCU4_HERSSSVST|0.0
P16234|Q8TCU4_ERSSSVSTI|0.0
P16234|Q8TCU4_RVCLSPRRI|0.0
P16234|Q8TCU4_KLYSSITNQ|0.0
P16234|Q8TCU4_VESRSKKEN|0.123
P16234|Q8TCU4_NVPNTCGPG|0.0
P16234|Q8TCU4_SKRIYEQLP|0.0
P16234|P18054_GLPLTIAAD|0.001
P16234|P18054_LLRRSTSLP|0.0
P16234|P18054_TSLPSRLVL|0.001
P16234|P18054_LVLPSGMEE|0.0
P16234|P18054_GEKQYLAAP|0.263
P16234|P18054_PHIRYTMEI|0.29
P16234|P18054_TQLISDGGI|0.0
P16234|P18054_EKYFSGPKP|0.001
P16234|O75342__MATYKVRV|0.327
P16234|O75342_LGEGTCLQA|0.0
P16234|O75342_YLADYRIME|0.28
P16234|O75342_EGIPTVELS|0.0
P16234|O75342_TVELSGRKQ|0.248
P16234|O75342_DLPGYYYRD|0.327
P16234|O75342_LPGYYYRDD|0.412
P16234|O75342_PPIQTKGLT|0.0
P16234|P16050__MGLYRIRV|0.506
P16234|P16050_DFEVSLAKG|0.001
P16234|P16050_SLQMSITWQ|0.14
P16234|O15296_SIVGTRGES|0.0
P16234|P20292_QNGRSFQRT|0.0
P16234|Q9BYJ1_LRPGTARTI|0.299
P16234|Q9BYJ1_LDHRTRELR|0.19
P16234|Q9BYJ1_ALTKTTTCV|0.0
P16234|Q9BYJ1_KLPVTNDMV|0.428
P16234|Q9BYJ1_TCLQTELER|0.0
P16234|Q9BYJ1_CHPIYKLLL|0.295
P16234|Q9BYJ1_AAFQSRLAQ|0.175
P16234|Q9BYJ1-2_PARGTGCVR|0.0
P16234|Q9H0A0_LGFSSHRKK|0.0
P16234|Q9H0A0_LLARTVETV|0.0
P16234|Q9H0A0_RTMNSLKQL|0.0
P16234|Q9H0A0_LYTVTMDVH|0.155
P16234|Q9H0A0_SRYRTEAHQ|0.085
P16234|Q9H0A0_LPPQTPDES|0.0
P16234|Q9H0A0_IEGISEKTL|0.0
P16234|Q9H0A0_TINGYEGTG|0.01
P16234|Q9H0A0_QSAQSQVST|0.0
P16234|Q9H0A0_SILNSLSRG|0.0
P16234|Q9H0A0_VHPDYQGMG|0.009
P16234|Q9H0A0_KVLETPQEI|0.0
P16234|Q9H0A0_SEAVSLLEE|0.0
P16234|Q9H0A0_EEVITPRKD|0.0
P16234|Q9H0A0_PNDLTGEHS|0.0
P16234|Q9H0A0_LFLPYDLKR|0.324
P16234|Q9H0A0_VMEPTMKTL|0.0
P16234|Q9H0A0_GKLKSMDLS|0.0
P16234|Q9H0A0_DLSEYIIRG|0.0
P16234|Q96L96_IVTGYPEPE|0.373
P16234|Q96L96_YKDDTELDR|0.395
P16234|Q96L96_ELDRYCGLP|0.404
P16234|Q96L96_TLQLYRCRE|0.16
P16234|Q96L96_LRKLSPDRF|0.0
P16234|Q96L96_KRRLSGAQA|0.0
P16234|Q96L96_PSVPTREPE|0.0
P16234|Q96L96_VQVPTPPAR|0.0
P16234|Q96L96_ADRKTQVDA|0.0
P16234|Q96L96_VDAGTQESK|0.0
P16234|Q96L96_GTQESKRPQ|0.0
P16234|Q96L96_MEGQSEQEV|0.003
P16234|Q96L96_VAGLSPRTS|0.0
P16234|Q96L96_TLLLSPCTS|0.0
P16234|Q96L96_DGEATTPEE|0.0
P16234|Q96L96_GEATTPEER|0.0
P16234|Q96L96_EERESPTVS|0.0
P16234|Q96L96_SPTVSPRGP|0.0
P16234|Q96L96_LVPGSPGTP|0.0
P16234|Q96L96_GSPGTPGRE|0.0
P16234|Q96L96_GRKASMLEV|0.0
P16234|Q96L96_PEVLSGFIS|0.0
P16234|Q96L96_SGFISREEG|0.002
P16234|Q96L96_LRKASQAKV|0.0
P16234|Q96L96_AKVIYGLEP|0.214
P16234|Q96L96_PIFESGRTC|0.0
P16234|Q96L96_SFLVTDLAG|0.0
P16234|Q96L96_DRFASSHQC|0.001
P16234|Q96L96_RFASSHQCN|0.009
P16234|Q96L96_GSQLSPQPQ|0.0
P16234|Q96L96_KGLPSPQGT|0.0
P16234|Q86TB3_KTLQTSTDS|0.0
P16234|Q86TB3_TSTDSVSKE|0.0
P16234|Q86TB3_TDSVSKEGN|0.001
P16234|Q86TB3_CRAPSVPGV|0.0
P16234|Q86TB3_PLPSSPDLT|0.0
P16234|Q86TB3_YGKVTAEFN|0.432
P16234|Q86TB3_IQRNYKLAA|0.034
P16234|Q86TB3_GMKLTDVGI|0.0
P16234|Q86TB3_VGIATLAKG|0.0
P16234|Q96QP1_DRFLYGLDV|0.45
P16234|Q96QP1_GLDVSGKLL|0.0
P16234|Q96QP1_KGLSTSLGI|0.0
P16234|Q96QP1_TSSRSQDRE|0.0
P16234|Q96QP1_HSRPSYRSA|0.0
P16234|Q96QP1_SRPSYRSAS|0.303
P16234|Q96QP1_YRSASWSSD|0.378
P16234|Q96QP1_GTHPSVQKE|0.0
P16234|Q96QP1_KASPSWVDP|0.0
P16234|Q96QP1_VLHNSLGNI|0.0
P16234|Q96QP1_YLGDYLTVK|0.422
P16234|Q8ND56_MSGGTPYIG|0.0
P16234|Q8ND56_PYIGSKISL|0.0
P16234|Q8ND56_AEIRYEGIL|0.0
P16234|Q8ND56_EGILYTIDT|0.0
P16234|Q8ND56_EVFEYIIFR|0.0
P16234|Q8ND56_SMGSYGPFG|0.0
P16234|Q8ND56_GRMPTYSQF|0.0
P16234|Q8ND56_SPVSTRPLP|0.0
P16234|Q8ND56_RPLPSASQK|0.0
P16234|Q8ND56_VHKVSRPEN|0.0
P16234|Q8ND56_PGAPSAPRR|0.0
P16234|Q8ND56_FDFESANAQ|0.0
P16234|Q8ND56_DKGDSGVDT|0.0
P16234|Q8ND56_DTQNSEGNA|0.0
P16234|Q8ND56_GPNCYYDKT|0.0
P16234|Q8ND56_PNCYYDKTK|0.435
P16234|Q8ND56_YYDKTKSFF|0.0
P16234|Q8ND56_DKTKSFFDN|0.0
P16234|Q8ND56_FDNISCDDN|0.0
P16234|Q8ND56_ERRPTWAEE|0.0
P16234|Q8ND56_LNAETFGIP|0.0
P16234|Q8ND56_GRGGYRGRG|0.0
P16234|Q8ND56_ADFEYRKTT|0.0
P16234|P09923_NEVISVMNR|0.0
P16234|P09923_VQHASPAGT|0.0
P16234|P09923_PAGTYAHTV|0.001
P16234|P09923_VWNRTELMQ|0.0
P16234|P05186_QKLNTNVAK|0.153
P16234|P05186_QVPDSAGTA|0.0
P16234|P05186_DSAGTATAY|0.437
P16234|P05186_TATAYLCGV|0.251
P16234|P05186_TVGVSAATE|0.0
P16234|P05186_DAGKSVGIV|0.0
P16234|P05186-2__MPWSFRSS|0.0
P16234|P05187_QPAQTAAKN|0.001
P16234|P05187_VQHASPAGT|0.0
P16234|P05187_PAGTYAHTV|0.0
P16234|P05187_NRNWYSDAD|0.217
P16234|P05187_DVPASARQE|0.0
P16234|P05187_FRMGTPDPE|0.0
P16234|P05187_PDPEYPDDY|0.388
P16234|P05187_YPDDYSQGG|0.425
P16234|P05187_PDDYSQGGT|0.096
P16234|P05187_AGQLTSEED|0.0
P16234|P05187_GQLTSEEDT|0.0
P16234|P05187_SEEDTLSLV|0.0
P16234|P05187_LSLVTADHS|0.0
P16234|P05187_RKAYTVLLY|0.316
P16234|P05187_RPDVTESES|0.0
P16234|P05187_DVTESESGS|0.0
P16234|P05187_TESESGSPE|0.0
P16234|P05187_SESGSPEYR|0.191
P16234|P05187_GSPEYRQQS|0.221
P16234|P05187_YRQQSAVPL|0.034
P16234|P05187_LDEETHAGE|0.0
P16234|P10696_QPAQTAAKN|0.0
P16234|P10696_HVPDSGATA|0.0
P16234|P10696_DSGATATAY|0.0
P16234|P10696_NRNWYSDAD|0.173
P16234|P10696_DVPASARQE|0.0
P16234|P10696_GGRKYMFPM|0.0
P16234|P10696_FPMGTPDPE|0.0
P16234|P10696_PDPEYPDDY|0.392
P16234|P10696_YPDDYSQGG|0.433
P16234|P10696_PDDYSQGGT|0.016
P16234|P10696_AGQLTSEED|0.0
P16234|P10696_GQLTSEEDT|0.0
P16234|P10696_SEEDTLSLV|0.0
P16234|P10696_LSLVTADHS|0.0
P16234|P10696_DRKAYTVLL|0.017
P16234|P10696_RKAYTVLLY|0.291
P16234|P10696_TVLLYGNGP|0.001
P16234|P10696_NGPGYVLKD|0.012
P16234|P10696_RPDVTESES|0.0
P16234|P10696_DVTESESGS|0.0
P16234|P10696_TESESGSPE|0.0
P16234|P10696_SESGSPEYR|0.053
P16234|P10696_GSPEYRQQS|0.153
P16234|Q96Q42_SFPITPERL|0.0
P16234|Q96Q42_LRKLSDHSV|0.007
P16234|Q96Q42_LSDHSVRED|0.0
P16234|Q96Q42_VREDSEHGE|0.283
P16234|Q96Q42_QGKKSSSLV|0.0
P16234|Q96Q42_PGLLSQVSP|0.011
P16234|Q96Q42_TVVLTPTYS|0.011
P16234|Q96Q42_PSLRTEVWT|0.14
P16234|Q96Q42_TEVWTWGKG|0.163
P16234|Q96Q42_SDIKSQILR|0.0
P16234|Q96Q42_KYTFYKDPR|0.407
P16234|Q96Q42_GRWLSGKPH|0.0
P16234|Q96Q42_LEDGYGEYR|0.302
P16234|Q96Q42_QHRDSPEIL|0.002
P16234|Q96Q42_ILSRSQTQT|0.0
P16234|Q96Q42_QTLESLEFI|0.008
P16234|Q96Q42_LVAVYRMTY|0.405
P16234|Q96Q42_YRMTYVGVG|0.439
P16234|Q96Q42_TERKSFCTG|0.0
P16234|Q96Q42_CTGKSDSRS|0.0
P16234|Q96Q42_GKSDSRSES|0.149
P16234|Q96Q42_PEPGYVVTS|0.417
P16234|Q60I27_ELRRSQDYL|0.425
P16234|Q53TS8_SLQHYANLF|0.379
P16234|Q53TS8_VPRRYDDKR|0.026
P16234|Q53TS8_DQDNSTADA|0.01
P16234|Q53TS8_QDNSTADAS|0.0
P16234|Q53TS8_KMLETENKL|0.0
P16234|Q53TS8_PTINTIKGL|0.0
P16234|Q53TS8_SLLGTGITS|0.0
P16234|Q53TS8_NLKDSQEYY|0.002
P16234|Q53TS8_DSQEYYSEI|0.105
P16234|Q53TS8_KNDLSSTLE|0.009
P16234|Q53TS8_NDLSSTLES|0.0
P16234|Q53TS8_TTLQTVSED|0.0
P16234|Q53TS8_EQKSYYTKE|0.0
P16234|Q53TS8_QKSYYTKEE|0.322
P16234|Q53TS8_KSYYTKEEA|0.137
P16234|Q53TS8_WGGKSKITQ|0.0
P16234|Q53TS8_KHLVTFAQY|0.39
P16234|Q53TS8_PEIQSFQYK|0.0
P16234|Q53TS8_QSFQYKVVE|0.455
P16234|Q96Q35_SSKLTPLVP|0.0
P16234|Q96Q45_KKPRTKNTP|0.0
P16234|Q96Q45_RTKNTPASA|0.0
P16234|Q96Q45_NTPASASLE|0.0
P16234|Q96Q45_GLAQTAGRR|0.0
P16234|Q96Q45_GNEPSTKEL|0.0
P16234|Q96Q45_LETSSTQKK|0.0
P16234|Q96Q45_TQKKSSSSS|0.0
P16234|Q96Q45_QKKSSSSSL|0.0
P16234|Q96Q45_KKSSSSSLL|0.0
P16234|Q96Q45_KSSSSSLLR|0.0
P16234|Q96Q45_SSSSSLLRN|0.0
P16234|Q96Q45_PRRKTKKTQ|0.0
P16234|O95076_HLPLSPGLP|0.0
P16234|O95076_QKTHYPDVY|0.439
P16234|O95076_YPDVYAREQ|0.477
P16234|O95076_GDYKSPSLV|0.004
P16234|O95076_PSLVSLRVK|0.0
P16234|Q9H161_SRARYGAGQ|0.236
P16234|Q9H161_GACKTPPDG|0.0
P16234|Q9H161_DRKTSSIAA|0.0
P16234|Q9H161_RKTSSIAAL|0.0
P16234|Q96KT7__MAGSHPYF|0.304
P16234|P0C7Q6_GLALSLGLL|0.0
P16234|P0C7Q6_GLLVYRSLH|0.0
P16234|Q9UHK6_HDINYLALS|0.202
P16234|Q9UHK6_REEIYQLNS|0.289
P16234|Q9UHK6-2_GQSGSFCRL|0.0
P16234|Q9UHK6-2_HDINYLALS|0.0
P16234|Q9UHK6-2_YLALSGGRN|0.0
P16234|Q9UHK6-2_SVGSTSRTE|0.0
P16234|Q9NP70_LADVYRTYD|0.224
P16234|P02760_RMTVSTLVL|0.0
P16234|P02760_GEGATEAEI|0.0
P16234|Q9C0C7_LRNLSLGPT|0.0
P16234|Q9C0C7_SLGPTRRSL|0.0
P16234|Q9C0C7_GQTPSSSRL|0.0
P16234|Q9C0C7_QTPSSSRLE|0.001
P16234|Q9C0C7_RLLESSLIS|0.0
P16234|Q9C0C7_PARLSPAAY|0.311
P16234|Q9C0C7_NARMSAPSL|0.022
P16234|Q9C0C7_MSAPSLGRF|0.0
P16234|Q9C0C7_LLPEYLPYA|0.385
P16234|Q9C0C7_LGLAYGTNK|0.22
P16234|Q9C0C7_LAYGTNKGD|0.14
P16234|Q9C0C7_RIHRSSQTG|0.001
P16234|Q9C0C7_IHRSSQTGT|0.0
P16234|Q9C0C7_GAAHTSSPQ|0.224
P16234|Q9C0C7_AAHTSSPQP|0.0
P16234|Q9C0C7_ERGLSPRTA|0.0
P16234|P17707_KQEAYVLSE|0.0
P16234|P17707_SMFVSKRRF|0.299
P16234|P17707_QSFFYSRKN|0.375
P16234|P17707_SFFYSRKNF|0.0
P16234|Q96NU7_LDLETELKM|0.259
P16234|Q96NU7_EHLIYQFGG|0.455
P16234|Q96NU7_ELIEYVIAK|0.388
P16234|Q9UKV5_PTQRSDSIR|0.0
P16234|Q9UKV5_EEGETSAQT|0.0
P16234|Q9UKV5_EGETSAQTE|0.0
P16234|Q9UKV5_RLEETLDFG|0.0
P16234|Q9UKV5_EVEPSEVED|0.0
P16234|Q9UKV5_LNKSSEDDA|0.0
P16234|Q9UKV5_SDPVTLRRR|0.0
P16234|P03971_DLPLTSLAL|0.0
P16234|P03971_LPLTSLALV|0.0
P16234|P03971_ALVLSALGA|0.0
P16234|P03971_ALLGTEALR|0.0
P16234|P03971_AVGTSGLIF|0.003
P16234|P03971_SLCPSRDTR|0.0
P16234|P03971_KLLISLSEE|0.0
P16234|P03971_LISLSEERI|0.0
P16234|Q86YT9_AKDEYVLYY|0.535
P16234|Q86YT9_YVLYYYSNL|0.443
P16234|Q86YT9_VLYYYSNLS|0.414
P16234|Q86YT9_EYSQSWGHF|0.004
P16234|Q86YT9_EKHIYSPII|0.49
P16234|Q86YT9_KHIYSPIIV|0.42
P16234|Q86WK6_KPGNTLPVP|0.0
P16234|Q86WK6_VPEATGKGQ|0.0
P16234|Q86WK6_ESVSSVFSD|0.0
P16234|Q86SJ2_SDSDSVNSV|0.054
P16234|Q86SJ2_NSVFSDTPF|0.0
P16234|Q86SJ2_VFSDTPFVA|0.445
P16234|Q86WK7_VGLGTPDSE|0.0
P16234|Q86WK7_LVGRSLRLY|0.0
P16234|Q86WK7_RAPGSRDGS|0.0
P16234|Q86WK7_SRKASVHKH|0.0
P16234|Q86WK7_LKAGSESAS|0.004
P16234|Q86WK7_AGSESASSI|0.0
P16234|Q86WK7_SESASSIGS|0.0
P16234|Q01196_SGDRSMVEV|0.0
P16234|Q01196_VRTDSPNFL|0.006
P16234|Q01196_TKPGSLSFS|0.032
P16234|Q01196_SERLSELEQ|0.0
P16234|Q01196_HPAPTPNPR|0.0
P16234|Q01196_NPRASLNHS|0.0
P16234|Q01196_PQPQSQMQD|0.0
P16234|Q01196_SPPWSYDQS|0.365
P16234|Q01196_PPWSYDQSY|0.094
P16234|Q01196_SYDQSYQYL|0.356
P16234|Q01196_YDQSYQYLG|0.269
P16234|Q01196_QYLGSIASP|0.0
P16234|Q01196_SSRLSTAPD|0.0
P16234|Q01196_AFTYSPTPV|0.144
P16234|Q01196_TYSPTPVTS|0.005
P16234|Q01196_LPNQSDVVE|0.0
P16234|Q01196_EGSHSNSPT|0.0
P16234|Q01196_VWRPY____|0.479
P16234|Q01196-2_PWARTPSWG|0.0
P16234|Q01196-8_SRLSTAPDL|0.0
P16234|Q13761_FTPPSPAFP|0.0
P16234|Q13761_RVTPSTPSP|0.0
P16234|Q13761_VTPSTPSPR|0.0
P16234|Q13761_PSTPSPRGS|0.0
P16234|Q13761_RGSLSTTSH|0.0
P16234|Q13761_SLSTTSHFS|0.0
P16234|Q13761_SHFSSQPQT|0.0
P16234|Q13761_SQPQTPIQG|0.0
P16234|Q13761_QFDRSFPTL|0.0
P16234|Q13761_RSFPTLPTL|0.0
P16234|Q13761_TLTESRFPD|0.0
P16234|Q13950_PPSSSLQPG|0.351
P16234|Q13950_KLDDSKPSL|0.0
P16234|Q13950_SDRLSDLGR|0.0
P16234|Q13950_NPRPSLNSA|0.0
P16234|Q13950_DTATSDFCL|0.0
P16234|Q13950_RQFPSISSL|0.0
P16234|Q13950_ESRFSNPRM|0.0
P16234|Q13950_VWRPY____|0.433
P16234|Q13950-2_GGDRSPSRM|0.0
P16234|Q13950-3_PRRISGASE|0.0
P16234|Q13950-3_ISGASELGP|0.0
P16234|Q9Y4X0_QKLSSSPPS|0.0
P16234|Q9Y4X0_SSPPSGSGG|0.0
P16234|Q9Y4X0_PPSGSGGGG|0.0
P16234|Q9Y4X0_GGASSSSHC|0.0
P16234|Q9Y4X0_SSHCSGESQ|0.0
P16234|Q6DCA0_VSDLTLGPG|0.0
P16234|Q6DCA0_NSPITRMNP|0.0
P16234|Q6DCA0_SGALSPLPR|0.0
P16234|Q6DCA0_FPPLTREEL|0.0
P16234|Q6DCA0_EFRKTIKLT|0.0
P16234|Q9BXJ7_VWGSSAAGL|0.0
P16234|Q9BXJ7_PRRLSLVPK|0.0
P16234|Q8IY45_PRRVSQLLD|0.0
P16234|Q8IY45_NISRYLTDI|0.0
P16234|Q8IY45_GNRVSVTSE|0.0
P16234|Q8IY45_VSVTSEGIK|0.0
P16234|Q4VCS5_ELPTYEEAK|0.495
P16234|Q4VCS5_PNQHSLKGM|0.0
P16234|Q4VCS5_SSASYQPVP|0.322
P16234|Q4VCS5_AEKEYEGSE|0.199
P16234|Q4VCS5_KKQVYVDKV|0.318
P16234|Q4VCS5_TTVISHSPN|0.0
P16234|Q4VCS5_VISHSPNTS|0.0
P16234|Q4VCS5_HSPNTSYDT|0.0
P16234|Q4VCS5_SPNTSYDTA|0.005
P16234|Q4VCS5_PNTSYDTAL|0.56
P16234|Q4VCS5_RPAKSLMSI|0.0
P16234|Q4VCS5_SWKGSLGIL|0.0
P16234|Q4VCS5_YRAEYVPST|0.437
P16234|Q4VCS5_PSTPSPVPP|0.0
P16234|Q4VCS5_PVFHSNTLE|0.0
P16234|Q8IY63_ELPTYEEAK|0.252
P16234|Q8IY63_AKAQSQFFR|0.0
P16234|Q8IY63_VGHGYYMAG|0.418
P16234|Q8IY63_GHGYYMAGG|0.414
P16234|Q8IY63_MAGGTSQKS|0.0
P16234|Q8IY63_AGGTSQKSR|0.0
P16234|Q8IY63_KQMMSPVSK|0.0
P16234|Q8IY63_EYGVTSRPC|0.0
P16234|Q8IY63_YGVTSRPCQ|0.149
P16234|Q8IY63_EAYESLVKS|0.0
P16234|Q8IY63_AEGHYASQN|0.42
P16234|Q8IY63_NMPEYNAPA|0.317
P16234|Q8IY63_NAAATAAAE|0.0
P16234|Q8IY63_AERDTTIIN|0.0
P16234|Q8IY63_ERDTTIINH|0.0
P16234|Q8IY63_SRNGSYGES|0.0
P16234|Q8IY63_RSVPSIAAA|0.0
P16234|Q8IY63_SLTSSQLAE|0.0
P16234|Q8IY63_SKDSSTQTD|0.0
P16234|Q8IY63_KDSSTQTDK|0.0
P16234|Q8IY63_SSTQTDKSA|0.0
P16234|Q8IY63_PSMASLPSR|0.0
P16234|Q8IY63_ASLPSRGRL|0.0
P16234|Q8IY63_AAKGTAEKL|0.0
P16234|Q8IY63_GRVSSLLHK|0.0
P16234|Q9Y2J4_DSSGTVLHR|0.02
P16234|Q9Y2J4_EQLRYGNLT|0.0
P16234|Q9Y2J4_GGAGTGGTG|0.0
P16234|Q9Y2J4_GGTGSPQAS|0.0
P16234|Q9Y2J4_SPQASLEIL|0.0
P16234|Q9Y2J4_ENTLYRLCP|0.509
P16234|Q9Y2J4_GHVRSLSER|0.0
P16234|Q9Y2J4_LLQLSLERN|0.0
P16234|Q9Y2J4_ARAPSHMSS|0.0
P16234|Q9Y2J4_SSSHSFPQL|0.0
P16234|Q9Y2J4_RARGSPHFQ|0.0
P16234|Q9Y2J4_GSSGSGGSP|0.0
P16234|Q9Y2J4_GSGGSPELS|0.0
P16234|Q9Y2J4_WEQKYLEER|0.036
P16234|Q9Y2J4_AQRDTTLIR|0.001
P16234|Q9Y2J4_LIRHSPQPS|0.0
P16234|Q9Y2J4_SPQPSPSSS|0.0
P16234|Q9Y2J4_QPSPSSSFN|0.0
P16234|Q9Y2J4_PSPSSSFNE|0.0
P16234|Q9Y2J4_SPSSSFNEG|0.002
P16234|Q9Y2J4_AIQGSLRPA|0.0
P16234|Q9Y2J4_RPAKSVPSV|0.0
P16234|Q9Y2J4_LGCSSSQRA|0.0
P16234|Q9Y2J4_ASLDSVATS|0.0
P16234|P23109_TVNLSIPLS|0.0
P16234|P23109_FIKKSYQID|0.354
P16234|P23109_IKKSYQIDA|0.002
P16234|P23109_VVYSTKEKN|0.41
P16234|P23109_PSYTYYAYY|0.533
P16234|P23109_YYAYYMYAN|0.542
P16234|P23109_ADDISHGLN|0.0
P16234|Q01433_PPLQSARSL|0.0
P16234|Q01433_LDLRTSMDG|0.001
P16234|Q01433_SLAESELRS|0.0
P16234|Q01433_SELRSAPYE|0.013
P16234|Q01433_RSAPYEFPE|0.126
P16234|Q01433_DLQLYKEQG|0.331
P16234|Q01433_QGDRSLRER|0.004
P16234|Q01433_IREKYMALS|0.364
P16234|Q01433_QGPDTPVSA|0.167
P16234|Q01433_DTPVSADAP|0.0
P16234|Q01433_EQHPYEHCE|0.335
P16234|Q01433_CEPSTMPGD|0.002
P16234|Q01433_FNAKYNPIG|0.017
P16234|Q01433_PIGESVLRE|0.002
P16234|Q01433_IFIKTDNRV|0.001
P16234|Q01433_KEVMSDLEE|0.0
P16234|Q01433_PVLQYLYYL|0.541
P16234|Q01433_GITMSPGPQ|0.0
P16234|Q01433-2_DLQLYKEQG|0.048
P16234|Q01432_PPAASPAMS|0.0
P16234|Q01432_PRITSQYLG|0.062
P16234|Q01432_ELEESKYQY|0.095
P16234|Q01432_EESKYQYSE|0.524
P16234|Q01432_SKYQYSEPR|0.193
P16234|Q01432_LKYVTGFDS|0.212
P16234|Q01432_TGFDSVDDE|0.0
P16234|Q01432_VDDESKHSD|0.0
P16234|Q01432_DHMFSDKSP|0.0
P16234|Q01432_DIRKTNVAQ|0.0
P16234|Q01432-5_MEPGSAEMP|0.0
P16234|P49418_KADETKDEQ|0.0
P16234|P49418_MQEASMKLT|0.0
P16234|P49418_KLVDYDSAR|0.09
P16234|P49418_VDYDSARHH|0.318
P16234|P49418_FKNVSSLEA|0.0
P16234|P49418_KNVSSLEAK|0.0
P16234|P49418_QGAPSDSGP|0.0
P16234|P49418_PEEPSPLPS|0.001
P16234|P49418_LAAVTPAVG|0.0
P16234|P49418_LGMDTRAEE|0.0
P16234|P49418_LVVPSDSEA|0.0
P16234|Q13131_RRLSSWRKM|0.0
P16234|Q13131_DFGLSNMMS|0.0
P16234|Q13131_SNMMSDGEF|0.0
P16234|Q13131_TSCGSPNYA|0.0
P16234|Q13131_GSPNYAAPE|0.198
P16234|Q13131_YTPQYLNPS|0.402
P16234|Q13131_PEDPSYSST|0.195
P16234|Q13131_EDPSYSSTM|0.383
P16234|Q13131_AKDFYLATS|0.44
P16234|Q13131_VVNPYYLRV|0.418
P16234|Q13131_SLQLYQVDS|0.357
P16234|Q13131_SGSVSNYRS|0.022
P16234|Q13131_SVSNYRSCQ|0.203
P16234|Q13131_SSEVSLTSS|0.0
P16234|Q13131_EVSLTSSVT|0.0
P16234|Q13131_TSSVTSLDS|0.0
P16234|Q13131_SLDSSPVDL|0.0
P16234|P54646_DFGLSNMMS|0.0
P16234|P54646_SNMMSDGEF|0.0
P16234|P54646_GGVFYIPEY|0.412
P16234|P54646_VEQRSGSST|0.0
P16234|P54646_QRSGSSTPQ|0.0
P16234|P54646_RSGSSTPQR|0.0
P16234|P54646_TPQRSCSAA|0.0
P16234|P54646_RPRSSFDST|0.082
P16234|P54646_TTAESHSLS|0.0
P16234|P54646_AESHSLSGS|0.0
P16234|P54646_SLSGSLTGS|0.0
P16234|P54646_TGSLTGSTL|0.0
P16234|P54646_LTGSTLSSV|0.0
P16234|P54646_STLSSVSPR|0.0
P16234|P54646_PRLGSHTMD|0.0
P16234|Q9Y478_RRDSSGGTK|0.0
P16234|Q9Y478_SSGGTKDGD|0.0
P16234|Q9Y478_DLFHSEEIK|0.0
P16234|Q9Y478_GKEVYLSGS|0.493
P16234|Q9Y478_EVYLSGSFN|0.279
P16234|Q9Y478_FNNWSKLPL|0.171
P16234|Q9Y478_THDPSEPIV|0.063
P16234|Q9Y478_PIVTSQLGT|0.091
P16234|Q9Y478_LMVDSQKCS|0.03
P16234|Q9Y478_PPGPYHQEP|0.262
P16234|Q9Y478_VLSATHRYK|0.284
P16234|Q9Y478_YKKKYVTTL|0.489
P16234|O43741_KAARSEGAG|0.117
P16234|O43741_PSVFSLPDS|0.259
P16234|O43741_KEFVSWQQD|0.081
P16234|O43741_DLEDSVKPT|0.035
P16234|O43741_EVFISGSFN|0.0
P16234|O43741_FNNWSTKIP|0.0
P16234|O43741_GQEMYAFRS|0.412
P16234|O43741_ERFKSPPIL|0.225
P16234|O43741_YKKKYVTTL|0.442
P16234|P54619_SSDSSPAVE|0.0
P16234|P54619_LVQIYELEE|0.038
P16234|P54619_HRSHYFEGV|0.418
P16234|Q9UGJ0_QKRRSLRVH|0.0
P16234|Q9UGJ0_IPDLSSFAM|0.299
P16234|Q9UGJ0_PDLSSFAMP|0.0
P16234|Q9UGJ0_DLEGSGKHS|0.0
P16234|Q9UGJ0_RKVDSPFGP|0.0
P16234|Q9UGJ0_PGSPSKGFF|0.0
P16234|Q9UGJ0_QPRPSSPMS|0.0
P16234|Q9UGJ0_PRPSSPMSA|0.0
P16234|Q9UGJ0_SSPMSAPVR|0.0
P16234|Q9UGJ0_VRPKTSPGS|0.0
P16234|Q9UGJ0_RPKTSPGSP|0.0
P16234|Q9UGJ0_TSPGSPKTV|0.0
P16234|Q9UGJ0_VFPFSYQES|0.289
P16234|Q9UGJ0_SPPRSPRRM|0.001
P16234|Q9UGJ0_PRRMSFSGI|0.001
P16234|Q9UGJ0_FRSSSKESS|0.0
P16234|Q9UGJ0_SNPATSPGG|0.0
P16234|Q9UGJ0_IRFFSRSRK|0.059
P16234|Q9UGJ0_FFSRSRKTS|0.0
P16234|Q9UGJ0_RSRKTSGLS|0.0
P16234|Q9UGJ0_TSGLSSSPS|0.005
P16234|Q9UGJ0_PLESYKHEP|0.26
P16234|Q9UGJ0_SSFQSPTRP|0.0
P16234|Q9UGJ0_PPLASPTHY|0.315
P16234|Q9UGJ0_SPTHYAPSK|0.352
P16234|Q9UGJ0_PLWESKKQS|0.201
P16234|Q9UGI9_LHILTHKRL|0.0
P16234|O95630_VRALSQLGS|0.0
P16234|O95630_RYFRSGVEI|0.0
P16234|O95630_FHPHSKDPP|0.0
P16234|P48728_QRAVSVVAR|0.4
P16234|P48728_LPFMTSAVM|0.241
P16234|P48728_MRAHSPILN|0.0
P16234|P48728_GTVTSGCPS|0.243
P16234|P48728_SGCPSPSLK|0.0
P16234|P48728-3_KLMESLVVG|0.0
P16234|Q6UX39_GLPPTKLAP|0.0
P16234|P0DUB6_WWERYQPVS|0.148
P16234|P0DUB6_YQPVSYKLC|0.153
P16234|P0DUB6_QPVSYKLCT|0.186
P16234|P0DUB6_DIENYNDAT|0.234
P16234|P0DUB6_KIAEYMNHL|0.127
P16234|P0DUB6_TEFKYGAKL|0.254
P16234|P04746_NVAIYNPFR|0.001
P16234|P04746_WWERYQPVS|0.195
P16234|P04746_YQPVSYKLC|0.216
P16234|P04746_QPVSYKLCT|0.228
P16234|P04746_DIENYNDAT|0.311
P16234|P04746_LEKDYVRSK|0.287
P16234|P04746_KIAEYMNHL|0.141
P16234|P04746_TEFKYGAKL|0.289
P16234|P19961_WWERYQPVS|0.157
P16234|P19961_YQPVSYKLC|0.162
P16234|P19961_QPVSYKLCT|0.202
P16234|P19961_DIENYNDAT|0.257
P16234|P19961_LEKDYVRSK|0.267
P16234|P19961_KIAEYMNHL|0.124
P16234|P19961_TEFKYGAKL|0.278
P16234|Q400G9_ARAESAPRP|0.0
P16234|Q86W34_MIDLYPRDS|0.125
P16234|Q86W34_GSDFYSMHY|0.439
P16234|Q86W34_YSMHYKGKV|0.436
P16234|Q86W34_TPGATPEHS|0.0
P16234|P03950_LTQHYDAKP|0.305
P16234|P03950_NLRISKSSF|0.001
P16234|Q9UNK9_ANSSSPQVE|0.0
P16234|Q9UNK9_EEGLSQVLS|0.0
P16234|Q9UNK9_MMGFTCFYK|0.001
P16234|Q9UNK9_CAVCYKPTR|0.279
P16234|Q9UNK9_SHQLYQRKL|0.073
P16234|Q5VTE6_GRGRYPMFP|0.395
P16234|Q5VTE6_FPHHSRSLG|0.089
P16234|Q5VTE6_LEDNSHLYR|0.303
P16234|Q5VTE6_NSHLYRHCR|0.448
P16234|Q5VTE6_DYIFYSAEK|0.413
P16234|Q15389____MTVFLS|0.0
P16234|Q15389_TVFLSFAFL|0.0
P16234|Q15389_NQRRSPENS|0.023
P16234|Q15389_LLQQTNEIL|0.0
P16234|Q15389_GFNKSGIYT|0.376
P16234|Q15389_KSGIYTIYI|0.108
P16234|Q15389_IYTIYINNM|0.414
P16234|Q15389_GGGWTVIQH|0.317
P16234|Q15389_GNRAYSQYD|0.381
P16234|Q15389_AYSQYDRFH|0.326
P16234|Q15389_EKQNYRLYL|0.436
P16234|Q15389_NYRLYLKGH|0.366
P16234|Q15389_LKGHTGTAG|0.0
P16234|Q15389_GHTGTAGKQ|0.0
P16234|O15123_IQLQSIKEE|0.0
P16234|O15123_TVNNSVLQK|0.0
P16234|O15123_KGSGYSLKA|0.0
P16234|Q9Y264_LQRESLANP|0.0
P16234|Q9Y264_IRKLTDMEA|0.0
P16234|Q9Y264_KLLNTLSRQ|0.0
P16234|Q9Y264_LNTLSRQSA|0.0
P16234|O95841_EQRITGPIC|0.0
P16234|O95841_LEDWSDKKV|0.0
P16234|Q9UKU9_ICVNSKEPE|0.0
P16234|Q9UKU9_DHDVYTGNC|0.433
P16234|Q9UKU9_NCAHYQKGG|0.441
P16234|Q9UKU9_NGVWYRGGH|0.199
P16234|Q9UKU9_YRSRYQDGV|0.404
P16234|Q9UKU9_QDGVYWAEF|0.425
P16234|Q9UKU9_RGGSYSLKK|0.0
P16234|Q9Y5C1_QLRRTSIQE|0.0
P16234|Q9Y5C1_LRRTSIQEP|0.0
P16234|Q9Y5C1_LSWKSQNGR|0.0
P16234|Q9Y5C1_YSIKSTKML|0.0
P16234|Q9Y5C1_SIKSTKMLI|0.0
P16234|Q9BY76_GPVQSKSPR|0.0
P16234|Q86XS5_VEDGSNAKD|0.0
P16234|Q8NI99_RDRDSYSGN|0.391
P16234|O43827_ISGVYKLPP|0.341
P16234|E9PGG2___MQSFLTL|0.0
P16234|E9PGG2_VAALTPVQK|0.0
P16234|E9PGG2_PPPPSLCPE|0.0
P16234|E9PGG2_LLQPSGNPR|0.0
P16234|E9PGG2_QCSDSQASG|0.0
P16234|Q9NQW6_CTKPSPSKK|0.0
P16234|Q9NQW6_KPSPSKKRC|0.0
P16234|Q9NQW6_VESTSAKSC|0.0
P16234|Q9NQW6_QAADTISDS|0.0
P16234|Q9NQW6_ATAASSVKT|0.0
P16234|Q9NQW6_TAASSVKTR|0.0
P16234|Q9NQW6_SPMPSEEKA|0.0
P16234|Q9NQW6_RPLLSNASA|0.0
P16234|Q9NQW6_ATICSWEDD|0.0
P16234|Q9NQW6_DVNHSFAKQ|0.0
P16234|Q9NQW6_TACLSKFSS|0.0
P16234|Q9NQW6_ASGASARIN|0.0
P16234|Q9NQW6_ARINSSSVK|0.0
P16234|Q9NQW6_DGDASLNKA|0.0
P16234|Q9NQW6_NKALSSSAD|0.0
P16234|Q9NQW6_ALSSSADDA|0.0
P16234|Q9NQW6_ADDASLVNA|0.005
P16234|Q9NQW6_ASISSSVKA|0.016
P16234|Q9NQW6_SVKATSPVK|0.0
P16234|Q9NQW6_VKATSPVKS|0.0
P16234|Q9NQW6_SPVKSTTSI|0.0
P16234|Q9NQW6_PVKSTTSIT|0.0
P16234|Q9NQW6_TDAKSCEGQ|0.002
P16234|Q9NQW6_KTGVSKPIV|0.0
P16234|Q9NQW6_IVKSTLSQT|0.0
P16234|Q9NQW6_TLSQTVPSK|0.0
P16234|Q9NQW6_QTVPSKGEL|0.0
P16234|Q9NQW6_KGELSREIC|0.0
P16234|Q9NQW6_ICLQSQSKD|0.0
P16234|Q9NQW6_LQSQSKDKS|0.0
P16234|Q9NQW6_HSKESPARS|0.0
P16234|Q9NQW6_SPARSTPHR|0.0
P16234|Q9NQW6_SSSTTHLAQ|0.0
P16234|Q9NQW6_THCQSTPLK|0.0
P16234|Q9NQW6_HCQSTPLKK|0.0
P16234|Q9NQW6_KNSSTEPKG|0.0
P16234|Q9NQW6_ECEMTKSSP|0.0
P16234|Q9NQW6_EMTKSSPLK|0.0
P16234|Q9NQW6_PLKITLFLE|0.0
P16234|Q9NQW6_EEDKSLKVT|0.0
P16234|Q9NQW6_NDLFSDVLE|0.0
P16234|Q9NQW6_VGVVSPESL|0.0
P16234|Q9NQW6_VSPESLVST|0.0
P16234|Q9NQW6_SLVSTPRLE|0.0
P16234|Q9NQW6_RDLLYSIDA|0.001
P16234|Q9NQW6_DLLYSIDAY|0.0
P16234|Q9NQW6_SIDAYRSQR|0.148
P16234|Q9NQW6_LLIATGKRT|0.0
P16234|Q9NQW6_TGKRTLLID|0.0
P16234|Q9NQW6_ASPQSEFMP|0.0
P16234|Q9NQW6_RLLTSITTK|0.0
P16234|Q9NQW6_QCRDTLCVT|0.0
P16234|Q9NQW6_PDACYKPIG|0.18
P16234|Q9NQW6-2_EIEMSVDDD|0.0
P16234|Q9NQW6-2_RDLLYSIDA|0.0
P16234|Q9NQW6-2_DLLYSIDAY|0.0
P16234|P16157___MPYSVGF|0.304
P16234|P16157__MPYSVGFR|0.0
P16234|P16157_ADAATSFLR|0.0
P16234|P16157_DAATSFLRA|0.0
P16234|P16157_ELVNYGANV|0.0
P16234|P16157_KTGFTPLHI|0.0
P16234|P16157_SVNFTPQNG|0.0
P16234|P16157_AKPNSRALN|0.0
P16234|P16157_KDDQTPLHC|0.001
P16234|P16157_PNLATTAGH|0.0
P16234|P16157_VAAKYGKVR|0.372
P16234|P16157_PRGGSPHSP|0.0
P16234|P16157_GSPHSPAWN|0.0
P16234|P16157_AWNGYTPLH|0.199
P16234|P16157_WNGYTPLHI|0.0
P16234|P16157_SLLQYGGSA|0.009
P16234|P16157_TRMGYTPLH|0.451
P16234|P16157_RMGYTPLHV|0.279
P16234|P16157_VASHYGNIK|0.01
P16234|P16157_TKLGYSPLH|0.0
P16234|P16157_KLGYSPLHQ|0.0
P16234|P16157_EELISFKAE|0.0
P16234|P16157_ASKEYDEDS|0.0
P16234|P16157_SPVASPVHT|0.0
P16234|P16157_QKLSTPPPL|0.0
P16234|P16157_LCQDYDTIG|0.231
P16234|P16157_VNFATLLYK|0.001
P16234|P16157_ATLLYKELT|0.0
P16234|P16157_RLRCYCMTD|0.385
P16234|P16157_AQQRSFHFQ|0.0
P16234|P16157_PGSLSGTEQ|0.0
P16234|P16157_MENLYTALQ|0.0
P16234|P16157_KAEDSDATG|0.0
P16234|P16157_EGALSEEPR|0.0
P16234|P16157_THSPTVSQV|0.0
P16234|P16157_GSQEYEKVL|0.063
P16234|P16157-11_IAAHYENLN|0.0
P16234|P16157-11_AKPNSRALN|0.0
P16234|P16157-11_DRRRTPTPL|0.0
P16234|P16157-11_RRTPTPLAL|0.0
P16234|P16157-11_DRRHTDRDY|0.0
P16234|P16157-11_TDRDYSLSP|0.0
P16234|P16157-17_SEGLSDDEE|0.0
P16234|Q01484_KFNGSSQRR|0.001
P16234|Q01484_FNGSSQRRK|0.0
P16234|Q01484_RPKKSDSNA|0.0
P16234|Q01484_KVVEYLKGG|0.205
P16234|Q01484_KKGNTALHI|0.0
P16234|Q01484_LHIASLAGQ|0.0
P16234|Q01484_DVVKYLLEN|0.215
P16234|Q01484_DAATTNGYT|0.254
P16234|Q01484_TTNGYTPLH|0.351
P16234|Q01484_TNGYTPLHI|0.047
P16234|Q01484_VAAKYGSLD|0.141
P16234|Q01484_AKYGSLDVA|0.18
P16234|Q01484_AKNGYTPLH|0.161
P16234|Q01484_LHLASQEGH|0.0
P16234|Q01484_TKLGYTPLI|0.004
P16234|Q01484_KLGYTPLIV|0.0
P16234|Q01484_KRLGYISVV|0.0
P16234|Q01484_LGYISVVDT|0.049
P16234|Q01484_SVVDTLKVV|0.0
P16234|Q01484_NVPETMTEV|0.0
P16234|Q01484_YLRYSLEGG|0.118
P16234|Q01484_GRSDSLRSF|0.026
P16234|Q01484_DSLRSFSSD|0.0
P16234|Q01484_QPMHSELVK|0.0
P16234|Q01484_SPIVTLEPR|0.0
P16234|Q01484_HHIFSFFAF|0.0
P16234|Q01484_TLPIYTKES|0.246
P16234|Q01484_EIDMTSEKN|0.0
P16234|Q01484_IDMTSEKND|0.0
P16234|Q01484_PVLASPDLL|0.0
P16234|Q01484_QHKPSLGIK|0.0
P16234|Q01484_LKKGSSEES|0.0
P16234|Q01484_KKGSSEESL|0.0
P16234|Q01484_SSEESLGED|0.0
P16234|Q01484_EPLPTVKAT|0.024
P16234|Q01484_VKATSPLIE|0.0
P16234|Q01484_HPAASPSLK|0.0
P16234|Q01484_HPPVSPSSK|0.0
P16234|Q01484_PVSPSSKTE|0.0
P16234|Q01484_TEKHSPVSP|0.0
P16234|Q01484_HSPVSPSAK|0.0
P16234|Q01484_HSPVSPSTK|0.0
P16234|Q01484_TERHSPVSS|0.0
P16234|Q01484_HPPVSPSGK|0.0
P16234|Q01484_PVSPSGKTD|0.0
P16234|Q01484_HPPVSPGRT|0.0
P16234|Q01484_RLPVSPSGR|0.0
P16234|Q01484_PVSPSGRTD|0.0
P16234|Q01484_HQPVSTAGK|0.0
P16234|Q01484_QPVSTAGKT|0.0
P16234|Q01484_TAGKTEKHL|0.0
P16234|Q01484_HLPVSPSGK|0.039
P16234|Q01484_PVSPSGKTE|0.0
P16234|Q01484_QPPVSPTSK|0.002
P16234|Q01484_GPILTQREA|0.0
P16234|Q01484_TENQTIKRG|0.0
P16234|Q01484_GTAESKRGV|0.001
P16234|Q01484_DRKTSTDFS|0.0
P16234|Q01484_LSLQSGALD|0.0
P16234|Q01484_LDGSSESLK|0.0
P16234|Q01484_GLAETPETS|0.0
P16234|Q01484_SLSFSPKKS|0.0
P16234|Q01484_SPKKSEEQT|0.0
P16234|Q01484_ERGATVTED|0.0
P16234|Q01484_GATVTEDSE|0.0
P16234|Q01484_TSTESFQKE|0.0
P16234|Q01484_ATLGSPKDT|0.0
P16234|Q01484_ASVKTDTGT|0.2
P16234|Q01484_VKTDTGTES|0.0
P16234|Q01484_TGTESKPQG|0.0
P16234|Q01484_GVIRSPQGL|0.0
P16234|Q01484_SLEASPVLE|0.0
P16234|Q01484_KTPDSLEPS|0.0
P16234|Q01484_PLKESPCRD|0.0
P16234|Q01484_PCRDSLESS|0.001
P16234|Q01484_SLESSPVEP|0.0
P16234|Q01484_EEVSYEVTP|0.199
P16234|Q01484_EEDDSENGE|0.0
P16234|Q01484_EPKHTGSGE|0.0
P16234|Q01484_KHTGSGEDE|0.0
P16234|Q01484_VTSESRKVS|0.0
P16234|Q01484_SRAESPQAD|0.0
P16234|Q01484_SQGTTPDTT|0.0
P16234|Q01484_TPDTTPART|0.307
P16234|Q01484_TPARTPTEE|0.024
P16234|Q01484_AQLNSQMGI|0.0
P16234|Q01484_KEAVSVGTK|0.0
P16234|Q01484_DFLSSVDEE|0.004
P16234|Q01484_SSLDSKTKC|0.0
P16234|Q01484_LDSKTKCPV|0.0
P16234|Q01484_TETESRERA|0.0
P16234|Q01484_PKILTSRLP|0.0
P16234|Q01484_KILTSRLPV|0.0
P16234|Q01484_LPVKSRSTT|0.0
P16234|Q01484_VKSRSTTSS|0.0
P16234|Q01484_PPIVSEEDI|0.0
P16234|Q01484_QQDFSGKMQ|0.0
P16234|Q01484_MIVPSSPSK|0.0
P16234|Q01484_EEVSTPAEE|0.0
P16234|Q01484_EEKLYLQTP|0.438
P16234|Q01484_LYLQTPTSS|0.168
P16234|Q01484_TPTSSERGG|0.0
P16234|Q01484_ERGGSPIIQ|0.0
P16234|Q01484_PEEPSEHRE|0.0
P16234|Q01484_REESSPRKT|0.0
P16234|Q01484_SPRKTSLVI|0.0
P16234|Q01484_PRKTSLVIV|0.035
P16234|Q01484_VIVESADNQ|0.013
P16234|Q01484_IIRRYVSSE|0.247
P16234|Q01484_RRYVSSEGT|0.028
P16234|Q01484_RYVSSEGTE|0.0
P16234|Q01484_VVLKSDTEQ|0.0
P16234|Q01484_LKSDTEQSE|0.0
P16234|Q01484_DTEQSEDNN|0.0
P16234|Q01484-2_EIDMTSEKN|0.088
P16234|Q01484-5_QKSDSNASF|0.0
P16234|Q01484-5_DSNASFLRA|0.0
P16234|Q01484-7_ELEASSDEE|0.0
P16234|Q01484-7_LEASSDEEA|0.0
P16234|Q12955_DANASYLRA|0.192
P16234|Q12955_KALDYIKNG|0.0
P16234|Q12955_IAAHYGNIN|0.004
P16234|Q12955_EVVRYLVQD|0.418
P16234|Q12955_KDDQTPLHI|0.0
P16234|Q12955_QQGASPNAA|0.207
P16234|Q12955_PNAATTSGY|0.196
P16234|Q12955_NAATTSGYT|0.0
P16234|Q12955_AATTSGYTP|0.002
P16234|Q12955_TSGYTPLHL|0.002
P16234|Q12955_PLHLSAREG|0.0
P16234|Q12955_VAAKYGKLE|0.429
P16234|Q12955_DQGASPHAA|0.0
P16234|Q12955_AKNGYTPLH|0.163
P16234|Q12955_TLLEYGADA|0.032
P16234|Q12955_TKMGYTPLH|0.092
P16234|Q12955_KMGYTPLHV|0.136
P16234|Q12955_VGCHYGNIK|0.331
P16234|Q12955_RRLGYISVV|0.205
P16234|Q12955_LGYISVVDT|0.04
P16234|Q12955_SVVDTLKIV|0.0
P16234|Q12955_LKIVTEETM|0.0
P16234|Q12955_VTEETMTTT|0.0
P16234|Q12955_DTDKYLGPQ|0.118
P16234|Q12955_LGDDSLPAE|0.0
P16234|Q12955_RSFSSDRSY|0.018
P16234|Q12955_YARDSMMIE|0.054
P16234|Q12955_REFDSDSLR|0.0
P16234|Q12955_FDSDSLRHY|0.065
P16234|Q12955_LRHYSWAAD|0.065
P16234|Q12955_EELDSPEEL|0.0
P16234|Q12955_GKPIYVDCY|0.175
P16234|Q12955_KIRDTSQEP|0.0
P16234|Q12955_IRDTSQEPC|0.001
P16234|Q12955_QSFASLALR|0.0
P16234|Q12955_RKRYSYLTE|0.367
P16234|Q12955_SPIKSTLGA|0.0
P16234|Q12955_PIKSTLGAS|0.0
P16234|Q12955_TLGASTTSS|0.0
P16234|Q12955_ASTTSSVKS|0.0
P16234|Q12955_STTSSVKSI|0.0
P16234|Q12955_SPIRSFRTM|0.0
P16234|Q12955_SITMTPPAS|0.0
P16234|Q12955_TPPASPKSN|0.0
P16234|Q12955_NINMYSSSL|0.296
P16234|Q12955_SPVKSAVDV|0.0
P16234|Q12955_VDVISSAKI|0.001
P16234|Q12955_DVISSAKIT|0.01
P16234|Q12955_SAKITMASS|0.0
P16234|Q12955_ITMASSLSS|0.0
P16234|Q12955_SSLSSPVKQ|0.0
P16234|Q12955_IKTLTTETH|0.0
P16234|Q12955_GSPKSPKSD|0.0
P16234|Q12955_KSPKSDKGH|0.0
P16234|Q12955_MPPASMRTS|0.0
P16234|Q12955_SMRTSTSEK|0.0
P16234|Q12955_QSAESTGPK|0.0
P16234|Q12955_SAESTGPKP|0.0
P16234|Q12955_VKEETHITT|0.0
P16234|Q12955_THITTTTRM|0.0
P16234|Q12955_ITTTTRMVY|0.411
P16234|Q12955_EETMSVHDI|0.0
P16234|Q12955_NTPVSQEED|0.0
P16234|Q12955_YKDVSENGV|0.0
P16234|Q12955_TVLHYSGNV|0.14
P16234|Q12955_LTEVSQFFR|0.0
P16234|Q12955_FRDKTEKLN|0.0
P16234|Q12955_DELQSPEKK|0.0
P16234|Q12955_EKAPSLPSS|0.0
P16234|Q12955_SLPSSPEKM|0.0
P16234|Q12955_EAKGSISQS|0.0
P16234|Q12955_KGSISQSKA|0.0
P16234|Q12955_SISQSKAPD|0.0
P16234|Q12955_QSKLSSIRL|0.0
P16234|Q12955_SKLSSIRLK|0.0
P16234|Q12955_TWESSGATN|0.0
P16234|Q12955_KHELSQKLS|0.0
P16234|Q12955_KLSQSSMSK|0.0
P16234|Q12955_QSSMSKETV|0.0
P16234|Q12955_KEIKTLPVY|0.286
P16234|Q12955_TLPVYVSFV|0.066
P16234|Q12955_RGTFYTTRQ|0.432
P16234|Q12955_LEQVSFLDS|0.0
P16234|Q12955_FLDSSGKSP|0.0
P16234|Q12955_KSPLTPETP|0.0
P16234|Q12955_EEVSYEFTS|0.098
P16234|Q12955_FTSKTPDSL|0.04
P16234|Q12955_KTPDSLIAY|0.023
P16234|Q12955_EQAKSTSLK|0.0
P16234|Q12955_SLKQTTVEE|0.0
P16234|Q12955_LKQTTVEET|0.0
P16234|Q12955_TVEETAVER|0.0
P16234|Q12955_DESIYQPVP|0.13
P16234|Q12955_HPDRSVFPD|0.242
P16234|Q12955_AIDMSKRDF|0.0
P16234|Q12955_SAAATNTSK|0.0
P16234|Q12955_AATNTSKVD|0.0
P16234|Q12955_ATNTSKVDP|0.001
P16234|Q12955_PGEITDKIE|0.0
P16234|Q12955_NTKASKMKQ|0.0
P16234|Q12955_KVRSTCVTT|0.0
P16234|Q12955_TATTTTTTT|0.0
P16234|Q12955_ATTTTTTTT|0.0
P16234|Q12955_TTTTTTTTT|0.0
P16234|Q12955_TTSCTVKVR|0.0
P16234|Q12955_FKGISGETL|0.0
P16234|Q12955_ISGETLKLV|0.0
P16234|Q12955_EKRSSRRTG|0.0
P16234|Q12955_SSRRTGPQS|0.0
P16234|Q12955_ELNFSVDEI|0.0
P16234|Q12955_LISQSFMLL|0.0
P16234|Q12955_KKWVTRDGK|0.001
P16234|Q12955_PIFDYGNIS|0.294
P16234|Q12955_YGNISGTRS|0.002
P16234|Q12955_ARRVTGGLL|0.0
P16234|Q12955_EANGSHTEI|0.0
P16234|Q12955_HTEITPEAK|0.179
P16234|Q12955_KTKSYFPES|0.324
P16234|Q12955_VGKQSTKET|0.0
P16234|Q12955_AYQKSLEET|0.331
P16234|Q12955_CVPVSMKKM|0.027
P16234|Q12955_MKKMSRTSP|0.0
P16234|Q12955_MSRTSPADG|0.0
P16234|Q12955_KPRLSLHEE|0.0
P16234|Q12955_EEEGSSGSE|0.0
P16234|Q12955-4_KGKKSDANA|0.0
P16234|Q12955-4_DANASYLRA|0.131
P16234|Q12955-4_ANASYLRAA|0.225
P16234|Q12955-4_PEMLSDGEY|0.191
P16234|Q12955-4_SDGEYISDV|0.423
P16234|Q12955-4_GEYISDVEE|0.143
P16234|Q12955-4_RCTWYKIPK|0.391
P16234|Q12955-4_MTGDTDKYL|0.318
P16234|Q12955-4_DTDKYLGPQ|0.087
P16234|Q12955-4_LRKRYSYLT|0.288
P16234|Q12955-4_RKRYSYLTE|0.327
P16234|Q12955-4_KRYSYLTEP|0.363
P16234|Q12955-4_YSYLTEPGM|0.449
P16234|Q12955-4_EPGMSPQSP|0.0
P16234|Q12955-4_MSPQSPCER|0.073
P16234|Q12955-4_QQDDYFSDI|0.313
P16234|Q12955-4_PSRLSDGLV|0.033
P16234|Q12955-4_GLVPSQGNI|0.0
P16234|Q12955-4_NIEHSADGP|0.0
P16234|Q12955-4_AEDASLEDS|0.0
P16234|Q12955-5_DRRQSFASL|0.003
P16234|Q12955-5_LRKRYSYLT|0.175
P16234|Q12955-5_RKRYSYLTE|0.284
P16234|Q12955-5_KRYSYLTEP|0.346
P16234|Q12955-5_YSYLTEPGM|0.45
P16234|Q12955-5_EPGMSPQSP|0.0
P16234|Q12955-5_MSPQSPCER|0.032
P16234|Q12955-5_QQDDYFSDI|0.223
P16234|Q12955-5_PSRLSDGLV|0.012
P16234|Q12955-5_GLVPSQGNI|0.0
P16234|Q12955-5_NIEHSADGP|0.0
P16234|Q12955-5_AEDASLEDS|0.0
P16234|Q12955-5_KTKSYFPES|0.163
P16234|Q12955-5_VGKQSTKET|0.0
P16234|Q12955-5_PLAAYQKSL|0.023
P16234|Q12955-7_VLDMSDDEG|0.0
P16234|Q7Z5J8_MKVPYLSSL|0.346
P16234|Q7Z5J8_LTFHTEVLK|0.0
P16234|Q7Z5J8_VIALSKDSR|0.0
P16234|Q7Z5J8_TSDITNVSR|0.0
P16234|Q7Z5J8_ITNVSRPRI|0.0
P16234|Q495B1_ALLLSAWFG|0.0
P16234|Q495B1_KKLAYSWEF|0.0
P16234|A6NHY2_PNERSFQNA|0.077
P16234|A6NHY2_GTLMTQGDP|0.003
P16234|Q9NU02_EKVFSNINI|0.0
P16234|Q8N957_WEWRYRLYR|0.137
P16234|Q8N957_FTKLSCMWE|0.0
P16234|Q9P2R3_AQLLYKMIK|0.426
P16234|Q9P2R3_LKRESGAAE|0.0
P16234|Q9P2R3_LRGQSPLHI|0.02
P16234|Q9P2R3_NIFNYQVAT|0.428
P16234|Q9P2R3_CHKCSTKEI|0.0
P16234|Q9HCJ1_VFVNSKRDR|0.005
P16234|Q9HCJ1_EGEDSAMTD|0.0
P16234|Q8IWZ3_GGGTSFEED|0.0
P16234|Q8IWZ3_LGIRTVRLF|0.0
P16234|Q8IWZ3_AGPASGVGS|0.0
P16234|Q8IWZ3_SGVGSSGGG|0.0
P16234|Q8IWZ3_GVGSSGGGG|0.0
P16234|Q8IWZ3_GGGGSGSGT|0.0
P16234|Q8IWZ3_GGSGSGTGG|0.0
P16234|Q8IWZ3_LRRLTSSVS|0.0
P16234|Q8IWZ3_RRLTSSVSC|0.0
P16234|Q8IWZ3_RLTSSVSCA|0.0
P16234|Q8IWZ3_TSSVSCALD|0.0
P16234|Q8IWZ3_AAALTRMKA|0.0
P16234|Q8IWZ3_KAENSHNAG|0.0
P16234|Q8IWZ3_VDTRSLAEA|0.0
P16234|Q8IWZ3_YLLASGANV|0.0
P16234|Q8IWZ3_ATTATGDTA|0.0
P16234|Q8IWZ3_EPDRTSQEN|0.0
P16234|Q8IWZ3_SQENSPALL|0.0
P16234|Q8IWZ3_SFHPYQPLE|0.0
P16234|Q8IWZ3_FTKEYLETK|0.109
P16234|Q8IWZ3_HQQCSHRGV|0.0
P16234|Q8IWZ3_EGDGSLPED|0.0
P16234|Q8IWZ3_EDHFSELPQ|0.0
P16234|Q8IWZ3_AEVVSLLLD|0.0
P16234|Q8IWZ3_HRAKTGLTP|0.0
P16234|Q8IWZ3_NKNASILLK|0.0
P16234|Q8IWZ3_ANVVTTPST|0.0
P16234|Q8IWZ3_NVVTTPSTN|0.024
P16234|Q8IWZ3_TTPSTNRKN|0.0
P16234|Q8IWZ3_KKNKTKETP|0.0
P16234|Q8IWZ3_AGGNSDSDN|0.0
P16234|Q8IWZ3_SGGKSQELN|0.0
P16234|Q8IWZ3_NSSKYPSLL|0.001
P16234|Q8IWZ3_VTPNSLSTS|0.0
P16234|Q8IWZ3_SLSTSYKTV|0.0
P16234|Q8IWZ3_LSTSYKTVS|0.001
P16234|Q8IWZ3_TSYKTVSLP|0.0
P16234|Q8IWZ3_YKTVSLPLS|0.002
P16234|Q8IWZ3_SLPLSSPNI|0.0
P16234|Q8IWZ3_KLNLTSPKR|0.0
P16234|Q8IWZ3_SVPASVVSR|0.0
P16234|Q8IWZ3_ERMITIRGG|0.0
P16234|Q8IWZ3_NHIRTPAST|0.0
P16234|Q8IWZ3_RTPASTKSI|0.0
P16234|Q8IWZ3_ASTKSIHAN|0.0
P16234|Q8IWZ3_HPSSSPTPT|0.0
P16234|Q8IWZ3_PTPTSSNTQ|0.0
P16234|Q8IWZ3_FRPPSQRVS|0.0
P16234|Q8IWZ3_APVGTPSFN|0.0
P16234|Q8IWZ3_VGTPSFNRQ|0.0
P16234|Q8IWZ3_RQHFSPHPW|0.0
P16234|Q9P2G1_ACQIYENNP|0.328
P16234|Q9P2G1_IEAEYAALD|0.0
P16234|Q9P2G1_VQMPTPPPS|0.0
P16234|Q9P2G1_PPSGYNAWD|0.0
P16234|Q9P2G1_DTLPSPRTP|0.0
P16234|Q9P2G1_PSPRTPRTT|0.0
P16234|Q9P2G1_GCWESFLNL|0.0
P16234|Q9P2G1_GSNTSGSDT|0.0
P16234|Q9P2G1_KKHSSSTGG|0.0
P16234|Q9P2G1_HSSSTGGYY|0.0
P16234|Q9P2G1_STGGYYRCT|0.195
P16234|Q9P2G1_GDVHSLLSN|0.0
P16234|Q9P2G1_HSLLSNPPD|0.0
P16234|Q9P2G1_SASMSVLHS|0.0
P16234|Q9P2G1_SVLHSSSLR|0.0
P16234|Q9P2G1_LHSSSLRDY|0.0
P16234|Q9P2G1_AIGTSLPSR|0.0
P16234|Q9P2G1_SRLDSVPRN|0.0
P16234|Q9P2G1_RNTDSPRAA|0.0
P16234|Q9P2G1_RAALSSSEL|0.0
P16234|Q9P2G1_ELGDSLMRL|0.0
P16234|Q9P2G1_EGRGTQIEE|0.0
P16234|Q9P2G1_GEAASQAGD|0.0
P16234|Q8NFD2_AADPTELRL|0.27
P16234|Q8NFD2_GMLSYIPPE|0.389
P16234|Q8NFD2_DSGNYLKRA|0.009
P16234|Q8NFD2_LELPTHQGW|0.0
P16234|Q8NFD2_KVGWTPAHL|0.0
P16234|Q86XL3_GLGRSGTPV|0.0
P16234|Q86XL3_VPPPSAAAA|0.0
P16234|Q86XL3_AAPASGEMT|0.0
P16234|Q86XL3_PITSTTRFI|0.0
P16234|Q86XL3_GRLSSFYHH|0.228
P16234|Q86XL3_RAGATASKE|0.0
P16234|Q86XL3_GATASKEPP|0.0
P16234|Q86XL3_EPPLYYGVC|0.272
P16234|Q86XL3_PPLYYGVCP|0.281
P16234|Q86XL3_VCPVYEDVP|0.207
P16234|Q86XL3_NERIYVYEN|0.297
P16234|Q86XL3_RIYVYENKK|0.022
P16234|Q86XL3_GICDYFPSP|0.0
P16234|Q86XL3_FPSPSKTSL|0.0
P16234|Q86XL3_SPSKTSLPL|0.0
P16234|Q86XL3_SPVKTAPLF|0.0
P16234|Q86XL3_APLFSNDRL|0.0
P16234|Q86XL3_YLIGSGDNP|0.0
P16234|Q86XL3_LKGHYYVPL|0.235
P16234|Q86XL3_KGHYYVPLL|0.002
P16234|Q86XL3_RAEETSSPV|0.0
P16234|Q86XL3_KLWKTPPRE|0.0
P16234|Q86XL3_KATTSGSNS|0.0
P16234|Q86XL3_SGSNSISVR|0.0
P16234|Q86XL3_EDDMSLEEI|0.0
P16234|Q86XL3_AFGHTRCSA|0.001
P16234|Q86XL3_LPPVSDLTV|0.0
P16234|Q86XL3_VSDLTVEFD|0.0
P16234|Q86XL3_ESTKTKDQI|0.0
P16234|Q86XL3_GEEPSKLDQ|0.0
P16234|Q86XL3_LPDLSGPHS|0.0
P16234|Q86XL3_SGPHSYSPG|0.0
P16234|Q86XL3_PVHGSQLRR|0.0
P16234|Q9P2S6_IKLCTQIPS|0.368
P16234|Q9P2S6_TQIPSGFSL|0.0
P16234|Q9P2S6_PSGFSLLRY|0.0
P16234|Q9P2S6_LPMTSSFRK|0.0
P16234|Q9P2S6_PMTSSFRKE|0.0
P16234|Q9P2S6_KRWRTIKLL|0.0
P16234|Q9P2S6_AERETFLAR|0.0
P16234|Q9P2S6_KKGPSLPRG|0.665
P16234|Q8IV38_KGELTQEEK|0.011
P16234|Q8IV38_KIITTTNLH|0.009
P16234|Q8IV38_NPLLTEEAA|0.0
P16234|Q8IV38_SKRCSVCKM|0.011
P16234|Q8IV38_KMVIYCDQT|0.426
P16234|Q8IV38_YCDQTCQKT|0.226
P16234|Q8IV38_EVGISQKDS|0.001
P16234|Q8IV38_ESLESEAEL|0.0
P16234|Q9H9E1_NIHTSPSPG|0.0
P16234|Q9H9E1_HTSPSPGIQ|0.0
P16234|Q9H9E1_TKHFSPIKQ|0.0
P16234|Q9H9E1_IETDSGYNS|0.0
P16234|Q15327_LLIMYGADL|0.37
P16234|Q15327_LRENSYKTS|0.417
P16234|Q15327_RENSYKTSR|0.01
P16234|Q9NXR5_HLNGSPSSC|0.0
P16234|Q6UB99_EQKDSDTEK|0.0
P16234|Q6UB99_KEPVTRKAG|0.0
P16234|Q6UB99_IRAGYPLSE|0.0
P16234|Q6UB99_CQKGTPNSA|0.0
P16234|Q6UB99_KETKSNSFI|0.002
P16234|Q6UB99_TKSNSFISI|0.0
P16234|Q6UB99_MEVKSYTKN|0.0
P16234|Q6UB99_EVKSYTKNN|0.413
P16234|Q6UB99_VKSYTKNNT|0.455
P16234|Q6UB99_TKNNTIAPK|0.0
P16234|Q6UB99_DASVTVGTG|0.0
P16234|Q6UB99_KLRLSAHTI|0.0
P16234|Q6UB99_ILPGSKTRE|0.0
P16234|Q6UB99_FGKRSDKFC|0.0
P16234|Q6UB99_DDRDSLGSS|0.0
P16234|Q6UB99_CLKGSPLVL|0.0
P16234|Q6UB99_VSSLSDSTR|0.0
P16234|Q6UB99_ESDYSSEGS|0.047
P16234|Q6UB99_SEKKSPFLS|0.0
P16234|Q6UB99_SPFLSSAEG|0.0
P16234|Q6UB99_PFLSSAEGA|0.0
P16234|Q6UB99_QCSISQELK|0.0
P16234|Q6UB99_LKEKSPKEE|0.0
P16234|Q6UB99_YREDSAFDE|0.075
P16234|Q6UB99_DTKFSLSDD|0.0
P16234|Q6UB99_DRWFSDLSD|0.0
P16234|Q6UB99_FSDLSDSSF|0.0
P16234|Q6UB99_DLSDSSFDF|0.0
P16234|Q6UB99_KGEDSWDSP|0.0
P16234|Q6UB99_PGYLSEKDK|0.0
P16234|Q6UB99_DALESCKER|0.0
P16234|Q6UB99_CGCESGFKD|0.0
P16234|Q6UB99_ERKASLDQG|0.0
P16234|Q6UB99_GKEKSWYIA|0.078
P16234|Q6UB99_EKSWYIADI|0.281
P16234|Q6UB99_HRKSSDKQH|0.0
P16234|Q6UB99_SRKDSGQYE|0.002
P16234|Q6UB99_LMMTSFERM|0.0
P16234|Q6UB99_ERMLSQKDL|0.0
P16234|Q6UB99_LRHRSGDPK|0.177
P16234|Q6UB99_VLPASPRPD|0.0
P16234|Q6UB99_NLYRSVSVD|0.0
P16234|Q6UB99_FRQQSVPAA|0.0
P16234|Q6UB99_VPAASSYDS|0.0
P16234|Q6UB99_LSPGYYSPD|0.32
P16234|Q6UB99_TVTPSPEGV|0.0
P16234|Q6UB99_GVFSSLQAK|0.235
P16234|Q6UB99_QAKPSPSPR|0.0
P16234|Q6UB99_APPASPAPY|0.007
P16234|Q6UB99_KARGSEDDD|0.0
P16234|Q6UB99_FQRSTQQLQ|0.0
P16234|Q6UB99_QQLNTSTQQ|0.0
P16234|Q6UB99_RAARTIANQ|0.0
P16234|Q6UB99_MPLESQGDE|0.0
P16234|Q6UB98_QSENSDSDS|0.0
P16234|Q6UB98_ENSDSDSNM|0.0
P16234|Q6UB98_KLPFTISPS|0.0
P16234|Q6UB98_PFTISPSRN|0.0
P16234|Q6UB98_STPVSILFG|0.0
P16234|Q6UB98_GYPLSERKQ|0.0
P16234|Q6UB98_SSTESSDEE|0.0
P16234|Q6UB98_STESSDEEA|0.0
P16234|Q6UB98_KKISTSCSV|0.0
P16234|Q6UB98_KISTSCSVI|0.0
P16234|Q6UB98_VIPETSNSD|0.0
P16234|Q6UB98_RKSFSPKDD|0.0
P16234|Q6UB98_KTCLSPGSS|0.0
P16234|Q6UB98_ELQRSVEFD|0.0
P16234|Q6UB98_KSKNTAAIK|0.0
P16234|Q6UB98_AIKKTDDRE|0.0
P16234|Q6UB98_DREKSREKM|0.0
P16234|Q6UB98_EYSKSEKGK|0.0
P16234|Q6UB98_KKEKSRDKE|0.0
P16234|Q6UB98_EPLKTPDGK|0.0
P16234|Q6UB98_LKLKSEADK|0.0
P16234|Q6UB98_PKPKSSPAS|0.0
P16234|Q6UB98_KPKSSPASK|0.0
P16234|Q6UB98_LMQTSFERM|0.0
P16234|Q6UB98_ERMLSLKDL|0.0
P16234|Q6UB98_KHTPTESKN|0.0
P16234|Q6UB98_TPTESKNKE|0.0
P16234|Q6UB98_ELTRSKSSE|0.0
P16234|Q6UB98_TRSKSSEVT|0.0
P16234|Q6UB98_SSEVTDAYT|0.0
P16234|Q6UB98_VTDAYTKEK|0.0
P16234|Q6UB98_TDAYTKEKQ|0.0
P16234|Q6UB98_NRSQSVDTK|0.0
P16234|Q6UB98_VSDNSLNRS|0.0
P16234|Q6UB98_SLNRSPRSE|0.0
P16234|Q6UB98_PGLSSRSVS|0.0
P16234|Q6UB98_SIAKSPALH|0.0
P16234|Q6UB98_VRRCSMPSV|0.0
P16234|Q6UB98_ICEHTKQFQ|0.0
P16234|Q6UB98_SNQGSLLTV|0.0
P16234|Q6UB98_SSFATSPTG|0.0
P16234|Q6UB98_SFATSPTGA|0.0
P16234|Q6UB98_SALDTDNES|0.0
P16234|Q6UB98_IQEASPNFE|0.0
P16234|Q6UB98_LTHLSRCDS|0.0
P16234|Q6UB98_SRCDSDLCE|0.0
P16234|Q6UB98_EDEESQQSI|0.0
P16234|Q6UB98_ESQQSILSS|0.0
P16234|Q6UB98_MANQSKQIL|0.0
P16234|Q6UB98_KRKVSRVPQ|0.0
P16234|Q6UB98_PVQVSPSLL|0.0
P16234|Q6UB98_QVSPSLLQA|0.0
P16234|Q6UB98_PYFEYLHIR|0.0
P16234|Q6UB98_KLLCSVIPQ|0.0
P16234|Q6UB98_QAPQYYDEY|0.0
P16234|Q6UB98_APQYYDEYV|0.0
P16234|Q6UB98_KLIVSNEQE|0.0
P16234|Q8IZ07_PEMVYTVLQ|0.425
P16234|Q8IZ07_QHRDYHNTS|0.002
P16234|Q8IZ07_YHNTSMALE|0.049
P16234|Q8IZ07_ERRLTSPVI|0.0
P16234|Q8IZ07_ERTKSGFWG|0.0
P16234|Q8IZ07_PESYYVQDN|0.452
P16234|Q8IZ07_QDEDYEIMQ|0.54
P16234|Q8IZ07_SGPASNGGI|0.0
P16234|Q8IZ07_SQTNTYDAQ|0.133
P16234|Q8IZ07_QTNTYDAQY|0.354
P16234|Q8IZ07_YDAQYERAI|0.451
P16234|Q86YJ7_GSPSSETPS|0.0
P16234|Q86YJ7_SETPSPGSD|0.155
P16234|Q86YJ7_PGSDSSSVS|0.0
P16234|Q86YJ7_APRGYSMMG|0.406
P16234|Q86YJ7_PRGYSMMGG|0.0
P16234|Q86YJ7_SAPPTPQRQ|0.0
P16234|Q8N6S4_EKIRSLRRD|0.0
P16234|Q8N6S4_RQMITALLR|0.0
P16234|Q8N6S4_RQSLTPPPQ|0.0
P16234|Q6ZTN6-1_THLDTRNVA|0.0
P16234|Q6ZTN6-1_EKMETVSGY|0.0
P16234|Q6ZTN6-1_METVSGYEA|0.0
P16234|Q6ZTN6-1_TVSGYEAKV|0.0
P16234|Q6ZTN6-1_ALQESLQLS|0.0
P16234|Q6ZTN6-1_SLQLSTEPR|0.0
P16234|Q6ZTN6-1_LQLSTEPRG|0.0
P16234|Q6ZTN6-1_RGPGSPPRT|0.0
P16234|Q6ZTN6-1_SPPRTPPAP|0.0
P16234|Q6ZTN6-1_PGPPSFEEQ|0.0
P16234|Q6ZTN6-1_ILQLSLTEH|0.0
P16234|Q14678_GDILSGDQD|0.0
P16234|Q14678_RRKPSVPCP|0.0
P16234|Q14678_QVTSTPISK|0.0
P16234|Q14678_PLETSLPFL|0.002
P16234|Q14678_LPFLTIPEN|0.0
P16234|Q14678_LPPPSPQLP|0.0
P16234|Q14678_TMQMTPGEF|0.0
P16234|Q14678_MGTTSSLPS|0.0
P16234|Q14678_SIRHSPLSS|0.0
P16234|Q14678_VTNVSPMHL|0.0
P16234|Q14678_EQVRTIPVL|0.0
P16234|Q14678_QRAASQINV|0.0
P16234|Q14678_AGNASQLEQ|0.0
P16234|Q14678_RARRSGGEL|0.0
P16234|Q14678_AAVGTLVEM|0.0
P16234|Q14678_QLRETTHDR|0.0
P16234|Q14678_LRETTHDRE|0.0
P16234|Q14678_VDKATMAQP|0.0
P16234|Q14678_PLVFSKVVE|0.0
P16234|Q14678_AVVQTRDQM|0.446
P16234|Q14678_QMVGSHMDL|0.0
P16234|Q14678_TSVETNSVG|0.0
P16234|Q14678_VETNSVGIS|0.0
P16234|Q14678_CAGRSVEMC|0.0
P16234|Q14678_MCDKSVSVE|0.0
P16234|Q14678_SAVKTKESG|0.0
P16234|Q14678_INDNYLVGL|0.447
P16234|Q14678_ASRRSVGVG|0.0
P16234|Q14678_KSASTEELR|0.0
P16234|Q14678_AKAQSPGTP|0.0
P16234|Q14678_QSPGTPRLG|0.003
P16234|Q14678_LGRKTSPGP|0.0
P16234|Q14678_GRKTSPGPT|0.0
P16234|Q14678_SPGPTHRGS|0.0
P16234|Q14678_THRGSFD__|0.009
P16234|Q6P6B7_FLLQSGLKD|0.0
P16234|O75179_ARSASSPRG|0.0
P16234|O75179_RSASSPRGM|0.0
P16234|O75179_GGTSSNNSE|0.0
P16234|O75179_LRRLTSSVS|0.0
P16234|O75179_RRLTSSVSC|0.0
P16234|O75179_RLTSSVSCA|0.055
P16234|O75179_TSSVSCALD|0.002
P16234|O75179_AAALTRMRA|0.19
P16234|O75179_MRAESTANA|0.0
P16234|O75179_RAESTANAG|0.0
P16234|O75179_AEACSEGDV|0.0
P16234|O75179_NVNRTTANN|0.001
P16234|O75179_PPDVTQLTP|0.039
P16234|O75179_VTQLTPPSH|0.0
P16234|O75179_LTPPSHDLN|0.012
P16234|O75179_SKQKSSSHL|0.0
P16234|O75179_LKKQYLEVK|0.001
P16234|O75179_LGLLTPVGV|0.0
P16234|O75179_SEGDYARLQ|0.209
P16234|O75179_ERGASIEHR|0.0
P16234|O75179_INSRTGSKL|0.0
P16234|O75179_KLGISPLML|0.0
P16234|O75179_DKGHYKFCE|0.189
P16234|O75179_PEVLTEPPS|0.0
P16234|O75179_TEPPSATTT|0.0
P16234|O75179_PPSATTTTT|0.0
P16234|O75179_SATWTTLAG|0.0
P16234|O75179_KRNNTITTT|0.0
P16234|O75179_ISSCSDESS|0.0
P16234|O75179_NSNSSRKSD|0.0
P16234|O75179_AVVTTTVSS|0.0
P16234|O75179_TTVSSKKQP|0.0
P16234|O75179_SGKASIKLS|0.0
P16234|O75179_SKKVSVPST|0.0
P16234|O75179_LSSTSQTAT|0.0
P16234|O75179_VRPLSPARA|0.0
P16234|O75179_PARATNSPK|0.066
P16234|O75179_RATNSPKPH|0.0
P16234|O75179_TTTASNNNT|0.0
P16234|O75179_NTAPTNATY|0.108
P16234|O75179_YPMPTAKEH|0.383
P16234|O75179_AKEHYPVSS|0.004
P16234|O75179_HSVPSSVQL|0.0
P16234|O75179_SSQSTPESM|0.0
P16234|O75179_YLPNSDPLH|0.247
P16234|O75179_FSPLSLLTP|0.0
P16234|O75179_LSLLTPCSS|0.0
P16234|O75179_HRPMSDPGV|0.001
P16234|O75179_TGIVTPSGT|0.0
P16234|Q8IVF6_KEGNTPLLF|0.0
P16234|Q8IVF6_KDAMYGNFM|0.0
P16234|Q8IVF6_ARLNSELEK|0.0
P16234|Q8IVF6_LLNYTADQI|0.0
P16234|A2A2Z9_RKLLSFGRR|0.0
P16234|A2A2Z9_VQVVTLLLD|0.001
P16234|A2A2Z9_KEGNTPLLF|0.0
P16234|A2A2Z9_GKQNSSEER|0.012
P16234|A2A2Z9_KQNSSEERI|0.0
P16234|A2A2Z9_LMNEYNYLK|0.255
P16234|A2A2Z9_NEYNYLKEK|0.466
P16234|A2A2Z9_PLEGTSHCH|0.0
P16234|A2A2Z9_LEGTSHCHI|0.0
P16234|A2A2Z9_KKELTLKDV|0.0
P16234|Q9H560_MDQEYAGRG|0.0
P16234|Q9H560_AGRGYHIRD|0.0
P16234|Q9H560_TLLLSRRCQ|0.0
P16234|Q5TYW2_LNVATKQCV|0.0
P16234|Q5TYW2_KNVQTLRAE|0.0
P16234|Q5TYW2_DSTSSAAAG|0.0
P16234|Q5TYW2_ISKHSESVK|0.0
P16234|Q5TYW2_TRDVSVQVE|0.0
P16234|Q5TYW2_QVEMSSAIS|0.0
P16234|Q5TYW2_SSAISKVKA|0.0
P16234|Q5TYW2_KTRDSLRKK|0.0
P16234|Q5SQ80_LNVATKQCV|0.0
P16234|Q5SQ80_KNVQTLRAE|0.0
P16234|Q5SQ80_DSTSSAAAG|0.0
P16234|Q5SQ80_MKSKTARNT|0.0
P16234|Q5SQ80_ISKHSESVK|0.0
P16234|Q5SQ80_TRDVSVQVE|0.0
P16234|Q5SQ80_QVEMSSAIS|0.0
P16234|Q5SQ80_SSAISKVKD|0.0
P16234|Q5SQ80_KTRDSLRKK|0.0
P16234|Q5VUR7_LNVATKQCV|0.0
P16234|Q5VUR7_KNVQTLRAE|0.0
P16234|Q5VUR7_DSTSSAAAG|0.0
P16234|Q5VUR7_MKSKTARNT|0.0
P16234|Q5VUR7_ISKHSESVK|0.0
P16234|Q5VUR7_TRDVSVQVE|0.0
P16234|Q5VUR7_QVEMSSAIS|0.0
P16234|Q5VUR7_SSAISKVKD|0.0
P16234|Q5VUR7_KTRDSLRKK|0.0
P16234|Q4UJ75_LNVATKQCV|0.0
P16234|Q4UJ75_KNVQTLRAE|0.0
P16234|Q4UJ75_DSTSSAAAG|0.0
P16234|Q4UJ75_ISKHSESVK|0.0
P16234|Q4UJ75_KEDKYFQTS|0.0
P16234|Q4UJ75_KYFQTSRKK|0.0
P16234|Q4UJ75_YFQTSRKKI|0.0
P16234|Q5CZ79_KNVQTLRAE|0.0
P16234|Q5CZ79_DSTSSAAAG|0.0
P16234|Q5CZ79_MKSKTARNT|0.0
P16234|Q5CZ79_IGKHSESVK|0.0
P16234|Q5CZ79_KTRDSLRKK|0.0
P16234|Q86YR6_CSMPTASTV|0.0
P16234|Q86YR6_MPTASTVKK|0.0
P16234|Q86YR6_PTASTVKKP|0.0
P16234|Q86YR6_DHDDSFMKM|0.0
P16234|Q86YR6_KEKRTALHL|0.0
P16234|Q86YR6_LKISSENSN|0.0
P16234|Q86YR6_LKLTSEEES|0.0
P16234|Q86YR6_EEALTKTNI|0.0
P16234|Q86YR6_ALTKTNI__|0.0
P16234|Q5VYY1_VRIVSFLLR|0.058
P16234|Q8TF21_ASPETVEVL|0.0
P16234|Q8TF21_QPGITDALG|0.0
P16234|Q8TF21_DAAHYGALA|0.003
P16234|Q8TF21_QSRLSLLEN|0.0
P16234|Q8TF21_ANMETKPTG|0.0
P16234|Q8TF21_EAEGSGASG|0.0
P16234|Q8TF21_GSGASGGGG|0.0
P16234|Q8TF21_GGGDTTQLR|0.0
P16234|Q8TF21_GGDTTQLRA|0.0
P16234|Q8TF21_GRAASLEQE|0.0
P16234|Q8TF21_ERVCSVALS|0.0
P16234|Q63ZY3_PFPGTPGPA|0.0
P16234|Q63ZY3_EKGHTLRRV|0.007
P16234|Q63ZY3_RPRLSSLPR|0.0
P16234|Q63ZY3_SWWTSTESL|0.0
P16234|Q63ZY3_WWTSTESLC|0.0
P16234|Q63ZY3_ASGDSRHSA|0.0
P16234|Q63ZY3_DSRHSAYSY|0.26
P16234|Q63ZY3_RHSAYSYCG|0.349
P16234|Q63ZY3_HSAYSYCGR|0.001
P16234|Q63ZY3_SAYSYCGRG|0.44
P16234|Q63ZY3_FYPQYGALE|0.376
P16234|Q63ZY3_DQAATPTGL|0.0
P16234|Q63ZY3_TGLGSLTPS|0.0
P16234|Q63ZY3_GSTASLVGV|0.0
P16234|Q63ZY3_LPPPTPRSS|0.0
P16234|Q63ZY3_VQLKSQKFL|0.0
P16234|Q63ZY3_LGHPTAGRG|0.0
P16234|Q63ZY3_GRGRSELCL|0.0
P16234|Q63ZY3_SLEPYGTGL|0.282
P16234|Q63ZY3_VKKISITER|0.0
P16234|Q63ZY3_VPAESSSSP|0.0
P16234|Q63ZY3_VADPTAHRR|0.018
P16234|Q63ZY3_ECQLSRESQ|0.0
P16234|Q63ZY3_LSRESQHIP|0.0
P16234|Q63ZY3_NRAGYSPIM|0.001
P16234|Q63ZY3_QAGQTALML|0.0
P16234|Q63ZY3-2_PPLSSPPGG|0.0
P16234|Q9UPS8_RRQRSSAGG|0.0
P16234|Q9UPS8_RQRSSAGGG|0.0
P16234|Q9UPS8_KMNRTALHL|0.0
P16234|Q9UPS8_SVDESSEDS|0.0
P16234|Q9UPS8_VDESSEDSL|0.0
P16234|Q9UPS8_SSEDSLSRL|0.0
P16234|Q9UPS8_GVDDSWPTS|0.0
P16234|Q9UPS8_DSWPTSDDE|0.0
P16234|Q9UPS8_LEATYGTVR|0.02
P16234|Q9UPS8_VQCFSHPTY|0.001
P16234|Q9UPS8_FSHPTYQSP|0.0
P16234|Q9UPS8_PTYQSPDLL|0.0
P16234|Q9UPS8_SPERYLHLK|0.0
P16234|Q9UPS8_EREGSENNQ|0.0
P16234|Q9UPS8_QKRKSGETD|0.0
P16234|Q9UPS8_ECKDSVSLL|0.0
P16234|Q9UPS8_KDSVSLLKI|0.0
P16234|Q9UPS8_KEIKSQLEH|0.0
P16234|Q9UPS8_ENSHSHEEE|0.0
P16234|Q9UPS8_NGRLSVLTA|0.0
P16234|Q9UPS8_NEKQSKERL|0.0
P16234|Q9UPS8_GKQESVEER|0.0
P16234|Q9UPS8_SMENYLSKM|0.0
P16234|Q9UPS8_EKNITRELK|0.0
P16234|Q9UPS8-2_NVRSSPPRG|0.0
P16234|Q9UPS8-2_ENKEYASSG|0.0
P16234|Q9UPS8-2_KEYASSGPA|0.0
P16234|Q9UPS8-2_EYASSGPAL|0.0
P16234|Q96NW4_EKRESSEEP|0.0
P16234|Q96NW4_RNIASFHRT|0.0
P16234|Q96NW4_AVEIYVHHE|0.34
P16234|Q96NW4_KPEFSFNIP|0.0
P16234|Q96NW4_ERLLSQEDH|0.001
P16234|Q96NW4_VTPFSRDDR|0.018
P16234|Q96NW4_EKGDTPLHI|0.401
P16234|Q96NW4_GVIETLLQN|0.103
P16234|Q96NW4_APVQSPQRS|0.001
P16234|Q96NW4_SSTSSFSSM|0.0
P16234|Q96NW4_LHGASVQVL|0.0
P16234|Q96NW4_DRKEYVTVK|0.444
P16234|Q96NW4_KKWNSKLYD|0.285
P16234|Q96NW4_NSKLYDLPD|0.436
P16234|Q96NW4_TRQFYFVHS|0.163
P16234|Q96NW4_YFVHSAGQF|0.416
P16234|Q96NW4_DAVVSQGPE|0.15
P16234|Q96NW4_GPLSTPQEV|0.257
P16234|Q96NW4_SASRS____|0.0
P16234|O15084_RAGRTALHH|0.001
P16234|O15084_RGAVTGHEE|0.0
P16234|O15084_VSSSSPLSS|0.0
P16234|O15084_AINRYTNTS|0.0
P16234|O15084-1_KSLHSPPSG|0.0
P16234|Q8N6D5_AAVLSGNIK|0.0
P16234|P57078_LDVKSPPEP|0.0
P16234|P57078_PSSGSGKRL|0.0
P16234|P57078_GKRLSGVSS|0.0
P16234|P57078_SSVDSAFSS|0.318
P16234|P57078_SAFSSRGSL|0.0
P16234|P57078_SLSLSFERE|0.0
P16234|P57078_EREPSTSDL|0.0
P16234|P57078_EPSTSDLGT|0.0
P16234|P57078_NRRGSTPLH|0.0
P16234|P57078_RRGSTPLHM|0.0
P16234|P57078_ARKISVNAK|0.0
P16234|Q9BXX3_KRKKTINLN|0.0
P16234|Q9BXX3_LLSITKRSE|0.0
P16234|Q9BXX3_NHQNTNPEG|0.0
P16234|Q9BXX3_NPEGTSAGT|0.0
P16234|Q9BXX3_PEGTSAGTP|0.0
P16234|Q9BXX3_TSAGTPDEA|0.0
P16234|Q9BXX3_TPVKTGCVA|0.0
P16234|Q9BXX3_ARVTSNKTK|0.0
P16234|Q9BXX3_TSNKTKVLE|0.0
P16234|Q9BXX3_KLEGSPVKD|0.0
P16234|Q9BXX3_GMKVSIPTK|0.0
P16234|Q9BXX3_MDMQTFKAE|0.0
P16234|Q9BXX3_CETVSQKDV|0.0
P16234|Q9BXX3_KLEESPDND|0.0
P16234|Q9BXX3_RMKVSIPTK|0.0
P16234|Q9BXX3_KENKYFEDI|0.027
P16234|Q9BXX3_ASQYSGQLK|0.0
P16234|Q9BXX2_LEKMTVGKK|0.0
P16234|Q9BXX2_GEGRTPLMK|0.0
P16234|Q9BXX2_KFEQSTEET|0.0
P16234|Q9BXX2_STEETPRKI|0.0
P16234|Q9BXX2_DEENSWDSE|0.0
P16234|Q9BXX2_SPCETVSQK|0.0
P16234|Q9BXX2_GRKVSLPNK|0.0
P16234|Q9BXX2_KDRETLKAE|0.0
P16234|Q9BXX2_KDRETFKAA|0.0
P16234|Q9BXX2_LLKPTCGMK|0.0
P16234|Q9BXX2_GMKISLPNK|0.0
P16234|Q9BXX2_AEDVSSVES|0.0
P16234|Q9BXX2_KNKQTLRAD|0.0
P16234|Q9BXX2_KENKYFEDI|0.0
P16234|Q9BXX2_SIKKYKYFS|0.253
P16234|Q8N7Z5_EGRDSPEVS|0.006
P16234|Q8N7Z5_EVTMTMTSE|0.166
P16234|Q8N7Z5_MTMTSEETK|0.0
P16234|Q8N7Z5_TSEETKDEE|0.117
P16234|Q8N7Z5_SNSVTNSSD|0.0
P16234|Q8N7Z5_SDHMYKMPE|0.374
P16234|Q8N7Z5_KEDVYEYYQ|0.349
P16234|Q8N7Z5_DVYEYYQKD|0.447
P16234|Q8N7Z5_VYEYYQKDP|0.396
P16234|Q8N7Z5_ILAVSPSRR|0.0
P16234|Q8N7Z5_AVSPSRRIN|0.012
P16234|Q8N7Z5_LTLSSLRNG|0.0
P16234|Q8N7Z5_LPVVTTDKQ|0.019
P16234|Q8N7Z5_PVVTTDKQP|0.009
P16234|Q8N7Z5_VKENSDNDD|0.002
P16234|Q8N7Z5_DDDCSTSEK|0.0
P16234|Q8N7Z5_DDCSTSEKA|0.096
P16234|Q8N7Z5_DCSTSEKAI|0.0
P16234|Q8N7Z5_ARQKSLLVV|0.0
P16234|Q9BQI6_ILPKSSPSG|0.0
P16234|Q9BQI6_LPKSSPSGI|0.0
P16234|Q9BQI6_PPWKSPAMS|0.005
P16234|Q9BQI6_GSYVSLSCD|0.0
P16234|Q9BQI6_LPLDYVVSP|0.33
P16234|Q9BQI6_DYVVSPQIK|0.0
P16234|Q9BQI6_GNIKTLQKL|0.0
P16234|A6NCL7_RRGVSVEEA|0.0
P16234|A6NCL7_LQRLTDCVL|0.0
P16234|A6NCL7_PRKASLLPL|0.0
P16234|A6NCL7_LRRRSVRPG|0.0
P16234|Q69YU3_RGMLSPRAQ|0.0
P16234|Q69YU3_KRLNSEPWG|0.0
P16234|Q69YU3_SRRHSTEGP|0.0
P16234|Q69YU3_RRHSTEGPE|0.0
P16234|Q69YU3_SRRNTAPEA|0.0
P16234|Q69YU3_EAQESGPPS|0.0
P16234|Q69YU3_SGPPSGLRQ|0.0
P16234|Q69YU3_LCPDSPESS|0.0
P16234|Q69YU3_PGAVSPLSG|0.0
P16234|Q69YU3_GAPGSPRTK|0.0
P16234|Q69YU3_VRRHSMQTE|0.0
P16234|Q69YU3_GGFQSLGGP|0.0
P16234|P0C6C1_DKSSSGTKT|0.0
P16234|P0C6C1_SSSGTKTTK|0.0
P16234|P0C6C1_SGTKTTKQY|0.0
P16234|P0C6C1_TTKQYLNVP|0.0
P16234|P0C6C1_SCNTSKAVN|0.0
P16234|P0C6C1_KRLQSEPWG|0.0
P16234|P0C6C1_LIAPSVLAA|0.0
P16234|P0C6C1_ARRGTLPVD|0.0
P16234|P0C6C1_GMGPSGPSA|0.0
P16234|P0C6C1_GSRESLDTV|0.0
P16234|P0C6C1_ESLDTVPST|0.0
P16234|P0C6C1_TVPSTSPSS|0.0
P16234|P0C6C1_VAPSSPKRV|0.0
P16234|P0C6C1_VDLRSKKKL|0.0
P16234|Q8N283_SARPTKLDS|0.0
P16234|Q8N283_AAPGSIKQD|0.0
P16234|Q8N283_RGSLSPCRE|0.0
P16234|Q8N283_KAPASPQVA|0.0
P16234|Q8N283_ERQASEMRG|0.001
P16234|A6QL64_HLLVSRRCE|0.0
P16234|A6QL64_DGQKSGTVS|0.0
P16234|A6QL64_QKSGTVSSQ|0.0
P16234|A6QL64_SGTVSSQKQ|0.0
P16234|A6QL64_ISPRSIKDV|0.0
P16234|A6QL64_KANVSPEQP|0.0
P16234|A6QL64_KGQQSGTVS|0.0
P16234|A6QL64_QQSGTVSPQ|0.0
P16234|A6QL64_SGTVSPQKQ|0.0
P16234|A6QL64_KKKVSLLNI|0.0
P16234|A6QL64_LNIATRIMG|0.0
P16234|A6QL64_GGGKSGTVS|0.0
P16234|A6QL64_GTVSSQKQP|0.0
P16234|A6QL64_TSDKTDSAL|0.0
P16234|A6QL64_LNIATEIKD|0.0
P16234|A6QL64_SLEATSDEK|0.0
P16234|A6QL64_WKATSVKKD|0.0
P16234|A6QL64_SNIATEIKD|0.0
P16234|A6QL64_ATRITGGWK|0.0
P16234|A6QL64_SGYNTMEKC|0.0
P16234|Q8N2N9_HLLVSRRCE|0.0
P16234|Q8N2N9_EGQQSGTVS|0.0
P16234|Q8N2N9_QQSGTVSPQ|0.0
P16234|Q8N2N9_SGTVSPQKQ|0.0
P16234|Q8N2N9_KKKVSLLNI|0.0
P16234|Q8N2N9_LNIATRIMG|0.0
P16234|Q8N2N9_GGGKSGTVS|0.0
P16234|Q8N2N9_GTVSSQKQP|0.0
P16234|Q8N2N9_LQCGTVSSQ|0.0
P16234|Q8N2N9_DEEGSVSNI|0.0
P16234|Q8N2N9_SGTVSSQKK|0.0
P16234|Q8N2N9_VKEDSVLNI|0.0
P16234|Q8N2N9_HKQPSLKAT|0.0
P16234|Q8N2N9_DKEDSVPNM|0.002
P16234|Q8N2N9_DEQISGTVS|0.0
P16234|Q8N2N9_ALKATSDKK|0.0
P16234|Q8N2N9_LKATSDKKD|0.0
P16234|Q8N2N9_DGEKSGTVS|0.0
P16234|Q8N2N9_EKSGTVSPQ|0.0
P16234|Q8N2N9_ATRITGGGK|0.0
P16234|Q8N2N9_IEKMYKSGY|0.0
P16234|Q8N2N9_SGYNTMEKC|0.0
P16234|Q5JPF3_HLLVSRRCE|0.0
P16234|Q5JPF3_SEDEYPPLF|0.0
P16234|Q5JPF3_DGQKSGTVS|0.0
P16234|Q5JPF3_QKSGTVSSQ|0.0
P16234|Q5JPF3_SGTVSSQKQ|0.0
P16234|Q5JPF3_DEQKSGTVS|0.0
P16234|Q5JPF3_GTVSSQKQP|0.0
P16234|Q5JPF3_RRTISQQSA|0.0
P16234|Q5JPF3_KANVSPEQP|0.0
P16234|Q5JPF3_RFLGSMDSL|0.0
P16234|Q5JPF3_MDSLTSSEE|0.0
P16234|Q5JPF3_EGQQSGTVS|0.0
P16234|Q5JPF3_QQSGTVSPQ|0.0
P16234|Q5JPF3_SGTVSPQKQ|0.0
P16234|Q5JPF3_ATRITGGGK|0.0
P16234|Q5JPF3_TSDKTDSAL|0.0
P16234|Q5JPF3_LNIATEIKD|0.0
P16234|Q5JPF3_GLKATSDEE|0.0
P16234|Q5JPF3_DEEDSVLNI|0.0
P16234|Q5JPF3_GLKATSDEK|0.0
P16234|Q5JPF3_LKATSDEKD|0.0
P16234|Q5JPF3_HGEKTRRVS|0.0
P16234|Q5JPF3_TRRVSSHKQ|0.0
P16234|Q5JPF3_RRVSSHKQP|0.0
P16234|Q5JPF3_ALKATSDKE|0.0
P16234|Q5JPF3_WKATSVKKD|0.0
P16234|Q5JPF3_SNIATEIKD|0.0
P16234|Q5JPF3_DGEKSGTVS|0.0
P16234|Q5JPF3_EKSGTVSPQ|0.0
P16234|Q5JPF3_ATRITGGWK|0.0
P16234|Q5JPF3_KQRESGQRL|0.0
P16234|Q5JPF3_SGYNTMEKC|0.0
P16234|Q5JPF3-3_HGEKTRRVS|0.0
P16234|Q5JPF3-3_TRRVSSHKQ|0.0
P16234|Q5JPF3-3_RRVSSHKQP|0.0
P16234|Q5JPF3-3_ATRITGGWK|0.0
P16234|Q53RE8_SQPDSAGYT|0.0
P16234|Q53RE8_SAGYTALHY|0.0
P16234|Q53RE8_TALHYASRN|0.0
P16234|Q53RE8_HRASYCGHT|0.0
P16234|Q53RE8_LSHGSNPRV|0.0
P16234|Q6AI12_PVQLTSRRE|0.0
P16234|Q6AI12_GGPSTPPAS|0.0
P16234|Q6AI12_NGDVSAPSA|0.0
P16234|Q6AI12_AILRTPEST|0.0
P16234|Q6AI12_QPPVSQSRS|0.0
P16234|Q6AI12_NRRASKLTY|0.0
P16234|Q8NAG6_TPGLSGPTD|0.085
P16234|Q8NAG6_RAIFYVGKG|0.368
P16234|Q8N9B4_ELQKYDIDD|0.164
P16234|Q8N9B4_SMNDYVEKN|0.434
P16234|Q2M3V2_PAPATLRLR|0.0
P16234|Q2M3V2_RRQLSEEPS|0.0
P16234|Q2M3V2_SEEPSPRSS|0.0
P16234|Q2M3V2_SPRSSPLLL|0.0
P16234|Q2M3V2_LRRLSVEES|0.0
P16234|Q2M3V2_GPGRSPHLR|0.0
P16234|Q2M3V2_PRLLSPDAE|0.0
P16234|Q2M3V2_GRRAYQYLR|0.37
P16234|Q2M3V2_LKKSSSFSK|0.0
P16234|Q2M3V2_KKSSSFSKF|0.0
P16234|Q2M3V2_SKFLSASPM|0.0
P16234|Q2M3V2_FLSASPMAP|0.0
P16234|Q8N8A2_VAARYGHEL|0.0
P16234|Q8N8A2_FEIDTPDKF|0.0
P16234|Q5TZF3_IAKVSLAVT|0.0
P16234|Q5TZF3_SLAVTDTEK|0.0
P16234|Q5TZF3_TEKGSGKLL|0.0
P16234|Q86W74-1_YYRRTLRLG|0.122
P16234|Q6NY19_GGARSPSSP|0.0
P16234|Q6NY19_AGARSPGAW|0.0
P16234|Q6NY19_ESLASDDGG|0.0
P16234|Q6NY19_MQPLSPRAP|0.0
P16234|Q6NY19_GVPRSPRGS|0.0
P16234|Q6NY19_SPRGSGRSS|0.0
P16234|Q6NY19_LRRLTERLA|0.0
P16234|Q6NY19_ERLATSERG|0.0
P16234|Q6NY19_RLATSERGG|0.0
P16234|Q6NY19_RARASPRAD|0.0
P16234|Q6NY19_SLDGTPQTR|0.0
P16234|Q6NY19_GTPQTREVA|0.0
P16234|Q6NY19_LAALTSVRQ|0.0
P16234|Q6NY19_AALTSVRQE|0.0
P16234|Q6NY19_ADGATALMC|0.0
P16234|Q8WVL7_SEKATHVNT|0.0
P16234|Q8WVL7_THVNTRDED|0.246
P16234|Q8WVL7_LMNRYVKPG|0.203
P16234|Q9ULJ7____MTNPWE|0.293
P16234|Q9ULJ7_FRKISLDDL|0.0
P16234|Q9ULJ7_NMSLTLEDF|0.0
P16234|Q9ULJ7_EDDRTSCIV|0.2
P16234|Q9ULJ7_EREDSIRTL|0.0
P16234|Q9ULJ7_AHGHTPLTL|0.0
P16234|Q9ULJ7_KNGHSQIIK|0.0
P16234|Q9ULJ7_GCSPSPVHT|0.0
P16234|Q9ULJ7_IKSNSSGST|0.0
P16234|Q9ULJ7_PNGPTHAFS|0.0
P16234|Q9ULJ7_THAFSSPSE|0.0
P16234|Q9ULJ7_DRQKSSLSN|0.0
P16234|Q9ULJ7_RQKSSLSNN|0.0
P16234|Q9ULJ7_KSSLSNNSL|0.0
P16234|Q9ULJ7_LSNNSLKSS|0.0
P16234|Q9ULJ7_VPIDSFHNL|0.0
P16234|Q9ULJ7_FHNLSFTEQ|0.0
P16234|Q9ULJ7_NLSFTEQIQ|0.0
P16234|Q9ULJ7_PRSRSRQSI|0.0
P16234|Q9ULJ7_RSRQSIVSP|0.0
P16234|Q9ULJ7_QSIVSPSST|0.0
P16234|Q9ULJ7_QVKPSLKST|0.0
P16234|Q9ULJ7_KGGKSENSA|0.0
P16234|Q9ULJ7_KSENSAKSG|0.0
P16234|Q9ULJ7_NSAKSGSAG|0.0
P16234|Q9ULJ7_AKSGSAGKK|0.0
P16234|Q9ULJ7_QSNSSQPKV|0.0
P16234|Q9ULJ7_KVLEYEMTQ|0.433
P16234|Q9ULJ7_IHQQSGEQK|0.0
P16234|Q9ULJ7_TNPNYHLQS|0.005
P16234|Q9ULJ7_PSSETELSL|0.0
P16234|Q9ULJ7_QIEGSDPSF|0.0
P16234|Q8NB46_MGILSITDQ|0.0
P16234|Q8NB46_ILSITDQPP|0.0
P16234|Q8NB46_QAIFSRDVE|0.0
P16234|Q8NB46_RSLLSQKEN|0.0
P16234|Q8NB46_KLWQTPLHV|0.0
P16234|Q8NB46_SGQLYSIVS|0.0
P16234|Q8NB46_AASDTYRRA|0.0
P16234|Q8NB46_AEPHTPSSH|0.0
P16234|Q8NB46_KRKWTPLHA|0.0
P16234|Q8NB46_RADITDVMD|0.0
P16234|Q8NB46_EFLLYRGKA|0.023
P16234|Q8NB46_ALILSTMKP|0.0
P16234|Q8NB46_LILSTMKPF|0.0
P16234|Q8NB46_PFSFSLLKN|0.0
P16234|Q8NB46_SCPYSQERP|0.0
P16234|Q8NB46_LDGCYSE__|0.0
P16234|Q8NB46_DGCYSE___|0.0
P16234|Q8N9V6_RRAGSGSWH|0.0
P16234|Q8N9V6_AGSGSWHSE|0.0
P16234|Q8N9V6_RRPASLTPP|0.0
P16234|Q8N9V6_PASLTPPRA|0.0
P16234|Q8N9V6_RADPSPSKE|0.0
P16234|Q8N9V6_DPSPSKESD|0.0
P16234|Q8N9V6_QARATALSK|0.0
P16234|Q8N9V6_PTLPSPQTN|0.0
P16234|Q6NXT1_SPLRYLHVL|0.349
P16234|Q6NXT1_HLAKSKLNI|0.35
P16234|Q3KP44_MDFSTPSVF|0.0
P16234|Q3KP44_GADPTLVDK|0.0
P16234|Q3KP44_QKSRSEQDL|0.0
P16234|A6NEL2_GSKGSPGQR|0.0
P16234|A6NEL2_AVAHSPPAT|0.0
P16234|A6NEL2_SSLHYSTLQ|0.0
P16234|A6NEL2_RKEGSPSRS|0.0
P16234|A6NEL2_EGSPSRSPQ|0.0
P16234|A6NEL2_SPSRSPQGL|0.0
P16234|A6NEL2_RAKLSSSDE|0.0
P16234|A6NEL2_AKLSSSDEE|0.0
P16234|A6NEL2_KLSSSDEEY|0.0
P16234|A6NEL2_GTAPSPRVD|0.0
P16234|A6NEL2_EHKSSLVPL|0.0
P16234|A6NEL2_PLVGSSSPT|0.0
P16234|A6NEL2_VTRKTSFAA|0.0
P16234|A6NEL2_TRKTSFAAL|0.0
P16234|Q53LP3_DGAKYVHLK|0.038
P16234|Q53LP3_RIQVTAEPE|0.0
P16234|Q53LP3_WPPLSAGAR|0.0
P16234|Q53LP3_RRKNSRRDV|0.0
P16234|Q53LP3_PLPRTPAPG|0.0
P16234|Q53LP3_ADRGSSLVG|0.0
P16234|Q53LP3_LVGATAQRP|0.0
P16234|Q53LP3_CPGGSSPGS|0.0
P16234|Q53LP3_PGSSSGGGR|0.0
P16234|Q53LP3_YLSRSIAEE|0.0
P16234|Q53LP3_SAAGSGGGR|0.0
P16234|Q53LP3_HLITYKLSH|0.0
P16234|Q53LP3_IVHTTPSFR|0.0
P16234|Q53LP3_HTTPSFRDP|0.0
P16234|Q53LP3_LRPKSNVFG|0.0
P16234|Q9Y2G4____MSQQDA|0.0
P16234|Q9Y2G4_RRAQSVPRD|0.0
P16234|Q9Y2G4_FLSASPEPR|0.0
P16234|Q9Y2G4_VSAFSDPTP|0.0
P16234|Q9Y2G4_AYQLYTLYR|0.426
P16234|Q9Y2G4_LQQHSDTEK|0.0
P16234|Q9Y2G4_KRQISLVDE|0.0
P16234|Q9Y2G4_EQKLSGDSR|0.0
P16234|Q9Y2G4_EEARSQANQ|0.0
P16234|Q9BZ19_PKAASALPD|0.002
P16234|Q9BZ19_RLEETGEMF|0.021
P16234|Q9BZ19_NHTLSERQM|0.006
P16234|A6NC57_SLQNSNSEQ|0.0
P16234|A6NC57_LEMTSEGEQ|0.0
P16234|A6NC57_DQKCYCERL|0.0
P16234|A6NC57_KNNISVLQK|0.0
P16234|A6NC57_VKKQSKLTL|0.0
P16234|A6NC57_QSKLTLKSL|0.0
P16234|A6NC57_TENKYFKDI|0.361
P16234|A6NC57_ITRYSKELN|0.451
P16234|A6NC57_KEKQSMSRL|0.0
P16234|A6NC57_KQSMSRLET|0.0
P16234|A6NC57_TEMESYRCR|0.0
P16234|C9JTQ0_RLDRTNRAG|0.0
P16234|C9JTQ0_RAGLTALQL|0.0
P16234|C9JTQ0_RGHGTCVQA|0.0
P16234|C9JTQ0_VQALTGPWG|0.0
P16234|C9JTQ0_ALPNSPQSS|0.001
P16234|C9JTQ0_GRWRSQEVL|0.0
P16234|C9JTQ0_LRRRSTAPD|0.0
P16234|C9JTQ0_RRRSTAPDI|0.0
P16234|B4E2M5_KNKKSRGPT|0.0
P16234|Q92527_HRAASVGDL|0.0
P16234|Q92527_NMFISMVLL|0.0
P16234|Q96BM1_QCRKSSFAF|0.0
P16234|Q96BM1_CRKSSFAFY|0.001
P16234|Q96BM1_SFAFYQAVR|0.068
P16234|Q92625_GKRLSSGFG|0.0
P16234|Q92625_SSMDSISQK|0.0
P16234|Q92625_MDSISQKSQ|0.0
P16234|Q92625_ISQKSQGDV|0.0
P16234|Q92625_IDKKYFPLT|0.003
P16234|Q92625_RIHGSAARE|0.0
P16234|Q92625_DHRRSSSSR|0.0
P16234|Q92625_HRRSSSSRS|0.0
P16234|Q92625_RRSSSSRSQ|0.0
P16234|Q92625_RSSSSRSQD|0.0
P16234|Q92625_KRVGYLTGL|0.0
P16234|Q92625_TNSRSHPET|0.0
P16234|Q92625_RAPPTSKPK|0.0
P16234|Q92625_SRSLSKSDS|0.0
P16234|Q92625_LLTCSPTED|0.0
P16234|Q92625_MGSRSESLS|0.0
P16234|Q92625_SESLSNCSI|0.0
P16234|Q92625_PSFASEWDE|0.0
P16234|Q92625_GIDFSQERQ|0.0
P16234|Q92625_RQKISGLRT|0.0
P16234|Q92625_SGLRTLEQS|0.0
P16234|Q92625_YDGNSPPSV|0.0
P16234|Q92625_RIIASLADR|0.0
P16234|Q92625_PPRFSQLRC|0.0
P16234|Q92625_QDLLSQTSS|0.0
P16234|Q92625_SQTSSPLSQ|0.0
P16234|Q92625_CTGRSADLL|0.0
P16234|Q92625_PAAPSRAER|0.0
P16234|Q92625_EAKLTLRPP|0.0
P16234|Q92625_LAAPYAPVQ|0.112
P16234|Q92625_GVRKSALEP|0.0
P16234|Q6ZW76_SDEASEPEL|0.0
P16234|Q6ZW76_MDTYSPSLP|0.0
P16234|Q6ZW76_SLYRSPEKY|0.349
P16234|Q6ZW76_YEDLSSSDE|0.002
P16234|Q6ZW76_EDLSSSDES|0.0
P16234|Q6ZW76_DLSSSDESC|0.0
P16234|Q6ZW76_KKGVSIHEG|0.0
P16234|Q6ZW76_VTFNSSGEN|0.0
P16234|Q6ZW76_TFNSSGENP|0.228
P16234|Q6ZW76_LAESSPQTQ|0.0
P16234|Q6ZW76_AVVESCLLE|0.0
P16234|Q8N8V4_AASDSYLEL|0.184
P16234|Q8N8V4_MAHTYSKEE|0.0
P16234|Q8N8V4_TLSSSKGTF|0.0
P16234|Q8N8V4_FSRSSPSNA|0.0
P16234|Q8N8V4_RSSPSNASA|0.0
P16234|Q8N8V4_PSNASAPGT|0.0
P16234|Q8N8V4_GTFGSLSKG|0.0
P16234|Q8N8V4_FGSLSKGIK|0.0
P16234|Q8N8V4_RNRISSPED|0.0
P16234|Q68DC2_DLVDYLDPL|0.0
P16234|Q68DC2_TRLPSDKLK|0.0
P16234|Q68DC2_VKFPSLPRS|0.0
P16234|Q68DC2_ELPASPAGG|0.0
P16234|Q68DC2_KRPPSGTST|0.0
P16234|A6NFN9_QGRRYLELM|0.0
P16234|A6NFN9_DVGISFCST|0.0
P16234|A6NFN9_ISFCSTLKC|0.0
P16234|A6NFN9_VTQDTMPVM|0.0
P16234|A6NFN9_KDYQTDIGT|0.0
P16234|A6NFN9_LSKQTASSK|0.02
P16234|A6NFN9_PLAISQPDT|0.0
P16234|A6NFN9_SQPDTRKQA|0.0
P16234|A6NFN9_LLKSSFSSF|0.0
P16234|Q9H8Y5____MSPAPD|0.0
P16234|Q9H8Y5_PASISLFDL|0.0
P16234|Q9H8Y5_RAPRTSCSG|0.0
P16234|Q9H8Y5_APRTSCSGS|0.0
P16234|Q9H8Y5_RTSCSGSGE|0.0
P16234|Q9H8Y5_SCSGSGERE|0.0
P16234|Q9H8Y5_GERESPERK|0.002
P16234|Q9H8Y5_GQFLYAYRC|0.29
P16234|Q9H8Y5_HSPQTHWKT|0.0
P16234|Q9H8Y5_ARPPYTVAA|0.414
P16234|Q9H8Y5_AADKSTRNE|0.0
P16234|Q9H8Y5_ADKSTRNEF|0.0
P16234|Q5XXA6_VNEKYSTLP|0.012
P16234|Q5XXA6_NEKYSTLPA|0.237
P16234|Q5XXA6_KYGLYFRDG|0.309
P16234|Q5XXA6_RKVDYILVY|0.406
P16234|Q5XXA6_SGNRTLVRR|0.449
P16234|Q5XXA6_RVQHSDTPS|0.178
P16234|Q5XXA6_QHSDTPSGA|0.12
P16234|Q5XXA6_SGARSVKQD|0.158
P16234|Q5XXA6_PPMDYHEDD|0.391
P16234|Q5XXA6_TKKMYHINE|0.38
P16234|Q5XXA6_HINETRGLL|0.0
P16234|Q5XXA6_MKRLSYPFS|0.021
P16234|Q5XXA6_SFFDSKTRS|0.001
P16234|Q5XXA6_STIVYEILK|0.174
P16234|Q5XXA6_RKLLYEEWA|0.439
P16234|Q5XXA6_VFYKYQPID|0.427
P16234|Q5XXA6_VLEKSLKKE|0.0
P16234|Q5XXA6_LKKESRNKE|0.277
P16234|Q5XXA6_NSSPSVRSN|0.0
P16234|Q5XXA6_DSLGSPAPS|0.0
P16234|Q5XXA6_SPAPSHAYH|0.045
P16234|Q5XXA6_PSHAYHGGV|0.109
P16234|Q9NW15_RRLLTSGIV|0.0
P16234|Q9NQ90_QKLSSHLQP|0.0
P16234|Q9NQ90_RKLLYQEWA|0.0
P16234|Q9NQ90_EWARYGVFY|0.242
P16234|Q9NQ90_YGVFYKFQP|0.038
P16234|Q9NQ90_LETNTTECG|0.0
P16234|Q9NQ90_ETNTTECGD|0.0
P16234|Q9NQ90_EDKLTWKDR|0.0
P16234|Q9NQ90_PALRSPGGG|0.0
P16234|Q9NQ90_SQLGSMMSS|0.0
P16234|Q9BYT9_PAIASPDIM|0.0
P16234|Q9BYT9_IPWDTLCKY|0.365
P16234|Q9BYT9_RLDAYKFVT|0.329
P16234|Q9BYT9_GKSGYCRYR|0.443
P16234|Q32M45__MEASSSGI|0.0
P16234|Q32M45_MEASSSGIT|0.0
P16234|Q32M45_EASSSGITN|0.0
P16234|Q32M45_SSGITNGKT|0.0
P16234|Q32M45_RRKIYYLPR|0.0
P16234|Q32M45_QNWWTRRKV|0.0
P16234|Q32M45_RLDAYKFVT|0.224
P16234|Q32M45_FENRSEPES|0.0
P16234|Q32M45_SEPESDGSE|0.0
P16234|Q32M45_TPLKYCRYR|0.065
P16234|Q75V66_EDGRTYFVK|0.318
P16234|Q75V66_EMEPYMPLY|0.247
P16234|Q75V66_YMPLYTRIP|0.333
P16234|Q75V66_MPLYTRIPW|0.0
P16234|Q75V66_EYESSLTLK|0.007
P16234|Q4KMQ2_PDLGSLESQ|0.001
P16234|Q4KMQ2_SAFGTLNWF|0.0
P16234|Q4KMQ2_FRRQSEDPS|0.0
P16234|Q4KMQ2_SEDPSCPNE|0.0
P16234|Q4KMQ2_PRSIYKKQP|0.132
P16234|Q4KMQ2_RVSGSEKIT|0.0
P16234|Q4KMQ2_TTCRYRDFR|0.344
P16234|Q6IWH7_HCARSRMLR|0.0
P16234|Q6IWH7_SRIASLTGS|0.0
P16234|Q9HCE9_LGLLSLRRP|0.0
P16234|Q9HCE9_LKKVSFAER|0.0
P16234|Q9HCE9_RPGPSPEAL|0.0
P16234|Q9HCE9_LEEGSPTMV|0.0
P16234|Q9HCE9_GAPGSPERE|0.0
P16234|Q9HCE9_PGSNSDSTR|0.0
P16234|Q9HCE9_NSDSTRRQR|0.0
P16234|Q9HCE9_LDPATSSEK|0.0
P16234|Q9HCE9_DPATSSEKA|0.0
P16234|Q9HCE9_PATSSEKAS|0.0
P16234|Q9HCE9_PPAQSPTGS|0.0
P16234|Q9HCE9_KFLKSPETR|0.001
P16234|Q9HCE9_ERSHSPPKA|0.0
P16234|Q9HCE9_PFGGTRAEP|0.0
P16234|A1A5B4_EMPRTFSER|0.0
P16234|A1A5B4_PRTFSERES|0.0
P16234|A1A5B4_YKYRYSPCL|0.0
P16234|A1A5B4_KYRYSPCLK|0.05
P16234|P17342_ARLASHWDL|0.0
P16234|P17342_LPMLSAGAL|0.0
P16234|P17342_AKQAYSSLQ|0.002
P16234|P17342_LMAFYFFRK|0.411
P16234|P39687_DNRVSGGLE|0.0
P16234|P39687_HLNLSGNKI|0.0
P16234|P39687_IKDLSTIEP|0.0
P16234|P39687_ENLKSLDLF|0.0
P16234|P39687_NCEVTNLND|0.002
P16234|P39687_YLDGYDRDD|0.381
P16234|P39687_DAEGYVEGL|0.223
P16234|Q92688_HLNLSGNKL|0.0
P16234|Q92688_LKDISTLEP|0.0
P16234|Q92688_ECLKSLDLF|0.0
P16234|Q92688_NCEVTNLND|0.013
P16234|Q92688_YLDGYDRED|0.257
P16234|Q92688_EAPDSDAEV|0.0
P16234|O43423_CPNLTHLYL|0.035
P16234|O43423_IKDLSTIEP|0.0
P16234|O95626_LRNRTPSDV|0.0
P16234|O95626_NRTPSDVKE|0.0
P16234|O95626_HLNLSGNKI|0.0
P16234|O95626_IKDLSTIEP|0.0
P16234|P16066_KELASELWR|0.0
P16234|P16066_KKLWTAPEL|0.0
P16234|P16066_LRMASPPVR|0.0
P16234|P16066_NRENSSNIL|0.0
P16234|P16066_VEERTQAYL|0.349
P16234|P16066_IGDAYMVVS|0.101
P16234|P20594_HFNWTARAA|0.353
P16234|P20594_TNGDYVFFY|0.424
P16234|P20594_RIELTRQVL|0.405
P16234|P20594_GQRPYFRPS|0.26
P16234|P20594_RMEQYANNL|0.502
P16234|P20594_VEERTQAYL|0.396
P16234|Q9BQD7_RPGKTVDLG|0.0
P16234|Q9BQD7_VDLGSGDGR|0.0
P16234|Q9BQD7_CRNVSVFLA|0.003
P16234|Q9H6X2___MATAERR|0.0
P16234|Q9H6X2_HKFISPQLR|0.0
P16234|Q9H6X2_GGDTYMHEG|0.504
P16234|Q9H6X2_SEQIYYENR|0.249
P16234|Q9H6X2_EQIYYENRQ|0.463
P16234|Q9H6X2_NRQGYRTAS|0.494
P16234|Q9H6X2_DLFFYSERE|0.0
P16234|Q9H6X2_KKWPTVDAS|0.0
P16234|Q9H6X2_TVDASYYGG|0.0
P16234|Q9H6X2_VDASYYGGR|0.342
P16234|Q9H6X2_DASYYGGRG|0.394
P16234|Q9H6X2_LNNAYHTSS|0.028
P16234|Q9H6X2_NAYHTSSPP|0.0
P16234|Q9H6X2_PPRPSV___|0.0
P16234|P58335_EMRLSFIVF|0.0
P16234|P58335_IVFSSQATI|0.0
P16234|P58335_SSQATIILP|0.0
P16234|P58335_ILPLTGDRG|0.0
P16234|P58335_LKRVSPVGE|0.0
P16234|P58335_PVGETYIHE|0.003
P16234|P58335_VGETYIHEG|0.605
P16234|P58335_EPLPTKKWP|0.003
P16234|P58335_KKWPTVDAS|0.0
P16234|P58335_TVDASYYGG|0.004
P16234|P58335_VDASYYGGR|0.491
P16234|P58335_DASYYGGRG|0.55
P16234|P58335_QTKWYTPIK|0.798
P16234|P58335_LRRQYDRVS|0.271
P16234|P58335-4_SRVPSQ___|0.333
P16234|A6NF34_LALGSRRAH|0.216
P16234|Q86XD8_GPINTRRVP|0.0
P16234|Q86XD8_LGKRSDVIS|0.0
P16234|Q86XD8_FRKSSPQLE|0.0
P16234|Q86XD8_QLEHTGVFL|0.0
P16234|Q86XD8_AGRRYLHEA|0.0
P16234|P04083_TFNPSSDVA|0.005
P16234|P04083_VDEATIIDI|0.0
P16234|P04083_IDILTKRNN|0.156
P16234|P04083_IKAAYLQET|0.298
P16234|P04083_YLQETGKPL|0.088
P16234|P04083_PLDETLKKA|0.036
P16234|P04083_KKALTGHLE|0.0
P16234|P04083_ALLKTPAQF|0.0
P16234|P04083_KGLGTDEDT|0.003
P16234|P04083_EILASRTNK|0.0
P16234|P04083_INRVYREEL|0.261
P16234|P04083_AKDITSDTS|0.0
P16234|P04083_ITSDTSGDF|0.0
P16234|P04083_TSDTSGDFR|0.006
P16234|P04083_NALLSLAKG|0.0
P16234|P04083_KGDRSEDFG|0.001
P16234|P04083_DLADSDARA|0.0
P16234|P04083_NTILTTRSY|0.053
P16234|P04083_TKGDYEKIL|0.298
P16234|Q9UJ72_IAEAYQSMY|0.328
P16234|Q9UJ72_YQSMYGRDL|0.322
P16234|Q9UJ72_KGVGTDENC|0.0
P16234|Q9UJ72_EILASRTNG|0.0
P16234|Q9UJ72_REEGYTDPA|0.247
P16234|Q9UJ72_DKPAYFAYR|0.281
P16234|Q9UJ72_AYFAYRLYS|0.322
P16234|Q9UJ72_AYRLYSAIH|0.403
P16234|Q9UJ72_IDLLTIRKR|0.0
P16234|P50995_FNQDYLSGM|0.235
P16234|P50995_KSELSGNFE|0.0
P16234|P50995_ALMKTPVLF|0.0
P16234|P50995_LFDIYEIKE|0.351
P16234|P50995_KGVGTDEAC|0.263
P16234|P50995_EILASRSNE|0.0
P16234|P50995_CREMSGDLE|0.0
P16234|P50995_MYGKSLYHD|0.245
P16234|P50995_YHDISGDTS|0.009
P16234|P50995_ISGDTSGDY|0.124
P16234|P50995_SGDTSGDYR|0.278
P16234|P50995_TSGDYRKIL|0.173
P16234|P27216_AKASSPQGF|0.0
P16234|P27216_YKATYGKEL|0.388
P16234|P27216_RPSEYAARQ|0.481
P16234|P27216_IKEAYQRLF|0.245
P16234|P27216_AKDLYDAGE|0.348
P16234|P27216_AERLYKSMK|0.13
P16234|P27216_RIVVTRAEV|0.127
P16234|P27216_RSDTSGDFR|0.0
P16234|P07355_VKAYTNFDA|0.351
P16234|P07355_LNIETAIKT|0.248
P16234|P07355_VDEVTIVNI|0.11
P16234|P07355_VNILTNRSN|0.001
P16234|P07355_KELASALKS|0.0
P16234|P07355_SALKSALSG|0.002
P16234|P07355_KSALSGHLE|0.175
P16234|P07355_GHLETVILG|0.0
P16234|P07355_GLLKTPAQY|0.295
P16234|P07355_TPAQYDASE|0.1
P16234|P07355_QYDASELKA|0.049
P16234|P07355_ELKASMKGL|0.0
P16234|P07355_EIICSRTNQ|0.002
P16234|P07355_ICSRTNQEL|0.0
P16234|P07355_KDIISDTSG|0.0
P16234|P07355_IISDTSGDF|0.0
P16234|P07355_ISDTSGDFR|0.0
P16234|P07355_PKWISIMTE|0.0
P16234|P07355_ISIMTERSV|0.0
P16234|P07355_MTERSVPHL|0.0
P16234|P07355_VFDRYKSYS|0.39
P16234|P07355_DRYKSYSPY|0.192
P16234|P07355_RYKSYSPYD|0.382
P16234|P07355_YKSYSPYDM|0.232
P16234|P07355_DMLESIRKE|0.0
P16234|P07355_NKPLYFADR|0.37
P16234|P07355_ADRLYDSMK|0.192
P16234|P07355_RLYDSMKGK|0.015
P16234|P07355_MVSRSEVDM|0.008
P16234|P07355_LKIRSEFKR|0.0
P16234|P07355_KYGKSLYYY|0.352
P16234|P07355_IQQDTKGDY|0.397
P16234|P07355_KALLYLCGG|0.416
P16234|A6NMY6_LCKLSLEGD|0.168
P16234|A6NMY6_GDHSTPPSA|0.0
P16234|A6NMY6_SAYGSVKAY|0.318
P16234|A6NMY6_SVKAYTNFD|0.271
P16234|A6NMY6_VKAYTNFDA|0.267
P16234|A6NMY6_LNIETAIKT|0.071
P16234|Q3ZCQ2_FAAFSVLWA|0.0
P16234|Q3ZCQ2_WACCSRICG|0.0
P16234|P12429_TVRDYPDFS|0.489
P16234|P12429_YPDFSPSVD|0.267
P16234|P12429_IVKEYQAAY|0.402
P16234|P12429_YQAAYGKEL|0.438
P16234|P12429_VALVTPPAV|0.001
P16234|P12429_ISQAYYTVY|0.406
P16234|P12429_VYKKSLGDD|0.428
P16234|P12429_DDISSETSG|0.0
P16234|P12429_ISSETSGDF|0.0
P16234|P12429_SSETSGDFR|0.044
P16234|P12429_RRDESLKVD|0.379
P16234|P12429_TFDEYRNIS|0.356
P16234|P12429_MVSRSEIDL|0.0
P16234|P12429_FKKHYGYSL|0.364
P16234|P12429_KHYGYSLYS|0.424
P16234|P12429_GYSLYSAIK|0.617
P16234|P12429_YSLYSAIKS|0.433
P16234|P12429_KSDTSGDYE|0.007
P16234|P12429_TSGDYEITL|0.387
P16234|P09525_EDAQTLRKA|0.0
P16234|P09525_EILASRTPE|0.0
P16234|P09525_IRRISQTYQ|0.0
P16234|P09525_ISQTYQQQY|0.404
P16234|P09525_YQQQYGRSL|0.348
P16234|P09525_DEGNYLDDA|0.6
P16234|P09525_AQDLYEAGE|0.256
P16234|P09525_TVLCSRNRN|0.0
P16234|P09525_VFDEYKRIS|0.303
P16234|P09525_AEKLYKSMK|0.385
P16234|P09525_KGLGTDDNT|0.0
P16234|P09525_TDDNTLIRV|0.0
P16234|P09525_GKSLYSFIK|0.838
P16234|P09525_KSLYSFIKG|0.0
P16234|P08758_RGTVTDFPG|0.0
P16234|P08758_ADAETLRKA|0.0
P16234|P08758_KGLGTDEES|0.0
P16234|P08758_TDEESILTL|0.0
P16234|P08758_ESILTLLTS|0.0
P16234|P08758_LTLLTSRSN|0.0
P16234|P08758_TLLTSRSNA|0.0
P16234|P08758_KSELTGKFE|0.0
P16234|P08758_LMKPSRLYD|0.022
P16234|P08758_PSRLYDAYE|0.231
P16234|P08758_KGAGTNEKV|0.0
P16234|P08758_EKVLTEIIA|0.0
P16234|P08758_EIIASRTPE|0.0
P16234|P08758_IASRTPEEL|0.0
P16234|P08758_IKQVYEEEY|0.405
P16234|P08758_YEEEYGSSL|0.356
P16234|P08758_EEYGSSLED|0.0
P16234|P08758_EYGSSLEDD|0.032
P16234|P08758_KSIRSIPAY|0.0
P16234|P08758_YLAETLYYA|0.41
P16234|P08758_AETLYYAMK|0.401
P16234|P08758_ETLYYAMKG|0.394
P16234|P08758_KGAGTDDHT|0.0
P16234|P08758_TDDHTLIRV|0.0
P16234|P08758_RVMVSRSEI|0.0
P16234|P08758_MVSRSEIDL|0.0
P16234|P08758_NFATSLYSM|0.0
P16234|P08758_ATSLYSMIK|0.014
P16234|P08133_QGAKYRGSI|0.0
P16234|P08133_KGFGSDKEA|0.0
P16234|P08133_DIITSRSNR|0.0
P16234|P08133_ADLKYELTG|0.039
P16234|P08133_RPPAYCDAK|0.403
P16234|P08133_KDAISGIGT|0.0
P16234|P08133_EILASRTNE|0.0
P16234|P08133_IGDTSGHFQ|0.0
P16234|P08133_VQDLYEAGE|0.0
P16234|P08133_RGELSGDFE|0.0
P16234|P08133_KGLGTRDNT|0.004
P16234|P08133_TRDNTLIRI|0.0
P16234|P08133_MVSRSELDM|0.0
P16234|P08133_FRTKYEKSL|0.111
P16234|P08133_KYEKSLYSM|0.102
P16234|P08133_EKSLYSMIK|0.456
P16234|P08133_KSLYSMIKN|0.0
P16234|P08133_KNDTSGEYK|0.0
P16234|P08133_TSGEYKKTL|0.0
P16234|P08133_AQVAYQMWE|0.0
P16234|P08133_ELKGTVRPA|0.0
P16234|P08133_TDLKSEISG|0.0
P16234|P08133_KSEISGDLA|0.0
P16234|P08133_EDALSSDTS|0.0
P16234|P08133_SSDTSGHFR|0.0
P16234|P08133_RILISLATG|0.0
P16234|P08133_EIADTPSGD|0.0
P16234|P08133_KMTNYDVEH|0.426
P16234|P08133_KKEMSGDVR|0.004
P16234|P08133_AIVQSVKNK|0.0
P16234|P08133_ADKLYKSMK|0.0
P16234|P08133_MVSRSEIDL|0.0
P16234|P08133_IEGDTSGDF|0.0
P16234|P08133_EGDTSGDFL|0.0
P16234|P20073_VANRSNDQR|0.0
P16234|P20073_AQRLYQAGE|0.02
P16234|P20073_SREFSGYVE|0.024
P16234|P20073_EFSGYVESG|0.0
P16234|P20073_AERLYYAMK|0.28
P16234|P20073_ERLYYAMKG|0.306
P16234|P20073_VVTRSEIDL|0.0
P16234|P20073_AGDTSGDYR|0.0
P16234|P20073_TSGDYRRLL|0.1
P16234|P13928_AETLYKAMK|0.455
P16234|P13928_IANKSIEDS|0.0
P16234|P13928_AERLYYAMK|0.391
P16234|P13928_ERLYYAMKG|0.414
P16234|Q5VT79_AETLYKAMK|0.37
P16234|Q5VT79_IANKSIEDS|0.0
P16234|Q5VT79_AERLYYAMK|0.264
P16234|Q5VT79_ERLYYAMKG|0.348
P16234|Q5VT79_FKKMYGKTL|0.008
P16234|Q5VT79_GKTLSSMIM|0.0
P16234|Q5VT79_MEDTSGDYK|0.002
P16234|Q5VT79_TSGDYKNAL|0.332
P16234|P28039_LPKETWKFT|0.0
P16234|P28039_SRSGSDICS|0.0
P16234|P28039_NHRDYQNIS|0.027
P16234|P28039_NDVCSGKSD|0.0
P16234|P28039_VPAMTTPEK|0.0
P16234|P28039_LHNRYHPLG|0.157
P16234|O75106_GNYDYIWDF|0.444
P16234|O75106_DFVLYPNGA|0.034
P16234|O75106_RVHATGYIN|0.404
P16234|O75106_HATGYINTA|0.34
P16234|O75106_GYINTAFLK|0.034
P16234|O75106-2_LYLASNQTN|0.0
P16234|Q16853_VGSATPRYL|0.195
P16234|Q8NB78_HSPDSLPLR|0.0
P16234|Q8NB78_LPLRSSGRQ|0.0
P16234|Q8NB78_RAAATGNAS|0.0
P16234|Q8NB78_GADQYLLPK|0.257
P16234|Q8NB78_NPPLSEKKM|0.0
P16234|Q8NB78_SVLMSVIAG|0.0
P16234|Q8NB78_EAVASVRTL|0.0
P16234|Q8NB78_VPDPTKYFV|0.255
P16234|Q8NB78_KYFVTRWST|0.033
P16234|Q8NB78_QMAYSFVKT|0.352
P16234|Q06278_MISRYNPIT|0.0
P16234|Q06278_GSKTSPKLF|0.0
P16234|Q06278_IMGNTSVGP|0.0
P16234|Q06278_MGNTSVGPE|0.0
P16234|Q06278_TLAGSQIRN|0.0
P16234|Q06278_LFKFYLEVS|0.0
P16234|Q06278_YLEVSQILK|0.0
P16234|Q06278_DPVHYPSLA|0.0
P16234|Q06278_LADKYESAL|0.239
P16234|Q06278_DKYESALED|0.0
P16234|Q06278_EDLHSKHHC|0.001
P16234|Q06278_VKIVYQDLE|0.212
P16234|Q06278_KVLKTGIIA|0.0
P16234|Q06278_IAAVTAFAA|0.002
P16234|Q06278_GRHPYLGKY|0.397
P16234|Q06278_CMAMSSYSL|0.371
P16234|Q06278_DWAQTAFDE|0.0
P16234|Q06278_NSPLTPEKI|0.0
P16234|P05549_SQDPYSHVN|0.313
P16234|P05549_PHQLSGLDP|0.207
P16234|P05549_KGPVSLSKS|0.0
P16234|P05549_NNAKSSDKE|0.0
P16234|Q92481___MHSPPRD|0.022
P16234|Q92481_SEAGSLLPQ|0.0
P16234|Q92481_SLLSSTSKY|0.0
P16234|Q92481_LSSTSKYKV|0.036
P16234|Q7Z6R9_LPGPSLGLA|0.0
P16234|Q7Z6R9_SLLSSTSKY|0.0
P16234|Q7Z6R9_LSSTSKYKV|0.0
P16234|Q7Z6R9_KYKVTIAEV|0.306
P16234|Q7Z6R9_DFGYTCETE|0.138
P16234|Q7Z6R9_MILATKQIC|0.0
P16234|Q7Z6R9_LRKTSEAAV|0.0
P16234|Q6VUC0_SLLSSTSKY|0.0
P16234|Q6VUC0_LSSTSKYKV|0.0
P16234|Q6VUC0_QRRLSPPEC|0.0
P16234|Q6VUC0_AQDRSPLGN|0.281
P16234|Q6VUC0_PLGNSRPAL|0.0
P16234|Q6VUC0_KMFLSSVGS|0.0
P16234|Q6VUC0_MFLSSVGSG|0.0
P16234|Q92754_SLLSSTSKY|0.0
P16234|Q92754_LSSTSKYKV|0.0
P16234|Q92754_SPADSNKTL|0.0
P16234|Q01664_GGLCSLANI|0.0
P16234|Q01664_NIPLTPETQ|0.0
P16234|Q01664_IQELSGSSP|0.0
P16234|Q01664_HIEGTQEKQ|0.0
P16234|Q01664_REEPSGDGE|0.0
P16234|Q63HQ0_RERHYDSIA|0.276
P16234|Q63HQ0_EEALYAAQR|0.456
P16234|Q63HQ0_IVQQYHPSN|0.378
P16234|Q63HQ0_GEYQSSGPE|0.194
P16234|Q63HQ0_EYQSSGPED|0.001
P16234|Q63HQ0_SSRLSSDAT|0.127
P16234|Q63HQ0_SRLSSDATV|0.0
P16234|Q63HQ0_SSDATVLTP|0.006
P16234|Q63HQ0_ATVLTPNTE|0.0
P16234|Q63HQ0_PNTESSCDL|0.0
P16234|Q63HQ0_NTESSCDLM|0.0
P16234|Q63HQ0_LMTKTKSTS|0.0
P16234|Q63HQ0_NDDSTSLDL|0.004
P16234|Q63HQ0_DDSTSLDLE|0.041
P16234|Q10567_AELNSDKKE|0.0
P16234|Q10567_KVIASMTVG|0.0
P16234|Q10567_IASMTVGKD|0.0
P16234|Q10567_NYAKSQPDM|0.209
P16234|Q10567_MAVNTFVKD|0.323
P16234|Q10567_DEDPYVRKT|0.45
P16234|Q10567_CERVTPRLS|0.0
P16234|Q10567_TPRLSHANS|0.064
P16234|Q10567_KDLDYYGTL|0.454
P16234|Q10567_DLDYYGTLL|0.409
P16234|Q10567_DYYGTLLKK|0.454
P16234|Q10567_PELQYVALR|0.447
P16234|Q10567_NDPIYVKLE|0.289
P16234|Q10567_KEYATEVDV|0.263
P16234|Q10567_ERCVSTLLD|0.168
P16234|Q10567_LPPRTASSE|0.0
P16234|Q10567_PRTASSESA|0.0
P16234|Q10567_RTASSESAE|0.0
P16234|Q10567_ASSESAESP|0.0
P16234|Q10567_ESAESPETA|0.0
P16234|Q10567_SGTFTRQVG|0.072
P16234|Q10567_HAPLSPNQT|0.419
P16234|Q10567_SPNQTVEIS|0.0
P16234|Q10567_SKLQSSNIF|0.0
P16234|Q10567_KLQSSNIFT|0.0
P16234|Q10567_MLYQSLKLT|0.1
P16234|O43747_AKLLYMHML|0.431
P16234|O43747_HMLGYPAHF|0.416
P16234|O43747_KLIASQKFT|0.0
P16234|O43747_KTSNSYLRK|0.239
P16234|O43747_KNIRYVALT|0.405
P16234|O43747_VTRGYALTA|0.436
P16234|O43747_RAVEYNALF|0.224
P16234|O43747_LFKKYDHMR|0.17
P16234|O43747_LQLLSPSSS|0.0
P16234|O43747_SPSSSIVPA|0.0
P16234|O43747_RIKLTYNHK|0.452
P16234|O43747_IKLTYNHKG|0.48
P16234|O75843_RGAKTQAQE|0.0
P16234|O75843_HIRASFRDG|0.0
P16234|O75843_HMLGYPAHF|0.284
P16234|O75843_SSRFTDKRV|0.0
P16234|O75843_KRVGYLGAM|0.147
P16234|O75843_VPELSSVFL|0.0
P16234|O75843_PELSSVFLP|0.211
P16234|O75843_ETVLTIMDI|0.0
P16234|O75843_CLRETDASL|0.0
P16234|O75843_ALVNSSNVR|0.0
P16234|O75843_KVLQSHMSL|0.0
P16234|O75843_QSHMSLPAT|0.0
P16234|O75843_SLPATRGYA|0.02
P16234|O75843_RAVEYDTLF|0.013
P16234|O75843_VEYDTLFRK|0.0
P16234|Q9BXS5_DVDMSEVEH|0.443
P16234|Q9BXS5_EGMLSPILA|0.0
P16234|Q9BXS5_ILQEYITQE|0.019
P16234|Q9BXS5_TNAVSWRSE|0.0
P16234|Q9BXS5_LFDNTGRGK|0.003
P16234|Q9BXS5_IKAKSQFKR|0.0
P16234|Q9BXS5_FKRRSTANN|0.0
P16234|Q9BXS5_NDADSPKFK|0.031
P16234|Q9BXS5_TTVGSVKWV|0.0
P16234|Q9Y6Q5____MSASAV|0.0
P16234|Q9Y6Q5__MSASAVFI|0.0
P16234|Q9Y6Q5_YLVATTSKN|0.209
P16234|Q9Y6Q5_RVPPTVTNA|0.207
P16234|Q9Y6Q5_PPTVTNAVS|0.0
P16234|Q9Y6Q5_DVIESVNLL|0.0
P16234|Q9Y6Q5_LFELTGRSK|0.0
P16234|Q9Y6Q5_FELMSYRLS|0.011
P16234|Q9Y6Q5_FGLPSVEKE|0.0
P16234|Q9Y6Q5_QSGDYQLRT|0.122
P16234|P61966_LIHRYVELL|0.002
P16234|P61966_LLDKYFGSV|0.014
P16234|P56377_MLLFSRQGK|0.0
P16234|P56377_LKIVYKRYA|0.291
P16234|P56377_IIHRYVELL|0.0
P16234|P56377_LLDKYFGSV|0.005
P16234|P56377_EEAETPRSV|0.015
P16234|Q96PC3_GHRTSSFVD|0.003
P16234|Q96PC3_KRYASLYFC|0.418
P16234|Q96PC3_IVHRYVELL|0.343
P16234|O95782_MPAVSKGDG|0.0
P16234|O95782_AVFISDIRN|0.0
P16234|O95782_SVKQSAALC|0.0
P16234|O95782_LYKASPDLV|0.193
P16234|O95782_MGEWTARVV|0.0
P16234|O95782_VSRLSRIVS|0.385
P16234|O95782_CTLASSEFS|0.288
P16234|O95782_EMLRYLETA|0.544
P16234|O95782_ETADYAIRE|0.109
P16234|O95782_IAGDYVSEE|0.006
P16234|O95782_DPRSSPPVQ|0.0
P16234|O95782_LRAGSQLRN|0.0
P16234|O95782_ERESSILAK|0.0
P16234|O95782_GMEPTPSTV|0.0
P16234|O95782_RDFLTPPLL|0.418
P16234|O95782_FFQPTEMAA|0.0
P16234|O94973_MPAVSKGDG|0.0
P16234|O94973_AVFISDIRN|0.0
P16234|O94973_SVKQSAALC|0.0
P16234|O94973_VSRLSRIVT|0.0
P16234|O94973_ERDVSVRQR|0.0
P16234|O94973_AEMLSYLET|0.23
P16234|O94973_IAGDYVSEE|0.005
P16234|O94973_CSVPTRALL|0.0
P16234|O94973_LRSDSQLRN|0.0
P16234|O94973_ERESSILAK|0.0
P16234|O94973_KGPSTVTDL|0.334
P16234|O94973_PSTVTDLED|0.248
P16234|O94973_DLEDTKRDR|0.0
P16234|P63010_MAVNSFVKD|0.243
P16234|P63010_DEDPYVRKT|0.517
P16234|P63010_CERVTPRLS|0.0
P16234|P63010_TPRLSHANS|0.217
P16234|P63010_LPKDSDYYN|0.425
P16234|P63010_KDSDYYNML|0.671
P16234|P63010_PEVQYVALR|0.463
P16234|P63010_NDPIYVKLE|0.34
P16234|P63010_KEYATEVDV|0.283
P16234|P63010_ERCVSTLLD|0.255
P16234|P63010_RDRGYIYWR|0.437
P16234|P63010_TDPVTAKEV|0.464
P16234|P63010_LASVYHKPP|0.145
P16234|P63010_DAGDSPVGT|0.001
P16234|P63010_VFLATWKDI|0.0
P16234|P63010_NNNVYTIAK|0.341
P16234|P63010_MLYQSLKLT|0.276
P16234|P63010_EVSQYIYQV|0.482
P16234|P63010_SQYIYQVYD|0.552
P16234|Q96CW1_QSQITSQVT|0.0
P16234|Q96CW1_SGKQSIAID|0.0
P16234|Q96CW1_SKFDSERSI|0.0
P16234|Q96CW1_DSERSISFI|0.0
P16234|Q96CW1_GKAKYKASE|0.359
P16234|Q96CW1_KYKASENAI|0.022
P16234|Q96CW1_GMKESQISA|0.0
P16234|Q96CW1_RPPISMNFE|0.172
P16234|Q96CW1_PFAPSGLKV|0.182
P16234|Q96CW1_KLNYSDHDV|0.0
P16234|Q96CW1_RSGIYETRC|0.427
P16234|Q96CW1_GIYETRC__|0.522
P16234|Q96CW1-2_KTFITQQGI|0.0
P16234|P53680_IRETSQTKV|0.109
P16234|P53680_ETSQTKVLK|0.0
P16234|O00203_KNVASKNIE|0.001
P16234|O00203_LRVLSSIRV|0.0
P16234|O00203_RVLSSIRVP|0.0
P16234|O00203_LKDKSTLVA|0.077
P16234|O00203_LVAGSVVMA|0.0
P16234|O00203_KKPYTMDPD|0.016
P16234|O00203_KSFTSEDDL|0.0
P16234|O00203_TKLLTQYIL|0.447
P16234|O00203_LLTQYILNL|0.243
P16234|O00203_FQLGTLSHT|0.0
P16234|O00203_APDPSVRNV|0.0
P16234|O00203_KQDRTPLTK|0.211
P16234|O00203_ISVSTPAFV|0.0
P16234|O00203_NTEKTVIGS|0.0
P16234|O00203_TVIGSVLLR|0.0
P16234|Q13367_LRVLSSIRV|0.0
P16234|Q13367_RVLSSIRVP|0.0
P16234|Q13367_KGAGSEETA|0.0
P16234|Q13367_TYIRSMDKD|0.001
P16234|Q13367_VQLLSNRDE|0.0
P16234|Q13367_GGALSRHAK|0.0
P16234|Q13367_KGRGSESEQ|0.0
P16234|Q13367_RGSESEQSE|0.0
P16234|Q13367_ESEQSEEDG|0.0
P16234|Q13367_SDSSSSSSE|0.0
P16234|Q13367_SEMTSESEE|0.0
P16234|Q13367_LEPASWSRK|0.0
P16234|Q13367_NSSDTPIKG|0.0
P16234|Q13367_LCTQTRQFY|0.092
P16234|O14617_MVKGSIDRM|0.0
P16234|O14617_KYPESLRPA|0.079
P16234|O14617_LIHSTSAMS|0.0
P16234|O14617_DKDESIRLR|0.0
P16234|O14617_LDLLYGMVS|0.325
P16234|O14617_NNPFYIKSS|0.352
P16234|O14617_RYQDTPGVE|0.112
P16234|O14617_MSDQYVKLE|0.322
P16234|O14617_DLSMSSIKV|0.0
P16234|O14617_LSMSSIKVD|0.0
P16234|O14617-2_DFWLSTTPP|0.0
P16234|O14617-2_WLSTTPPPA|0.0
P16234|O14617-2_QDKKSPKPK|0.0
P16234|O14617-5_WLSTTPPPA|0.0
P16234|O14617-5_TGELSVNTV|0.0
P16234|O14617-5_QDKKSPKPK|0.0
P16234|Q9Y2T2_KSVVSQSVC|0.026
P16234|Q9Y2T2_SVCDYFFEA|0.275
P16234|Q9Y2T2_SVVNSITGS|0.0
P16234|Q9Y2T2_NMGKTIEGI|0.0
P16234|Q9Y2T2_IEGITVTVH|0.0
P16234|Q9Y2T2_GITVTVHMP|0.0
P16234|Q9Y2T2_VGKITPQKL|0.0
P16234|Q9Y2T2_YGEKYKPFK|0.396
P16234|P53677_SVCDYFFEA|0.261
P16234|P53677_HYLLSVYRH|0.436
P16234|P53677_LLSVYRHKI|0.077
P16234|P53677_RFEITVGPK|0.0
P16234|P53677_GPKQTMGKT|0.0
P16234|Q92572_IGDISIKVP|0.0
P16234|P59780_ARAVSAVKN|0.0
P16234|Q9Y6B7_RVIRYMTQG|0.383
P16234|Q9Y6B7_LYMCTYAPL|0.422
P16234|Q9Y6B7_LAINTLCKD|0.0
P16234|Q9Y6B7_QILHSLPGH|0.0
P16234|Q9Y6B7_PKTSSFAAS|0.287
P16234|Q9UPM8____MSDIVE|0.397
P16234|Q9UPM8_IVEKTLTAL|0.0
P16234|Q9UPM8_AAKASFSSR|0.002
P16234|Q9UPM8_QQELSSLKA|0.0
P16234|Q9UPM8_SLKATVSAP|0.0
P16234|Q9UPM8_SAPTTTLKM|0.0
P16234|Q9UPM8_VMAASLHIY|0.0
P16234|Q9UPM8_SLHIYLRMI|0.021
P16234|Q9UPM8_YKDLTGSFV|0.278
P16234|Q9UPM8_ELMKSLLPV|0.0
P16234|Q9UPM8_PVDRSCEDL|0.0
P16234|Q9UPM8_NFEPYGLSF|0.001
P16234|Q9UPM8_TGRQSPAGI|0.0
P16234|Q9UPM8_KESKTGDES|0.0
P16234|Q9UPM8_TGDESGALP|0.0
P16234|Q9UPM8_VPQESIMEN|0.0
P16234|Q9UPM8_KKDQSQVLT|0.0
P16234|Q9UPM8_FRRKSKVKE|0.0
P16234|Q9UPM8_YEDDYYSNT|0.485
P16234|Q9UPM8_EDDYYSNTL|0.237
P16234|Q9UPM8_DDYYSNTLH|0.123
P16234|Q9UPM8_LKKFSLTSE|0.0
P16234|Q9UPM8_VEKFSYCSL|0.151
P16234|Q9UPM8_FSYCSLSTP|0.0
P16234|Q9UPM8_VMEGS____|0.002
P16234|O00189_PGDESPVVM|0.0
P16234|O00189_SKPFSLFDL|0.0
P16234|O00189_LFDLSSVGL|0.0
P16234|O00189_FGAETQQSK|0.0
P16234|O00189_ETQQSKVAP|0.0
P16234|O00189_KVAPSSAAS|0.0
P16234|O00189_SSAASRPVL|0.0
P16234|O00189_VERLSVLIA|0.19
P16234|O00189_VRHLSHSDA|0.0
P16234|Q9Y587_KQGQTRLSK|0.0
P16234|Q9Y587_FSRVSELDI|0.0
P16234|Q9Y587-2_TVFHSTWQM|0.0
P16234|Q9Y587-2_HSGPYQEPI|0.0
P16234|Q9Y587-2_KGAASTTPI|0.0
P16234|Q9Y587-2_GAASTTPIY|0.0
P16234|Q9Y587-2_AASTTPIY_|0.0
P16234|Q9Y587-2_TTPIY____|0.001
P16234|Q2VPB7_TSGASCRLL|0.0
P16234|Q9NUS5_GAEKSPDDP|0.0
P16234|O43299_GFFSTPRAR|0.0
P16234|O43299_TDDRSEQEG|0.0
P16234|O43299_TLAHSPATS|0.0
P16234|O43299_SPATSSTHS|0.0
P16234|O43299_TEVCSPRYH|0.029
P16234|O14727_IKTSYIMDH|0.383
P16234|O14727_DHMISDGFL|0.0
P16234|O14727_RNEPTQQQR|0.169
P16234|O14727_GCGKSVLAA|0.193
P16234|O14727_SVTDSVMGP|0.392
P16234|O14727_MGPKYVVPV|0.202
P16234|O14727_ECKGSPLVV|0.001
P16234|O14727_DEAMSISVE|0.472
P16234|O14727_AMSISVEML|0.0
P16234|O14727_DIKDYYTDL|0.524
P16234|O14727_IKDYYTDLS|0.485
P16234|O14727_ALMFSLDWI|0.0
P16234|O14727_FLTSSDDQT|0.413
P16234|O14727_SDDQTIRLW|0.0
P16234|O14727_KFSSTSADK|0.0
P16234|O14727_SADKTAKIW|0.388
P16234|Q02410_CLARSASTE|0.0
P16234|Q02410_ARSASTESG|0.0
P16234|Q02410_ASTESGFHN|0.006
P16234|Q02410_FHNHTDTAE|0.259
P16234|Q02410_NHTDTAEGD|0.385
P16234|Q02410_DESAYAVQY|0.387
P16234|Q02410_YAVQYRPEA|0.4
P16234|Q02410_EAEEYTEQA|0.373
P16234|Q02410_LHFHSLEHE|0.0
P16234|Q02410_MNAAYSGYV|0.426
P16234|Q02410_NAAYSGYVY|0.414
P16234|Q02410_AYSGYVYTH|0.429
P16234|Q02410_SGYVYTHRL|0.093
P16234|Q02410_GYVYTHRLF|0.321
P16234|Q02410_EDEPYSEPY|0.397
P16234|Q02410_DEPYSEPYA|0.25
P16234|Q02410_PYADYGGLQ|0.318
P16234|Q02410_QEHVYEEIG|0.328
P16234|Q02410_GLRLYEQER|0.016
P16234|Q02410_EAAAYRQEA|0.303
P16234|Q02410_RLHHYDERS|0.385
P16234|Q02410_YDERSDGES|0.138
P16234|Q02410_SDGESDSPE|0.0
P16234|Q02410_RMDSYEQEE|0.402
P16234|Q02410_KQSMSSQSL|0.0
P16234|Q02410_MSSQSLDKA|0.0
P16234|Q02410_GRPDSPGLQ|0.0
P16234|Q02410_GQRYSKEKR|0.169
P16234|Q02410_RDAISLAIK|0.0
P16234|Q02410_IRSPYTPDE|0.265
P16234|Q02410_RQDISPTRD|0.012
P16234|Q02410_SLHPSDPVE|0.033
P16234|Q02410_PVEASTNKE|0.0
P16234|Q02410_TNKESRKSL|0.0
P16234|Q02410_RMPRSNSQE|0.149
P16234|Q02410_PRSNSQENV|0.0
P16234|Q99767_RKLESVGSG|0.0
P16234|Q99767_EDGHYCASK|0.273
P16234|Q99767_SKEGYQDYY|0.432
P16234|Q99767_GYQDYYPEE|0.441
P16234|Q99767_YQDYYPEEA|0.387
P16234|Q99767_ARPKSLNLL|0.0
P16234|Q99767_PKTRTPEER|0.0
P16234|Q99767_PAARSGKLS|0.0
P16234|Q99767_SGKLSIGDQ|0.0
P16234|O96018_ILVPSEDLT|0.0
P16234|O96018_GGPGSLSRM|0.0
P16234|O96018_FGARYLGST|0.002
P16234|O96018_YLGSTQLVS|0.015
P16234|O96018_TQLVSERNP|0.0
P16234|Q92870_TNRNSPATP|0.0
P16234|Q92870_NSPATPPNT|0.0
P16234|Q92870_TPPNTLNLR|0.0
P16234|Q92870_TKNSTPPKC|0.0
P16234|Q92870_SFLNYYADL|0.397
P16234|Q92870_NRPQSSPED|0.0
P16234|Q92870_RPQSSPEDG|0.0
P16234|Q92870_TVSSSPETK|0.0
P16234|Q92870_DLQGSRKGS|0.0
P16234|Q92870_KGSLSSVTP|0.0
P16234|Q92870_GSLSSVTPS|0.0
P16234|Q92870_LSSVTPSPT|0.0
P16234|Q92870_SVTPSPTPE|0.0
P16234|Q92870_TPSPTPENE|0.0
P16234|Q92870_GKINSDIWK|0.0
P16234|Q92870_NPDPSLKEF|0.0
P16234|Q92870_FEGATLRYA|0.002
P16234|Q92870_ATLRYASLK|0.003
P16234|Q92870_LRYASLKLR|0.0
P16234|Q92870_DDSCSINSD|0.0
P16234|Q92870_CSINSDPEA|0.0
P16234|Q92870_VRFLSFMGV|0.0
P16234|Q92870_ARPPSQKVR|0.0
P16234|Q92870_RGVLSLIDT|0.0
P16234|Q92870_SLIDTLKQK|0.0
P16234|Q92870-2_SRKGSLSSV|0.0
P16234|Q92870-2_SVTPSPTPE|0.0
P16234|Q92870-2_QDFPTPKTE|0.0
P16234|O95704_RLKRTSSMD|0.001
P16234|O95704_LKRTSSMDS|0.0
P16234|O95704_KRTSSMDSP|0.027
P16234|O95704_SSMDSPGGP|0.0
P16234|O95704_GAGATPRKR|0.0
P16234|P25054_MAAASYDQL|0.03
P16234|P25054_RSKMSLRSY|0.335
P16234|P25054_MSLRSYGSR|0.0
P16234|P25054_SLRSYGSRE|0.0
P16234|P25054_RSYGSREGS|0.005
P16234|P25054_VSSRSGECS|0.0
P16234|P25054_SGECSPVPM|0.0
P16234|P25054_SSSSTHSAP|0.0
P16234|P25054_EMVYSLLSM|0.0
P16234|P25054_KDDMSRTLL|0.0
P16234|P25054_DMSRTLLAM|0.0
P16234|P25054_LRNLSWRAD|0.0
P16234|P25054_SAHCTENKA|0.452
P16234|P25054_MGAVSMLKN|0.0
P16234|P25054_RHKQSLYGD|0.366
P16234|P25054_KQSLYGDYV|0.343
P16234|P25054_LYGDYVFDT|0.439
P16234|P25054_EKDRSLERE|0.0
P16234|P25054_ENPGTSSKR|0.0
P16234|P25054_PGTSSKRGL|0.0
P16234|P25054_AHTHSNTYN|0.0
P16234|P25054_HSNTYNFTK|0.437
P16234|P25054_CSMPYAKLE|0.345
P16234|P25054_YKRSSNDSL|0.0
P16234|P25054_SSNDSLNSV|0.0
P16234|P25054_PSIESYSED|0.017
P16234|P25054_KFCSYGQYP|0.363
P16234|P25054_GELDTPINY|0.0
P16234|P25054_SLKYSDEQL|0.003
P16234|P25054_EQLNSGRQS|0.0
P16234|P25054_EIKQSEQRQ|0.0
P16234|P25054_TYPVYTEST|0.42
P16234|P25054_VYTESTDDK|0.0
P16234|P25054_QECVSPYRS|0.0
P16234|P25054_CVSPYRSRG|0.098
P16234|P25054_NRVGSNHGI|0.0
P16234|P25054_YSLKYATDI|0.317
P16234|P25054_SQKQSFSFS|0.0
P16234|P25054_KQSFSFSKS|0.0
P16234|P25054_HMSSSSENT|0.0
P16234|P25054_MSSSSENTS|0.0
P16234|P25054_SSENTSTPS|0.0
P16234|P25054_SENTSTPSS|0.0
P16234|P25054_ENTSTPSSN|0.0
P16234|P25054_TSTPSSNAK|0.0
P16234|P25054_STPSSNAKR|0.225
P16234|P25054_SSAQSRSGQ|0.0
P16234|P25054_PICFSRCSS|0.0
P16234|P25054_CSSLSSLSS|0.0
P16234|P25054_GCNQTTQEA|0.0
P16234|P25054_DSANTLQIA|0.0
P16234|P25054_IGTRSAEDP|0.0
P16234|P25054_LQGSSLSSE|0.0
P16234|P25054_GSSLSSESA|0.0
P16234|P25054_SSLSSESAR|0.0
P16234|P25054_LSSESARHK|0.0
P16234|P25054_AVEFSSGAK|0.0
P16234|P25054_AKSPSKSGA|0.0
P16234|P25054_SPSKSGAQT|0.0
P16234|P25054_SGAQTPKSP|0.0
P16234|P25054_YVQETPLMF|0.0
P16234|P25054_SRCTSVSSL|0.0
P16234|P25054_SSLDSFESR|0.0
P16234|P25054_DLPDSPGQT|0.0
P16234|P25054_PPSRSKTPP|0.0
P16234|P25054_QTAQTKREV|0.0
P16234|P25054_NKAPTAEKR|0.0
P16234|P25054_EAEKTIDSE|0.0
P16234|P25054_LLDDSDDDD|0.0
P16234|P25054_ARKPSQLPV|0.0
P16234|P25054_QLPVYKLLP|0.451
P16234|P25054_HVSFTPGDD|0.0
P16234|P25054_PKGKSHKPF|0.0
P16234|P25054_KKKPTSPVK|0.0
P16234|P25054_FAFDSPHHY|0.0
P16234|P25054_SPHHYTPIE|0.426
P16234|P25054_PHHYTPIEG|0.005
P16234|P25054_PIEGTPYCF|0.0
P16234|P25054_EGTPYCFSR|0.278
P16234|P25054_SNQQSANKT|0.0
P16234|P25054_QKQSTFPQS|0.0
P16234|P25054_YAPKSFHVE|0.0
P16234|P25054_HVEDTPVCF|0.214
P16234|P25054_PVCFSRNSS|0.0
P16234|P25054_NEKHSPRNM|0.0
P16234|P25054_EGANSIVSS|0.0
P16234|P25054_NSIVSSLHQ|0.0
P16234|P25054_ASSDSDSIL|0.0
P16234|P25054_LSLKSGISL|0.0
P16234|P25054_ISLGSPFHL|0.0
P16234|P25054_KKIESESKG|0.0
P16234|P25054_IESESKGIK|0.0
P16234|P25054_VRSNSEISG|0.0
P16234|P25054_PPLKTPASK|0.0
P16234|P25054_KTPASKSPS|0.0
P16234|P25054_SKSPSEGQT|0.0
P16234|P25054_QTATTSPRG|0.005
P16234|P25054_GAKPSVKSE|0.0
P16234|P25054_PSVKSELSP|0.0
P16234|P25054_ARQTSQIGG|0.0
P16234|P25054_SKAPSRSGS|0.0
P16234|P25054_SRDSTPSRP|0.0
P16234|P25054_RPIQSPGRN|0.0
P16234|P25054_RNSISPGRN|0.0
P16234|P25054_RNGISPPNK|0.0
P16234|P25054_GKMSYTSPG|0.275
P16234|P25054_MSYTSPGRQ|0.0
P16234|P25054_GRQMSQQNL|0.0
P16234|P25054_KNASSIPRS|0.0
P16234|P25054_PRSESASKG|0.0
P16234|P25054_SRMSSTKSS|0.0
P16234|P25054_LVRQSTFIK|0.0
P16234|P25054_VRQSTFIKE|0.0
P16234|P25054_KEAPSPTLR|0.0
P16234|P25054_APSPTLRRK|0.0
P16234|P25054_PPNLSPTIE|0.0
P16234|P25054_NRSGTWKRE|0.0
P16234|P25054_RTGSSSSIL|0.0
P16234|P25054_TGSSSSILS|0.0
P16234|P25054_ASSESSEKA|0.0
P16234|P25054_SSESSEKAK|0.0
P16234|P25054_EKAKSEDEK|0.0
P16234|P25054_KHVNSISGT|0.456
P16234|P25054_ENQVSAKGT|0.0
P16234|P25054_SAKGTWRKI|0.0
P16234|P25054_KTLIYQMAP|0.431
P16234|P25054_APAVSKTED|0.347
P16234|P25054_PVIDSVSEK|0.0
P16234|P25054_TPFSSSSSS|0.0
P16234|P25054_FSSSSSSKH|0.0
P16234|P25054_SSSSSKHSS|0.0
P16234|P25054_SSKHSSPSG|0.0
P16234|P25054_SKHSSPSGT|0.0
P16234|P25054_SPSGTVAAR|0.0
P16234|P25054_AARVTPFNY|0.0
P16234|P25054_SPRKSSADS|0.0
P16234|P25054_PRKSSADST|0.0
P16234|P25054_SQIPTPVNN|0.0
P16234|P25054_SKTDSTESS|0.0
P16234|P25054_KTDSTESSG|0.0
P16234|P25054_DSTESSGTQ|0.0
P16234|P25054_ESSGTQSPK|0.0
P16234|P25054_SGTQSPKRH|0.0
P16234|P25054_SYLVTSV__|0.0
P16234|P25054_YLVTSV___|0.0
P16234|Q9H1A4_LQPASELWS|0.0
P16234|Q9H1A4_YKAFTVDSP|0.425
P16234|Q9H1A4_SLFGSSRVQ|0.0
P16234|Q9H1A4_ATSSSLTAH|0.0
P16234|Q9H1A4_LRSLSKGDS|0.0
P16234|Q9H1A4_QNYSSIHSQ|0.0
P16234|Q9H1A4_QSRSTSSPS|0.0
P16234|Q9H1A4_TSSPSLHSR|0.0
P16234|Q9H1A4_SPSISNMAA|0.0
P16234|Q9H1A4_PKPLSKLLG|0.0
P16234|Q9H1A4_TYIHSIRDP|0.0
P16234|Q9H1A4_HNRVTLELS|0.0
P16234|Q9H1A4_TLELSNGSM|0.0
P16234|Q9H1A4_LVVLSIALY|0.0
P16234|Q9H1A4_LGDESLVSD|0.0
P16234|Q9H1A4_VSDESSQYL|0.0
P16234|Q9H1A4_SFRHSTSVS|0.0
P16234|Q9H1A4_RHSTSVSSL|0.057
P16234|Q9H1A4_RQDLSKQAC|0.0
P16234|Q9H1A4_YPELSDHEF|0.246
P16234|Q9H1A4_HKSPSYQIK|0.0
P16234|Q9H1A4_GEMNYGFHL|0.455
P16234|Q9H1A4_LRHLYVLAA|0.449
P16234|Q9H1A4_LEVTYKGTQ|0.543
P16234|Q9H1A4_DGVLYVKLR|0.0
P16234|Q9H1A4_AGQLSYKED|0.062
P16234|Q9UM13____MTTPNK|0.0
P16234|Q9UM13___MTTPNKT|0.0
P16234|Q9UM13_TPNKTPPGA|0.0
P16234|Q9UM13_TLCIYADYK|0.0
P16234|Q9UM13_IYADYKSDE|0.0
P16234|Q9UM13_IKIYTPVEE|0.0
P16234|Q9UM13_PRCTTIDFM|0.0
P16234|Q9UM13_DFMMYRSIR|0.0
P16234|Q9BS18_DKLPYEDVA|0.0
P16234|Q96DE5_SVFSYQVAS|0.0
P16234|Q9UJX6_EAGNTLRRW|0.24
P16234|Q9UJX6_EELFSIVRD|0.0
P16234|Q9UJX6_DFPDSRPAI|0.0
P16234|Q9UJX6_QLLVSLKAA|0.0
P16234|Q9UJX6_PGVNTCDII|0.0
P16234|Q9UJX6_VAGLTGDSD|0.0
P16234|Q9UJX6_ASLETGQDS|0.0
P16234|Q9UJX6_SEDDSGEPE|0.0
P16234|Q9UJX6_DPGKSSSKR|0.0
P16234|Q9UJX6_SKRRSSDII|0.0
P16234|Q9UJX6_SLLVSIYGS|0.0
P16234|Q9UJX6_LVSIYGSKD|0.153
P16234|Q9UJX6_SIYGSKDLF|0.197
P16234|Q9UJX6_LHQFSFSPE|0.0
P16234|Q9UJX6_QQLVYSAGV|0.0
P16234|Q9UJX6_QLVYSAGVY|0.0
P16234|Q9UJX6-2_IVRDSRPAI|0.0
P16234|Q9UJX5_ALADTKKIV|0.0
P16234|Q9UJX5_IARVTGIAG|0.0
P16234|Q9UJX5_GIAGTCLAL|0.0
P16234|Q9UJX5_ALCLSSDLK|0.0
P16234|Q9UJX5_LCLSSDLKS|0.0
P16234|Q9UJX5_MLRMTEDHV|0.0
P16234|Q9UJX5_LNKMTQKDI|0.0
P16234|Q9UJX5_QKDITFVAE|0.0
P16234|Q9UJX5_DDLVSPPNT|0.0
P16234|Q9UJX5_LLFPYYPRK|0.207
P16234|Q9UJX5_GSFTYATTE|0.128
P16234|Q9UJX5_FTYATTEKV|0.001
P16234|Q9UJX5_TYATTEKVR|0.278
P16234|Q9UJX4_NPMMTNGVV|0.0
P16234|Q9UJX4_EMSRTGEGA|0.0
P16234|Q9UJX4_LTPASLQKE|0.0
P16234|Q9UJX4_AEAHYLSYL|0.292
P16234|Q9UJX4_HYLSYLNNL|0.381
P16234|Q9UJX4_SLLHYFDRL|0.273
P16234|Q9UJX4_WRSSSPTIA|0.0
P16234|Q9UJX4_SSSPTIALP|0.0
P16234|Q9UJX4_CQVASAASY|0.01
P16234|Q9UJX3_RLLSSLLLT|0.0
P16234|Q9UJX3_SLLLTMSNN|0.014
P16234|Q9UJX3_PPQKYQLLV|0.253
P16234|Q9UJX3_KVRPSTGNS|0.0
P16234|Q9UJX3_VRPSTGNSA|0.0
P16234|Q9UJX3_STGNSASTP|0.0
P16234|Q9UJX3_STPQSQCLP|0.0
P16234|Q9UJX3_GMDVYGYLL|0.026
P16234|Q9UJX3_DVYGYLLAR|0.001
P16234|Q9UJX3_SRALYLGAK|0.003
P16234|Q9UJX3_CYLASNSIR|0.0
P16234|Q9UJX3_LASNSIREA|0.0
P16234|Q9UJX3_ANNVYKTLG|0.353
P16234|Q9UJX3_QRPDYIKAV|0.201
P16234|Q8J025_SYRFYHNNT|0.003
P16234|Q8J025_YQFYYGSNR|0.238
P16234|Q8J025_KLPHTEYEI|0.0
P16234|Q8NCL9_IVFHSRRAL|0.0
P16234|Q8NCL9_LVDVTGRLN|0.0
P16234|O95996_TPEGSPVHG|0.0
P16234|O95996_PVHGSGPSK|0.0
P16234|O95996_GSGPSKDSF|0.0
P16234|O95996_SSPESCVAM|0.0
P16234|O95996_HQVVSSILR|0.0
P16234|O95996_QVVSSILRN|0.0
P16234|O95996_LRNLSWRAD|0.0
P16234|O95996_NLVHSKHKM|0.0
P16234|O95996_DDSFSLSSG|0.0
P16234|O95996_SFSLSSGDP|0.0
P16234|O95996_FSLSSGDPG|0.0
P16234|O95996_KLSPTYQHV|0.006
P16234|O95996_LSPTYQHVP|0.359
P16234|O95996_LSVASKALQ|0.0
P16234|O95996_PLSLSRCSS|0.0
P16234|O95996_PSSSSENYV|0.002
P16234|O95996_PLVLSRCSS|0.0
P16234|O95996_SRCSSVSSL|0.0
P16234|O95996_SSVSSLGSF|0.0
P16234|O95996_AKVPSPGQQ|0.0
P16234|O95996_QPPRSATPP|0.0
P16234|O95996_PRSATPPAR|0.0
P16234|O95996_TSPASQPLP|0.0
P16234|O95996_RRRRSELSS|0.039
P16234|O95996_SSAESAASA|0.0
P16234|O95996_PQGASPRRG|0.0
P16234|O95996_FLCSSRCEE|0.0
P16234|O95996_KRYASLPHI|0.001
P16234|O95996_PKTNSSTSP|0.0
P16234|O95996_KTNSSTSPS|0.0
P16234|O95996_TNSSTSPSL|0.0
P16234|O95996_NSSTSPSLE|0.0
P16234|O95996_PSLETREPP|0.0
P16234|P02743_CFRAYSDLS|0.0
P16234|P02743_LRQGYFVEA|0.181
P16234|P27695_DELRTEPEA|0.0
P16234|P27695_GPALYEDPP|0.0
P16234|P27695_KTSPSGKPA|0.0
P16234|P27695_LKICSWNVD|0.0
P16234|P27695_DKEGYSGVG|0.213
P16234|P27695_LVTAYVPNA|0.137
P16234|P27695_PLADSFRHL|0.0
P16234|P13798_QVLLSEPEE|0.0
P16234|P13798_RKLKSFNLS|0.0
P16234|P13798_SFNLSALEK|0.002
P16234|P13798_QFVFYEDWG|0.422
P16234|P13798_TNRRSALYY|0.385
P16234|P13798_LQPGSPPDK|0.028
P16234|P13798_PQVKTPLLL|0.005
P16234|P13798_RALKTRNVP|0.0
P16234|Q9UBZ4_GKEKTLTLI|0.0
P16234|Q9UBZ4_KMRFYRLLQ|0.0
P16234|Q9UBZ4_CPQASPDIE|0.0
P16234|Q9UBZ4_WSRPS____|0.002
P16234|Q96BI3_EGLASLSED|0.0
P16234|Q96BI3_EDGRSPISI|0.0
P16234|Q96BI3_SIQRSLLCR|0.0
P16234|Q96BI3_RQEDSRVMV|0.0
P16234|Q96BI3_RVMVYSALR|0.412
P16234|Q96BI3_VMVYSALRI|0.0
P16234|Q9BZZ5_LADATEQVG|0.072
P16234|Q9BZZ5_HKDAYQVIL|0.36
P16234|Q9BZZ5_QKRASEDTT|0.137
P16234|Q9BZZ5_ASEDTTSGS|0.0
P16234|Q9BZZ5_SEDTTSGSP|0.0
P16234|Q9BZZ5_PKKSSAGPK|0.0
P16234|Q9BZZ5_ARQIYNPPS|0.0
P16234|Q9BZZ5_YNPPSGKYS|0.0
P16234|Q9BZZ5-2_YNPPSGKYS|0.0
P16234|Q9BZZ5-2_GNFNYERSL|0.0
P16234|Q9BZZ5-2_NYERSLQGK|0.0
P16234|Q8N2Z9_RRSNSLLKY|0.0
P16234|Q8N2Z9_GSKNSRQPA|0.0
P16234|Q8IW19_ETPKSPVIN|0.0
P16234|Q8IW19_KTQMTPTNS|0.021
P16234|P35414_RRLLSIIVV|0.0
P16234|P35414_CWMPYHLVK|0.377
P16234|P51693_QRHGYENPT|0.365
P16234|P51693_ENPTYRFLE|0.184
P16234|Q06481_KIIGSVSKE|0.0
P16234|Q06481_EEEDYDVYK|0.424
P16234|Q06481_KAVCSQEAM|0.0
P16234|Q06481_QEAMTGPCR|0.0
P16234|Q06481_MPRWYFDLS|0.026
P16234|Q06481_YENPTYKYL|0.093
P16234|Q06481_PTYKYLEQM|0.201
P16234|Q9HDC9____MSEADG|0.0
P16234|Q9HDC9_ARFGSGPCK|0.0
P16234|Q9HDC9_GPCKTRDDE|0.0
P16234|Q9HDC9_KLLLSSETP|0.003
P16234|Q9HDC9_LLLSSETPI|0.0
P16234|Q9HDC9_GRKIYFTDS|0.368
P16234|Q9HDC9_KIYFTDSSS|0.398
P16234|Q9HDC9_YFTDSSSKW|0.244
P16234|Q9HDC9_RLLEYDTVT|0.391
P16234|Q9HDC9_LEYDTVTRE|0.426
P16234|Q9HDC9_GVQLSPAED|0.0
P16234|P02647_SGRDYVSQF|0.438
P16234|P02647_QFEGSALGK|0.0
P16234|P02647_HLAPYSDEL|0.01
P16234|P02647_RLAEYHAKA|0.362
P16234|P02647_TEHLSTLSE|0.0
P16234|P02647_EHLSTLSEK|0.0
P16234|Q8NCW5_PRIKSQTIA|0.0
P16234|Q8NCW5_EPTIYYPKR|0.401
P16234|Q8NCW5_DLLISLTAP|0.0
P16234|Q8NCW5_APKKSATQF|0.0
P16234|Q8NCW5_ATQFTGRYH|0.0
P16234|Q8NCW5_FTGRYHYLG|0.358
P16234|Q8NCW5_GRYHYLGGR|0.079
P16234|P06727_ENADSLQAS|0.0
P16234|P06727_KGRLTPYAD|0.144
P16234|P06727_KARISASAE|0.0
P16234|P06727_RVEPYGENF|0.147
P16234|P04114_HLRKYTYNY|0.446
P16234|P04114_AMSRYELKL|0.342
P16234|P04114_RTGISPLAL|0.0
P16234|P04114_YKNKYGMVA|0.408
P16234|P04114_QVTQTLKLE|0.0
P16234|P04114_PKINSRFFG|0.329
P16234|P04114_LAFESTKST|0.0
P16234|P04114_RLAAYLMLM|0.224
P16234|P04114_DHFGYTKDD|0.344
P16234|P04114_HFGYTKDDK|0.197
P16234|P04114_KDLKSKEVP|0.0
P16234|P04114_NKKITEVAL|0.085
P16234|P04114_LSCDTKEER|0.0
P16234|P04114_AEARSEILA|0.0
P16234|P04114_SATAYGSTV|0.15
P16234|P04114_VAWHYDEEK|0.254
P16234|P04114_TKKMTSNFP|0.151
P16234|P04114_KKMTSNFPV|0.097
P16234|P04114_PVDLSDYPK|0.325
P16234|P04114_DLSDYPKSL|0.015
P16234|P04114_IVAMSSWLQ|0.0
P16234|P04114_GRVKYTLNK|0.297
P16234|P04114_RVKYTLNKN|0.423
P16234|P04114_LTELSLGSA|0.0
P16234|P04114_LDNIYSSDK|0.332
P16234|P04114_DNIYSSDKF|0.0
P16234|P04114_IKHIYAISS|0.394
P16234|P04114_FSHDYKGST|0.444
P16234|P04114_LTGRTLADL|0.008
P16234|P04114_EKLKSLDEH|0.0
P16234|P04114_TVAVYLESL|0.151
P16234|P04114_AFEVSLQAL|0.0
P16234|P04114_FSSKYLRTE|0.14
P16234|P04114_NTVASLHTE|0.0
P16234|P04114_ASLHTEKNT|0.01
P16234|P04114_KHRHSITNP|0.037
P16234|P04114_CEFISQSIK|0.427
P16234|P04114_VSMPSFSIL|0.0
P16234|P04114_SILGSDVRV|0.0
P16234|P04114_LKLATALSL|0.0
P16234|P04114_ATALSLSNK|0.0
P16234|P04114_ALSLSNKFV|0.011
P16234|P04114_MLYSTAKGA|0.128
P16234|P04114_LNANTKNQK|0.0
P16234|P04114_IHSGSFQSQ|0.0
P16234|P04114_GSFQSQVEL|0.0
P16234|P04114_ILPVYDKSL|0.336
P16234|P04114_LNLPTLPEV|0.149
P16234|P04114_FSAEYEEDG|0.147
P16234|P04114_GISTSAASP|0.0
P16234|P04114_KWNFYYSPQ|0.436
P16234|P04114_WNFYYSPQS|0.338
P16234|P04114_NFYYSPQSS|0.372
P16234|P04114_YSPQSSPDK|0.08
P16234|P04114_TIFKTELRV|0.001
P16234|P04114_AEWVYQGAI|0.217
P16234|P04114_GTTGTYQEW|0.239
P16234|P04114_GTVLSQVYS|0.372
P16234|Q0VD83_FLRLYLPGL|0.0
P16234|Q0VD83_GLRGSQNEG|0.0
P16234|Q0VD83_ERQESHEQE|0.0
P16234|Q0VD83_ERLRSWEQE|0.0
P16234|Q0VD83_RQTEYGAVP|0.0
P16234|Q0VD83_EAEVSPFPK|0.0
P16234|Q0VD83_EAGESFEGQ|0.0
P16234|Q0VD83_VLALSKEEQ|0.0
P16234|Q0VD83_EQERSLEAG|0.0
P16234|Q0VD83_RHAGSVKPE|0.0
P16234|Q0VD83_ERGNTQEDA|0.0
P16234|Q0VD83_QREDSEGRC|0.0
P16234|Q0VD83_RCGDYHPEG|0.002
P16234|Q0VD83_TEPESLEHV|0.0
P16234|Q0VD83_ANSWSEAPL|0.0
P16234|Q0VD83_PLPGSLLDV|0.0
P16234|Q0VD83_RSRPSFRRT|0.0
P16234|Q0VD83_RHDGTPVPA|0.0
P16234|Q9Y235_TEAASQNGE|0.0
P16234|Q9Y235_TLSKTKNLR|0.0
P16234|P31941_AARIYDYDP|0.396
P16234|P31941_RIYDYDPLY|0.483
P16234|P31941_YDPLYKEAL|0.513
P16234|P31941_GAQVSIMTY|0.007
P16234|P31941_HCWDTFVDH|0.433
P16234|Q9UH17_FDENYAFLH|0.404
P16234|Q9UH17_EILRYLMDP|0.221
P16234|Q9UH17_AARIYDYDP|0.356
P16234|Q9UH17_RIYDYDPLY|0.396
P16234|Q9UH17_YDPLYKEAL|0.463
P16234|Q9UH17_GAQVSIMTY|0.0
P16234|Q9NRW3_ENFVYNDNE|0.383
P16234|Q96AK3_KRGRSNLLW|0.0
P16234|Q8IUX4_SRRNTVWLC|0.048
P16234|Q8IUX4_FDDNYAFLH|0.215
P16234|Q8IUX4_GRNESWLCF|0.002
P16234|Q9HC16_NLPKYYILL|0.381
P16234|Q9HC16_LPKYYILLH|0.47
P16234|Q9HC16_RHETYLCYE|0.32
P16234|Q9HC16_HCWDTFVDH|0.437
P16234|Q6NTF7_LDKNSRAIK|0.0
P16234|Q8WW27_TSSGSLVQK|0.0
P16234|P02655_QVKESLSSY|0.119
P16234|P02655_SLSSYWESA|0.0
P16234|P02655_SYWESAKTA|0.179
P16234|P02656_ALLASARAS|0.0
P16234|P02656_KDALSSVQE|0.0
P16234|P02656_SVQESQVAQ|0.001
P16234|P02649_QAVETEPEP|0.0
P16234|P02649_EEQLTPVAE|0.0
P16234|P02649_RLAVYQAGA|0.01
P16234|P02649_VRAATVGSL|0.0
P16234|P02649_ATVGSLAGQ|0.0
P16234|P02749_VKKATVVYQ|0.241
P16234|O14791_RPRVTEPIS|0.0
P16234|Q9BQE5_NLDQSGTNV|0.0
P16234|Q9BQE5_VGGNTPNVL|0.0
P16234|Q9BQE5_QLGAYAPPP|0.0
P16234|Q9BQE5_AQAMSRGTM|0.0
P16234|O95236_SFKRSFLEK|0.0
P16234|O95236_SGIMSLAGL|0.0
P16234|O95236_LAPFTAGTS|0.0
P16234|O95236_TWRISAGSG|0.0
P16234|O95236_ISAGSGGQA|0.0
P16234|Q9BPW4_KKRFTEEVI|0.0
P16234|Q9BPW4_EVIEYFQKK|0.26
P16234|Q9BPW4_IAWRYVPIN|0.362
P16234|Q9BPW4_NVVETLRTR|0.28
P16234|Q9BPW4_LNELTHIHQ|0.0
P16234|Q9BPW4_HIHQSLKAG|0.0
P16234|Q9BWW9_DLHAYQMAK|0.0
P16234|Q9BWW9_PQKASQTCS|0.0
P16234|Q9BWW9_KASQTCSSS|0.0
P16234|Q9BWW9_AVRGSRVVK|0.0
P16234|Q9BWW9_KRTVSAPRM|0.0
P16234|Q9BWW8_KRLLTTGQV|0.0
P16234|Q9BUR5_VIQRSVGPA|0.253
P16234|Q9BUR5_ELSLYSVPE|0.006
P16234|Q9BUR5_LSLYSVPEG|0.0
P16234|Q6UXV4_QLPIYTAPP|0.0
P16234|Q6UXV4_LPIYTAPPL|0.0
P16234|Q6UXV4_GKDAYVYLK|0.089
P16234|Q6UXV4_TKLGSSSEI|0.0
P16234|Q6UXV4_LGSSSEIEV|0.0
P16234|Q6UXV4_SEAKTKSES|0.0
P16234|Q6UXV4_KSESTSGAT|0.0
P16234|Q6UXV4_DHGQSHPED|0.0
P16234|P05067_FVIPYRCLV|0.425
P16234|P05067_KYLETPGDE|0.35
P16234|P05067_EDVGSNKGA|0.0
P16234|P05067_KKKQYTSIH|0.446
P16234|P05067_KKQYTSIHH|0.002
P16234|P05067_KQYTSIHHG|0.016
P16234|P05067_YENPTYKFF|0.205
P16234|P05067-4_DNVDSADAE|0.0
P16234|P05067-4_EEDDSDVWW|0.0
P16234|P05067-4_RVPTTAAST|0.0
P16234|P05067-4_TTAASTPDA|0.0
P16234|P05067-4_AVDKYLETP|0.007
P16234|P05067-4_KQYTSIHHG|0.0
P16234|P05067-4_ERHLSKMQQ|0.0
P16234|P05067-8_KKQYTSIHH|0.0
P16234|P05067-8_KQYTSIHHG|0.0
P16234|Q13564_KEQKYDRQL|0.148
P16234|Q13564_FCRFTVVVA|0.369
P16234|Q13564_LAQWYSETN|0.219
P16234|Q13564_DSGKYIKLQ|0.144
P16234|Q13564_LQNVYREKA|0.086
P16234|Q13564_QAPESISEK|0.0
P16234|Q13564_PESISEKEL|0.0
P16234|Q13564_QQGRYPGVS|0.412
P16234|Q13564_YPGVSNYQV|0.393
P16234|Q13564_GVSNYQVEE|0.346
P16234|Q92624_SRRCSYIAE|0.0
P16234|Q92624_MKEITAGLP|0.0
P16234|Q92624_LEYDYRGLI|0.455
P16234|Q9UKG1_IDELSSCHA|0.0
P16234|Q9UKG1_DELSSCHAV|0.0
P16234|Q9UKG1_LEVASDPLY|0.115
P16234|Q9UKG1_DGKKSSILQ|0.0
P16234|Q9UKG1_INNISKQIY|0.0
P16234|Q9UKG1_SKQIYLSEN|0.01
P16234|Q9UKG1_RVNQSALEA|0.0
P16234|Q9UKG1_SRPPTARTS|0.0
P16234|Q9UKG1_ARTSSSGSL|0.0
P16234|Q9UKG1_RTSSSGSLG|0.0
P16234|Q9UKG1_FDIISPVCE|0.0
P16234|Q9UKG1_GGRRTNPFG|0.0
P16234|Q9UKG1_GSTKSETED|0.0
P16234|Q9UKG1_RFLGSMEVK|0.0
P16234|Q9UKG1_MEVKSDDHP|0.0
P16234|Q9UKG1_PDVVYETMR|0.401
P16234|Q9UKG1_VVYETMRQI|0.141
P16234|Q9UKG1_SSVCYIFES|0.042
P16234|Q9UKG1_DRRASEKQK|0.0
P16234|Q9UKG1_FVVLSSSQS|0.0
P16234|Q9UKG1_SSSQSEESD|0.0
P16234|Q9UKG1_QSEESDLGE|0.0
P16234|Q8NEU8_ALQDSPQTR|0.0
P16234|Q8NEU8_DSPQTRSLL|0.0
P16234|Q8NEU8_CFQITTPNG|0.0
P16234|Q8NEU8_FQITTPNGK|0.0
P16234|Q8NEU8_LQAESRKEN|0.0
P16234|Q8NEU8_LQAVTPITS|0.0
P16234|Q8IVJ8_GGDLTHGII|0.0
P16234|Q9NTI5_MVVKTFMDM|0.0
P16234|Q9NTI5_MDQDSEEEK|0.0
P16234|Q9NTI5_EAPYTSPDK|0.192
P16234|Q9NTI5_FMFITRQLK|0.24
P16234|Q9NTI5_NKQAYDLAK|0.016
P16234|Q9NTI5_FKLKSNDNE|0.0
P16234|Q9NTI5_DLTEYLKVR|0.127
P16234|Q9NTI5_IYKKYALQS|0.232
P16234|Q9NTI5_KQPKTDASV|0.001
P16234|Q9NTI5_VMVITRNLP|0.0
P16234|Q9NTI5_QVNKSIDGT|0.0
P16234|Q9NTI5_RQAKYAIHC|0.438
P16234|Q9NTI5_APLKSLVAT|0.0
P16234|Q9NTI5_KNNHSKSGT|0.0
P16234|Q9NTI5_EKLLSLLPE|0.0
P16234|Q9NTI5_LLPEYVVPY|0.435
P16234|Q9NTI5_HDPDYVKVQ|0.216
P16234|Q9NTI5_YSLESPKDP|0.001
P16234|Q9NTI5_PEMKSFFTP|0.0
P16234|Q9NTI5_AGKQSQTKS|0.0
P16234|Q9NTI5_KQSQTKSSR|0.0
P16234|Q9NTI5_SRMETVSNA|0.0
P16234|Q9NTI5_METVSNASS|0.0
P16234|Q9NTI5_VSNASSSSN|0.0
P16234|Q9NTI5_KRDDSDLVR|0.0
P16234|Q9NTI5_DLVRSELEK|0.0
P16234|Q9NTI5_GRKKTPVTE|0.0
P16234|Q9NTI5_KPKGSQRSR|0.0
P16234|Q9NTI5_QHRVSRRAQ|0.0
P16234|Q9NTI5_RGRPSKTPS|0.0
P16234|Q9NTI5_VRRRSAKRE|0.0
P16234|P07741_PDFPTPGVV|0.017
P16234|P07741_KDPASFRAA|0.0
P16234|P07741_LPGPTLWAS|0.0
P16234|P07741_TLWASYSLE|0.0
P16234|O14492_GHSRSSEDV|0.0
P16234|O14492_HSRSSEDVS|0.029
P16234|O14492_RKGFSLRNM|0.0
P16234|O14492_LRNMSLCVV|0.147
P16234|O14492_HRRASPEPD|0.013
P16234|O14492_DPGDSEEDT|0.053
P16234|Q7Z2E3_RSGNSDSIE|0.0
P16234|Q7Z2E3_GNSDSIERD|0.0
P16234|Q7Z2E3_IKKESLGHW|0.0
P16234|Q7Z2E3_IKDKYPKAR|0.239
P16234|Q7Z2E3_PKARYHWLV|0.214
P16234|Q13796_WRPHSWHAT|0.01
P16234|Q13796_KFSDSHPEL|0.0
P16234|Q13796_RHHASSSSH|0.0
P16234|Q13796_DHFSSLGSV|0.155
P16234|Q13796_SSLGSVDSL|0.235
P16234|Q13796_GSVDSLDHP|0.001
P16234|Q13796_SVAKSNSSI|0.046
P16234|Q13796_DHLGSHSKR|0.002
P16234|Q13796_LGSHSKRDS|0.122
P16234|Q13796_SKRDSAYGS|0.45
P16234|Q13796_RDSAYGSFS|0.345
P16234|Q13796_SAYGSFSTS|0.121
P16234|Q13796_ADTSSAENI|0.005
P16234|Q13796_KKAPSSPPP|0.036
P16234|Q13796_KAPSSPPPP|0.092
P16234|Q13796_PPLRSDSFA|0.23
P16234|Q13796_LRSDSFAAT|0.387
P16234|Q13796_AHPGSLGKG|0.11
P16234|Q13796_ASLSSSDVR|0.444
P16234|Q13796_SLSSSDVRF|0.0
P16234|Q13796_RFPQSPHSG|0.104
P16234|Q13796_FQNDSPPQV|0.108
P16234|Q13796_RLAASITWA|0.0
P16234|Q13796_DRFATTLRN|0.0
P16234|Q13796_KLQKSRSTV|0.0
P16234|Q13796_QKSRSTVAL|0.0
P16234|Q13796_RRRFTAEQK|0.001
P16234|Q13796_LKSYSEPEK|0.217
P16234|Q13796_LTRGYSPHQ|0.432
P16234|Q13796_TRGYSPHQH|0.361
P16234|Q13796_HPRTSEDTV|0.239
P16234|Q13796_TEPWSRTTS|0.0
P16234|Q13796_WSRTTSLGD|0.355
P16234|Q13796_GRCHSADDI|0.179
P16234|Q13796_VHGRSRSSP|0.332
P16234|Q13796_GRSRSSPST|0.0
P16234|Q13796_RSRSSPSTD|0.0
P16234|Q13796_GRAGTLPRD|0.135
P16234|Q13796_DYRYSEEST|0.417
P16234|Q13796_YSEESTPAD|0.411
P16234|Q13796_SEESTPADL|0.0
P16234|Q13796_RGQDSWPVS|0.071
P16234|Q13796_EPRRYRATD|0.496
P16234|Q13796_RYRATDGAP|0.353
P16234|Q13796_FPTPSPASL|0.0
P16234|Q13796_SLDVYVARL|0.43
P16234|Q13796_SLSHSPSVF|0.18
P16234|Q13796_LRLQTATME|0.0
P16234|Q13796_TMETSRSPS|0.0
P16234|Q13796_ETSRSPSPQ|0.0
P16234|Q13796_SRSPSPQFA|0.228
P16234|Q13796_VHSESQPEK|0.32
P16234|Q13796_ESRQSLACP|0.529
P16234|Q13796_SEQFYSRFC|0.448
P16234|Q13796_DRCTSPPGL|0.166
P16234|Q13796_ILDPSVKIK|0.001
P16234|Q13796_PKIPSPRST|0.0
P16234|Q13796_KEEPSVPAA|0.256
P16234|Q13796_HEEDSGSDL|0.46
P16234|Q13796_EDSGSDLDH|0.041
P16234|Q13796_NLLLSLSGR|0.0
P16234|Q13796_LLSLSGRLA|0.0
P16234|Q13796_DDGASPGDR|0.0
P16234|P29972_QVEEYDLDA|0.198
P16234|P55087_TKGSYMEVE|0.006
P16234|P55087_SQVETDDLI|0.0
P16234|P55087_GEVLSSV__|0.0
P16234|P55087_EVLSSV___|0.001
P16234|P55064_KEVCSVAFL|0.0
P16234|P55064_IKGTYEPDE|0.0
P16234|P55064_ERKKTMELT|0.0
P16234|Q13520_ALLASLIYN|0.108
P16234|Q13520_ASLIYNFVL|0.171
P16234|O14520_SKMVSWSVI|0.0
P16234|O14520_MVSWSVIAK|0.0
P16234|O14520_PKMGSHEPT|0.0
P16234|O94778_AREPSVGGR|0.0
P16234|O60306_IVAPTVSQI|0.0
P16234|O60306_APTVSQINA|0.0
P16234|O60306_IEDIYEKEI|0.0
P16234|O60306_LVHCYLSNL|0.0
P16234|O60306_HCYLSNLVR|0.023
P16234|O60306_ERRISQIQQ|0.0
P16234|O60306_WQSEYGGVV|0.235
P16234|O60306_LRGESRTFR|0.0
P16234|O60306_EDEDTEEAK|0.047
P16234|O60306_EEAKTLIVE|0.0
P16234|O60306_ISNIYHNFP|0.0
P16234|O60306_ETAGYFFLY|0.016
P16234|O60306_YQVMSRWEE|0.0
P16234|O60306_DIIPSPTDT|0.0
P16234|P10275_SGAPTSSKD|0.0
P16234|P10275_TSTISDNAK|0.382
P16234|P10275_CKAVSVSMG|0.296
P16234|P10275_AVSVSMGLG|0.0
P16234|P10275_LLDDSAGKS|0.0
P16234|P10275_PGSGSPSAA|0.055
P16234|P10275_SRRFYQLTK|0.323
P16234|P10398_GAEPSRAVG|0.002
P16234|P10398_RAVGTVKVY|0.412
P16234|P10398_TVKVYLPNK|0.448
P16234|P10398_GMSVYDSLD|0.413
P16234|P10398_RQQFYHSVQ|0.481
P16234|P10398_APMDSNLIQ|0.0
P16234|P10398_SRGGSDGTP|0.0
P16234|P10398_PSPASVSSG|0.0
P16234|P10398_PASVSSGRK|0.0
P16234|P10398_ASVSSGRKS|0.0
P16234|P10398_PHSKSPAEQ|0.117
P16234|P10398_RERKSLADD|0.184
P16234|P10398_KNLGYRDSG|0.235
P16234|P10398_IGTGSFGTV|0.0
P16234|P10398_GSFGTVFRG|0.0
P16234|P10398_VLKVSQPTA|0.115
P16234|P10398_VSQPTAEQA|0.342
P16234|P10398_VARQTAQGM|0.0
P16234|P10398_QGMDYLHAK|0.434
P16234|P10398_RDLKSNNIF|0.0
P16234|P10398_HEGLTVKIG|0.0
P16234|P10398_KTRWSGAQP|0.004
P16234|P10398_VGRGYLSPD|0.381
P16234|P10398_RGYLSPDLS|0.021
P16234|P10398_SPDLSKISS|0.0
P16234|P10398_LSKISSNCP|0.0
P16234|P10398_SKISSNCPK|0.0
P16234|P10398_RRLLSDCLK|0.044
P16234|P10398_LLQRSLPKI|0.123
P16234|P10398_ASEPSLHRT|0.0
P16234|P10398_SLHRTQADE|0.109
P16234|P10398_ACLLSAARL|0.0
P16234|Q5VWT5_MVANSFRNK|0.439
P16234|Q5VWT5_QTLPSQKHV|0.0
P16234|Q5VWT5_LHNVSEDPS|0.0
P16234|Q5VWT5_CQPIYECEL|0.015
P16234|Q5VWT5_AVPKTQGEV|0.002
P16234|Q5VWT5_QGEVTVEEG|0.002
P16234|Q5VWT5_YLRHSGNSI|0.0
P16234|Q5VWT5_SLASSSEEN|0.0
P16234|Q5VWT5_LASSSEENR|0.0
P16234|Q5VWT5_NRELYEDVY|0.404
P16234|Q5VWT5_YEDVYKTKN|0.449
P16234|Q5VWT5_DVDLSEKES|0.0
P16234|Q8WWN8_SPEPSPRPP|0.0
P16234|Q8WWN8_PNSIYFGLD|0.303
P16234|Q8WWN8_PGCLYYGVQ|0.36
P16234|Q8WWN8_EHRLSRQDL|0.0
P16234|Q8WWN8_EDAGYASLE|0.0
P16234|Q8WWN8_PQGNYVFQR|0.421
P16234|Q8WWN8_RSLMYFGSD|0.0
P16234|Q8WWN8_MYFGSDKDP|0.003
P16234|Q8WWN8_FAALSPGEL|0.0
P16234|Q8WWN8_ELALYKSEQ|0.002
P16234|Q8WWN8_LQGCSVRET|0.0
P16234|Q8WWN8_SPGVYNEVV|0.493
P16234|Q8WWN8_SGFLYCSPV|0.0
P16234|Q8WWN8_FLYCSPVSN|0.0
P16234|Q8WWN8_KAGPSPPRR|0.0
P16234|Q8WWN8_ISVVSAADT|0.0
P16234|Q8WWN8_GRTLYLQGE|0.501
P16234|Q8WWN8_LEGVYRKGG|0.0
P16234|Q8WWN8_VEDVTDTLK|0.0
P16234|Q8WWN8_DVTDTLKRF|0.001
P16234|Q8WWN8_RLEKYKDVI|0.003
P16234|Q8WWN8_LRRHSSSDL|0.0
P16234|Q8WWN8_QKFGTMPLL|0.0
P16234|Q8WWN8_SANQTLRRL|0.0
P16234|Q8WWN8_RRTLSMFFP|0.0
P16234|Q8WWN8_EEPVYEEPV|0.598
P16234|Q8WWN8_EEPVYEEVG|0.489
P16234|Q8WWN8_PSKSSPQAR|0.0
P16234|Q8WWN8_LQELSSLIL|0.0
P16234|Q8WWN8_QELSSLILR|0.0
P16234|Q8WWN8_LGSPSQPSS|0.0
P16234|Q8WWN8_SQPSSPQSP|0.0
P16234|Q8WWN8_SSPQSPSPT|0.0
P16234|O60936_EAEASKEAE|0.0
P16234|O60936-1_CAQRTAGAP|0.0
P16234|O60936-1_HAQATGRRR|0.0
P16234|P48444_KAIVSRQFV|0.0
P16234|P48444_FVEMTRTRI|0.0
P16234|P48444_EMTRTRIEG|0.0
P16234|P48444_TTKNSNILE|0.0
P16234|P48444_AQIRTFTEM|0.0
P16234|P48444_IRTFTEMDS|0.0
P16234|P48444_TEMDSHEEK|0.0
P16234|P48444_GFGSSAVSG|0.0
P16234|P48444_SSAVSGGST|0.0
P16234|P48444_ETIMSSSMG|0.0
P16234|P48444_INMESVHMK|0.0
P16234|P48444_VQLQTHPNV|0.003
P16234|P48444_KKLFTAESL|0.0
P16234|P48444_FTAESLIGL|0.0
P16234|P48444_SRRNTLEWC|0.0
P16234|P15514_NKTESENTS|0.0
P16234|P15514_SMIDSSLSK|0.004
P16234|O15033_DRTIYDYVR|0.283
P16234|O15033_LDPRSCKVS|0.0
P16234|O15033_VHLFYKNGQ|0.162
P16234|O15033_QRRPSTAVD|0.0
P16234|O15033_RRPSTAVDE|0.01
P16234|O15033_EDEDSPSEC|0.306
P16234|O15033_SECHTPEKV|0.0
P16234|O15033_PKKVYCYVS|0.338
P16234|O15033_KVYCYVSPK|0.139
P16234|O15033_YCYVSPKQF|0.259
P16234|O15033_VKEFYLKII|0.0
P16234|O15033_NIGGSETFQ|0.0
P16234|O15033_GKCLYESSL|0.433
P16234|O15033_CLYESSLGG|0.0
P16234|O15033_LYESSLGGA|0.016
P16234|O15033_LGGAYKQLV|0.115
P16234|Q9NP61_AAQLYREKI|0.278
P16234|Q9NP61_KSLASQATR|0.0
P16234|Q9NP61_LRLAYKDLE|0.007
P16234|Q9NP61_KMNISGKKN|0.0
P16234|Q9NP61_GNCRSVISH|0.001
P16234|Q9NP61_VISHSVTSD|0.0
P16234|Q9NP61_HSVTSDMQT|0.0
P16234|Q9NP61_SDMQTIEQE|0.0
P16234|Q9NP61_PRKKYNDDS|0.07
P16234|Q9NP61_DSDDSYFTS|0.456
P16234|Q9NP61_DSYFTSSSS|0.01
P16234|Q9NP61_FTSSSSYFD|0.248
P16234|Q9NP61_TSSSSYFDE|0.075
P16234|Q9NP61_SSSSYFDEP|0.293
P16234|Q9NP61_LRSSSFSSW|0.0
P16234|Q9NP61_SSSFSSWDD|0.0
P16234|Q9NP61_SWDDSSDSY|0.0
P16234|Q9NP61_SSDSYWKKE|0.421
P16234|Q9NP61_KTTGYSDRP|0.0
P16234|Q9NP61_SDRPTARRK|0.0
P16234|Q9NP61_RKPDYEPVE|0.518
P16234|Q9NP61_PVENTDEAQ|0.463
P16234|Q9NP61_KAISSDMYF|0.044
P16234|Q9NP61_SSDMYFGRQ|0.253
P16234|Q9NP61_FGRQSQADY|0.0
P16234|Q9NP61_SQADYETRA|0.421
P16234|Q9NP61_ADYETRARL|0.06
P16234|Q9NP61_LSASSSISS|0.0
P16234|Q9NP61_PAGNYSLSS|0.388
P16234|Q9NP61_AGKLSVFAN|0.0
P16234|Q9NP61_GVVTSIQDR|0.0
P16234|Q8N6T3_GVHLSFVRS|0.206
P16234|Q8N6T3_VRSVTMDKW|0.0
P16234|Q8N6T3_SQEDYDPCW|0.384
P16234|Q8N6T3_DPCWSLQEK|0.312
P16234|Q8N6T3_LQEKYNSRA|0.0
P16234|Q8N6T3_EKYNSRAAA|0.0
P16234|Q8N6T3_GREWSLESS|0.0
P16234|Q8N6T3_PQPRTLPSM|0.0
P16234|Q8N6T3_RTLPSMVHR|0.0
P16234|Q8N6T3_GQPQSVTAS|0.0
P16234|Q8N6T3_PQSVTASSD|0.0
P16234|Q8N6T3_VTASSDKAF|0.0
P16234|Q8N6T3_DDLGSYQGA|0.004
P16234|Q8N6T3_DLGSYQGAQ|0.085
P16234|Q8N6T3_NAMSSLYSG|0.0
P16234|Q8N6T3_MSSLYSGWS|0.001
P16234|Q8N6T3_SSLYSGWSS|0.106
P16234|Q8N6T3_TKFGSQASQ|0.0
P16234|Q8N6T3_GSQASQKAS|0.0
P16234|Q8N6T3_SQKASELGH|0.0
P16234|Q8N6T3_SSGVSQLAS|0.0
P16234|Q8N6T3_QGVGSKGWR|0.0
P16234|Q8N6T3_TTFFSGKAE|0.0
P16234|Q8N6T3_ETFGSAEPT|0.0
P16234|Q8N6T3_PSSDSWTCA|0.0
P16234|Q8N6T3_TNRNSNSDG|0.0
P16234|Q8N6T3_RNSNSDGGE|0.0
P16234|P84077_TTILYKLKL|0.0
P16234|P84077_ETVEYKNIS|0.187
P16234|P84077_LWRHYFQNT|0.133
P16234|P84077_AAEITDKLG|0.001
P16234|P84077_GDGLYEGLD|0.151
P16234|P61204_TTILYKLKL|0.0
P16234|P61204_ETVEYKNIS|0.001
P16234|P61204_YKNISFTVW|0.0
P16234|P61204_LWRHYFQNT|0.016
P16234|P61204_AAEITDKLG|0.0
P16234|P61204_LGLHSLRHR|0.0
P16234|P61204_GDGLYEGLD|0.0
P16234|P18085_TTILYKLKL|0.0
P16234|P18085_ETVEYKNIC|0.357
P16234|P18085_LWKHYFQNT|0.001
P16234|P18085_AMAISEMTD|0.0
P16234|P18085_LRNRTWYVQ|0.313
P16234|P18085_GTGLYEGLD|0.01
P16234|P84085__MGLTVSAL|0.233
P16234|P84085_GLTVSALFS|0.0
P16234|P84085_SALFSRIFG|0.0
P16234|P84085_TTILYKLKL|0.0
P16234|P84085_ETVEYKNIC|0.325
P16234|P84085_LWRHYFQNT|0.142
P16234|P84085_RVQESADEL|0.0
P16234|P84085_AMPVSELTD|0.153
P16234|P84085_VSELTDKLG|0.0
P16234|P62330_TTILYKLKL|0.0
P16234|P62330_QSVTTIPTV|0.0
P16234|P62330_DRNWYVQPS|0.409
P16234|P62330_GDGLYEGLT|0.362
P16234|P62330_YEGLTWLTS|0.002
P16234|P53367_SPKNSAAEI|0.0
P16234|P53367_GLGLSETQI|0.0
P16234|P53367_GLSETQITS|0.0
P16234|P53367_TQTKSGPVI|0.041
P16234|P53367_WSLNTYKCT|0.329
P16234|P53367_SLNTYKCTR|0.429
P16234|P53367_DAYRTDLEE|0.101
P16234|P53367_HKEKYDKMR|0.338
P16234|P53367_VDAPSWLEE|0.0
P16234|P53367-2_TQTKSGPVI|0.0
P16234|P53365_GKAATMEIP|0.0
P16234|P53365_HPSHSTTPS|0.004
P16234|P53365_GINTYKCTK|0.4
P16234|P53365_ARLEYDAYR|0.397
P16234|P53365_LEELSLGPR|0.0
P16234|P53365_AEKPSWLEE|0.0
P16234|Q9Y6D6_KAHHSQLRK|0.0
P16234|Q9Y6D6_IKAETEKQS|0.0
P16234|Q9Y6D6_KAGSSTLPP|0.0
P16234|Q9Y6D6_PPVKSKTNF|0.016
P16234|Q9Y6D6_KLIAYGHLT|0.0
P16234|Q9Y6D6_VDHISQEHE|0.0
P16234|Q9Y6D6_LDLHTNDVD|0.005
P16234|Q9Y6D6_PENGSDISS|0.0
P16234|Q9Y6D6_GSDISSAEN|0.0
P16234|Q9Y6D6_SDISSAENE|0.007
P16234|Q9Y6D6_QGRGSQELG|0.0
P16234|Q9Y6D6_ECLVSILKC|0.0
P16234|Q9Y6D6_TINRYGSLN|0.097
P16234|Q9Y6D6_NRYGSLNSL|0.0
P16234|Q9Y6D6_GSLNSLEST|0.0
P16234|Q9Y6D6_LESTSSSGI|0.0
P16234|Q9Y6D6_TKEQYIKMN|0.0
P16234|Q9Y6D6_LPEEYLSAI|0.0
P16234|Q9Y6D6_EEYLSAIYN|0.0
P16234|Q9Y6D6_LSAIYNEIA|0.0
P16234|Q9Y6D6_LTIPTKSSK|0.0
P16234|Q9Y6D6_QLIGTGVKP|0.0
P16234|Q9Y6D6_VKPRYISGT|0.001
P16234|Q9Y6D6_YISGTVRGR|0.0
P16234|Q9Y6D6_EGSLTGTKD|0.0
P16234|Q9Y6D6_SLTGTKDQA|0.0
P16234|Q9Y6D6_PPPPSPVSE|0.0
P16234|Q9Y6D6_PSPVSEKPL|0.0
P16234|Q9Y6D6_KPLDTISQK|0.0
P16234|Q9Y6D6_LDTISQKSV|0.0
P16234|Q9Y6D6_DIHDSIQPR|0.0
P16234|Q9Y6D6_FPATSKKED|0.0
P16234|Q9Y6D6_NEQRTALWK|0.0
P16234|Q9Y6D6_FKGKSKPNL|0.0
P16234|Q9Y6D5_YGHITGNAP|0.0
P16234|Q9Y6D5_NAPDSGAPG|0.0
P16234|Q9Y6D5_ARSDSGKVS|0.0
P16234|Q9Y6D5_GSSLSGTDD|0.0
P16234|Q9Y6D5_PVFRTHEMF|0.0
P16234|Q9Y6D5_ECLVSILKC|0.0
P16234|Q9Y6D5_PNHQTSLGQ|0.0
P16234|Q9Y6D5_NHQTSLGQE|0.0
P16234|Q9Y6D5_TKEQYIKMN|0.055
P16234|Q9Y6D5_QMAKTAKAL|0.0
P16234|Q9Y6D5_MEAVSHAKA|0.001
P16234|Q9Y6D5_KAPFTSATH|0.0
P16234|Q9Y6D5_APFTSATHL|0.0
P16234|Q9Y6D5_FTSATHLDH|0.0
P16234|Q9Y6D5_QLIGTGVKT|0.0
P16234|Q9Y6D5_TRYLSGSGR|0.0
P16234|Q9Y6D5_EREGSLKGH|0.0
P16234|Q9Y6D5_LKGHTLAGE|0.0
P16234|Q9Y6D5_VGETSSQSV|0.0
P16234|Q9Y6D5_TSSQSVVVA|0.0
P16234|Q9Y6D5_IFTGSTRLD|0.0
P16234|Q9Y6D5_MEEDSSEKH|0.0
P16234|Q9Y6D5_EEDSSEKHL|0.0
P16234|Q9Y6D5_DKNPSERGQ|0.0
P16234|Q9Y6D5_LSNPTDDSW|0.0
P16234|Q9Y6D5_PTDDSWKGR|0.0
P16234|Q9Y6D5_KGRPYANQK|0.0
P16234|Q9Y6D5_FNSNYEQRT|0.425
P16234|Q5TH69_EASGSKYKA|0.0
P16234|Q5TH69_ERFVSMETD|0.0
P16234|Q5TH69_VSMETDSDE|0.0
P16234|Q5TH69_LCITYTPTF|0.0
P16234|Q5TH69_SDSASPGVS|0.0
P16234|Q5TH69_SKRKSHLDL|0.0
P16234|Q5TH69_WSRDSMEIN|0.0
P16234|Q5TH69_SSEHTPWES|0.0
P16234|Q5TH69_TPWESGNER|0.0
P16234|Q5TH69_NSLKSPAIP|0.0
P16234|Q5TH69_GSRYSESNF|0.0
P16234|Q5TH69_TEFDSCDQY|0.0
P16234|Q5TH69_AEKDSGRSD|0.0
P16234|Q5TH69_SDIGSDNCS|0.0
P16234|Q5TH69_SDNCSLADE|0.0
P16234|Q5TH69_DEEQTPRDC|0.0
P16234|Q5TH69_RSLRTAALS|0.0
P16234|Q5TH69_TAALSLKLL|0.0
P16234|Q5TH69_ECEGSPPEH|0.0
P16234|Q5TH69_PPEHSPEQG|0.0
P16234|Q5TH69_FRGGSLMSG|0.0
P16234|Q5TH69_KVVLTLSTQ|0.004
P16234|Q5TH69_LTLSTQADR|0.0
P16234|Q5TH69_QDRKSALHL|0.0
P16234|Q5TH69_VGDYSMGKG|0.0
P16234|Q5TH69_SGTESFSGE|0.0
P16234|Q5TH69_VAAPSSSPS|0.0
P16234|Q5TH69_FMLDTQCSP|0.0
P16234|Q5TH69_DTQCSPKTP|0.0
P16234|Q5TH69_GEEKTIQVP|0.0
P16234|Q5TH69_GFLRYISMQ|0.0
P16234|Q5TH69_LRYISMQNL|0.0
P16234|Q5TH69_DDERSTDSS|0.0
P16234|Q5TH69_SQQCSSEDE|0.0
P16234|Q5TH69_QQCSSEDED|0.0
P16234|Q5TH69_MPLLSVQPV|0.0
P16234|Q5TH69_SSTPSTGGF|0.0
P16234|Q5TH69_SGKETPSED|0.0
P16234|Q5TH69_KETPSEDDR|0.0
P16234|Q5TH69_EDDRSQSRE|0.0
P16234|Q5TH69_DRSQSREHM|0.0
P16234|Q5TH69_HMGESLSLK|0.0
P16234|Q5TH69_GESLSLKAG|0.0
P16234|Q5TH69_DKTISKLMT|0.0
P16234|Q5TH69_LMTEYKKRK|0.0
P16234|Q5TH69_RGQDSPLLQ|0.0
P16234|Q5TH69_QMRHSFSAG|0.0
P16234|Q5TH69_RHSFSAGPE|0.0
P16234|Q5TH69_KRPRSGSTG|0.0
P16234|Q5TH69_PRSGSTGSS|0.0
P16234|Q5TH69_RSGSTGSSL|0.0
P16234|Q5TH69_GSTGSSLSV|0.0
P16234|Q5TH69_STGSSLSVS|0.0
P16234|Q5TH69_GSSLSVSVR|0.0
P16234|Q13795_SDCTSKIGR|0.0
P16234|Q13795_RDCLTQACS|0.012
P16234|P42684_TGGSSPEAL|0.0
P16234|P42684_IRWSSKENL|0.0
P16234|P42684_DFVASGDNT|0.0
P16234|P42684_GWVPSNYIT|0.288
P16234|P42684_SNYITPVNS|0.206
P16234|P42684_KHSWYHGPV|0.202
P16234|P42684_LINGSFLVR|0.0
P16234|P42684_ISLRYEGRV|0.029
P16234|P42684_EGRVYHYRI|0.435
P16234|P42684_WKKYSLTVA|0.403
P16234|P42684_SRLMTGDTY|0.398
P16234|P42684_ESLAYNTFS|0.32
P16234|P42684_PILPSKTRT|0.018
P16234|P42684_SKTRTLKKQ|0.002
P16234|P42684_RNAPTPPKR|0.01
P16234|P42684_TGFFTPRLI|0.04
P16234|P42684_TVSTSSQPE|0.0
P16234|P42684_LRTPSGDLA|0.0
P16234|P42684_QVTSSGDKD|0.0
P16234|P42684_PLPTSSISP|0.0
P16234|P42684_PVPNSQLVD|0.29
P16234|P42684_QLVDTGHQL|0.0
P16234|P42684-10_PHKKYELTG|0.002
P16234|P42684-6_LHRPYGCDV|0.044
P16234|P05089_GAPFSKGQP|0.0
P16234|P05089_EEGPTVLRK|0.035
P16234|P05089_DVKDYGDLP|0.545
P16234|P05089_KNPRSVGKA|0.0
P16234|P05089_NGRISLVLG|0.0
P16234|P05089_GGDHSLAIG|0.0
P16234|P05089_LAIGSISGH|0.0
P16234|P05089_IGSISGHAR|0.0
P16234|P05089_TPCISAKDI|0.0
P16234|P05089_TEEIYKTGL|0.004
P16234|P78540_RGSLSRLLQ|0.0
P16234|P78540_GAPFSQGQK|0.0
P16234|P78540_DLSFTPVPK|0.0
P16234|P78540_VMERTFDLL|0.0
P16234|P78540_PTPSSPDES|0.0
P16234|Q7LC44_EFLQYSEGT|0.093
P16234|O94875_KAPHYPGIG|0.538
P16234|O94875_PDDDTDMYN|0.45
P16234|O94875_DTDMYNTPY|0.108
P16234|O94875_DMYNTPYTY|0.529
P16234|O94875_YNTPYTYNA|0.504
P16234|O94875_NAGLYNPPY|0.381
P16234|O94875_KTQTYRPLS|0.001
P16234|O94875_YRPLSKSHS|0.191
P16234|O94875_PLSKSHSDN|0.0
P16234|O94875_RDRSSTEKH|0.0
P16234|O94875_DRSSTEKHD|0.0
P16234|O94875_RKFRSEPRS|0.0
P16234|O94875_SIFEYEPGK|0.0
P16234|O94875_PASLYQSSI|0.001
P16234|O94875_LYQSSIDRS|0.06
P16234|O94875_ERPMSSASM|0.0
P16234|O94875_MSSASMASD|0.0
P16234|O94875_ASMASDFRK|0.0
P16234|O94875_LPGSSTTLT|0.0
P16234|O94875_TLTKSFTSS|0.0
P16234|O94875_KSFTSSSPS|0.001
P16234|O94875_QKSKSMPNL|0.0
P16234|O94875_DDMLSPVTL|0.439
P16234|O94875_LSPVTLEPP|0.062
P16234|O94875_KRRFSIEYL|0.292
P16234|O94875_RKKNSAPKK|0.004
P16234|O94875_KKRGSLPDN|0.0
P16234|O94875_LPDNSILHR|0.0
P16234|O94875_ESPRSYSST|0.0
P16234|O94875_ERRGTPEKE|0.0
P16234|O94875_KKGDTVYIL|0.0
P16234|O94875_GDTVYILRK|0.399
P16234|O94875_DQNWYEGEH|0.212
P16234|O94875_FPISYVEKL|0.0
P16234|O94875_VEKLTPPEK|0.0
P16234|O94875_DQNWYEGKI|0.249
P16234|O94875_FPVSYVEVV|0.036
P16234|O94875_VKKNTKGAE|0.334
P16234|O94875_GAEDYPDPP|0.475
P16234|O94875_IHSLSSNKP|0.0
P16234|O94875_LYNYTPRNE|0.102
P16234|O94875_KFFGTFPGN|0.0
P16234|O94875_FPGNYVKRL|0.461
P16234|O94875-11_MNTDSGGCA|0.023
P16234|O94875-11_RAAMSVTLT|0.0
P16234|O94875-11_KRVQSSPNL|0.0
P16234|O94875-11_RVQSSPNLL|0.0
P16234|O94875-11_AGRDSQSPD|0.0
P16234|O94875-11_RDSQSPDSA|0.0
P16234|O94875-11_SAWRSYNDG|0.0
P16234|O94875-11_QDKRSPTQS|0.0
P16234|O94875-12____MSVTLT|0.0
P16234|O94875-12_KRVQSSPNL|0.0
P16234|O94875-12_RVQSSPNLL|0.0
P16234|O94875-12_AGRDSQSPD|0.0
P16234|O94875-12_RDSQSPDSA|0.0
P16234|O94875-12_SAWRSYNDG|0.0
P16234|O94875-12_GDATYSSLA|0.0
P16234|O94875-12_QDKRSPTQS|0.0
P16234|O94875-12_SIFEYEPGK|0.0
P16234|O94875-12_PPLPTTPTP|0.001
P16234|O94875-12_PLPTTPTPV|0.0
P16234|O94875-12_PTTPTPVPR|0.0
P16234|O94875-12_LGEVTGSPS|0.0
P16234|O94875-12_EVTGSPSPP|0.0
P16234|O94875-12_TGSPSPPPR|0.0
P16234|O94875-12_PPPRSGAPT|0.0
P16234|O94875-12_SGAPTPSSR|0.0
P16234|O94875-12_APTPSSRAP|0.0
P16234|O94875-12_APALSPTRP|0.0
P16234|O94875-12_ALSPTRPPK|0.0
P16234|O94875-12_VQDHSSGVF|0.0
P16234|O94875-12_QDHSSGVFN|0.0
P16234|O94875-12_FNEASLYQS|0.0
P16234|O94875-12_EASLYQSSI|0.0
P16234|O94875-12_SIDRSLERP|0.0
P16234|O94875-12_RPMSSASMA|0.0
P16234|O94875-12_TLTKSFTSS|0.0
P16234|O94875-12_SFTSSSPSS|0.0
P16234|O94875-12_FTSSSPSSP|0.0
P16234|O94875-12_SSPSSPSRA|0.0
P16234|O94875-12_PSSPSRAKD|0.0
P16234|O94875-12_KDRESPRSY|0.0
P16234|O94875-12_PRSYSSTLT|0.0
P16234|O94875-2_RDSQSPDSA|0.0
P16234|O94875-2_QSPDSAKGF|0.005
P16234|O94875-2_QDKRSPTQS|0.0
P16234|O94875-2_QDHSSGVFN|0.0
P16234|O94875-2_FNEASLYQS|0.0
P16234|O94875-2_EASLYQSSI|0.0
P16234|O94875-2_SIDRSLERP|0.0
P16234|O94875-2_RPMSSASMA|0.0
P16234|O94875-2_TLTKSFTSS|0.0
P16234|O94875-2_PRSYSSTLT|0.0
P16234|O94875-2_FPVSYVEVV|0.0
P16234|O94875-3_EVTGSPSPP|0.0
P16234|O94875-3_TGSPSPPPR|0.0
P16234|O94875-4_RDSQSPDSA|0.0
P16234|O94875-4_QSPDSAKGF|0.0
P16234|O94875-4_QDKRSPTQS|0.001
P16234|O94875-4_SIFEYEPGK|0.0
P16234|O94875-4_PPLPTTPTP|0.413
P16234|O94875-4_PLPTTPTPV|0.0
P16234|O94875-4_PTTPTPVPR|0.0
P16234|O94875-4_LGEVTGSPS|0.0
P16234|O94875-4_EVTGSPSPP|0.0
P16234|O94875-4_TGSPSPPPR|0.0
P16234|O94875-4_PPPRSGAPT|0.564
P16234|O94875-4_SGAPTPSSR|0.001
P16234|O94875-4_APTPSSRAP|0.242
P16234|O94875-4_APALSPTRP|0.016
P16234|O94875-4_ALSPTRPPK|0.01
P16234|O94875-4_VQDHSSGVF|0.0
P16234|O94875-4_QDHSSGVFN|0.0
P16234|O94875-4_FNEASLYQS|0.0
P16234|O94875-4_EASLYQSSI|0.0
P16234|O94875-4_SIDRSLERP|0.0
P16234|O94875-4_RPMSSASMA|0.003
P16234|O94875-4_KRRKSEPAV|0.0
P16234|O94875-4_TLTKSFTSS|0.0
P16234|O94875-4_SFTSSSPSS|0.0
P16234|O94875-4_FTSSSPSSP|0.0
P16234|O94875-4_SSPSSPSRA|0.022
P16234|O94875-4_PSSPSRAKD|0.0
P16234|O94875-4_KDRESPRSY|0.0
P16234|O94875-4_PRSYSSTLT|0.0
P16234|O94875-4_FPVSYVEVV|0.0
P16234|O94875-5_RDSQSPDSA|0.0
P16234|O94875-5_QSPDSAKGF|0.0
P16234|O94875-5_QDKRSPTQS|0.0
P16234|O94875-5_SIFEYEPGK|0.0
P16234|O94875-5_PLPTTPTPV|0.0
P16234|O94875-5_PTTPTPVPR|0.0
P16234|O94875-5_LGEVTGSPS|0.0
P16234|O94875-5_EVTGSPSPP|0.0
P16234|O94875-5_TGSPSPPPR|0.0
P16234|O94875-5_PPPRSGAPT|0.002
P16234|O94875-5_SGAPTPSSR|0.0
P16234|O94875-5_APTPSSRAP|0.0
P16234|O94875-5_APALSPTRP|0.0
P16234|O94875-5_ALSPTRPPK|0.0
P16234|O94875-5_QDHSSGVFN|0.0
P16234|O94875-5_EASLYQSSI|0.0
P16234|O94875-5_SIDRSLERP|0.0
P16234|O94875-5_TLTKSFTSS|0.0
P16234|O94875-5_SFTSSSPSS|0.0
P16234|O94875-5_FTSSSPSSP|0.0
P16234|O94875-5_SSPSSPSRA|0.0
P16234|O94875-5_PSSPSRAKD|0.0
P16234|O94875-5_KDRESPRSY|0.0
P16234|O94875-5_PRSYSSTLT|0.0
P16234|O94875-10_TLKLTHNQD|0.0
P16234|O94875-10_TPQFSKSVE|0.0
P16234|O94875-10_ERQKSAVAA|0.0
P16234|O94875-10_VAAASQSSD|0.0
P16234|O94875-10_AASQSSDCR|0.0
P16234|O94875-10_SIFEYEPGK|0.0
P16234|O94875-10_PLPTTPTPV|0.0
P16234|O94875-10_PTTPTPVPR|0.0
P16234|O94875-10_LGEVTGSPS|0.0
P16234|O94875-10_EVTGSPSPP|0.0
P16234|O94875-10_TGSPSPPPR|0.0
P16234|O94875-10_PPPRSGAPT|0.0
P16234|O94875-10_SGAPTPSSR|0.0
P16234|O94875-10_APTPSSRAP|0.0
P16234|O94875-10_APALSPTRP|0.0
P16234|O94875-10_ALSPTRPPK|0.0
P16234|O94875-10_VQDHSSGVF|0.0
P16234|O94875-10_QDHSSGVFN|0.0
P16234|O94875-10_FNEASLYQS|0.0
P16234|O94875-10_EASLYQSSI|0.0
P16234|O94875-10_SIDRSLERP|0.0
P16234|O94875-10_TLTKSFTSS|0.0
P16234|O94875-10_SFTSSSPSS|0.0
P16234|O94875-10_FTSSSPSSP|0.0
P16234|O94875-10_SSPSSPSRA|0.0
P16234|O94875-10_PSSPSRAKD|0.0
P16234|O94875-10_KDRESPRSY|0.0
P16234|O94875-10_PRSYSSTLT|0.0
P16234|O94875-8_TGRDSQSPD|0.0
P16234|O94875-8_RDSQSPDSA|0.0
P16234|O94875-8_SAWRSYNDG|0.0
P16234|O94875-8_QDKRSPTQS|0.0
P16234|O94875-8_SIFEYEPGK|0.0
P16234|O94875-8_SIDRSLERP|0.0
P16234|O94875-8_TLTKSFTSS|0.0
P16234|O94875-8_SFTSSSPSS|0.0
P16234|O94875-8_FTSSSPSSP|0.0
P16234|O94875-8_SSPSSPSRA|0.0
P16234|O94875-8_KDRESPRSY|0.0
P16234|O94875-8_PRSYSSTLT|0.0
P16234|O94875-9____MSVTLT|0.0
P16234|O94875-9_KRVQSSPNL|0.0
P16234|O94875-9_RVQSSPNLL|0.0
P16234|O94875-9_AGRDSQSPD|0.0
P16234|O94875-9_RDSQSPDSA|0.0
P16234|O94875-9_SAWRSYNDG|0.0
P16234|O94875-9_QDKRSPTQS|0.0
P16234|O94875-9_TLTKSFTSS|0.0
P16234|O94875-9_SFTSSSPSS|0.0
P16234|O94875-9_FTSSSPSSP|0.0
P16234|O94875-9_SSPSSPSRA|0.0
P16234|O94875-9_KDRESPRSY|0.0
P16234|O94875-9_PRSYSSTLT|0.0
P16234|A6NJG6_LPESTVKVW|0.0
P16234|Q9NWB6_SSSRSKHTK|0.0
P16234|Q9NWB6_KLSFSLKTQ|0.0
P16234|Q9NWB6_FSLKTQD__|0.0
P16234|Q07960_QDDLTLDDT|0.136
P16234|Q07960_TLDDTSEAL|0.105
P16234|Q07960_LDDTSEALN|0.448
P16234|Q07960_LKLASIDEK|0.133
P16234|Q07960_KNWPSDEMP|0.0
P16234|Q07960_DFPKSDDSK|0.0
P16234|Q07960_WDDPYYDIA|0.489
P16234|Q07960_DDPYYDIAR|0.488
P16234|Q07960_GDDKYGRKI|0.0
P16234|Q07960_LRDAYREFD|0.409
P16234|Q07960_IKALYIVHP|0.508
P16234|Q07960_FLKSTQKSP|0.0
P16234|Q07960_STQKSPATA|0.0
P16234|Q07960_PEENYQVLR|0.408
P16234|Q07960_ELFPSPDPS|0.343
P16234|Q07960_SPDPSGL__|0.0
P16234|A1A4S6_ALSHSFNTA|0.0
P16234|A1A4S6_HSFNTAIIP|0.0
P16234|A1A4S6_QNLMTVANL|0.0
P16234|A1A4S6_TPPDTTFPE|0.0
P16234|A1A4S6_FPEPTCLSA|0.0
P16234|A1A4S6_PTCLSASPP|0.0
P16234|A1A4S6_CLSASPPNA|0.0
P16234|A1A4S6_PPRQSKRQG|0.0
P16234|A1A4S6_DSLSSPSPV|0.0
P16234|A1A4S6_ADGGSFGDW|0.0
P16234|Q6P4F7_GLCATPSLE|0.0
P16234|Q6P4F7_CATPSLEGF|0.0
P16234|Q6P4F7_GEYETPGEY|0.015
P16234|Q6P4F7_GDFVSGALN|0.0
P16234|Q6P4F7_KPNRTPSIT|0.0
P16234|Q6P4F7_NRTPSITPQ|0.0
P16234|Q6P4F7_NAKRTLPVD|0.0
P16234|Q6P4F7_LPVDSSHGF|0.0
P16234|Q6P4F7_PVDSSHGFS|0.0
P16234|Q6P4F7_SPKISHKEK|0.0
P16234|Q6P4F7_KVRRSLRLK|0.0
P16234|Q6P4F7_VNGCSGVNR|0.0
P16234|Q6P4F7_GVNRYESVG|0.0
P16234|Q6P4F7_ANQQSLKNR|0.0
P16234|Q6P4F7_KSPATSCEL|0.0
P16234|Q6P4F7_SPATSCELT|0.0
P16234|Q6P4F7_SCELTPSNL|0.0
P16234|Q6P4F7_NKHNSNITS|0.0
P16234|Q6P4F7_SNITSSPLS|0.0
P16234|Q6P4F7_QKAFSESGS|0.0
P16234|Q6P4F7_AFSESGSNL|0.0
P16234|Q6P4F7_QRQSSVTNV|0.0
P16234|Q6P4F7_EKCFSERDF|0.0
P16234|Q6P4F7_KQEFSSDEE|0.0
P16234|Q6P4F7_QEFSSDEEI|0.0
P16234|Q6P4F7_KKQQSPKDK|0.0
P16234|Q6P4F7_AKQQSLETC|0.0
P16234|Q6P4F7_EKTVSESSQ|0.0
P16234|Q6P4F7_IKVKSPLKF|0.0
P16234|Q6P4F7_KFQRTPVRQ|0.0
P16234|Q6P4F7_HKLASLGDT|0.0
P16234|Q6P4F7_VKSVSCDGA|0.0
P16234|Q6P4F7_GALSSCIES|0.0
P16234|Q6P4F7_SCIESASKD|0.0
P16234|Q6P4F7_ASKDSSVSC|0.0
P16234|Q6P4F7_IGAISKSSM|0.0
P16234|Q6P4F7_MELPSKSFL|0.0
P16234|Q6P4F7_KHPDSVNAS|0.0
P16234|Q6P4F7_SVNASLRST|0.0
P16234|Q6P4F7_GRAWYKGSP|0.0
P16234|Q8IWW6_SKAFYVPAQ|0.319
P16234|Q8IWW6_VPAQYVKEV|0.0
P16234|Q8IWW6_KIMQSLHLQ|0.0
P16234|Q8IWW6_SQNRTRSFG|0.0
P16234|Q8IWW6_SQEQSCDSA|0.0
P16234|Q8IWW6_AGEGSERIH|0.0
P16234|Q8IWW6_ELSSSSTEQ|0.0
P16234|Q8IWW6_SSSSTEQIR|0.0
P16234|Q8IWW6_ERGHTLYTS|0.016
P16234|Q8IWW6_GHTLYTSDY|0.008
P16234|Q8IWW6_HTLYTSDYT|0.0
P16234|Q8IWW6_TLYTSDYTN|0.411
P16234|Q8IWW6_YTSDYTNEK|0.523
P16234|Q8IWW6_TSDYTNEKW|0.001
P16234|Q8IWW6_QGRQYYYSA|0.244
P16234|Q8IWW6_GRQYYYSAD|0.158
P16234|Q8IWW6_RQYYYSADG|0.407
P16234|Q8IWW6_KWRHSTIVL|0.0
P16234|Q8IWW6_SSPSSPKHQ|0.0
P16234|Q8IWW6_IEMASKDKS|0.0
P16234|Q8IWW6_KKLRSFKVS|0.0
P16234|Q8IWW6_FKVSSIDSS|0.0
P16234|Q8IWW6_SIDSSEQKK|0.001
P16234|Q8IWW6_TRRPTLQAV|0.0
P16234|Q8IWW6_IDGIYRVSG|0.0
P16234|Q8IWW6_IYRVSGNLA|0.009
P16234|Q8IWW6-2_KWRHSTIVL|0.0
P16234|Q8IWW6-3_TRDASISKG|0.0
P16234|Q8IWW6-3_SSPSSPKHQ|0.0
P16234|Q7Z6B7_QIGRSGDPV|0.0
P16234|Q7Z6B7_LMLRYQQLQ|0.0
P16234|Q7Z6B7_KLREYLEGS|0.0
P16234|Q7Z6B7_SNLITKLQA|0.0
P16234|Q7Z6B7_HRAEYMTTR|0.44
P16234|Q7Z6B7_KHRKSRPRS|0.0
P16234|Q7Z6B7_SRPRSQYNT|0.093
P16234|Q7Z6B7_PRSQYNTKL|0.232
P16234|Q7Z6B7_SQYNTKLFN|0.0
P16234|Q7Z6B7_GDLETFVKD|0.0
P16234|Q7Z6B7_DGPVYEKCM|0.0
P16234|Q7Z6B7_AGDDYCDSP|0.295
P16234|Q7Z6B7_CDSPYSEHG|0.0
P16234|Q7Z6B7_TEPHTSEDE|0.0
P16234|Q7Z6B7_EPHTSEDEC|0.0
P16234|Q7Z6B7_KKGASLLLY|0.001
P16234|Q7Z6B7_SLLLYHRAS|0.0
P16234|Q7Z6B7_SRHDSLKKI|0.001
P16234|Q7Z6B7_RRSTSSGQY|0.0
P16234|Q7Z6B7_RSTSSGQYT|0.0
P16234|Q7Z6B7_VVLDTLEQV|0.0
P16234|Q7Z6B7_QIRRSTSSS|0.0
P16234|O43295_IIAEYEAQI|0.312
P16234|O43295_IELEYSRSL|0.078
P16234|O43295_SKIRSSREH|0.0
P16234|O43295_LLKVTNELY|0.0
P16234|O43295_TNELYTVMK|0.559
P16234|O43295_QRRSSVKKI|0.0
P16234|O43295_LLMRYHQLQ|0.0
P16234|O43295_QDMLTVEDF|0.003
P16234|O43295_DFDVSDAFQ|0.0
P16234|O43295_QHSRSTESV|0.0
P16234|O43295_ESVKSAASE|0.0
P16234|O43295_KFKEYVNGS|0.0
P16234|O43295_PRPLSVYSH|0.022
P16234|O43295_AKFDYMGRS|0.0
P16234|O43295_YMGRSPREL|0.001
P16234|O43295_PRELSFKKG|0.0
P16234|O43295_KKGASLLLY|0.318
P16234|O43295_HISDYGFGG|0.273
P16234|O43295_PRRRSGGDT|0.0
P16234|O43295_GDTHSPPRG|0.0
P16234|O43295_ACPSSPHKI|0.012
P16234|O43295_GRIESPEKR|0.0
P16234|O43295_ATFGSAGSI|0.0
P16234|O43295_GSAGSINYP|0.0
P16234|O43295_TRHSSLGDH|0.001
P16234|O43295_GDHKSLEAE|0.0
P16234|O43295_ERQNTVKQA|0.0
P16234|O43295_SEPASPLHT|0.0
P16234|O43295_RRSSSSSTE|0.0
P16234|O43295_HRSSSSSSS|0.0
P16234|O43295_RSSSSSSSG|0.0
P16234|O43295_SGVGSPAVT|0.0
P16234|O43295_SPAVTPTEK|0.0
P16234|O43295_FPNSSADKS|0.293
P16234|O43295_DKSGTM___|0.0
P16234|Q53QZ3_KSTNSDTSV|0.0
P16234|Q53QZ3_TSVETLNST|0.015
P16234|Q53QZ3_HDRLSQSKS|0.0
P16234|Q53QZ3_RRNHSQHIL|0.0
P16234|Q53QZ3_IVLSSRRIE|0.0
P16234|Q53QZ3_KIQRSSSTE|0.0
P16234|Q53QZ3_IQRSSSTEL|0.0
P16234|Q53QZ3_QRSSSTELL|0.0
P16234|Q53QZ3_RSSSTELLS|0.0
P16234|Q53QZ3_TELLSHYDS|0.0
P16234|Q53QZ3_LLSHYDSDI|0.127
P16234|Q53QZ3_SHYDSDIKE|0.0
P16234|Q53QZ3_EHRKSLMFR|0.0
P16234|Q53QZ3_RLHHSASDT|0.0
P16234|Q53QZ3_HHSASDTSD|0.0
P16234|Q53QZ3_KKFITRRPS|0.034
P16234|Q53QZ3_TRRPSLKTL|0.0
P16234|Q53QZ3_GNLATIQKL|0.0
P16234|Q53QZ3_NLDDSQWED|0.0
P16234|Q68EM7_KLPLTALAQ|0.0
P16234|Q68EM7_MQEASTQLE|0.0
P16234|Q68EM7_QEASTQLED|0.0
P16234|Q68EM7_VDPLYGIAE|0.0
P16234|Q68EM7_AHKSSGTNF|0.0
P16234|Q68EM7_LDEFYSDPH|0.03
P16234|Q68EM7_VNFRYLIKF|0.246
P16234|Q68EM7_NDSDSGTLE|0.0
P16234|Q68EM7_VKKESFGVK|0.0
P16234|Q68EM7_RKHISPAFQ|0.0
P16234|Q68EM7_GTVPSSAGI|0.0
P16234|Q68EM7_GRNNSQIAS|0.0
P16234|Q68EM7_SQIASGQNQ|0.0
P16234|Q68EM7_AAAGSHQLS|0.0
P16234|Q68EM7_SHQLSMGQP|0.0
P16234|Q68EM7_PSPHTLRRA|0.0
P16234|Q68EM7_PPSLSPKPP|0.0
P16234|Q68EM7_PSQLSAPRR|0.0
P16234|Q68EM7_RRYSSSLSP|0.0
P16234|Q68EM7_RYSSSLSPI|0.0
P16234|Q68EM7_SSSLSPIQA|0.0
P16234|Q68EM7_LEQPSHTPP|0.0
P16234|Q68EM7_QPSHTPPQT|0.0
P16234|Q68EM7_TPPQTPTPP|0.0
P16234|Q68EM7_PQTPTPPST|0.0
P16234|Q68EM7_PTPPSTPPL|0.0
P16234|Q68EM7_TPPSTPPLG|0.0
P16234|Q68EM7_PHAGTLPRP|0.0
P16234|Q68EM7_RNRPSVPPP|0.0
P16234|Q68EM7_PEMHSDSAS|0.0
P16234|Q68EM7-2_KRPASMAVM|0.0
P16234|Q8N392____MSWLSS|0.0
P16234|Q8N392_GEEATSSRR|0.0
P16234|Q8N392_RYGQYTMNQ|0.334
P16234|Q8N392_PFDRSISQD|0.0
P16234|Q8N392_SSENSQEDQ|0.0
P16234|Q8N392_DDEASNLVG|0.0
P16234|Q8N392_GDDATLPSF|0.0
P16234|Q8N392_QNLPTKKQQ|0.0
P16234|Q8N392_APHLSKVSM|0.0
P16234|Q14CB8_RSLMSLKRK|0.001
P16234|Q14CB8_ARLHYLGSR|0.04
P16234|Q14CB8_HYLGSRTQA|0.003
P16234|Q14CB8_CHTKSFQLA|0.0
P16234|Q14CB8_QLAKSQKRN|0.0
P16234|Q14CB8_NRVDSCPHQ|0.0
P16234|Q14CB8_DMPESAKKK|0.0
P16234|Q14CB8_KRARSRSFS|0.0
P16234|Q14CB8_SRSFSGLIK|0.0
P16234|Q14CB8_KKNPTPESV|0.0
P16234|Q14CB8_SPAVTMTPT|0.0
P16234|P15882_PRRITCTCE|0.068
P16234|P15882_RITCTCEVE|0.001
P16234|P15882_NRPKYYGRE|0.429
P16234|P15882_RPKYYGREF|0.299
P16234|P15882_FGSQTRNFR|0.0
P16234|P15882_INPIYEHVG|0.178
P16234|P15882_EHVGYTTLN|0.447
P16234|P15882_HVGYTTLNR|0.434
P16234|P15882_VGYTTLNRE|0.055
P16234|P15882_REPAYKKHM|0.608
P16234|P15882_EKRLTSLVR|0.051
P16234|P15882_KRLTSLVRR|0.072
P16234|P15882_KKVYSCDLT|0.4
P16234|P15882_KADISVNMY|0.388
P16234|P15882_SVNMYEDIN|0.515
P16234|P15882_INIITGALK|0.458
P16234|P15882_ALKLYFRDL|0.289
P16234|Q9P2F6_QPGRSSSLT|0.0
P16234|Q9P2F6_GRSSSLTGV|0.0
P16234|Q9P2F6_SSSLTGVSR|0.0
P16234|Q9P2F6_ERRRSAPSL|0.0
P16234|Q9P2F6_SERDYQLWV|0.469
P16234|Q9P2F6_LWVNSGKEE|0.0
P16234|Q9P2F6_SALLTPGSK|0.0
P16234|Q9P2F6_ILKPSRLAA|0.391
P16234|Q9P2F6_KRRRSIINW|0.0
P16234|Q9P2F6_RPLESKPVN|0.059
P16234|Q9P2F6_HRRCSEPSI|0.0
P16234|Q9P2F6_LRKSSCDAI|0.0
P16234|Q9P2F6_REDLSPDFS|0.0
P16234|Q5T5U3_RTGLSEGDG|0.0
P16234|Q5T5U3_GFGFTLRHF|0.0
P16234|Q5T5U3_SKQQTSTPV|0.0
P16234|Q5T5U3_KQQTSTPVL|0.0
P16234|Q5T5U3_QQTSTPVLT|0.0
P16234|Q5T5U3_PGRAYRMEI|0.0
P16234|Q5T5U3_QVPPSPTDV|0.0
P16234|Q5T5U3_PPSPTDVAK|0.004
P16234|Q5T5U3_AGSRSLEPS|0.0
P16234|Q5T5U3_KSGNYSGHS|0.0
P16234|Q5T5U3_SGNYSGHSD|0.0
P16234|Q5T5U3_VNHYSPNSH|0.006
P16234|Q5T5U3_NYKTYKEYI|0.403
P16234|Q5T5U3_TYKEYIDNR|0.417
P16234|Q5T5U3_SQSTTDYNQ|0.415
P16234|Q5T5U3_STTDYNQVV|0.489
P16234|Q5T5U3_GRRRSTSHD|0.0
P16234|Q5T5U3_RRRSTSHDR|0.0
P16234|Q5T5U3_RRSTSHDRV|0.0
P16234|Q5T5U3_IRQRSVSQE|0.0
P16234|Q5T5U3_VLMKYCPRS|0.008
P16234|Q5T5U3_PRSASQGAL|0.0
P16234|Q5T5U3_QGALTSPSV|0.0
P16234|Q5T5U3_LTSPSVSFS|0.0
P16234|Q5T5U3_SPSVSFSNH|0.0
P16234|Q5T5U3_SVSFSNHRT|0.0
P16234|Q5T5U3_SNHRTRSWD|0.0
P16234|Q5T5U3_EIHKSFRGS|0.0
P16234|Q5T5U3_TVAPSVVNS|0.0
P16234|Q5T5U3_TCGMSLPRG|0.0
P16234|Q5T5U3_LHQNSLLNQ|0.125
P16234|Q5T5U3_VRTDSAPDQ|0.0
P16234|Q5T5U3_ETGKSPSLS|0.0
P16234|Q5T5U3_GKSPSLSGA|0.0
P16234|Q5T5U3_EKPPSGRQT|0.0
P16234|Q5T5U3_LRHQSYILA|0.0
P16234|Q5T5U3_HDHESVGPP|0.308
P16234|Q5T5U3_KTERSKSYD|0.035
P16234|Q5T5U3_GLDDYREDA|0.001
P16234|Q5T5U3_DAKLSFKHV|0.0
P16234|Q5T5U3_KIADSQKSS|0.0
P16234|Q5T5U3_SSEDSGSRK|0.0
P16234|Q5T5U3_KDSSSEVFS|0.0
P16234|Q5T5U3_SEVFSDAAK|0.0
P16234|Q5T5U3_KREQTTPSE|0.0
P16234|Q5T5U3_QTTPSEEEQ|0.0
P16234|Q5T5U3_TPRQSLSIR|0.0
P16234|Q5T5U3_RQSLSIRQT|0.0
P16234|Q5T5U3_PKTQSPHSP|0.0
P16234|Q5T5U3_QSPHSPKEE|0.0
P16234|Q5T5U3_PKEESERKL|0.0
P16234|Q5T5U3_KGIPSIMRK|0.0
P16234|Q5T5U3_IMRKTFEKK|0.0
P16234|Q5T5U3_EKKPTATGT|0.001
P16234|Q5T5U3_KPTATGTFG|0.0
P16234|Q5T5U3_TATGTFGVR|0.0
P16234|Q5T5U3_NIGRTGVSP|0.0
P16234|Q5T5U3_KSKGSWGSG|0.0
P16234|Q5T5U3_GKDQYSREL|0.002
P16234|Q5T5U3_LLVSSIFAA|0.0
P16234|Q5T5U3_DEKISLGKE|0.0
P16234|Q5T5U3_LGKESTPSE|0.0
P16234|Q5T5U3_GKESTPSEE|0.0
P16234|Q5T5U3_PPHNSKHNK|0.0
P16234|Q5T5U3_KHNKSPTLS|0.0
P16234|Q5T5U3_SPTLSCRFA|0.0
P16234|Q5T5U3_ESPRSLLAQ|0.0
P16234|Q5T5U3_LARFSMKKS|0.0
P16234|Q5T5U3_SMKKSTSPE|0.0
P16234|Q5T5U3_DDERSELIS|0.0
P16234|Q5T5U3_SELISEGRP|0.0
P16234|Q5T5U3_GSELSCTEG|0.0
P16234|Q5T5U3_CTEGSLTSS|0.0
P16234|Q5T5U3_SLTSSLDSR|0.0
P16234|Q5T5U3_SSLDSRRQL|0.0
P16234|Q5T5U3_IECDTLSRK|0.0
P16234|Q5T5U3_SRKKSARFK|0.0
P16234|Q5T5U3_ARFKSDSGS|0.0
P16234|Q5T5U3_SDSGSLGDA|0.0
P16234|Q5T5U3_GSLLTPTRG|0.0
P16234|Q5T5U3_AKRKSIRRR|0.0
P16234|Q5T5U3_RRRHTLGGH|0.0
P16234|Q5T5U3_KPKCSAQDL|0.0
P16234|Q5T5U3_LRTSTSDLS|0.0
P16234|Q7Z5H3_RRARSKSLV|0.0
P16234|Q7Z5H3_DLQDSFDCG|0.0
P16234|Q7Z5H3_LFDSTTDVH|0.0
P16234|Q7Z5H3_VNKMSVQNL|0.0
P16234|Q7Z5H3_QNLATVFGP|0.0
P16234|Q7Z5H3_IRKHSQLFT|0.0
P16234|Q7Z5H3_VGWGSEEVT|0.0
P16234|Q7Z5H3_KKVQTLPSW|0.0
P16234|Q7Z5H3_PRSLSGSPK|0.0
P16234|Q7Z5H3_NGLSSLRGH|0.0
P16234|Q7Z5H3_RRASSGDRL|0.0
P16234|Q7Z5H3_SEPDSPTRE|0.0
P16234|Q7Z5H3_RKRMSRLEE|0.0
P16234|Q7Z5H3_EKKKYIMLE|0.209
P16234|Q7Z5H3-5_PTASSKRRT|0.933
P16234|Q9P227_PSPRYRLEP|0.314
P16234|Q9P227_LQLAYSQDA|0.325
P16234|Q9P227_QLAYSQDAY|0.0
P16234|Q9P227_GEARSIPEP|0.0
P16234|Q9P227_VPEPTSALP|0.0
P16234|Q9P227_PEPTSALPS|0.0
P16234|Q9P227_SALPSDPRS|0.0
P16234|Q9P227_SDPRSPAAW|0.0
P16234|Q9P227_PAAWSDPGL|0.0
P16234|Q9P227_FPHLSSEPR|0.0
P16234|Q9P227_PHLSSEPRT|0.0
P16234|Q9P227_SEPRTPRAF|0.009
P16234|Q9P227_ARSASQDRL|0.0
P16234|Q9P227_PCSTSQDAL|0.164
P16234|Q9P227_HRARSDDYL|0.065
P16234|Q9P227_LHALSFRDS|0.314
P16234|Q9P227_FGDESPEPE|0.0
P16234|Q9P227_DEPTSPSID|0.0
P16234|Q9P227_GRHYSQDCS|0.009
P16234|Q9P227_SQDCSSIKA|0.0
P16234|Q9P227_AGRRSSYLL|0.0
P16234|Q9P227_GRRSSYLLA|0.0
P16234|Q9P227_RRSSYLLAI|0.383
P16234|Q9P227_LLAITTERS|0.0
P16234|Q9P227_TTERSKSCD|0.0
P16234|Q9P227_ERSKSCDDG|0.0
P16234|Q9P227_RSFFTDGSL|0.0
P16234|Q9P227_FTDGSLDSW|0.008
P16234|Q9P227_GSLDSWGTS|0.0
P16234|Q9P227_ADAPSKRHS|0.0
P16234|Q9P227_TSDLSDATF|0.0
P16234|Q9P227_DATFSDIRR|0.0
P16234|Q9P227_LRARSLSLS|0.0
P16234|Q9P227_VCIGSCLVD|0.0
P16234|Q9P227_PKADSSPKG|0.0
P16234|Q9P227_KGERTPVGD|0.0
P16234|Q9P227_PNIEYLLPN|0.469
P16234|Q9P227_NIGRTVPPG|0.0
P16234|Q9P227_GDPGSDSTT|0.0
P16234|Q9P227_GSDSTTCSS|0.0
P16234|Q9P227_SDSTTCSSA|0.0
P16234|Q9P227_STTCSSAKS|0.0
P16234|Q9P227_TTCSSAKSK|0.013
P16234|Q9P227_LGSSTDDDS|0.0
P16234|Q9P227_PGRLSPPAA|0.0
P16234|Q9P227_PAADTRSIV|0.0
P16234|Q9P227_TRRPSFSSH|0.0
P16234|Q9P227_RPSFSSHHL|0.0
P16234|Q9P227_PSFSSHHLM|0.0
P16234|Q9P227_MPCDTLARR|0.0
P16234|Q9P227_RRPLSPETR|0.0
P16234|Q9P227_LSPETRRRR|0.0
P16234|Q9P227_VVVQSPLTD|0.0
P16234|Q9P227_DSGLSSLES|0.0
P16234|Q9P227_SGLSSLEST|0.0
P16234|Q9P227_SSLESTKAR|0.0
P16234|Q9P227_SLESTKARA|0.0
P16234|Q9P227_ARAPSSAAS|0.0
P16234|Q9P227_RAPSSAASQ|0.0
P16234|Q9P227_PPRRSAASR|0.012
P16234|Q8N264_KPLGTIFLP|0.001
P16234|Q8N264_QKKATMGQL|0.009
P16234|Q8N264_NTKDSPSRQ|0.0
P16234|Q8N264_KDSPSRQCS|0.0
P16234|Q8N264_SPQRSSMNN|0.166
P16234|Q8N264_NGSPTALSG|0.0
P16234|Q8N264_ALSGSKTNS|0.088
P16234|Q8N264_SPKNSVHKL|0.038
P16234|Q8N264_RRSSSLKVS|0.0
P16234|Q8N264_LPNGYVTLR|0.413
P16234|Q8N264_SSRATSSSD|0.0
P16234|Q8N264_ATSSSDNSE|0.0
P16234|Q8N264_EQFFSTFGE|0.002
P16234|Q8N264_QFFSTFGEL|0.0
P16234|P42331_ARSRSVMTG|0.0
P16234|P42331_FDRDTDVHT|0.0
P16234|P42331_HTVASLLKL|0.0
P16234|P42331_VARSSVGWD|0.0
P16234|P42331_DLRISRTDS|0.0
P16234|P42331_RISRTDSFS|0.0
P16234|P42331_TDSFSSMTS|0.0
P16234|P42331_DSFSSMTSD|0.0
P16234|P42331_FSSMTSDSD|0.0
P16234|P42331_SSMTSDSDT|0.0
P16234|P42331_WKMQSRKRT|0.0
P16234|P42331_KRTQTLPNR|0.001
P16234|P42331_NEFWSPSSE|0.0
P16234|P42331_GHRRTMSQD|0.0
P16234|P42331_RRTMSQDLR|0.0
P16234|P42331_LRQLSDSQR|0.0
P16234|P42331_DSQRTSTYD|0.012
P16234|P42331_DNVPSLPGS|0.0
P16234|P42331_SLPGSPGEE|0.0
P16234|P42331_GEEASALSS|0.0
P16234|P42331_ASALSSQAC|0.0
P16234|P42331_DTLASPNSE|0.0
P16234|P42331_GKKNSGEEE|0.0
P16234|P42331_QKQMYEEQI|0.0
P16234|P42331_EKENYDVWA|0.065
P16234|Q9UNA1_TRRKTDSIE|0.0
P16234|Q9UNA1_REPVYNSNK|0.044
P16234|Q9UNA1_PVYNSNKDS|0.184
P16234|Q9UNA1_HAVETRGIN|0.0
P16234|Q9UNA1_QKLLSVLMD|0.0
P16234|Q9UNA1_ALKTYLRML|0.183
P16234|Q9UNA1_PLMMYQFQR|0.352
P16234|Q9UNA1_QNLMTVANL|0.0
P16234|Q9UNA1_KIFNTVPDM|0.0
P16234|Q9UNA1_QLHLSRKKS|0.0
P16234|Q9UNA1_RKKSSDSKP|0.0
P16234|Q9UNA1_PPSCSERPL|0.008
P16234|Q9UNA1_HTVQSTEKQ|0.0
P16234|Q9UNA1-2_FSAPSSPMP|0.0
P16234|Q9UNA1-2_SAPSSPMPT|0.0
P16234|Q6ZUM4_LLRRSTEHW|0.0
P16234|Q6ZUM4_GPHPSPAAP|0.0
P16234|Q6ZUM4_RGAATQRSS|0.0
P16234|Q6ZUM4_RPAQSLNDL|0.0
P16234|Q6ZUM4_FKACSVAGS|0.0
P16234|Q6ZUM4_KQMLYTNHF|0.175
P16234|Q6ZUM4_PAPRSIHKS|0.0
P16234|Q6ZUM4_SIHKSSQDG|0.0
P16234|Q6ZUM4_IHKSSQDGD|0.0
P16234|Q6ZUM4_QDGDTPAQA|0.0
P16234|Q6ZUM4_DEVGSWEEV|0.0
P16234|Q6ZUM4_WEEVSPATA|0.0
P16234|Q6ZUM4_KDKSSRKNV|0.0
P16234|Q6ZUM4_VDFGSSERL|0.0
P16234|Q6ZUM4_DFGSSERLG|0.0
P16234|Q6ZUM4_ERLGSWQEK|0.0
P16234|Q6ZUM4_QRRPTLQSL|0.0
P16234|Q6ZUM4_PTLQSLREK|0.0
P16234|Q6ZUM4_PNHDTLRML|0.099
P16234|Q9P2N2_RAAASHPLS|0.0
P16234|Q9P2N2_NRMLSNESL|0.0
P16234|Q9P2N2_PPAFSRSNS|0.0
P16234|Q9P2N2_SRSNSEASV|0.0
P16234|Q9P2N2_KALLSTLTR|0.001
P16234|Q9P2N2_ALLSTLTRT|0.0
P16234|Q9P2N2_IFGVSESPP|0.0
P16234|Q9P2N2_GVSESPPRD|0.0
P16234|Q9P2N2_KTSGSMPDD|0.0
P16234|Q9P2N2_KKEDYVLTK|0.38
P16234|Q9P2N2_DYVLTKFNV|0.114
P16234|Q9P2N2_IRHLSLIEL|0.0
P16234|Q9P2N2_LIELTAFFD|0.0
P16234|Q9P2N2_IFRLSGCTA|0.0
P16234|Q9P2N2_QALMTFFNK|0.0
P16234|Q9P2N2_KHSDYEELL|0.366
P16234|Q9P2N2_MNEATMLLK|0.0
P16234|Q9P2N2_ARRMSDVPE|0.0
P16234|Q9P2N2_NSHGSSECI|0.0
P16234|Q52LW3_SGQLSTDIT|0.0
P16234|Q52LW3_GQLSTDITT|0.0
P16234|Q52LW3_KSLSSNSIF|0.0
P16234|Q52LW3_QNLNSVDLQ|0.0
P16234|Q52LW3_VSRETKSFE|0.0
P16234|Q52LW3_SVDSSSEKG|0.0
P16234|Q52LW3_VDSSSEKGN|0.0
P16234|Q52LW3_SYAKTWSKY|0.0
P16234|Q52LW3_EEHLSSSGG|0.0
P16234|Q52LW3_EHLSSSGGL|0.0
P16234|Q52LW3_HLSSSGGLA|0.0
P16234|Q52LW3_PGQEYSEFV|0.0
P16234|Q52LW3_SSQPSGFGP|0.0
P16234|Q52LW3_RCSNSADIT|0.0
P16234|Q52LW3_ITGPSFIRS|0.0
P16234|Q52LW3_IRSWTFGMF|0.0
P16234|Q52LW3_MFSDSESTG|0.0
P16234|Q52LW3_SDSESTGGS|0.0
P16234|Q52LW3_DSESTGGSS|0.0
P16234|Q52LW3_STGGSSESR|0.0
P16234|Q52LW3_SESRSLDSE|0.0
P16234|Q52LW3_LDSESISPG|0.0
P16234|Q52LW3_KLPRTPSSG|0.0
P16234|Q52LW3_PRTPSSGTM|0.0
P16234|Q52LW3_REPPSPSET|0.0
P16234|Q52LW3_PPSPSETGP|0.0
P16234|Q52LW3_TGPNSLGTF|0.0
P16234|Q52LW3_IFDGSLQPQ|0.0
P16234|Q52LW3_SLFFSSKED|0.0
P16234|Q52LW3_FERATSFEE|0.0
P16234|Q52LW3_PKPLSLKSD|0.0
P16234|Q52LW3_VERHTPRTK|0.0
P16234|Q52LW3_QDKQYEQNS|0.0
P16234|Q52LW3_YEQNSLTAK|0.0
P16234|Q52LW3_VREASERRS|0.0
P16234|Q52LW3_ERRSSDSYP|0.001
P16234|Q52LW3_EKPASPSAA|0.0
P16234|Q52LW3_PASPSAAVP|0.0
P16234|P52757_SLSGSSVSS|0.0
P16234|P52757_EHIGYATLL|0.487
P16234|P52757_IGYATLLRE|0.546
P16234|P52757_REKVSRRLS|0.0
P16234|P52757_RLSRSKNEP|0.435
P16234|P52757_VEKISSLVR|0.0
P16234|P52757_INIITGALK|0.554
P16234|Q7Z6I6_RASGSPEDL|0.0
P16234|Q7Z6I6_QMRPYHTII|0.206
P16234|Q7Z6I6_KRKGSLKVR|0.0
P16234|Q7Z6I6_RKWRSIFNL|0.0
P16234|Q7Z6I6_SGHETKRKL|0.0
P16234|Q7Z6I6_SNKGTLRPA|0.0
P16234|Q7Z6I6_RPAKSMDSL|0.0
P16234|Q7Z6I6_KSMDSLSAA|0.0
P16234|Q7Z6I6_GGTNSEPGT|0.0
P16234|Q7Z6I6_SEPGTPRAG|0.0
P16234|Q7Z6I6_RAGRSAIRA|0.0
P16234|Q7Z6I6_RAGGSSRAE|0.0
P16234|Q7Z6I6_AGGSSRAER|0.0
P16234|Q7Z6I6_GVHISDPYN|0.0
P16234|Q7Z6I6_YDDLSPLLG|0.0
P16234|Q7Z6I6_EAEGSPETK|0.0
P16234|Q7Z6I6_LREGSREET|0.0
P16234|Q7Z6I6_GGDEYTDEK|0.257
P16234|Q7Z6I6_KERESGDGE|0.003
P16234|Q7Z6I6_EDTLSEGSG|0.0
P16234|Q7Z6I6_LSEGSGVAS|0.0
P16234|Q7Z6I6_RLASTLVQV|0.0
P16234|Q7Z6I6_GVRRTQTCT|0.001
P16234|Q7Z6I6_RRTQTCTEG|0.0
P16234|Q7Z6I6_TQTCTEGGD|0.0
P16234|Q7Z6I6_ISAHSPRPL|0.0
P16234|Q7Z6I6_PLLSSQRRS|0.0
P16234|Q7Z6I6_SQRRSYAFE|0.0
P16234|A7KAX9_SSVHSEEDD|0.0
P16234|A7KAX9_PGDLTLKTC|0.0
P16234|A7KAX9_DRRFSQLSE|0.24
P16234|A7KAX9_ELPRSDTLK|0.04
P16234|A7KAX9_YCSITNMHA|0.494
P16234|A7KAX9_SGRISMAMQ|0.0
P16234|A7KAX9_SRPKSLLVS|0.0
P16234|A7KAX9_SLLVSSPST|0.0
P16234|A7KAX9_LLVSSPSTK|0.0
P16234|A7KAX9_VSSPSTKLL|0.0
P16234|A7KAX9_AQVNSPIVT|0.0
P16234|A7KAX9_TENKYIEVG|0.299
P16234|A7KAX9_KMKKSPVGS|0.004
P16234|A7KAX9_SPVGSWRSF|0.003
P16234|A7KAX9_GSWRSFFNL|0.036
P16234|A7KAX9_QRNESEPSE|0.0
P16234|A7KAX9_GTLRSAKSE|0.0
P16234|A7KAX9_KSEESLTSL|0.0
P16234|A7KAX9_ESLTSLHAV|0.0
P16234|A7KAX9_RRPRSSSDA|0.002
P16234|A7KAX9_RPRSSSDAL|0.118
P16234|A7KAX9_PRSSSDALS|0.0
P16234|A7KAX9_SDALSASFN|0.0
P16234|A7KAX9_ALSASFNGE|0.0
P16234|A7KAX9_NRCNSYDNL|0.371
P16234|A7KAX9_SFLDSPGYS|0.0
P16234|A7KAX9_SQCQTPGST|0.026
P16234|A7KAX9_SEPVSPLQE|0.0
P16234|A7KAX9_QEKLSPFFT|0.001
P16234|A7KAX9_TLDLSPTED|0.0
P16234|A7KAX9_EKVVYAFSP|0.293
P16234|A7KAX9_KLSKSPSMS|0.0
P16234|A7KAX9_SKSPSMSIS|0.0
P16234|A7KAX9_ERDATNRSP|0.002
P16234|A7KAX9_SQAGYTNYG|0.021
P16234|A7KAX9_LSSSYSAVA|0.106
P16234|A7KAX9_LDKAYFQTD|0.383
P16234|A7KAX9_DDHVSFPED|0.0
P16234|A7KAX9_DQPPSYLGA|0.341
P16234|A7KAX9_QPPSYLGAS|0.122
P16234|A7KAX9_YLGASVDKL|0.101
P16234|A7KAX9_FADKSPTPP|0.0
P16234|A7KAX9_DKSPTPPNL|0.0
P16234|A7KAX9_PPPPSQRSA|0.272
P16234|A7KAX9_PSQRSAEQP|0.338
P16234|A7KAX9_LRAESVPAH|0.0
P16234|A7KAX9_SADATSSSN|0.0
P16234|A7KAX9_SSSNYHSFV|0.0
P16234|A7KAX9_HSFVTASST|0.0
P16234|A7KAX9_TASSTSVDD|0.0
P16234|A7KAX9_QKTVYSSFA|0.518
P16234|A7KAX9_QHQVYGARS|0.507
P16234|A7KAX9_MGLRYNTYV|0.433
P16234|A7KAX9_LRYNTYVAP|0.259
P16234|A7KAX9_RYNTYVAPG|0.419
P16234|A7KAX9_SRVEYVSSL|0.411
P16234|A7KAX9_DIPPYPTIR|0.006
P16234|A7KAX9_PPYPTIRRV|0.0
P16234|A7KAX9_RRVQSLHAP|0.0
P16234|A7KAX9_SMIRSVPIS|0.0
P16234|A7KAX9_SVPISRTEV|0.005
P16234|A7KAX9_DEPAYCPRP|0.419
P16234|A7KAX9_ARSDYHVTQ|0.011
P16234|A7KAX9_DYHVTQLQP|0.164
P16234|A7KAX9_RYSPYSSSS|0.463
P16234|A7KAX9_SSSSYYSPD|0.394
P16234|A7KAX9_DVDAYGTVQ|0.194
P16234|A7KAX9_LQGKSLYSY|0.035
P16234|A7KAX9_GKSLYSYAG|0.486
P16234|A7KAX9_KSLYSYAGL|0.133
P16234|A7KAX9_SLYSYAGLA|0.27
P16234|A7KAX9_NVTGYFSPN|0.385
P16234|A7KAX9_TGYFSPNDH|0.146
P16234|A7KAX9_VKHTYTSWD|0.42
P16234|A7KAX9_DMEKYRMQS|0.234
P16234|A7KAX9_YRMQSIRRE|0.0
P16234|A7KAX9_IRRESRARQ|0.0
P16234|A7KAX9_GPVMSQYDN|0.461
P16234|A7KAX9_VMSQYDNMT|0.03
P16234|A7KAX9_YDNMTPAVQ|0.423
P16234|A7KAX9_LGGIYVIHL|0.5
P16234|A7KAX9_LRSKSDPGK|0.0
P16234|A7KAX9_AKAISPEGE|0.0
P16234|A7KAX9_EDRFYRRHP|0.426
P16234|A7KAX9_PEKPSLPQK|0.0
P16234|A7KAX9_DMGCSLPEH|0.0
P16234|A7KAX9_HQEASHRQF|0.0
P16234|A7KAX9_NGPPYPQGA|0.381
P16234|A7KAX9_EPVSYHNSG|0.484
P16234|A7KAX9_SYHNSGVKY|0.175
P16234|A7KAX9_SGVKYAASG|0.209
P16234|A7KAX9_KYAASGQES|0.0
P16234|A7KAX9_SGQESLRLN|0.072
P16234|A7KAX9_VRQPSAPEK|0.006
P16234|A7KAX9_ERSHSLKLH|0.0
P16234|A7KAX9_PSVLYQYQP|0.518
P16234|A7KAX9_VLYQYQPHG|0.418
P16234|A7KAX9_VTVVSQYDN|0.069
P16234|A7KAX9_VVSQYDNLE|0.231
P16234|A7KAX9_NLEDYHSLP|0.296
P16234|A7KAX9_EDYHSLPQH|0.248
P16234|A7KAX9_GGMGTYVPP|0.037
P16234|A7KAX9_GMGTYVPPG|0.437
P16234|A7KAX9_PQSRTYATA|0.0
P16234|A7KAX9_QSRTYATAL|0.38
P16234|Q6ZRI8_ELTATMQVE|0.0
P16234|Q6ZRI8_VSVDSLAEL|0.0
P16234|Q6ZRI8_KHGLSAVGI|0.0
P16234|Q6ZRI8_TLEYSVQRV|0.0
P16234|Q6ZRI8_VWKSSPEAL|0.0
P16234|Q6ZRI8_SDEGSSEEP|0.0
P16234|Q6ZRI8_DEGSSEEPA|0.0
P16234|Q9C0H5_QTQDYECRS|0.262
P16234|Q9C0H5_RFYYYNAST|0.417
P16234|Q9C0H5_QNTESPRAS|0.0
P16234|Q9C0H5_SAESSPGRG|0.0
P16234|Q9C0H5_DYEIYRDYS|0.287
P16234|Q9C0H5_YRDYSADGQ|0.219
P16234|Q9C0H5_QLLHYRTSS|0.238
P16234|Q9C0H5_YRTSSLRWN|0.255
P16234|Q9C0H5_DREPSFLAA|0.001
P16234|Q9C0H5_SRRPSGSQH|0.0
P16234|Q9C0H5_GSQHSPSLQ|0.0
P16234|Q9C0H5_PSLQTFAPE|0.0
P16234|Q9C0H5_ERRPSPFLK|0.0
P16234|Q9C0H5_ELPGSSSPL|0.0
P16234|Q9C0H5_LPGSSSPLL|0.0
P16234|Q9C0H5_PRKPSGDSQ|0.0
P16234|Q9C0H5_PSGDSQPSS|0.0
P16234|Q9C0H5_SQPSSPRYG|0.0
P16234|Q9C0H5_QGPPSPCQQ|0.0
P16234|Q9C0H5_QLVLTKQKC|0.432
P16234|Q9C0H5_ERFLSLEYS|0.005
P16234|Q9C0H5_LSLEYSPAG|0.365
P16234|Q9C0H5_AGKEYVRQL|0.045
P16234|Q9C0H5_RQLVYVEQA|0.404
P16234|Q9C0H5_GGGSYSLQP|0.202
P16234|Q9C0H5_SLQPSPCLL|0.0
P16234|Q9C0H5_LGVKSGDYS|0.0
P16234|Q9C0H5_KSGDYSTME|0.473
P16234|Q9C0H5_SGDYSTMEG|0.332
P16234|Q9C0H5_GDYSTMEGP|0.0
P16234|Q9C0H5_STGYSPGTR|0.35
P16234|Q9C0H5_SGYESDGAL|0.003
P16234|Q9C0H5_WRRGTFEKL|0.0
P16234|Q9C0H5_TNLASPEPY|0.0
P16234|Q9C0H5_FPTFTLRKP|0.0
P16234|Q9C0H5_RRKVSIANM|0.0
P16234|Q9C0H5_NAVFSPSMF|0.0
P16234|Q9C0H5_VFSPSMFGS|0.0
P16234|Q9C0H5-2_AKYCYHKLQ|0.0
P16234|P98171_LQAEYETQV|0.0
P16234|P98171_GRLGSSREH|0.0
P16234|P98171_REHQSFRKE|0.0
P16234|P98171_AKKTYQAYH|0.405
P16234|P98171_RAGRSVPTT|0.0
P16234|P98171_RSVPTTTAG|0.0
P16234|P98171_VPTTTAGAT|0.0
P16234|P98171_LRKSSLKKG|0.0
P16234|P98171_QTIETEEVN|0.0
P16234|P98171_QTSPSTESL|0.0
P16234|P98171_KSTSSDPGS|0.0
P16234|P98171_EQEVSWTQY|0.0
P16234|P98171_SWTQYTQRK|0.0
P16234|P98171_QPRPSSQYN|0.0
P16234|P98171_PRPSSQYNQ|0.0
P16234|P98171_VLKLYFRSL|0.037
P16234|P98171_LYFRSLEPP|0.007
P16234|P98171_PGPVYEKCM|0.212
P16234|P98171_ESGSSPEGL|0.0
P16234|P98171_EPCTSPEAM|0.0
P16234|P98171_LGKTSVRQG|0.0
P16234|P98171_ASTTSPSPG|0.0
P16234|P98171_NKGFSRGPG|0.0
P16234|P98171_PASPSASHP|0.0
P16234|P98171_SPSASHPQG|0.0
P16234|P98171_GLDTTPKPH|0.0
P16234|Q5TG30_SGKMSSENG|0.0
P16234|Q5TG30_GKMSSENGD|0.0
P16234|Q5TG30_ENGDSGMKG|0.0
P16234|Q5TG30_VPLDSLLEA|0.0
P16234|A6NI28_ELERTNKFI|0.0
P16234|A6NI28_SEKYYSILE|0.0
P16234|A6NI28_IRRKTDSID|0.0
P16234|A6NI28_EPIYTLPAI|0.0
P16234|A6NI28_PQPQSRSGS|0.0
P16234|A6NI28_IESLSSHSS|0.0
P16234|A6NI28_LSSHSSEQN|0.0
P16234|A6NI28_LWTTSPESS|0.0
P16234|A6NI28_PYGLSGLKR|0.0
P16234|A6NI28_LKRASASSL|0.0
P16234|A6NI28_SSLRSISAA|0.0
P16234|A6NI28_LRSISAAEG|0.0
P16234|A6NI28_EGNKSYSGS|0.101
P16234|A6NI28_NKSYSGSIQ|0.163
P16234|A6NI28_SYSGSIQSL|0.041
P16234|A6NI28_TPKASPNPD|0.0
P16234|A6NI28_LRLDTASSN|0.0
P16234|A6NI28_LDTASSNGY|0.0
P16234|A6NI28_DTASSNGYQ|0.0
P16234|A6NI28_SSNGYQRPG|0.148
P16234|A6NI28_QRPGSVVAA|0.008
P16234|A6NI28_WLKATYEGK|0.0
P16234|Q13017_PRPPSYTIS|0.391
P16234|Q13017_SYTISIVGL|0.504
P16234|Q13017_IVGLSGTEK|0.0
P16234|Q13017_GLSGTEKDK|0.0
P16234|Q13017_IIAATKCDE|0.0
P16234|Q13017_DYHATWKTV|0.167
P16234|Q13017_PDRESLLLK|0.0
P16234|Q13017_YHDSTNIDK|0.167
P16234|Q13017_KRKASMGML|0.0
P16234|Q13017_MIENSYLSD|0.392
P16234|Q13017_NYPDSDDDT|0.406
P16234|Q13017_EGNEYPIHS|0.519
P16234|Q13017_PIHSTPNCH|0.14
P16234|Q13017_DMDPSDNYA|0.496
P16234|Q13017_PSDNYAEPI|0.632
P16234|Q13017_KQKGYSDEI|0.368
P16234|Q13017_QKGYSDEIY|0.13
P16234|Q13017_YKSKTLFSK|0.003
P16234|Q13017_YYRRTHSDA|0.226
P16234|Q13017_AFTTSKTKR|0.41
P16234|Q13017_SPVETWKGG|0.11
P16234|Q13017_LNRVSQQHK|0.225
P16234|O43182_RQTRSLDPA|0.0
P16234|O43182_LYSPSLPAE|0.005
P16234|O43182_LPAESLGPR|0.0
P16234|O43182_WDLPSVLAG|0.0
P16234|O43182_TSPNTPEPA|0.0
P16234|O43182_MSVDSITDL|0.0
P16234|O43182_ALQLSLPAE|0.0
P16234|O43182_DKKLSLNPI|0.0
P16234|O43182_LNPIYRQVP|0.0
P16234|O43182_RRKASQSSS|0.0
P16234|O43182_SQSSSPDML|0.0
P16234|O43182_STLKSGSKD|0.0
P16234|O43182_AHDLSESEL|0.0
P16234|P85298_VVTFSCCRM|0.0
P16234|P85298_EYLKYTLDQ|0.314
P16234|P85298_TLDQYVEND|0.361
P16234|P85298_VENDYTIVY|0.124
P16234|P85298_HEGRTPPPT|0.0
P16234|P85298_PPTKTPPPR|0.0
P16234|P85298_LFRRSASVQ|0.034
P16234|P85298_RRSASVQTV|0.0
P16234|P85298_RTQATGLTK|0.159
P16234|P85298_LTKPTLPPS|0.0
P16234|Q9BRR9_LGPRSPPRG|0.0
P16234|Q9BRR9_LFHGSLEEL|0.0
P16234|Q9BRR9_QALPSRAQA|0.0
P16234|Q9BRR9_RAQASSEQP|0.0
P16234|Q9BRR9_CRSVSTDNL|0.0
P16234|Q9BRR9_QEGPSGRSL|0.0
P16234|Q9BRR9_GRSLSQEDL|0.0
P16234|Q9BRR9_ASASTAGPQ|0.0
P16234|Q9BRR9_QPLMSEPPV|0.0
P16234|Q9BRR9_EPPVYCNLV|0.003
P16234|Q9BRR9_RCPRSPPPG|0.0
P16234|Q9BRR9_GRCFYINSL|0.081
P16234|Q9BRR9_KGFRSDTGT|0.0
P16234|Q9BRR9_SDTGTPEPL|0.0
P16234|Q9BRR9_SLSLSQRTS|0.0
P16234|Q9BRR9_FLLQSDHET|0.0
P16234|Q9BRR9_ELRLSGSGP|0.0
P16234|Q9BRR9_RLSGSGPAE|0.0
P16234|Q9BRR9_EEEESELVS|0.0
P16234|Q9BRR9_SELVSKPLL|0.001
P16234|Q9BRR9_LLRLSSRRS|0.0
P16234|Q9BRR9_LRLSSRRSS|0.0
P16234|Q9BRR9_SSRRSSIRG|0.0
P16234|Q92888_DFYHSFLEK|0.0
P16234|Q92888_GNRRSDEPA|0.0
P16234|Q92888_KKGLSSILD|0.0
P16234|Q92888_KGLSSILDA|0.0
P16234|Q92888_TPGVSLHPL|0.0
P16234|Q92888_LGDSSPQGP|0.0
P16234|Q92888_QESGYLIEE|0.117
P16234|Q92888_RLDLSHLRQ|0.0
P16234|Q92888_HLRQSSDPM|0.0
P16234|Q92888_LRQSSDPML|0.0
P16234|Q92888_EPLLSSSEN|0.0
P16234|Q92888_LLSSSENGN|0.0
P16234|Q92888_ERILSDLLP|0.0
P16234|Q92888_RKVLSLKQL|0.0
P16234|Q92888_ENLLSLEET|0.0
P16234|Q92888_QPGCT____|0.0
P16234|Q92888-3_STWSSPAEP|0.0
P16234|Q92888-4_STWSSPAEP|0.01
P16234|Q92888-4_HSCRSISHP|0.0
P16234|Q92888-4_CRSISHPEG|0.0
P16234|O15013_FDFDSGDEI|0.0
P16234|O15013_GAETTPVAE|0.0
P16234|O15013_EEAIYDDVP|0.327
P16234|O15013_KKQLSHDLT|0.0
P16234|O15013_KRGRSFIRT|0.0
P16234|O15013_EAILTPMPE|0.0
P16234|O15013_SVVDSEKNY|0.0
P16234|O15013_EKPLSEMEP|0.0
P16234|O15013_PKVLSERKL|0.012
P16234|O15013_INERYLNKL|0.0
P16234|O15013_KLLSSGSRY|0.0
P16234|O15013_SGSRYLIRS|0.0
P16234|O15013_DAIEYGSSA|0.0
P16234|O15013_TGEHSRHLA|0.0
P16234|O15013_PDPETPAVR|0.0
P16234|O15013_SQSLYAGLV|0.388
P16234|O15013_DKDKSRDSL|0.0
P16234|O15013_KSRDSLAPG|0.0
P16234|O15013_SGSLSLSHG|0.0
P16234|O15013_SLSLSHGSS|0.0
P16234|O15013_LSHGSSSLE|0.0
P16234|O15013_LEHRSEDST|0.0
P16234|O15013_DSTIYDLLK|0.472
P16234|O15013_KDPVSLRSK|0.0
P16234|Q9HCE6_EDVIYDDVP|0.228
P16234|Q9HCE6_VPCESPDAH|0.0
P16234|Q9HCE6_RNLLYEDAH|0.046
P16234|Q9HCE6_YSEDSGEEA|0.027
P16234|Q9HCE6_QPKLSPDLT|0.0
P16234|Q9HCE6_KAAKSGTKD|0.0
P16234|Q9HCE6_AKSGTKDGL|0.001
P16234|Q9HCE6_MRKVSFLHR|0.0
P16234|Q9HCE6_PEGLSPQQV|0.0
P16234|Q9HCE6_SDRSSLNKL|0.0
P16234|Q9HCE6_NKLLTSGQR|0.0
P16234|Q9HCE6_KLLTSGQRQ|0.0
P16234|Q9HCE6_LEISSLVPL|0.0
P16234|Q9HCE6_LIQHSGAKK|0.0
P16234|Q9HCE6_AKKASASGQ|0.0
P16234|Q9HCE6_SRALSLQLG|0.0
P16234|Q9HCE6_ILLQYRLRS|0.0
P16234|Q9HCE6_YRLRSTAHL|0.0
P16234|Q9HCE6_GPLLSMREP|0.0
P16234|Q9HCE6_SALGSSGRQ|0.0
P16234|O15085_DRLSSLSSL|0.0
P16234|O15085_PERKSPSHH|0.0
P16234|O15085_RKSPSHHRQ|0.0
P16234|O15085_PSDASETTG|0.0
P16234|O15085_DASETTGLV|0.0
P16234|O15085_ASETTGLVQ|0.0
P16234|O15085_SVIPSPPPP|0.0
P16234|O15085_EGRLSLDSQ|0.0
P16234|O15085_LSLDSQEGD|0.0
P16234|O15085_ERFPSLSES|0.0
P16234|O15085_MNRNSVLSD|0.0
P16234|O15085_RRQGSDAAV|0.0
P16234|O15085_KDSRSLGKD|0.0
P16234|O15085_RLRNSEDAR|0.0
P16234|O15085_HDYRTKRTL|0.0
P16234|O15085_LGLGSLYGE|0.0
P16234|O15085_TQRLSTGSF|0.0
P16234|O15085_QRLSTGSFP|0.0
P16234|O15085_LSTGSFPED|0.0
P16234|O15085_GRSESLKGR|0.0
P16234|O15085_NVPRSRSDV|0.0
P16234|O15085_RLHQSASSS|0.0
P16234|O15085_HQSASSSTS|0.0
P16234|O15085_QSASSSTSS|0.0
P16234|O15085_SASSSTSSL|0.0
P16234|O15085_ASSSTSSLS|0.0
P16234|O15085_SSSTSSLST|0.0
P16234|O15085_SSTSSLSTR|0.0
P16234|O15085_MGRRSIESP|0.0
P16234|O15085_QRKESRFQL|0.0
P16234|O15085_LVALTSSDK|0.0
P16234|O15085_VALTSSDKN|0.0
P16234|O15085_ALTSSDKNT|0.0
P16234|O15085_GGTGSQQRV|0.0
P16234|O15085_LPCPSTSLD|0.0
P16234|O15085_LPPRTRNSG|0.0
P16234|O15085_PRRPSRSPP|0.0
P16234|O15085_RPSRSPPSL|0.0
P16234|O15085_ELLKSLGGE|0.0
P16234|O15085_WTDGSLSPP|0.0
P16234|O15085_DAAASPGP_|0.0
P16234|O15085-2_RNPASLLEE|0.0
P16234|O15085-2_SQRPSEGRL|0.0
P16234|O15085-2_LSLDSQEGD|0.0
P16234|Q9NZN5____MSGTQS|0.001
P16234|Q9NZN5_QSTITDRFP|0.026
P16234|Q9NZN5_LNRESPTDK|0.067
P16234|Q9NZN5_RESPTDKKQ|0.0
P16234|Q9NZN5_RSEIYGLVQ|0.397
P16234|Q9NZN5_TSPHSPGAS|0.367
P16234|Q9NZN5_TDCSSGDAS|0.0
P16234|Q9NZN5_SRPSSDNAD|0.001
P16234|Q9NZN5_DSPKSGPKE|0.0
P16234|Q9NZN5_TDTQSLVGS|0.0
P16234|Q9NZN5_EVLMTAQAV|0.172
P16234|Q9NZN5_RGFPSILGP|0.0
P16234|Q9NZN5_PRRPSRHDN|0.12
P16234|Q9NZN5_RHDNSAIGR|0.029
P16234|Q9NZN5_KHLSTPSSV|0.0
P16234|Q9NZN5_LSTPSSVSP|0.0
P16234|Q9NZN5_STPSSVSPE|0.0
P16234|Q9NZN5_TDAGYLPAN|0.382
P16234|Q9NZN5_QVGETSAPG|0.089
P16234|Q9NZN5_APGDTLDGT|0.227
P16234|Q9NZN5_TLDGTPRTL|0.001
P16234|Q9NZN5_VERVTEHGT|0.006
P16234|Q9NZN5_GESQSEDEQ|0.064
P16234|Q9NZN5_YQRVSREGI|0.229
P16234|Q9NZN5_EGILSPSEL|0.0
P16234|Q9NZN5_ILSPSELRK|0.0
P16234|Q9NZN5_KLSEYPNVE|0.376
P16234|Q9NZN5_STADSKHTF|0.386
P16234|Q9NZN5_QHGISVTGL|0.0
P16234|Q9NZN5_TSGKSEVRD|0.003
P16234|Q9NZN5_VGEDYQIAI|0.175
P16234|Q9NZN5_AIPDSHLPV|0.0
P16234|Q9NZN5_LTEKSVQED|0.018
P16234|Q9NZN5_HFPRYRTAS|0.415
P16234|Q9NZN5_QGPQTDSVI|0.002
P16234|Q9NZN5_PQTDSVIQN|0.008
P16234|Q9NZN5_KAYHSGEGH|0.348
P16234|Q9NZN5_GDIATCYSP|0.198
P16234|Q9NZN5_IATCYSPRT|0.326
P16234|Q9NZN5_SPRTSTESF|0.0
P16234|Q9NZN5_REAHSDENP|0.0
P16234|Q9NZN5_ISGNYLILD|0.339
P16234|Q9NZN5_QNTHSDGAI|0.0
P16234|Q9NZN5_DGAISPFTP|0.002
P16234|Q9NZN5_ISPFTPEFL|0.0
P16234|Q9NZN5_FEIQSPSSC|0.0
P16234|Q9NZN5_VEESYTILC|0.38
P16234|Q9NZN5_EESYTILCQ|0.192
P16234|Q9NZN5_HSDKS____|0.0
P16234|Q9NZN5-2_ERIASHDFD|0.007
P16234|Q9NZN5-2_PRRPSRHDN|0.054
P16234|Q9NZN5-2_TLDGTPRTL|0.009
P16234|Q9NZN5-2_PRYRTASQG|0.025
P16234|Q9NZN5-2_YRTASQGPQ|0.105
P16234|O15068_SPVITFPDY|0.0
P16234|O15068_QRTLSDIAF|0.0
P16234|O15068_GTLDYCHSR|0.425
P16234|O15068_LDAASQKIA|0.0
P16234|O15068_RDLASFEEK|0.0
P16234|O15068_ARALSLDGE|0.0
P16234|O15068_ALAKSPCPS|0.0
P16234|O15068_SPCPSPGIR|0.0
P16234|O15068_IRRGSENSS|0.0
P16234|O15068_GSENSSSEG|0.0
P16234|O15068_ENSSSEGGA|0.0
P16234|O15068_RRAKSEMSE|0.0
P16234|O15068_QGRGSAGEE|0.0
P16234|O15068_EMLKYSRNC|0.422
P16234|O15068_MLKYSRNCE|0.0
P16234|O15068_SYKQSLNMA|0.012
P16234|O15068_AVGITENVK|0.001
P16234|O15068_EQSQSLPLP|0.0
P16234|O15068_LPAPTSTSP|0.0
P16234|O15068_EERKTDPLS|0.011
P16234|O15068_SLEGYVSSA|0.079
P16234|O15068_SAPLTKPPE|0.0
P16234|O15068_DGGWSSAEE|0.0
P16234|O15068_GGWSSAEEQ|0.0
P16234|O15068-3_RRRGTAGRS|0.0
P16234|Q5VV41_RHSDSSLEE|0.0
P16234|Q5VV41_HSDSSLEEK|0.0
P16234|Q5VV41_HRFHSELRL|0.0
P16234|Q5VV41_SKAKTPARH|0.462
P16234|Q5VV41_LPAPSFSLD|0.0
P16234|Q5VV41_LRNQSYRAA|0.354
P16234|Q5VV41_SQPHTRSPA|0.019
P16234|Q5VV41_DPQLYQEIQ|0.792
P16234|Q5VV41_KLISSNAAF|0.0
P16234|Q5VV41_LPMLSFLIL|0.0
P16234|Q5VV41_SKVKSLPLI|0.0
P16234|Q5VV41_KIEPSELPL|0.0
P16234|Q96PE2_YRSVSFKLL|0.003
P16234|Q96PE2_REEDTDTPG|0.003
P16234|Q96PE2_EDTDTPGLR|0.0
P16234|Q96PE2_RRRASCRPT|0.0
P16234|Q96PE2_SKLASGPLA|0.0
P16234|Q96PE2_LRSLSPSVR|0.0
P16234|Q96PE2_GGPGSRRPS|0.0
P16234|Q96PE2_ESPGTPSPD|0.0
P16234|Q96PE2_PGTPSPDGA|0.0
P16234|Q96PE2_RQPPTPPPR|0.0
P16234|Q96PE2_ARPLTGPET|0.0
P16234|Q96PE2_GARASCSSS|0.0
P16234|Q96PE2_RASCSSSSI|0.0
P16234|Q96PE2_ASCSSSSIA|0.0
P16234|Q96PE2_EPPTSPRAP|0.0
P16234|Q96PE2_REWGSGSPP|0.0
P16234|Q96PE2_VAKVSFPSY|0.0
P16234|Q96PE2_VSFPSYLAS|0.0
P16234|Q96PE2_SFPSYLASP|0.0
P16234|Q96PE2_SYLASPAGS|0.0
P16234|Q96PE2_SPAGSRGSS|0.0
P16234|Q96PE2_GSRGSSRYS|0.0
P16234|Q96PE2_SRGSSRYSS|0.46
P16234|Q96PE2_GSSRYSSTE|0.0
P16234|Q96PE2_SSRYSSTET|0.0
P16234|Q96PE2_SRYSSTETL|0.0
P16234|Q96PE2_RYSSTETLK|0.002
P16234|Q96PE2_GVYRSPSFG|0.0
P16234|Q96PE2_ASPGTRPTL|0.0
P16234|Q96PE2_SALKSSSSE|0.0
P16234|Q96PE2_ALKSSSSEL|0.0
P16234|Q96PE2_LKSSSSELL|0.0
P16234|Q96PE2_KSSSSELLL|0.0
P16234|Q96PE2_ELLLTGPGA|0.0
P16234|Q96PE2_QDDGSDAPP|0.0
P16234|Q96PE2_APPGSPDWA|0.0
P16234|Q96PE2_EAYRSLSDP|0.0
P16234|Q96PE2_NLLGSLSPK|0.0
P16234|Q96PE2_HSDWSVGSE|0.0
P16234|Q96PE2_WSVGSEESK|0.0
P16234|Q96PE2_QGPGTLGRV|0.0
P16234|Q96PE2_PKKKSLSDP|0.0
P16234|Q96PE2_KKSLSDPSR|0.0
P16234|Q96PE2_SRAQSERAL|0.0
P16234|Q96PE2_PPPATAHRN|0.01
P16234|Q96PE2_PARSSHQEL|0.0
P16234|Q96PE2_RDEGSQDQT|0.0
P16234|Q96PE2_DQTGSLSRA|0.0
P16234|Q96PE2_TGSLSRARP|0.0
P16234|Q96PE2_VRHASVPAT|0.0
P16234|Q96PE2_LQAPSLEDV|0.0
P16234|Q96PE2_FLEQSMREN|0.0
P16234|Q96PE2_LRRSSMSLY|0.0
P16234|Q96PE2_DEDLTTLGQ|0.0
P16234|Q96PE2_CYALSFPPT|0.009
P16234|Q96PE2_ASSKSCLDP|0.0
P16234|Q96PE2_CPEPSPEVW|0.0
P16234|Q96PE2_WVCNSDGYV|0.0
P16234|Q96PE2_TISSSFGNE|0.0
P16234|Q96PE2_GNEETPSSK|0.0
P16234|Q96PE2_FTRGSLEDL|0.0
P16234|Q96PE2_QNFKSVTLG|0.0
P16234|Q96PE2_RAPLSPTGL|0.0
P16234|Q96PE2_LLCPTPPPP|0.0
P16234|Q96PE2_EKLPSLEHR|0.0
P16234|Q96PE2_EHRDSPWHR|0.0
P16234|Q6ZSZ5_ERSRSCSES|0.0
P16234|Q6ZSZ5_WRRLSLDAS|0.0
P16234|Q6ZSZ5_GGLKTWTQG|0.0
P16234|Q6ZSZ5_GRSRSVPVS|0.0
P16234|Q6ZSZ5_GTLLSDGSP|0.0
P16234|Q6ZSZ5_LSDGSPALS|0.113
P16234|Q6ZSZ5_GMTVSQKGG|0.0
P16234|Q6ZSZ5_TADDSLSLT|0.0
P16234|Q6ZSZ5_LSLTSPNTE|0.0
P16234|Q6ZSZ5_TSPNTESIF|0.0
P16234|Q6ZSZ5_RRQESLEEG|0.0
P16234|Q6ZSZ5_AVSHYKLLL|0.129
P16234|Q6ZSZ5_ILLVTQRIT|0.0
P16234|Q6ZSZ5_TQRITKYPV|0.53
P16234|Q6ZSZ5_RITKYPVLV|0.488
P16234|Q6ZSZ5_PPVISLQKL|0.0
P16234|Q6ZSZ5_RRAETFAGY|0.1
P16234|Q6ZSZ5_TFAGYDCTN|0.03
P16234|Q6ZSZ5_GYDCTNSPT|0.023
P16234|Q6ZSZ5_DCTNSPTKN|0.0
P16234|Q6ZSZ5_TNSPTKNGS|0.0
P16234|Q6ZSZ5_TKNGSFKKK|0.0
P16234|Q6ZSZ5_KVSSTDPRP|0.0
P16234|Q6ZSZ5_GPPNSPDLK|0.0
P16234|Q6ZSZ5_IPGSSEESP|0.0
P16234|Q6ZSZ5_SSEESPQVV|0.0
P16234|Q6ZSZ5_PRLPTVLES|0.0
P16234|Q6ZSZ5_RLQSTRGNL|0.0
P16234|Q6ZSZ5_KKQNTAPGA|0.0
P16234|Q6ZSZ5_VGPEYAERP|0.368
P16234|Q6ZSZ5_ARRDSAPTE|0.0
P16234|Q6ZSZ5_ESSASFDLK|0.0
P16234|Q6ZSZ5_GKDESTSRN|0.0
P16234|Q6ZSZ5_KDESTSRNR|0.0
P16234|Q6ZSZ5_DESTSRNRR|0.0
P16234|Q6ZSZ5_RNRRSLSPI|0.0
P16234|Q6ZSZ5_RRSLSPILP|0.0
P16234|Q6ZSZ5_PGRHSPAPP|0.0
P16234|Q6ZSZ5_FPAPSPPPA|0.0
P16234|Q6ZSZ5_PPADSPSEG|0.0
P16234|Q6ZSZ5_PPAPSPLPA|0.0
P16234|Q6ZSZ5_PLPATPLSA|0.0
P16234|Q6ZSZ5_ATPLSAKED|0.0
P16234|Q8IW93_GSRWSLGTP|0.0
P16234|Q8IW93_LWPLSPGGS|0.0
P16234|Q8IW93_SRAGSWPHC|0.0
P16234|Q8IW93_EGPWSPRHT|0.0
P16234|Q8IW93_QRRASHGSE|0.0
P16234|Q8IW93_RRRFSASEL|0.0
P16234|Q8IW93_RANLSPSSS|0.0
P16234|Q8IW93_NLSPSSSFR|0.0
P16234|Q8IW93_RLEESPVCQ|0.0
P16234|Q8IW93_ILKRTAQGS|0.0
P16234|Q8IW93_TAQGSEDED|0.0
P16234|Q8IW93_EDMATKAFN|0.0
P16234|Q92974____MSRIES|0.0
P16234|Q92974_SRIESLTRA|0.0
P16234|Q92974_IESLTRARI|0.0
P16234|Q92974_RSKTTIRER|0.0
P16234|Q92974_RERPSSAIY|0.0
P16234|Q92974_SSAIYPSDS|0.363
P16234|Q92974_AIYPSDSFR|0.0
P16234|Q92974_RRGRSSLSL|0.0
P16234|Q92974_RSSLSLAKS|0.0
P16234|Q92974_MRNRTLSVE|0.002
P16234|Q92974_LSVESLIDE|0.0
P16234|Q92974_TRFLSQLLE|0.004
P16234|Q92974_LCPGSTRNF|0.0
P16234|Q92974_CPGSTRNFV|0.245
P16234|Q92974_YKELYARDK|0.322
P16234|Q92974_TQRITKYPL|0.136
P16234|Q92974_RITKYPLLI|0.146
P16234|Q92974_KELLSNVDE|0.0
P16234|Q92974_DEGIYQLEK|0.55
P16234|Q92974_PRAQTPVPG|0.0
P16234|Q92974_KDQKYIFPT|0.365
P16234|Q92974_LDKPSVVSL|0.0
P16234|Q92974_PSVVSLQNL|0.015
P16234|Q92974_GLFRSESLE|0.0
P16234|Q92974_CRADSDSSQ|0.073
P16234|Q92974_ADSDSSQRD|0.0
P16234|Q92974_DSDSSQRDR|0.0
P16234|Q92974_EERATEAGS|0.0
P16234|Q92974_PPQPSRGTD|0.0
P16234|Q92974-2_MRNRTLSVE|0.0
P16234|Q92974-2_NRTLSVESL|0.0
P16234|Q92974-2_LSVESLIDE|0.0
P16234|Q92974-2_GGNTSPGVT|0.0
P16234|Q9NR81_VKPLSRVTS|0.0
P16234|Q9NR81_LKRFSQTLQ|0.0
P16234|Q9NR81_RLGGSLRGA|0.0
P16234|Q9NR81_DSEGSFLNP|0.0
P16234|Q9NR81_RHGESNV__|0.0
P16234|Q9NR81-2_PMFPSPKAW|0.0
P16234|Q9NR81-2_SRVTSLANL|0.0
P16234|A8MVX0_AKRQTVALE|0.0
P16234|A8MVX0_ELLESERKY|0.0
P16234|A8MVX0_SERKYVINI|0.415
P16234|A8MVX0_VINISLILK|0.0
P16234|A8MVX0_GPAITHLMP|0.0
P16234|A8MVX0_PQQRSQSEK|0.0
P16234|A8MVX0_QRSQSEKQT|0.0
P16234|A8MVX0-2_KSSGSEYRE|0.015
P16234|A8MVX0-2_SGSEYREKT|0.0
P16234|A8MVX0-2_YREKTNENP|0.413
P16234|A8MVX0-2_NENPSMDPS|0.0
P16234|A8MVX0-2_SMDPSPTKQ|0.0
P16234|A8MVX0-2_DPSPTKQDF|0.0
P16234|A5YM69_QHGASPPIS|0.0
P16234|A5YM69_SSQVSALGL|0.0
P16234|A5YM69_EHRLSATQQ|0.0
P16234|A5YM69_YAIETMPSF|0.0
P16234|A5YM69_ETMPSFPKE|0.0
P16234|A5YM69_PNQESLVAE|0.0
P16234|A5YM69_EACDTPEHW|0.0
P16234|A5YM69_NRADSQDEK|0.0
P16234|A5YM69_KEPESWDGG|0.0
P16234|A5YM69_GRARSREEE|0.0
P16234|A5YM69_AEELSPAAL|0.0
P16234|A5YM69_PAALSPLLE|0.0
P16234|A5YM69_HQPISLLGS|0.0
P16234|A5YM69_SLLGSFLTE|0.0
P16234|A5YM69_LTEESPDKE|0.0
P16234|A1IGU5_RITRYPLLL|0.401
P16234|A1IGU5_DASAYPVLQ|0.001
P16234|A1IGU5_VASKYTKVE|0.091
P16234|A1IGU5_INTHTLSKK|0.166
P16234|A1IGU5_THTLSKKTT|0.0
P16234|A1IGU5_LSKKTTRLS|0.0
P16234|A1IGU5_TTRLSQLLK|0.0
P16234|A1IGU5_PGKLYQVTS|0.065
P16234|A1IGU5_LYQVTSNIS|0.179
P16234|A1IGU5_TSNISGTGT|0.0
P16234|A1IGU5_PRCLTPEPS|0.0
P16234|A1IGU5_ALVPSIPTM|0.0
P16234|A1IGU5_GQRGYVPSG|0.379
P16234|A1IGU5_GYVPSGFLA|0.386
P16234|A1IGU5_ARARSPVLW|0.0
P16234|A1IGU5_LWGWSLPS_|0.0
P16234|Q9NXL2_ERRKTDTVV|0.0
P16234|Q9NXL2_RKTDTVVES|0.172
P16234|Q9NXL2_SGDHSGTLR|0.0
P16234|Q9NXL2_DHSGTLRRS|0.059
P16234|Q9NXL2_TLRRSQSDR|0.0
P16234|Q9NXL2_RRSQSDRTE|0.0
P16234|Q9NXL2_LNIHSISKK|0.0
P16234|Q9NXL2_IHSISKKSK|0.0
P16234|Q9NXL2_TRGESQVKD|0.0
P16234|Q9NXL2_IQKRYDKLL|0.0
P16234|Q9NXL2_ERKLSFEKK|0.0
P16234|Q9NXL2_LSTYSAEEL|0.08
P16234|Q8N4T4__MELSCPGS|0.007
P16234|Q8N4T4_ELLETERRY|0.0
P16234|Q9NR80_IPHRSPVSV|0.0
P16234|Q9NR80_RSPVSVDDL|0.0
P16234|Q9NR80_TIITSPESL|0.0
P16234|Q9NR80_TSPESLNLP|0.0
P16234|Q9NR80_AEAQSSKDQ|0.0
P16234|Q9NR80_EAQSSKDQM|0.0
P16234|Q9NR80_DQMRTNVIN|0.0
P16234|Q9NR80_EQLRTIFGN|0.0
P16234|Q9NR80-3_SSHHYSHPG|0.0
P16234|Q9NR80-4_KGRRTAAPP|0.0
P16234|Q12774_SSQVSALGL|0.0
P16234|Q12774_EHRLSATQQ|0.0
P16234|Q12774_YAIETMPSF|0.026
P16234|Q12774_ETMPSFPKE|0.0
P16234|Q12774_PNQESLVAE|0.0
P16234|Q12774_EACDTPEHW|0.0
P16234|Q12774_GQTRYYSPC|0.227
P16234|Q12774_QNEGSESGT|0.0
P16234|Q12774_NRADSQDEK|0.0
P16234|Q12774_KEPESWDGG|0.0
P16234|Q12774_GRARSREEE|0.0
P16234|Q12774_HQPISLLGS|0.0
P16234|Q12774_SLLGSFLTE|0.0
P16234|Q12774_LTEESPDKE|0.0
P16234|Q12774_LRKGTVSSQ|0.0
P16234|Q12774_TPPRTPDSA|0.0
P16234|Q12774_RTPDSAPPS|0.0
P16234|Q12774_SAPPSPAEA|0.0
P16234|Q12774_PAALYGFPS|0.219
P16234|Q12774_LRSDSFPGS|0.0
P16234|Q12774_KPAIYSSVT|0.34
P16234|Q12774_PAIYSSVTP|0.0
P16234|Q12774_AIYSSVTPR|0.0
P16234|Q12774_YSSVTPRRD|0.0
P16234|Q12774_RDRRSGRDY|0.148
P16234|Q12774_SGRDYSTVS|0.52
P16234|Q12774_GRDYSTVSA|0.0
P16234|Q12774_RDYSTVSAS|0.068
P16234|Q12774_YSTVSASPT|0.236
P16234|Q12774_QRRDTHPSV|0.0
P16234|Q12774_LKQHSHPPP|0.0
P16234|Q12774_RPLPSTPDS|0.0
P16234|Q12774_HAQATPRWR|0.0
P16234|Q12774_PLPPTPDLP|0.0
P16234|Q12774_LPPISAPGS|0.0
P16234|Q12774_SSRIYRPLP|0.303
P16234|Q12774_IDPPTEPPP|0.0
P16234|Q12774_SAGRTSWPP|0.0
P16234|Q12774_AGRTSWPPA|0.0
P16234|Q12774_RSTESFTST|0.0
P16234|Q12774_FTSTSRSKS|0.0
P16234|Q12774_LRRTTPQQG|0.0
P16234|Q12774_QQGASGPGR|0.0
P16234|Q12774_HKGWSRQGL|0.0
P16234|Q12774_MGGFSRRCS|0.0
P16234|Q12774_SRRCSKLIN|0.0
P16234|Q12774_KLINSSQLL|0.0
P16234|Q12774_QRLESLSET|0.0
P16234|Q12774_LESLSETPG|0.0
P16234|Q12774_SLSETPGPS|0.0
P16234|Q12774_KALVSSESY|0.0
P16234|Q12774_SSESYLQRL|0.405
P16234|Q12774_LQRLSMASS|0.0
P16234|Q12774_VRNSTVLLS|0.0
P16234|Q12774_VSEASYLRS|0.004
P16234|Q12774_SEASYLRSL|0.176
P16234|Q12774_TNQTYQERT|0.385
P16234|Q12774_YQERTFQSL|0.0
P16234|Q12774_RTFQSLMNS|0.028
P16234|Q12774_SLMNSNSNF|0.0
P16234|Q12774_MNSNSNFRE|0.0
P16234|Q12774_EELIYLSQK|0.455
P16234|Q12774_ALEFSASPG|0.0
P16234|Q12774_LRQNTQGAQ|0.0
P16234|Q15052_PDDLYSGVN|0.261
P16234|Q15052_SKVLSTLLA|0.0
P16234|Q15052_AANTSQTNP|0.0
P16234|Q15052_GDIIYVTRV|0.398
P16234|Q15052_SGFIYQGKI|0.184
P16234|Q15052_GTVVTRLDE|0.0
P16234|Q15052_RGPASCSSL|0.0
P16234|Q15052_SKTSSSSCS|0.0
P16234|Q15052_KTSSSSCSA|0.0
P16234|Q15052_SSSCSAHSS|0.0
P16234|Q15052_SAHSSFSST|0.0
P16234|Q15052_SFSSTGQPR|0.0
P16234|Q15052_AALGYKERM|0.176
P16234|Q15052_KERMSYILK|0.0
P16234|Q15052_ERMSYILKE|0.356
P16234|Q15052_ESSKSPKTM|0.0
P16234|Q15052_HKRKTERKP|0.0
P16234|Q15052_SEEEYVIRK|0.758
P16234|Q15052_VIEAYCTSA|0.542
P16234|Q15052_AYCTSANFQ|0.0
P16234|Q15052_IIEETRSNG|0.0
P16234|Q15052_EETRSNGQT|0.01
P16234|Q15052_MEEKSLVDT|0.0
P16234|Q15052_SLVDTVYAL|0.47
P16234|Q15052_VDTVYALKD|0.454
P16234|Q14155_KKTISDPEG|0.0
P16234|Q14155_NKVLSSLVT|0.479
P16234|Q14155_KVLSSLVTL|0.0
P16234|Q14155_IGLGSDSVC|0.0
P16234|Q14155_HRIKSFDSL|0.0
P16234|Q14155_GQYRSLDMT|0.0
P16234|Q14155_EVKASEKPV|0.045
P16234|Q14155_VSPKSGTLK|0.004
P16234|Q14155_PKSGTLKSP|0.0
P16234|Q14155_KGFDTTAIN|0.0
P16234|Q14155_HMEDYHTDR|0.358
P16234|Q14155_GKLPTTGMT|0.0
P16234|Q14155_KLEDSENHR|0.0
P16234|Q14155_QTKVTSVGN|0.0
P16234|Q14155_TKVTSVGNP|0.0
P16234|Q14155_HTLPSHPVT|0.0
P16234|Q14155_SHPVTPSSK|0.0
P16234|Q14155_PAPLTPAYH|0.0
P16234|Q14155_LTPAYHTLP|0.464
P16234|Q14155_PWSLSCLRP|0.0
P16234|Q14155_DLSKSPKTM|0.0
P16234|Q14155_EEFASRKST|0.0
P16234|Q14155_ASRKSTAAL|0.0
P16234|Q14155_VIEAYCTSA|0.401
P16234|Q14155_EAYCTSAKT|0.446
P16234|Q14155_AYCTSAKTR|0.352
P16234|Q14155_RSSLSRLEP|0.0
P16234|Q14155_WTAHSYRMG|0.442
P16234|Q14155_TAHSYRMGS|0.0
P16234|Q14155_CSYISHQN_|0.085
P16234|Q14155-1_KTRQTLNSS|0.0
P16234|Q14155-1_QTLNSSSRK|0.0
P16234|Q14155-1_IVEETKSNG|0.0
P16234|Q14155-1_IEEKSLVDT|0.0
P16234|Q14155-1_KMKKSLEEE|0.0
P16234|O43307____MTLLIT|0.006
P16234|O43307_VLDASNKDW|0.0
P16234|O43307_KRSQSPFWQ|0.0
P16234|O14497_PAAASSLGN|0.0
P16234|O14497_PAPAYALSS|0.0
P16234|O14497_PRGGTPGSG|0.0
P16234|O14497_GGGPSAAGG|0.0
P16234|O14497_PGGDYSGGP|0.234
P16234|O14497_MSPGSSGGG|0.0
P16234|O14497_PLARTPQPS|0.0
P16234|O14497_TPQPSSPMD|0.0
P16234|O14497_QQTAYSQQR|0.116
P16234|O14497_LSQDSFGSQ|0.0
P16234|O14497_DSFGSQASS|0.0
P16234|O14497_GSQASSAPS|0.0
P16234|O14497_SQASSAPSM|0.0
P16234|O14497_DMNLSLQSR|0.0
P16234|O14497_LSLQSRPSS|0.0
P16234|O14497_SRPSSLPDL|0.0
P16234|O14497_GSPASVAQS|0.0
P16234|O14497_AQSRSGPLS|0.0
P16234|O14497_SGPLSPAAV|0.0
P16234|O14497_PRPPSGQSD|0.0
P16234|O14497_MNQSSIAQD|0.0
P16234|O14497_QMPQYSSPQ|0.262
P16234|O14497_PQPGSALSP|0.0
P16234|O14497_LYRLYVSVK|0.02
P16234|O14497_RLYVSVKEI|0.001
P16234|O14497_IGGLTQVNK|0.0
P16234|O14497_RELATNLNV|0.0
P16234|O14497_SAASSLKKQ|0.0
P16234|O14497_IQPPSPAGS|0.0
P16234|O14497_PTPASTPHS|0.0
P16234|O14497_TPASTPHSQ|0.0
P16234|O14497_STPHSQIPP|0.0
P16234|O14497_QKRNSMTPN|0.0
P16234|O14497_RNSMTPNPG|0.0
P16234|O14497_MGRMSYEPN|0.0
P16234|O14497_NKDPYGSMR|0.0
P16234|O14497_DSGMYSPSR|0.367
P16234|O14497_STQGTPSGS|0.0
P16234|O14497_QGTPSGSPF|0.0
P16234|O14497_TPSGSPFPS|0.0
P16234|O14497_SPFPSQQTT|0.0
P16234|O14497_PMDGTYGPP|0.0
P16234|O14497_MDGTYGPPA|0.0
P16234|O14497_NDMTYNYAN|0.198
P16234|O14497_MTYNYANRQ|0.283
P16234|O14497_QGPAYHGVN|0.0
P16234|O14497_NHEGSWPSH|0.0
P16234|O14497_MENRTSPSK|0.0
P16234|O14497_ENRTSPSKS|0.0
P16234|O14497_RTSPSKSPF|0.0
P16234|O14497_PFLHSGMKM|0.0
P16234|O14497_RRRLTMKDI|0.0
P16234|O14497_PGQRTLLDP|0.0
P16234|O14497_GTPGTTDQE|0.0
P16234|O14497_STRSSTLTE|0.0
P16234|O14497_SSTLTEDGA|0.0
P16234|O14497_SPAQSHRNI|0.0
P16234|Q8NFD5_KSGGSEAAL|0.0
P16234|Q8NFD5_NQHPSGATP|0.0
P16234|Q8NFD5_QLLTSPSPM|0.0
P16234|Q8NFD5_LTSPSPMMR|0.0
P16234|Q8NFD5_MGAQYAAAS|0.017
P16234|Q8NFD5_YAAASPAWA|0.0
P16234|Q8NFD5_AQQRSHPAM|0.0
P16234|Q8NFD5_MSPGTPGPT|0.0
P16234|Q8NFD5_TPGPTMGRS|0.0
P16234|Q8NFD5_TMGRSQGSP|0.0
P16234|Q8NFD5_QQDMSQEGY|0.229
P16234|Q8NFD5_ERPSSLPDL|0.0
P16234|Q8NFD5_SGPISPASI|0.0
P16234|Q8NFD5_GRMPSAGMQ|0.0
P16234|Q8NFD5_SMTPSSPGM|0.0
P16234|Q8NFD5_NSAQSRQGS|0.0
P16234|Q8NFD5_KEEGTPQPE|0.0
P16234|Q8NFD5_KKSSSSTTT|0.0
P16234|Q8NFD5_SSTTTGEKI|0.0
P16234|Q8NFD5_EERGSPVSS|0.0
P16234|Q8NFD5_LFRLYVCVK|0.003
P16234|Q8NFD5_RELATNLNV|0.0
P16234|Q8NFD5_LQPPSPANS|0.256
P16234|Q8NFD5_QGPQTPQST|0.0
P16234|Q8NFD5_HGQMTPMQG|0.0
P16234|Q8NFD5_PKRNSMTPN|0.0
P16234|Q8NFD5_RNSMTPNAP|0.0
P16234|Q8NFD5_MDGMYGPPA|0.401
P16234|Q8NFD5_SFQRSLENR|0.0
P16234|Q8NFD5_RMSPSKSPF|0.0
P16234|Q8NFD5_PFLPSMKMQ|0.0
P16234|Q8NFD5_DDSQSLADD|0.0
P16234|Q8NFD5_DDVLSARPG|0.0
P16234|Q8NFD5_PQTESSKFP|0.0
P16234|Q8NFD5_NIVRSLSFV|0.0
P16234|Q8NFD5_VRSLSFVPG|0.0
P16234|Q8NFD5_DAEMSKHPG|0.0
P16234|Q8NFD5_LRDNTLVTL|0.0
P16234|Q8NFD5_LSAYTESIC|0.0
P16234|Q8NFD5_LVLETLCKL|0.0
P16234|Q8NFD5-3_PKTPSSPKS|0.0
P16234|Q8NFD5-3_KTPSSPKSS|0.035
P16234|Q8NFD5-3_SSPKSSSST|0.354
P16234|Q8NFD5-3_SSSSTTTGE|0.0
P16234|Q68CP9_LSTCSKLAR|0.0
P16234|Q68CP9_QGVHTVAQT|0.0
P16234|Q68CP9_TVAQTVSRI|0.004
P16234|Q68CP9_RGPSTPGGK|0.0
P16234|Q68CP9_ATNTSNGDT|0.0
P16234|Q68CP9_NGRKYSDSS|0.032
P16234|Q68CP9_IQSETNQCS|0.0
P16234|Q68CP9_CSLISNGPS|0.0
P16234|Q68CP9_GKQNSEQID|0.0
P16234|Q68CP9_QDIKSDLRK|0.0
P16234|Q68CP9_SVVVSPHST|0.0
P16234|Q68CP9_VRIVTISDP|0.0
P16234|Q68CP9_NAGCSATMV|0.0
P16234|Q68CP9_VAIESAVQQ|0.0
P16234|Q68CP9_GSQKSSTKQ|0.0
P16234|Q68CP9_QKSSTKQPT|0.0
P16234|Q68CP9_VGGTSSTPR|0.0
P16234|Q68CP9_GGTSSTPRA|0.0
P16234|Q68CP9_GTSSTPRAQ|0.0
P16234|Q8IVW6_RVPPTAAVA|0.0
P16234|Q8IVW6_TSITSAAFT|0.0
P16234|Q8IVW6_GRRPSYSSS|0.0
P16234|Q8IVW6_RRPSYSSSL|0.002
P16234|Q8IVW6_LFGYSPAAA|0.013
P16234|Q8IVW6_PALLSPPKI|0.0
P16234|Q8IVW6_SPRISPATT|0.0
P16234|Q8IVW6_EKKASRLSE|0.0
P16234|Q8IVW6_STSWSL___|0.0
P16234|A6NKF2_PTTITSAAF|0.0
P16234|Q4LE39_DASWYTVVF|0.0
P16234|Q4LE39_ASWYTVVFD|0.002
P16234|Q4LE39_LRRSSLCLK|0.0
P16234|Q4LE39_QLPLTNPEH|0.0
P16234|Q4LE39_PVLGYRNLN|0.0
P16234|Q4LE39_PSLGSKKNL|0.0
P16234|Q4LE39_KDEKYSPKN|0.0
P16234|Q4LE39_DEKYSPKNC|0.0
P16234|Q4LE39_PPFQTNPSP|0.0
P16234|Q4LE39_QNSSSLLEE|0.0
P16234|Q4LE39_GKRRYCNTE|0.002
P16234|Q4LE39_RYCNTEECL|0.429
P16234|Q4LE39_ECLKTGSPG|0.0
P16234|Q4LE39_LKTGSPGKK|0.0
P16234|Q4LE39_KAKMTPTKK|0.0
P16234|Q4LE39_EKRKSLRTT|0.0
P16234|Q4LE39_TTGFYSGFS|0.0
P16234|Q4LE39_TGFYSGFSE|0.0
P16234|Q4LE39_YSGFSEVAE|0.0
P16234|Q4LE39_RLQNSRAKD|0.0
P16234|Q4LE39_DVWSSIQGQ|0.0
P16234|Q4LE39_NTPPTTPES|0.0
P16234|Q4LE39_PESPSSVTV|0.0
P16234|Q4LE39_ESPSSVTVT|0.0
P16234|Q4LE39_SVTVTEGSR|0.0
P16234|Q4LE39_EEVRSIKSE|0.0
P16234|Q4LE39_VKSVSTGMK|0.0
P16234|Q4LE39_HSTKSPART|0.0
P16234|Q4LE39_ARTQSPGKC|0.185
P16234|Q03989_DPPASPKPA|0.0
P16234|Q03989_GSPGSTSAA|0.0
P16234|Q03989_PPRNSTEQQ|0.194
P16234|Q03989_QGLASGSSV|0.0
P16234|Q03989_ASGSSVSFV|0.0
P16234|Q03989_GSSVSFVGA|0.0
P16234|Q03989_CPEAYKRLL|0.0
P16234|Q03989_HGIMSPLAK|0.0
P16234|Q03989_HLPESPQSP|0.0
P16234|Q03989_ESPQSPKGL|0.0
P16234|Q03989_RHRLTPQEG|0.003
P16234|Q03989_APGGSLREE|0.0
P16234|Q03989_VPAESPTLP|0.0
P16234|Q03989_AESPTLPPT|0.0
P16234|Q03989_TLPPTFPSS|0.0
P16234|Q03989_PTFPSSPGL|0.0
P16234|Q03989_TFPSSPGLG|0.0
P16234|Q03989_PGLGSKRSL|0.0
P16234|Q03989_LRAVSPFLK|0.0
P16234|Q03989_APPVTTYAA|0.358
P16234|Q03989_PPVTTYAAP|0.0
P16234|Q03989_PVTTYAAPH|0.396
P16234|Q9Y4X5_NYPNSYFTG|0.0
P16234|Q9Y4X5_YPNSYFTGL|0.0
P16234|Q9Y4X5_NSYFTGLEC|0.286
P16234|Q9Y4X5_CDDDSETSN|0.0
P16234|Q9Y4X5_NHMQSLRFE|0.0
P16234|Q9Y4X5_ISQDSLQDI|0.0
P16234|O95376_YKSNSAQLL|0.006
P16234|O95376_HGSEYYECS|0.3
P16234|O95376_GSEYYECSR|0.314
P16234|O95376_LQYTYPYAY|0.423
P16234|O95376_YPYAYYMES|0.408
P16234|O95376_PYAYYMESG|0.437
P16234|O95376_ERADSYDRG|0.397
P16234|Q8N7S6_ARAASSRRV|0.0
P16234|Q8N7S6_RAASSRRVV|0.0
P16234|Q8N7S6_ARVATGSRL|0.0
P16234|Q8N7S6_LSALTQSLT|0.0
P16234|Q8N7S6_ALTQSLTRV|0.0
P16234|Q96B23_ELIESEAPP|0.0
P16234|Q96B23_SEQETAKEE|0.0
P16234|Q96B23_EEDGSVELE|0.0
P16234|Q96B23_STVISSMPC|0.0
P16234|Q96B23_QLASTESDK|0.0
P16234|Q96B23_PSGVSGATV|0.0
P16234|Q96B23_VSGATVGRK|0.0
P16234|Q96B23_VGRKSRRSR|0.0
P16234|Q96B23_SRSESETST|0.0
P16234|Q96B23_SESETSTMA|0.0
P16234|Q96B23_SETSTMAAK|0.0
P16234|Q96B23_GVIQSVSSW|0.0
P16234|Q96B23_WKHGSGTQY|0.011
P16234|Q96B23_SGTQYVSTR|0.062
P16234|Q96B23_TQYVSTRQT|0.0
P16234|Q96B23-2_GFLASDKTS|0.0
P16234|P40616_GEVVTTIPT|0.094
P16234|P40616_ETVTYKNLK|0.424
P16234|Q969Q4_GSVNSRGHK|0.0
P16234|Q969Q4_TTLLYKLKG|0.002
P16234|Q969Q4_SLLKSRSCM|0.0
P16234|Q5H913_DIIDYLLLK|0.006
P16234|Q3SXY8_KIDKSIKKG|0.0
P16234|Q3SXY8_KKGLYWLLH|0.11
P16234|Q3SXY8_LVENYKEAL|0.397
P16234|Q3SXY8_TDRPSLESA|0.0
P16234|Q3SXY8_PSLESANGK|0.0
P16234|Q3SXY8_CAPESPTPP|0.007
P16234|Q3SXY8_VGWGTPKVT|0.0
P16234|Q3SXY8_HNDFYRKPL|0.489
P16234|Q8N4G2_STLLYKLKL|0.284
P16234|Q8N8R7_HVKIYIDRF|0.191
P16234|Q8N8R7_SLQFTNPGR|0.016
P16234|Q8N8R7_RKWLYEQIE|0.4
P16234|Q9NXU5_NIRKYWSRY|0.201
P16234|Q9NXU5_RKYWSRYYQ|0.333
P16234|Q8IVW1_TTILYKLKL|0.0
P16234|Q8IVW1_KGARSPGST|0.0
P16234|Q8IVW1_RSPGSTHQG|0.0
P16234|Q8IVW1_SPGSTHQGS|0.0
P16234|P36404_TISPTLGFN|0.0
P16234|Q9Y2Y0_MFLDYRAEK|0.364
P16234|Q9Y2Y0_GLDLSSGLV|0.0
P16234|Q9Y2Y0_SLCKSSSLP|0.0
P16234|Q9Y2Y0_CKSSSLPAS|0.0
P16234|P36405_RKLKSAPDQ|0.0
P16234|P36405_AGKTTLLKQ|0.0
P16234|P36405_KQLASEDIS|0.0
P16234|P36405_ISHITPTQG|0.0
P16234|P36405_FNIKSVQSQ|0.0
P16234|P36405_KSVQSQGFK|0.0
P16234|P36405_EEKLSCVPV|0.05
P16234|P40617_EEAKTELHK|0.0
P16234|P56559_KRRKSLKQK|0.0
P16234|P49703_ISRASDNQG|0.0
P16234|Q9Y689_WNTYYTNTE|0.458
P16234|A6NH57_NQEHTVIIV|0.0
P16234|A6NH57_NEGKTTILY|0.012
P16234|Q9H0F7_SNAQSQNIL|0.0
P16234|Q8NHH9_VNHVSSTTS|0.0
P16234|Q8NHH9_NHVSSTTSL|0.0
P16234|Q8NHH9_SSTTSLGEN|0.0
P16234|Q8NHH9_FMLRYMYNK|0.438
P16234|Q8NHH9_LRYMYNKDS|0.264
P16234|Q8NHH9_ATNPSFDGR|0.019
P16234|Q8NHH9_IEETYANFI|0.351
P16234|Q8NHH9_TDQVSHHAR|0.0
P16234|Q8NHH9-2_HRALSSAQR|0.0
P16234|Q66PJ3-1_RGGLSGPQG|0.0
P16234|Q66PJ3-1_AHVGSRKRS|0.0
P16234|Q66PJ3-1_SRSRSRSRG|0.0
P16234|Q66PJ3-1_SRSRSRGRG|0.0
P16234|Q66PJ3-1_RGRGSEKRK|0.0
P16234|Q66PJ3-1_RKKKSRKDT|0.0
P16234|Q66PJ3-1_RKDTSRNCS|0.0
P16234|Q66PJ3-1_SRNCSASTS|0.0
P16234|Q66PJ3-1_NCSASTSQG|0.0
P16234|Q66PJ3-1_CSASTSQGR|0.0
P16234|Q66PJ3-1_SASTSQGRK|0.0
P16234|Q66PJ3-1_GRKASTAPG|0.0
P16234|Q66PJ3-1_RKASTAPGA|0.0
P16234|Q66PJ3-1_GAEASPSPC|0.0
P16234|Q66PJ3-1_EASPSPCIT|0.0
P16234|Q66PJ3-1_ITERSKQKA|0.0
P16234|Q66PJ3-1_ARRRTRSSS|0.006
P16234|Q66PJ3-1_RRTRSSSSS|0.0
P16234|Q66PJ3-1_RTRSSSSSS|0.0
P16234|Q66PJ3-1_TRSSSSSSS|0.0
P16234|Q66PJ3-1_RSSSSSSSS|0.0
P16234|Q66PJ3-1_SSSSSSSSS|0.0
P16234|Q66PJ3-1_SSSSSSSSD|0.0
P16234|Q66PJ3-1_SSSSSSSDG|0.0
P16234|Q66PJ3-1_SSSSSDGRK|0.0
P16234|Q66PJ3-1_LPGPSLDQW|0.0
P16234|Q66PJ3-1_QWHRSAGEE|0.0
P16234|Q66PJ3-1_GPVLTDEQK|0.0
P16234|Q66PJ3-1_DARQSIIRK|0.0
P16234|Q66PJ3-1_EEIVTKERH|0.0
P16234|Q66PJ3-2_SRNCSASTS|0.0
P16234|Q66PJ3-2_GRKASTAPG|0.0
P16234|Q66PJ3-2_RKASTAPGA|0.0
P16234|Q66PJ3-3_SASTSQERS|0.0
P16234|Q66PJ3-7_TSQASPSPC|0.026
P16234|Q66PJ3-7_QASPSPCIT|0.0
P16234|O75915_FFPGSDRFA|0.013
P16234|O75915_INRLTDYIS|0.097
P16234|O75915_RLTDYISKV|0.314
P16234|Q8N6S5_SFAESGWRS|0.0
P16234|Q8N6S5_SGWRSALRR|0.0
P16234|Q8N6S5_VARPSYSSF|0.0
P16234|Q8N6S5_ARPSYSSFT|0.358
P16234|Q8N6S5_RPSYSSFTQ|0.0
P16234|Q8N6S5_PSYSSFTQG|0.001
P16234|Q8N6S5_YSSFTQGDS|0.0
P16234|Q8N6S5_PRKRSVLPP|0.0
P16234|Q9NVJ2_MRKVTKGNV|0.0
P16234|Q9NVJ2_KIEASRNEL|0.0
P16234|Q6T311_WKALSHPAW|0.0
P16234|Q9NVT9_VIQKTTTPG|0.0
P16234|Q9NVT9_QKTTTPGET|0.0
P16234|Q9NVT9_ADGDSFNEM|0.0
P16234|Q9NVT9_FLGTTNKRA|0.0
P16234|Q9NVT9_KRAKTVVLH|0.0
P16234|Q8N2F6_CYCIYRLTR|0.273
P16234|Q8N2F6_IYRLTRGRR|0.0
P16234|Q8N2F6_GIRSSKSAG|0.0
P16234|Q8N2F6_EEGTSEGQL|0.002
P16234|Q8N2F6_LCGRSARPQ|0.0
P16234|Q8N2F6_TDGSYDDVL|0.119
P16234|Q8N2F6_EKVVTIIPK|0.0
P16234|Q8N2F6-2_LGIRSSKSA|0.0
P16234|Q8N2F6-2_GIRSSKSAE|0.0
P16234|Q8N2F6-2_RSSKSAEDL|0.0
P16234|Q8N2F6-2_AEDLTDGSY|0.0
P16234|Q8N2F6-2_LTDGSYDDV|0.014
P16234|Q8N2F6-2_TDGSYDDVL|0.0
P16234|Q5T9G4_DIRKSVVSL|0.0
P16234|Q5T9G4_KSVVSLATG|0.0
P16234|Q5T9G4_AGAIYLLYK|0.0
P16234|Q5T9G4_IYLLYKAIK|0.375
P16234|Q5T9G4_AERLSEGRN|0.002
P16234|Q8NEN0___MLSPNDK|0.0
P16234|Q8NEN0_LDPFYQPSV|0.0
P16234|Q8NEN0_KVPASPTRE|0.0
P16234|Q8NEN0_SSCPSSSDL|0.0
P16234|Q8NEN0_SRLQTKAVP|0.0
P16234|Q8NEN0_KKCGTFLPN|0.0
P16234|Q8NEN0_LVQVTATLR|0.0
P16234|Q8NEN0_REQFSKEKG|0.0
P16234|Q5W041_RRNATMIFG|0.0
P16234|Q5W041_DLLKSEYPV|0.0
P16234|Q5W041_LKSEYPVIQ|0.0
P16234|Q5W041_QIQQTGGLK|0.0
P16234|Q5W041_ELRNSGGLE|0.0
P16234|Q5W041_ELLRSKNDE|0.0
P16234|Q5W041_SQTGYLSSS|0.259
P16234|Q5W041_KKNSYHFSA|0.0
P16234|Q5W041_FQLKSNVIP|0.0
P16234|Q5T2S8_LREKSPKFS|0.0
P16234|Q5T2S8_SSSESEEDE|0.0
P16234|Q5T2S8_EMVRSFVGG|0.0
P16234|Q96C12_GSFRSLRSW|0.0
P16234|Q96C12_RAPRTQRTP|0.0
P16234|Q96C12_RTQRTPGRS|0.0
P16234|Q96C12_TPGRSPAAA|0.0
P16234|Q96C12_FVRSYGAAL|0.0
P16234|Q6NXE6_SRYSSGASI|0.0
P16234|Q6NXE6_SIGCTPTST|0.0
P16234|Q6NXE6_CTPTSTQAK|0.057
P16234|Q6NXE6_SADGSQEPT|0.0
P16234|Q6NXE6_LIEATKAFL|0.0
P16234|Q6NXE6_PGILSELCG|0.0
P16234|Q6NXE6_ELCGTLSRL|0.0
P16234|Q6NXE6_CGTLSRLAI|0.0
P16234|Q6NXE6_MRDQSGVQE|0.0
P16234|Q6NXE6_QVLSTLRAI|0.002
P16234|Q6NXE6_KPDNSRIIV|0.0
P16234|Q8IUR7_CLLETPIRM|0.0
P16234|Q8IUR7_EMQLTSAKC|0.0
P16234|Q8IUR7_AKCLTYMCR|0.431
P16234|Q8IUR7_KCLTYMCRA|0.006
P16234|Q8IUR7_FRLLSDSDL|0.0
P16234|Q8IUR7-6_RKKVSLGEG|0.002
P16234|Q8IUR7-6_VLTASRQGV|0.0
P16234|Q7Z3E5_TVGGSFRDS|0.0
P16234|Q7Z3E5_YLKRYNKIQ|0.036
P16234|Q7Z3E5_EGRLYLAQN|0.072
P16234|Q7Z3E5_LQKFSLRRP|0.0
P16234|Q7Z3E5_LSVPSIREE|0.0
P16234|Q7Z3E5_NVQWSGDEP|0.0
P16234|Q7Z3E5_QRPVTPGGH|0.002
P16234|Q7Z3E5_HRNGYPVVE|0.477
P16234|Q7Z3E5_EDQHTPPQT|0.0
P16234|Q9P291_EKAHSGSHS|0.0
P16234|Q9P291_AHSGSHSGG|0.0
P16234|Q9P291_SGSHSGGGL|0.0
P16234|Q9P291_LKVLTKL__|0.0
P16234|Q7L311_AGAWYCVYK|0.408
P16234|Q7L311_WYCVYKYTR|0.413
P16234|Q7L311_CVYKYTRGR|0.18
P16234|Q7L311_RAGFTIDLG|0.0
P16234|Q7L311_IDLGSGFSP|0.0
P16234|Q7L311_GSGFSPPTP|0.0
P16234|Q7L311_FSPPTPVRA|0.233
P16234|Q7L311_PVPATPTGA|0.0
P16234|Q7L311_AAAPTGAAE|0.0
P16234|Q7L311_GAAESPGTS|0.0
P16234|Q7L311_ESPGTSGSP|0.0
P16234|Q7L311_GSPRTAVVP|0.001
P16234|Q7L311_VVPGTSAAK|0.0
P16234|Q7L311_VPGTSAAKK|0.0
P16234|Q7L311_AKKATPGAH|0.0
P16234|Q7L311_IPKATSATG|0.0
P16234|Q7L311_PKATSATGA|0.0
P16234|Q9UH62_AEGGSGDVD|0.0
P16234|Q9UH62_AGDCSGARY|0.017
P16234|Q9UH62_SGARYNDWS|0.392
P16234|Q9UH62_ASPNSDDTV|0.0
P16234|Q9UH62_DTVLSPQEL|0.0
P16234|Q9UH62_VTNEYQHML|0.0
P16234|Q5H9R4_AGTCYYIYK|0.0
P16234|Q5H9R4_CYYIYKFTK|0.0
P16234|Q5H9R4_QSVRTLARN|0.0
P16234|Q5H9R4_RNGSTVKME|0.0
P16234|Q5H9R4_VGVQSQTLA|0.0
P16234|Q5H9R4_ATNKTGIVD|0.0
P16234|Q5H9R4_DETKTRALE|0.0
P16234|Q5H9R4_LSRESSPDI|0.0
P16234|Q5H9R4_SRESSPDIE|0.0
P16234|Q6P1M9_AELKTESVT|0.0
P16234|Q6P1M9_TESVTQAKA|0.0
P16234|Q6P1M9_HTVTYREAM|0.44
P16234|Q6P1M9_AMAVTREVI|0.0
P16234|Q6P1M9_ANTGSRPDR|0.0
P16234|Q6P1M9_PGALSMVDD|0.0
P16234|Q7L4S7_MARNTSPTP|0.0
P16234|P55145_RMWATQGLA|0.0
P16234|P55145_ALALSVLPG|0.0
P16234|P55145_DVTFSPATI|0.0
P16234|P55145_NRLCYYIGA|0.344
P16234|P55145_KKKDSQICE|0.0
P16234|P55145_CELKYDKQI|0.474
P16234|P55145_QIDLSTVDL|0.0
P16234|P55145_IDLSTVDLK|0.0
P16234|Q49AH0_KKLDSQICE|0.0
P16234|Q5T2E6_LLRKSSASK|0.0
P16234|Q5T2E6_LRKSSASKK|0.0
P16234|Q5T2E6_KSSASKKPL|0.0
P16234|Q5T2E6_ELVRSISTN|0.0
P16234|Q5T2E6_VRSISTNVR|0.0
P16234|Q5T2E6_RSISTNVRR|0.0
P16234|Q86TY3_GHSPSSYVN|0.115
P16234|Q86TY3_SPSSYVNTK|0.331
P16234|Q86TY3_PGSLTPDKE|0.0
P16234|Q86TY3_LLGNTMKDI|0.0
P16234|Q9H993_VVPASLSGQ|0.0
P16234|Q9H993_PASLSGQDV|0.0
P16234|Q9H993_HRHKSEFFE|0.0
P16234|Q9H993_KKAISLLSK|0.0
P16234|Q9H993_ISLLSKLRN|0.0
P16234|Q9H993_PWFVSDTTI|0.0
P16234|P27540_NPEMTSDVP|0.0
P16234|P27540_DDEQSSADK|0.0
P16234|P27540_DEQSSADKE|0.0
P16234|P27540_QVTSSPNCT|0.0
P16234|P27540_SPNCTDMSN|0.145
P16234|P27540_DPRFSEIYH|0.326
P16234|P27540_FSEIYHNIN|0.551
P16234|P27540_TFPPTPRPA|0.0
P16234|P27540_TQGATPTWT|0.0
P16234|P27540_GATPTWTPT|0.435
P16234|P27540_TPTWTPTTR|0.007
P16234|P27540_FGVGSFQTP|0.147
P16234|P27540_FPPFSE___|0.027
P16234|Q9HBZ2_VPTCSALAR|0.129
P16234|Q9HBZ2_AFSSSVVHV|0.0
P16234|Q9HBZ2_QQIPSQSSK|0.0
P16234|Q8WYA1_KRKGSDSDP|0.0
P16234|Q8WYA1_LDKLTVLRM|0.0
P16234|Q8WYA1_ILFVSKSVS|0.0
P16234|Q8WYA1_FVSKSVSKI|0.0
P16234|Q8WYA1_SKSVSKILN|0.002
P16234|Q8WYA1_EQLSSFDIS|0.0
P16234|Q8WYA1_YLDDSSPTG|0.123
P16234|Q8WYA1_LDDSSPTGL|0.0
P16234|P61160___MDSQGRK|0.254
P16234|P61160_VKCGYAGSN|0.489
P16234|P61160_IRSTTKVGN|0.0
P16234|P61160_GDEASELRS|0.0
P16234|P61160_LEVNYPMEN|0.524
P16234|P61160_HLWDYTFGP|0.216
P16234|P61160_LWDYTFGPE|0.39
P16234|P61160_AFNHSADFE|0.061
P16234|P61160_NFWMTRQEY|0.393
P16234|P61160_TRQEYQEKG|0.392
P16234|P61160_KLGVTVR__|0.011
P16234|P61158_VIFKYLRAE|0.436
P16234|P61158_PEDHYFLLT|0.408
P16234|P61158_YFLLTEPPL|0.395
P16234|P61158_PPLNTPENR|0.001
P16234|P61158_IMFESFNVP|0.002
P16234|P61158_VPGLYIAVQ|0.07
P16234|P61158_ALAASWTSR|0.0
P16234|P61158_VAEGYVIGS|0.504
P16234|P61158_GRDITYFIQ|0.387
P16234|P61158_KERYSYVCP|0.332
P16234|P61158_ERYSYVCPD|0.516
P16234|P61158_KKEFSIDVG|0.0
P16234|P61158_NIVLSGGST|0.0
P16234|P61158_LSGGSTMFR|0.0
P16234|P61158_SGGSTMFRD|0.0
P16234|P61158_RLKLSEELS|0.0
P16234|P61158_SEELSGGRL|0.0
P16234|P61158_FGVMS____|0.0
P16234|Q92747____MSLHQF|0.0
P16234|Q92747_QIALSPNNH|0.0
P16234|Q92747_DASKSVQVS|0.005
P16234|Q92747_QRNMSAMER|0.001
P16234|O15143_EVHIYEKSG|0.4
P16234|O15143_DRNAYVWTL|0.267
P16234|O15143_RPAPTPWGS|0.0
P16234|O15143_TPWGSKMPF|0.0
P16234|O15143_QRGLTARER|0.0
P16234|O15143_AGLDSLHKN|0.0
P16234|O15143_DGGMSIWDV|0.0
P16234|O15143_WDVKSLESA|0.0
P16234|O15144_ASKDSIVHQ|0.419
P16234|O15144_NCFASVFEK|0.372
P16234|O15144_RDDETMYVE|0.475
P16234|O15144_DETMYVESK|0.467
P16234|O15144_MYVESKKDR|0.447
P16234|O15144_RASHTAPQV|0.405
P16234|O15144_TFRDYLHYH|0.565
P16234|O15144_DYLHYHIKC|0.502
P16234|O15144_CSKAYIHTR|0.345
P16234|O15144_ITGKTFSSR|0.0
P16234|O15145__MPAYHSSL|0.527
P16234|O15145_MDPDTKLIG|0.399
P16234|O15145_EAIYYFKAN|0.508
P16234|P59998_RPYLSAVRA|0.469
P16234|P59998_VEVRSSKEL|0.0
P16234|P59998_EVRSSKELL|0.029
P16234|P59998_PVTISRNEK|0.282
P16234|O15511_DVDEYDENK|0.35
P16234|O15511_GEVDSCLRQ|0.268
P16234|O15511_GGVGSIVRV|0.0
P16234|O15511_VRVLTARKT|0.418
P16234|Q9BPX5_GGLGSIIRV|0.0
P16234|Q7Z6K5____MSRIYH|0.001
P16234|Q7Z6K5_MSRIYHDGA|0.143
P16234|Q7Z6K5_VSRHSILDT|0.0
P16234|Q7Z6K5_EPNFSATRK|0.094
P16234|Q7Z6K5_LMSSYKVEA|0.137
P16234|Q7Z6K5_TDRLTPEAL|0.139
P16234|Q7Z6K5_KTGASWTDN|0.0
P16234|P56211_LKARYPHLG|0.283
P16234|P56211_KGQKYFDSG|0.0
P16234|P56211_DSGDYNMAK|0.375
P16234|P56211_DHIPTPQDL|0.0
P16234|P56211_SLVASKLAG|0.0
P16234|Q9UBL0_KLTRSLAVC|0.0
P16234|Q9UBL0_IRMLSKDCS|0.278
P16234|Q9UBL0_SKDCSQEYT|0.029
P16234|Q9UBL0_CSQEYTDST|0.0
P16234|Q9UBL0_FLINTLKNN|0.0
P16234|Q9UBL0_NVDQTGKSV|0.0
P16234|Q9UBL0_QTGKSVIIN|0.0
P16234|Q9UBL0_KRDNSSIDK|0.0
P16234|Q9UBL0_DDRRSKSIE|0.0
P16234|Q9UBL0_REEEYQRVR|0.407
P16234|Q9UBL0_NRDGSGRTS|0.0
P16234|Q9UBL0_QRAWSSTDS|0.0
P16234|Q9UBL0_RAWSSTDSD|0.0
P16234|Q9UBL0_SSTDSDSSN|0.0
P16234|Q9UBL0_TRGDSTSST|0.0
P16234|Q9UBL0_SKAGSESSS|0.0
P16234|Q9UBL0_SESSSSAGS|0.0
P16234|Q9UBL0_SSAGSSGSL|0.0
P16234|Q9UBL0_GSSGSLSRT|0.0
P16234|Q9UBL0-2_PGGESLQDQ|0.0
P16234|Q9UBL0-2_LQDQTL___|0.0
P16234|P49407_VDPEYLKER|0.299
P16234|P49407_CAFRYGRED|0.463
P16234|P49407_ANVQSFPPA|0.0
P16234|P49407_CGVDYEVKA|0.559
P16234|P49407_RKVQYAPER|0.449
P16234|P49407_VYTLTPFLA|0.197
P16234|P49407-2_ELPFTLMHP|0.002
P16234|P32121_VFKKSSPNC|0.0
P16234|P32121_NCKLTVYLG|0.104
P16234|P32121_VDPDYLKDR|0.547
P16234|P32121_CAFRYGRED|0.449
P16234|P32121_LEEKSHKRN|0.0
P16234|P32121_STAQYKCPV|0.495
P16234|P32121_PRPQSAAPE|0.079
P16234|P32121_KDDDYDDQL|0.503
P16234|Q8N5I2_KANDTAWVV|0.003
P16234|Q8N5I2_GYFNSSLSL|0.047
P16234|Q8N5I2_AAIHTPRFS|0.0
P16234|Q8N5I2_TPRFSKDHK|0.02
P16234|Q8N5I2_HAPVSPRPG|0.0
P16234|Q8N5I2_LPPEYSSWG|0.168
P16234|Q8TBH0_VKAFSVQLD|0.0
P16234|Q8TBH0_EPVFSGGQA|0.0
P16234|Q8TBH0_LELSSAARV|0.0
P16234|Q8TBH0_DTGETTTLP|0.0
P16234|Q8TBH0_QLPPTLVTS|0.0
P16234|Q8TBH0_PTLVTSFEG|0.0
P16234|Q8TBH0_TLVTSFEGK|0.0
P16234|Q8TBH0-2_LLRDTGETT|0.0
P16234|Q96B67_TPGESIQIF|0.0
P16234|Q96B67_PLFAYIQEF|0.0
P16234|Q96B67_DDRPSCPSR|0.0
P16234|Q96B67_PSCPSR___|0.0
P16234|Q8NCT1_SSGETVAGH|0.0
P16234|Q8NCT1_ERKGYCNGE|0.265
P16234|Q8NCT1_IRVDYSLAV|0.427
P16234|Q8NCT1_RVDYSLAVY|0.452
P16234|Q8NCT1_SLAVYIHIP|0.407
P16234|Q8NCT1_PPPLYSEVD|0.363
P16234|A6NEK1_SVSSSTQDG|0.0
P16234|A6NEK1_VSSSTQDGE|0.0
P16234|P15848_RGFDTYFGY|0.369
P16234|P15848_GFDTYFGYL|0.387
P16234|P15848_TYFGYLLGS|0.409
P16234|P15848_EDYYSHERC|0.408
P16234|P15848_ALNVTRCAL|0.0
P16234|P15848_EEVATGYKN|0.046
P16234|P15848_GFVASPLLK|0.0
P16234|P15848_AKDDSSLPE|0.0
P16234|P15848_LSREYPHIV|0.361
P16234|P51689_LTPDSEPLY|0.0
P16234|P51689_SEPLYHAVI|0.0
P16234|P51689_RQTLSPVPQ|0.0
P16234|P51690_TQHISAASL|0.0
P16234|P51690_ISAASLCTP|0.0
P16234|P51690_LTGRYPVRS|0.419
P16234|P54793_ERAGSIMVK|0.0
P16234|P54793_VSGGSLPQD|0.0
P16234|Q96EG1_DKMASEGMR|0.0
P16234|Q96EG1_QRDCYTDVA|0.144
P16234|Q96EG1_ALPLYENLN|0.233
P16234|Q96EG1_VNLSSLAQK|0.0
P16234|Q96EG1_LAQASLPQG|0.0
P16234|Q5FYA8_MVSAYNLNR|0.244
P16234|Q5FYB1_YLYRYRTMG|0.326
P16234|Q5FYB1_ARRKYAAMV|0.439
P16234|Q5FYB1_NGGQTFSGG|0.0
P16234|Q5FYB1_GQTFSGGSN|0.0
P16234|Q5FYB1_FSGGSNWPL|0.0
P16234|Q5FYB0_GSGDYYTHY|0.374
P16234|Q5FYB0_GSKGTYWEG|0.071
P16234|Q6UWY0_FLNAYTNSP|0.397
P16234|Q6UWY0_IPKWSPLSE|0.0
P16234|Q13508_ALMAYISEA|0.0
P16234|Q13508_MAYISEAQE|0.165
P16234|Q13508_SINKTCSHY|0.222
P16234|Q13508_NKTCSHYEC|0.11
P16234|Q13508_TCSHYECAF|0.481
P16234|Q13508_ILEPTQIPG|0.141
P16234|Q93070_LLPTTVPPA|0.0
P16234|Q93070_VPPATMRIW|0.0
P16234|Q96L15_SRELYMRHF|0.0
P16234|Q96SD1_KAEEYFQWS|0.209
P16234|Q96SD1_RACFSFHSS|0.0
P16234|Q96SD1_FHSSYSEIK|0.371
P16234|Q96SD1_KRARTVHRD|0.0
P16234|Q96SD1_VHRDSEEED|0.0
P16234|Q96SD1_GGSQSPKLF|0.0
P16234|Q96SD1_CPKDTYSDL|0.403
P16234|Q96SD1_SDLKSRDKD|0.0
P16234|Q96SD1_DKDVTIVPS|0.0
P16234|Q96SD1_PTTLSSETH|0.0
P16234|Q96SD1_TTLSSETHI|0.0
P16234|Q96SD1_FEVPSTPEA|0.0
P16234|Q96SD1_EKLATGESI|0.0
P16234|Q96SD1_KRKCSLLDT|0.0
P16234|Q96SD1_SLLDT____|0.0
P16234|Q9NZ08_GVKVSVYAV|0.309
P16234|Q9NZ08_KVSVYAVPD|0.37
P16234|Q9NZ08_KVGDYFFGK|0.765
P16234|Q9NZ08_MLREYLSAD|0.334
P16234|Q9NZ08_GIVQYLQKH|0.221
P16234|Q9NZ08_SYKNTKNED|0.0
P16234|Q9NZ08_GAPDTGYLW|0.164
P16234|Q9NZ08_MNGYYIVHY|0.506
P16234|Q9NZ08_KENGSQLRC|0.492
P16234|Q9H2C2_GVAATPTAA|0.0
P16234|O00192_GTPTSHVSI|0.0
P16234|O00192_TSHVSIVTS|0.0
P16234|O00192_VSIVTSEDG|0.0
P16234|O00192_GPVATLSRA|0.0
P16234|O00192_RAYLSSGGG|0.0
P16234|O00192_AYLSSGGGF|0.0
P16234|O00192_EPRDSPSYG|0.004
P16234|O00192_RDSPSYGSL|0.0
P16234|O00192_DSPSYGSLS|0.203
P16234|O00192_PSYGSLSRG|0.0
P16234|O00192_DGCFTLPGH|0.0
P16234|O00192_PGGRSLPER|0.0
P16234|O00192_QAEPYGLED|0.005
P16234|O00192_LEDDTRSLA|0.0
P16234|O00192_LEPDYGTAT|0.38
P16234|O00192_PDYGTATRR|0.284
P16234|O00192_FPMVTAPLA|0.07
P16234|O00192_PSVDSARKE|0.0
P16234|O00192_GADRYQEAE|0.17
P16234|O00192_ELRGTLQKD|0.0
P16234|O00192_GPDGYSTVD|0.022
P16234|O00192_PDGYSTVDR|0.402
P16234|O00192_DGYSTVDRR|0.0
P16234|Q96QS3_LGRRSPCKM|0.0
P16234|Q96QS3_AVQGSPKSS|0.0
P16234|Q96QS3_LRRLYGPGG|0.0
P16234|Q96QS3_GRLFSTMAP|0.0
P16234|O60343_YVGGSCLDH|0.0
P16234|O60343_IRRRSQKPE|0.0
P16234|O60343_GAGASGGTS|0.0
P16234|O60343_EDAFYNSQK|0.022
P16234|O60343_AFYNSQKFE|0.244
P16234|O60343_EADGTDTHL|0.0
P16234|O60343_PAGASQPAL|0.0
P16234|O60343_ILEDSGFDE|0.0
P16234|O60343_RSRCSSVTG|0.0
P16234|O60343_CSSVTGVQR|0.007
P16234|O60343_VHEGSQKSQ|0.0
P16234|O60343_HVQPSDSEK|0.0
P16234|O60343_QPSDSEKNR|0.0
P16234|O60343_EKNRTMLFQ|0.001
P16234|O60343_INLISPDTK|0.0
P16234|O60343_RHLSSLTDN|0.0
P16234|O60343_LSSLTDNEQ|0.0
P16234|O60343_ENIFSRGAN|0.0
P16234|O60343_ERSNSLASE|0.0
P16234|O60343_NSLASEKDY|0.0
P16234|O60343_SPGDSPPGT|0.0
P16234|O60343_SPPGTPPAS|0.0
P16234|O60343_TPPASPPSS|0.0
P16234|O60343_SPPSSAWQT|0.0
P16234|O60343_EDSDSPQFR|0.0
P16234|O60343_AHTFSHPPS|0.0
P16234|O60343_SHPPSSTKR|0.0
P16234|O60343_HPPSSTKRK|0.0
P16234|O60343_PSLHTSFSA|0.0
P16234|O60343_FSAPSFTAP|0.0
P16234|O60343_SVGGTSVTP|0.0
P16234|O60343_VGGTSVTPR|0.0
P16234|O60343_LRVASPMNK|0.0
P16234|O60343_PMNKSPSAM|0.0
P16234|O60343_NKSPSAMQQ|0.0
P16234|O60343_LLPLSPLSP|0.0
P16234|O60343_LSPLSPTME|0.0
P16234|O60343_QESSYSCED|0.364
P16234|O60343_ERANSQLKR|0.0
P16234|O60343_TKMKSLIRT|0.0
P16234|O60343-2_QGVRSPLLR|0.0
P16234|O60343-2_LLRQSSSEQ|0.0
P16234|O60343-2_LRQSSSEQC|0.0
P16234|O60343-2_RQSSSEQCS|0.0
P16234|O60343-2_SEQCSDGEG|0.0
P16234|O60343-3_SGRLSPQYE|0.0
P16234|Q9HBK9_DVQTYYGQV|0.407
P16234|Q9HBK9_VQTYYGQVL|0.272
P16234|Q9HBK9_KGHVTGIDM|0.0
P16234|Q9HBK9_GIDMTKGQV|0.735
P16234|Q9HBK9_LAEESDSMK|0.0
P16234|Q13510_TYPPSGPTY|0.497
P16234|Q13510_PSGPTYRGA|0.431
P16234|Q13510_SGPTYRGAV|0.391
P16234|Q13510_TFVPSGKIM|0.0
P16234|Q13510_RNNKTVFKA|0.154
P16234|Q13510_VFKASSFAG|0.049
P16234|Q13510_IGFLTRTVL|0.262
P16234|Q13510_FLTRTVLEN|0.001
P16234|Q13510_DRKESLDVY|0.0
P16234|Q13510_SLDVYELDA|0.237
P16234|Q13510_YDVLSTKPV|0.142
P16234|Q13510_DVLSTKPVL|0.0
P16234|Q9NR71_FQNFSGYHI|0.316
P16234|Q9NR71_ERARYSSNT|0.31
P16234|Q9NR71_ARYSSNTDK|0.391
P16234|Q9NR71_KNKGYLPGQ|0.36
P16234|Q9NR71_PLIPSIVDR|0.0
P16234|Q9NR71_TVEKYEATS|0.003
P16234|Q9NR71_KYEATSTSW|0.181
P16234|P0C7U1_TVEKYEATS|0.0
P16234|P0C7U1_KYEATSTSW|0.0
P16234|Q9H6B4_VAFASNFLA|0.001
P16234|Q9H6B4_QYVQSIGMV|0.0
P16234|Q9H6B4_KPSSSSSGS|0.0
P16234|Q9H6B4_GSRSSRSGS|0.0
P16234|Q9H6B4_SRSGSSSTR|0.0
P16234|Q9H6B4_GSSSTRSTA|0.0
P16234|Q9H6B4_SASRSQRTL|0.0
P16234|Q9H6B4_RSQRTLSTD|0.0
P16234|Q9H6B4_RTLSTDAAP|0.0
P16234|Q9H6B4_ATQAYSLVG|0.302
P16234|Q9H6B4_HANLTKAET|0.3
P16234|Q9H6B4_KAETTPSMI|0.0
P16234|Q9Y576_QTLRSLLQE|0.0
P16234|Q8WXI3_RLLRYLQLD|0.413
P16234|Q8WXH4_GPVFYGFKN|0.191
P16234|Q8WXH4_NIFITMFAT|0.0
P16234|Q8WXH4_TMFATFFFF|0.0
P16234|Q8WXH4_LALKTLIAQ|0.0
P16234|Q8WXK4_NQAVYDNDS|0.37
P16234|Q8WXK4_YDNDSYTLD|0.357
P16234|Q8WXK4_DNDSYTLDQ|0.201
P16234|Q8WXK4_SGPLYLAAV|0.005
P16234|Q8WXK4_LAAVYGHLD|0.071
P16234|Q8WXK4_RSLLSQVRL|0.012
P16234|A6NK59_LMLVSGAHP|0.0
P16234|A6NK59_LAAQSGHTE|0.0
P16234|A6NK59_VMLDYVDQV|0.013
P16234|Q8WXK1_DKGETPLLI|0.0
P16234|Q96NS5_GAGHTPMDC|0.0
P16234|Q96NS5_PCVPSCETW|0.0
P16234|Q96NS5_HEAFYSSAL|0.0
P16234|Q495Z4_ATWRTWGQE|0.0
P16234|Q8WXJ9_NQLLTNNML|0.011
P16234|Q6ZVZ8_GRGETALSA|0.0
P16234|Q6ZVZ8_ETALSAACG|0.0
P16234|Q96Q27_APPESSPAR|0.0
P16234|Q96Q27_PPESSPARA|0.0
P16234|Q96Q27_ETPLYKACE|0.403
P16234|Q9Y575_KKGRSVDVA|0.0
P16234|Q9Y575_LIPLTNRAC|0.0
P16234|Q9Y575_LHLAYCLKY|0.0
P16234|Q9Y575_LRSDSYISQ|0.0
P16234|Q9Y575_DSYISQLPL|0.0
P16234|Q9Y575_PLPRSLHNY|0.0
P16234|Q9Y574_PVTKSGAAK|0.13
P16234|Q9Y574_PNGKTPLHV|0.0
P16234|Q9Y574_IPLLSLPLS|0.0
P16234|Q9Y574_SLPLSLKKY|0.0
P16234|Q9Y574_EGIIY____|0.422
P16234|Q9NWX5_DVKATTKDG|0.0
P16234|Q9NWX5_MVTNSQKLQ|0.0
P16234|Q9NWX5_EHSGSVEDD|0.0
P16234|Q9H672_LMLESEYRS|0.0
P16234|Q9H672_LESEYRSDI|0.0
P16234|Q9H672_ARMLYNYGA|0.129
P16234|Q9H672_NTRNYEGQT|0.066
P16234|Q9H765_ALDGYNRTA|0.0
P16234|Q9H765_CEKLTVLCS|0.013
P16234|Q9H765_SAPGTLKTL|0.0
P16234|Q96DX5_GMDGSKPAG|0.0
P16234|Q96DX5_KGQDSPLHA|0.0
P16234|Q96DX5_FGADTQAKN|0.0
P16234|Q96DX5_VPPESPLAQ|0.0
P16234|Q12908_EPESSFYKA|0.0
P16234|Q8N9N2_VQEQTYQHE|0.0
P16234|Q8N9N2_EEDFYQGSM|0.001
P16234|Q8N9N2_VLLDTFRRK|0.349
P16234|Q8N9N2_RYNLYTAEG|0.005
P16234|Q8N9N2_YNLYTAEGK|0.0
P16234|Q8N9N2-2_LRAPSLLYK|0.0
P16234|Q9H1I8_KLRTSPALH|0.0
P16234|Q9H1I8_RLHRSVFLT|0.0
P16234|Q9H1I8_FLRMSTHKE|0.0
P16234|Q9H1I8_THKESKDHF|0.0
P16234|Q9H1I8_WQRLSHSRK|0.0
P16234|Q9H1I8_KPDPTPLLT|0.001
P16234|Q9H1I8_FDVFSRDSV|0.0
P16234|Q9H1I8_FSRDSVDLS|0.0
P16234|Q9H1I8_KGKSTRKEE|0.0
P16234|Q9H1I8_YRHDSSTAV|0.0
P16234|Q9H1I8_HNRRTMADR|0.0
P16234|Q9H1I8_DRKRSKGMI|0.0
P16234|Q8N3C0_NLAFSFDMH|0.007
P16234|Q8N3C0_QKTISLDYK|0.307
P16234|Q8N3C0_QEACTPELK|0.009
P16234|Q8N3C0_KTNGSFLWC|0.078
P16234|Q8N3C0_YLNSTLKEM|0.0
P16234|Q8N3C0_FLNSSNDHR|0.065
P16234|Q8N3C0_LNARSVPIL|0.18
P16234|Q8N3C0_PMPLSFEEK|0.0
P16234|Q8N3C0_EILRTQMLV|0.258
P16234|Q8N3C0_MLVTTPEKW|0.002
P16234|Q8N3C0_WDVVTRKSV|0.005
P16234|Q8N3C0_RQVESTQSM|0.0
P16234|Q8N3C0_ESTQSMIRI|0.0
P16234|Q8N3C0_FEERTGYFS|0.201
P16234|Q8N3C0_ERTGYFSST|0.412
P16234|Q8N3C0_KRWPTMTYR|0.159
P16234|Q8N3C0_WPTMTYRLL|0.402
P16234|Q8N3C0_PTMTYRLLN|0.397
P16234|Q8N3C0_LRQFSILPP|0.0
P16234|Q8N3C0_ISSHTEKPV|0.35
P16234|Q8N3C0_IVGLSTALA|0.0
P16234|Q8N3C0_VGLSTALAN|0.001
P16234|Q8N3C0_PRMASMNKP|0.001
P16234|Q8N3C0_TVRDSNLKL|0.0
P16234|Q8N3C0_NLKLTLAFG|0.001
P16234|Q8N3C0_GGTITSKQD|0.0
P16234|Q8N3C0_GTITSKQDA|0.01
P16234|Q8N3C0_PCPDYDTDT|0.429
P16234|Q99929_RRPASPELL|0.0
P16234|Q99929_RRPATAETG|0.0
P16234|Q99929_ATAETGGGA|0.0
P16234|Q99929_PVAASPSRA|0.0
P16234|Q99929_AASPSRASS|0.0
P16234|Q9NQ33_AAIKYINYL|0.355
P16234|Q9NQ33_KYINYLQSL|0.361
P16234|Q9NQ33_GKVSSMIAT|0.198
P16234|Q9NQ33_SMIATTSHH|0.34
P16234|Q9NQ33_MIATTSHHA|0.166
P16234|O15446_NPPVTGPRS|0.0
P16234|O15446_TGPRSALAP|0.0
P16234|O15446_EQINTEPLE|0.0
P16234|O15446_SPGGTMAPQ|0.0
P16234|O15446_EARATPGST|0.0
P16234|O15446_ATPGSTKKR|0.003
P16234|O15446_RMPETVPQE|0.0
P16234|Q9Y294_WEDNTEKLE|0.0
P16234|Q9Y294_SLLSTDALP|0.001
P16234|Q9NVP2_IRVGYYVNN|0.275
P16234|Q9NVP2_VNNEYLNPE|0.149
P16234|P07306____MTKEYQ|0.442
P16234|P07306_MTKEYQDLQ|0.213
P16234|Q9NR48_LGLGSDSEG|0.0
P16234|Q9NR48_LGSDSEGFS|0.0
P16234|Q9NR48_SVKETNFSE|0.0
P16234|Q9NR48_ETNFSEGNL|0.0
P16234|Q9NR48_IRLHSQGEN|0.0
P16234|Q9NR48_SKKLSPVHS|0.0
P16234|Q9NR48_QLIATCPPS|0.0
P16234|Q9NR48_TCPPSKSSK|0.0
P16234|Q9NR48_KKLGTGTTA|0.0
P16234|Q9NR48_LGTGTTAGL|0.0
P16234|Q9NR48_AGLVSKDLI|0.0
P16234|Q9NR48_AGVGSVAGI|0.0
P16234|Q9NR48_PGTITTVGL|0.0
P16234|Q9NR48_VGLLSKDSG|0.0
P16234|Q9NR48_LSKDSGKKL|0.0
P16234|Q9NR48_AGLISKDAI|0.0
P16234|Q9NR48_QNKESILEK|0.0
P16234|Q9NR48_LEKFSVRKE|0.0
P16234|Q9NR48_VYCTSPDFK|0.0
P16234|Q9NR48_SNLPSPSPT|0.0
P16234|Q9NR48_PLTRSPPET|0.0
P16234|Q9NR48_VGHRSVGHS|0.0
P16234|Q9NR48_SVGHSISIE|0.0
P16234|Q9NR48_GHSISIECK|0.0
P16234|Q9NR48_STCRSPKGL|0.0
P16234|Q9NR48_ELERSELFK|0.0
P16234|Q9NR48_STAPSLALL|0.0
P16234|Q9NR48_LLADSEKPS|0.0
P16234|Q9NR48_SEKPSHKSF|0.0
P16234|Q9NR48_GLSVSPFPK|0.0
P16234|Q9NR48_VATESPSKL|0.0
P16234|Q9NR48_TESPSKLES|0.0
P16234|Q9NR48_SSVESSNKG|0.0
P16234|Q9NR48_SVESSNKGK|0.0
P16234|Q9NR48_ATFGSKLGQ|0.0
P16234|Q9NR48_LLPNSPSHL|0.0
P16234|Q9NR48_KRRHSFEHV|0.0
P16234|Q9NR48_EAFLTTSRT|0.0
P16234|Q9NR48_AFLTTSRTP|0.0
P16234|Q9NR48_RCHMSCPHL|0.0
P16234|Q9NR48_CPHLSPSKS|0.0
P16234|Q9NR48_HLSPSKSLI|0.0
P16234|Q9NR48_KLTDSPGLF|0.0
P16234|Q9NR48_SAQDTSLNR|0.005
P16234|Q9NR48_AQDTSLNRL|0.0
P16234|Q9NR48_HRKESLPSN|0.0
P16234|Q9NR48_SQPTSDKPS|0.0
P16234|Q9NR48_PSESTNCSP|0.0
P16234|Q9NR48_NCSPTRKRS|0.0
P16234|Q9NR48_KRSSSESTS|0.0
P16234|Q9NR48_NGVPSRSPR|0.0
P16234|Q9NR48_VPSRSPRLV|0.0
P16234|Q9NR48_RLVASGDDS|0.0
P16234|Q9NR48_SGDDSVDSL|0.0
P16234|Q9NR48_DSVDSLLQR|0.0
P16234|Q9NR48_APPSSSPGR|0.0
P16234|Q9NR48_GRSHSKDRT|0.0
P16234|Q9NR48_TSSCSPHHI|0.0
P16234|Q9NR48_ENNKSFNEA|0.0
P16234|Q9NR48_PKKKYQKAG|0.158
P16234|Q9NR48_KAGLYSDVY|0.102
P16234|Q9NR48_YSDVYKTTD|0.374
P16234|Q9NR48_ENINTPTRL|0.0
P16234|Q9NR48_RSVRTRRLA|0.0
P16234|Q9NR48_GYYKTVEAF|0.532
P16234|Q9NR48_EQDVYICDY|0.0
P16234|Q9NR48_YICDYRLDK|0.322
P16234|Q9NR48_HRNRYPVCT|0.039
P16234|Q9NR48_CTKPYAFDH|0.002
P16234|Q9NR48_KKDFSPHYV|0.114
P16234|Q9NR48_TEESSQEPQ|0.0
P16234|Q9NR48_QSTCTPEER|0.0
P16234|Q9NR48_LEEGSGRKL|0.0
P16234|Q9NR48_LRRRTLFIP|0.0
P16234|Q9UBL3_NGKDTLEGA|0.0
P16234|Q9UBL3_AGDTSEVMD|0.0
P16234|Q9UBL3_DQDLSNIGP|0.0
P16234|Q9UBL3_IAAGSSGKG|0.0
P16234|Q9UBL3_AAGSSGKGR|0.0
P16234|Q9UBL3_DPLFSAQRL|0.0
P16234|Q9UBL3_KFSYSWRSK|0.334
P16234|Q9UBL3_ETAKSLPDT|0.0
P16234|Q9UBL3_IKFKSYLYF|0.265
P16234|Q9UBL3_KFKSYLYFE|0.406
P16234|Q9UBL3_KSYLYFEEK|0.375
P16234|P78348_FASSSTLHG|0.0
P16234|P78348_IDCETRYLV|0.248
P16234|P78348-1_YTFNSGRDG|0.0
P16234|P78348-1_GVALSLDDV|0.0
P16234|Q16515_YGPLTIRRV|0.002
P16234|Q16515_KDSNYCLCR|0.309
P16234|Q16515-2_FPAVTVCNN|0.0
P16234|Q9UHC3_AKELSMVRI|0.287
P16234|Q9UHC3_QKKAYEMSE|0.0
P16234|Q9UHC3-2_RHSSTNLTS|0.025
P16234|Q9UHC3-2_STNLTSHPS|0.0
P16234|Q9UHC3-2_TNLTSHPSL|0.0
P16234|Q9UHC3-3_LPVPSPRLS|0.0
P16234|Q96FT7_YGKCYTFNA|0.275
P16234|Q96FT7_GKCYTFNAD|0.433
P16234|Q96FT7_GKEISMVRI|0.0
P16234|Q96FT7_PNRGSARYL|0.0
P16234|Q9NY37_KVSVSGRGL|0.0
P16234|Q9NY37_QNFSSYSTS|0.0
P16234|P42127_RDDRSLRSN|0.0
P16234|P42127_VRPRTPLSA|0.0
P16234|P42127_RTPLSAPCV|0.341
P16234|P42127_PCVATRNSC|0.0
P16234|Q99683_RGRGSSVGG|0.0
P16234|Q99683_INEASQGQL|0.0
P16234|Q99683_EALQSLREA|0.056
P16234|Q99683_VKLSSLLGK|0.0
P16234|Q99683_FVKLTTEQP|0.001
P16234|Q99683_PTKIYQPSY|0.388
P16234|Q99683_YQPSYLSIN|0.239
P16234|Q99683_LINTYSGVL|0.002
P16234|Q99683_VLKISDFGT|0.003
P16234|Q99683_EYLRSISLP|0.0
P16234|Q99683_SSSEYGSVS|0.396
P16234|Q99683_YGSVSPDTE|0.023
P16234|Q99683_VDPFSFKTR|0.0
P16234|Q99683_HRILTEDQD|0.0
P16234|Q99683_SAHRSLNVQ|0.407
P16234|P04424_MASESGKLW|0.0
P16234|P04424_FKLNSNDED|0.048
P16234|P04424_EDIHTANER|0.0
P16234|P04424_LIGATAGKL|0.0
P16234|P04424_DLAYYLVRK|0.366
P16234|P04424_GTARSSVDW|0.0
P16234|O95671_ASFATPYGY|0.345
P16234|O95671_FATPYGYAM|0.354
P16234|O95671_TPYGYAMET|0.434
P16234|O95671_YAMETAKQK|0.376
P16234|O95671_ANRLYQKDL|0.252
P16234|O95671_LVKLYYPPR|0.446
P16234|O95671_GSEPTQRDA|0.0
P16234|O95671_RDAGSRDEK|0.0
P16234|O95671_LAREYPRMQ|0.026
P16234|O95671_LLVETLLDE|0.0
P16234|O95671_ALMQSLNML|0.0
P16234|O95671_MLVQTEGKE|0.0
P16234|O95671-2_RLYQTVGGL|0.294
P16234|P08243_FEFEYQTKV|0.37
P16234|P08243_LPGHYEVLD|0.277
P16234|P08243_GCLLSGGLD|0.0
P16234|P08243_DGITSVKNS|0.0
P16234|P08243_ATDPSARTL|0.0
P16234|P08243_PSARTLTHY|0.246
P16234|P08243_TLTHYKSAV|0.332
P16234|Q9NWL6_AAADSPNKH|0.0
P16234|Q9NWL6_GRISSRNLG|0.0
P16234|Q9NWL6_ELGLTASAL|0.0
P16234|Q9NWL6_GLTASALLP|0.0
P16234|Q9NWL6_MQFGSRIAK|0.0
P16234|Q9NWL6_LENLSIEKE|0.0
P16234|P45381_KCTRYIDCD|0.073
P16234|P45381_GKKMSEDLP|0.001
P16234|P45381_EDLPYEVRR|0.336
P16234|A6ND91_PTGRSFAVH|0.0
P16234|Q12797_GNSSSSGSG|0.0
P16234|Q12797_NSSSSGSGS|0.0
P16234|Q12797_SSSGSGSGS|0.0
P16234|Q12797_SGSGSGSTS|0.0
P16234|Q12797_ARRETKHGG|0.0
P16234|Q12797_KLGIYDADG|0.0
P16234|Q12797_AEPHTEPEE|0.0
P16234|Q12797_EPEVSHEET|0.0
P16234|Q12797_KYPQSPRAR|0.0
P16234|Q12797_AIETYQEVA|0.0
P16234|Q12797_LGVGYLLIG|0.009
P16234|Q12797_AKKVYEEVL|0.456
P16234|Q12797_VLSVTPNDG|0.0
P16234|Q12797_ESIPYLKEG|0.0
P16234|Q12797_EGIESGDPG|0.0
P16234|Q12797_GDPGTDDGR|0.0
P16234|Q12797_QPWWTPKET|0.0
P16234|Q12797_KETGYTELV|0.039
P16234|Q12797-3_KDFRYNLSE|0.001
P16234|Q12797-3_RYNLSEVLQ|0.0
P16234|Q5U4P2_ARRYSWAGM|0.0
P16234|Q6ICH7_QPRPYVSVN|0.219
P16234|Q6ICH7_LQNGYVYCQ|0.44
P16234|Q6ICH7_NGYVYCQSP|0.258
P16234|Q8IZT6_SVNWTPLKE|0.15
P16234|Q8IZT6_SLWDTIKKK|0.0
P16234|Q8IZT6_NKTFSVSQK|0.0
P16234|Q8IZT6_DRVRSPLQA|0.0
P16234|Q8IZT6_VRRSTTYSS|0.001
P16234|Q8IZT6_RSTTYSSLH|0.0
P16234|Q8IZT6_AVTETSFNS|0.498
P16234|Q8IZT6_NSKLSLTPN|0.0
P16234|Q8IZT6_VHLESTIAH|0.0
P16234|Q8IZT6_AHEIYQKIL|0.528
P16234|Q8IZT6_YMCTSQQTC|0.057
P16234|Q8IZT6_KVPLSNENS|0.0
P16234|Q8IZT6_SNENSQVPQ|0.09
P16234|Q8IZT6_DWRKSEVSP|0.184
P16234|Q8IZT6_KSEVSPRIP|0.0
P16234|Q8IZT6_ECQGSKSPK|0.0
P16234|Q8IZT6_QGSKSPKAI|0.0
P16234|Q8IZT6_MKSNYYSFI|0.532
P16234|Q8IZT6_KSNYYSFIK|0.083
P16234|Q8IZT6_NPKFSAVQD|0.076
P16234|Q8IZT6_RPILSATVT|0.0
P16234|Q8IZT6_ILSATVTKR|0.0
P16234|Q8IZT6_DPILSKSKS|0.0
P16234|Q8IZT6_KSDGSMEDA|0.0
P16234|Q8IZT6_SEPKTSAVK|0.0
P16234|Q8IZT6_EPKTSAVKK|0.001
P16234|Q8IZT6_TKNVTTPIS|0.0
P16234|Q8IZT6_TTPISKRIS|0.0
P16234|Q8IZT6_LKKKTDLSI|0.0
P16234|Q8IZT6_KTDLSIFRT|0.0
P16234|Q8IZT6_RTPISKTNK|0.0
P16234|Q8IZT6_PRAPTKEEM|0.005
P16234|Q8IZT6_KEEMSLRAY|0.006
P16234|Q8IZT6_QVLKSRGIE|0.0
P16234|Q8IZT6_GIELSDEHG|0.0
P16234|Q8IZT6_EHGNTILSK|0.0
P16234|Q8IZT6_KKTISLLSC|0.0
P16234|Q8IZT6_LSCHSDDLI|0.0
P16234|Q8IZT6_FEQYSENIK|0.104
P16234|Q8IZT6_VIQKYWRRV|0.277
P16234|Q8IZT6_YWRRYSTRQ|0.349
P16234|Q8IZT6_DQQRYEMLK|0.002
P16234|Q8IZT6_ELRKYIYIR|0.378
P16234|Q8IZT6_RRKESILTI|0.0
P16234|Q8IZT6_ESILTIQKY|0.0
P16234|Q8IZT6_IVLQSAYRG|0.036
P16234|Q8IZT6_LQSAYRGMQ|0.4
P16234|Q8IZT6_HILTSVIKI|0.0
P16234|Q8IZT6_KARQYYLKM|0.426
P16234|Q8IZT6_IKQQSIAAL|0.0
P16234|Q8IZT6_LKIQSAFRG|0.0
P16234|Q8IZT6_KRVKYQSVL|0.489
P16234|Q8IZT6_VKYQSVLQS|0.484
P16234|Q8IZT6_SVLQSIIKI|0.0
P16234|Q8IZT6_LKIQSAFRM|0.0
P16234|Q8IZT6_QCMEYIELR|0.137
P16234|Q8IZT6_VTLQSAYRG|0.093
P16234|Q8IZT6_TKKKYATYR|0.569
P16234|Q8IZT6_TYRASAIII|0.003
P16234|Q8IZT6_NLKKTAIKI|0.0
P16234|Q8IZT6_IKIQSVYRG|0.216
P16234|Q8IZT6_IQSVYRGIR|0.371
P16234|Q8IZT6_HRAATFIKA|0.0
P16234|Q8IZT6_KMHQSRISY|0.0
P16234|Q8IZT6_QSRISYHTM|0.148
P16234|Q8IZT6_VLQASFRGV|0.01
P16234|Q8IZT6_RKMQTAATL|0.008
P16234|Q8IZT6_LIQATFRMY|0.0
P16234|Q8IZT6_KHKASIVIQ|0.0
P16234|Q8IZT6_MYRQYCFYQ|0.477
P16234|Q8IZT6_QYCFYQKLQ|0.419
P16234|Q8IZT6_CIQSYYRGF|0.239
P16234|Q8IZT6_IQSYYRGFK|0.046
P16234|Q8IZT6_VRVKTERKN|0.0
P16234|Q8IZT6_GLACSQEAE|0.004
P16234|Q8IZT6_QIRSSVIII|0.058
P16234|Q8IZT6_AHKEYLAIL|0.0
P16234|Q8IZT6_NVRASAIII|0.0
P16234|Q8IZT6_LRQKSAALI|0.0
P16234|Q8IZT6_EFKKSTVIL|0.0
P16234|Q8IZT6_TNRASDVRS|0.116
P16234|Q8IZT6_VDRIYSLYK|0.279
P16234|Q8IZT6_LYKLTAHKH|0.521
P16234|Q8IZT6_QKKNSSISI|0.0
P16234|Q8IZT6_TPVRTRIVS|0.0
P16234|Q8IZT6_TRIVSRLKP|0.0
P16234|Q8IZT6_LGIPY____|0.0
P16234|Q9BXN1_NNKLTKIHP|0.0
P16234|Q9BXN1_KAFLTTKKL|0.002
P16234|Q9BXN1_KKIPSGLPE|0.0
P16234|Q9BXN1_DFCPTVPKM|0.405
P16234|Q9BXN1_LSRMSVQLG|0.0
P16234|Q53RT3_SPGASLGIK|0.0
P16234|Q53RT3_DQGDYGTVK|0.445
P16234|Q53RT3_GAAPSHLPK|0.0
P16234|Q53RT3_MGKGYYLKG|0.023
P16234|Q53RT3_GKGYYLKGK|0.396
P16234|Q9BZE9_KFQRSVLDL|0.0
P16234|Q9BZE9_FVPFSGGGQ|0.0
P16234|Q9BZE9_PKSLSSPGG|0.0
P16234|Q9BZE9_PVKRSLGKV|0.0
P16234|Q9BZE9-2_FWGPSRGRA|0.0
P16234|Q9BZE9-4_RRSLSLSPR|0.006
P16234|Q7L266_AGPISKDRK|0.0
P16234|Q7L266_VRAATVGYG|0.0
P16234|Q7L266_LIVVSKTGD|0.0
P16234|P00966_KEQGYDVIA|0.075
P16234|P00966_DVIAYLANI|0.186
P16234|P00966_SSALYEDRY|0.415
P16234|P00966_SHGATGKGN|0.0
P16234|P00966_RFELSCYSL|0.225
P16234|P00966_ELSCYSLAP|0.392
P16234|P00966_LSCYSLAPQ|0.148
P16234|P00966_DLMEYAKQH|0.32
P16234|P00966_IGMKSRGIY|0.352
P16234|P00966_GTILYHAHL|0.071
P16234|P00966_AELVYTGFW|0.296
P16234|P00966_KVQVSVLKG|0.0
P16234|P00966_KGQVYILGR|0.499
P16234|P00966_VQGDYEPTD|0.261
P16234|P00966_RLKEYHRLQ|0.0
P16234|Q2TB18_LNWLSHFAN|0.0
P16234|Q2TB18_FANPTEALD|0.008
P16234|Q6HA08_PMGGSGVVE|0.0
P16234|Q6HA08_GCFSSVGRS|0.0
P16234|Q6HA08_RLAFSRRGL|0.0
P16234|Q6HA08_VLKLYGCSP|0.002
P16234|O14525_DDIISGAKS|0.0
P16234|O14525_SSLKYLGCR|0.0
P16234|O14525_LGCRYSEIK|0.0
P16234|O14525_WAELSRDLR|0.0
P16234|O75129_QKSASTEAT|0.0
P16234|O75129_QTHNSVIGV|0.0
P16234|O75129_RRSKSRGGI|0.0
P16234|O75129_GLLKSPVNK|0.267
P16234|O75129_LKPDSKFND|0.0
P16234|O75129_LMSSYWCSG|0.426
P16234|O75129_EKMVSMARN|0.0
P16234|Q9NVM9_VKNRTQGII|0.0
P16234|Q9NVM9_CRIMYDIFP|0.388
P16234|Q9NVM9_NFIVSDSGA|0.0
P16234|Q9NVM9_IVSDSGAHV|0.399
P16234|Q9NVM9_LIHTYPVGE|0.364
P16234|Q9NVM9_KKELSPVLT|0.0
P16234|Q9NVM9_SEVHSVRAG|0.0
P16234|Q9NVM9_AVKDYEQEK|0.403
P16234|Q9NVM9_EQEKSWQDS|0.003
P16234|Q9NVM9_EMDETPQVE|0.274
P16234|Q9NVM9_KGPVSLLSL|0.0
P16234|Q9NVM9_LSLWSNRIN|0.0
P16234|Q9NVM9_NRINTANSR|0.045
P16234|Q9NVM9_GRLNSVNNR|0.0
P16234|Q8IXJ9_DAPMTPKQI|0.0
P16234|Q8IXJ9_RSGTSPLAC|0.0
P16234|Q8IXJ9_RVVLTPLKV|0.087
P16234|Q8IXJ9_GESGSPSSS|0.0
P16234|Q8IXJ9_LLRLSSSAL|0.0
P16234|Q8IXJ9_DVPLYKDGE|0.003
P16234|Q8IXJ9_HLPGTSSAA|0.0
P16234|Q8IXJ9_QKRKSFEQA|0.0
P16234|Q8IXJ9_ESVHTEKPQ|0.0
P16234|Q8IXJ9_RIQLSRIKP|0.0
P16234|Q8IXJ9_PVNVTPSST|0.0
P16234|Q8IXJ9_LVTRTDGMV|0.0
P16234|Q8IXJ9_VAPQSWVSR|0.19
P16234|Q8IXJ9_TKDQSHGSL|0.0
P16234|Q8IXJ9_RIEATQAPG|0.0
P16234|Q8IXJ9_KAVPSFDSL|0.0
P16234|Q8IXJ9_VRAMSQDSN|0.0
P16234|Q8IXJ9_MSQDSNSNA|0.0
P16234|Q8IXJ9_APGKSPGDL|0.0
P16234|Q8IXJ9_PRFSSPNVI|0.0
P16234|Q8IXJ9_KLGPSTNSM|0.0
P16234|Q8IXJ9_PSTNSMSGG|0.0
P16234|Q8IXJ9_LQMFTDSST|0.0
P16234|Q76L83_AMLHTNSRG|0.0
P16234|Q76L83_LHTNSRGEE|0.0
P16234|Q76L83_VKELSEGSE|0.0
P16234|Q76L83_LSEGSEESS|0.0
P16234|Q76L83_CPSPTIPAG|0.0
P16234|Q76L83_EGKQSDGQT|0.0
P16234|Q76L83_ERLHTRQMK|0.0
P16234|Q76L83_QFFESYYGQ|0.0
P16234|Q76L83_LQMSSPGRK|0.0
P16234|Q76L83_SKPKSPGVE|0.0
P16234|Q76L83_EPLATLVDQ|0.0
P16234|Q76L83_QSPESLKRK|0.0
P16234|Q76L83_LKRKSSLTQ|0.0
P16234|Q76L83_EAPVSWEKR|0.0
P16234|Q76L83_VSRISPMPF|0.0
P16234|Q76L83_SPNRTGART|0.0
P16234|Q76L83_ARGGSPGSD|0.0
P16234|Q76L83_APSPTGPAL|0.0
P16234|Q76L83_AADGTVELK|0.0
P16234|Q76L83_ALIATNTTE|0.0
P16234|Q76L83_TTENSTREE|0.0
P16234|Q76L83_TENSTREEV|0.0
P16234|Q76L83_DTHQYHEGL|0.0
P16234|Q76L83_HEGLSKATQ|0.0
P16234|Q76L83_SFRRTHSVN|0.0
P16234|Q76L83_RRTHSVNPE|0.0
P16234|Q76L83_FCLSSPTEA|0.0
P16234|Q76L83_KMGYTDCKN|0.414
P16234|Q76L83_ATGESSSSK|0.0
P16234|Q76L83_TGESSSSKE|0.0
P16234|Q76L83_GESSSSKED|0.0
P16234|Q76L83_KEDDTDEES|0.0
P16234|Q76L83_TRGQTFDEK|0.0
P16234|Q76L83_FDEKTLARD|0.0
P16234|Q76L83_KAIRSSPEL|0.0
P16234|Q9C0F0_RVVLTPLKV|0.025
P16234|Q9C0F0_EADSSDKEM|0.0
P16234|Q9C0F0_HGQKSPTGK|0.0
P16234|Q9C0F0_QQRKSPSVS|0.0
P16234|Q9C0F0_EEPLSPQKD|0.0
P16234|Q9C0F0_HKQGSTQSR|0.0
P16234|Q9C0F0_SRLETSHTS|0.0
P16234|Q9C0F0_RLETSHTSK|0.0
P16234|Q9C0F0_HTSKSSEPS|0.0
P16234|Q9C0F0_TSKSSEPSK|0.0
P16234|Q9C0F0_EPSKSPDGI|0.0
P16234|Q9C0F0_KIQLSKIGP|0.0
P16234|Q9C0F0_FIIKSQPVS|0.0
P16234|Q9C0F0_SKPESRAST|0.0
P16234|Q9C0F0_GAMGSPGEG|0.0
P16234|Q9C0F0_TLTSSLSLT|0.0
P16234|Q9C0F0_RIVHSPEVK|0.0
P16234|Q9C0F0_VTMETTKRL|0.0
P16234|Q9C0F0_TMETTKRLS|0.0
P16234|P30556_GRHNYIFVM|0.518
P16234|P30556_SNLSTKMST|0.0
P16234|P30556_STKMSTLSY|0.356
P16234|P30556_TKMSTLSYR|0.255
P16234|P30556_MSTLSYRPS|0.01
P16234|P30556_SYRPSDNVS|0.413
P16234|P50052_QKLRSVFRV|0.302
P16234|Q8NBU5_AEAFSRPLS|0.0
P16234|Q8NBU5_SRPLSRNEV|0.0
P16234|Q8NBU5_GVLLYGPPG|0.325
P16234|Q8NBU5_LRNRSSSDH|0.0
P16234|Q8NBU5_NRSSSDHEA|0.241
P16234|Q8NBU5_DHEATAMMK|0.0
P16234|Q6PL18_RALRSLRKD|0.0
P16234|Q6PL18_DAQNSSDSS|0.0
P16234|Q6PL18_AQNSSDSSF|0.0
P16234|Q6PL18_NSSDSSFEK|0.136
P16234|Q6PL18_SSDSSFEKN|0.0
P16234|Q6PL18_NIVQSTEHL|0.0
P16234|Q6PL18_VFNETEESN|0.0
P16234|Q6PL18_ETEESNLNM|0.0
P16234|Q6PL18_QRKATVYYQ|0.412
P16234|Q6PL18_KATVYYQAP|0.179
P16234|Q6PL18_ATVYYQAPL|0.436
P16234|Q6PL18_PRSPYCKRM|0.388
P16234|Q6PL18_HSSDSTSSS|0.0
P16234|Q6PL18_SSDSTSSSS|0.0
P16234|Q6PL18_SDSTSSSSS|0.0
P16234|Q6PL18_RRKRSRNRA|0.0
P16234|Q6PL18_MQLDSSVRF|0.0
P16234|Q6PL18_QLDSSVRFD|0.0
P16234|Q6PL18_ANECSQGDK|0.003
P16234|Q6PL18_NRLDSIDPA|0.0
P16234|Q6PL18_SDLAYSDDD|0.392
P16234|Q6PL18_DDVPSVYEN|0.248
P16234|Q6PL18_EAKRTAPSI|0.0
P16234|Q6PL18_RTAPSIVYV|0.0
P16234|Q6PL18_PSIVYVPHI|0.247
P16234|Q6PL18_PEPRSLTAE|0.0
P16234|Q6PL18_LRNVTHRLA|0.0
P16234|Q6PL18_DLHKYLTVK|0.318
P16234|Q6PL18_TVKDYLRDI|0.385
P16234|Q6PL18_NALEYNPDR|0.067
P16234|Q6PL18_YAPSYYHVM|0.424
P16234|Q6PL18_PKQNSTLVG|0.001
P16234|Q6PL18_KQNSTLVGD|0.0
P16234|Q6PL18_LKTPSTPVA|0.0
P16234|Q6PL18_PVACSTPAQ|0.0
P16234|Q6PL18_IRKKSNWYL|0.104
P16234|Q6PL18_RRKISQAKD|0.0
P16234|Q6PL18_AKDDSQNAI|0.0
P16234|Q6PL18_NNSNTCNIE|0.0
P16234|Q6PL18_ELEDSRKTT|0.226
P16234|Q6PL18_DSRKTTACT|0.002
P16234|Q6PL18_SRKTTACTE|0.0
P16234|Q6PL18_TTACTELRD|0.008
P16234|Q6PL18_NGDASSSQI|0.0
P16234|Q6PL18_GDASSSQII|0.0
P16234|Q6PL18_DASSSQIIH|0.0
P16234|Q6PL18_IIHISDENE|0.0
P16234|Q9ULI0_RLLGSKSPG|0.0
P16234|Q9ULI0_KAGGSGGAG|0.0
P16234|Q9ULI0_KQPDSVCKD|0.0
P16234|Q9ULI0_EWNLSTGQA|0.0
P16234|Q9ULI0_PNGHSGLSL|0.0
P16234|Q9ULI0_DGDLSCING|0.0
P16234|Q9ULI0_MWTDTEFEN|0.0
P16234|Q9ULI0_EEEESQEED|0.0
P16234|Q9ULI0_KRENTLFDI|0.0
P16234|Q9ULI0_HAIHSSDTT|0.0
P16234|Q9ULI0_DTTSSDEER|0.0
P16234|Q9ULI0_EDLASGILR|0.0
P16234|Q9ULI0_KVGASLADV|0.0
P16234|Q9ULI0_NRLDSIDPA|0.0
P16234|Q9ULI0_ILEDSEDEN|0.0
P16234|Q9ULI0_RLLLSGERG|0.0
P16234|Q9ULI0_PRQLSESEK|0.0
P16234|Q9ULI0_ESEKSRMED|0.0
P16234|Q9ULI0_KRLATDKRF|0.0
P16234|Q9ULI0_KRGLSVTSE|0.0
P16234|Q9ULI0_GLSVTSEQI|0.0
P16234|Q9ULI0_NPHSTGARK|0.0
P16234|Q9ULI0_VWHNSANKC|0.0
P16234|Q9ULI0_VRRKSRRRS|0.0
P16234|Q9ULI0_YENHTEDRK|0.0
P16234|Q9ULI0_LEVVSFCDS|0.0
P16234|Q9ULI0_SFCDSGDKC|0.0
P16234|Q9ULI0_LEDQSKEKP|0.0
P16234|Q9ULI0_KPETSTENH|0.0
P16234|Q9NVI7____MSWLFG|0.0
P16234|Q9NVI7_ALQEYEAAV|0.426
P16234|Q9NVI7_RKTLSEETR|0.0
P16234|Q9NVI7_RAFVTDWDK|0.0
P16234|Q9NVI7_VGVYSAKNA|0.0
P16234|Q9NVI7_LGKPSLVRE|0.0
P16234|Q9NVI7_LVRETSRIT|0.0
P16234|Q9NVI7_VRETSRITV|0.0
P16234|Q9NVI7_TSRITVLEA|0.0
P16234|Q9NVI7_GPPGTGKTL|0.0
P16234|Q9NVI7_SGMDYAIMT|0.019
P16234|Q9NVI7_TEKISEDLR|0.0
P16234|Q9NVI7_GRKCSEVAR|0.0
P16234|Q9NVI7_GDEPSPS__|0.0
P16234|Q5T9A4_KLKEYEAAV|0.028
P16234|Q5T9A4_RKTLSEETR|0.0
P16234|Q5T9A4_VGVYSAKNA|0.0
P16234|Q5T9A4_LGKPSLVRE|0.0
P16234|Q5T9A4_LVRETSRIT|0.0
P16234|Q5T9A4_VRETSRITV|0.0
P16234|Q5T9A4_TSRITVLEA|0.0
P16234|Q5T9A4_GVVLSPSLE|0.0
P16234|Q5T9A4_IAIATRNTK|0.001
P16234|Q5T9A4_ATRNTKKNR|0.0
P16234|Q5T9A4_SGMDYAIMT|0.077
P16234|Q5T9A4_RKRATEEIS|0.0
P16234|Q5T9A4_TEEISKDLR|0.0
P16234|Q5T9A4_GRKCSEVAR|0.0
P16234|Q5T2N8_VGVYSAKNA|0.0
P16234|Q5T2N8_LGKPSLVRE|0.0
P16234|Q5T2N8_LVRETSRIT|0.0
P16234|Q5T2N8_VRETSRITV|0.0
P16234|Q5T2N8_TSRITVLEA|0.0
P16234|Q5T2N8_GVVLSPSLE|0.0
P16234|Q5T2N8_SGMDYAIMT|0.0
P16234|Q5T2N8_TEKISEDLR|0.0
P16234|Q9BU68_PKVLYEIPD|0.227
P16234|Q9BU68_EIPDTYAQT|0.097
P16234|Q9BU68_TYAQTEGDA|0.008
P16234|Q9BU68_KVSNSGRFK|0.0
P16234|Q96QE3_NILDYFRKT|0.311
P16234|Q96QE3_FRKTSPTNE|0.004
P16234|Q96QE3_KTSPTNEKT|0.0
P16234|Q96QE3_VPVDSNKDC|0.073
P16234|Q96QE3_KDCTTPLEM|0.259
P16234|Q96QE3_LEMFSNVEF|0.0
P16234|Q96QE3_VVDLSESLP|0.0
P16234|Q96QE3_EMENSLSDP|0.0
P16234|Q96QE3_EKCLYEVGR|0.361
P16234|Q96QE3_RDDNSKKIM|0.0
P16234|Q96QE3_ESLVYEDIA|0.111
P16234|Q96QE3_LSRKTSIPV|0.0
P16234|Q96QE3_SRKTSIPVK|0.0
P16234|Q96QE3_LLNVSTPKS|0.0
P16234|Q96QE3_LNVSTPKST|0.0
P16234|Q96QE3_STPKSTRRS|0.052
P16234|Q96QE3_TPKSTRRSG|0.0
P16234|Q96QE3_STRRSGRIS|0.0
P16234|Q96QE3_RISSTPTTE|0.0
P16234|Q96QE3_PTTETIRGI|0.0
P16234|Q96QE3_RMKFTRIST|0.0
P16234|Q96QE3_DGGFTSQIR|0.0
P16234|Q96QE3_GGFTSQIRK|0.0
P16234|Q96QE3_RSKVTEEIA|0.0
P16234|Q96QE3_PLRRSSRHQ|0.0
P16234|Q96QE3_LRRSSRHQT|0.0
P16234|Q96QE3_TSEKSQDCD|0.0
P16234|Q96QE3_CPLLTKFKE|0.054
P16234|Q96QE3_KPNEYSKNL|0.323
P16234|Q96QE3_WTEKYQPQT|0.004
P16234|Q96QE3_YIGKSPKKI|0.0
P16234|Q96QE3_SPKSSGPKR|0.0
P16234|Q96QE3_TLANYFKVS|0.035
P16234|Q96QE3_YFKVSPKPK|0.0
P16234|Q96QE3_AEEPSRKNA|0.0
P16234|Q96QE3_ARKHSEREQ|0.0
P16234|Q96QE3_ALSFTKCSS|0.0
P16234|Q06203_AGIVTSDGS|0.0
P16234|Q06203_GHTRYATTG|0.0
P16234|Q06203_EQDDTPDWV|0.0
P16234|Q06203_GNTISPIIK|0.0
P16234|Q06203_LLKESGAKE|0.0
P16234|Q5SQI0_ELFQYMLQK|0.428
P16234|Q5SQI0_PRRATPPAH|0.001
P16234|Q5SQI0_PPPRSSSLG|0.0
P16234|Q5SQI0_PRSSSLGNS|0.0
P16234|Q5SQI0_QRRRTRGTP|0.0
P16234|Q5SQI0_LVAQSCCYS|0.004
P16234|P54253_HKALSTGLD|0.0
P16234|P54253_YSPPSAPRS|0.0
P16234|P54253_PGLITPGSP|0.0
P16234|P54253_QQNQYVHIS|0.468
P16234|P54253_SPQNTGRTA|0.0
P16234|P54253_KAESSRLQQ|0.0
P16234|P54253_VVHPSPSDY|0.01
P16234|P54253_HREASPSTL|0.0
P16234|P54253_EASPSTLND|0.0
P16234|P54253_LLKHSKADG|0.0
P16234|P54253_AQMLSENGE|0.0
P16234|P54253_KPAATRKRR|0.0
P16234|P54253_IEGRSNVGK|0.0
P16234|Q9UBB4_LRALTALFK|0.0
P16234|Q9UBB4_FLIITDLFL|0.0
P16234|Q9UBB4_EGDISNVAN|0.0
P16234|Q9UBB4_IRNLTEDNS|0.0
P16234|Q9UBB4_LADASLLKK|0.0
P16234|P0C7T5_GARVSLGGD|0.0
P16234|P0C7T5_PSATSPSGQ|0.0
P16234|P0C7T5_ATSPSGQLP|0.0
P16234|P0C7T5_RMPIYYQMS|0.293
P16234|P0C7T5_PAGYTLHET|0.187
P16234|P0C7T5_PAGASPVLT|0.0
P16234|P0C7T5_EALDSPNSK|0.0
P16234|P0C7T5_SGSQTPRVE|0.0
P16234|P0C7T5_GTPDTDLEV|0.0
P16234|P0C7T5_PLNLSHHTP|0.0
P16234|P0C7T5_LSHHTPDHQ|0.0
P16234|P0C7T5_DKEPTPPPI|0.0
P16234|P0C7T5_SHLPSHFMK|0.0
P16234|P0C7T5_RPERTVLGS|0.0
P16234|P0C7T5_LLRPSFIPQ|0.0
P16234|P0C7T5_EVKLSIEGR|0.0
P16234|P0C7T5_IEGRSNAGK|0.0
P16234|Q99700___MRSAAAA|0.0
P16234|Q99700_FDGIYANMR|0.239
P16234|Q99700_NGGIYEGVF|0.398
P16234|Q99700_VFKTYSPKC|0.221
P16234|Q99700_FKTYSPKCD|0.289
P16234|Q99700_MDSSYAKRD|0.035
P16234|Q99700_AFTDSAISA|0.0
P16234|Q99700_ERDNSEEFL|0.0
P16234|Q99700_SSAQYKARV|0.113
P16234|Q99700_EEEKYTAVQ|0.264
P16234|Q99700_EEKYTAVQR|0.055
P16234|Q99700_REVISWGSG|0.0
P16234|Q99700_GRQNSPRMG|0.034
P16234|Q99700_PGSGSMPSR|0.0
P16234|Q99700_MPSRSTSHT|0.0
P16234|Q99700_SRSTSHTSD|0.0
P16234|Q99700_SRPPSRYQS|0.2
P16234|Q99700_SRYQSGPNS|0.329
P16234|Q99700_SGPNSLPPR|0.0
P16234|Q99700_PRAATPTRP|0.0
P16234|Q99700_PSHPSAHGS|0.0
P16234|Q99700_PKRMSSEGP|0.0
P16234|Q99700_KRMSSEGPP|0.0
P16234|Q99700_SEAATPPVA|0.0
P16234|Q99700_GGTWSSVVS|0.0
P16234|Q99700_SSVVSGVPR|0.0
P16234|Q99700_PRQNSIGNT|0.0
P16234|Q99700_PTPASPASN|0.0
P16234|Q99700_ASPASNRAV|0.0
P16234|Q99700_EAKDSRLQD|0.0
P16234|Q99700_QRQNSPAGN|0.001
P16234|Q99700_SPVVSEHRK|0.0
P16234|Q99700_QPSSTSESM|0.218
P16234|Q99700_STSESMDQL|0.0
P16234|Q99700_ILSNTEHKR|0.0
P16234|Q99700_QGVQTSSPA|0.0
P16234|Q99700_VRKSTLNPN|0.0
P16234|Q99700_KPSTTPTSP|0.0
P16234|Q99700_THAMYACPK|0.395
P16234|Q8WWM7_PAAASPCLG|0.0
P16234|Q8WWM7_AAIGSARGQ|0.0
P16234|Q8WWM7_LHFLTAVVG|0.0
P16234|Q8WWM7_NGTTYEGIF|0.007
P16234|Q8WWM7_HRKASEPAG|0.0
P16234|Q8WWM7_VDFNYATKD|0.253
P16234|Q8WWM7_FNYATKDKF|0.0
P16234|Q8WWM7_KFTDSAIAM|0.0
P16234|Q8WWM7_EGGDSNSDD|0.0
P16234|Q8WWM7_VKTTYDSSL|0.0
P16234|Q8WWM7_TTYDSSLSS|0.0
P16234|Q8WWM7_DSSLSSYTV|0.056
P16234|Q8WWM7_SSLSSYTVP|0.0
P16234|Q8WWM7_LSSYTVPLE|0.0
P16234|Q8WWM7_EKDNSEEFR|0.0
P16234|Q8WWM7_DDGRTEEEK|0.0
P16234|Q8WWM7_RPGLSSLPP|0.0
P16234|Q8WWM7_PGPGSEARG|0.0
P16234|Q8WWM7_RGAKTLSSP|0.0
P16234|Q8WWM7_LSSPSNRPS|0.0
P16234|Q8WWM7_SNRPSGETS|0.0
P16234|Q8WWM7_VGRMYPPRS|0.0
P16234|Q8WWM7_SPKISLAPT|0.0
P16234|Q8WWM7_VKELSTKEP|0.0
P16234|Q8WWM7_KELSTKEPG|0.0
P16234|Q8WWM7_VSSKTESVS|0.0
P16234|Q8WWM7_SKTESVSDK|0.0
P16234|Q8WWM7_TESVSDKED|0.0
P16234|Q8WWM7_PSGGTEGPE|0.0
P16234|Q8WWM7_VKKSTLNPN|0.0
P16234|Q8WWM7_SVNKSTSTP|0.0
P16234|Q8WWM7_VNKSTSTPT|0.0
P16234|Q8WWM7_QSGLYSPQY|0.292
P16234|P54252_KQEGSLCAQ|0.0
P16234|P54252_GGVTSEDYR|0.0
P16234|P54252_TSEDYRTFL|0.382
P16234|P54252_EDYRTFLQQ|0.007
P16234|P54252_ANDGSGMLD|0.0
P16234|P54252_ALALSRQEI|0.0
P16234|P54252_SMQGSSRNI|0.0
P16234|P54252_SQDMTQTSG|0.0
P16234|P54252_TNLTSEELR|0.0
P16234|P54252-1_AIQLSMQGS|0.0
P16234|P54252-1_SMQGSSRNI|0.0
P16234|P54252-1_MQGSSRNIS|0.0
P16234|Q9H3M9_ERPTTSSRA|0.0
P16234|Q9H3M9_ESDLSDDIS|0.0
P16234|Q9H3M9_SDDISEGTV|0.0
P16234|O15265_PGAASTSAA|0.0
P16234|O15265_GAASTSAAA|0.0
P16234|O15265_RPLPSPEVM|0.0
P16234|O15265_ELDESFKEF|0.0
P16234|O15265_LSASSSSSK|0.0
P16234|O15265_SSSSSKLLK|0.0
P16234|O15265_KLLKSPKEK|0.0
P16234|O15265_PTLPSPGQI|0.0
P16234|O15265_NKRLSEREF|0.103
P16234|O15265_ASRLSSEEG|0.0
P16234|O15265_SRLSSEEGE|0.0
P16234|O15265_PSTTSPIST|0.0
P16234|O15265_QVSSSSSSP|0.0
P16234|O15265_VSSSSSSPS|0.0
P16234|O15265_SSSSSSPST|0.0
P16234|O15265_SSSSSPSTP|0.0
P16234|O15265_PSGLSSVPS|0.003
P16234|O15265_SSVPSSPMS|0.0
P16234|O15265_SVPSSPMSR|0.485
P16234|O15265_TSGGSGKKR|0.0
P16234|O15265_RKNSSPLLV|0.0
P16234|O15265_VHSSSSSSS|0.0
P16234|O15265_HSSSSSSSS|0.0
P16234|O15265_SSSSSSSSS|0.0
P16234|O15265_PPTGSPAES|0.0
P16234|O15265_SPAESIKRM|0.0
P16234|O15265_SPSSSSINN|0.0
P16234|O15265_PSSSSINNS|0.0
P16234|O15265-2_ISATSPQSP|0.0
P16234|O15265-2_TSPQSPDLK|0.0
P16234|Q9ULK2_RKVPSPEAF|0.0
P16234|Q9ULK2_RRHGSMCRP|0.0
P16234|Q9ULK2_MCRPSPSPV|0.0
P16234|Q9ULK2_RPSPSPVSP|0.0
P16234|Q9ULK2_PSPVSPASN|0.0
P16234|Q9ULK2_VSPASNPRT|0.0
P16234|Q9ULK2_SVPPSPEKI|0.0
P16234|Q9ULK2_YRRLSEREF|0.0
P16234|Q9ULK2_PCTRSLTCK|0.0
P16234|Q9ULK2_PAQDSLLGS|0.0
P16234|Q9ULK2_PSAVSPIPA|0.0
P16234|Q9ULK2_SHKPSKTKT|0.0
P16234|Q9ULK2_KDLSTRSDE|0.0
P16234|Q9ULK2_LSTRSDESP|0.0
P16234|Q9ULK2_RSDESPSNK|0.0
P16234|Q9ULK2_DESPSNKKR|0.0
P16234|Q9ULK2_RKPQSSTSS|0.0
P16234|Q9ULK2_KPQSSTSSS|0.0
P16234|Q9ULK2_PQSSTSSSS|0.0
P16234|Q9ULK2_STSSSSSSS|0.0
P16234|Q9ULK2_TSSSSSSSS|0.0
P16234|Q9ULK2_SSSSSSSSS|0.0
P16234|Q9ULK2_RKNSSSSSK|0.0
P16234|Q9ULK2_ACKITKMPG|0.0
P16234|Q9ULK2_LSQSSPSSI|0.0
P16234|Q9ULK2_SPGHSRQNT|0.0
P16234|Q5T6C5_RRVPSLDDF|0.0
P16234|Q5T6C5_LTKDSPGKP|0.0
P16234|Q5T6C5_WAEGSPPEK|0.0
P16234|Q5T6C5_CSALSSMLE|0.0
P16234|Q5T6C5_HLVNSPLSA|0.0
P16234|Q5T6C5_SAPLSPSST|0.0
P16234|Q5T6C5_SPGPTTLKR|0.0
P16234|Q5T6C5_PGPTTLKRT|0.0
P16234|Q5T6C5_DCRGSPHQL|0.0
P16234|Q5T6C5_HQLPTPVKA|0.0
P16234|Q14CW9_KNPNSPRRS|0.001
P16234|Q14CW9_ELSNSDPFK|0.0
P16234|Q14CW9_GSSKTSENQ|0.015
P16234|Q14CW9_KKKKSHLSL|0.001
P16234|Q14CW9_KSHLSLVGT|0.0
P16234|Q14CW9_SLVGTASGL|0.0
P16234|Q14CW9_PAPPTPSIY|0.151
P16234|Q14CW9_PPTPSIYDD|0.03
P16234|Q14CW9_TPSIYDDIN|0.378
P16234|Q14CW9-2_DKLWYLPFQ|0.0
P16234|Q14CW9-2_QNPNSPRRS|0.004
P16234|Q96GX2_VKCGYFYLE|0.263
P16234|Q96GX2_CGYFYLEFA|0.037
P16234|Q96GX2_LPLCSLPGE|0.0
P16234|Q96GX2_QLQRSPPEF|0.0
P16234|Q15911_EGCDSPVVS|0.0
P16234|Q15911_LSFGYVRSF|0.433
P16234|Q15911_NKNISAIIQ|0.0
P16234|Q15911_SVLKTPITS|0.0
P16234|Q15911_ARGESYTCG|0.044
P16234|Q15911_CGAPSPTKP|0.0
P16234|Q15911_APSPTKPKT|0.0
P16234|Q15911_KHQRSESLR|0.0
P16234|Q15911_QRSESLRKL|0.0
P16234|Q15911_RRCPSTDPE|0.0
P16234|Q15911_RCPSTDPEE|0.0
P16234|Q15911_ELTDSPATS|0.0
P16234|Q15911_QLPVSDRHV|0.0
P16234|Q15911_ALQESATGQ|0.0
P16234|Q15911_DMIASRQQQ|0.0
P16234|Q15911_PGGGSEPSM|0.0
P16234|Q15911_GSEPSMLPP|0.0
P16234|Q15911_PRIASDARG|0.0
P16234|Q15911_RGNATKALL|0.0
P16234|Q15911_MADKSGLPQ|0.0
P16234|Q15911_NPPITSLEE|0.0
P16234|Q15911_PPITSLEEL|0.0
P16234|Q15911_LKIDSRPPS|0.0
P16234|Q15911_SRPPSPEPP|0.0
P16234|Q15911_QPNQTQEKQ|0.0
P16234|Q15911_GENDSGTGG|0.0
P16234|Q15911_NDSGTGGEE|0.0
P16234|Q15911_FKAKTALEA|0.0
P16234|Q15911_GVPLSPVSK|0.0
P16234|Q15911_RTLLSPSSI|0.0
P16234|Q15911_LSPSSIKVE|0.0
P16234|Q15911_IATETKSSS|0.0
P16234|Q15911_TETKSSSAP|0.0
P16234|Q15911_ETKSSSAPN|0.0
P16234|Q15911_NEGLTKAAM|0.0
P16234|Q15911_SPAPSFYSK|0.002
P16234|Q15911_RTQMTNLQL|0.312
P16234|Q15911_KSKLSMAKH|0.0
P16234|Q15911_INQTSYEGP|0.0
P16234|Q15911_KASQTPVPP|0.01
P16234|Q15911_PEAESKSAD|0.0
P16234|Q15911_AESKSADSL|0.0
P16234|Q15911_LSQKSDGPA|0.0
P16234|Q15911_DGPASPVEG|0.0
P16234|Q86WG3_MPGDSADLF|0.0
P16234|Q86WG3_EDQETSMS_|0.0
P16234|O95260_RSGKYVYKP|0.406
P16234|O95260_GKYVYKPVM|0.362
P16234|O95260_CCPQYTIRC|0.338
P16234|O95260_VPKGSCEDE|0.0
P16234|O95260_EKLGSGEPS|0.0
P16234|O95260_TLLESYQVY|0.233
P16234|O95260_LLESYQVYK|0.0
P16234|O95260_YKGQYRPSD|0.265
P16234|O95260_CPETYVWVP|0.002
P16234|O95260_AIMPYGVYK|0.499
P16234|O95260_AVLQYASLV|0.176
P16234|P18846_RRPSYRKIL|0.012
P16234|P18846_KDLSSEDTR|0.0
P16234|P18846_QTTKTDDPQ|0.0
P16234|P18846_KDLYSNKSV|0.0
P16234|P18846_YSNKSV___|0.067
P16234|P15336_KAALTQQHP|0.001
P16234|P15336_HPPVTNGDT|0.0
P16234|P15336_GLVRTQSEE|0.0
P16234|P15336_VRTQSEESR|0.0
P16234|P15336_QPATSTTET|0.0
P16234|P15336_STTETPASP|0.0
P16234|P15336_PAHTTPQTQ|0.0
P16234|P15336_TTPQTQSTS|0.0
P16234|P15336_SGYHTADKD|0.337
P16234|P15336_KDDSSEDIS|0.0
P16234|P15336_SSPHTEAIQ|0.009
P16234|P18847_HRMSSALES|0.0
P16234|P18848_RSLPSPGVL|0.08
P16234|P18848_KTAATRYRQ|0.385
P16234|P18848_AATRYRQKK|0.42
P16234|Q9Y2D1_DQNKSAALR|0.0
P16234|Q9Y2D1_AALRYRQRK|0.401
P16234|P18850_ESPFSPGLF|0.0
P16234|P18850_PQPLSPASS|0.0
P16234|P18850_ASSSYSVSS|0.353
P16234|P18850_YSVSSPRSV|0.177
P16234|P18850_SSQMSPLSL|0.0
P16234|P18850_VLQSTMRNV|0.0
P16234|P18850_KKKEYMLGL|0.027
P16234|P18850_LKVPSPKRR|0.0
P16234|P18850_NPSVSPANQ|0.248
P16234|P18850_RRGDTFYVV|0.382
P16234|P18850_IKSSSVPPY|0.0
P16234|Q99941_LQVKSEPSS|0.0
P16234|Q99941_SEPSSPCSS|0.079
P16234|Q99941_PPPVSPVVL|0.0
P16234|Q99941_PERKSIVPA|0.0
P16234|Q99941_PRKKSPPVK|0.013
P16234|Q99941_PERDSVGQL|0.04
P16234|Q99941_RPKMSLVMP|0.0
P16234|P17544_GPARTDSVI|0.058
P16234|P17544_ARTDSVIIA|0.176
P16234|P17544_VEVDSSPPD|0.118
P16234|P17544_EVDSSPPDS|0.0
P16234|P17544_SPPDSPASS|0.024
P16234|P17544_DSPASSPCS|0.0
P16234|P17544_SPASSPCSP|0.0
P16234|P17544_SSPCSPPLK|0.0
P16234|P17544_VLISTPTPT|0.0
P16234|P17544_TPTPTIVRP|0.256
P16234|P17544_RQMGSPTGS|0.024
P16234|P17544_PDAPSPAQP|0.0
P16234|P17544_QPQVSPAQP|0.084
P16234|P17544_PTPSTGGRR|0.0
P16234|P17544_KTQGYLESP|0.078
P16234|P17544_SPKESSEPT|0.0
P16234|P17544_PKESSEPTG|0.0
P16234|P17544_SSEPTGSPA|0.0
P16234|P17544_HVIMTPQSQ|0.001
P16234|P17544-1_KKARSRTVA|0.0
P16234|P17544-1_PLDMSLPST|0.0
P16234|P17544-1_MSLPSTPDI|0.0
P16234|P17544-1_SLPSTPDIK|0.0
P16234|P17544-2_GPARTDSVI|0.0
P16234|P17544-2_ARTDSVIIA|0.043
P16234|P17544-2_PLDMSLPST|0.0
P16234|P17544-2_MSLPSTPDI|0.0
P16234|P17544-2_SLPSTPDIK|0.0
P16234|Q6VMQ6___MDSLEEP|0.0
P16234|Q6VMQ6_DPEGSKAEW|0.0
P16234|Q6VMQ6_PEPVSKLPA|0.0
P16234|Q6VMQ6_FEPKSVPVC|0.0
P16234|Q6VMQ6_QSKDSLDEK|0.0
P16234|Q6VMQ6_ANEETLETD|0.0
P16234|Q6VMQ6_EDETSADLV|0.0
P16234|Q6VMQ6_DSMETDEII|0.0
P16234|Q6VMQ6_LTCFSKTSL|0.0
P16234|Q6VMQ6_PIDETNPDL|0.0
P16234|Q6VMQ6_ESSESLPKE|0.0
P16234|Q6VMQ6_EEDISGEKD|0.0
P16234|Q6VMQ6_SEVISQNET|0.0
P16234|Q6VMQ6_RRKRSKSED|0.0
P16234|Q6VMQ6_SPGKTVNDV|0.0
P16234|Q6VMQ6_QMLESKRNV|0.0
P16234|Q6VMQ6_ISVQSPPTV|0.0
P16234|Q6VMQ6_KNPVSLPSL|0.0
P16234|Q6VMQ6_SAFSTSSAA|0.0
P16234|Q6VMQ6_QNSNTTPRI|0.0
P16234|Q6VMQ6_NSNTTPRIE|0.0
P16234|Q6VMQ6_IENQTNKTI|0.0
P16234|Q6VMQ6_KAADSTSQC|0.0
P16234|Q6VMQ6_VIDLTMDDE|0.0
P16234|Q6VMQ6_DDEESGASQ|0.0
P16234|Q6VMQ6_ESGASQDPK|0.0
P16234|Q6VMQ6_TMSSSQPVS|0.0
P16234|Q6VMQ6-2_SEVISQNET|0.0
P16234|Q6VMQ6-2_NETCSPEVE|0.0
P16234|Q5U623_RTTESPSRV|0.0
P16234|Q5U623_ECSRTSISN|0.0
P16234|Q5U623_CSRTSISNC|0.0
P16234|Q5U623_TNNNSHYQK|0.0
P16234|Q5U623_LVDKTRDTL|0.0
P16234|Q5U623_IFGRYGPFC|0.08
P16234|Q9BSB4_NRHEYLPKM|0.424
P16234|O94817_SAAVSPGTE|0.0
P16234|O94817_AVGDTPIMK|0.0
P16234|O94817_PIMKTKKWA|0.001
P16234|O75143_TDLNSQDRK|0.0
P16234|O75143_AYRLSRKQG|0.001
P16234|O75143_EGFQTVRVG|0.0
P16234|O75143_QFERTPPIM|0.0
P16234|O75143_TCTPSDRTH|0.0
P16234|Q6ZNE5___MASPSGK|0.002
P16234|Q6ZNE5_AEGLYVAVE|0.451
P16234|Q6ZNE5_VEKKTIDLR|0.0
P16234|Q6ZNE5_DERVSDEET|0.0
P16234|Q676U5_KRHISEQLR|0.026
P16234|Q676U5_GHDGTWNDN|0.363
P16234|Q676U5_TEETSPVRA|0.0
P16234|Q676U5_SRAATKRLS|0.0
P16234|Q676U5_DNVDTHPGS|0.0
P16234|Q676U5_AVQFSPGSR|0.0
P16234|Q676U5-2_SRAATRRSV|0.0
P16234|Q8NAA4_AAKRTVSIS|0.0
P16234|Q8NAA4_KRTVSISEG|0.0
P16234|Q8NAA4_TVSISEGPD|0.0
P16234|Q8NAA4_EGPDTLGDG|0.002
P16234|Q8NAA4_FRSASATSL|0.0
P16234|Q8NAA4_RRGHSIGGA|0.0
P16234|Q8NAA4_AVTGSRDRT|0.0
P16234|Q8NAA4_GSDWTKAVF|0.012
P16234|Q8NAA4_KAVFSPDRS|0.207
P16234|Q8NAA4_SHMVSVDQG|0.0
P16234|Q5MNZ9_PANPTGLCA|0.0
P16234|Q5MNZ9_DLRPSLPQS|0.0
P16234|Q2TAZ0_QRLEYCDEA|0.07
P16234|Q2TAZ0_SCSGYMELM|0.454
P16234|Q2TAZ0_SRRLSAQAH|0.0
P16234|Q2TAZ0_RGRRTTSME|0.0
P16234|Q2TAZ0_GRRTTSMEV|0.0
P16234|Q2TAZ0_RRTTSMEVH|0.058
P16234|Q2TAZ0_APRATLRLR|0.011
P16234|Q2TAZ0_ELELSVESP|0.0
P16234|Q2TAZ0_EEMRTFQSR|0.0
P16234|Q2TAZ0_TLALSRCSL|0.0
P16234|Q2TAZ0_LSRCSLEVI|0.0
P16234|Q2TAZ0_ASLPSCPPV|0.0
P16234|Q2TAZ0_APPPSPPVG|0.0
P16234|Q2TAZ0_VRDGYFSRP|0.0
P16234|Q2TAZ0_HRARTGLSG|0.0
P16234|Q2TAZ0_RTGLSGPRS|0.0
P16234|Q2TAZ0_RPQNSWRTQ|0.0
P16234|Q2TAZ0_RAQPSSPLE|0.0
P16234|Q2TAZ0_AQPSSPLEG|0.0
P16234|Q2TAZ0_ETTGSQEAP|0.0
P16234|Q2TAZ0_GGGHSPSPP|0.0
P16234|Q2TAZ0_KAYDTVREG|0.005
P16234|Q96BY7_PWPFSESIK|0.0
P16234|Q96BY7_VPENSKTGT|0.0
P16234|Q96BY7_ASAKSSPVC|0.0
P16234|Q96BY7_SPVCSTAPV|0.0
P16234|Q96BY7_APVETEPKL|0.0
P16234|Q96BY7_KLSPSWNPK|0.0
P16234|Q96BY7_PKIIYEPHP|0.384
P16234|Q96BY7_QEDEYRIQM|0.0
P16234|Q96BY7_ARLSSVPHK|0.0
P16234|Q96BY7_ASHMYTSYN|0.423
P16234|Q96BY7_NKHISLHKA|0.0
P16234|Q96BY7_DDSHSPANC|0.0
P16234|Q96BY7_NDGHYQEEE|0.0
P16234|Q96BY7_SAFKSAVHY|0.002
P16234|Q96BY7_YDEESGSEE|0.169
P16234|Q96BY7_SEEETLQYF|0.0
P16234|Q96BY7_VKILSDKSE|0.0
P16234|Q96BY7_GRSSSRGPV|0.0
P16234|Q96BY7_IRDNYFSLP|0.002
P16234|Q96BY7_VPPTSPAKS|0.0
P16234|Q96BY7_PAKSYISPH|0.003
P16234|Q96BY7_KSYISPHSS|0.0
P16234|Q96BY7_ISPHSSPSH|0.0
P16234|Q96BY7_SPHSSPSHT|0.0
P16234|Q96BY7_HSSPSHTPT|0.0
P16234|Q96BY7_SPSHTPTRH|0.0
P16234|Q96BY7_NKFLYLYCS|0.257
P16234|Q96BY7_EVKKSPGAD|0.0
P16234|Q96BY7_DVTCSLPRH|0.003
P16234|Q96BY7_AQTIYETAA|0.103
P16234|Q96BY7_TIYETAARE|0.161
P16234|Q96BY7_RQDESQKWR|0.0
P16234|Q9NT62_AEYLTPVLK|0.126
P16234|Q9NT62_WVDTYHNTG|0.22
P16234|Q9NT62_NTGITGITE|0.0
P16234|Q9NT62_CKAKTDAGG|0.0
P16234|Q9NT62_TRHFTM___|0.329
P16234|Q8WYN0_GRDWSWEKQ|0.001
P16234|Q8WYN0_QPKEYQRIL|0.001
P16234|Q8WYN0_FEILSV___|0.0
P16234|Q9Y4P1_ATLTYDTLR|0.497
P16234|Q9Y4P1_DEILSDVAS|0.01
P16234|Q9Y4P1_RKDSYYSIH|0.426
P16234|Q9Y4P1_KDSYYSIHQ|0.423
P16234|Q9Y4P1-2_PVAASRCWP|0.001
P16234|Q96DT6_TKFISAWNN|0.0
P16234|Q96DT6_NNMKYSWVL|0.348
P16234|Q96DT6_SFEASLSGE|0.0
P16234|Q96DT6_EASLSGERE|0.0
P16234|Q96DT6_SLKETIGKY|0.055
P16234|Q96DT6_TIGKYSDDH|0.428
P16234|Q96DT6_IGKYSDDHE|0.127
P16234|Q96DT6_FHCPSPKKM|0.0
P16234|Q96DT6_KMDPSCTIG|0.0
P16234|Q96DT6_DPSCTIGFY|0.016
P16234|Q96DT6_TIGFYCRNV|0.403
P16234|Q96DT6_FKRASEEIT|0.0
P16234|Q86TL0_SKISSIHLC|0.0
P16234|Q86TL0_PRDWTWAEG|0.145
P16234|Q86TL0_TVGFYAGDR|0.446
P16234|Q9H1Y0_EAEPYYLLL|0.286
P16234|Q9H1Y0_AEPYYLLLP|0.298
P16234|Q9H1Y0_LKWHYPIGL|0.0
P16234|O95352_MAAATGDPG|0.0
P16234|O95352_DPGLSKLQF|0.0
P16234|O95352_KLNEYRLDE|0.158
P16234|O95352_IKSGTALEN|0.152
P16234|O95352_VIAASKRKL|0.172
P16234|O95352_HPVASADLL|0.358
P16234|O95352-3_IWDMSDDET|0.0
P16234|O95352-3_SDDETI___|0.0
P16234|Q7Z3C6_ELDIYHRIL|0.2
P16234|Q7Z3C6_QTEASVYQQ|0.293
P16234|Q7Z3C6_EASVYQQAE|0.378
P16234|Q7Z3C6_KTELSLMHF|0.001
P16234|Q7Z3C6_DLQGSRHRA|0.0
P16234|Q7Z3C6_AEVASALRS|0.0
P16234|Q7Z3C6_TMTGSGVDA|0.0
P16234|Q7Z3C6_RAPQSIPRS|0.0
P16234|Q7Z3C6_SIPRSASYP|0.001
P16234|Q7Z3C6_FQRRYGGIT|0.198
P16234|Q7Z3C6_PRVPSHFSR|0.0
P16234|Q674R7_LGPGSVPLL|0.0
P16234|Q32M88_LPGSSSSEF|0.0
P16234|Q32M88_PGSSSSEFP|0.0
P16234|Q32M88_VDPASE___|0.0
P16234|P31939_VRDVSELTG|0.0
P16234|P31939_KTVASPGVT|0.0
P16234|P31939_ESKDTSLET|0.0
P16234|P31939_AFTHTAQYD|0.193
P16234|P31939_DEAISDYFR|0.193
P16234|P31939_AISDYFRKQ|0.179
P16234|P31939_SKGVSQMPL|0.002
P16234|P31939_MPLRYGMNP|0.446
P16234|P31939_NPHQTPAQL|0.0
P16234|P31939_PAQLYTLQP|0.409
P16234|P31939_PAAASFKHV|0.075
P16234|P31939_FKHVSPAGA|0.024
P16234|P31939_GIPLSEDEA|0.0
P16234|P31939_VCMVYDLYK|0.5
P16234|P31939_VYDLYKTLT|0.497
P16234|P31939_DLYKTLTPI|0.404
P16234|P31939_YKTLTPISA|0.222
P16234|P31939_LTPISAAYA|0.359
P16234|P31939_ISAAYARAR|0.44
P16234|P31939_SREVSDGII|0.011
P16234|P31939_LTILSKKKN|0.014
P16234|P31939_GLHLSQKRN|0.0
P16234|P31939_VVDKSLFSN|0.0
P16234|P31939_KSLFSNVVT|0.0
P16234|P31939_DLPESALRD|0.0
P16234|P31939_LIVATIAVK|0.004
P16234|P31939_DKANYWWLR|0.446
P16234|P31939_PELLTEAEK|0.0
P16234|P31939_EVSISSDAF|0.001
P16234|Q6DD88_AAAASRGAD|0.0
P16234|Q6DD88_KDQHSFELD|0.0
P16234|Q6DD88_LRYLYSQKE|0.478
P16234|Q6DD88_ESGHSNWLG|0.0
P16234|Q6DD88_FSDVTCFLL|0.0
P16234|Q6DD88_KPYLSPDIL|0.0
P16234|Q8WXF7_RDRNSWGGF|0.0
P16234|Q8WXF7_WGGFSEKTY|0.177
P16234|Q8WXF7_KDDHSFELD|0.0
P16234|Q8WXF7_VVAVSVAGA|0.0
P16234|Q8WXF7_GEEFSRRYL|0.0
P16234|Q8WXF7_IDELYIQYI|0.384
P16234|Q8WXF7_LYIQYIKHN|0.373
P16234|Q13315_RDPETIKHL|0.0
P16234|Q13315_LDRHSDSKQ|0.0
P16234|Q13315_RHSDSKQGK|0.0
P16234|Q13315_KQGKYLNWD|0.283
P16234|Q13315_KPNVSASTQ|0.0
P16234|Q13315_KGCCSQTDG|0.001
P16234|Q13315_CCSQTDGLN|0.001
P16234|Q13315_LDFFSKAIQ|0.0
P16234|Q13315_LAALTIFLK|0.0
P16234|Q13315_KGAKTQEKG|0.0
P16234|Q13315_EKGAYESTK|0.32
P16234|Q13315_GAYESTKWR|0.004
P16234|Q13315_TKWRSILYN|0.0
P16234|Q13315_RSILYNLYD|0.334
P16234|Q13315_SRGKYSSGF|0.264
P16234|Q13315_QSYTTTQRE|0.126
P16234|Q13315_ESSDYSVPC|0.504
P16234|Q13315_SSDYSVPCK|0.369
P16234|Q13315_EVNRSFSLK|0.0
P16234|Q13315_KEELSFSEV|0.0
P16234|Q13315_ELSFSEVEE|0.0
P16234|Q13315_DICKSLASF|0.0
P16234|Q13315_IDSSTLEPT|0.371
P16234|Q13315_VCSLYRRDQ|0.406
P16234|Q13315_DEVKSIANQ|0.0
P16234|Q13315_EAVGSCLGE|0.004
P16234|Q13315_IMLTYLNNT|0.332
P16234|Q13315_FWEIYKMTT|0.148
P16234|Q13315_PMLAYLQPF|0.276
P16234|Q13315_LRHFSQTSR|0.0
P16234|Q13315_QTSRSTTPA|0.001
P16234|Q13315_KSQRTMLAV|0.0
P16234|Q13315_AVVDYMRRQ|0.357
P16234|Q13315_QEKRSLAFE|0.0
P16234|Q13315_TTISSLSEK|0.0
P16234|Q13315_SKEETGISL|0.0
P16234|Q13315_PDSLYGCGG|0.396
P16234|Q13315_LQPITRLRT|0.0
P16234|Q13315_MCKRSLESV|0.0
P16234|Q13315_RSLESVYSL|0.366
P16234|Q13315_ESVYSLYPT|0.401
P16234|Q13315_VYSLYPTLS|0.426
P16234|Q13315_HRQLSEVYI|0.38
P16234|Q13315_LSEVYIKWQ|0.0
P16234|Q13315_SLALSILKQ|0.0
P16234|Q13315_PKQSSQLDE|0.0
P16234|Q13315_DEDRTEAAN|0.0
P16234|Q13315_KRKLTICTY|0.0
P16234|Q13315_VQKKSFEEK|0.0
P16234|Q13315_LKALYLQQR|0.023
P16234|O43313_KLEPSFEDS|0.0
P16234|Q92858_EHPVYPPEL|0.362
P16234|Q92858_YLLHSPELG|0.101
P16234|Q92858_LVRRSSGGA|0.0
P16234|Q92858_VRRSSGGAS|0.0
P16234|Q92858_RAPSSKQVN|0.35
P16234|Q92858_FSPHSHYSD|0.146
P16234|Q92858_PHSHYSDSD|0.432
P16234|Q8N100___MKSCKPS|0.002
P16234|Q8N100_SCKPSGPPA|0.0
P16234|Q8N100_DKKLSKYET|0.261
P16234|Q8N100_IMALTRILA|0.0
P16234|Q96SQ7_TRVHTISAA|0.001
P16234|Q96SQ7_VHTISAAFE|0.0
P16234|O00244_KHEFSVDMT|0.0
P16234|O00244_HSMDTLLAT|0.401
P16234|O00244_TLLATLKKT|0.0
P16234|O00244_GKTVSYLGL|0.093
P16234|O60312_EPAGTEEPG|0.447
P16234|O60312_KAGLYKENL|0.369
P16234|O60312_GIVIYAGHE|0.152
P16234|O60312_QEADSEEEE|0.257
P16234|O60312_AKRASMLSK|0.0
P16234|O60312_ASMLSKHTA|0.316
P16234|O60312_HDQVSVELP|0.299
P16234|O60312_RKRMSVVIR|0.0
P16234|O60312_KTQNYLNVY|0.449
P16234|O60312_YLNVYAAEG|0.393
P16234|O60312_TSTASGRRP|0.0
P16234|O60312_GVGISGQEG|0.0
P16234|O60312_AVMASDFAV|0.356
P16234|O94823_AINCSNIRI|0.0
P16234|O94823_NIRIYERKE|0.124
P16234|O94823_SGPRYKRSK|0.223
P16234|O94823_SVMVSTTTE|0.0
P16234|O94823_ALGTSLEKI|0.0
P16234|O94823_LWVLTGDKQ|0.0
P16234|Q9P241_CGRKSSQTP|0.0
P16234|Q9P241_GRKSSQTPK|0.0
P16234|Q9P241_KSSQTPKLS|0.0
P16234|Q9P241_TPKLSGRHR|0.0
P16234|Q9P241_NRIRTTKYT|0.0
P16234|Q9P241_RIRTTKYTL|0.166
P16234|Q9P241_MLNNSGPRY|0.405
P16234|Q9P241_SGPRYKRSK|0.0
P16234|Q9P241_QEAVSEDED|0.0
P16234|Q9P241_IRHPSLGGL|0.0
P16234|Q9P241_VRRSSSPSL|0.0
P16234|Q9P241_RRSSSPSLN|0.0
P16234|Q9P241_PSLNSGKEP|0.0
P16234|Q9P241_VPRDSGLRA|0.0
P16234|Q9P241_VTSKYANQS|0.414
P16234|Q9P241_YANQSAGKS|0.003
P16234|Q9P241_SAGKSGRRP|0.0
P16234|Q9P241_QGNLSLCET|0.0
P16234|Q9P241_SLCETALDQ|0.0
P16234|P98196_GAEAYIPQR|0.352
P16234|P98196_IPQRYPDNR|0.447
P16234|P98196_SQKRSAVEK|0.0
P16234|P98196_FLIVYLCIL|0.435
P16234|P98196_DEPWYNQKT|0.428
P16234|P98196_EGHVYVPHV|0.447
P16234|P98196_MIDSSPSVN|0.167
P16234|P98196_GPRKSPDGG|0.418
P16234|P98196_VYISSSPDE|0.211
P16234|P98196_FRRNTQLLE|0.435
P16234|P98196_LLELTTKRI|0.0
P16234|P98196_LELTTKRIE|0.152
P16234|P98196_RDNLSGLSA|0.005
P16234|P98196_LSGLSADMQ|0.0
P16234|P98196_GAALSLIMK|0.009
P16234|P98196_REDGSSGNY|0.423
P16234|P98196_EDGSSGNYR|0.026
P16234|P98196_SSGNYRELF|0.449
P16234|P98196_AARNSDYAI|0.387
P16234|Q9Y2G3_PPHQSDTRT|0.0
P16234|Q9Y2G3_QNGLYTPQK|0.221
P16234|Q9Y2G3_GAPVYVVRS|0.0
P16234|Q9Y2G3_PEGPTPDSS|0.0
P16234|Q9Y2G3_LSYLSSLSH|0.0
P16234|Q9Y2G3_SFRTSPENE|0.0
P16234|Q9Y2G3_VWVLTGDKH|0.0
P16234|Q9Y2G3_HFHRTMNIL|0.397
P16234|Q9Y2G3_IGRCSPTHI|0.0
P16234|Q9Y2G3_PTHISRSWS|0.0
P16234|Q9Y2G3_SDPFYTNDR|0.404
P16234|Q8NB49_ETEAYIAQR|0.047
P16234|Q8NB49_KSTVYIIEN|0.166
P16234|Q8NB49_RINIYSNSL|0.443
P16234|Q8NB49_INIYSNSLE|0.0
P16234|Q8NB49_IYSNSLEAV|0.011
P16234|Q8NB49_TEKIYGVAV|0.193
P16234|Q8NB49_LKMFTDFLS|0.0
P16234|Q8NB49_DGHKYKGVT|0.174
P16234|Q8NB49_YKGVTQEVD|0.397
P16234|Q8NB49_QTDGTLTYF|0.212
P16234|Q8NB49_GTLTYFDKV|0.16
P16234|Q8NB49_SAELTYISS|0.0
P16234|Q8NB49_AELTYISSS|0.0
P16234|Q8NB49_ELLHTLNFD|0.0
P16234|Q8NB49_EFPKSTRSF|0.0
P16234|Q8NB49_KSTRSFKKA|0.399
P16234|Q8NB49_RASDSLSAR|0.0
P16234|Q8NB49_SDSLSARPS|0.0
P16234|P54707_PPKQTPEIV|0.26
P16234|P54707_QEAKSTNIM|0.01
P16234|P54707_EAKSTNIMS|0.0
P16234|P54707_TLSLTAKRM|0.0
P16234|P54707_VIMVTGDHP|0.0
P16234|P54707_DHPITAKAI|0.275
P16234|P54707_GLILSYGLG|0.0
P16234|P54707_DKNMYY___|0.314
P16234|P54707_KNMYY____|0.458
P16234|Q9HD20_LEVLSFEFQ|0.0
P16234|Q9HD20_QKIKYSYDA|0.152
P16234|Q9HD20_KIKYSYDAL|0.121
P16234|Q9HD20_IKYSYDALE|0.0
P16234|Q9HD20_NAFSYYQSN|0.235
P16234|Q9HD20_LQADSRLHV|0.0
P16234|Q9HD20_GCVAYVLRT|0.154
P16234|Q9HD20_VKRVTANNL|0.005
P16234|Q9HD20_GKEVTPVSS|0.0
P16234|Q9HD20_IPVETHRAL|0.0
P16234|Q9HD20_DWTLTKDEK|0.0
P16234|Q9HD20_EKLGSTDLC|0.0
P16234|Q9HD20_KLGSTDLCY|0.0
P16234|Q9HD20_TDLCYIAAV|0.159
P16234|Q9HD20_CPPDYHHIH|0.236
P16234|Q9HD20_HTEISREGA|0.0
P16234|Q9HD20_LALGYKELG|0.0
P16234|Q9HD20_EFVITSLKE|0.0
P16234|Q9HD20_FVITSLKEL|0.0
P16234|Q9HD20_KELGYVTLM|0.0
P16234|Q9HD20_SPTLSNSGI|0.0
P16234|Q9HD20_IRATSRTAK|0.0
P16234|Q9HD20_ATSRTAKQR|0.0
P16234|Q9HD20_LEDESTPIV|0.0
P16234|Q9HD20_FVDLYKEFE|0.405
P16234|Q9NQ11_RVLRYYLFQ|0.286
P16234|Q9H7F0_IRVLSLETY|0.0
P16234|Q9H7F0_TYPVSSPKS|0.0
P16234|Q9H7F0_RHRISKYSQ|0.243
P16234|Q9H7F0_RISKYSQTE|0.24
P16234|Q9H7F0_ISKYSQTES|0.0
P16234|Q9H7F0_SQTESQQIR|0.0
P16234|Q9H7F0_RKLLYGVNE|0.0
P16234|Q9H7F0_GDELYNPET|0.0
P16234|Q9H7F0_EGVLSGDPL|0.0
P16234|Q9H7F0_ASVASPFTS|0.0
P16234|Q9H7F0_KENGSCQII|0.0
P16234|Q4VNC1_LLILTGNKV|0.0
P16234|Q4VNC1_VPWKTQSEA|0.0
P16234|Q4VNC1_IFCISPQRI|0.0
P16234|Q4VNC1_QFPFSSALQ|0.0
P16234|Q4VNC1_FPFSSALQR|0.0
P16234|Q4VNC1_LQRMTVIVQ|0.0
P16234|Q4VNC1_LKEETKPVL|0.0
P16234|Q4VNC1_EELISARIR|0.0
P16234|Q4VNC1_ARIRTVMIT|0.0
P16234|Q4VNC1_TVMITGDNL|0.149
P16234|Q4VNC1_NQDNYINIR|0.0
P16234|Q4VNC1_RDEVSDKGR|0.0
P16234|Q4VNC1_LTGKSFHVI|0.0
P16234|Q4VNC1_FHVISQHFS|0.0
P16234|Q4VNC0_KVQVTIIVK|0.0
P16234|Q4VNC0_ARIRTVMIT|0.002
P16234|Q4VNC0_QTAITVAKN|0.491
P16234|Q4VNC0_KKEIYMHTG|0.079
P16234|Q4VNC0_GNSSTPRGE|0.0
P16234|Q4VNC0_KNGFYINGG|0.015
P16234|P05023_LHRKYGTDL|0.407
P16234|P05023_GTDLSRGLT|0.0
P16234|P05023_PNALTPPPT|0.0
P16234|P05023_TPPPTTPEW|0.239
P16234|P05023_PPPTTPEWI|0.0
P16234|P05023_LRIISANGC|0.0
P16234|P05023_KVDNSSLTG|0.0
P16234|P05023_VDNSSLTGE|0.003
P16234|P05023_IAFFSTNCV|0.0
P16234|P05023_CVEGTARGI|0.0
P16234|P05023_IVVYTGDRT|0.152
P16234|P05023_TGDRTVMGR|0.0
P16234|P05023_ETLGSTSTI|0.0
P16234|P05023_CSDKTGTLT|0.063
P16234|P05023_TENQSGVSF|0.284
P16234|P05023_AGDASESAL|0.0
P16234|P05023_LCCGSVKEM|0.0
P16234|P05023_IPFNSTNKY|0.009
P16234|P05023_STNKYQLSI|0.244
P16234|P05023_KNPNTSEPQ|0.033
P16234|P05023_NPNTSEPQH|0.0
P16234|P05023_DRCSSILLH|0.0
P16234|P05023_DHPITAKAI|0.323
P16234|P05023_EGNETVEDI|0.0
P16234|P05023_NIPVSQVNP|0.0
P16234|P05023_DILKYHTEI|0.103
P16234|P05023_LKYHTEIVF|0.333
P16234|P05023_VEDSYGQQW|0.411
P16234|P05023-2_VGIISEGSG|0.0
P16234|P05023-2_ISEGSGPMS|0.0
P16234|P05023-2_SGPMSRGKS|0.0
P16234|P50993_AGREYSPAA|0.149
P16234|P50993_VDNSSLTGE|0.0
P16234|P50993_LTGESEPQT|0.0
P16234|P50993_SEPQTRSPE|0.03
P16234|P50993_CVEGTARGI|0.0
P16234|P50993_ETLGSTSTI|0.0
P16234|P50993_CSDKTGTLT|0.0
P16234|P50993_QENISVSKR|0.0
P16234|P50993_LSCGSVRKM|0.0
P16234|P50993_FQNAYMELG|0.287
P16234|P50993_VIMVTGDHP|0.0
P16234|P50993_DHPITAKAI|0.285
P16234|P50993_EGNETVEDI|0.0
P16234|P50993_GVNDSPALK|0.0
P16234|P50993_GQEWTYEQR|0.0
P16234|P50993_QEWTYEQRK|0.323
P16234|P50993_TRRNSVFQQ|0.0
P16234|P13637_PNALTPPPT|0.0
P16234|P13637_VDNSSLTGE|0.002
P16234|P13637_LTGESEPQT|0.021
P16234|P13637_SEPQTRSPD|0.0
P16234|P13637_CVEGTARGV|0.0
P16234|P13637_ETLGSTSTI|0.0
P16234|P13637_CSDKTGTLT|0.055
P16234|P13637_STNKYQLSI|0.244
P16234|P13637_KYQLSIHET|0.075
P16234|P13637_SIHETEDPN|0.004
P16234|P13637_GFCHYYLPE|0.415
P16234|P13637_FCHYYLPEE|0.365
P16234|P13637_VIMVTGDHP|0.0
P16234|P13637_DHPITAKAI|0.33
P16234|P13637_EGNETVEDI|0.0
P16234|P13637_NIPVSQVNP|0.0
P16234|P13637_GVNDSPALK|0.0
P16234|P13637_TRRNSVFQQ|0.003
P16234|P13637_VEKETYY__|0.424
P16234|Q13733_PQSRSPDFT|0.0
P16234|Q13733_SPDFTHENP|0.0
P16234|Q13733_CVEGTARGI|0.0
P16234|Q13733_ETLGSTSTI|0.0
P16234|Q13733_CSDKTGTLT|0.085
P16234|Q13733_QTGKTFTKS|0.48
P16234|Q13733_VIMVTGDHP|0.0
P16234|Q13733_DHPITAKAI|0.397
P16234|P05026_SYEAYVLNI|0.351
P16234|P05026_GNVEYFGLG|0.267
P16234|P05026_GLGNSPGFP|0.0
P16234|P05026_LQPKYLQPL|0.448
P16234|P05026_ENIGYSEKD|0.0
P16234|P14415_RPGRYYEQP|0.391
P16234|P54709_NEKKSLNQS|0.0
P16234|P54709_SLNQSLAEW|0.0
P16234|P54709_RSDPTSYAG|0.0
P16234|P54709_SDPTSYAGY|0.048
P16234|P54709_DPTSYAGYI|0.319
P16234|P54709_SYAGYIEDL|0.002
P16234|O14983_YFGVSETTG|0.047
P16234|O14983_LAIKSTTLR|0.0
P16234|O14983_LTGESVSVI|0.0
P16234|O14983_GESVSVIKH|0.0
P16234|O14983_GEQLSKVIS|0.0
P16234|O14983_RGAIYYFKI|0.317
P16234|O14983_AIVRSLPSV|0.0
P16234|O14983_RSLPSVETL|0.0
P16234|O14983_TLGCTSVIC|0.0
P16234|O14983_LGCTSVICS|0.0
P16234|O14983_NACNSVIRQ|0.0
P16234|O14983_KKEFTLEFS|0.0
P16234|O14983_TLEFSRDRK|0.0
P16234|O14983_SMSVYCSPA|0.0
P16234|O14983_DRCNYVRVG|0.412
P16234|O14983_VLDDSARFL|0.0
P16234|O14983_RKEVTGSIQ|0.0
P16234|O14983_VIMITGDNK|0.0
P16234|O14983_IAMGSGTAV|0.0
P16234|O14983_MGSGTAVAK|0.0
P16234|O14983_AKTASEMVL|0.0
P16234|O14983_DDNFSTIVA|0.0
P16234|O14983_DNFSTIVAA|0.0
P16234|O14983_EPLISGWLF|0.0
P16234|Q93084_LRHFSVTAE|0.0
P16234|Q93084_RSLPSVETL|0.0
P16234|Q93084_TLGCTSVIC|0.0
P16234|Q93084_LGCTSVICS|0.0
P16234|Q93084_SALDYNEAK|0.016
P16234|Q93084_VGEATETAL|0.0
P16234|Q93084_RKEFTLEFS|0.0
P16234|Q93084_TLEFSRDRK|0.0
P16234|Q93084_SVYCTPTRP|0.406
P16234|Q93084_TAPLTPTSR|0.0
P16234|Q93084_SGSDTLRCL|0.0
P16234|Q93084_RAIYSNMKQ|0.083
P16234|Q93084_KLPRSPREA|0.0
P16234|Q93084-1_LRTVSQAWS|0.0
P16234|Q01814_MGDMTNSDF|0.0
P16234|Q01814_QRNESSHGG|0.0
P16234|Q01814_RGLQSRIEQ|0.0
P16234|Q01814_IIGVTVLVV|0.0
P16234|Q01814_ISLAYSVKK|0.0
P16234|Q01814_SLAYSVKKM|0.0
P16234|Q01814_TAICSDKTG|0.0
P16234|Q01814_IPDPSSINT|0.0
P16234|Q01814_EEKLYKVYT|0.156
P16234|Q01814_YTFNSVRKS|0.0
P16234|Q01814_RAGITVRMV|0.0
P16234|Q01814_LARSSPTDK|0.0
P16234|Q01814_RSSPTDKHT|0.0
P16234|Q01814_TDKHTLVKG|0.0
P16234|Q01814_VVAVTGDGT|0.0
P16234|Q01814_TGDGTNDGP|0.0
P16234|Q01814_LRKPYGRNK|0.007
P16234|Q01814_KAFRSSLYE|0.0
P16234|Q01814_AFRSSLYEG|0.0
P16234|Q01814_RSSLYEGLE|0.148
P16234|Q01814_EKPESRTSI|0.0
P16234|Q01814_PESRTSIHN|0.0
P16234|Q01814_RIEDSQPHI|0.0
P16234|Q01814-2_SSVTSQSQD|0.0
P16234|Q01814-2_VANLSSPSR|0.0
P16234|Q01814-2_ANLSSPSRV|0.0
P16234|Q01814-2_LSSPSRVSL|0.0
P16234|Q16720_RGLQSRIEQ|0.0
P16234|Q16720_RMVVTAVGV|0.0
P16234|Q16720_VGVNSQTGI|0.0
P16234|Q16720_QPLKSAEGG|0.0
P16234|Q16720_IIGVTVLVV|0.003
P16234|Q16720_ISLAYSVKK|0.092
P16234|Q16720_SLAYSVKKM|0.111
P16234|Q16720_TAICSDKTG|0.0
P16234|Q16720_VGNKTECAL|0.0
P16234|Q16720_YTFNSVRKS|0.062
P16234|Q16720_RKSMSTVIR|0.0
P16234|Q16720_KSMSTVIRM|0.0
P16234|Q16720_RAGITVRMV|0.0
P16234|Q16720_LARSSPTDK|0.0
P16234|Q16720_RSSPTDKHT|0.0
P16234|Q16720_TDKHTLVKG|0.0
P16234|Q16720_VVAVTGDGT|0.008
P16234|Q16720_TGDGTNDGP|0.0
P16234|Q16720_RSSLYEGLE|0.36
P16234|Q16720-2_TFKRSGSVQ|0.0
P16234|Q16720-2_KRSGSVQGA|0.0
P16234|Q16720-2_VTNLSTPTH|0.0
P16234|Q16720-2_PGGESVP__|0.0
P16234|P98194_IPVLTSKKA|0.0
P16234|P98194_PVLTSKKAS|0.0
P16234|P98194_KKYISQFKN|0.273
P16234|P98194_AVDLSIDES|0.0
P16234|P98194_MGKPTEGAL|0.0
P16234|P98194_RKAEYPFSS|0.136
P16234|P98194_ARMGSAGLR|0.0
P16234|P98194_KEAVTTLIA|0.002
P16234|P98194_EAVTTLIAS|0.0
P16234|P98194_VAIASRLGL|0.0
P16234|P98194_VQQLSQIVP|0.0
P16234|P98194_FYRASPRHK|0.0
P16234|P98194_QKNGSVVAM|0.0
P16234|P98194_DNVITPRDT|0.004
P16234|P98194_FNALSSRSQ|0.0
P16234|P98194_NALSSRSQT|0.0
P16234|P98194_VSSTSSSFL|0.0
P16234|P98194-8_SEVASILQF|0.0
P16234|O75185_LVVVTVAFI|0.0
P16234|O75185_FIQEYRSEK|0.391
P16234|O75185_PLQKSMDRL|0.0
P16234|O75185_TIGVSLAVA|0.0
P16234|O75185_VVMVTLVLG|0.0
P16234|O75185_MGQPTEGAL|0.0
P16234|O75185_KMDLSDIKN|0.0
P16234|O75185_IPFSSEQKW|0.0
P16234|O75185_VKMITGDAL|0.122
P16234|O75185_DALETALAI|0.0
P16234|P20648_VDNSSLTGE|0.0
P16234|P20648_LTGESEPQT|0.0
P16234|P20648_SEPQTRSPE|0.056
P16234|P20648_LLKFSELTL|0.0
P16234|P20648_TAYLSLGGL|0.0
P16234|P20648_VIMVTGDHP|0.0
P16234|P20648_DHPITAKAI|0.331
P16234|P20648_GIAGSDAAK|0.008
P16234|P51164_DQLRSPGVT|0.0
P16234|P51164_SPGVTLRPD|0.0
P16234|P51164_RPDVYGEKG|0.388
P16234|P51164_LEIVYNVSD|0.045
P16234|P25705_QKTGTAEMS|0.059
P16234|P25705_MVEFSSGLK|0.0
P16234|P25705_VEFSSGLKG|0.0
P16234|P25705_IVKRTGAIV|0.0
P16234|P25705_KAVDSLVPI|0.0
P16234|P25705_TGKTSIAID|0.0
P16234|P25705_GQKRSTVAQ|0.0
P16234|P25705_QKRSTVAQL|0.0
P16234|P25705_VKRLTDADA|0.399
P16234|P25705_SMGEYFRDN|0.303
P16234|P25705_ALIIYDDLS|0.0
P16234|P25705_GREAYPGDV|0.028
P16234|P25705_GDVFYLHSR|0.156
P16234|P25705_ELAQYREVA|0.302
P16234|P25705_AQFGSDLDA|0.0
P16234|P25705_QQLLSRGVR|0.0
P16234|P25705_QGQYSPMAI|0.1
P16234|P25705_KLEPSKITK|0.0
P16234|P06576_AAQTSPSPK|0.0
P16234|P06576_AGAATGRIV|0.0
P16234|P06576_VGPETLGRI|0.0
P16234|P06576_EILVTGIKV|0.0
P16234|P06576_LLAPYAKGG|0.357
P16234|P06576_GVGKTVLIM|0.0
P16234|P06576_AHGGYSVFA|0.053
P16234|P06576_HGGYSVFAG|0.172
P16234|P06576_GNDLYHEMI|0.0
P16234|P06576_VALVYGQMN|0.311
P16234|P06576_LTGLTVAEY|0.118
P16234|P06576_TVAEYFRDQ|0.218
P16234|P06576_IFRFTQAGS|0.0
P16234|P06576_TQAGSEVSA|0.0
P16234|P06576_GSEVSALLG|0.0
P16234|P06576_GRIPSAVGY|0.125
P16234|P06576_GYQPTLATD|0.162
P16234|P06576_VQAIYVPAD|0.239
P16234|P06576_PAPATTFAH|0.0
P16234|P06576_ELGIYPAVD|0.049
P16234|P06576_DPLDSTSRI|0.0
P16234|P06576_GSEHYDVAR|0.02
P16234|P06576_QDYKSLQDI|0.226
P16234|P06576_MDELSEEDK|0.426
P16234|P06576_QRFLSQPFQ|0.0
P16234|P06576_AEVFTGHMG|0.405
P16234|P06576_LAGEYDHLP|0.174
P16234|P36542_YGLGSLALY|0.0
P16234|P36542_LIGVSSDRG|0.0
P16234|P36542_GAIHSSIAK|0.0
P16234|P36542_AIHSSIAKQ|0.0
P16234|P36542_ILYRTHSDQ|0.0
P16234|P36542_SKNASEMID|0.0
P16234|P36542_QAVITKELI|0.0
P16234|P30049_PNQMSFTFA|0.004
P16234|P30049_FTFASPTQV|0.0
P16234|P30049_ELVGTADEA|0.004
P16234|P56381_DALKTEFKA|0.0
P16234|P24539_VLQATRTFH|0.0
P16234|P24539_GIKKYGPFV|0.271
P16234|P24539_AKQASIQHI|0.0
P16234|P24539_NAIDTEKSQ|0.011
P16234|P24539_QKRHYLFDV|0.193
P16234|P24539_NRLDYHISV|0.167
P16234|P24539_HVVQSISTQ|0.0
P16234|P24539_QSISTQQEK|0.0
P16234|Q06055-2_YVAITLSVA|0.0
P16234|Q06055-2_AITLSVAER|0.001
P16234|Q06055-3_LSPATAPHP|0.011
P16234|P48201_SRVAYRPIS|0.014
P16234|O75947_AIASSLKSW|0.0
P16234|O75947_NETLTSRLA|0.0
P16234|O75947_IDWAYYKAN|0.471
P16234|O75947_DWAYYKANV|0.495
P16234|O75947_PEDKYTAQV|0.0
P16234|O75947_EDVKSCAEW|0.0
P16234|O75947_AEWVSLSKA|0.0
P16234|O75947_DKKKYPYWP|0.582
P16234|O75947_KKYPYWPHQ|0.26
P16234|P56385_PVQVSPLIK|0.0
P16234|P56385_LGVAYGATR|0.031
P16234|P56385_AYGATRYNY|0.38
P16234|P56385_GATRYNYLK|0.384
P16234|P56385_TRYNYLKPR|0.418
P16234|P56385_AEDDSILK_|0.0
P16234|P18859_PVDASSEYQ|0.352
P16234|P18859_ASSEYQQEL|0.362
P16234|P56134___MASVGEC|0.0
P16234|P56134_MRDFSPSGI|0.0
P16234|P56134-2___MASVVPV|0.0
P16234|P56134-4___MASVVPV|0.0
P16234|O75964_PRLATFWYY|0.428
P16234|O75964_ATFWYYAKV|0.438
P16234|O75964_LVPPTPAEI|0.223
P16234|O75964_KIVNSAQTG|0.0
P16234|O75964_NSAQTGSFK|0.012
P16234|O75964_AQTGSFKQL|0.0
P16234|Q7Z4Y8_LVPPTPAEI|0.082
P16234|Q96IX5_AGPESDAQY|0.0
P16234|Q96IX5_SDAQYQFTG|0.01
P16234|Q96IX5_QYQFTGIKK|0.0
P16234|Q96IX5_GIKKYFNSY|0.012
P16234|Q96IX5_YFNSYTLTG|0.003
P16234|Q96IX5_VLATYGSIA|0.0
P16234|Q96IX5_LIVLYFKLR|0.0
P16234|P48047_PVQVYGIEG|0.586
P16234|P48047_IEGRYATAL|0.246
P16234|P48047_GRYATALYS|0.374
P16234|P48047_ATALYSAAS|0.405
P16234|P48047_TALYSAASK|0.129
P16234|P48047_KVAASVLNP|0.0
P16234|P48047_VLNPYVKRS|0.395
P16234|P48047_IKVKSLNDI|0.335
P16234|P48047_LNDITAKER|0.384
P16234|P48047_EATLSELKT|0.43
P16234|P48047_TVLKSFLSQ|0.0
P16234|P48047_KSFLSQGQV|0.0
P16234|P48047_LEAKTDPSI|0.0
P16234|P48047_KTDPSILGG|0.0
P16234|P48047_IGEKYVDMS|0.02
P16234|P48047_YVDMSVKTK|0.299
P16234|P48047_MSVKTKIQK|0.0
P16234|Q99766_NLQKTILEM|0.448
P16234|Q99766_MEIISCGNI|0.444
P16234|Q99766_CGNITDKGI|0.484
P16234|Q9NW81_ALRDYLLQR|0.28
P16234|Q9NW81_QREMYKVHE|0.385
P16234|Q9NW81_KNRSYTWLE|0.16
P16234|Q9NW81_QHGPYGAGA|0.219
P16234|Q15904_DVPYTAALT|0.319
P16234|Q15904_RLFGTTVTF|0.0
P16234|Q15904_LFGTTVTFK|0.0
P16234|Q52LC2_IYLRYLDQQ|0.268
P16234|Q52LC2_LDQQYDLIA|0.262
P16234|Q52LC2_GAECYKLRS|0.0
P16234|O75787_SILKSPGSV|0.0
P16234|O75787_KSPGSVVFR|0.0
P16234|O75787_KNPASPYNL|0.0
P16234|Q93050_VTGDYVHKS|0.295
P16234|Q93050_TDLDSIQFA|0.0
P16234|Q93050_QTPPTYNKT|0.0
P16234|Q93050_TPPTYNKTN|0.234
P16234|Q93050_KHLGTLNFG|0.0
P16234|Q93050_QNKFYSGTG|0.002
P16234|Q93050_NKFYSGTGF|0.0
P16234|Q93050_FYSGTGFKF|0.0
P16234|Q9Y487_ELIEYTHML|0.0
P16234|Q9Y487_LIEYTHMLR|0.0
P16234|Q9Y487_MLRVTKTFV|0.0
P16234|Q9Y487_EFEPTYEEF|0.145
P16234|Q9Y487_FEPTYEEFP|0.0
P16234|Q9Y487_EEFPSLESD|0.0
P16234|Q9Y487_PSLESDSLL|0.0
P16234|Q9Y487_SLLDYSCMQ|0.387
P16234|Q9Y487_VIKWYVFLI|0.0
P16234|Q9Y487_SAMYSSSHP|0.0
P16234|Q9Y487_AMYSSSHPP|0.0
P16234|Q9Y487_MYSSSHPPA|0.008
P16234|Q9Y487_LWNDSVVRH|0.0
P16234|Q9Y487_NRSGYTLIR|0.288
P16234|Q9HBG4_KSPLTPLPR|0.0
P16234|Q9HBG4_FLELTELKY|0.149
P16234|Q9HBG4_MKAVYHILN|0.28
P16234|Q9HBG4_VADATRIKR|0.0
P16234|Q9HBG4_TNKFTAGFQ|0.0
P16234|Q9HBG4_KMKMSVILG|0.0
P16234|Q99437_AWGIYITGS|0.058
P16234|Q99437_ITGSSIIGG|0.0
P16234|Q99437_EIFGSAIGL|0.0
P16234|P27449_PEYASFFAV|0.262
P16234|P27449_AKSGTGIAA|0.0
P16234|P27449_IAAMSVMRP|0.0
P16234|P61421_AFIITINSF|0.0
P16234|P61421_ITINSFGTE|0.0
P16234|P61421_NSFGTELSK|0.0
P16234|P61421_GTELSKEDR|0.0
P16234|P61421_CGRLYPEGL|0.327
P16234|P61421_NVADYYPEY|0.292
P16234|P61421_VADYYPEYK|0.376
P16234|P61421_YYPEYKLLF|0.437
P16234|P61421_EGAGSNPGD|0.0
P16234|P61421_KIDNYIPIF|0.42
P16234|Q8N8Y2_LYKSYLEAF|0.132
P16234|P38606_TQSIYIPRG|0.543
P16234|P38606_GVNVSALSR|0.409
P16234|P38606_VSENSLIKH|0.0
P16234|P38606_IMKRTALVA|0.0
P16234|P38606_WLISYSKYM|0.466
P16234|P38606_SYSKYMRAL|0.508
P16234|P38606_ALDEYYDKH|0.517
P16234|P38606_LDEYYDKHF|0.434
P16234|P38606_GYTPYDRFC|0.501
P16234|P38606_GDILYKLSS|0.206
P16234|P38606_AKIKSDYAQ|0.391
P16234|P38606_IKSDYAQLL|0.118
P16234|P38606_NAFRSLED_|0.002
P16234|P15313_GLPGSSCNL|0.0
P16234|P15313_RTPVSEDML|0.132
P16234|P15313_PGYMYTDLA|0.273
P16234|P15313_NVLPSLSRL|0.0
P16234|P15313_LPSLSRLMK|0.002
P16234|P15313_YENRSVFES|0.32
P16234|P15313_IDEFYSREG|0.422
P16234|P21281_VSRNYLSQP|0.394
P16234|P21281_RNYLSQPRL|0.0
P16234|P21281_LTYKTVSGV|0.0
P16234|P21281_YKTVSGVNG|0.525
P16234|P21281_GTKRSGQVL|0.0
P16234|P21281_RTPVSEDML|0.286
P16234|P21281_DVVDYSEEN|0.238
P16234|P21281_PGYMYTDLA|0.374
P16234|P21283_LLTRSLAEI|0.0
P16234|P21283_QQEYYPYVY|0.427
P16234|Q8NEY4_SNLSYNTKF|0.104
P16234|Q8NEY4_RMAQSVVEV|0.027
P16234|Q8NEY4_LEKKSMGNL|0.0
P16234|Q8NEY4_TRTLSDIVS|0.0
P16234|Q9Y5K8____MSGKDR|0.0
P16234|Q9Y5K8_EIFPSRMAQ|0.0
P16234|Q9Y5K8_YHEGTDSYE|0.0
P16234|Q9Y5K8_EGTDSYELT|0.0
P16234|Q9Y5K8_GTDSYELTG|0.0
P16234|Q9Y5K8_SYELTGLAR|0.0
P16234|Q9Y5K8_REEFYRLKK|0.367
P16234|Q9Y5K8_LKEKSEKDL|0.0
P16234|P36543__MALSDADV|0.116
P16234|P36543_IMEYYEKKE|0.192
P16234|P36543_KQRLSKVVK|0.0
P16234|Q96A05__MALSDVDV|0.364
P16234|Q96A05_IMEYYEKKE|0.212
P16234|Q96A05_KILMSTMRN|0.006
P16234|Q96A05_ILMSTMRNQ|0.0
P16234|Q16864_AHQQSIPAV|0.0
P16234|Q16864_LEIPSKEHP|0.0
P16234|O75348___MASQSQG|0.0
P16234|O75348_EIEQYRLQR|0.373
P16234|O75348_GSRGSCSTE|0.0
P16234|O95670___MASQSQG|0.0
P16234|O95670_EVEQYRRER|0.389
P16234|O95670_HEFQSKQQA|0.0
P16234|O95670_AAMGSQGNL|0.0
P16234|O95670_VEQATRRQV|0.0
P16234|Q96LB4-3_AIEASQGGS|0.0
P16234|Q96LB4-3_SQGGSNGRN|0.0
P16234|Q9UI12_AAVPTNIIA|0.0
P16234|Q9UI12_QDLSSFDEY|0.117
P16234|Q9UI12_RLEWSPVHK|0.0
P16234|Q9UI12_NEKNYELLK|0.001
P16234|Q9UI12_HNWEYLGKQ|0.321
P16234|Q04656_VPELSLDTG|0.057
P16234|Q04656_KQPKYLKLG|0.486
P16234|Q04656_SSEGSQQRS|0.0
P16234|Q04656_QRSPSYTND|0.027
P16234|Q04656_RSPSYTNDS|0.205
P16234|Q04656_TNDSTATFI|0.067
P16234|Q04656_AIVKYNASS|0.086
P16234|Q04656_YNASSVTPE|0.161
P16234|Q04656_VTPESLRKA|0.437
P16234|Q04656_SPGLYRVSI|0.337
P16234|Q04656_LYRVSITSE|0.005
P16234|Q04656_VSITSEVES|0.0
P16234|Q04656_SEVESTSNS|0.0
P16234|Q04656_EVESTSNSP|0.027
P16234|Q04656_VESTSNSPS|0.038
P16234|Q04656_SNSPSSSSL|0.0
P16234|Q04656_SPSSSSLQK|0.278
P16234|Q04656_PSSSSLQKI|0.0
P16234|Q04656_TNEFYTKGM|0.367
P16234|Q04656_TKGMTPVQD|0.374
P16234|Q04656_EEGIYSILV|0.52
P16234|Q04656_EGIYSILVA|0.0
P16234|Q04656_RGILYCSVA|0.368
P16234|Q04656_VALATNKAH|0.143
P16234|Q04656_VTLDSDNIL|0.324
P16234|Q04656_NDFMTEHER|0.354
P16234|Q04656_RKGRTAVLV|0.0
P16234|Q04656_GINDSPALA|0.0
P16234|Q04656_PSEISVHVG|0.0
P16234|Q04656_IDDTSRNSP|0.0
P16234|Q04656_TSRNSPKLG|0.0
P16234|Q04656_RIVNYSRAS|0.422
P16234|Q04656_RSLNSVVTS|0.0
P16234|Q04656_NSVVTSEPD|0.126
P16234|Q04656_SVVTSEPDK|0.0
P16234|Q04656_PDKHSLLVG|0.0
P16234|Q04656_EDDDTAL__|0.389
P16234|P35670_ERQITAREG|0.0
P16234|P35670_GKAASWPSR|0.0
P16234|P35670_ERLQSTNPK|0.0
P16234|P35670_TDHRSSSSH|0.0
P16234|P35670_DHRSSSSHS|0.0
P16234|P35670_SSSHSPGSP|0.0
P16234|P35670_HSPGSPPRN|0.0
P16234|P35670_AGVLSVLVA|0.0
P16234|P35670_GDVATLPLR|0.0
P16234|P35670_GVAVTKYCK|0.278
P16234|P35670_AVTKYCKEE|0.414
P16234|P35670_LAVHTLQSM|0.0
P16234|P35670_HTLQSMGVD|0.0
P16234|P35670_VVLITGDNR|0.001
P16234|P35670_PLTASQVSV|0.0
P16234|P35670_ASQVSVHIG|0.0
P16234|P35670_RWRDSPRAT|0.0
P16234|P35670_WDQVSYVSQ|0.342
P16234|P35670_VSYVSQVSL|0.296
P16234|Q9Y2Q0_RRTVSEIRS|0.0
P16234|Q9Y2Q0_GYEKTDDVS|0.002
P16234|Q9Y2Q0_VERITNVQI|0.0
P16234|Q9Y2Q0_LIAMSLVCS|0.036
P16234|Q9Y2Q0_NRRHSGKDW|0.0
P16234|Q9Y2Q0_VRTPSGKLR|0.0
P16234|Q9Y2Q0_IDGKTLKYA|0.323
P16234|Q9Y2Q0_KYALTFGVR|0.07
P16234|Q9Y2Q0_SMIQTAHVG|0.0
P16234|Q9Y2Q0_AQFKYLKNL|0.104
P16234|Q9Y2Q0_LLHGYAFSQ|0.0
P16234|Q9Y2Q0-3_KGKEYIPAD|0.0
P16234|Q9NTI2_ALKMSLPRR|0.0
P16234|Q9NTI2_EDEMSRATS|0.089
P16234|Q9NTI2_DNQISTAKY|0.303
P16234|Q9NTI2_QLRNTQWVF|0.073
P16234|Q9NTI2_GIVVYTGHD|0.155
P16234|Q9NTI2_IVVYTGHDT|0.303
P16234|Q9NTI2_TGHDTKLMQ|0.102
P16234|Q9NTI2_LMQNSTKAP|0.201
P16234|Q9NTI2_MQNSTKAPL|0.0
P16234|Q9NTI2_PLKRSNVEK|0.001
P16234|Q9NTI2_AMARTSNLN|0.0
P16234|Q9NTI2_MARTSNLNE|0.0
P16234|Q9NTI2_GQVKYLFSD|0.233
P16234|Q9NTI2_KYLFSDKTG|0.262
P16234|Q9NTI2_FKKCSIAGV|0.016
P16234|Q9NTI2_IAGVTYGHF|0.3
P16234|Q9NTI2_AGVTYGHFP|0.42
P16234|Q9NTI2_AREPSSDDF|0.0
P16234|Q9NTI2_DRHPTAPCI|0.172
P16234|Q9NTI2_FTARTPFSV|0.0
P16234|Q9NTI2_RTPFSVIIE|0.01
P16234|Q9NTI2_GVPETIATL|0.0
P16234|Q9NTI2_LKEDSLDAT|0.384
P16234|O43520_DDQGSAVEP|0.0
P16234|O43520_ARTTTLNEQ|0.0
P16234|O43520_NGQIYGDHR|0.0
P16234|O43520_LCLCYKEIE|0.0
P16234|O43520_EKEFTEWNK|0.01
P16234|O43520_RGGVYAKFA|0.402
P16234|O43520_PVQESFFPP|0.0
P16234|O43520_MSSDYSFAQ|0.358
P16234|O43520_SSDYSFAQF|0.301
P16234|O43520_YNVLYTSLP|0.33
P16234|O43520_RRGVSTRRS|0.0
P16234|O43520_RGVSTRRSA|0.0
P16234|O43520_STRRSAYAF|0.0
P16234|O43520_RRSAYAFSH|0.0
P16234|O43520_HQRGYADLI|0.306
P16234|O43520_RKKRSPLDA|0.0
P16234|O43520_VADGTAEYR|0.096
P16234|O43520_GTAEYRRTG|0.018
P16234|P98198_YKAQSPDEG|0.338
P16234|P98198_GALVTAARN|0.034
P16234|P98198_KMMDSSRSV|0.0
P16234|P98198_MMDSSRSVG|0.0
P16234|P98198_PEQRSMEYP|0.0
P16234|P98198_RSMEYPKLY|0.162
P16234|P98198_YPKLYEPGQ|0.411
P16234|P98198_DLSDTVRYT|0.25
P16234|P98198_NMRLSSLAL|0.0
P16234|P98198_SWIESLRRK|0.0
P16234|P98198_RRKKSDSAS|0.0
P16234|P98198_KKSDSASSP|0.0
P16234|P98198_ASSPSGGAD|0.037
P16234|P98198-3_NDREYNEKF|0.004
P16234|P98198-4_LYVRYVPSL|0.0
P16234|P98198-4_VPSLTWGLS|0.0
P16234|P98198-4_LSRESGGPI|0.0
P16234|P98198-4_ELFFSMKMK|0.0
P16234|O60423_GPAQTPRST|0.038
P16234|O60423_KKMASFQGT|0.0
P16234|O60423_TDTCYGLVI|0.449
P16234|O60423_RKRMSVLVR|0.0
P16234|O60423_CLKKSNIKI|0.0
P16234|O60423_IWVLTGDKQ|0.0
P16234|O60423_DKQETAVNI|0.002
P16234|O60423_CELLSENML|0.431
P16234|O60423_KLLVSLRKE|0.032
P16234|O60423_ARRLSLLCR|0.007
P16234|Q8TF62__MFCSEKKL|0.43
P16234|Q8TF62_DRKMYYSRK|0.441
P16234|Q8TF62_RKMYYSRKA|0.449
P16234|Q8TF62_GELITSGKN|0.0
P16234|Q8TF62_ELITSGKNM|0.007
P16234|O75110_EIRCYVRDK|0.533
P16234|O75110_RELRSVMNT|0.0
P16234|O75110_IIPISLRVN|0.0
P16234|O75110_KIPGTVVRS|0.246
P16234|O75110_VVRSSTIPE|0.0
P16234|O75110_VRSSTIPEQ|0.119
P16234|O75110_LGRISYLLT|0.009
P16234|O75110_SYLLTDKTG|0.362
P16234|O75110_AEKQYEDSC|0.485
P16234|O75110_IFPFTYESK|0.274
P16234|O75110_TVIESLEME|0.0
P16234|O43861_RAAYYSAAG|0.018
P16234|O43861_HPRNSIKNQ|0.261
P16234|O43861_KEVNSQLYS|0.176
P16234|O43861_SQLYSKLTV|0.191
P16234|O43861_YSKLTVRGK|0.447
P16234|O43861_LLLFSYIIP|0.498
P16234|O43861_LLFSYIIPI|0.0
P16234|O43861_IIPISLRVN|0.0
P16234|O43861_NIPGTVVRT|0.298
P16234|O43861_GRLVYLLTD|0.426
P16234|O43861_GGNNTGSTP|0.0
P16234|O43861_NTGSTPLRK|0.011
P16234|O43861_QWTESVGLT|0.0
P16234|O43861_SVGLTLVSR|0.0
P16234|O43861_LTLVSRDLT|0.0
P16234|O43861_RDLTSMQLK|0.0
P16234|O43861_LKTPSGQVL|0.0
P16234|O43861_EITFYMKGA|0.521
P16234|O43861_DVAMSPIVQ|0.0
P16234|O43861_GKQASLAAD|0.0
P16234|O43861_AADFSITQF|0.0
P16234|O43861_DFSITQFRH|0.102
P16234|O43861-2_KRAAYYSAA|0.0
P16234|O43861-2_RAAYYSAAG|0.0
P16234|O43861-2_RDLTSMQLK|0.0
P16234|O43861-2_LKTPSGQVL|0.0
P16234|Q5TC12_LGLVSPAQL|0.0
P16234|Q5TC12_LLRRSDPAA|0.0
P16234|Q5TC12_DKTLSSIFN|0.0
P16234|Q5TC12_KTLSSIFNI|0.0
P16234|Q5TC12_KDTVYAVIP|0.0
P16234|Q8N5M1__MWRSCLRL|0.0
P16234|Q8N5M1_IMGPSIPAK|0.0
P16234|Q8N5M1_LEEEYQIQK|0.033
P16234|Q8N5M1_LRARTAAGT|0.0
P16234|Q8N5M1_TAAGTLFIH|0.0
P16234|Q9UHW5_GPAGSGKST|0.0
P16234|Q9UHW5_GKSTYCATM|0.002
P16234|Q9UHW5_HFNYSVMAD|0.0
P16234|Q9UHW5_REDESSSMF|0.051
P16234|Q9UHW5_EDESSSMFD|0.009
P16234|Q9UHW5_MFDEYFQEC|0.373
P16234|Q7Z7A3_RLGISLQLV|0.0
P16234|Q7Z7A3_GIGGYRDAA|0.1
P16234|Q7Z7A3_GRSRSCCTF|0.0
P16234|Q7Z7A3_RSCCTFCGV|0.032
P16234|Q7Z7A3_LDYFSEECV|0.022
P16234|Q7Z7A3_DEEATPGTP|0.001
P16234|Q7Z7A3_ATPGTPGDP|0.0
P16234|A5YM72_VVCRTQGDR|0.009
P16234|A5YM72_RPLLSKVVC|0.0
P16234|A5YM72_MGGFYLRDW|0.069
P16234|Q9UII2_RGFGSDQSE|0.0
P16234|Q9UII2_EEERYFRAQ|0.197
P16234|Q13535_KKTDSQPTS|0.0
P16234|Q13535_SLNPSKRAP|0.0
P16234|Q13535_SVVITWMSL|0.0
P16234|Q13535_ALPNTPCQN|0.0
P16234|Q13535_AAKASPAAS|0.0
P16234|Q13535_LMADYLQPK|0.409
P16234|Q13535_MQLLSSSVG|0.0
P16234|Q13535_YRKETSEST|0.0
P16234|Q13535_HTINTQDIA|0.0
P16234|Q13535_CQLSTQTVF|0.0
P16234|Q13535_LDHLTQWAR|0.0
P16234|Q13535_LAVASFRSK|0.056
P16234|Q13535_LFQHSPGDS|0.0
P16234|Q13535_PGDSSQEDS|0.0
P16234|Q13535_VSKSSYPMR|0.0
P16234|Q13535_SKSSYPMRV|0.032
P16234|Q13535_PKKISLKGS|0.0
P16234|Q8WXE1_SAPGSKRRS|0.0
P16234|Q8WXE1_SKRRSEPPA|0.0
P16234|Q8WXE1_PPPGTGHPP|0.397
P16234|Q8WXE1_GHPPSKRAR|0.004
P16234|Q8WXE1_ARGFSAAAA|0.0
P16234|Q8WXE1_EQRRSHFLL|0.0
P16234|Q8WXE1_LAAPSVSHV|0.0
P16234|Q8WXE1_APGDSPTHS|0.0
P16234|Q8WXE1_EGNRSLVHR|0.0
P16234|Q8WXE1_LLLLYMYIT|0.395
P16234|Q8WXE1-2_VRALTVMLH|0.0
P16234|O75882_DWDVTRAGR|0.0
P16234|O75882_RLTGSSGFV|0.0
P16234|O75882_LTGSSGFVT|0.0
P16234|O75882_DLYRYDVDT|0.308
P16234|O75882_RFFRYLHTA|0.409
P16234|O75882_RYLHTAVIV|0.0
P16234|O75882_IVSGTMLVF|0.0
P16234|O75882_LKAATCINP|0.0
P16234|O75882_PLNGSVCER|0.0
P16234|Q5VV63_DLYKYEVNT|0.387
P16234|Q5VV63_SKDKTSGVR|0.0
P16234|Q5VV63_KDKTSGVRN|0.0
P16234|P46100_SKLNTLVQK|0.0
P16234|P46100_LAHSSEESE|0.0
P16234|P46100_SSEESEETS|0.0
P16234|P46100_KISGSGSNS|0.0
P16234|P46100_SGSGSNSDM|0.0
P16234|P46100_SGSNSDMME|0.0
P16234|P46100_MMENSKEEG|0.0
P16234|P46100_KEEGTSSSE|0.0
P16234|P46100_EEGTSSSEK|0.0
P16234|P46100_EGTSSSEKS|0.0
P16234|P46100_GTSSSEKSK|0.0
P16234|P46100_NEDASNENS|0.0
P16234|P46100_ENDITMQSL|0.0
P16234|P46100_ITMQSLPKG|0.012
P16234|P46100_YRHPSLQVL|0.261
P16234|P46100_NCFKYYMSD|0.392
P16234|P46100_CFKYYMSDD|0.445
P16234|P46100_SDDISRDSD|0.407
P16234|P46100_ISRDSDGMD|0.0
P16234|P46100_SNKVYEHTS|0.113
P16234|P46100_VYEHTSRFS|0.0
P16234|P46100_KLDDSCSGS|0.0
P16234|P46100_SCSGSVTYS|0.002
P16234|P46100_GSVTYSYSA|0.323
P16234|P46100_NSEISSATK|0.0
P16234|P46100_SEISSATKL|0.0
P16234|P46100_ISSATKLRQ|0.0
P16234|P46100_KKDISKSEA|0.0
P16234|P46100_DISKSEAKL|0.0
P16234|P46100_EAKLSRKQV|0.074
P16234|P46100_QGDGSSGTE|0.0
P16234|P46100_GDGSSGTEQ|0.002
P16234|P46100_KLNISSKDN|0.0
P16234|P46100_TKELYVKLT|0.362
P16234|P46100_PVSLSNSPI|0.0
P16234|P46100_DGYKSCGLN|0.0
P16234|P46100_DLRRSPRVK|0.0
P16234|P46100_PRVKTTPLR|0.0
P16234|P46100_RVKTTPLRR|0.0
P16234|P46100_LRRPTETNP|0.057
P16234|P46100_RPTETNPVT|0.059
P16234|P46100_ECNETVKEK|0.048
P16234|P46100_KQKLSVPVR|0.0
P16234|P46100_DKRNSSDSA|0.0
P16234|P46100_KRNSSDSAI|0.0
P16234|P46100_NSSDSAIDN|0.0
P16234|P46100_KLPKSKQSE|0.0
P16234|P46100_KSKQSETVD|0.0
P16234|P46100_KQSETVDQN|0.0
P16234|P46100_MSHSSSSDT|0.0
P16234|P46100_SHSSSSDTD|0.0
P16234|P46100_HSSSSDTDI|0.0
P16234|P46100_SSSDTDINE|0.0
P16234|P46100_RKRKSSTSG|0.0
P16234|P46100_KRKSSTSGS|0.0
P16234|P46100_RKSSTSGSD|0.0
P16234|P46100_KSSTSGSDF|0.0
P16234|P46100_STSGSDFDT|0.0
P16234|P46100_KKRQTQSES|0.0
P16234|P46100_RQTQSESSN|0.0
P16234|P46100_TQSESSNYD|0.0
P16234|P46100_QSESSNYDS|0.0
P16234|P46100_ESSNYDSEL|0.21
P16234|P46100_GAARTTKKR|0.006
P16234|P46100_AARTTKKRI|0.0
P16234|P46100_SAEGTVDKD|0.0
P16234|P46100_VDKDTTIME|0.0
P16234|P46100_DKDTTIMEL|0.0
P16234|P46100_VDKLSGKEE|0.0
P16234|P46100_GKEESFTSL|0.0
P16234|P46100_SDETSEDDK|0.0
P16234|P46100_MEQQYESSS|0.264
P16234|P46100_QQYESSSDG|0.0
P16234|P46100_QYESSSDGT|0.0
P16234|P46100_YESSSDGTE|0.0
P16234|P46100_AEKSTGKGD|0.0
P16234|P46100_GKGDSCDSS|0.0
P16234|P46100_DSCDSSEDK|0.17
P16234|P46100_SCDSSEDKK|0.0
P16234|P46100_DGCNSSDKR|0.0
P16234|P46100_RRNLSSKRN|0.0
P16234|P46100_RNLSSKRNT|0.0
P16234|P46100_QSGSSSSDA|0.0
P16234|P46100_DAEESSEDN|0.305
P16234|P46100_LSSHTGFCQ|0.0
P16234|P46100_GFCQSSGDE|0.0
P16234|P46100_FCQSSGDEA|0.0
P16234|P46100_DEALSKSVP|0.0
P16234|P46100_SVPVTVDDD|0.055
P16234|P46100_KANLSSDED|0.0
P16234|P46100_ANLSSDEDG|0.0
P16234|P46100_DEDGSSDDE|0.0
P16234|P46100_EDGSSDDEP|0.0
P16234|P46100_SDSDSEESK|0.0
P16234|P46100_RHKLTVSDG|0.001
P16234|P46100_QRPRTRSAK|0.0
P16234|P46100_VQEDSSSEN|0.148
P16234|P46100_QEDSSSENK|0.0
P16234|P46100_EDSSSENKS|0.114
P16234|P46100_SENKSNSEE|0.0
P16234|P46100_NKSNSEEEE|0.0
P16234|P46100_DKLRTETQN|0.0
P16234|P46100_LRTETQNAL|0.143
P16234|P46100_KLEVSELAT|0.0
P16234|P46100_NLLGSIKEF|0.0
P16234|P46100_KLYQYYLDH|0.472
P16234|P46100_FDEDSMDEF|0.0
P16234|P46100_ETSMSLSSD|0.0
P16234|P46100_SMSLSSDDY|0.026
P16234|P46100_SSSGSGSDN|0.0
P16234|P46100_SGSGSDNDV|0.0
P16234|P46100_WNSRSRGGG|0.0
P16234|P46100_NPSVSLKLE|0.0
P16234|P46100_SKATSSSNP|0.0
P16234|P46100_VLEHSGKMV|0.0
P16234|P46100_RNIDYYRLD|0.27
P16234|P46100_RLDGSTTAQ|0.0
P16234|P46100_LDGSTTAQS|0.0
P16234|P46100_DGSTTAQSR|0.0
P16234|P46100_TTAQSRKKW|0.025
P16234|P46100_EDKIYDRQV|0.298
P16234|P46100_VVEATNSVT|0.0
P16234|P46100_EDIISAVWK|0.0
P16234|P46100_SRQASQELD|0.0
P16234|P46100_REAIYNDVL|0.367
P16234|P46100-4_SNENSENDI|0.0
P16234|P46100-6_SNENSENDI|0.0
P16234|Q13825_KMSSSEVGP|0.0
P16234|Q13825_GPFVSKIRA|0.0
P16234|Q13825_AIGMSLAKE|0.0
P16234|Q13825_ELIFSARVL|0.0
P16234|Q9H7T9_RKVQTHLIK|0.0
P16234|Q9H7T9_IKPGTKMLT|0.0
P16234|Q9H7T9_TKMLTLLPG|0.0
P16234|Q9H7T9_KANIYFTQR|0.0
P16234|Q9H7T9_ERKVSAKEN|0.0
P16234|Q9Y679_FVVRTMCAV|0.0
P16234|Q9Y679_RQEDSGLRD|0.0
P16234|Q9Y679_RLPPTPLLL|0.0
P16234|Q9Y679_LRPQSAQSS|0.0
P16234|Q9Y679_QSAQSSFPP|0.0
P16234|Q9Y679_SAQSSFPPS|0.0
P16234|Q9Y679_TPQPTALTF|0.0
P16234|Q9Y679_ARQESLQER|0.099
P16234|Q9Y679_KQALYEYAR|0.47
P16234|Q9Y679_ALYEYARRR|0.407
P16234|O14965_TLCGTLDYL|0.396
P16234|O14965_GTLDYLPPE|0.27
P16234|Q96GD4_KENSYPWPY|0.335
P16234|Q96GD4_QTAPSGLST|0.0
P16234|Q96GD4_GTLDYLPPE|0.014
P16234|Q9UQB9_QQPSSPAMR|0.484
P16234|Q9UQB9_FGNVYLARL|0.415
P16234|Q9UQB9_VLFKSQIEK|0.0
P16234|Q9UQB9_GTLDYLPPE|0.359
P16234|Q9UQB9_RDLISRLLR|0.0
P16234|Q8WXX7_LSLASSSGS|0.0
P16234|Q8WXX7_SSSGSDKED|0.001
P16234|Q8WXX7_EKRQTPLTK|0.344
P16234|Q8WXX7_PHHYSSDRE|0.0
P16234|Q8WXX7_LRAPSPDPD|0.0
P16234|Q8WXX7_LASQSADRG|0.0
P16234|Q8WXX7_FYRHSLFHS|0.39
P16234|Q8WXX7_RLHRTPPSF|0.0
P16234|Q8WXX7_EKRHSSHPS|0.0
P16234|Q8WXX7_KRHSSHPSP|0.0
P16234|Q8WXX7_SSHPSPAPV|0.0
P16234|Q8WXX7_ERDHSESRK|0.0
P16234|Q8WXX7_VPSPYVRTP|0.274
P16234|Q8WXX7_PYVRTPVVE|0.36
P16234|Q8WXX7_ARPNSTSSR|0.0
P16234|Q8WXX7_PNSTSSREA|0.0
P16234|Q8WXX7_GEPAYENPK|0.246
P16234|Q8WXX7_FMGISPLPG|0.0
P16234|Q8WXX7_ERFPYPSFH|0.104
P16234|Q8WXX7_FPYPSFHWD|0.309
P16234|Q8WXX7_LHRLSTPRL|0.0
P16234|Q8WXX7_HRLSTPRLY|0.227
P16234|Q8WXX7_RISPTAGNQ|0.007
P16234|Q8WXX7_TAALSAPPP|0.0
P16234|Q8WXX7_PRRTTPLSA|0.0
P16234|Q8WXX7_TTPLSAEIR|0.002
P16234|Q8WXX7_ERPPSHTLK|0.0
P16234|Q9NQS1_EQGNYSKRK|0.227
P16234|Q9NQS1_RKIVSNWDR|0.0
P16234|Q9NQS1_NWDRYQDIE|0.009
P16234|Q9NQS1_SAGDSFSQF|0.0
P16234|Q9NQS1_SPGPSRDSQ|0.0
P16234|Q9NQS1_PSRDSQKPT|0.0
P16234|Q9NQS1_CAKPSVTEE|0.003
P16234|O75366_RRVASLLSQ|0.0
P16234|O75366_KEAASPELM|0.43
P16234|O75366_QAAMSKALG|0.0
P16234|O75366_IKMKSYPSS|0.0
P16234|O75366_TNVETVNDG|0.411
P16234|O75366_DGAESAMFK|0.001
P16234|O75366_LDVQSRLFE|0.0
P16234|O75366_NSNDSEPKY|0.172
P16234|Q8NBF6_VCVLSKLPL|0.0
P16234|Q8NBF6_RPRKSMSED|0.0
P16234|Q8NBF6_TADVSHTNL|0.0
P16234|Q8NBF6_DVSHTNLGT|0.0
P16234|Q8NBF6_TNLGTIRKV|0.0
P16234|Q8NBF6_RFSHSVQNS|0.0
P16234|Q8NBF6_SVQNSERGK|0.0
P16234|Q8NBF6_MVTTSRNVV|0.0
P16234|Q8NBF6_AVGQSVGGA|0.0
P16234|P01185_KRAMSDLEL|0.0
P16234|Q5T686_NWRKSGPTS|0.0
P16234|P37288_TADRYIAVC|0.334
P16234|P37288_SSVKSISRA|0.0
P16234|P37288_VKSISRAKI|0.0
P16234|P47901_TLAATTRGL|0.0
P16234|P47901_PSRVSSINT|0.0
P16234|P47901_SSINTISRA|0.0
P16234|P47901_RRRLSDGSL|0.0
P16234|P47901_LSDGSLSSR|0.0
P16234|P30518_MVGMYASSY|0.434
P16234|Q5T1B0_LNSTSTSES|0.0
P16234|Q5T1B0_AKEGTRGLP|0.001
P16234|Q5T1B0_LSLTYAANA|0.172
P16234|Q5T1B0_SERQYMEEI|0.416
P16234|Q5T1B0_IQKLYKEYE|0.398
P16234|Q5T1B0_KGMVTAMAL|0.0
P16234|O15169_TSTATPRRS|0.0
P16234|O15169_SASPTPPYL|0.003
P16234|O15169_PTPPYLKWA|0.032
P16234|O15169_KKAESGKSA|0.0
P16234|O15169_GKSASTEVP|0.0
P16234|O15169_KSASTEVPG|0.0
P16234|O15169_VPGASEDAE|0.0
P16234|O15169_EKEISRHRR|0.0
P16234|O15169_IVVAYYFCG|0.41
P16234|O15169_VVAYYFCGE|0.254
P16234|O15169_EPIPYRTLV|0.229
P16234|Q9Y2T1_EGRASPDSP|0.0
P16234|Q9Y2T1_ASPDSPLTR|0.0
P16234|Q9Y2T1_NSIVSKQLK|0.0
P16234|Q9Y2T1_KCKLSPTVV|0.0
P16234|Q9Y2T1_KLSPTVVGL|0.0
P16234|Q9Y2T1_NGQVSLPHF|0.0
P16234|Q9Y2T1_RVLKTPGCQ|0.0
P16234|Q9Y2T1_PGCQSPGVG|0.0
P16234|Q9Y2T1_VGRYSPRSR|0.007
P16234|Q9Y2T1_PAAASPGAC|0.0
P16234|Q9Y2T1_GGSEYYCYS|0.365
P16234|P30530_WIVVSQLRI|0.17
P16234|P30530_GLNKTSSFS|0.115
P16234|P30530_LNKTSSFSC|0.237
P16234|P30530_NKTSSFSCE|0.41
P16234|P30530_TSSFSCEAH|0.237
P16234|P30530_LHPHTPYHI|0.422
P16234|P30530_RVRKSYSRR|0.43
P16234|P30530_ATLNSLGIS|0.0
P16234|P30530_SERESFPAP|0.462
P16234|P30530_SFLLYSRLG|0.582
P16234|P30530_DQPVYLPTQ|0.696
P16234|P30530_DFGLSKKIY|0.283
P16234|P30530_ADRVYTSKS|0.447
P16234|P30530_NSEIYDYLR|0.569
P16234|P30530_KDSCSCLTA|0.263
P16234|P30530_CPSTTPSPA|0.505
P16234|Q96S65_SSSSSSGCQ|0.0
P16234|Q96S65_SGCQSRSCS|0.0
P16234|Q96S65_CQSRSCSPS|0.0
P16234|Q96S65_SPSSSVSRA|0.0
P16234|Q96S65_PRSFTPLSI|0.0
P16234|Q96S65_FTPLSILKR|0.0
P16234|Q96S65_RGGCTLGMA|0.0
P16234|Q7L5N7_EVAATVPGA|0.0
P16234|Q7L5N7_AMFFSMGFI|0.0
P16234|Q7L5N7_VLLRYPNKL|0.409
P16234|Q7L5N7_HLDEYASIA|0.066
P16234|Q7L5N7_GDSISYEEF|0.0
P16234|Q7L5N7_DSISYEEFK|0.0
P16234|Q7L5N7_EVQTTPSTA|0.0
P16234|Q7L5N7_PSTASNKVS|0.0
P16234|Q7L5N7_EESTSDKKD|0.0
P16234|P25311_DIVEYYNDS|0.416
P16234|Q9H6S1_EETSSVGRE|0.0
P16234|Q9H6S1_NKDNSESLK|0.0
P16234|Q9H6S1_DNSESLKVL|0.0
P16234|Q9H6S1_LQLRTEVET|0.0
P16234|Q9H6S1_TEVETQQVM|0.0
P16234|Q9H6S1_LNPPSSNWE|0.0
P16234|Q9H6S1_NPPSSNWEV|0.0
P16234|Q9H6S1_VEKLSCDLK|0.0
P16234|Q9H6S1_LQKLSISSD|0.0
P16234|Q9H6S1_RKLKTSTAI|0.0
P16234|Q9H6S1_KLKTSTAIK|0.0
P16234|Q9H6S1_LKTSTAIKK|0.0
P16234|Q9H6S1_PVGCSEDLG|0.0
P16234|Q9H6S1_LGRDSTKLH|0.0
P16234|Q9H6S1_DNERSIPND|0.0
P16234|Q9H6S1_QEHSSYGRN|0.002
P16234|Q9H6S1_YGRNSLEDN|0.004
P16234|Q9H6S1_LEDNSWVFP|0.0
P16234|Q9H6S1_SPPKSSETA|0.0
P16234|P10244_DELHYQDTD|0.151
P16234|P10244_QDTDSDVPE|0.0
P16234|P10244_NHWNSTIKR|0.0
P16234|P10244_SVPPTIKEE|0.0
P16234|P10244_PRQPSALVP|0.0
P16234|P10244_ISPSTEVGG|0.0
P16234|P10244_RVALSPVTE|0.0
P16234|P10244_LTPKSTPVK|0.0
P16234|P10244_PFSPSQFLN|0.0
P16234|P10244_NKQDTLELE|0.0
P16234|P10244_LELESPSLT|0.0
P16234|P10244_LESPSLTST|0.0
P16234|P10244_PSLTSTPVC|0.0
P16234|P10244_KVVVTTPLH|0.0
P16234|P10244_PLPQTPHLE|0.0
P16234|P10244_KVRKSLALD|0.001
P16234|P10244_KEDNSLLNQ|0.0
P16234|P10244_KPSHTSRTL|0.0
P16234|P61769__MSRSVALA|0.0
P16234|P61769_LALLSLSGL|0.0
P16234|P61769_AIQRTPKIQ|0.192
P16234|P61769_KIQVYSRHP|0.39
P16234|P61769_IQVYSRHPA|0.005
P16234|P61769_KVEHSDLSF|0.0
P16234|P61769_HSDLSFSKD|0.0
P16234|P61769_DLSFSKDWS|0.0
P16234|P61769_HVTLSQPKI|0.0
P16234|Q9Y5Z6_IKIATLFLL|0.0
P16234|O43825_PVTYTFRGF|0.228
P16234|O75752_EHLLYGDII|0.359
P16234|O75752_DFLDTYNNL|0.313
P16234|O75752_FLDTYNNLT|0.396
P16234|O96024_AIRASWGGL|0.0
P16234|O96024_KFLLTSHRL|0.0
P16234|Q9Y2C3_FLLGTTSSA|0.0
P16234|Q9Y2C3_LGTTSSAAE|0.0
P16234|Q96L58_VLVASAPRA|0.0
P16234|Q96L58_LRDAYENLT|0.2
P16234|Q96L58_YENLTAKVL|0.436
P16234|Q96L58_THKQSLEDM|0.042
P16234|Q6Y288_LISISRLQH|0.0
P16234|Q6Y288_WLAPSDEDK|0.0
P16234|Q9NPZ5_TRKVSVWPV|0.0
P16234|Q9NPZ5_KRRGSQPGM|0.418
P16234|Q9NY97_IMEVSKSSS|0.0
P16234|Q9Y2A9_SPSNYVRRE|0.341
P16234|Q9C0J1_WAPPTPRHS|0.0
P16234|Q9C0J1_QWDFTEDFF|0.0
P16234|Q6ZMB0_LSGPTARAL|0.0
P16234|Q8NFL0_LVAVTVFQR|0.0
P16234|Q8NFL0_RERQSAGGG|0.0
P16234|Q8NFL0_LMAGSLARR|0.0
P16234|Q7Z7M8_KAYPSPRGT|0.006
P16234|Q7Z7M8_RFLLSAACR|0.0
P16234|Q7Z7M8_ASARSLYLG|0.0
P16234|Q7Z7M8_ARSLYLGEV|0.014
P16234|Q7Z7M8_GPQASIRLW|0.0
P16234|Q67FW5_KLEDSGVHV|0.002
P16234|Q67FW5_GGHDSPSPR|0.003
P16234|Q00973_VLERTPLDL|0.0
P16234|Q00973_GAETYARYR|0.443
P16234|Q8NHY0_PELPSPAPG|0.0
P16234|Q8NHY0_HVTYTSTGY|0.23
P16234|Q8NHY0_LESRSSVAK|0.0
P16234|Q8NHY0_ESRSSVAKF|0.0
P16234|Q6L9W6_KLAVSPKWT|0.0
P16234|Q6L9W6_GKFRSQISK|0.081
P16234|Q6L9W6_SKPVSLSAS|0.0
P16234|Q6L9W6_FPGRTSHIP|0.0
P16234|Q6L9W6_PGRTSHIPV|0.0
P16234|Q6L9W6_PAGDSPRKT|0.0
P16234|Q6L9W6_QALRTDWID|0.0
P16234|Q6L9W6_GGMNTKEFR|0.0
P16234|Q76KP1_KLAVSPKWK|0.356
P16234|Q76KP1_RLMASRRYY|0.127
P16234|Q76KP1_NKCFYRESP|0.506
P16234|Q76KP1_GFYKYMKMD|0.481
P16234|Q76KP1_PTVDSNLSS|0.256
P16234|Q76KP1_DSNLSSEAR|0.0
P16234|Q76KP1_VMRLSCGSS|0.067
P16234|P15291_AIGQSSGEL|0.0
P16234|P15291_PRHISVAMD|0.399
P16234|P15291_MIRHSRDKK|0.001
P16234|P15291_DGLNSLTYQ|0.326
P16234|O60909_MGGRYTPPD|0.01
P16234|O60909_GSVRYQVLE|0.311
P16234|O60909_VLEVSRQPL|0.0
P16234|O60512_PRSRTAIIV|0.0
P16234|O60512_RLLLYHLHP|0.42
P16234|O60512_DHNLYVCDP|0.46
P16234|O60512_MNSLTYQLL|0.191
P16234|O60513_LRGQSKLIF|0.0
P16234|O60513_QQLDYGIYV|0.263
P16234|O60513_DYGIYVIHQ|0.413
P16234|O60513_LNVGYLEAL|0.226
P16234|O43286_DNVRTIGAQ|0.0
P16234|O43286_QVLRSAYAK|0.0
P16234|O43286_LRSAYAKRN|0.478
P16234|O43286_YKNITVNLT|0.208
P16234|O43286_QVNEY____|0.413
P16234|Q9UBX8_KLLRYSKER|0.453
P16234|Q9UBX8_KERQYIDGL|0.495
P16234|Q9UBX8_NNLIYRPKI|0.417
P16234|Q9UBX8_PIEDY____|0.418
P16234|O43505_AQLRTALAS|0.0
P16234|O43505_TALASGGVL|0.0
P16234|O43505_KYPNSPRRC|0.298
P16234|Q68D85_WRLKSGDAS|0.014
P16234|Q68D85_PGTVYQCVV|0.0
P16234|Q68D85_SSSAYTPLK|0.153
P16234|Q68D85_LTVTSGKSI|0.0
P16234|Q68D85_TSGKSIDDN|0.0
P16234|Q68D85_NSTKSEKQT|0.0
P16234|Q68D85_SEKQTPREH|0.0
P16234|Q9UPM9_HVPFSPGRH|0.0
P16234|Q9UPM9_RKLGYDTGP|0.011
P16234|Q8WXS3_AKEVTINVT|0.0
P16234|Q14032_LERWYVAPG|0.407
P16234|Q14032_APGVTRIKV|0.0
P16234|Q14032_AYHNYEDLP|0.394
P16234|Q14032_TDLEYFEEA|0.172
P16234|Q14032_QVGASQYLF|0.0
P16234|Q14032_GASQYLFPI|0.001
P16234|P56817_LPRETDEEP|0.0
P16234|P56817_GRRGSFVEM|0.0
P16234|P56817_LRGKSGQGY|0.0
P16234|P56817_REWYYEVII|0.07
P16234|P56817_AAVKSIKAA|0.0
P16234|Q9Y5Z0_GRGYYLEML|0.343
P16234|Q9Y5Z0_TERSSTYRS|0.001
P16234|Q9Y5Z0_ERSSTYRSK|0.04
P16234|Q9Y5Z0_STYRSKGFD|0.0
P16234|Q9Y5Z0_DENSSRSFR|0.0
P16234|Q9Y5Z0_NDESSLVRH|0.0
P16234|O14867_DLKLSLLDQ|0.0
P16234|O14867_KNVQTPQCK|0.0
P16234|O14867_KAFGTDRVR|0.0
P16234|O14867_VQEKTFGES|0.0
P16234|O14867_TREDSSVAS|0.0
P16234|O14867_SDRSSVERE|0.0
P16234|O14867_QMQLSPAVA|0.0
P16234|O14867_LGDDSETDT|0.0
P16234|O14867_DDSETDTEG|0.0
P16234|O14867_NDFQSLLKM|0.0
P16234|O14867_MHKLTPEQL|0.0
P16234|O14867_ARGNSEPGY|0.0
P16234|Q9BYV9_DCENSAGEE|0.314
P16234|Q9BYV9_TLCLSGDEP|0.0
P16234|Q9BYV9_RKQPSPAPT|0.0
P16234|Q9BYV9_SPAPTPTAP|0.008
P16234|Q9BYV9_ERSRSVASP|0.0
P16234|Q9BYV9_RSVASPSCL|0.0
P16234|Q9BYV9_SCLRSLFSI|0.0
P16234|Q9BYV9_SITKSVELS|0.0
P16234|Q9BYV9_FTMGSPLRG|0.0
P16234|Q9BYV9_VCPRSPPLE|0.0
P16234|Q9BYV9_SSCSSYSYA|0.31
P16234|Q9BYV9_CSSYSYAED|0.306
P16234|Q9BYV9_LCEFSSSPC|0.0
P16234|Q9BYV9_SSPCSQGAR|0.001
P16234|Q9BYV9_GDGMYNQVR|0.407
P16234|Q92934_GDGPSGSGK|0.196
P16234|Q92934_GPSGSGKHH|0.02
P16234|Q92934_VEIRSRHSS|0.327
P16234|Q92934_YPAGTEDDE|0.293
P16234|Q92934_FRGRSRSAP|0.0
P16234|Q92934_AAQRYGREL|0.005
P16234|Q92934_EFVDSFKKG|0.18
P16234|Q92934_KSAGTATQM|0.0
P16234|Q92934_AGTATQMRQ|0.001
P16234|Q92934_RQSSSWTRV|0.0
P16234|O75531_FDKAYVVLG|0.132
P16234|O96019____MSGGVY|0.27
P16234|O96019_GPTYYIDTN|0.091
P16234|O96019_APWNTRAKR|0.2
P16234|O96019_VHDGYVLQQ|0.336
P16234|O94805_LDHTYSKHV|0.278
P16234|Q9Y275_PSVRSSKDG|0.0
P16234|Q96RJ3_RGPRSLRGR|0.0
P16234|Q99933_TRRRSTRSE|0.0
P16234|Q99933_RSTRSEELT|0.0
P16234|Q99933_EMNRSQEVT|0.263
P16234|Q99933_FKGKSLKEM|0.407
P16234|Q99933_KEMETPLSA|0.0
P16234|O95816_RRLETLLRN|0.0
P16234|O95816_AGSKTLQQN|0.0
P16234|O95817_GHPVYPQLR|0.38
P16234|O95817_LRPGYIPIP|0.16
P16234|O95817_PFHVYPQPG|0.417
P16234|O95817_ASDCSSSSS|0.0
P16234|O95817_ASLPSSGRS|0.22
P16234|O95817_LPRGYISIP|0.23
P16234|O95817_AAQPSFHQA|0.008
P16234|O95817_QKTHYPAQQ|0.412
P16234|O95817_GEYQTHQPV|0.11
P16234|O95817_SPFRSSVQG|0.0
P16234|O95817_TAPVSQPEN|0.0
P16234|O95817_SSPKSVATE|0.0
P16234|O95817_KSVATEERA|0.0
P16234|O95817_TDKKYLMIE|0.365
P16234|O95817_MIEEYLTKE|0.432
P16234|O95817_EEYLTKELL|0.0
P16234|O95817_QVQVYELQP|0.219
P16234|O95429_RRSGYGPSD|0.34
P16234|O95429_DGPSYGRYY|0.391
P16234|O95429_QPPISWRVR|0.0
P16234|O95429_GGDGYYPSG|0.492
P16234|O95429_GDGYYPSGG|0.422
P16234|O95429_YNSNYWNST|0.381
P16234|O95429_STYRSSGNS|0.001
P16234|O95429_PTPVSRWIY|0.0
P16234|O95429_QVPGYPPSQ|0.423
P16234|O95429_GYPPSQNPG|0.0
P16234|O95429_NPGMTLPHY|0.289
P16234|O95429_DAWASPGAY|0.0
P16234|O95429_SPGAYGMGG|0.42
P16234|O95429_QSPPSPPVQ|0.0
P16234|O95429_SSYPYSQSD|0.383
P16234|O95429_SYPYSQSDQ|0.096
P16234|O95429_PSDESTPPS|0.0
P16234|Q9UL15_KEVKSVEQQ|0.0
P16234|Q9UL15_ERILTKQLF|0.0
P16234|Q9UL15_EIRNYRREV|0.348
P16234|Q9UL15_NILSYLDLK|0.0
P16234|Q9P281_GGPRSTHAL|0.0
P16234|Q9P281_GPRSTHALD|0.0
P16234|Q9P281_PVALTPTAP|0.0
P16234|Q9P281_PPPCSPRSL|0.0
P16234|Q9P281_SGASSQVLE|0.0
P16234|Q9P281_QRAGSPGAL|0.0
P16234|Q9P281_LGQQSMEDS|0.0
P16234|Q9P281_SMEDSEEDC|0.003
P16234|Q9P281_APDNSHPPR|0.0
P16234|Q9P281_QRKDTWTPK|0.0
P16234|Q9P281_ERDESSRSP|0.0
P16234|Q9P281_RDESSRSPA|0.0
P16234|Q9P281_KRKHSSSLP|0.0
P16234|Q9P281_GSRETPRCP|0.0
P16234|Q9P281_AGSGYDSED|0.0
P16234|Q9P281_CRLSSPESE|0.0
P16234|Q9P281_SCRRTKKVS|0.001
P16234|Q9P281_TKKVSSEAP|0.0
P16234|Q9P281_KKVSSEAPP|0.0
P16234|Q9P281_TPSLSPKAQ|0.0
P16234|Q9P281_KKSISKDKA|0.0
P16234|Q9P281_AELLTSGAK|0.0
P16234|Q9P281_SGAKSPTGA|0.0
P16234|Q9P281_AKSPTGASD|0.0
P16234|Q9P281_GRRGSPLLS|0.0
P16234|Q9P281_VAAASKGPG|0.0
P16234|Q9P281_HSVATPIFG|0.0
P16234|Q9P281_HEGVTSPKN|0.0
P16234|Q9P281_EGVTSPKNK|0.0
P16234|Q9P281_QRPPSVENR|0.0
P16234|Q8TBE0_GMPESPGHL|0.0
P16234|Q8TBE0_RDRATGGWS|0.0
P16234|Q8TBE0_LGGGSRDLS|0.0
P16234|Q8TBE0_KALESPLGL|0.0
P16234|Q8TBE0_PGEESPAPK|0.0
P16234|Q8TBE0_EGKLSPVAA|0.0
P16234|Q8TBE0_ACPQSAKPP|0.0
P16234|Q8TBE0_AKPPSGSKS|0.0
P16234|Q8TBE0_PPSGSKSGL|0.0
P16234|Q8TBE0_QGGRSPSMH|0.0
P16234|Q8TBE0_EGLPSRKTA|0.0
P16234|Q8TBE0_LVPPSADYS|0.0
P16234|Q8TBE0_PSADYSTPP|0.0
P16234|Q8TBE0_SADYSTPPH|0.0
P16234|Q8TBE0_ADYSTPPHR|0.0
P16234|Q8TBE0-3_QGGRSPSMH|0.0
P16234|O14514_PANASRCSW|0.0
P16234|O14514_PRRYTLYMK|0.089
P16234|O14514_RYTLYMKVA|0.412
P16234|O14514_STRTYLGVE|0.435
P16234|O14514_LGVESFDEV|0.0
P16234|O14514_TRTRTCLPA|0.0
P16234|O14514_SLRSTDARR|0.0
P16234|O14514_SCSVTCGAG|0.0
P16234|O14514_LKRPSLPEE|0.0
P16234|O14514_TNFNSLPAN|0.086
P16234|O14514_FPNHSLTLK|0.0
P16234|O14514_NHSLTLKRD|0.0
P16234|O14514_KALDTSYVI|0.34
P16234|O14514_VILPTATAT|0.0
P16234|O14514_LPTATATLR|0.0
P16234|O14514_TATATLRPK|0.0
P16234|O14514_LSVSSLERR|0.0
P16234|O14514_PLQPSPLEL|0.201
P16234|O60241__MENTGWMG|0.0
P16234|O60241_TEMRYGEEP|0.149
P16234|O60241_SRKCSVAGP|0.0
P16234|O60241_PAWATCTGA|0.0
P16234|O60241_WATCTGALT|0.0
P16234|O60241_VMLMTWKKA|0.0
P16234|O60241_GEIIYNKCP|0.007
P16234|O60241_HEYRYLYLS|0.217
P16234|O60241_YRYLYLSLR|0.44
P16234|O60241_KRATYVPSA|0.413
P16234|O60241_SRVMTVTVR|0.0
P16234|O60241_VMTVTVRPP|0.0
P16234|O60241_VRPPTQPPA|0.0
P16234|O60241_VLAMTDRRS|0.035
P16234|O60241_SEGDYMVLP|0.39
P16234|O60241_TVAHTEGYP|0.0
P16234|O60241_ERSRTMPRT|0.0
P16234|O60241_EKRWSVSSG|0.0
P16234|O60241_RRHQSWSTF|0.0
P16234|O60242_PKNFTNCTW|0.0
P16234|O60242_MGDHTIKSQ|0.0
P16234|O60242_GDGMSQVTK|0.0
P16234|O60242_MSQVTKTLL|0.0
P16234|O60242_GAVLYKNLD|0.347
P16234|O60242_DDSKTNESL|0.0
P16234|O60242_KTNESLGTW|0.0
P16234|O60242_GTWSTQGCK|0.0
P16234|O60242_EGLSYSTLP|0.0
P16234|O60242_LSYSTLPGN|0.0
P16234|O60242_RRTVYLCTD|0.337
P16234|O60242_MESDYIVMP|0.395
P16234|O60242_RKSRYSDLD|0.429
P16234|O60242_KSRYSDLDF|0.257
P16234|O60242_NPSEYPHYT|0.45
P16234|O60242_EYPHYTTIN|0.415
P16234|Q6UXY1_SRAHSPGLL|0.0
P16234|Q6UXY1_LGEFSSPRS|0.0
P16234|Q6UXY1_SRHGSGSYG|0.0
P16234|Q6UXY1_PDRRSLPRT|0.0
P16234|Q6UXY1_SLPRTPSAS|0.0
P16234|Q6UXY1_PRTPSASSL|0.0
P16234|Q6UXY1_TPSASSLYS|0.001
P16234|Q6UXY1_ASSLYSGSA|0.013
P16234|Q6UXY1_SRSNSFGER|0.0
P16234|Q6UXY1_LVSHSEGAN|0.0
P16234|Q6UXY1_PLRGSHSLD|0.0
P16234|Q6UXY1_RGSHSLDDL|0.0
P16234|Q6UXY1_GQSRSRTPS|0.0
P16234|Q6UXY1_SRSRTPSRV|0.0
P16234|Q6UXY1_SRTPSRVPS|0.0
P16234|Q6UXY1_SRVPSRAPS|0.0
P16234|Q6UXY1_SRAPSPAPP|0.0
P16234|Q6UXY1_SSRRSSMGS|0.0
P16234|Q6UXY1_SRRSSMGST|0.0
P16234|Q6UXY1_NPFATVKLR|0.0
P16234|Q6UXY1-2_RGSHSLDDL|0.0
P16234|Q6UXY1-2_SRVPSRAPS|0.0
P16234|Q6UXY1-2_SRAPSPAPP|0.015
P16234|O94812_LRSGSPAPP|0.0
P16234|O94812_FRKGSKRGG|0.0
P16234|O94812_CIQVTEVKS|0.0
P16234|Q16611_QHGLTGFLG|0.0
P16234|Q13145_EIRCYCDAA|0.285
P16234|Q13145_HCVATGYMC|0.449
P16234|Q13145_VATGYMCKS|0.322
P16234|Q13145_SRLHYSFHG|0.375
P16234|Q13145_HWGMYSGHG|0.0
P16234|Q9H503_VDGISHELA|0.0
P16234|Q9H503_INLVTKGIN|0.0
P16234|Q9H503-2_MLRGTKEMD|0.0
P16234|Q8NDB2_KGLGSPDPA|0.0
P16234|Q8NDB2_LENFSFRHL|0.0
P16234|Q8NDB2_KILHSPKSV|0.0
P16234|Q8NDB2_EDYISVIQS|0.532
P16234|Q8NDB2_RAKHSGEIS|0.0
P16234|Q8NDB2_QMERSQNWG|0.0
P16234|Q8NDB2_ETTPYIAQV|0.367
P16234|Q8NDB2_ARIESPAFS|0.0
P16234|Q8NDB2_EENVYNKLT|0.32
P16234|Q8N9N5_LDLVTNKQH|0.017
P16234|Q8N9N5_EDPLSNRAP|0.322
P16234|Q8N9N5_RAPDSLENV|0.04
P16234|Q8N9N5_ENVISNAVP|0.233
P16234|Q8N9N5_PLTIYGIRC|0.011
P16234|Q8N9N5_QRGQSLAVK|0.113
P16234|Q92560_TKGFSPESK|0.0
P16234|Q92560_AGEPYHDIR|0.153
P16234|Q92560_RRIKYEARL|0.093
P16234|Q92560_ELIQTHKSQ|0.0
P16234|Q92560_QTHKSQESQ|0.0
P16234|Q92560_EESKSASNK|0.0
P16234|Q92560_SKSASNKSP|0.0
P16234|Q92560_AQAPSHSPP|0.0
P16234|Q92560_DEDDYEDDE|0.47
P16234|Q92560_QKDLSIPLS|0.0
P16234|Q92560_HSQPSPTPS|0.0
P16234|Q92560_SAFNSPLRS|0.0
P16234|Q92560_SPLRSPIRS|0.0
P16234|Q92560_SPIRSANPT|0.0
P16234|Q92560_SANPTRPSS|0.0
P16234|Q92560_PTRPSSPVT|0.0
P16234|Q92560_SSPVTSHIS|0.0
P16234|Q92560_SPVTSHISK|0.0
P16234|Q92560_DGVLSPLAL|0.0
P16234|Q92560_EATDSREKT|0.0
P16234|Q92560_RQGVSIGRL|0.059
P16234|Q9H583____MTSLAQ|0.0
P16234|Q9H583_ALPQSDASL|0.0
P16234|Q9H583_QSDASLLSR|0.0
P16234|Q9H583_IHHVTGEET|0.001
P16234|Q9H583_TGEETEGMD|0.0
P16234|Q9H583_DGQIYKRHL|0.06
P16234|Q9H583_LSAISAFEI|0.0
P16234|Q9H583_HVILSVLVS|0.002
P16234|Q9H583_ASISSPVVT|0.0
P16234|Q9H583_INLGSPVKE|0.0
P16234|Q9H583_TLGKYNEFS|0.002
P16234|Q9H583_TIQITALEK|0.0
P16234|Q9H583_FAAISDEKV|0.0
P16234|Q9H583_QDLESVQEV|0.0
P16234|Q9H583_RLDDTYSFQ|0.064
P16234|Q9H583_LDDTYSFQV|0.245
P16234|Q9H583_PKAVSFNKS|0.0
P16234|Q9H583_SFNKSESQE|0.0
P16234|Q9H583_FKFLSVSFM|0.0
P16234|Q9H583_FLSVSFMSQ|0.0
P16234|Q9H583_SQLLSSNNF|0.0
P16234|Q9H583_QLLSSNNFL|0.0
P16234|Q9H583_ALLPTETFI|0.0
P16234|Q9H583_LPTETFIPV|0.0
P16234|Q9H583_NPLPSVRRK|0.0
P16234|Q9H583_KTLATTLAP|0.0
P16234|Q9H583_TLATTLAPR|0.0
P16234|Q9H583_RAQHSENDL|0.001
P16234|Q9H583_AFFDSENDP|0.218
P16234|Q9H583_FLFDTQHFI|0.0
P16234|Q9H583_QHFISKERA|0.001
P16234|Q99623_RGMGTALKL|0.001
P16234|Q99623_GAVAYGVRE|0.131
P16234|Q99623_PWFQYPIIY|0.381
P16234|Q99623_YPIIYDIRA|0.249
P16234|Q99623_RKISSPTGS|0.0
P16234|Q99623_MVNISLRVL|0.0
P16234|Q99623_QELPSMYQR|0.239
P16234|Q99623_LPSMYQRLG|0.539
P16234|Q99623_RVLPSIVNE|0.0
P16234|Q99623_SQLITQRAQ|0.0
P16234|Q99623_RAQVSLLIR|0.0
P16234|Q99623_GEALSKNPG|0.0
P16234|Q99623_NISKTIATS|0.0
P16234|Q99623_KTIATSQNR|0.0
P16234|Q99623_LQDESFTRG|0.0
P16234|Q99623_FTRGSDSLI|0.0
P16234|Q99623_RGSDSLIKG|0.0
P16234|Q99728_PADVSERAK|0.066
P16234|Q99728_VSFCSQPSV|0.025
P16234|Q99728_VCKNYLTSK|0.266
P16234|Q99728_TSKKSLPLE|0.0
P16234|Q99728_TSILSTSGD|0.004
P16234|Q99728_ILSTSGDFV|0.0
P16234|Q99728_SSPPSCKRK|0.0
P16234|Q99728_TPPSTLSSS|0.0
P16234|Q99728_TLSSSSYRR|0.0
P16234|Q99728_RVMSSPSAM|0.001
P16234|Q99728_MSSPSAMKL|0.0
P16234|Q99728_HRGETLLHI|0.0
P16234|Q99728_GDIPSVEYL|0.169
P16234|Q99728_PSVEYLLQN|0.343
P16234|Q99728_YQNDSPLHD|0.081
P16234|Q99728_QKMLSELAV|0.342
P16234|Q99728_GQILSRKPK|0.0
P16234|Q99728_QTINTVAYH|0.404
P16234|Q6ZT62_TKERTESEV|0.0
P16234|Q9BZE3_GDCRSPLEL|0.0
P16234|Q9BZE3_DKSGSNASS|0.0
P16234|Q9BZE3_SNASSDSEY|0.33
P16234|Q9BZE3_ASSDSEYKV|0.248
P16234|Q9BZE3_SDSEYKVKE|0.22
P16234|Q9HBU1_GGLESPTKP|0.0
P16234|Q9HBU1_LESPTKPKG|0.0
P16234|Q9UMQ3_PKKNSIPTS|0.0
P16234|Q01954_RTQLSPEAK|0.0
P16234|Q01954_RHNLSSDED|0.006
P16234|Q01954_HNLSSDEDM|0.271
P16234|Q01954_LQVVSEDEQ|0.0
P16234|Q01954_QEACSPQSH|0.0
P16234|Q01954_QKALSQEAL|0.001
P16234|Q01954_QKTYSNKGT|0.292
P16234|Q01954_SNKGTFRAH|0.001
P16234|Q01954_PGCNTMFSS|0.0
P16234|Q01954_SLASSPSHL|0.0
P16234|Q01954_ASSPSHLQ_|0.003
P16234|P80723_KKKGYNVND|0.028
P16234|P80723_APAESAAPA|0.0
P16234|P80723_AAQETKSDG|0.0
P16234|P80723_EAAPSSKET|0.0
P16234|P80723_TPAATEAPS|0.0
P16234|Q13838_DEVETAAGG|0.013
P16234|Q13838_VKGSYVSIH|0.385
P16234|Q13838_VSIHSSGFR|0.0
P16234|Q13838_YERFSKYMP|0.0
P16234|Q13838_FGGLSIKKD|0.0
P16234|Q13838_ARNKSLNLK|0.0
P16234|Q13838_GLQQYYVKL|0.403
P16234|Q13838_LQQYYVKLK|0.517
P16234|Q13838_EERLSRYQQ|0.44
P16234|Q13838_RLSRYQQFK|0.0
P16234|Q13838_ILVATNLFG|0.0
P16234|Q13838_MPEDSDTYL|0.131
P16234|Q13838_EDSDTYLHR|0.11
P16234|Q13838_DSDTYLHRV|0.214
P16234|Q13838_GRFGTKGLA|0.0
P16234|Q13838_ITFVSDEND|0.0
P16234|P48634_DGKKYSSLN|0.0
P16234|P48634_NLFDTYKGK|0.001
P16234|P48634_LFDTYKGKS|0.0
P16234|P48634_ANLPSLKAE|0.0
P16234|P48634_QTPASNQPK|0.0
P16234|P48634_APENTPLVP|0.0
P16234|P48634_PLVPSGVKS|0.0
P16234|P48634_GGRASSLLS|0.0
P16234|P48634_GRASSLLSR|0.0
P16234|P48634_SSLLSRFSR|0.0
P16234|P48634_QNSTTWRDG|0.0
P16234|P48634_VGRPSILKE|0.0
P16234|P48634_EEVDYTEKL|0.0
P16234|P48634_SQSASGEER|0.0
P16234|P48634_SEPPTPKTA|0.0
P16234|P48634_KQSSSEISL|0.0
P16234|P48634_SSEISLAVE|0.0
P16234|P48634_RQPPSQGLG|0.0
P16234|P48634_QGLGYPKYQ|0.0
P16234|P48634_PVPPSPPQP|0.0
P16234|P48634_MIPPYVDPR|0.0
P16234|P48634_VFTATPAEP|0.0
P16234|P48634_KGMRSETPP|0.0
P16234|P48634_AKIQTPPPK|0.0
P16234|P48634_TAQLTGPEA|0.0
P16234|P48634_PRRESRTET|0.0
P16234|P48634_RESRTETRW|0.0
P16234|P48634_RPGSSRRGI|0.0
P16234|P48634_QGDETPKPP|0.0
P16234|P48634_LRRDYSYER|0.0
P16234|P48634_RDYSYERVG|0.033
P16234|P48634_REFRSYREF|0.015
P16234|P48634_ETHESDLAP|0.0
P16234|P48634_KEAPTPKEG|0.0
P16234|P48634_SNQNSDQAN|0.0
P16234|P48634_EEWETASES|0.0
P16234|P48634_WETASESSD|0.0
P16234|P48634_RSFSSQRPG|0.0
P16234|P48634_GSSGSSSGG|0.0
P16234|P48634_RSWPSPKNR|0.0
P16234|P48634_SRQGSVTAP|0.0
P16234|P48634_PPTRYEPQR|0.0
P16234|P48634_GVGGTPRDS|0.0
P16234|P48634_SAGVSPFPP|0.0
P16234|P48634_TEALTPHIW|0.0
P16234|P48634_SQRSSPDGG|0.0
P16234|P48634_RPGGSSPLN|0.0
P16234|P48634_PGGSSPLNA|0.0
P16234|P48634_SLHPYRSQP|0.0
P16234|P48634_PFQDYQKLS|0.0
P16234|P48634_GRSFSGLNS|0.0
P16234|P48634_SGLNSRLKA|0.0
P16234|P48634_RLKATPSTY|0.0
P16234|P48634_RVDLYQQAS|0.0
P16234|P48634_REGPSRRAE|0.0
P16234|P48634-2_ERSDSGGSS|0.0
P16234|P48634-2_DSGGSSSEP|0.0
P16234|P48634-2_PRRESRTET|0.0
P16234|P48634-2_ARVQSMRKS|0.0
P16234|P48634-2_RKSPSGAGS|0.0
P16234|P48634-2_SGAGSGAQK|0.0
P16234|Q5JSZ5_GKSKYSTLS|0.0
P16234|Q5JSZ5_KSKYSTLSL|0.0
P16234|Q5JSZ5_LFDKYKGKS|0.0
P16234|Q5JSZ5_YKGKSVDAI|0.0
P16234|Q5JSZ5_HGLQSLGKV|0.0
P16234|Q5JSZ5_ANLPSLKSE|0.0
P16234|Q5JSZ5_TQSISQENT|0.0
P16234|Q5JSZ5_EEFPTLKAA|0.0
P16234|Q5JSZ5_VLDLSYGPG|0.0
P16234|Q5JSZ5_LDLSYGPGP|0.0
P16234|Q5JSZ5_ISATSLSTS|0.0
P16234|Q5JSZ5_GAPSSACTS|0.0
P16234|Q5JSZ5_SACTSDSKD|0.0
P16234|Q5JSZ5_AFMCSPKSS|0.0
P16234|Q5JSZ5_PKWNSWDPR|0.0
P16234|Q5JSZ5_QLSMSSADS|0.0
P16234|Q5JSZ5_LSMSSADSA|0.0
P16234|Q5JSZ5_SSADSADAK|0.0
P16234|Q5JSZ5_AVGASRVVR|0.0
P16234|Q5JSZ5_PGPDYQKSS|0.0
P16234|Q5JSZ5_PWSPSAEKA|0.0
P16234|Q5JSZ5_VHKGSPEFP|0.0
P16234|Q5JSZ5_APTVSPAVA|0.0
P16234|Q5JSZ5_SPEGYMALQ|0.0
P16234|Q5JSZ5_VRNESSFSA|0.0
P16234|Q5JSZ5_RNESSFSAS|0.0
P16234|Q5JSZ5_SFSASLGRA|0.0
P16234|Q5JSZ5_RGEEYLSAF|0.0
P16234|Q5JSZ5_NLRCSPLEP|0.0
P16234|Q5JSZ5_PECGSWDVS|0.0
P16234|Q5JSZ5_SWDVSHQPE|0.0
P16234|Q5JSZ5_DKNGSPNKQ|0.0
P16234|Q5JSZ5_NKQPSSEPE|0.0
P16234|Q5JSZ5_KQPSSEPEW|0.0
P16234|Q5JSZ5_EPEWTPEPR|0.0
P16234|Q5JSZ5_EPRSSSSQH|0.0
P16234|Q5JSZ5_QTGRTRRSG|0.0
P16234|Q5JSZ5_RTRRSGPIK|0.0
P16234|Q5JSZ5_EKEQSPTAE|0.0
P16234|Q5JSZ5_ARSIYCSSQ|0.0
P16234|Q5JSZ5_SIYCSSQRS|0.001
P16234|Q5JSZ5_HSEGSEYEE|0.0
P16234|Q5JSZ5_EGSEYEELP|0.0
P16234|Q5JSZ5_RQRGSENGN|0.0
P16234|Q5JSZ5_GNEGSLLER|0.0
P16234|Q5JSZ5_NKGCSEDHS|0.0
P16234|Q5JSZ5_VSKESPHWQ|0.0
P16234|Q5JSZ5_KSPGSSWQE|0.0
P16234|Q5JSZ5_VGRRSPELS|0.0
P16234|Q5JSZ5_EEWETASES|0.0
P16234|Q5JSZ5_SSDFSERRE|0.0
P16234|Q5JSZ5_EGPGSEPDS|0.0
P16234|Q5JSZ5_SEPDSQVDG|0.0
P16234|Q5JSZ5_LAKRSFSSQ|0.0
P16234|Q5JSZ5_KRSFSSQRP|0.0
P16234|Q5JSZ5_RSFSSQRPV|0.0
P16234|Q5JSZ5_VDRQSRKLE|0.0
P16234|Q5JSZ5_GGGDTSPRY|0.0
P16234|Q5JSZ5_GGDTSPRYE|0.0
P16234|Q5JSZ5_QQNGTPLKV|0.0
P16234|Q5JSZ5_PGGLSGCSS|0.0
P16234|Q5JSZ5_LSGCSSGSG|0.0
P16234|Q5JSZ5_CSSGSGHSP|0.0
P16234|Q5JSZ5_GSGHSPYAL|0.0
P16234|Q5JSZ5_GRGLSSRIP|0.0
P16234|Q5JSZ5_QGFKSSQGD|0.0
P16234|Q5JSZ5_GFKSSQGDS|0.0
P16234|Q5JSZ5_SQGDSGVDL|0.0
P16234|Q5JSZ5_GVDLSAESR|0.0
P16234|Q5JSZ5_LSAESRESS|0.0
P16234|Q5JSZ5_SATSSQRSS|0.0
P16234|Q5JSZ5_RSSPYGTLK|0.0
P16234|Q5JSZ5_SPYGTLKPE|0.0
P16234|Q5JSZ5_PEEMSGPGL|0.0
P16234|Q5JSZ5_GNERSLKNR|0.0
P16234|Q5JSZ5_EFGVSPKDS|0.0
P16234|Q5JSZ5_PGSASGPTG|0.0
P16234|Q5JSZ5_GLTQSIPIL|0.0
P16234|Q5JSZ5_LSPMSFPTA|0.0
P16234|Q5JSZ5_PVSQSQEIF|0.0
P16234|Q5JSZ5_YMHPSLSPP|0.0
P16234|Q5JSZ5_HPSLSPPST|0.0
P16234|Q5JSZ5_GQSLSVGAP|0.0
P16234|Q5JSZ5_GPVPSPQTY|0.0
P16234|Q5JSZ5-5_YKGKSVDAI|0.0
P16234|Q5JSZ5-5_DAIRSSVIP|0.0
P16234|Q5JSZ5-5_SRLLSFSPE|0.0
P16234|Q5JSZ5-5_LLSFSPEEF|0.0
P16234|Q5JSZ5-5_TSLSTSPTE|0.0
P16234|Q5JSZ5-5_SLSTSPTEL|0.0
P16234|Q5JSZ5-5_KLKFSDDEE|0.0
P16234|Q5JSZ5-5_QRQLSMSSA|0.0
P16234|Q5JSZ5-5_QLSMSSADS|0.0
P16234|Q5JSZ5-5_LSMSSADSA|0.0
P16234|Q5JSZ5-5_FRQQSIEDK|0.0
P16234|Q5JSZ5-5_AEKASPQEN|0.0
P16234|Q5JSZ5-5_REAGSPAQE|0.0
P16234|Q5JSZ5-5_QEQLYKMQH|0.0
P16234|Q5JSZ5-5_TPIDSPPVW|0.0
P16234|Q5JSZ5-5_PPVWSPEGY|0.0
P16234|Q5JSZ5-5_MRVRSPDEA|0.0
P16234|Q5JSZ5-5_PGGLSGCSS|0.0
P16234|Q5JSZ5-5_SGCSSGSGH|0.0
P16234|Q5JSZ5-5_GSGHSPYAL|0.0
P16234|Q5JSZ5-5_GHSPYALER|0.0
P16234|Q5JSZ5-5_LPEASSKKA|0.0
P16234|Q5JSZ5-5_SSQRSSPYG|0.0
P16234|Q5JSZ5-5_SQRSSPYGT|0.0
P16234|Q5JSZ5-5_SPYGTLKPE|0.0
P16234|Q5JSZ5-5_NRKGSEGAE|0.0
P16234|Q5JSZ5-5_GPTGSPVVK|0.0
P16234|Q5JSZ5-5_AIGLSPMSF|0.0
P16234|Q5JSZ5-5_VQGHYVQQA|0.0
P16234|P46379_VLVKTLDSQ|0.0
P16234|P46379_SGASSGTGS|0.0
P16234|P46379_RDIQTLLSR|0.0
P16234|P46379_QTLLSRMET|0.0
P16234|P46379_PPAVTPEPV|0.0
P16234|P46379_NPELTPGPA|0.0
P16234|P46379_LESLSPEFF|0.0
P16234|P46379_GLEEYVRES|0.193
P16234|P46379_VSWLTTMMG|0.0
P16234|P46379_APGTTAEEA|0.0
P16234|P46379_EEAMSRGPP|0.0
P16234|P46379_PEGGSRDEQ|0.0
P16234|P46379_QLLLSEAVS|0.0
P16234|P46379_TSPESLSRD|0.0
P16234|P46379_QQLRSDIQK|0.0
P16234|P46379-4_AERASPEPQ|0.0
P16234|O95872_PENRSPTPS|0.0
P16234|O95872_NRSPTPSLQ|0.0
P16234|O95870_AKLLSCVLG|0.0
P16234|O95870_SVPETPTAV|0.0
P16234|O95870_PETPTAVTA|0.0
P16234|O95870_APHSSSWDT|0.0
P16234|O95870_SSWDTYYQP|0.394
P16234|O95870_YRKGYLSLS|0.208
P16234|O95870_KGYLSLSKV|0.0
P16234|O95870_YLSLSKVVP|0.006
P16234|O95870_QLCRYQGPV|0.431
P16234|O95870_EDIMSNRGN|0.125
P16234|Q16520_IKQLTEELK|0.0
P16234|Q8N1L9_PDNPSSALG|0.272
P16234|Q07812_QIMKTGALL|0.0
P16234|Q07812_TKKLSECLK|0.0
P16234|Q07812_AAVDTDSPR|0.0
P16234|Q07812_ELIRTIMGW|0.0
P16234|Q07812_IMGWTLDFL|0.0
P16234|Q07812_PTWQTVTIF|0.003
P16234|Q07812_WQTVTIFVA|0.0
P16234|Q07812_TASLTIWKK|0.0
P16234|Q9NRL2_LSNPSLVKK|0.0
P16234|Q9NRL2_INCVTREPL|0.0
P16234|Q9NRL2_REPLTADEE|0.0
P16234|Q9NRL2_SRGRSSNAY|0.0
P16234|Q9NRL2_SSNAYDPSQ|0.0
P16234|Q9NRL2_ESGRYELLS|0.312
P16234|Q9NRL2_YELLSEENK|0.0
P16234|Q9NRL2_STNASTPQS|0.0
P16234|Q9NRL2_STPQSVSSV|0.0
P16234|Q9NRL2_SRRLSSRQR|0.0
P16234|Q9NRL2_DEDDSQEEE|0.0
P16234|Q9NRL2_SSFSSRGQQ|0.0
P16234|Q9NRL2_EPGRYPSRS|0.0
P16234|Q9NRL2_GRYPSRSQQ|0.0
P16234|Q9NRL2_RSQQSTPKT|0.0
P16234|Q9NRL2_SQQSTPKTT|0.0
P16234|Q9NRL2_VSSKTGRSL|0.0
P16234|Q9NRL2_SAPPTETKS|0.0
P16234|Q9NRL2_RVIATKSSE|0.0
P16234|Q9NRL2_VNIASKLSL|0.0
P16234|Q9NRL2_GRRSSGRQG|0.0
P16234|Q9NRL2_VPDYYDIIK|0.0
P16234|Q9NRL2_GLHVTPSNV|0.0
P16234|Q9NRL2_HVTPSNVDQ|0.021
P16234|Q9NRL2_VDQVSTPPA|0.0
P16234|Q9UIF8_VNKHTSVIQ|0.0
P16234|Q9UIF8_KKETYMKLI|0.0
P16234|Q9UIF8_LIVPSPDVL|0.0
P16234|Q9UIF8_KKQESSKSL|0.0
P16234|Q9UIF8_KQESSKSLK|0.0
P16234|Q9UIF8_ESSKSLKKV|0.0
P16234|Q9UIF8_IAALSNPKA|0.0
P16234|Q9UIF8_NPKATSSSP|0.0
P16234|Q9UIF8_PKATSSSPA|0.0
P16234|Q9UIF8_KATSSSPAH|0.0
P16234|Q9UIF8_ATSSSPAHP|0.0
P16234|Q9UIF8_TPFSSPVNL|0.0
P16234|Q9UIF8_SGRRTPGNQ|0.0
P16234|Q9UIF8_PGNQTPVMP|0.0
P16234|Q9UIF8_MPSASPILH|0.0
P16234|Q9UIF8_NPVKTQHHS|0.0
P16234|Q9UIF8_TQHHSHPAK|0.0
P16234|Q9UIF8_KTTSSVKSP|0.0
P16234|Q9UIF8_SSVKSPSMS|0.0
P16234|Q9UIF8_VKSPSMSLT|0.0
P16234|Q9UIF8_SMSLTGHST|0.0
P16234|Q9UIF8_LTGHSTPRN|0.0
P16234|Q9UIF8_TGHSTPRNL|0.0
P16234|Q9UIF8_RRRVTDERE|0.0
P16234|Q9UIF8_GEVAYYAPC|0.053
P16234|Q9UIF8_EVAYYAPCG|0.013
P16234|Q9UIF8_IMDISRDNF|0.0
P16234|Q9UIF8_NFSFSAKIR|0.0
P16234|Q9UIF8_KRDTSGGID|0.0
P16234|Q9UIF8_SGKHSLGSV|0.0
P16234|Q9UIF8_GKFYSPLPN|0.0
P16234|Q9UIF8_RQWFSLLPR|0.0
P16234|Q9UIF8_PFALSPLQV|0.0
P16234|Q9UIF8_LERKSDNPL|0.0
P16234|Q9UIF8_DIAVTRLAD|0.0
P16234|Q9UIF8_KGKKTNESK|0.0
P16234|Q9UIF8_MEENTSINL|0.0
P16234|Q9UIF8_SKQESFTSV|0.0
P16234|Q9UIF8_KRDDSKDLA|0.0
P16234|Q9UIF8_DNCETFNED|0.0
P16234|Q96PG8_RPQRTVRAA|0.0
P16234|Q96PG8_RAAETRGAA|0.0
P16234|A8MTZ0_AEVKSMFRE|0.0
P16234|O75936_LTGASDKPG|0.0
P16234|Q8NFJ9_AAILTMNLL|0.0
P16234|Q8NFJ9_LEQHSRGLQ|0.0
P16234|Q8NFJ9_NVIHTPDAV|0.0
P16234|Q8NFJ9_CFGRYGRED|0.332
P16234|Q8NFJ9_REDNTLIMT|0.0
P16234|Q8NFJ9_TLIMTTRGG|0.0
P16234|Q8NFJ9_RAFQTDLYL|0.006
P16234|Q8NFJ9_QTDLYLLRL|0.313
P16234|Q8NFJ9_GLGPTFKLT|0.0
P16234|Q8TAM1_QALLTFQTQ|0.043
P16234|Q8TAM1_IMDQYLSRH|0.418
P16234|Q8TAM1_DQYLSRHFL|0.409
P16234|Q8TAM1_LILRSKRYV|0.007
P16234|Q8TAM1_RLTDYYEPL|0.407
P16234|Q8TAM1_HNQDSEDEL|0.0
P16234|Q6ZW61_AQNNTYRTG|0.0
P16234|Q9BXC9_EIVTSLCPM|0.0
P16234|Q9BXC9_LCPMYGSRF|0.151
P16234|Q9BXC9_AELASPLNE|0.0
P16234|Q9BXC9_NLIRSLLVG|0.0
P16234|Q9BXC9_LLNGYKIRC|0.38
P16234|Q9BXC9_MRVGTASS_|0.0
P16234|Q96RK4_IHLHYIRKD|0.297
P16234|Q96RK4_IRKDYEACK|0.449
P16234|Q96RK4_RHDLTYIML|0.422
P16234|Q96RK4_HDLTYIMLG|0.421
P16234|Q96RK4_AIEVYKKAV|0.411
P16234|Q96RK4_ALAQYQEME|0.376
P16234|Q96RK4_SAAAYRTLP|0.437
P16234|Q8N3I7_RFDLSAQQM|0.002
P16234|Q8N3I7_QQMKTRPGE|0.022
P16234|Q8IWZ6_IAAASEIRG|0.0
P16234|Q8IWZ6_FLSASYIYN|0.098
P16234|Q8IWZ6_LKIRSIEGQ|0.0
P16234|Q8IWZ6_GVFKSDNIS|0.0
P16234|Q3SYG4____MSLFKA|0.0
P16234|Q3SYG4_SHKITIDTN|0.001
P16234|Q3SYG4_ITIDTNKSP|0.0
P16234|Q3SYG4_RPEVSPLQG|0.0
P16234|Q3SYG4-4_CDQFTFEFM|0.0
P16234|Q9NQ31_SNDLTKKTH|0.002
P16234|Q96GW7_AVLGSPRVK|0.0
P16234|Q96GW7_PRGESEETG|0.0
P16234|Q96GW7_ETGSSEGAP|0.0
P16234|Q6ZUJ8_EPETYVAAV|0.428
P16234|Q6ZUJ8_ISEDSGCDS|0.0
P16234|Q6ZUJ8_SGCDSVTDT|0.0
P16234|Q6ZUJ8_CDSVTDTEP|0.0
P16234|Q6ZUJ8_KVVSYSKQQ|0.375
P16234|Q6ZUJ8_PTVTSPGNL|0.0
P16234|Q6ZUJ8_VENEYTISV|0.091
P16234|Q6ZUJ8_FAEKSQERP|0.0
P16234|Q6ZUJ8_VSSESIRKG|0.0
P16234|Q6ZUJ8_DRPQSSIYD|0.141
P16234|Q6ZUJ8_RPQSSIYDP|0.316
P16234|Q6ZUJ8_QKKRSESFR|0.001
P16234|Q6ZUJ8_RDSITRRQR|0.027
P16234|Q6ZUJ8_PIRHSQHLP|0.407
P16234|Q6ZUJ8_GVYESGPRK|0.055
P16234|Q6ZUJ8_GPRKSVIPP|0.11
P16234|Q6ZUJ8_GDWKTDSTS|0.0
P16234|Q6ZUJ8_EVTRSRSPG|0.0
P16234|Q6ZUJ8_TRSRSPGPP|0.0
P16234|Q6ZUJ8_QVDGTPTMS|0.004
P16234|Q9UHQ4_TIEKSSTSR|0.0
P16234|Q9UHQ4_RPDAYEHTQ|0.385
P16234|Q9UHQ4_LSKEYDQLL|0.334
P16234|Q9UHQ4-2_HKNGSIGKQ|0.0
P16234|Q9UHQ4-2_IGKQTGSRK|0.0
P16234|Q9UHQ4-2_KQTGSRKGS|0.0
P16234|P51572_EIRKYDDVT|0.408
P16234|P51572_DELASTKQK|0.0
P16234|P51572_MRKQSEGLT|0.0
P16234|P51572-2_MRKQSEGLT|0.0
P16234|P51572-2_LTKEYDRLL|0.0
P16234|O75815_GKFASLPRN|0.0
P16234|O75815_RPDAYQDVS|0.261
P16234|O75815_SIHGTLPRK|0.0
P16234|O75815_SHMGTLPHS|0.0
P16234|O75815_TLPHSKSPR|0.0
P16234|O75815_GIQESPWQD|0.0
P16234|O75815_GETFTFRDP|0.0
P16234|O75815_LLDPTVEYV|0.018
P16234|O75815_PRQVSENLV|0.0
P16234|O75815_KINRTVLRL|0.417
P16234|O75815_VLRLSEAYS|0.065
P16234|O75815_LSEAYSRVQ|0.387
P16234|O75815_SEAYSRVQY|0.265
P16234|O75815_EHYGTSPGQ|0.001
P16234|O75815_HYGTSPGQA|0.0
P16234|O75815_NKEKSGSQP|0.0
P16234|O75815_EKSGSQPAC|0.0
P16234|O75815_RRALSLKAH|0.0
P16234|O75815_KAHQSESYL|0.0
P16234|O75815_QSESYLPIG|0.184
P16234|O75815_PVFRTGSEP|0.0
P16234|O75815_FRTGSEPAL|0.0
P16234|O75815_ALRGSDSQL|0.0
P16234|O75815_KVPSSPSAW|0.0
P16234|O75815_PSSPSAWLN|0.0
P16234|O75815_SEANYCELN|0.406
P16234|O75815_TELLTAKQN|0.358
P16234|O75815_GCTGTLEDR|0.0
P16234|O75363_VPGRTGDQA|0.0
P16234|O75363_QAADSSLGS|0.0
P16234|O75363_AADSSLGSV|0.0
P16234|O75363_SSLGSVKLD|0.0
P16234|O75363_KPKDSSFFD|0.001
P16234|O75363_KTLVSPNKA|0.0
P16234|O75363_GAEKSPTTS|0.0
P16234|O75363_ADLKSDKAN|0.0
P16234|O75363_GHTQSVTTP|0.0
P16234|O75363_QSVTTPEPA|0.0
P16234|O75363_FWKKSVKED|0.0
P16234|O75363_VKEDSVPTG|0.0
P16234|O75363_VVCESPVEI|0.0
P16234|O75363_KPRTSLMAF|0.0
P16234|O75363_LRQMSVKGD|0.0
P16234|O75363_KRQQSLGGF|0.0
P16234|O75934__MAGTGLVA|0.0
P16234|O75934_FDQGYEAPG|0.0
P16234|O75934_APDYSAFET|0.0
P16234|O75934_SMKRYELPA|0.0
P16234|O75934_VSKNYEIER|0.0
P16234|O75934_ENEIYQIKQ|0.001
P16234|Q9H6U6_DLNDTSRNL|0.0
P16234|Q9H6U6_SAAKTLKSG|0.0
P16234|Q9H6U6_GKVVTQLTG|0.0
P16234|Q9H6U6_VNRMSRFQK|0.017
P16234|Q9H6U6_RFQKSAGLE|0.0
P16234|Q9H6U6_VPGLSSSPS|0.0
P16234|Q9H6U6_PGLSSSPSG|0.0
P16234|Q9H6U6_SSSPSGSPL|0.0
P16234|Q9H6U6_NSQDSYNNF|0.023
P16234|Q9H6U6_NPRLSPLPS|0.0
P16234|Q9H6U6_PPQISPSKS|0.0
P16234|Q9H6U6_SPSKSMGGE|0.0
P16234|Q9H6U6_LYIISCYGT|0.034
P16234|Q9H6U6_LEMMTSPRA|0.0
P16234|Q9H6U6_EMMTSPRAS|0.0
P16234|Q9H6U6_TRHGSYDSL|0.079
P16234|Q9H6U6_GSYDSLASD|0.0
P16234|Q9H6U6_SDPVSMPGS|0.001
P16234|Q9H6U6_IDAASGTFD|0.0
P16234|Q9H6U6_EVCGSWPEG|0.0
P16234|Q9H6U6_RHMSSMEHT|0.0
P16234|Q9H6U6_AMAESPSRD|0.0
P16234|Q9H6U6_AESPSRDVV|0.105
P16234|Q9H6U6_DVVGSGTEL|0.0
P16234|Q9H6U6_IETLSNSSG|0.0
P16234|Q9H6U6_TLSNSSGST|0.0
P16234|Q9H6U6_LSNSSGSTS|0.0
P16234|Q9H6U6_SSGSTSGSI|0.0
P16234|Q9H6U6_STSGSIPRN|0.0
P16234|Q9H6U6_NFDGYRSPL|0.134
P16234|Q9H6U6_DGYRSPLPT|0.218
P16234|Q9H6U6-2_PPQISPSKS|0.0
P16234|Q9H6U6-2_QISPSKSMG|0.0
P16234|Q9H6U6-3_AMAESPSRD|0.0
P16234|Q9H6U6-7_AMAESPSRD|0.0
P16234|Q9H6U6-8_AMAESPSRD|0.0
P16234|Q8TDM0_RWLGSAGLP|0.0
P16234|P54687_SNGCSAECT|0.296
P16234|P54687_SAECTGEGG|0.0
P16234|P54687_GEGGSKEVV|0.0
P16234|P54687_SALHYAVEL|0.239
P16234|P54687_EMFGSGTAC|0.409
P16234|P54687_FGSGTACVV|0.001
P16234|P54687_VCPVSDILY|0.42
P16234|P54687_SDILYKGET|0.0
P16234|P54687_LSKLTDIQY|0.099
P16234|P54687-5___MASPLRS|0.0
P16234|P54687-5_RQDCSNGCS|0.0
P16234|P54687-5_SNGCSAECT|0.003
P16234|P54687-5_SAECTGEGG|0.0
P16234|P54687-5_GEGGSKEVV|0.0
P16234|O15382_GVGNYKLGG|0.275
P16234|Q9P287_GKNNSKKKP|0.429
P16234|Q9P287_DVPMTPLRT|0.266
P16234|Q9P287-2_EEFFYEEQG|0.0
P16234|Q9P287-2_HNGGSRGQV|0.929
P16234|Q7L2J0_ATSSSGPQA|0.0
P16234|Q7L2J0_PQAQSHGEA|0.0
P16234|Q7L2J0_SVLPSNFLL|0.014
P16234|Q7L2J0_TDPLSLNTC|0.0
P16234|Q7L2J0_PVPPTAPLT|0.0
P16234|Q7L2J0_GEGASQQPR|0.0
P16234|Q7L2J0_APQPYELNT|0.355
P16234|Q7L2J0_SPLPSALQG|0.0
P16234|Q7L2J0_APPSSSSRH|0.0
P16234|Q7L2J0_RRRTSSKSE|0.0
P16234|Q7L2J0_QYGNYCKYY|0.344
P16234|Q7L2J0_GKRKTLTET|0.0
P16234|Q7Z5W3_GETCSDASR|0.0
P16234|Q7Z5W3_KNRLSFQKQ|0.0
P16234|Q9BYV7_VFKRYMGNT|0.25
P16234|Q9BYV7_QSDTYKANS|0.442
P16234|Q9BYV7_SYYHSFGMT|0.0
P16234|Q9BYV7_MTRNYIIFI|0.007
P16234|P06276___MHSKVTI|0.026
P16234|P06276_HSKVTIICI|0.0
P16234|P06276_VSMNYRVGA|0.156
P16234|P06276_PKSVTLFGE|0.0
P16234|P06276_NFAKYGNPN|0.096
P16234|P12694_QQQFSSLDD|0.0
P16234|P12694_QQFSSLDDK|0.0
P16234|P12694_VLKLYKSMT|0.449
P16234|P12694_TLLNTMDRI|0.056
P16234|P12694_FVTISSPLA|0.0
P16234|P12694_VTISSPLAT|0.0
P16234|P12694_VFAVYNATK|0.424
P16234|P12694_SDDSSAYRS|0.199
P16234|P21953_HGALYHSQS|0.13
P16234|P21953_TICKSVIKT|0.0
P16234|P21953_RLLISHEAP|0.0
P16234|P21953_RVCGYDTPF|0.429
P16234|P21953_KWKCYDALR|0.429
P16234|P21953_KMINY____|0.484
P16234|O14874_SATDTHHVE|0.0
P16234|O14874_ARERSKTVT|0.0
P16234|O14874_KTVTSFYNQ|0.0
P16234|O14874_TMMLYAGRS|0.0
P16234|O14874_KSARYLQQE|0.001
P16234|O14874_LDMHSGAQS|0.0
P16234|O14874_SGAQSGPMH|0.0
P16234|O95999__MEPTAPSL|0.3
P16234|O95999_KKILSREDT|0.0
P16234|O95999_SREDTEEIS|0.0
P16234|O95999_TLVESIRRE|0.0
P16234|O95999_IQKITDEVL|0.352
P16234|O95999_PDGATNNLS|0.0
P16234|O95999_ESSTTPFFS|0.0
P16234|O95999_FSTNSSLNL|0.173
P16234|O95999_LPLRSRTVS|0.0
P16234|O95999_LRSRTVSRQ|0.0
P16234|Q9H165_DKPPSPSPI|0.0
P16234|Q9H165_PPSPSPIEM|0.0
P16234|Q9H165_ALIPTPGMS|0.0
P16234|Q9H165_GLRIYLESE|0.112
P16234|Q9H165_IYLESEHGS|0.0
P16234|Q9H165_GSPLTPRVG|0.0
P16234|Q9H165_RFPPTPPLF|0.0
P16234|Q9H165_PPLFSPPPR|0.0
P16234|Q9H165_GNTSSPPLS|0.0
P16234|Q9H165_PFLATPPLP|0.0
P16234|Q9H165_RRSHTGEKP|0.0
P16234|Q9H165_RHMKTHMHK|0.0
P16234|Q9H165_MHKSSPMTV|0.0
P16234|Q9H165_SSPMTVKSD|0.0
P16234|Q9H165_LSTASSPEP|0.0
P16234|Q9H165_STASSPEPG|0.0
P16234|Q9H165_GHRDTCDED|0.0
P16234|Q9H165_CDEDSVAGE|0.003
P16234|Q9H165_VAGESDRID|0.0
P16234|Q9H165_SPGESASGG|0.0
P16234|Q9H165_SGGLSKKLL|0.0
P16234|Q9H165_LGSPSSLSP|0.0
P16234|Q9H165_GSPSSLSPF|0.0
P16234|Q9H165_DGGISGRSG|0.0
P16234|Q9H165_ISGRSGTGS|0.0
P16234|Q9H165_SGTGSGGST|0.0
P16234|Q9H165_GSGGSTPHI|0.0
P16234|Q9H165_SGGSTPHIS|0.0
P16234|Q9H165_EGRRSDTCE|0.0
P16234|Q9H165_RRSDTCEYC|0.005
P16234|Q9H165_FKNCSNLTV|0.006
P16234|Q9H165_RRSHTGERP|0.0
P16234|Q9H165-2_EGRRSDTCS|0.0
P16234|Q9H165-2_RRSDTCSSH|0.0
P16234|Q9H165-3_SEHGSPLTP|0.0
P16234|Q9H165-3_GSPLTPRVL|0.016
P16234|Q9H165-3_RVLHTPPFG|0.0
P16234|Q9C0K0_PQHLSQREL|0.0
P16234|Q9C0K0_QCGGSLGAC|0.0
P16234|Q9C0K0_LGACYDKAL|0.301
P16234|Q9C0K0_DHLLSPTKG|0.0
P16234|Q9C0K0_LLSPTKGIC|0.0
P16234|Q9C0K0_SVITSPLRA|0.0
P16234|Q9C0K0_GPASSSLTP|0.0
P16234|Q9C0K0_PASSSLTPR|0.0
P16234|Q9C0K0_FLGDSNPFN|0.0
P16234|Q9C0K0_RLPGTPPLF|0.0
P16234|Q9C0K0_PPLFSPPPR|0.0
P16234|Q9C0K0_PHRLSAEEM|0.0
P16234|Q9C0K0_AMDFSRRLR|0.0
P16234|Q9C0K0_LAGNSSTPP|0.0
P16234|Q9C0K0_AGNSSTPPP|0.0
P16234|Q9C0K0_PSPKSPFLS|0.0
P16234|Q9C0K0_SPFLSTPPL|0.0
P16234|Q9C0K0_PFLSTPPLP|0.0
P16234|Q9C0K0_RRSHTGEKP|0.0
P16234|Q9C0K0_DHACSQASK|0.0
P16234|Q9C0K0_DDGLSAASS|0.0
P16234|Q9C0K0_PEPGTSELA|0.0
P16234|Q9C0K0_RHHESDPSL|0.026
P16234|Q9C0K0_LENESRPES|0.0
P16234|Q9C0K0_ESSFSMDSE|0.0
P16234|Q9C0K0_FSMDSELSR|0.0
P16234|Q9C0K0_FAPGTEPFP|0.0
P16234|Q9C0K0_FLGFTDARQ|0.0
P16234|Q9C0K0_DARQSPFAT|0.0
P16234|Q9C0K0_SPFATSSEH|0.0
P16234|Q9C0K0_SENGSLRFS|0.0
P16234|Q9C0K0_LRFSTPPGD|0.0
P16234|Q9C0K0_LSGRSGTAS|0.0
P16234|Q9C0K0_SGTASGGST|0.0
P16234|Q9C0K0_ASGGSTPHL|0.0
P16234|Q9C0K0_SGGSTPHLG|0.0
P16234|Q9C0K0_PGRPSSKEG|0.0
P16234|Q9C0K0_GRPSSKEGR|0.0
P16234|Q9C0K0_EGRRSDTCE|0.0
P16234|Q9C0K0_RRSDTCEYC|0.0
P16234|Q9C0K0_FKNCSNLTV|0.0
P16234|Q9C0K0_RRSHTGERP|0.0
P16234|Q9C0K0_QAERS____|0.0
P16234|P10415_GRTGYDNRE|0.307
P16234|P10415_TLGAYLGHK|0.125
P16234|Q9HB09_PGPATPDFY|0.387
P16234|Q9HB09_EQLKSPPSP|0.0
P16234|Q9HB09_PALRSKLVR|0.0
P16234|Q9HB09-3_EAAGSPVPT|0.0
P16234|Q9HB09-3_PTPPSPAQE|0.0
P16234|Q9BXK5___MASSSTV|0.0
P16234|Q9BXK5_LLELTRRGQ|0.0
P16234|Q9BXK5_SLPVSLGPE|0.0
P16234|Q9BXK5_LGPESWQQI|0.0
P16234|Q9BXK5_EEVKSLDSN|0.0
P16234|Q9BXK5_KSLDSNGAG|0.0
P16234|Q9BXK5_AGEKSENNS|0.0
P16234|Q9BXK5_HITATSLLG|0.0
P16234|Q9BXK5_SSPATSLFV|0.0
P16234|Q9BXK5_PVPPSEGKS|0.0
P16234|P20749_PEALYYPGA|0.586
P16234|P20749_EALYYPGAL|0.412
P16234|P20749_EHPLSADIA|0.0
P16234|P20749_SPESSSRLS|0.0
P16234|P20749_PESSSRLSS|0.0
P16234|P20749_PVPPSPAPG|0.001
P16234|P41182___MASPADS|0.0
P16234|P41182_DIMAYRGRE|0.001
P16234|P41182_NVCHSNIYS|0.0
P16234|P41182_SNIYSPKET|0.0
P16234|P41182_EERPSSEDE|0.0
P16234|P41182_KGLVSPQSP|0.0
P16234|P41182_SPQKSDCQP|0.0
P16234|P41182_ILQASGSPP|0.0
P16234|P41182_QASGSPPAK|0.0
P16234|P41182_IVLNSLNQN|0.0
P16234|P41182_LGRLSPRAY|0.0
P16234|P41182_LDLQSPTKL|0.0
P16234|P41182_SESHSPLYM|0.0
P16234|P41182_KTVHTGEKP|0.0
P16234|P41182_GEKPYRCNI|0.021
P16234|P41182_TRIHSGEKP|0.0
P16234|P41182_VLIHTGEKP|0.0
P16234|P41182_LRIHTGEKP|0.0
P16234|Q4VC05_TVGDTSLRI|0.0
P16234|Q4VC05_SLRIYKWVP|0.172
P16234|Q4VC05_IADASPIKQ|0.0
P16234|Q4VC05_KQENSSNSS|0.0
P16234|Q4VC05_NSSNSSPAP|0.0
P16234|Q4VC05_SSNSSPAPE|0.0
P16234|Q4VC05_AEDASDEQN|0.001
P16234|Q4VC05_QNSQSSMEH|0.0
P16234|Q4VC05_DRQPSGDSG|0.0
P16234|Q4VC05_PSGDSGLAA|0.0
P16234|Q4VC05-2_DRQPSGDSG|0.0
P16234|Q4VC05-2_QVPRSRSQR|0.0
P16234|Q4VC05-2_PRSRSQRGS|0.0
P16234|Q4VC05-2_SQRGSQIGR|0.0
P16234|Q4VC05-2_PIGLSGDLE|0.0
P16234|Q8WUZ0_TVGDTSLRI|0.0
P16234|Q8WUZ0_GAERSRGRE|0.0
P16234|Q8WUZ0_PPMLTKEEP|0.357
P16234|O00512_KVRSSPSGN|0.0
P16234|O00512_NTQSSPKSK|0.0
P16234|O00512_VRPPTVMSP|0.0
P16234|O00512_PTVMSPSGN|0.0
P16234|O00512_DSKFSNQGK|0.0
P16234|O00512_QSQPSPCDS|0.0
P16234|O00512_CDSKSGGHT|0.0
P16234|O00512_SGGHTPKAL|0.0
P16234|O00512_GPGGSMGLK|0.0
P16234|O00512_KRERSISAD|0.0
P16234|O00512_ISADSFDQR|0.0
P16234|O00512_RDPGTPNDD|0.0
P16234|O00512_PNDDSDIKE|0.0
P16234|O00512_DHIKSQDSQ|0.0
P16234|O00512_KSQDSQHTP|0.0
P16234|O00512_DSQHTPHSM|0.0
P16234|O00512_PHSMTPSNA|0.0
P16234|O00512_TAPRSSTPS|0.0
P16234|O00512_APRSSTPSH|0.0
P16234|O00512_SHGQTTATE|0.0
P16234|O00512_HGQTTATEP|0.0
P16234|O00512_QTTATEPTP|0.0
P16234|O00512_ATEPTPAQK|0.0
P16234|O00512_VYVFSTEMA|0.0
P16234|O00512_RLQPTPPIP|0.0
P16234|O00512_LDRESPGVE|0.0
P16234|O00512_SPASSTPLP|0.0
P16234|O00512_HRERSLQTL|0.0
P16234|O00512_DVPFSPDEM|0.0
P16234|O00512_QGIFSGPGR|0.0
P16234|O00512_GMVPSGMKG|0.0
P16234|O00512_SQVHSPGIN|0.0
P16234|O00512_NPLKSPTMH|0.0
P16234|O00512_HQVQSPMLG|0.0
P16234|O00512_PMLGSPSGN|0.0
P16234|O00512_GNLKSPQTP|0.0
P16234|O00512_KSPQTPSQL|0.0
P16234|O00512_PQTPSQLAG|0.0
P16234|O00512_PVLGSAAAS|0.0
P16234|O00512_VHLKSPSLP|0.0
P16234|O00512_LKSPSLPAP|0.0
P16234|O00512_PGWTSSPKP|0.0
P16234|O00512_DAIKTVASS|0.0
P16234|O00512_KTVASSDDD|0.0
P16234|O00512_TVASSDDDS|0.0
P16234|O00512_SDDDSPPAR|0.0
P16234|O00512_PPARSPNLP|0.0
P16234|O00512_MGGFSQGPG|0.0
P16234|Q86UU0_VPPFSSLKG|0.0
P16234|Q86UU0_PPFSSLKGK|0.0
P16234|Q86UU0_VSVDSGEQR|0.0
P16234|Q86UU0_REAGTPSLD|0.0
P16234|Q86UU0_GLKKYEEPL|0.412
P16234|Q86UU0_LQEEYYEEK|0.404
P16234|Q86UU0_PSDLTISIN|0.0
P16234|Q86UU0_ASPKTAMPS|0.054
P16234|Q86UU0_SPGVSQNKQ|0.0
P16234|Q86UU0_GGEVYSQPP|0.003
P16234|Q86UU0_GEVYSQPPH|0.137
P16234|Q86UU0_PHMLSPQGS|0.0
P16234|Q86UU0_SPQGSLMGP|0.0
P16234|Q9BZR8_HVFKSTPAL|0.0
P16234|Q9BZR8_PALFSPKLL|0.0
P16234|Q9BZR8_LRTRSLSQR|0.002
P16234|Q9BZR8_EYQDSHSQQ|0.004
P16234|Q9BZR8_SRCLSNVEQ|0.0
P16234|Q07817_WSQFSDVEE|0.0
P16234|Q07817_VAFFSFGGA|0.0
P16234|Q16548_GSGPSKTSR|0.0
P16234|Q16548_IMNNTGEWI|0.0
P16234|Q9HD36_VTLVTFAGT|0.0
P16234|Q9HD36_TFAGTLLER|0.0
P16234|Q5TBC7_VIAETIKGQ|0.0
P16234|Q92843_ASVRTVLTG|0.0
P16234|Q92843_AFFASK___|0.0
P16234|Q92843-2_QMNMSPPPG|0.0
P16234|Q92843-2_DYGATAEEL|0.008
P16234|Q92843-2_HGCGSVNRV|0.0
P16234|Q92843-2_KGFAYIEFS|0.0
P16234|Q92843-2_TSWYSPY__|0.0
P16234|Q8N143___MGSPAAP|0.0
P16234|Q8N143_PPPGSPRRS|0.0
P16234|Q8N143_PDPPTESRS|0.0
P16234|Q8N143_PPTESRSCS|0.0
P16234|Q8N143_EASSSSSSS|0.0
P16234|Q8N143_ASSSSSSSS|0.0
P16234|Q8N143_SSSSSSSSS|0.0
P16234|Q8N143_QSRLSPTAA|0.0
P16234|Q8N143_SRIHSGEKP|0.0
P16234|Q9BQE9_TVGDTSLRI|0.0
P16234|Q9BQE9_LKVDSSTNS|0.0
P16234|Q9BQE9_VDSSTNSSP|0.0
P16234|Q9BQE9_RTDDSQPPT|0.0
P16234|Q9BQE9_EEEDSGAPP|0.0
P16234|Q9BQE9_VDQPTVPQT|0.0
P16234|Q9BQE9_PQTASES__|0.0
P16234|Q9NYF8_GRSNSRSHS|0.0
P16234|Q9NYF8_RKKRYSSRS|0.031
P16234|Q9NYF8_SRTYSRSRS|0.0
P16234|Q9NYF8_TYSRSRSRD|0.0
P16234|Q9NYF8_DRMYSRDYR|0.0
P16234|Q9NYF8_GGGRYHRGG|0.394
P16234|Q9NYF8_SSQRSRSRS|0.0
P16234|Q9NYF8_RSRRSYRSS|0.0
P16234|Q9NYF8_SYRSSRSPR|0.0
P16234|Q9NYF8_RSSRSPRSS|0.0
P16234|Q9NYF8_RSPRSSSSR|0.0
P16234|Q9NYF8_SPRSSSSRS|0.0
P16234|Q9NYF8_KSPVSKRRG|0.0
P16234|Q9NYF8_EPKDTFEHD|0.0
P16234|Q9NYF8_NSPRSPHSP|0.0
P16234|Q9NYF8_GDQETAKTG|0.0
P16234|Q9NYF8_KSFATASHR|0.0
P16234|Q9NYF8_EGLKYKSKV|0.023
P16234|Q9NYF8_EEKNYKLKE|0.0
P16234|Q9NYF8_KLKETGYVV|0.0
P16234|Q9NYF8_KETGYVVER|0.0
P16234|Q9NYF8_RPSTTKDKH|0.0
P16234|Q9NYF8_EDKNSERIT|0.0
P16234|Q9NYF8_KMIASDSHR|0.0
P16234|Q9NYF8_IASDSHRPE|0.0
P16234|Q9NYF8_STSESFIQH|0.0
P16234|Q9NYF8_TPKDYKEYK|0.05
P16234|Q9NYF8_DYKEYKSYK|0.331
P16234|Q9NYF8_EQDHSRSSS|0.0
P16234|Q9NYF8_DHSRSSSSS|0.0
P16234|Q9NYF8_SRSSSSSAS|0.0
P16234|Q9NYF8_SSSSSASPS|0.0
P16234|Q9NYF8_PSSPSSREE|0.0
P16234|Q9NYF8_SSPSSREEK|0.0
P16234|Q9NYF8_EMKEYSGFA|0.0
P16234|Q9NYF8_FAGVSRPRG|0.0
P16234|Q9NYF8_AGTNTGPNN|0.0
P16234|Q9NYF8_NNSNTTFQK|0.0
P16234|Q9NYF8_NSNTTFQKR|0.0
P16234|Q9NYF8_WDPEYTPKS|0.0
P16234|Q9NYF8_KSKKYFLHD|0.0
P16234|Q9NYF8_DGVDYWAKR|0.001
P16234|Q9NYF8_NFKKSGSSP|0.0
P16234|Q9NYF8_KKSGSSPKW|0.0
P16234|Q9NYF8-3_DGVDYWAKR|0.0
P16234|Q9NYF8-4_EMKEYSGFA|0.0
P16234|A2AJT9_KQRHSHGHY|0.0
P16234|A2AJT9_YYQSYEHRS|0.059
P16234|A2AJT9_HRGYSPGRG|0.0
P16234|A2AJT9_SIADSFRFE|0.0
P16234|A2AJT9_TRRGSEDFE|0.0
P16234|A2AJT9_DRKYSFQKG|0.0
P16234|A2AJT9_NYFPSPGIT|0.0
P16234|Q9HAY6_RIVVSEFGT|0.135
P16234|Q9HAY6_SEFGTMAYP|0.094
P16234|Q9HAY6_GTMAYPDPC|0.326
P16234|Q9HAY6_MATAYIRRM|0.366
P16234|Q9HAY6_AEVGTNLIK|0.0
P16234|Q9HAY6_VASTTATAL|0.0
P16234|Q9HAY6_STTATALKE|0.0
P16234|Q9HAY6_KIIKYDILT|0.233
P16234|Q9HAY6_YDILTKSSL|0.0
P16234|Q9HAY6_ILTKSSLKW|0.0
P16234|Q6W2J9_GNIVYSSLC|0.349
P16234|Q6W2J9_CGLGSEKGR|0.0
P16234|Q6W2J9_REAATSTLG|0.0
P16234|Q6W2J9_LGFSSERNP|0.0
P16234|Q6W2J9_FKPNTPETV|0.0
P16234|Q6W2J9_FSAIYKTPP|0.299
P16234|Q6W2J9_AIYKTPPGI|0.0
P16234|Q6W2J9_SDKQSPLNI|0.0
P16234|Q6W2J9_MEGATPAIY|0.413
P16234|Q6W2J9_PQQSYSLAQ|0.13
P16234|Q6W2J9_QQSYSLAQP|0.0
P16234|Q6W2J9_QPLYSPVCT|0.0
P16234|Q6W2J9_MRLSTPSAS|0.0
P16234|Q6W2J9_TPSASPAIP|0.0
P16234|Q6W2J9_KMGVSPGNP|0.0
P16234|Q6W2J9_FHKHYARIS|0.032
P16234|Q6W2J9_STSPSVALS|0.0
P16234|Q6W2J9_KPYMTVSSE|0.0
P16234|Q6W2J9_AARLSNGKY|0.003
P16234|Q6W2J9_HARKTAVQD|0.0
P16234|Q6W2J9_RKDGSSPPL|0.0
P16234|Q6W2J9_KMAPTVLVH|0.0
P16234|Q6W2J9_VLVHSRAGS|0.0
P16234|Q6W2J9_SRAGSGLVL|0.0
P16234|Q6W2J9_GLVLSGSEI|0.0
P16234|Q6W2J9_VLSGSEIPK|0.0
P16234|Q6W2J9_KETLSPPGN|0.0
P16234|Q6W2J9_SEIISTAPS|0.0
P16234|Q6W2J9_DAVITNVSG|0.394
P16234|Q6W2J9_NVSGSVSSA|0.0
P16234|Q6W2J9_GRPASASPA|0.0
P16234|Q6W2J9_PASASPAPN|0.0
P16234|Q6W2J9_QPPATPAKH|0.0
P16234|Q6W2J9_SIFLSPNEA|0.0
P16234|Q6W2J9_GIAVSPLSL|0.0
P16234|Q6W2J9_RNRFSEILE|0.0
P16234|Q6W2J9_TFGKTQEDP|0.0
P16234|Q6W2J9_FCVGSAPPS|0.0
P16234|Q6W2J9_SAPPSVDVT|0.0
P16234|Q6W2J9_SVDVTPTYT|0.105
P16234|Q6W2J9_NSAGYVGDR|0.0
P16234|Q6W2J9_TTELYADSS|0.149
P16234|Q6W2J9_MCKFSPADW|0.001
P16234|Q6W2J9_KKPKSVTLE|0.0
P16234|Q6W2J9_DQVASDMPH|0.0
P16234|Q6W2J9_DMPHSPTLR|0.0
P16234|Q6W2J9_VSGDSSHTE|0.0
P16234|Q6W2J9_SGDSSHTET|0.0
P16234|Q6W2J9_DSSHTETTA|0.0
P16234|Q6W2J9_SHTETTAEE|0.0
P16234|Q6W2J9_HTETTAEEV|0.012
P16234|Q6W2J9_EQQVSAADG|0.0
P16234|Q6W2J9_KGNRSWSEE|0.0
P16234|Q6W2J9_SLKPSDNEQ|0.0
P16234|Q6W2J9_LPVFSGSPP|0.0
P16234|Q6W2J9_PEPSSDYDL|0.005
P16234|Q6W2J9_HLLEYGADV|0.034
P16234|Q6W2J9_DVNCSAQDG|0.0
P16234|Q6W2J9_AQDGTRPLH|0.0
P16234|Q5H9F3_QHFGSQEFC|0.0
P16234|Q5H9F3_FCVSSSFSK|0.0
P16234|Q5H9F3_VGSGSNARG|0.0
P16234|Q5H9F3_KLPASDSAE|0.0
P16234|Q5H9F3_PASDSAEAS|0.0
P16234|Q5H9F3_QVDCSPAGV|0.0
P16234|Q5H9F3_SPLKSPPQL|0.0
P16234|Q5H9F3_PPECSEMPL|0.041
P16234|Q5H9F3_PLDLSSKSN|0.0
P16234|Q5H9F3_LDLSSKSNR|0.0
P16234|Q5H9F3_LSSKSNRQK|0.0
P16234|Q5H9F3_NQRKTPPMP|0.0
P16234|Q5H9F3_MPVLTPVHT|0.001
P16234|Q5H9F3_TPVHTSSKA|0.0
P16234|Q5H9F3_KALLSTVLS|0.0
P16234|Q5H9F3_STVLSRSQR|0.0
P16234|Q5H9F3_LLTLSPQTG|0.0
P16234|Q5H9F3_CSDSTPKME|0.0
P16234|Q5H9F3_LPHDSHPKE|0.0
P16234|Q5H9F3_RRGSSTERP|0.0
P16234|Q5H9F3_RGSSTERPQ|0.0
P16234|Q5H9F3_PQLGSQVDL|0.0
P16234|Q5H9F3_PESQSPGKR|0.0
P16234|Q5H9F3_KRADSHEEG|0.0
P16234|Q5H9F3_HEEGSLEKK|0.0
P16234|Q5H9F3_LSTRTRSQS|0.0
P16234|Q5H9F3_TRTRSQSGS|0.0
P16234|Q5H9F3_TRSQSGSIC|0.0
P16234|Q5H9F3_KVRKTQRDT|0.0
P16234|Q5H9F3_QMWDTNEEE|0.0
P16234|Q5H9F3_QKTSSSQSL|0.0
P16234|Q5H9F3_GISDSPNGF|0.0
P16234|Q5H9F3_KRFLSDHLS|0.001
P16234|Q5H9F3_SDHLSDLQG|0.0
P16234|Q5H9F3_LDDRSPPGS|0.0
P16234|Q5H9F3-4_SQQKTRSPK|0.0
P16234|Q5H9F3-4_QKTRSPKSP|0.0
P16234|Q5H9F3-4_RSPKSPTPV|0.0
P16234|Q5H9F3-4_PKSPTPVKP|0.0
P16234|Q5H9F3-4_TEPCTPSKS|0.0
P16234|Q5H9F3-4_SRSASSEEA|0.0
P16234|Q5H9F3-4_EASESPTAR|0.0
P16234|P11274_QFPDSEPPR|0.0
P16234|P11274_FRMIYLQTL|0.351
P16234|P11274_PDGASEPRA|0.0
P16234|P11274_ARPGTARRP|0.0
P16234|P11274_SDRISSLGS|0.0
P16234|P11274_SSLGSQAMQ|0.0
P16234|P11274_HGAGSSVGD|0.0
P16234|P11274_VGDASRPPY|0.148
P16234|P11274_YRGRSSESS|0.178
P16234|P11274_RGRSSESSC|0.0
P16234|P11274_SSESSCGVD|0.0
P16234|P11274_ANGGSRPPW|0.0
P16234|P11274_QPYQSIYVG|0.0
P16234|P11274_PLLRSQSTS|0.0
P16234|P11274_LRSQSTSEQ|0.0
P16234|P11274_RSQSTSEQE|0.0
P16234|P11274_SQSTSEQEK|0.0
P16234|P11274_YSPRSFEDC|0.404
P16234|P11274_GGGYTPDCS|0.493
P16234|P11274_ENLTSSEED|0.0
P16234|P11274_SGQSSRVSP|0.0
P16234|P11274_SPSPTTYRM|0.0
P16234|P11274_PSPTTYRMF|0.004
P16234|P11274_PSQNSQQSF|0.0
P16234|P11274_SSPPTPQCH|0.0
P16234|P11274_GVRKTGQIW|0.0
P16234|P11274_DADGSFGTP|0.0
P16234|P11274_GSFGTPPGY|0.004
P16234|P11274_DGLPYIDDS|0.483
P16234|P11274_DDSPSSSPH|0.0
P16234|P11274_DSPSSSPHL|0.0
P16234|P11274_PHLSSKGRG|0.0
P16234|P11274_SEETYLSHL|0.079
P16234|P11274_ETYLSHLEA|0.0
P16234|P11274_PVLTSQQIE|0.0
P16234|P11274_HKEFYDGLF|0.502
P16234|P11274_VQQWSHQQR|0.0
P16234|P11274_QKLASQLGV|0.0
P16234|P11274_LRARSNKDA|0.0
P16234|P11274_AKDPTTKNS|0.0
P16234|P11274_KDPTTKNSL|0.0
P16234|P11274_TTKNSLETL|0.0
P16234|P11274_VDRVTRSTL|0.0
P16234|P11274_RVTRSTLVL|0.0
P16234|P11274_VTRSTLVLH|0.0
P16234|P11274_QNFLSSINE|0.0
P16234|P11274_PRRQSMTVK|0.0
P16234|P11274_KTQQYDCKW|0.438
P16234|P11274_DCKWYIPLT|0.245
P16234|P11274_RNGKSYTFL|0.351
P16234|P11274_NGKSYTFLI|0.0
P16234|P11274_GKSYTFLIS|0.0
P16234|P11274_ISSDYERAE|0.093
P16234|P11274_KCFRSFSLT|0.0
P16234|P11274_SIPLTINKE|0.0
P16234|P11274_EDDESPGLY|0.024
P16234|P11274_SPGLYGFLN|0.193
P16234|P11274_VIVHSATGF|0.0
P16234|P11274_VHSATGFKQ|0.0
P16234|P11274_DWQRTVIAM|0.0
P16234|P11274_EVKLSVKFN|0.0
P16234|P11274_VKFNSREFS|0.0
P16234|P11274_SREFSLKRM|0.0
P16234|P11274_SRKQTGVFG|0.0
P16234|P11274_SKVPYIVRQ|0.396
P16234|P11274_EVGIYRVSG|0.424
P16234|Q9Y276__MPLSDFIL|0.001
P16234|Q9Y276_NHLLSVAPQ|0.006
P16234|Q9Y276_APQQSLVLL|0.0
P16234|Q9Y276_AAFLSRDLA|0.0
P16234|Q02338_LNVCSSEEV|0.0
P16234|Q02338_ARSPYCITK|0.045
P16234|Q02338_VEAFSDCLR|0.0
P16234|Q02338_RYEMYPLGV|0.417
P16234|Q02338_IAATSLYSP|0.33
P16234|Q02338_ATSLYSPES|0.001
P16234|Q02338_AKMETYCSS|0.0
P16234|Q02338_KMETYCSSG|0.317
P16234|Q02338_ETYCSSGST|0.207
P16234|P23560_ADKKTAVDM|0.013
P16234|P23560-2_ILFLTMVIS|0.0
P16234|P23560-2_TMVISYFGC|0.27
P16234|P23560-2_MVISYFGCM|0.0
P16234|Q99952_RVILSLLQE|0.0
P16234|Q99952_CAPLYDDAL|0.434
P16234|Q99952_LFLRTPQAL|0.0
P16234|Q99952_LRSISVPGS|0.0
P16234|Q99952_SVPGSPGHA|0.039
P16234|Q99952_AGSGTQTGT|0.292
P16234|Q99952_TQTGTGTGT|0.343
P16234|Q99952_TGTGTGTGA|0.174
P16234|Q99952_TGARSAEEA|0.001
P16234|Q99952_APLYSKVTP|0.046
P16234|Q99952_GSGAYEDVA|0.393
P16234|Q99952_GGAQTGGLG|0.0
P16234|Q99952_PAEWTRV__|0.003
P16234|Q3B7T3_RHREYEHGY|0.017
P16234|Q3B7T3_YEHGYVSDE|0.39
P16234|Q3B7T3_HGYVSDEHT|0.018
P16234|Q3B7T3-3_LRELYPDSP|0.0
P16234|Q3B7T3-3_LYPDSPPGV|0.0
P16234|Q3B7T3-3_GVSLSRLRW|0.0
P16234|Q3B7T3-3_AMMYTGSFT|0.0
P16234|Q3B7T3-3_MYTGSFTYW|0.003
P16234|Q3B7T3-3_RSMLSRHKL|0.0
P16234|Q3B7T3-3_ARTHSRHSS|0.0
P16234|Q3B7T3-3_SRHSSEKRL|0.0
P16234|A8MW95_LNNKYDRAM|0.227
P16234|Q9BUH8_CSLPSPLCH|0.071
P16234|Q9BUH8_DIGAYSYPV|0.41
P16234|Q9BUH8_AGRASPCSF|0.0
P16234|Q9BUH8_PCSFSERYY|0.374
P16234|Q9BUH8_ASPLYASYK|0.163
P16234|Q9BUH8_PLYASYKAD|0.219
P16234|Q9BUH8_YKADSFSEG|0.121
P16234|Q9BUH8_ADSFSEGDD|0.0
P16234|Q9BUH8_GTASSPEPE|0.0
P16234|Q9BUH8_KAQLYGTLL|0.001
P16234|Q9BUH8_QLYGTLLN_|0.355
P16234|Q8NDZ0_MAVLSRRES|0.0
P16234|Q8NDZ0_RPANSSKNS|0.0
P16234|Q8NDZ0_PANSSKNST|0.0
P16234|Q8NDZ0_NTENSVNTM|0.0
P16234|Q8NDZ0_NSVNTMNRS|0.052
P16234|Q5T5X7_STEFTEDVE|0.238
P16234|Q5T5X7_VNSRTSEKH|0.0
P16234|Q5T5X7_KQLVSDGLL|0.182
P16234|Q5T5X7_RENSSPCQG|0.0
P16234|Q5T5X7_GRGRSLGNV|0.0
P16234|Q5T5X7_CNDATTPSY|0.488
P16234|Q5T5X7_NDATTPSYK|0.004
P16234|Q5T5X7_KKPLYGISH|0.198
P16234|Q5T5X7_LYGISHKIM|0.0
P16234|Q5T5X7_KNPPSGDLL|0.0
P16234|Q5T5X7_LLNVYELFE|0.047
P16234|Q5T5X7_TGAGTDNDP|0.005
P16234|Q5T5X7_NTLTSNMSQ|0.0
P16234|Q5T5X7_KKQVSPTEM|0.0
P16234|Q5T5X7_QVSPTEMVA|0.283
P16234|Q5T5X7_PPPEYQLTA|0.512
P16234|Q5T5X7_EMEDSQPSG|0.0
P16234|Q5T5X7_DSQPSGQVA|0.0
P16234|Q5T5X7_GQVASFFEA|0.0
P16234|Q5T5X7_KVEDSFEGE|0.052
P16234|Q5T5X7_QRRSYQQQR|0.349
P16234|Q5T5X7_LVVPSPDFP|0.0
P16234|Q7L4P6_AGPESPPRA|0.0
P16234|Q7L4P6_IPKLSLNHV|0.0
P16234|Q7L4P6_GRKPSEVAH|0.0
P16234|Q7L4P6_EDMDSLEDA|0.001
P16234|Q7L4P6_KPPLSPHKL|0.0
P16234|Q8N7W2_QELKTMRKL|0.0
P16234|Q8N7W2_KPSGSEMEK|0.0
P16234|Q8N7W2_AEHTSPEES|0.0
P16234|Q8N7W2_FKHHSFLIT|0.0
P16234|O76090____MTITYT|0.095
P16234|O76090_ARLGSFSRL|0.0
P16234|O76090_STAVYKRFP|0.281
P16234|O76090_HLYAYDWIS|0.352
P16234|O76090_KSLKTVSSG|0.0
P16234|O76090_VRRKTVEFN|0.0
P16234|Q8NFU1_VVAGTVHGR|0.0
P16234|Q8NFU1_KRFPTIDHV|0.003
P16234|Q8NFU1_AGFMTREER|0.0
P16234|Q8NFU1_GRRLSFLLR|0.0
P16234|Q8NFU0_YKLLYKEFL|0.461
P16234|O15155_NYGNYGYAN|0.444
P16234|O15155_GNYGYANSG|0.438
P16234|O15155_ANSGYSACE|0.319
P16234|O15155_RLTESLRSK|0.0
P16234|O15155_AEMDSQFDS|0.0
P16234|Q9NYM9_RMADSLASK|0.0
P16234|Q9NYM9_DSLASKVTR|0.0
P16234|Q9NYM9_DQNRYLDGM|0.421
P16234|Q9NYM9_LLTGSVKRF|0.0
P16234|Q9NYM9_VKRFSTMAR|0.143
P16234|Q15582_GPAKSPYQL|0.096
P16234|Q15582_AKSPYQLVL|0.425
P16234|Q15582_QTLETLGGK|0.0
P16234|Q15582_REGVYTVFA|0.327
P16234|Q15582_VRLKSLQGD|0.0
P16234|Q15582_ELADSALEI|0.0
P16234|Q15582_ASQRSVRLA|0.0
P16234|Q15582_LAPVYQKLL|0.0
P16234|Q9HBH7_DAGEYCVPR|0.544
P16234|Q9HBH7_QLSHSLRAV|0.0
P16234|Q9BXY8_QLSHSLRAV|0.0
P16234|Q9NZS9_LELFSFWRI|0.0
P16234|Q12934_LQDITAAKP|0.0
P16234|Q12934_GLEDTKLVQ|0.0
P16234|Q12934_LKEESESKF|0.0
P16234|Q12934_EESESKFES|0.0
P16234|Q12934_VSPLTQEGA|0.0
P16234|Q12934_EKISTESIQ|0.0
P16234|Q12934_ESIQTYEET|0.0
P16234|Q12934_SIQTYEETA|0.0
P16234|Q12934_MIGKTKSDK|0.0
P16234|Q12934_DKKKSGEKS|0.0
P16234|Q13515_RRRASFRGP|0.0
P16234|Q13515_INSLYKVID|0.455
P16234|P21810_VVQCSDLGL|0.0
P16234|P21810_LLRYSKLYR|0.304
P16234|Q7RTU4_IAALSLVLR|0.0
P16234|O14503_ERIPSAQPP|0.1
P16234|O14503_SRKPSDPAP|0.0
P16234|O14503_EKPSSPAKG|0.0
P16234|O14503_PAKGSEGPG|0.0
P16234|O14503_QRLPSPLPA|0.0
P16234|Q9C0J9_RSLKSPIQS|0.0
P16234|Q9C0J9_SRFESWTPR|0.0
P16234|Q9C0J9_AENDTDTDS|0.0
P16234|Q9C0J9_PGEDSPAPK|0.0
P16234|Q8NFJ8_HKSLSASTS|0.0
P16234|Q8NFJ8_LCLKYGESA|0.0
P16234|Q8NFJ8_GGEQSPDDD|0.0
P16234|Q8NFJ8_DPRASPGAG|0.0
P16234|Q8NFJ8_GGSSSSSSS|0.0
P16234|Q8NFJ8_GSSSSSSSS|0.0
P16234|Q8NFJ8_SSSSSSSSS|0.0
P16234|Q8NFJ8_SSSSSSSSK|0.0
P16234|Q8NFJ8_SKIATLLLA|0.0
P16234|Q6PI77_TGSKTDAVA|0.151
P16234|Q6PI77_PQPVYEINE|0.471
P16234|Q8NDY6_YLALSHGYA|0.002
P16234|Q8NDY6_SLRLSINAR|0.0
P16234|Q8NDY6_SKIATLLLA|0.0
P16234|C9JSJ3_SSSSSSSSS|0.0
P16234|C9JSJ3_SCPGTASTA|0.0
P16234|Q93088_AGPWTPEAA|0.0
P16234|Q93088_AREAYNLGV|0.385
P16234|Q93088_GFEPYHIRA|0.002
P16234|Q93088_EKHGSWGSG|0.0
P16234|Q93088_SGRPYNPSM|0.0
P16234|Q93088_PYNPSMSKP|0.0
P16234|Q9H2M3_AREAYNLGV|0.419
P16234|Q9H2M3_GFEPYHIRA|0.006
P16234|Q9H694_RSTDSPVPG|0.0
P16234|Q9H694_KSTVYLQGT|0.302
P16234|Q9H694_SEQTSPKSS|0.0
P16234|Q9H694_PRSPSHSGN|0.0
P16234|Q9H694_SPSHSGNAG|0.0
P16234|Q9H694_DRLLSDPEL|0.0
P16234|Q9H694_APRSSYVNM|0.0
P16234|Q9H694_PRSSYVNMQ|0.026
P16234|Q9H694_GFSKSMPAE|0.0
P16234|Q9H694_SMSLSRSNS|0.0
P16234|Q9H694_SRSNSREHL|0.0
P16234|Q9H694_KLFESPNAR|0.0
P16234|Q9H694_EGGASGRLP|0.0
P16234|Q96G01_EEKLTLKQQ|0.0
P16234|Q96G01_LKQQYDELE|0.317
P16234|Q96G01_AEYDSLKQE|0.351
P16234|Q96G01_AFGQSFSIH|0.0
P16234|Q96G01_VLLNSQLED|0.013
P16234|Q96G01_LNGDYRTPT|0.414
P16234|Q96G01_GDYRTPTLR|0.387
P16234|Q96G01_YRTPTLRKG|0.244
P16234|Q96G01_RKGESLNPV|0.0
P16234|Q96G01_KGRDSGEEA|0.0
P16234|Q96G01_EAHDYEVDI|0.182
P16234|Q96G01_SVENYTDEK|0.338
P16234|Q96G01_EKAKYESKI|0.523
P16234|Q96G01_VMLDYYRQS|0.473
P16234|Q96G01_MLDYYRQSR|0.324
P16234|Q96G01_RVTRSGSLK|0.0
P16234|Q96G01_TRSGSLKGP|0.0
P16234|Q96G01_RRGVSSPVE|0.0
P16234|Q96G01_RGVSSPVET|0.0
P16234|Q96G01_SPVETRTSS|0.0
P16234|Q96G01_VETRTSSEP|0.0
P16234|Q96G01_STEASKEPS|0.0
P16234|Q96G01_SKEPSPTKT|0.0
P16234|Q96G01_ANKQTAEVA|0.0
P16234|Q96G01_LKNKYENEK|0.437
P16234|Q96G01_QGPQTPNIR|0.0
P16234|Q96G01_KRQFSPSLC|0.0
P16234|Q96G01-3_SDLHSTVQW|0.0
P16234|Q96G01-3_DLHSTVQWP|0.0
P16234|Q96G01-4_PKIVSSLLP|0.0
P16234|Q96G01-4_LLPPYRHSA|0.0
P16234|Q8TD16_SREESLIQE|0.0
P16234|Q8TD16_LKEISERQL|0.0
P16234|Q8TD16_EQKNSLRKE|0.0
P16234|Q8TD16_ELSHYMSIN|0.006
P16234|Q8TD16_NDSFYTSHL|0.174
P16234|Q8TD16_LDNKTSTPK|0.0
P16234|Q8TD16_PSLVSDLLS|0.0
P16234|Q8TD16_RLQASKERQ|0.0
P16234|Q8TD16_KERQTALDN|0.182
P16234|Q8TD16_KDRDSHEDG|0.0
P16234|Q8TD16_DGDYYEVDI|0.389
P16234|Q8TD16_KALRSTHEA|0.0
P16234|Q8TD16_ALRSTHEAR|0.425
P16234|Q8TD16_GQALTEKVS|0.0
P16234|Q8TD16_TEKVSLLEK|0.0
P16234|Q8TD16_LKKVSDVAG|0.0
P16234|Q8TD16_LANLYHHVC|0.271
P16234|Q8TD16_VMLDYYREG|0.448
P16234|Q8TD16_MLDYYREGQ|0.384
P16234|Q8TD16_AVDRTTELS|0.0
P16234|Q8TD16_VDRTTELSR|0.002
P16234|Q8TD16_TTELSRQRI|0.0
P16234|Q8TD16_QRIASQELG|0.0
P16234|Q8TD16_ANKQTAEVA|0.0
P16234|Q8TD16_KAMVTETMM|0.0
P16234|Q8TD16-2_TKPATPSVS|0.0
P16234|P55957-2___MCSGAGV|0.0
P16234|P55957-2_VRILSPLGH|0.0
P16234|Q13323____MSEVRP|0.419
P16234|Q9NSY1_PKANSATTA|0.0
P16234|Q9NSY1_ATTATPSVL|0.0
P16234|Q9NSY1_QSSATPVKV|0.0
P16234|Q9NSY1_MDSSYSANR|0.345
P16234|Q9NSY1_QKNISNPPD|0.191
P16234|Q9NSY1_KNVDSLSAP|0.0
P16234|Q9NSY1_NGKTSPASK|0.0
P16234|Q9NSY1_GKKTSVQGQ|0.0
P16234|Q9NSY1_GNDESESDF|0.0
P16234|Q9NSY1_LLMDSEDEE|0.0
P16234|Q9NSY1_AKAKYSDMS|0.377
P16234|Q9NSY1_MSSVYRDRS|0.4
P16234|Q9NSY1_GSGPTQDLN|0.0
P16234|Q9NSY1_SAQLSSDVA|0.0
P16234|Q9NSY1_GYPKSVDVF|0.029
P16234|Q9NSY1_VFGSTPFQP|0.006
P16234|Q9NSY1_LTSTSKSES|0.0
P16234|Q9NSY1_VKQRSLQKL|0.0
P16234|Q9NSY1_QKLSSRQRR|0.0
P16234|Q9NSY1_LKPTYRTPE|0.347
P16234|Q9NSY1_PTYRTPERA|0.013
P16234|Q9NSY1_NEFLTISDS|0.01
P16234|Q9NSY1_KENISVALT|0.0
P16234|Q9NSY1_SPDLSWHPP|0.284
P16234|Q9NSY1_HQGLSDIRA|0.001
P16234|Q9NSY1_ADHNTVLPG|0.411
P16234|Q9NSY1_GSFHSADVL|0.333
P16234|Q9NSY1-2_LLRSSKGHL|0.0
P16234|O43521_SSSGYFSFD|0.41
P16234|O43521_SCDKSTQTP|0.1
P16234|O43521-3_PGAPTSLQT|0.0
P16234|O43521-3_GAPTSLQTE|0.0
P16234|O43521-3_TSLQTEPQA|0.0
P16234|O43521-3_EPQASMRQA|0.0
P16234|O00499_MHEASKKLN|0.0
P16234|O00499_KLVDYDSAR|0.028
P16234|O00499_VDYDSARHH|0.206
P16234|O00499_ARHHYESLQ|0.169
P16234|O00499_KQHGSNTFT|0.0
P16234|O00499_DYTATDTDE|0.067
P16234|O00499-10_RKKNSDNAP|0.0
P16234|O00499-10_KGNKSPSPP|0.0
P16234|O00499-10_NKSPSPPDG|0.0
P16234|O00499-10_PPDGSPAAT|0.0
P16234|O00499-10_AGGATPGAT|0.0
P16234|O00499-10_TLPKSPSQS|0.0
P16234|O00499-10_VEGGSGAGR|0.0
P16234|O00499-2_LFEDTFVPE|0.0
P16234|O00499-2_ISVTTPSQP|0.0
P16234|O00499-2_QPTESPAGS|0.0
P16234|Q9UBW5_KNFLSAVKV|0.0
P16234|Q9UBW5_VMHESSKRV|0.0
P16234|Q9UBW5_MHESSKRVS|0.002
P16234|Q9UBW5_QAVRTMEIY|0.34
P16234|Q9UBW5_KLVDYDSAR|0.005
P16234|Q9UBW5_VDYDSARHH|0.204
P16234|Q9UBW5_YREMSKLNH|0.0
P16234|Q9UBW5_NHNLYEVMS|0.0
P16234|Q9UBW5_YEVMSKLEK|0.281
P16234|Q9UBW5_SSRRSLVIS|0.0
P16234|Q9UBW5_SLVISPPVR|0.0
P16234|Q9UBW5_PPVRTATVS|0.0
P16234|Q9UBW5_VRTATVSSP|0.0
P16234|Q9UBW5_TATVSSPLT|0.0
P16234|Q9UBW5_SSPLTSPTS|0.0
P16234|Q9UBW5_SPLTSPTSP|0.0
P16234|Q9UBW5_LTSPTSPST|0.0
P16234|Q9UBW5_TSPTSPSTL|0.0
P16234|Q9UBW5_PSTLSLKSE|0.0
P16234|Q9UBW5_GEDNSEIKE|0.0
P16234|Q9UBW5_QAQPSPTTE|0.0
P16234|Q9UBW5_PSPTTERAK|0.0
P16234|Q9UBW5_LPSSTTPSP|0.0
P16234|Q9UBW5_STTPSPGGA|0.0
P16234|Q9UBW5_GGALSPSGQ|0.0
P16234|Q9UBW5_ALSPSGQPS|0.0
P16234|Q9UBW5_SSSATEVVL|0.0
P16234|Q9UBW5_LRTRTASEG|0.0
P16234|Q9UBW5_ASEGSEQPK|0.0
P16234|Q9UBW5_KKRASIQRT|0.0
P16234|Q9UBW5_SIQRTSAPP|0.0
P16234|Q9UBW5_IQRTSAPPS|0.0
P16234|Q9UBW5_SAPPSRPPP|0.0
P16234|Q9UBW5_PPRATASPR|0.0
P16234|Q9UBW5_RATASPRPS|0.0
P16234|Q9UBW5_SPRPSSGNI|0.0
P16234|Q9UBW5_PRPSSGNIP|0.0
P16234|Q9UBW5_GNIPSSPTA|0.0
P16234|Q9UBW5_SPTASGGGS|0.0
P16234|Q9UBW5_GGSPTSPRA|0.0
P16234|Q9UBW5_ASLGTGTAS|0.0
P16234|Q9UBW5_LGTGTASPR|0.0
P16234|Q9UBW5_ASPRTSLEV|0.0
P16234|Q9UBW5_SPRTSLEVS|0.0
P16234|Q9UBW5_SLEVSPNPE|0.0
P16234|Q9UBW5_KPVRTPEAK|0.0
P16234|Q9UBW5_ELCTSPTLM|0.0
P16234|Q13075_FRHMSLLDI|0.0
P16234|Q13075_KFMVYFGKN|0.501
P16234|Q13075_RAHFSVLET|0.0
P16234|Q13075_QRRASPDLS|0.131
P16234|Q13075_PDLSTGYWK|0.129
P16234|Q13075_LSTGYWKLS|0.103
P16234|Q13075_GFIESIRPA|0.001
P16234|Q13075_ALELSKASV|0.0
P16234|Q13075_KASVTKCSI|0.0
P16234|Q13075_ILPFSPIIQ|0.0
P16234|Q6GPH4_MQKSSLEFH|0.0
P16234|Q6GPH4_ELHESYCGS|0.405
P16234|Q6GPH4_LHESYCGSR|0.161
P16234|Q6GPH4_EREIYCHYC|0.586
P16234|Q6GPH4_IYCHYCNQM|0.557
P16234|Q6GPH4_PKTRSINRF|0.0
P16234|Q6GPH4_FPLHSESSS|0.0
P16234|Q6GPH4_DKAAYDILR|0.415
P16234|Q6GPH4_LRRCSQCGI|0.0
P16234|Q9NR09_FVDDYAVGC|0.411
P16234|Q9NR09_SGVDSRRPT|0.0
P16234|Q9NR09_SRRPTLAWL|0.0
P16234|Q9NR09_EDSSSCSDI|0.0
P16234|Q9NR09_SSSCSDIPK|0.0
P16234|Q9NR09_LEGDSDDLL|0.0
P16234|Q9NR09_CLTNSKSEK|0.0
P16234|Q9NR09_GGLLTYKSP|0.003
P16234|Q9NR09_GLLTYKSPA|0.449
P16234|Q9NR09_TSPISSNSH|0.0
P16234|Q9NR09_SPISSNSHR|0.0
P16234|Q9NR09_ISSNSHRSL|0.0
P16234|Q9NR09_SELNSPLVR|0.0
P16234|Q9NR09_LVRRTLPVL|0.337
P16234|Q9NR09_VLLLYSIKE|0.386
P16234|Q9NR09_GKIFSQMNN|0.443
P16234|Q9NR09_SKPLSNPSS|0.0
P16234|Q9NR09_FETLTPRFS|0.0
P16234|Q9NR09_QHTRTWKLQ|0.0
P16234|Q9NR09_QIQVTLLKN|0.0
P16234|Q9NR09_MLTLTSPKL|0.0
P16234|Q9NR09_VRLPSLKHQ|0.0
P16234|Q9NR09_NKGYSLASL|0.044
P16234|Q9NR09_KNENTSGTR|0.0
P16234|Q9NR09_NENTSGTRK|0.415
P16234|Q9NR09_NTSGTRKSE|0.06
P16234|Q9NR09_EVSVTIRRF|0.061
P16234|Q9NR09_VIGRYGSTN|0.0
P16234|Q9NR09_GRYGSTNAR|0.001
P16234|Q9NR09_RYGSTNARA|0.302
P16234|Q9NR09_LIQTSSTEQ|0.0
P16234|Q9NR09_IQTSSTEQL|0.0
P16234|Q9NR09_FMLLSCIGQ|0.001
P16234|Q9NR09_RLRRTAEWS|0.0
P16234|Q9NR09_SNLDTEVTT|0.0
P16234|Q9NR09_TEVTTAKES|0.423
P16234|Q9NR09_ADYGTYNYN|0.436
P16234|Q9NR09_KAVDSTLKT|0.0
P16234|Q9NR09_PRDASTLGL|0.0
P16234|Q9NR09_HHRLSMTDD|0.0
P16234|Q9NR09_DLSSSLTDD|0.0
P16234|Q9NR09_QLLDSGLPS|0.0
P16234|Q9NR09_SGLPSLLVR|0.0
P16234|Q9NR09_KMPITADLV|0.206
P16234|Q9NR09_ARSASLSSA|0.0
P16234|Q9NR09_FQDNYSVVV|0.458
P16234|Q9NR09_QDNYSVVVA|0.357
P16234|Q9NR09_PRPPSRRGR|0.0
P16234|Q9NR09_VKLGSRVIT|0.0
P16234|Q9NR09_DPSLSKTDS|0.0
P16234|Q9NR09_SLSKTDSYK|0.0
P16234|Q9NR09_GELVYEAPE|0.297
P16234|Q9NR09_TTPLTTDDG|0.0
P16234|Q9NR09_EQQLYWAKG|0.346
P16234|Q9NR09_FGTGSTASG|0.0
P16234|Q9NR09_AEIVYAATT|0.394
P16234|Q9NR09_LEEKYVAVM|0.0
P16234|Q9NR09_YHYMSQVKN|0.442
P16234|Q9NR09_GYERSRGTP|0.0
P16234|Q9NR09_RSRGTPSGT|0.0
P16234|Q9NR09_GTQSSREYD|0.044
P16234|Q96CA5_RSLGSPVLG|0.0
P16234|Q96CA5_PGMGSEELR|0.021
P16234|Q96CA5_PGGVSPAEA|0.207
P16234|Q96P09_ADLVSAQKD|0.318
P16234|Q86UB2_SERKSPEEN|0.061
P16234|Q86UB2_SYVLYKPHG|0.365
P16234|Q86UB2_LKDESLAYI|0.015
P16234|Q86UB2_ESLAYIYHC|0.253
P16234|Q86UB2_LAYIYHCQN|0.281
P16234|Q86UB2_TDLNTQNPE|0.032
P16234|Q86UB2_GRSFSASFH|0.0
P16234|Q86UB2_ERRNSGYQG|0.28
P16234|Q86UB2_YQGYSDYDG|0.421
P16234|P46663_CTPKSLAPI|0.0
P16234|P46663_APISSSHRK|0.0
P16234|P30411_VREDSVPTT|0.0
P16234|P30411_ALVKTMSMG|0.0
P16234|P30411_AKLYSLVIW|0.0
P16234|Q9H3H3_EEEGSPGGR|0.0
P16234|Q9H3H3_CLLTYKPDV|0.008
P16234|Q9H3H3_KPDVYTYLG|0.0
P16234|Q9H3H3_YLGIYRANR|0.0
P16234|Q9H3H3_QLGGSARGS|0.0
P16234|Q9H3H3_NVELT____|0.0
P16234|Q8IZY5_ALLGSNKEP|0.0
P16234|Q8IZY5_LPKETVLSL|0.0
P16234|Q8IZY5_SLKRYNLGS|0.0
P16234|P51451_KGQWSPLKV|0.061
P16234|P51451_GREGYVPSN|0.259
P16234|P51451_DEGGYYISP|0.423
P16234|P51451_EGGYYISPR|0.46
P16234|P51451_ITFPSLQAL|0.411
P16234|P51451_LVQHYSKKG|0.18
P16234|P51451_KEPIYIVTE|0.516
P16234|P51451_IVTEYMARG|0.431
P16234|P51451_LIDMSAQIA|0.403
P16234|P51451_EGMAYIERM|0.428
P16234|P51451_ERMNSIHRD|0.395
P16234|P51451_IDSEYTAQE|0.43
P16234|P51451_LEDFYTATE|0.408
P16234|P51451_TERQYELQP|0.428
P16234|P54132_LERHSARTL|0.0
P16234|P54132_HSARTLNNK|0.001
P16234|P54132_NNKLSLSKP|0.0
P16234|P54132_KPKFSGFTF|0.0
P16234|P54132_FSGFTFKKK|0.006
P16234|P54132_KKTSSDNNV|0.211
P16234|P54132_NVSVTNVSV|0.0
P16234|P54132_DVNVTEDFS|0.0
P16234|P54132_DFSFSEPLP|0.011
P16234|P54132_QNTPTVKKS|0.177
P16234|P54132_TVKKSRDTA|0.0
P16234|P54132_KAQLYTTNT|0.176
P16234|P54132_QLYTTNTVK|0.192
P16234|P54132_ERDNSEKKK|0.0
P16234|P54132_DDDDYDTDF|0.169
P16234|P54132_KDLDTSDRK|0.0
P16234|P54132_KDLLSKPEK|0.0
P16234|P54132_PEKMSMQEL|0.0
P16234|P54132_ARQISLQQQ|0.0
P16234|P54132_YRPDSLDGP|0.184
P16234|P54132_MEGDSCPTG|0.006
P16234|P54132_PTGNSMKEL|0.0
P16234|P54132_ELNFSHLPS|0.0
P16234|P54132_LLTTTLGKT|0.0
P16234|P54132_QNKHTASIN|0.0
P16234|P54132_KSLCYQLPA|0.117
P16234|P54132_IPATYLTGD|0.266
P16234|P54132_KICASNRLI|0.0
P16234|P54132_VMALTATAN|0.0
P16234|P54132_ALTATANPR|0.243
P16234|P54132_RECDTMADT|0.225
P16234|P54132_TMADTLQRD|0.0
P16234|P54132_DDVKSIVRF|0.0
P16234|P54132_AEVISVLQK|0.0
P16234|P54132_TKSSSIIGS|0.0
P16234|P54132_SSSASHTSQ|0.0
P16234|P54132_SYAFS____|0.132
P16234|Q13867_IGPITPLEF|0.0
P16234|Q13867_PQHKYNKLY|0.309
P16234|Q13867_YNKLYTVEY|0.121
P16234|Q13867_YTVEYLSNM|0.286
P16234|Q8WV28_SQRHSPPFS|0.0
P16234|Q8WV28_SPPFSKTLP|0.0
P16234|Q8WV28_PFSKTLPSK|0.0
P16234|Q8WV28_PSKPSWPSE|0.0
P16234|Q8WV28_YIHPTESSS|0.012
P16234|Q8WV28_STPASPPGT|0.0
P16234|Q8WV28_SGRNSGAWE|0.0
P16234|Q8WV28_WETKSPPPA|0.0
P16234|Q8WV28_PAAPSPLPR|0.0
P16234|Q8WV28_GKKPTTPLK|0.0
P16234|Q8WV28_KKPTTPLKT|0.0
P16234|Q8WV28_HRGSSHRQE|0.0
P16234|P78537_RGERSSFRS|0.0
P16234|P78537_GERSSFRSR|0.0
P16234|P78537_SSFRSRRGP|0.0
P16234|P78537_PGVPSPQPD|0.238
P16234|P78537_NWARSIELD|0.0
P16234|P78537_LDMRTIATA|0.0
P16234|P78537_RTIATALEY|0.141
P16234|P78537_TALEYVYKG|0.242
P16234|Q6QNY0___MASQGRR|0.002
P16234|Q6QNY0_RRPETVVPG|0.255
P16234|Q6QNY0_EATETDSER|0.001
P16234|Q6QNY0_EEELYLGPS|0.247
P16234|Q6QNY0_VQRESAEEA|0.011
P16234|Q2LD37_WWKMYNPKQ|0.0
P16234|Q2LD37_TRTQSKIER|0.0
P16234|Q2LD37_NTKFSLRGE|0.0
P16234|Q2LD37_AECQSGQKT|0.0
P16234|Q2LD37_PWDITVLVN|0.0
P16234|Q2LD37_LVNLYKVHG|0.001
P16234|Q2LD37_RFCESKLSC|0.0
P16234|Q2LD37_PCPTSDDLK|0.0
P16234|Q2LD37_TQHLSLQVP|0.0
P16234|Q2LD37_ESPSSVADD|0.0
P16234|Q2LD37_PTEISGNSP|0.0
P16234|Q2LD37_ISGNSPVSP|0.0
P16234|Q2LD37_KRQASVCST|0.0
P16234|Q2LD37_ASVCSTRLG|0.0
P16234|Q2LD37_SVCSTRLGS|0.0
P16234|Q2LD37_TRLGSTKSL|0.0
P16234|Q2LD37_RLGSTKSLT|0.0
P16234|Q2LD37_KQRRSFGSF|0.0
P16234|Q2LD37_DSSMSMADS|0.0
P16234|Q2LD37_FEPISSDEG|0.0
P16234|Q2LD37_RGSIYHSVE|0.335
P16234|Q2LD37_SIYHSVEGP|0.0
P16234|Q2LD37_NTPYTPLEK|0.0
P16234|Q2LD37_ENLSSKQDI|0.0
P16234|Q2LD37_DIRGTKTEQ|0.0
P16234|Q2LD37_QTNLTMKQD|0.0
P16234|Q2LD37_QPQSSGSLR|0.0
P16234|Q2LD37_QSSGSLRSN|0.0
P16234|Q2LD37_GSLRSNAGA|0.0
P16234|Q2LD37_TSNNSSDSP|0.0
P16234|Q2LD37_SGYNTDVSD|0.024
P16234|Q2LD37_PCDRTSPSS|0.0
P16234|Q2LD37_CDRTSPSSD|0.0
P16234|Q2LD37_EGVESDDLK|0.0
P16234|Q2LD37_FIVVTPAFK|0.068
P16234|Q2LD37_FKGVSLHRP|0.0
P16234|Q2LD37_KLSKTHTHS|0.0
P16234|Q2LD37_THSDSALKI|0.0
P16234|Q2LD37_GIHPYHSLS|0.0
P16234|Q2LD37_HPYHSLSYT|0.0
P16234|Q2LD37_PVKDSPRKE|0.0
P16234|Q2LD37_PRKESLLSY|0.0
P16234|Q2LD37_ESLLSYLTG|0.0
P16234|Q2LD37_LSYLTGSFP|0.002
P16234|Q2LD37_YLTGSFPSL|0.0
P16234|Q2LD37_GSFPSLHNL|0.0
P16234|Q2LD37_AAVKSSSLT|0.0
P16234|Q2LD37_AVKSSSLTR|0.0
P16234|Q2LD37_RTGNTVATD|0.0
P16234|Q2LD37_NTVATDMLS|0.0
P16234|Q2LD37_GNRGSVLQE|0.0
P16234|Q2LD37_VLQESPVTK|0.0
P16234|Q2LD37_CYRMYFGEH|0.11
P16234|Q2LD37_GEHLSFSGT|0.0
P16234|Q2LD37_YTAGSASPT|0.0
P16234|Q2LD37_SASPTPTFK|0.0
P16234|Q2LD37_DFSRSSRGS|0.0
P16234|Q2LD37_SERRTSKVS|0.0
P16234|Q2LD37_TSKVSRKGS|0.0
P16234|Q2LD37_LEKSSETFG|0.0
P16234|Q2LD37_KSSETFGPA|0.0
P16234|Q2LD37_AGVRSPTEP|0.0
P16234|Q2LD37_PQHVTLIVF|0.0
P16234|Q2LD37_RIHGSFTLK|0.0
P16234|Q2LD37_SKQISDLIR|0.0
P16234|Q2LD37_IRQPSTAPQ|0.0
P16234|Q2LD37_RQPSTAPQP|0.0
P16234|Q2LD37_PPSASLNLP|0.0
P16234|Q2LD37_QTKASPGSS|0.0
P16234|Q2LD37_AYFKTRIGL|0.0
P16234|Q2LD37_LRRSSMRAA|0.0
P16234|Q2LD37_MRAASLKDK|0.0
P16234|Q2LD37_WGLSYKPSY|0.221
P16234|Q2LD37_SRSKSISAS|0.0
P16234|Q2LD37_ERASSRVGE|0.0
P16234|Q2LD37_VDAASPGPR|0.0
P16234|Q2LD37_SSPKTPGGF|0.0
P16234|Q2LD37_PGGFSPGIP|0.0
P16234|Q2LD37_RRDDSLSST|0.0
P16234|Q2LD37_PVNRSLSGT|0.0
P16234|Q2LD37_NRSLSGTAT|0.0
P16234|Q2LD37_SGTATERNI|0.0
P16234|Q2LD37_LDQDSPSKK|0.0
P16234|Q2LD37_FQTNYASTT|0.097
P16234|Q2LD37_YASTTHLMT|0.0
P16234|Q2LD37_THLMTGKKV|0.0
P16234|Q2LD37_LKTESPNAS|0.0
P16234|Q2LD37_PRTLSKESK|0.0
P16234|Q2LD37_ESKLYGMKD|0.013
P16234|Q2LD37_TIPITPVER|0.0
P16234|Q2LD37_KTSASKTGI|0.0
P16234|Q2LD37_RIRRSGGAS|0.0
P16234|Q2LD37_SGGASFFES|0.0
P16234|Q2LD37_ASFKYDMRR|0.0
P16234|Q2LD37_PRAWYRRSI|0.0
P16234|Q2LD37_ASIRSRSVS|0.0
P16234|Q2LD37_SRSVSDSSV|0.0
P16234|Q2LD37_ISRSTTPDL|0.0
P16234|Q2LD37_SRSTTPDLI|0.0
P16234|Q2LD37_QEFFTQQFD|0.0
P16234|Q2LD37_KRALSTWGP|0.0
P16234|Q2LD37_RALSTWGPV|0.0
P16234|Q2LD37_NLEKSSQEQ|0.0
P16234|Q2LD37_LEKSSQEQL|0.0
P16234|Q2LD37_HGVASVKEW|0.0
P16234|Q2LD37_RILSTRPGQ|0.0
P16234|Q2LD37_PGQKSPIII|0.0
P16234|Q2LD37_VGVDYILQK|0.003
P16234|Q2LD37_HHARTTIPK|0.0
P16234|Q2LD37_HARTTIPKW|0.0
P16234|Q14667_LQKVSDLSA|0.0
P16234|Q14667_SRILSLMGP|0.0
P16234|Q14667_MGPQSGKSA|0.0
P16234|Q14667_PDIPTPVLS|0.0
P16234|Q14667_LYGNTPMRR|0.426
P16234|Q14667_RHSGTISQP|0.0
P16234|Q14667_TQMVSDLSQ|0.0
P16234|Q14667_KRNLSTEAL|0.0
P16234|Q14667_RNLSTEALK|0.073
P16234|Q14667_PRVNTPSFS|0.0
P16234|Q14667_LTRSSGVRR|0.0
P16234|Q14667_NSFIYIKIP|0.372
P16234|Q14667_LRLKSATGS|0.0
P16234|Q14667_GKLETKSDL|0.005
P16234|Q14667_LETKSDLNM|0.0
P16234|P30043_LSPTTVMSE|0.0
P16234|P30043_TTVMSEGAR|0.0
P16234|P30043_VLRESGLKY|0.0
P16234|P30043_SGLKYVAVM|0.189
P16234|P30043_DQPLTGAYT|0.0
P16234|P30043_TGAYTVTLD|0.0
P16234|P30043_GRGPSRVIS|0.0
P16234|P30043_SRVISKHDL|0.0
P16234|P30043_TTDEYDGHS|0.131
P16234|P30043_STYPSHQYQ|0.29
P16234|P30043_PSHQYQ___|0.148
P16234|Q9H2G9_KVTVTSSPI|0.0
P16234|Q9H2G9_DGMETEEPP|0.0
P16234|Q9H2G9_EPPKSVEVT|0.0
P16234|Q9H2G9_VEVTSGVQS|0.0
P16234|Q9H2G9_VPSESPGVL|0.0
P16234|Q9H2G9_GKMLTEKAM|0.017
P16234|Q9H2G9_EFCSTPAEK|0.0
P16234|O00327_KRKGSSTDY|0.0
P16234|O00327_KGSSTDYQE|0.018
P16234|O00327_DYQESMDTD|0.195
P16234|O00327_ESMDTDKDD|0.142
P16234|O00327_GRLEYTEHQ|0.308
P16234|O00327_IDAKTGLPV|0.0
P16234|O00327_CTIHSTGYL|0.4
P16234|O00327_SWPPTKMGL|0.002
P16234|O00327_REKITTNCY|0.027
P16234|O00327_EKITTNCYK|0.442
P16234|O00327_TTNCYKFKI|0.428
P16234|O00327_GPKRTHPTV|0.0
P16234|O00327_RTHPTVPGI|0.0
P16234|O00327_IPGGTRAGA|0.0
P16234|O00327_SCGSSPLNI|0.0
P16234|O00327_NITSTPPPD|0.0
P16234|O00327_QGSSSPSND|0.0
P16234|Q96MC5-2_DLTETGCMG|0.0
P16234|Q96MC5-2_MGRRSAKKD|0.0
P16234|Q96MC5-2_LDIISMAET|0.0
P16234|Q96LC9_LFPLTHCCG|0.002
P16234|Q96LC9_PLPASFPAV|0.0
P16234|P35226_PLKDYYTLM|0.386
P16234|P35226_LKDYYTLMD|0.361
P16234|P35226_RDGLTNAGE|0.382
P16234|P35226_DKANSPAGG|0.181
P16234|P35226_IPSTSSCLP|0.278
P16234|P35226_SCLPSPSTP|0.124
P16234|P35226_LPSPSTPVQ|0.006
P16234|P35226_PSPSTPVQS|0.198
P16234|P35226_TPVQSPHPQ|0.315
P16234|P35226_FPHISSTMN|0.033
P16234|P35226_GTSNSPSGN|0.339
P16234|P35226_RPRKSSVNG|0.207
P16234|P13497_ADYTYDLAE|0.387
P16234|P13497_LRRHTARKS|0.0
P16234|P13497_TARKSSIKA|0.0
P16234|P13497_IFLDTIVPK|0.109
P16234|P13497_VKKDYGHIQ|0.446
P16234|P13497_QSPNYPDDY|0.219
P16234|P13497_KSTSSRLWL|0.0
P16234|P13497_LRFYSDNSV|0.027
P16234|P13497_GFQASHATE|0.0
P16234|P13497_ADVKTKDLY|0.258
P16234|O95393_SNIIYDSTA|0.278
P16234|O95972_LLGHSLRYM|0.417
P16234|O95972_RENRTIGAT|0.0
P16234|O95972_VKPLTNVAR|0.001
P16234|O95972_FLLLYFNDT|0.432
P16234|O95972_YVPISVLMI|0.0
P16234|O95972_GSILYKEYE|0.427
P16234|P12643_IKPATANSK|0.0
P16234|P12643_ATANSKFPV|0.002
P16234|Q5H9B9_LLMDSEDEE|0.14
P16234|Q5H9B9_AKAKYSDMS|0.406
P16234|Q5H9B9_YSDMSPVYR|0.425
P16234|Q5H9B9_KNEKSLPQH|0.235
P16234|Q5H9B9_IFDFTPFQP|0.032
P16234|Q5H9B9_VKQRSLQKL|0.017
P16234|Q5H9B9_LQKLSSRQR|0.004
P16234|Q5H9B9_QKLSSRQRR|0.005
P16234|Q5H9B9_TLKPTYRTP|0.236
P16234|Q5H9B9_LKPTYRTPE|0.399
P16234|Q5H9B9_PTYRTPERA|0.25
P16234|P12645_AAAETLERK|0.0
P16234|P12644_VIPDYMRDL|0.332
P16234|P12644_SRANTVRSF|0.0
P16234|P12644_NTVRSFHHE|0.187
P16234|P18075_NRSKTPKNQ|0.0
P16234|P18075_VAENSSSDQ|0.0
P16234|P18075_AENSSSDQR|0.003
P16234|Q7Z5Y6_LDLQTLRAG|0.0
P16234|Q7Z5Y6_RASPSPIRT|0.0
P16234|P34820_LDLQTLRAG|0.0
P16234|P34820_RASPSPIRT|0.0
P16234|Q8N8U9_FDGRTFNFQ|0.0
P16234|Q8N8U9_NFQGTCQYV|0.351
P16234|Q8N8U9_WDGDSFVEV|0.416
P16234|P36894_GTKRYMAPE|0.366
P16234|O00238_HQRRSIECC|0.0
P16234|O00238_IECCTERNE|0.006
P16234|O00238_PPGESLRDL|0.0
P16234|O00238_SLYDYLKST|0.427
P16234|O00238_LDAKSMLKL|0.0
P16234|O00238_ADMYSFGLI|0.032
P16234|Q13873_EKNIYRVPL|0.015
P16234|Q13873_RGLAYLHTE|0.001
P16234|Q13873_RDLNSRNVL|0.0
P16234|Q13873_DFGLSMRLT|0.0
P16234|Q13873_SMRLTGNRL|0.0
P16234|Q13873_NAAISEVGT|0.0
P16234|Q13873_NKSVSPTVN|0.0
P16234|Q13873_PYPDYSSSS|0.038
P16234|Q13873_YPDYSSSSY|0.0
P16234|Q13873_YSSSSYIED|0.0
P16234|Q13873_SSSSYIEDS|0.03
P16234|Q13873_HSMSSTPLT|0.0
P16234|Q13873_SMSSTPLTI|0.0
P16234|Q13873_NSINYERQQ|0.0
P16234|Q13873_SSLLYPLIK|0.0
P16234|Q13873_PHVVTVTMN|0.0
P16234|Q13873_VVTVTMNGV|0.0
P16234|Q13873_ATTQYANGT|0.335
P16234|Q13873_KRVKTPYSL|0.0
P16234|Q13873_VKTPYSLKR|0.001
P16234|Q13873_KTPYSLKRW|0.0
P16234|Q14692_DRKVSLYGY|0.466
P16234|Q14692_KVSLYGYLR|0.518
P16234|Q14692_VTLFSDSKP|0.0
P16234|Q14692_KPLGSEDID|0.0
P16234|Q14692_ANCQSDRVN|0.032
P16234|Q14692_NLEKSLLMK|0.0
P16234|Q14692_LSKPSQVSS|0.0
P16234|Q14692_HKADSLDCS|0.0
P16234|Q14692_DEELYGDFE|0.221
P16234|Q14692_EDLETGDVH|0.329
P16234|Q14692_SGPNTQNED|0.0
P16234|Q14692_GMFNSALEV|0.036
P16234|Q14692_AVIRTVSGI|0.0
P16234|Q14692_ANKDSLYKP|0.306
P16234|Q14692_KDSLYKPIL|0.264
P16234|Q14692_KHFNSLHIP|0.0
P16234|Q14692_LDALSTVHS|0.0
P16234|Q14692_DALSTVHSQ|0.097
P16234|Q14692_STVHSQKMK|0.177
P16234|Q1RMZ1_QRAGSPNTP|0.0
P16234|Q9UIF9_YTNGSPMNF|0.0
P16234|Q9UIF9_HTTTSGILN|0.0
P16234|Q9UIF9_SPVTSPAAA|0.0
P16234|Q9UIF9_NVVHSVRRE|0.0
P16234|Q9UIF9_IQAITGKRG|0.0
P16234|Q9UIF9_EAQETLNEE|0.0
P16234|Q9UIF9_GEKVSEIPL|0.0
P16234|Q9UIF9_EIDKTLESM|0.0
P16234|Q9UIF9_LAKRTGRSE|0.0
P16234|Q9UIF9_RTGRSEVEM|0.0
P16234|Q9UIF9_GRRRSSRIM|0.0
P16234|Q9UIF9_RRRSSRIME|0.0
P16234|Q9UIF9_MEETSGMEE|0.0
P16234|Q9UIF9_RHLKSPVRG|0.0
P16234|Q9UIF9_ANPCSPVQF|0.0
P16234|Q9UIF9_VQFSSTPLA|0.0
P16234|Q9UIF9_QFSSTPLAG|0.0
P16234|Q9UIF9_WTCPSPDST|0.0
P16234|Q9UIF9_ALLSTPNGA|0.0
P16234|Q9UIF9_SLNFSEGDG|0.0
P16234|Q9UIF9_AGPRYSEEG|0.143
P16234|Q6ZN30_HLGPTPPPH|0.0
P16234|Q6ZN30_LFRMSQQAI|0.0
P16234|Q6ZN30_EYNESSESE|0.0
P16234|Q6ZN30_YNESSESEV|0.001
P16234|Q6ZN30_ESSESEVSP|0.0
P16234|Q6ZN30_SPTPYKNDQ|0.472
P16234|Q6ZN30_PACVSPIQN|0.0
P16234|Q6ZN30_VIASTKSNL|0.0
P16234|Q6ZN30_NLALTSPGR|0.0
P16234|Q6ZN30_LGEESMEGD|0.0
P16234|Q6ZN30_DLCSSPDPK|0.0
P16234|Q6ZN30_PKICYVCKK|0.325
P16234|Q6ZN30_EDASSPAGT|0.0
P16234|Q6ZN30_GTEDSHLNG|0.0
P16234|Q6ZN30-2_YWEKSNEQN|0.0
P16234|Q6ZN30-2_GLLVSWGET|0.0
P16234|Q12981_KQMLSNQAS|0.0
P16234|Q12981_SNQASWRKA|0.002
P16234|Q12981_RQRKTTKES|0.0
P16234|Q12981_QRKTTKESL|0.0
P16234|Q12981_FKSMSGTIQ|0.0
P16234|Q12981_RRELTDKLL|0.0
P16234|Q12981_LFLATVLYI|0.174
P16234|Q12981_ATVLYIVKK|0.426
P16234|Q12981-3_MLRKTTKES|0.0
P16234|Q12982_SITEYTAAE|0.327
P16234|Q12982_ITEYTAAEE|0.322
P16234|Q12982_PNYRYLMDN|0.089
P16234|Q12982_LRKCYQQID|0.157
P16234|Q12983_SVSIYNGDM|0.004
P16234|Q12983_SSKSSHCDS|0.0
P16234|Q12983_PRSQTPQDT|0.0
P16234|Q12983_RASETDTHS|0.0
P16234|Q12983_GEKNSSQSE|0.0
P16234|Q12983_EKNSSQSEE|0.0
P16234|Q12983_HPKRTATLS|0.0
P16234|Q12983_TATLSMRNT|0.0
P16234|Q12983_SMRNTSVMK|0.319
P16234|Q12983_MRNTSVMKK|0.0
P16234|Q12983_RRLTTSTST|0.0
P16234|Q12983_RLTTSTSTF|0.0
P16234|Q12983_LTTSTSTF_|0.0
P16234|Q12983_TTSTSTF__|0.0
P16234|Q12983_TSTSTF___|0.0
P16234|O60238_AQHESGQSS|0.0
P16234|O60238_GQSSSRGSS|0.0
P16234|O60238_ALKKSADWV|0.0
P16234|O60238_HPKRSVSLS|0.0
P16234|O60238_SVSLSMRKS|0.0
P16234|O60238_GKRLSTPSA|0.0
P16234|O60238_SASTY____|0.15
P16234|Q7Z465_AAAGTPSTL|0.0
P16234|Q7Z465_RKRLSAPEL|0.0
P16234|Q7Z465_ELRLSLTKG|0.0
P16234|Q9BWV1_SVTGYNKTR|0.412
P16234|Q9BWV1_SSPRTSKTD|0.0
P16234|Q9BWV1_RTSKTDSYE|0.0
P16234|Q9BWV1_SKTDSYELV|0.036
P16234|Q9BWV1_ESEPSAPSR|0.094
P16234|Q9BWV1_PSAPSRPYV|0.0
P16234|Q9BWV1_PSRPYVVSG|0.417
P16234|Q9BWV1_PYVVSGYSG|0.37
P16234|Q9BWV1_VVSGYSGRV|0.0
P16234|Q96IK1_GLFDSFRRD|0.0
P16234|Q96IK1_TKPAYQNLR|0.001
P16234|Q8NFC6_TKPAYQNLR|0.014
P16234|Q8NFC6_THTWSPHLN|0.0
P16234|Q8NFC6_TKTQTSDSS|0.0
P16234|Q8NFC6_QTSDSSEGK|0.0
P16234|Q8NFC6_TSDSSEGKT|0.0
P16234|Q8NFC6_SEGKTKSVR|0.284
P16234|Q8NFC6_KPYLYSKYY|0.248
P16234|Q8NFC6_QRRQSIAKE|0.0
P16234|Q8NFC6_GQGRSSVDL|0.0
P16234|Q8NFC6_RLSESLHVV|0.0
P16234|Q8NFC6_NKNESKLER|0.0
P16234|Q8NFC6_HKRRTSTPV|0.0
P16234|Q8NFC6_IQKQSQQTK|0.0
P16234|Q8NFC6_ERKLSVLGK|0.0
P16234|Q8NFC6_ERRLSAEKT|0.0
P16234|Q8NFC6_QHGITLQRR|0.001
P16234|Q8NFC6_RRSESYSED|0.0
P16234|Q8NFC6_RSESYSEDK|0.039
P16234|Q8NFC6_SESYSEDKC|0.269
P16234|Q8NFC6_RRTKSLLEE|0.0
P16234|Q8NFC6_KQATTPKPD|0.0
P16234|Q8NFC6_KQRKSKVED|0.001
P16234|Q8NFC6_AKEKYKSDK|0.0
P16234|Q8NFC6_ERKLSDGHK|0.0
P16234|Q8NFC6_EVDSSHEKA|0.0
P16234|Q8NFC6_ARGNSSLME|0.0
P16234|Q8NFC6_RGSLSQEMA|0.0
P16234|Q8NFC6_ANTLSTPSG|0.0
P16234|Q8NFC6_NTLSTPSGS|0.0
P16234|Q8NFC6_TNLDSSPSL|0.0
P16234|Q8NFC6_NLDSSPSLS|0.0
P16234|Q8NFC6_DSSPSLSSV|0.0
P16234|Q8NFC6_VLEGSTAST|0.0
P16234|Q8NFC6_GSTASTSPA|0.0
P16234|Q8NFC6_STASTSPAD|0.0
P16234|Q8NFC6_LPNQSLTVR|0.0
P16234|Q8NFC6_PAKASITSK|0.0
P16234|Q8NFC6_KHKRSPGKV|0.0
P16234|Q8NFC6_VKDISIDVE|0.061
P16234|Q8NFC6_RNGQTEDVA|0.0
P16234|Q8NFC6_EDVATGPRR|0.062
P16234|Q8NFC6_DKDVTLSPV|0.0
P16234|Q8NFC6_KEGESGECA|0.0
P16234|Q8NFC6_KCDGSLSRD|0.0
P16234|Q8NFC6_DGAVTSAGT|0.0
P16234|Q8NFC6_GSISSEEVD|0.0
P16234|Q8NFC6_LICESAEGD|0.0
P16234|Q8NFC6_AEGDSQIGT|0.0
P16234|Q8NFC6_DQSDSQLEK|0.0
P16234|Q8NFC6_APMPSAVSG|0.0
P16234|Q8NFC6_PSAVSGDDS|0.0
P16234|Q8NFC6_DSQLTASRS|0.0
P16234|Q8NFC6_KSPETGTAG|0.0
P16234|Q8NFC6_TASYSAGRG|0.005
P16234|Q8NFC6_GPEQTSGQT|0.0
P16234|Q8NFC6_APSHTMIPP|0.0
P16234|Q8NFC6_TDQASAEKT|0.0
P16234|Q8NFC6_AYVPSEEEK|0.178
P16234|Q8NFC6_AEAISGHSV|0.0
P16234|Q8NFC6_ISGHSVEAD|0.0
P16234|Q8NFC6_KDEYSSSET|0.0
P16234|Q8NFC6_SSSETTGEK|0.0
P16234|Q8NFC6_DTIKSQEED|0.0
P16234|Q8NFC6_TGIVTVEQS|0.0
P16234|Q8NFC6_QSPSSSKLK|0.0
P16234|Q8NFC6_LQERSISND|0.0
P16234|Q8NFC6_ERSISNDDG|0.0
P16234|Q8NFC6_KIVTSVRRR|0.0
P16234|Q9UMX3_VLRRSSVFA|0.003
P16234|Q9UMX3_AALCSFGRF|0.162
P16234|Q9Y3E2_EEALSPEVL|0.0
P16234|Q9Y3E2_QLDTSPPCL|0.0
P16234|Q9H3K6_LNRCSCSFR|0.0
P16234|Q9H3K6_VLVVSAKFE|0.0
P16234|Q9H3K6_QKTLTPDQW|0.0
P16234|Q53S33_LRIFTSVPK|0.0
P16234|Q14137_LLCTSPLSH|0.142
P16234|Q14137_DDPDYWRTV|0.428
P16234|Q14137_ADKRSFIPS|0.028
P16234|Q14137_PRDPTPSFY|0.413
P16234|Q14137_DPTPSFYDL|0.139
P16234|Q14137_EYLLSEEER|0.157
P16234|Q14137_RKFPSLRAV|0.272
P16234|Q14137_CLDLYLCPR|0.451
P16234|Q14137_RRSQSPFRR|0.004
P16234|Q14137_ICGSYDSKL|0.257
P16234|Q14137_GSYDSKLVW|0.139
P16234|Q6PGQ7_SPSDYSNLH|0.0
P16234|Q6PGQ7_LHEQTLASP|0.0
P16234|Q6PGQ7_RQALYLSHS|0.0
P16234|Q6PGQ7_TNINSDSPV|0.0
P16234|Q6PGQ7_VKCRSPLQT|0.0
P16234|Q6PGQ7_QRKFTVHSP|0.0
P16234|Q6PGQ7_FTVHSPDAS|0.0
P16234|Q6PGQ7_SPDASSGTN|0.0
P16234|Q6PGQ7_PCIRSPYID|0.213
P16234|Q6PGQ7_IKNWSPMRL|0.0
P16234|Q6PGQ7_LQMYSGGTQ|0.0
P16234|Q6PGQ7_KDNNTVDMV|0.001
P16234|Q6PGQ7_IADETTWIK|0.0
P16234|Q6PGQ7_ADETTWIKE|0.0
P16234|Q6PGQ7_MKTASPFQC|0.0
P16234|Q6PGQ7_FQCSSP___|0.0
P16234|Q96GS4_SGAGSRRGA|0.0
P16234|Q96GS4_RAGRSFSSR|0.0
P16234|Q96GS4_GSSGSAESG|0.0
P16234|Q96GS4_GSAESGAGG|0.0
P16234|Q96GS4_RATISSPLE|0.0
P16234|Q96GS4_ELEGTVSRH|0.0
P16234|Q53HL2_INKLTAEAI|0.0
P16234|Q53HL2_SKKRTQSIQ|0.0
P16234|Q8NI51_KDHRSPSEL|0.0
P16234|Q8NI51_EAERTSGAF|0.0
P16234|Q8NI51_AERTSGAFQ|0.0
P16234|Q8NI51_GAKGTFHCD|0.0
P16234|Q8NI51_SSRMSSFNR|0.0
P16234|Q8NI51_SRMSSFNRH|0.0
P16234|Q8NI51_RYKHTHEKP|0.0
P16234|Q8NI51_MRTHSGEKP|0.0
P16234|Q8NI51_AHIRTHTGE|0.0
P16234|Q8NI51_IRTHTGEKP|0.0
P16234|Q8NI51_GEAKSAASG|0.0
P16234|Q8NI51_KSAASGKGR|0.0
P16234|Q8NI51_ACRETTARV|0.0
P16234|Q03001_IALDYLKRR|0.371
P16234|Q03001_DVDVSSPDE|0.0
P16234|Q03001_VDVSSPDEK|0.001
P16234|Q03001_VQRDSVICE|0.402
P16234|Q03001_VEPNSLQTL|0.025
P16234|Q03001_EATDYLRNL|0.326
P16234|Q03001_QRKYSCDRS|0.412
P16234|Q03001_DKLKTVNLV|0.262
P16234|Q03001_VLKNTQAAE|0.187
P16234|Q03001_YAEQYSATV|0.403
P16234|Q03001_AEQYSATVK|0.24
P16234|Q03001_TVKDYELQT|0.453
P16234|Q03001_AMVDSQQKS|0.077
P16234|Q03001_SQQKSPVKR|0.0
P16234|Q03001_KQVKTLQES|0.0
P16234|Q03001_QNLVSSALF|0.0
P16234|Q03001_NLVSSALFS|0.0
P16234|Q03001_EHEETPENR|0.0
P16234|Q03001_TNRDSPIFD|0.033
P16234|Q03001_IFDYSPRLS|0.184
P16234|Q03001_ENENSMVPQ|0.185
P16234|Q03001_VGSLSVKNK|0.0
P16234|Q03001_DELDSGEKI|0.087
P16234|Q03001_NPVGSDKVN|0.271
P16234|Q03001_LETGSEREC|0.0
P16234|Q03001_DESDSLTDY|0.123
P16234|Q03001_KFDDSGSWR|0.0
P16234|Q03001_DDSGSWRGR|0.013
P16234|Q03001_VQLASPSEN|0.124
P16234|Q03001_NLPEYTTEI|0.511
P16234|Q03001_QGNGSDLIK|0.0
P16234|Q03001_LKKATVTLK|0.0
P16234|Q03001_EGNYYSPNL|0.303
P16234|Q03001_KSLPSDFPR|0.132
P16234|Q03001_VSEKSKSVK|0.005
P16234|Q03001_ELKKYQSKQ|0.41
P16234|Q03001_VVKNTENFL|0.0
P16234|Q03001_DKVVTTAIK|0.0
P16234|Q03001_EKIISQHQA|0.0
P16234|Q03001_FDADYTEFE|0.384
P16234|Q03001_QKSFSEDVI|0.0
P16234|Q03001_IVGRYEDLS|0.398
P16234|Q03001_TRSLSVQDG|0.0
P16234|Q03001_LETKTQALT|0.0
P16234|Q03001_RKPQYEQLT|0.465
P16234|Q03001_YEQLTAAGQ|0.449
P16234|Q03001_QGILSRPGE|0.0
P16234|Q03001_GEDPSLRGI|0.0
P16234|Q03001_AIVKSTQYQ|0.082
P16234|Q03001_SLLRSLSDK|0.0
P16234|Q03001_LRSLSDKLS|0.0
P16234|Q03001_DVLESLIKD|0.169
P16234|Q03001_YSNKYLTML|0.395
P16234|Q03001_NKYLTMLQT|0.46
P16234|Q03001_TMLQTQQKS|0.0
P16234|Q03001_EKIATTAEP|0.0
P16234|Q03001_LKQLSLLDS|0.0
P16234|Q03001_LLKQTTGDE|0.295
P16234|Q03001_LKQTTGDEV|0.0
P16234|Q03001_TKLSTDVAK|0.346
P16234|Q03001_ALLDSLNEV|0.115
P16234|Q03001_PPSISAEVE|0.126
P16234|Q03001_GIDPSVVKQ|0.0
P16234|Q03001_TDLETVKQQ|0.226
P16234|Q03001_RCPKSAETN|0.0
P16234|Q03001_KSAETNIDQ|0.0
P16234|Q03001_THLKYFSQK|0.405
P16234|Q03001_LKYFSQKQD|0.39
P16234|Q03001_KSLDSELEI|0.0
P16234|Q03001_VYDTTNRTG|0.053
P16234|Q03001_LKEKTSLAD|0.0
P16234|Q03001_KEKTSLADD|0.0
P16234|Q03001_LGKRTSSVQ|0.0
P16234|Q03001_ALKRSAREL|0.0
P16234|Q03001_NLLVSKWQQ|0.0
P16234|Q03001_QFGDSQQLR|0.186
P16234|Q03001_SRPSSRGAS|0.0
P16234|Q03001_SRGASPNRS|0.0
P16234|Q03001_SPNRSTSVS|0.008
P16234|Q03001_PNRSTSVSS|0.0
P16234|Q03001_NRSTSVSSQ|0.242
P16234|Q03001_STSVSSQAA|0.0
P16234|Q03001_TSVSSQAAQ|0.0
P16234|Q03001_QVPATTTPK|0.322
P16234|Q03001_PATTTPKGT|0.0
P16234|Q03001_TPKGTPIQG|0.0
P16234|Q03001_PIQGSKLRL|0.0
P16234|Q03001_RLPGYLSGK|0.268
P16234|Q03001_PGYLSGKGF|0.101
P16234|Q03001_KGFHSGEDS|0.001
P16234|Q03001_QFADSKKTP|0.168
P16234|Q03001_KKTPSRPGS|0.0
P16234|Q03001_SRPGSRAGS|0.004
P16234|Q03001_SRASSRRGS|0.0
P16234|Q03001_SRRGSDASD|0.004
P16234|Q03001_GSDASDFDI|0.037
P16234|Q03001_SKIPTPQRK|0.0
P16234|Q03001_PQRKSPASK|0.068
P16234|Q03001_KSPASKLDK|0.0
P16234|Q03001-12_CHSLYTSMS|0.209
P16234|Q03001-13_PEKYSPGRK|0.0
P16234|Q03001-13_DERISEKDS|0.0
P16234|Q03001-13_EKDSTPYCA|0.013
P16234|Q03001-13_DSTPYCAKR|0.0
P16234|Q03001-13_RKAASLSSI|0.0
P16234|Q03001-13_AASLSSIPS|0.0
P16234|Q03001-13_ASLSSIPSG|0.0
P16234|Q03001-13_SSIPSGIER|0.0
P16234|Q03001-3_SYRSSDSVF|0.126
P16234|Q03001-3_TGKISELER|0.0
P16234|Q03001-3_RKDLSLNDL|0.0
P16234|Q03001-3_IQAESENIV|0.0
P16234|Q03001-3_ELNASKEEK|0.003
P16234|Q03001-3_LDFVSLQQE|0.0
P16234|Q03001-3_HLHPTPRSP|0.0
P16234|Q03001-3_PTPRSPLLR|0.001
P16234|Q03001-3_PPVRYQDNA|0.446
P16234|Q03001-3_LDMRTIEQL|0.0
P16234|Q03001-3_ALYYSELLR|0.425
P16234|Q03001-3_NVKKTHRIS|0.0
P16234|Q03001-3_THRISVVDT|0.0
P16234|Q03001-3_SHMLTDTKT|0.0
P16234|Q03001-3_VLKASRRNL|0.0
P16234|Q03001-8_SYRSSDSVF|0.004
P16234|Q03001-8_SRGASPNRS|0.0
P16234|Q03001-8_STSVSSQAA|0.0
P16234|Q03001-8_LTRNYGKPW|0.12
P16234|Q03001-8_NSKMSTPCK|0.0
P16234|Q03001-8_FPVPSAEGT|0.0
P16234|Q03001-8_SAEGTPIQG|0.0
P16234|P07738_NERHYGALI|0.227
P16234|P07738_LWRRSYNVT|0.0
P16234|P07738_PIEESHPYY|0.007
P16234|P07738_LRGKTILIS|0.0
P16234|P07738_TILISAHGN|0.0
P16234|P07738_HGNSSRALL|0.0
P16234|Q86WA6_RLLLSALKP|0.0
P16234|Q86WA6_IRDVSKWSE|0.011
P16234|P17213_GMHTTGSME|0.0
P16234|P17213_VSAESNRLV|0.0
P16234|P59826_ALAVSSRGT|0.0
P16234|P59826_LAVSSRGTP|0.0
P16234|P59826_SSRGTPILI|0.0
P16234|Q8N4F0_KAALSYVSE|0.0
P16234|Q8N4F0_AALSYVSEI|0.0
P16234|Q8N4F0_LSYVSEIGK|0.003
P16234|Q8N4F0_AMLHTNNAT|0.27
P16234|Q8N4F0_TNNATLRLQ|0.0
P16234|Q8NFQ6_RIMATEPPI|0.0
P16234|Q8NFQ5_GEALTFPEG|0.0
P16234|Q8NFQ5_FPEGYAKGS|0.48
P16234|O95861_VASAYSIAQ|0.001
P16234|O95861_LAQMSICSS|0.0
P16234|O95861_SICSSLARK|0.0
P16234|O95861_KKWDTCAPE|0.205
P16234|Q66K74_LDPASHKLL|0.0
P16234|Q66K74_LAERSEVAA|0.0
P16234|Q66K74_ESVGSRDSS|0.0
P16234|Q66K74_GLLATHPRP|0.0
P16234|Q66K74_KEAKTPREL|0.0
P16234|Q66K74_RRAASSVPN|0.0
P16234|Q66K74_RAASSVPNL|0.0
P16234|Q66K74_NLKKTNAQA|0.0
P16234|Q66K74_CGEASPPSA|0.0
P16234|Q66K74_ASPPSAACG|0.0
P16234|Q66K74_GSPASQLVA|0.0
P16234|Q66K74_VATPSLELG|0.0
P16234|Q66K74_LAASSIPRP|0.0
P16234|Q66K74_ESHRSPAEG|0.0
P16234|Q66K74_DASPTVTTP|0.0
P16234|Q66K74_SPTVTTPTV|0.0
P16234|Q66K74_VTTPTVTTP|0.0
P16234|Q66K74_SPGSSNDSS|0.0
P16234|Q66K74_SSNDSSARS|0.0
P16234|Q66K74_SNDSSARSQ|0.0
P16234|Q66K74_SSARSQERA|0.0
P16234|Q66K74_GAEETPPTS|0.0
P16234|Q66K74_TLSDSDPVP|0.0
P16234|Q66K74_LPPKTARQT|0.0
P16234|Q66K74_ARPNSRAAA|0.0
P16234|Q66K74_APKATPVAA|0.0
P16234|Q66K74_AAAKTKGLA|0.0
P16234|Q66K74_GDRASRPLS|0.0
P16234|Q66K74_LSARSEPSE|0.0
P16234|Q66K74_TRGPSGSAS|0.0
P16234|Q66K74_GVSATPPKS|0.0
P16234|Q66K74_ALLASKQHW|0.0
P16234|O15178_SAGKSLQYR|0.319
P16234|O15178_KSLQYRVDH|0.336
P16234|O15178_EMIVTKNGR|0.0
P16234|O15178_KVKLTNKLN|0.0
P16234|O15178_IMLNSLHKY|0.0
P16234|P15056_HNPPSIYLE|0.007
P16234|P15056_KTFFTLAFC|0.131
P16234|P15056_TALTSGSSP|0.0
P16234|P15056_LTSGSSPSA|0.0
P16234|P15056_TSGSSPSAP|0.0
P16234|P15056_GDGGSTTGL|0.0
P16234|P15056_GGSTTGLSA|0.0
P16234|P15056_KSSSSSEDR|0.022
P16234|P15056_SSSSSEDRN|0.0
P16234|P15056_DGQITVGQR|0.0
P16234|P15056_GSFGTVYKG|0.004
P16234|P15056_QGMDYLHAK|0.413
P16234|P15056_RGYLSPDLS|0.0
P16234|P15056_ASEPSLNRA|0.0
P16234|P15056_DFSLYACAS|0.162
P16234|P15056_QAGGYGAFP|0.15
P16234|Q7Z569_TTLASAVAC|0.0
P16234|Q7Z569_ETMKSNPDE|0.0
P16234|Q7Z569_EERKSSEAS|0.0
P16234|Q7Z569_ERKSSEASP|0.0
P16234|Q7Z569_EASPTAQRS|0.0
P16234|Q7Z569_SKDHSKECI|0.0
P16234|Q7Z569_PAAMTSHDL|0.0
P16234|Q7Z569_LCNHSFHSQ|0.0
P16234|Q7Z569_HSFHSQCLQ|0.0
P16234|Q7Z569_RYCQTPEPV|0.084
P16234|Q7Z569_HFEETQHTY|0.396
P16234|Q7Z569_AMQLTNHRV|0.0
P16234|Q7Z569_KIVQYECEG|0.27
P16234|Q7Z569_SQRIYWENK|0.0
P16234|Q7Z569_MASASSPAS|0.0
P16234|Q6PJG6_PTVRSGWIQ|0.0
P16234|Q6PJG6_GRCQSPWTE|0.0
P16234|Q6PJG6_SSPKTPGCS|0.0
P16234|Q6PJG6_EVRDSALEF|0.0
P16234|Q6PJG6_LTQLSRHWG|0.0
P16234|Q6PJG6_LHAPTSPEH|0.0
P16234|Q6PJG6_HAPTSPEHA|0.0
P16234|Q6PJG6_GPPRTHCPY|0.044
P16234|Q6PJG6_THCPYAVAL|0.34
P16234|Q6PJG6_DKIASYSSL|0.0
P16234|Q6PJG6_GSPNTASAE|0.0
P16234|Q6PJG6_SAEATLPRW|0.0
P16234|Q6PJG6_LAESSDHVE|0.0
P16234|Q6PJG6_HVEKSPQSL|0.0
P16234|P38398_KDEVSIIQS|0.0
P16234|P38398_GTVRTLRTK|0.0
P16234|P38398_IELGSDSSE|0.0
P16234|P38398_LGSDSSEDT|0.0
P16234|P38398_GSDSSEDTV|0.0
P16234|P38398_LLQITPQGT|0.0
P16234|P38398_ISLDSAKKA|0.0
P16234|P38398_EYSGSSEKI|0.0
P16234|P38398_VHSKSVESN|0.0
P16234|P38398_KSVESNIED|0.0
P16234|P38398_RRPTSGLHP|0.0
P16234|P38398_LRRKSSTRH|0.0
P16234|P38398_RKSSTRHIH|0.0
P16234|P38398_SCSSSEEIK|0.0
P16234|P38398_TVKVSNNAE|0.009
P16234|P38398_NKCVSQCAA|0.377
P16234|P38398_SKRQSFAPF|0.022
P16234|P38398_TGLITPNKH|0.023
P16234|P38398_LQNPYRIPP|0.023
P16234|P38398_EVGSSTNEV|0.0
P16234|P38398_SLPGSNCKH|0.0
P16234|P38398_IKESSAVFS|0.0
P16234|P38398_SAVFSKSVQ|0.0
P16234|P38398_PSPFTHTHL|0.0
P16234|P38398_TECLSKNTE|0.0
P16234|P38398_SLKNSLNDC|0.0
P16234|P38398_LNDCSNQVI|0.0
P16234|P38398_LSEETKCSA|0.0
P16234|P38398_PEGLSADKF|0.0
P16234|P38398_KFEVSADSS|0.0
P16234|P38398_VSADSSTSK|0.0
P16234|P38398_GVERSSPSK|0.0
P16234|P38398_SKCPSLDDR|0.0
P16234|P38398_MHSCSGSLQ|0.0
P16234|P38398_PHDLTETSY|0.395
P16234|P38398_DLTETSYLP|0.0
P16234|P38398_ESAQSPAAA|0.0
P16234|P38398_AAAHTTDTA|0.0
P16234|P38398_ELTASTERV|0.0
P16234|P38398_HITLTNLIT|0.0
P16234|P38398_TNLITEETT|0.0
P16234|P38398_TNMPTDQLE|0.0
P16234|P38398_LCGASVVKE|0.0
P16234|P38398-6_EYPISQNPE|0.0
P16234|P38398-6_PEGLSADKF|0.0
P16234|P51587_KNNNYEPNL|0.422
P16234|P51587_RKPSYNQLA|0.382
P16234|P51587_NQLASTPII|0.0
P16234|P51587_PLYQSPVKE|0.223
P16234|P51587_SVTDSENTN|0.0
P16234|P51587_TSGNSFKVN|0.025
P16234|P51587_EPNDTDPLD|0.006
P16234|P51587_DLLDTENKR|0.333
P16234|P51587_PRISSLPKS|0.0
P16234|P51587_RIRESPKET|0.0
P16234|P51587_TFNASFSGH|0.0
P16234|P51587_HTVCSQKED|0.0
P16234|P51587_AGLISTLKK|0.0
P16234|P51587_GLISTLKKK|0.0
P16234|P51587_NKFIYAIHD|0.417
P16234|P51587_SRNETCSNN|0.001
P16234|P51587_NETCSNNTV|0.0
P16234|P51587_CSNNTVISQ|0.0
P16234|P51587_QDLDYKEAK|0.477
P16234|P51587_NNYESDVEL|0.172
P16234|P51587_VNPDSEELF|0.0
P16234|P51587_EELFSDNEN|0.003
P16234|P51587_KDLVYVLAE|0.417
P16234|P51587_QDLKSDISL|0.0
P16234|P51587_KSDISLNID|0.0
P16234|P51587_NHNLTPSQK|0.121
P16234|P51587_RKPSYILQK|0.303
P16234|P51587_HNDKTVSEK|0.0
P16234|P51587_ASRNSHNLE|0.103
P16234|P51587_DILSYEETD|0.447
P16234|P51587_FHTASGKKV|0.005
P16234|P51587_LCRQTENLK|0.092
P16234|P51587_KTSKSIFLK|0.0
P16234|P51587_SRKTSVSQT|0.0
P16234|P51587_NKLDSGIEP|0.013
P16234|P51587_VTSSSPCKN|0.0
P16234|P51587_IFTDSFSKV|0.0
P16234|P51587_ADIQSEEIL|0.157
P16234|P51587_LEKVSKISP|0.0
P16234|P51587_VSKISPCDV|0.001
P16234|P51587_PCDVSLETS|0.033
P16234|P51587_REENTAIRT|0.0
P16234|P51587_EHLISQKGF|0.0
P16234|P51587_ILESSLHKV|0.0
P16234|P51587_RTEHSLHYS|0.288
P16234|P51587_SIKVSPYLS|0.222
P16234|P51587_KEQASPKNV|0.212
P16234|P51587_KSHLYEHLT|0.467
P16234|P51587_DGHGSDDSK|0.0
P16234|P51587_GSDDSKNKI|0.0
P16234|P51587_RIWVYNHYR|0.443
P16234|P51587_VYNHYRWII|0.428
P16234|P51587_GAELYEAVK|0.405
P16234|P51587_KAMESAEQK|0.0
P16234|P51587_SRDVTTVWK|0.101
P16234|P51587_RDVTTVWKL|0.0
P16234|P51587_PKWSTPTKD|0.002
P16234|P51587_TKDCTSGPY|0.417
P16234|P51587_IIPGTGNKL|0.174
P16234|P51587_QSPLSLCMA|0.002
P16234|P51587_AKRKSVSTP|0.298
P16234|P51587_KSVSTPVSA|0.001
P16234|P51587_AQMTSKSCK|0.013
P16234|P51587_PPPVSPICT|0.0
P16234|P51587_RSCGTKYET|0.3
P16234|P51587_EQESSQAST|0.0
P16234|P46736_SKFAYTGTE|0.365
P16234|P46736_KFAYTGTEM|0.389
P16234|P46736_SQHISIEGQ|0.001
P16234|P46736_EQDAYRRIH|0.325
P16234|P46736_RRIHSLTHL|0.0
P16234|P46736_IHSLTHLDS|0.001
P16234|P46736_MQELSSLE_|0.001
P16234|P46736_QELSSLE__|0.0
P16234|P46736-3_SKFAYTGTE|0.0
P16234|O95696_ARHPSSPCS|0.09
P16234|O95696_RHPSSPCSV|0.0
P16234|O95696_SSPCSVKHS|0.001
P16234|O95696_KHSPTRETL|0.0
P16234|O95696_PTRETLTYA|0.446
P16234|O95696_RETLTYAQA|0.254
P16234|O95696_ETLTYAQAQ|0.131
P16234|O95696_EALPSAHGT|0.001
P16234|O95696_SAHGTPASA|0.231
P16234|O95696_YSPPSAPRR|0.251
P16234|O95696_KLTCYLCKQ|0.368
P16234|O95696_CRKESSVKT|0.0
P16234|O95696_RKESSVKTV|0.0
P16234|O95696_KTVRSTSKV|0.0
P16234|O95696_AVLPTVCAP|0.0
P16234|O95696_VCAPYIPPQ|0.406
P16234|O95696_LKRLSRNGA|0.0
P16234|O95696_RRLQSSLQS|0.0
P16234|O95696_RLQSSLQSQ|0.0
P16234|O95696_SSLQSQRSS|0.0
P16234|O95696_PRKRSRSTC|0.0
P16234|O95696_RSRSTCGDS|0.079
P16234|O95696_TCGDSEVEE|0.194
P16234|O95696_VEEESPGKR|0.0
P16234|O95696_GGARSEQEP|0.0
P16234|O95696_GRKATPRRR|0.001
P16234|O95696_RRCASESSI|0.0
P16234|O95696_CASESSISS|0.0
P16234|O95696_ASESSISSS|0.0
P16234|O95696_ESSISSSNS|0.0
P16234|O95696_SSISSSNSP|0.001
P16234|O95696_SISSSNSPL|0.009
P16234|O95696_SSSNSPLCD|0.428
P16234|O95696_LCDSSFNAP|0.318
P16234|O95696_VRRHTLEDR|0.181
P16234|O95696_LEDRSELIS|0.0
P16234|O95696_EGRNSSIRK|0.02
P16234|O95696_GRNSSIRKA|0.217
P16234|O95696-2_NRRTSVLFC|0.147
P16234|O95696-2_ETQPTSPQL|0.0
P16234|O95696-2_TQPTSPQLG|0.0
P16234|O95696-2_VRRHTLEDR|0.156
P16234|P25440_PSLLYEGFE|0.0
P16234|P25440_MDMGTIKRR|0.0
P16234|P25440_SVISSPLLK|0.0
P16234|P25440_PLLKSLHSA|0.0
P16234|P25440_RKADTTTPT|0.024
P16234|P25440_DLPDSQQQH|0.0
P16234|P25440_FEFRYAKMP|0.002
P16234|P25440_LAALSQGPI|0.0
P16234|P25440_SGGGSAALG|0.0
P16234|P25440_PALPTGYDS|0.0
P16234|P25440_LPTGYDSEE|0.0
P16234|P25440_SRPMSYDEK|0.168
P16234|P25440_KRQLSLDIN|0.0
P16234|P25440_IDFETLKPS|0.0
P16234|P25440_RYVLSCLRK|0.004
P16234|P25440_PRKPYTIKK|0.256
P16234|P25440_RKPYTIKKP|0.047
P16234|P25440_LQDVSGQLN|0.0
P16234|P25440_GQLNSTKKP|0.0
P16234|P25440_VSRLSASSS|0.0
P16234|P25440_RLSASSSSS|0.0
P16234|P25440_LSASSSSSD|0.0
P16234|P25440_SASSSSSDS|0.0
P16234|P25440_SSDSSSSSS|0.0
P16234|P25440_SDSSSSSSS|0.0
P16234|P25440_DSSSSSSSS|0.0
P16234|P25440_SSSSSSSSS|0.0
P16234|P25440_SSSDTSDSD|0.0
P16234|Q15059_GIPATPGPV|0.0
P16234|Q15059_MDMGTIKKR|0.0
P16234|Q15059_ADTTTPTTS|0.0
P16234|Q15059_TSAITASRS|0.0
P16234|Q15059_PPPLSDPKQ|0.0
P16234|Q15059_LAALSQAPV|0.0
P16234|Q15059_GKQASASYD|0.008
P16234|Q15059_QASASYDSE|0.168
P16234|Q15059_SLRDSNPDE|0.0
P16234|Q15059_LQDVSGQLS|0.0
P16234|Q15059_GQLSSSKKP|0.0
P16234|Q15059_PSRLSSSSS|0.0
P16234|Q15059_RLSSSSSSE|0.0
P16234|Q15059_LSSSSSSES|0.0
P16234|Q15059_SSSSSSESG|0.0
P16234|Q15059_SSSSSESGS|0.035
P16234|Q15059_SSSESGSSS|0.0
P16234|Q15059_SESGSSSSS|0.0
P16234|Q15059_SSSSSGSSS|0.0
P16234|Q15059_SSSGSSSDS|0.0
P16234|Q15059_SSGSSSDSS|0.0
P16234|Q15059_SGSSSDSSD|0.0
P16234|Q15059_SSSDSSDSE|0.0
P16234|Q15059_SSDSSDSE_|0.0
P16234|Q15059_DSSDSE___|0.128
P16234|O60885_NQLQYLLRV|0.333
P16234|O60885_KIIKTPMDM|0.006
P16234|O60885_MDMGTIKKR|0.0
P16234|O60885_ADTTTPTTI|0.106
P16234|O60885_TTPTTIDPI|0.0
P16234|O60885_PEPKTTKLG|0.0
P16234|O60885_EPKTTKLGQ|0.0
P16234|O60885_QRRESSRPV|0.0
P16234|O60885_DVPDSQQHP|0.0
P16234|O60885_SSKVSEQLK|0.0
P16234|O60885_LKCCSGILK|0.0
P16234|O60885_SDSSTDDSE|0.029
P16234|O60885_KKNNSSNSN|0.001
P16234|O60885_KNNSSNSNV|0.0
P16234|O60885_NSSNSNVSK|0.163
P16234|O60885_NSNVSKKEP|0.36
P16234|O60885_KPPPTYESE|0.239
P16234|O60885_PPPTYESEE|0.345
P16234|O60885_KRQLSLDIN|0.0
P16234|O60885_RYVTSCLRK|0.316
P16234|O60885_SESESSSES|0.0
P16234|O60885_HAVVSPPAL|0.321
P16234|O60885_VQPPTPLLP|0.0
P16234|O60885_RHHKSDPYS|0.346
P16234|O60885_KSDPYSTGH|0.341
P16234|O60885_REAPSPLMI|0.0
P16234|O60885_LMIHSPQMS|0.0
P16234|O60885_SPQMSQFQS|0.014
P16234|O60885_FQSLTHQSP|0.0
P16234|O60885_LTHQSPPQQ|0.0
P16234|O60885_LRAASVVQP|0.07
P16234|O60885_QEPKTPVAP|0.075
P16234|O60885_QKHPTTPSS|0.0
P16234|O60885_KHPTTPSST|0.001
P16234|O60885_SSSDSFEQF|0.262
P16234|O60885-2_GFSSSESES|0.0
P16234|O60885-2_ESESSSESS|0.0
P16234|O60885-2_SESSSSDSE|0.0
P16234|Q9NPI1_DKHLYEEYV|0.024
P16234|Q9NPI1_VTELSTGSS|0.0
P16234|Q9NPI1_TELSTGSSG|0.0
P16234|Q9NPI1_LSTGSSGHD|0.0
P16234|Q9NPI1_STGSSGHDS|0.0
P16234|Q9NPI1_RKDPSAFFS|0.0
P16234|Q9NPI1_SAFFSFPVT|0.0
P16234|Q9NPI1_KNNDYQSIE|0.0
P16234|Q9NPI1_QKDGTDTSQ|0.0
P16234|Q9NPI1_DGTDTSQSG|0.0
P16234|Q9NPI1_DTSQSGEDG|0.0
P16234|Q9NPI1_FKSPSKENK|0.0
P16234|Q9NPI1_DKFKSNNLE|0.0
P16234|Q9NPI1_IVKESGGKL|0.0
P16234|Q9NPI1_EMEITEVEP|0.0
P16234|Q9NPI1_GRLDSSTQD|0.0
P16234|Q9NPI1_GPGGS____|0.0
P16234|Q9H0E9___MATGTGK|0.212
P16234|Q9H0E9_MATGTGKHK|0.0
P16234|Q9H0E9_STGPTEPWS|0.0
P16234|Q9H0E9_TEPWSIREK|0.0
P16234|Q9H0E9_ETTETPKRK|0.0
P16234|Q9H0E9_KRKATDAAY|0.207
P16234|Q9H0E9_TDAAYQARQ|0.391
P16234|Q9H0E9_RRLPTVMVR|0.403
P16234|Q9H0E9_VMVRSPIDS|0.0
P16234|Q9H0E9_APVGSKAPS|0.0
P16234|Q9H0E9_APEMTVKQE|0.0
P16234|Q9H0E9_TNVKTEASP|0.0
P16234|Q9H0E9_ASPESMLSP|0.028
P16234|Q9H0E9_ESMLSPSHG|0.108
P16234|Q9H0E9_PSHGSNPIE|0.0
P16234|Q9H0E9_KFEMSDSLK|0.0
P16234|Q9H0E9_EMSDSLKEE|0.171
P16234|Q9H0E9_EGYLSEMDN|0.318
P16234|Q9H0E9_VPMGSPAFL|0.0
P16234|Q9H0E9-2_SPLLSELLK|0.0
P16234|Q9H0E9-2_SLLPTSPRL|0.0
P16234|Q9H8M2_EWRSSYEDY|0.356
P16234|Q9H8M2_SGHDSSYYD|0.404
P16234|Q9H8M2_GHDSSYYDD|0.258
P16234|Q9H8M2_YDDRSDHER|0.013
P16234|Q9H8M2_EHCDTEGEA|0.0
P16234|Q9H8M2_AENESTPIQ|0.0
P16234|Q9H8M2_MSMKSYPDV|0.349
P16234|Q9H8M2_EPAASAKT_|0.0
P16234|Q9H8M2_ASAKT____|0.139
P16234|Q9H8M2-6_MTGQTMSER|0.0
P16234|Q9H8M2-6_RKRRSGSER|0.0
P16234|Q9H8M2-6_RRSGSERGS|0.0
P16234|Q58F21_PPPEYINTK|0.479
P16234|Q58F21_VQGASVNSS|0.0
P16234|Q58F21_ASVNSSSQT|0.0
P16234|Q58F21_VNSSSQTAA|0.0
P16234|Q58F21_LRHCSEILK|0.0
P16234|Q58F21_KHFSYAWPF|0.002
P16234|Q58F21_AWPFYNPVD|0.396
P16234|Q58F21_GLHNYYDVV|0.346
P16234|Q58F21_LHNYYDVVK|0.214
P16234|Q58F21_DNQEYKDAY|0.003
P16234|Q58F21_YKDAYKFAA|0.401
P16234|Q58F21_GRENTNEAS|0.0
P16234|Q58F21_EPSLSNSNP|0.0
P16234|Q58F21_SLSNSNPDE|0.0
P16234|Q58F21_IDFETLKAS|0.0
P16234|Q58F21_EKYVSACLR|0.0
P16234|Q58F21_VSRLSESSS|0.0
P16234|Q58F21_RLSESSSSS|0.0
P16234|Q58F21_SESSSSSSS|0.0
P16234|Q58F21_ESSSSSSSS|0.0
P16234|Q58F21_SSSSSSSSS|0.0
P16234|Q58F21_SSSSSSSSE|0.0
P16234|Q58F21_FPKFTEVKP|0.0
P16234|Q9NXR7_SPMLSPFIS|0.0
P16234|Q9NXR7_NKVQYVIQG|0.005
P16234|Q9NXR7-3_PMESSRKHQ|0.0
P16234|Q9NXR7-4_AKRESNRDG|0.0
P16234|Q9NXR7-4_DGEESSSA_|0.0
P16234|Q9NXR7-4_GEESSSA__|0.0
P16234|Q9NXR7-4_EESSSA___|0.004
P16234|Q07352_MLNYSAPSA|0.0
P16234|Q07352_YSAPSAGGC|0.517
P16234|Q07352_KAVGTPAGG|0.0
P16234|Q07352_RHSVTLPSS|0.0
P16234|Q07352_NSSRYKTEL|0.471
P16234|Q07352_ELCRTFHTI|0.0
P16234|Q07352_RTFHTIGFC|0.029
P16234|Q07352_GFCPYGPRC|0.408
P16234|Q07352_ARDLSADRP|0.291
P16234|Q07352_SSSHSGSDS|0.0
P16234|Q07352_SHSGSDSPT|0.0
P16234|Q07352_LPIFSRLSI|0.0
P16234|O95415_GQGDYACGP|0.076
P16234|O95415_HPRVYNIHS|0.001
P16234|O95415_YNIHSRTVT|0.075
P16234|Q8WY22_SYRRTVNTF|0.0
P16234|Q6PL45_TGVKTKPSC|0.0
P16234|Q6PL45_SDRETLRLL|0.0
P16234|Q99856_LFMLYVLVT|0.219
P16234|Q99856_TSITSAAFT|0.0
P16234|Q99856_SFGGSLFAY|0.0
P16234|Q99856_SLFAYSPGG|0.137
P16234|Q99856_AIPITVPGR|0.0
P16234|Q99856_QLPMSIRIN|0.0
P16234|Q99856_RGGNTGTSG|0.0
P16234|Q99856_AGLSTPSTS|0.0
P16234|Q99856_LSTPSTSTS|0.0
P16234|Q99856_TSNNSLP__|0.0
P16234|Q9BX63_PYKAYPSQL|0.035
P16234|Q9BX63_DEGVSEKAE|0.0
P16234|Q9BX63_RHFNYPSTP|0.299
P16234|Q9BX63_STPPSERNG|0.0
P16234|Q9BX63_GTSSTCQDS|0.0
P16234|Q9BX63_TCQDSPEKT|0.0
P16234|Q9BX63_AAKLSAKKQ|0.0
P16234|Q9BX63_VKLNSPLEK|0.0
P16234|Q9BX63_EKINSFSPQ|0.0
P16234|Q9BX63_INSFSPQKP|0.0
P16234|Q9BX63_KQGNSQESS|0.0
P16234|Q9BX63_NSQESSNTI|0.0
P16234|Q9BX63_SQESSNTIK|0.0
P16234|Q9BX63_ESSNTIKKD|0.0
P16234|Q9BX63_GVPMTILSS|0.0
P16234|Q9BX63_TILSSRDHT|0.0
P16234|Q9BX63_VERDYESAC|0.151
P16234|Q9BX63_ISPIYGKEE|0.0
P16234|Q9BX63_SRQKTAVHV|0.0
P16234|Q9BX63_LLQVYYDAI|0.046
P16234|Q9BX63_VLNVSIKDR|0.0
P16234|Q9BX63_PKIITKNSP|0.0
P16234|Q9BX63_VISRSTSPT|0.0
P16234|Q9BX63_TKRVSWSSF|0.0
P16234|Q9BX63_SSFNSLGQY|0.278
P16234|Q9BX63_IPKATPELG|0.0
P16234|Q9BX63_ENSASSPPR|0.0
P16234|Q9BX63_MESKTVLPF|0.0
P16234|Q9BX63_VLPFTDKCE|0.0
P16234|Q9BX63_TVNTSFGSC|0.0
P16234|Q9BX63_DPEDTDEEK|0.0
P16234|Q9BX63_LANNSDCIL|0.0
P16234|Q9BX63_KPSPSKNKG|0.0
P16234|Q13882_SEKPSADYV|0.378
P16234|Q13882_DYVLSVRDT|0.287
P16234|Q13882_AVRHYKIWR|0.384
P16234|Q13882_LLRDSDEKV|0.0
P16234|Q13882_DVYLSHDHN|0.106
P16234|Q13882_LSSFTSYEN|0.443
P16234|Q8WUW1_ANREYIEII|0.322
P16234|Q8WUW1_RRIEYIEAR|0.369
P16234|Q8WUW1_GETLT____|0.004
P16234|Q0VDD7_EETGSPCRL|0.0
P16234|Q0VDD7_PLPPSQNSF|0.0
P16234|Q0VDD7_GTGLSASQR|0.0
P16234|Q0VDD7_ASAISPASP|0.0
P16234|Q0VDD7_GFRVSPQAS|0.0
P16234|Q0VDD7_APLPYPSKG|0.0
P16234|Q0VDD7_LPYPSKGPG|0.0
P16234|Q9HCU9_ERRRSECVS|0.0
P16234|Q9HCU9_EDRQSLDLS|0.0
P16234|Q5PSV4_LDEMSNLEK|0.0
P16234|Q5PSV4_EDRHSIDIT|0.0
P16234|Q5PSV4_IDITSELWN|0.0
P16234|Q5PSV4_KLYISQLQK|0.008
P16234|Q5PSV4_QKGKYSIKH|0.005
P16234|Q5PSV4_KGKYSIKHS|0.0
P16234|Q96NH3_CEKLTVSLS|0.0
P16234|Q96NH3_KLTVSLSDP|0.0
P16234|Q96NH3_ANMNSSEES|0.0
P16234|Q96NH3_IAQFSKKLL|0.0
P16234|Q96NH3_PIDRSCQKS|0.0
P16234|Q96NH3_SCQKSFLAL|0.0
P16234|Q5VW32_VSFNYYGVV|0.422
P16234|Q5VW32_STQESKLRY|0.0
P16234|Q5VW32_KENITEDEA|0.0
P16234|Q5VW32_AEKLYAKAE|0.335
P16234|Q5VW32_NGFIYFQKI|0.001
P16234|Q5VW32_LKANYGLVE|0.304
P16234|Q9BTY7_VLALTGCGP|0.0
P16234|Q9BTY7_GVVGTLRNC|0.0
P16234|Q9ULD4_RRSPSPYSL|0.096
P16234|Q9ULD4_PSPYSLKCS|0.441
P16234|Q9ULD4_SLKCSPTRE|0.0
P16234|Q9ULD4_PTRETLTYA|0.499
P16234|Q9ULD4_CCLQSPSRP|0.0
P16234|Q9ULD4_KVNCYTAFH|0.42
P16234|Q9ULD4_VNCYTAFHV|0.254
P16234|Q9ULD4_AFHVTCAQR|0.0
P16234|Q9ULD4_CEAHSPPGA|0.0
P16234|Q9ULD4_PRSISETGD|0.0
P16234|Q9ULD4_RRLHSHLQS|0.0
P16234|Q9ULD4_RKLESHLYR|0.112
P16234|Q9ULD4_PERGTHLPE|0.0
P16234|Q9ULD4_LDLVSAMRS|0.0
P16234|Q9ULD4_PQPPSLNKT|0.0
P16234|Q9ULD4_SEQESPPEP|0.0
P16234|Q9ULD4_LLEKSPLQL|0.0
P16234|Q9ULD4_INRLSLMAP|0.0
P16234|Q9ULD4_MAPDTPAGT|0.28
P16234|Q9ULD4_TPAGTPLSG|0.0
P16234|Q9ULD4_GTPLSGVGR|0.0
P16234|Q9ULD4_GRRTSVLFK|0.0
P16234|Q9ULD4_KLQRSPDRV|0.003
P16234|Q9ULD4_GVAGSPASP|0.001
P16234|Q9ULD4_SRSCSESEG|0.0
P16234|Q9ULD4_MIHLSRVRG|0.035
P16234|P32247_VWIVSMIFA|0.0
P16234|P32247_MTFESCTSY|0.137
P16234|P32247_FESCTSYPV|0.0
P16234|Q8TDC3_EKRLSLEQI|0.0
P16234|Q8TDC3_KRVDSPMLS|0.013
P16234|Q8TDC3_PERKSMEVL|0.171
P16234|Q8TDC3_MEVLSITDA|0.001
P16234|Q8TDC3_GGGGSPVPT|0.0
P16234|Q8TDC3_SPVPTRRAL|0.0
P16234|Q8TDC3_MAQHSQRSR|0.0
P16234|Q8TDC3_QRSRSVSGA|0.003
P16234|Q8TDC3_GLSSSPLSS|0.004
P16234|Q8TDC3_SPLSSPRSP|0.0
P16234|Q8TDC3_SSPRSPVFS|0.0
P16234|Q8TDC3_SPLHTPRAS|0.0
P16234|Q8TDC3_SIRNSFLGS|0.0
P16234|Q8TDC3_SFLGSPRFH|0.0
P16234|Q8TDC3_MSSLTPESS|0.0
P16234|Q8TDC3_TPESSPELA|0.0
P16234|Q8TDC3_GPEPSPRRD|0.0
P16234|Q8TDC3_APPRSLQPP|0.0
P16234|Q8TDC3_KLLATNGTP|0.25
P16234|Q8TDC3-2_GPPGSPRSS|0.0
P16234|Q8TDC3-2_SFLGSPRFH|0.0
P16234|Q8TDC3-2_MSSLTPESS|0.0
P16234|Q8IWQ3_QHAQYVGPY|0.412
P16234|Q8IWQ3_RSLPSLEDI|0.0
P16234|Q8IWQ3_HGQRSRSIS|0.0
P16234|Q8IWQ3_GLSTSPLSS|0.0
P16234|Q8IWQ3_TSPLSSPRV|0.0
P16234|Q8IWQ3_SPLSSPRVT|0.0
P16234|Q8IWQ3_SPRVTPHPS|0.0
P16234|Q8IWQ3_TPHPSPRGS|0.0
P16234|Q8IWQ3_SPRGSPLPT|0.0
P16234|Q8IWQ3_SPLPTPKGT|0.0
P16234|Q8IWQ3_SPAGTPNPT|0.0
P16234|Q8IWQ3_TPNPTPPSS|0.0
P16234|Q8IWQ3_PTPPSSPSV|0.0
P16234|Q8IWQ3_TPPSSPSVG|0.0
P16234|Q8IWQ3_ARLNSIKNS|0.0
P16234|Q8IWQ3_PEEMSNLTP|0.0
P16234|Q8IWQ3_LTPESSPEL|0.0
P16234|Q8IWQ3_TPESSPELA|0.0
P16234|Q8IWQ3_LAKKSWFGN|0.0
P16234|Q8IWQ3-4_MFSKSLDIA|0.0
P16234|Q8IWQ3-4_GLSTSPLSS|0.0
P16234|Q9BZH6__MLPYTVNF|0.486
P16234|Q9BZH6_KVYISSPHS|0.033
P16234|Q9BZH6_LATATGAKK|0.0
P16234|Q9BZH6_CNRNSRNSS|0.17
P16234|Q9BZH6_SRNSSSGVS|0.0
P16234|Q9BZH6_VSPLYSPVS|0.287
P16234|Q9BZH6_YSPVSFCGI|0.184
P16234|Q9BZH6_SVLVYHLTS|0.403
P16234|Q9BZH6_VYHLTSGLL|0.118
P16234|Q9BZH6_YHLTSGLLH|0.488
P16234|Q9BZH6_LSIHSCEVK|0.331
P16234|Q9BZH6_WDVRTCTLL|0.0
P16234|Q9BZH6_HNLKSLRKK|0.0
P16234|Q9BZH6_YLQTYGEWN|0.492
P16234|Q9BZH6_VNQKSKALL|0.0
P16234|Q9BZH6_VLFASKAGA|0.0
P16234|Q9BZH6_NELESPKEE|0.06
P16234|Q6RI45_AAAPTQIEA|0.0
P16234|Q6RI45_SASITSIQF|0.0
P16234|Q6RI45_PVKFTERSR|0.024
P16234|Q6RI45_ITTGSTDHV|0.0
P16234|Q6RI45_TTGSTDHVI|0.0
P16234|Q6RI45_NRAYSVNGA|0.257
P16234|Q6RI45_GALRSPNMD|0.0
P16234|Q6RI45_LRRHSSQIE|0.0
P16234|Q6RI45_KICSSSDEE|0.0
P16234|Q6RI45_ICSSSDEEN|0.0
P16234|Q6RI45_DELIYFRQG|0.0
P16234|Q6RI45_FSIKYHDMP|0.0
P16234|Q6RI45_LHQFYNEAK|0.011
P16234|Q6RI45_AKIVTDVLL|0.0
P16234|Q6RI45_EERNSTDAE|0.0
P16234|Q6RI45_ERNSTDAEE|0.0
P16234|Q6RI45_AEEDTEIVD|0.0
P16234|Q6RI45_VDLDSDGPG|0.0
P16234|Q6RI45_GNYGSPLEF|0.0
P16234|Q6RI45_NSKAYTSNK|0.002
P16234|Q6RI45_SKAYTSNKK|0.19
P16234|Q6RI45_KAYTSNKKS|0.0
P16234|Q6RI45_SNKKSRIYS|0.007
P16234|Q6RI45_KSRIYSMML|0.0
P16234|Q6RI45_TKEKSHLST|0.0
P16234|Q6RI45_SHLSTSESG|0.0
P16234|Q6RI45_STSESGELG|0.0
P16234|Q6RI45_GELGSSLSS|0.0
P16234|Q6RI45_ELGSSLSSE|0.002
P16234|Q6RI45_YNDDSDNDN|0.0
P16234|Q96G97_YGQPYRVTL|0.493
P16234|Q96G97_LHYRSDLLQ|0.01
P16234|Q96G97_EVELYADYR|0.476
P16234|Q96G97_LYGAYLRIH|0.325
P16234|Q96G97_RHRFSLQVN|0.017
P16234|Q9NW68_WLQQSYQAV|0.0
P16234|Q9NW68_VKEKSSEAL|0.0
P16234|Q9NW68_KRDLTEFTQ|0.0
P16234|Q9NW68_LTEFTQVVQ|0.0
P16234|Q9NW68_TLMGTPSGT|0.0
P16234|Q9NW68_ISPISPKEA|0.0
P16234|Q9NW68_PGPQSPCEE|0.0
P16234|Q9NW68_PKDLSQKLL|0.0
P16234|Q9NW68_LLEASLEEQ|0.0
P16234|Q9NW68_ETGPSPPIH|0.0
P16234|Q9NW68_SKPLTPAGH|0.0
P16234|Q9NW68_PAGHTGGPE|0.0
P16234|Q9NW68_FELNSDSGK|0.0
P16234|Q9NW68_LNSDSGKST|0.0
P16234|Q9NW68_DSGKSTPSN|0.0
P16234|Q9NW68_SGKSTPSNN|0.0
P16234|Q9NW68_KSTPSNNGK|0.0
P16234|Q9NW68_KGSSTDISE|0.0
P16234|Q9NW68_STDISEDWE|0.0
P16234|Q9NW68_DLDMTEEEV|0.0
P16234|P35613_KILLTCSLN|0.0
P16234|P35613_KAVKSSEHI|0.0
P16234|P35613_NEGETAMLV|0.0
P16234|P35613_DPGQYRCNG|0.193
P16234|P35613_SSKGSDQAI|0.0
P16234|P35613_QAIITLRVR|0.0
P16234|P35613-4_QSDASPQER|0.0
P16234|Q9UPA5_PGHESPRET|0.0
P16234|Q9UPA5_TAPRSKSQQ|0.007
P16234|Q9UPA5_QQLHSPALS|0.0
P16234|Q9UPA5_SPALSPAHS|0.0
P16234|Q9UPA5_SPAHSPAKQ|0.0
P16234|Q9UPA5_HKVGSSMRP|0.0
P16234|Q9UPA5_GLAPSERSK|0.0
P16234|Q9UPA5_PHSLSITPE|0.0
P16234|Q9UPA5_SLSITPEAF|0.0
P16234|Q9UPA5_RRFKTIELN|0.0
P16234|Q9UPA5_DSSPSRRQR|0.0
P16234|Q9UPA5_TIEDSSEEE|0.0
P16234|Q9UPA5_IEDSSEEEE|0.0
P16234|Q9UPA5_QRIRSTARK|0.0
P16234|Q9UPA5_TARKTRRDK|0.0
P16234|Q9UPA5_PSNLSPIED|0.0
P16234|Q9UPA5_IEDASPTEE|0.0
P16234|Q9UPA5_EILQTSQSI|0.0
P16234|Q9UPA5_GGPLTPGTS|0.0
P16234|Q9UPA5_LKLHSSPAS|0.0
P16234|Q9UPA5_KLHSSPASP|0.0
P16234|Q9UPA5_SSPASPSSA|0.0
P16234|Q9UPA5_LSPSSPSES|0.0
P16234|Q9UPA5_FMVITLASD|0.283
P16234|Q9UPA5_SVPGTSRVE|0.0
P16234|Q9UPA5_VPGTSRVEP|0.001
P16234|Q9UPA5_GTVTTLLPE|0.0
P16234|Q9UPA5_EQRPYPQGL|0.321
P16234|Q9UPA5_PGRLYSSMS|0.017
P16234|Q9UPA5_YSSMSDTNL|0.005
P16234|Q9UPA5_SMSDTNLAE|0.0
P16234|Q9UPA5_AGLNYHAQR|0.232
P16234|Q9UPA5_RRYSSVSNI|0.176
P16234|Q9UPA5_SLAQYSATT|0.0
P16234|Q9UPA5_LAQYSATTA|0.0
P16234|Q9UPA5_EASRSGIKK|0.0
P16234|Q9UPA5_IADSSVQTD|0.0
P16234|Q9UPA5_SSVQTDDED|0.0
P16234|Q9UPA5_ITAATDPKV|0.0
P16234|Q9UPA5_EIVRYISAP|0.003
P16234|Q9UPA5_LEIGYQAHL|0.093
P16234|Q9UPA5_SQLVSRQPP|0.0
P16234|Q9UPA5_QVLYSPVSP|0.0
P16234|Q9UPA5_YSPVSPLSP|0.0
P16234|Q9UPA5_VSPLSPHRL|0.0
P16234|Q9UPA5_KAHVSPQKH|0.0
P16234|Q9UPA5_LRQQTLPRP|0.0
P16234|Q9UPA5_QRSLSDPKP|0.0
P16234|Q9UPA5_PKPLSPTAE|0.0
P16234|Q9UPA5_LTGPTTVPA|0.0
P16234|Q9UPA5_PTGHYAGQT|0.164
P16234|Q9UPA5_DSTSTAPDS|0.0
P16234|Q9UPA5_TAPDSQRLE|0.0
P16234|Q9UPA5_LGPGSSGRP|0.0
P16234|Q9UPA5_GPGSSGRPG|0.0
P16234|Q9UPA5_GEEESEEDS|0.0
P16234|Q9UPA5_SEEDSYDPR|0.102
P16234|Q9UPA5_EEDSYDPRG|0.259
P16234|Q9UPA5_PKHPSKSLA|0.0
P16234|Q9UPA5_ISKFSPIEE|0.0
P16234|Q9UPA5_YHHASDSKK|0.199
P16234|Q9UPA5_HASDSKKGS|0.0
P16234|Q8WZ55_PQPPYVRLW|0.538
P16234|Q8WZ55_EEAAYDQSL|0.322
P16234|Q5W0U4_QRAVSMASA|0.0
P16234|Q5W0U4_IQRLSLVRS|0.0
P16234|Q5W0U4_KCTRSPLLT|0.0
P16234|Q5W0U4_RKTLTFSTK|0.0
P16234|Q5W0U4_TLTFSTKKS|0.0
P16234|Q5W0U4_STKKSKACA|0.0
P16234|Q10588_CINDYRPVK|0.448
P16234|Q10589__MASTSYDY|0.414
P16234|Q10589_LQDASAEVE|0.0
P16234|Q3C1V8_EIQRYLSTP|0.0
P16234|Q3C1V8_QLRKSQDEP|0.0
P16234|Q3C1V8_GELGSGPHV|0.002
P16234|Q9H0C5_PPPPSPSSL|0.0
P16234|Q9H0C5_LCLDTIDKS|0.0
P16234|Q9H0C5_GKALSLIRF|0.0
P16234|Q9H0C5_RIRFTVNRR|0.0
P16234|Q9H0C5-2_MGQLTHSGS|0.604
P16234|Q9BSF8_YDGNSSDPE|0.0
P16234|Q9BSF8_DGNSSDPEN|0.0
P16234|Q9BSF8_LHGASGGHE|0.0
P16234|Q9BSF8_DRRRSSDRS|0.0
P16234|Q9BSF8_SRDSSHERT|0.0
P16234|Q9BSF8_PQKASPNGS|0.0
P16234|Q9BSF8_MVFVYENAK|0.242
P16234|Q9BSF8_DVAKSVLKE|0.0
P16234|A6QL63_SRHNSFDTV|0.193
P16234|A6QL63_NSFDTVNTA|0.187
P16234|A6QL63_DTVNTALVE|0.214
P16234|A6QL63_LLLRSRDPR|0.0
P16234|A6QL63_RCGLTFSVG|0.0
P16234|A6QL63_RRSFSMDSD|0.067
P16234|A6QL63_KEFKTIQEE|0.0
P16234|A6QL63_CVIFTHCYG|0.388
P16234|A6QL63_FTHCYGPYP|0.561
P16234|A6QL63_GYVKYSIFQ|0.49
P16234|A6QL63_MQYLYYGGP|0.495
P16234|A6QL63_QYLYYGGPE|0.504
P16234|A6QL63_GGPESLLIK|0.009
P16234|Q96BF6_LLGLYCDVS|0.0
P16234|Q96BF6_YCDVSIVVK|0.003
P16234|Q96BF6_PRVSYYGVP|0.16
P16234|Q96BF6_RVSYYGVPS|0.049
P16234|Q96BF6_YGVPSLATL|0.0
P16234|Q96BF6_ALPASLISQ|0.0
P16234|Q96BF6_FDRNTLANS|0.0
P16234|Q96BF6_GDAATIVAL|0.001
P16234|Q96BF6_ADGQSPPQP|0.0
P16234|Q96BF6_GGGPSRPQT|0.0
P16234|Q96BF6_SRPQTPAAA|0.0
P16234|Q96BF6_PEGTYAGTL|0.278
P16234|Q96BF6_TYAGTL___|0.002
P16234|Q32M84_DPLVTKVAF|0.0
P16234|Q32M84_KFGLTTSSC|0.0
P16234|Q32M84_FGLTTSSCK|0.0
P16234|Q32M84_GLTTSSCKS|0.0
P16234|Q32M84_LTTSSCKSH|0.0
P16234|A6NE02_LATKYGVSS|0.296
P16234|A6NE02_VTPASSGGD|0.0
P16234|B2RXH4_KTGGSRKRS|0.0
P16234|B2RXH4_VVQETPLKN|0.0
P16234|B2RXH4_PLKNTQDSP|0.0
P16234|B2RXH4_EYRITSAAA|0.0
P16234|B2RXH4_YRITSAAAT|0.0
P16234|Q9Y2F9_VKNRSKKSS|0.0
P16234|Q9Y2F9_RSKKSSKKA|0.0
P16234|Q9Y2F9_SKKSSKKAN|0.0
P16234|Q9Y2F9_KANTSSSSS|0.0
P16234|Q9Y2F9_ANTSSSSSN|0.0
P16234|Q9Y2F9_NTSSSSSNS|0.0
P16234|Q9Y2F9_TSSSSSNSS|0.0
P16234|Q9Y2F9_SSSSSNSSK|0.0
P16234|Q9Y2F9_SSSNSSKLP|0.0
P16234|Q9Y2F9_SSNSSKLPP|0.0
P16234|Q9Y2F9_GKALYLIRI|0.0
P16234|Q9Y2F9_SSCGSAEYS|0.288
P16234|Q9Y2F9_GSAEYSAKI|0.023
P16234|Q9Y2F9_GQNLSKYFS|0.0
P16234|Q96KE9_CCRPTLRER|0.003
P16234|Q9P203_KKKRTSGLA|0.0
P16234|Q9P203_KSNRSADHA|0.0
P16234|Q9P203_RTLRTPTRI|0.0
P16234|Q9P203_LRTPTRIIL|0.0
P16234|Q9P203_LKWSSHPYG|0.0
P16234|Q9P203_GTAHSVNKR|0.0
P16234|Q9P203_STPPSDMLP|0.0
P16234|Q9P203_DMLPTTEGG|0.0
P16234|Q9P203_GEGATVSYE|0.0
P16234|Q9P203_GATVSYEIQ|0.0
P16234|Q9P203_ATVSYEIQI|0.0
P16234|Q9P203_SRSFSYPCN|0.0
P16234|Q9P203_PPPVYLPSV|0.0
P16234|Q9P203_YPDFYDFSN|0.011
P16234|Q9P203_ACRPSTPAL|0.0
P16234|Q9P203_LSRRTPSPS|0.0
P16234|Q9P203_TPSPSQGGY|0.0
P16234|Q9P203_PENASTGPA|0.0
P16234|Q9P203_ENASTGPAH|0.0
P16234|Q9P203_PNRPSLSAC|0.0
P16234|Q9P203_RPSLSACSS|0.0
P16234|Q9P203_EREDSISRG|0.0
P16234|Q9P203_RGRRSPSKP|0.0
P16234|Q5XKL5_ECWSYLSTN|0.406
P16234|Q5XKL5_WSYLSTNKK|0.331
P16234|Q5XKL5_GKPKTVTKS|0.007
P16234|Q5XKL5_PKTVTKSKT|0.0
P16234|Q5XKL5_TKSKTENGD|0.001
P16234|Q5XKL5_VVERSATAA|0.309
P16234|Q5XKL5_TGKDSPCLS|0.0
P16234|Q5XKL5_SFCDSPGQM|0.353
P16234|Q5XKL5_VKNSTVAIK|0.0
P16234|Q5XKL5_VAIKSRPVS|0.0
P16234|Q5XKL5_SRPVSRVTN|0.325
P16234|Q5XKL5_KTQGSQGES|0.006
P16234|Q5XKL5_SSRQSDENV|0.383
P16234|Q5XKL5_NSKFYSTTA|0.36
P16234|Q5XKL5_GTLNSAQED|0.0
P16234|Q5XKL5_PSKLSDESA|0.0
P16234|Q5XKL5_LSDESAMDE|0.0
P16234|Q5XKL5_SEKNSPKNM|0.622
P16234|Q5XKL5_DAGGSQDDD|0.0
P16234|Q5XKL5_MKKQSNNDL|0.0
P16234|Q5XKL5_EKKNTIDVL|0.0
P16234|Q5XKL5_LSSRSRQLL|0.0
P16234|Q96Q07_MDLNYRGML|0.386
P16234|Q96Q07_ENIATMKYG|0.0
P16234|Q96Q07_RVCRYIRIV|0.258
P16234|Q96Q07_TGDTSLAGQ|0.0
P16234|Q96Q07_PSGSSLPSS|0.0
P16234|Q96Q07_SSLPSSPGS|0.0
P16234|Q96Q07_SLPSSPGSN|0.0
P16234|Q96Q07_SSPGSNSRS|0.0
P16234|Q96Q07_PGSNSRSPN|0.0
P16234|Q96Q07_SNSRSPNRQ|0.0
P16234|P43251_FLRKSRLSS|0.0
P16234|P43251_KSRLSSGLV|0.0
P16234|P43251_SGLVTAALY|0.0
P16234|P43251_TAALYGRLY|0.073
P16234|P20290_GGEATLSQP|0.0
P16234|P20290_GGKGTARRK|0.003
P16234|P20290_VVHRTATAD|0.0
P16234|P20290_HRTATADDK|0.0
P16234|P20290_KLQFSLKKL|0.0
P16234|P20290_EMLPSILNQ|0.032
P16234|P20290_LGADSLTSL|0.0
P16234|P20290_DSLTSLRRL|0.0
P16234|P20290_APLATGEDD|0.0
P16234|Q96K17_GGKGTARRK|0.0
P16234|Q96K17_VVHRTATAD|0.0
P16234|Q96K17_HRTATADDK|0.0
P16234|P62324_RIGLSSQEL|0.02
P16234|P62324_RLLPSELTL|0.0
P16234|P62324_DSRISCKEE|0.0
P16234|P62324_MMTVSG___|0.0
P16234|Q14201_VFFFTRLVR|0.0
P16234|Q14201_GSSSSDEET|0.0
P16234|Q14201_DEETSKEME|0.0
P16234|Q14201_TAAASPVYQ|0.0
P16234|Q14201_ASPVYQISE|0.0
P16234|Q14201_HQNHYPPPV|0.004
P16234|Q14201_VPFGYPNQG|0.414
P16234|Q9NY30_VFFVTRLVK|0.0
P16234|Q06187_KLSYYEYDF|0.491
P16234|Q06187_MEQISIIER|0.32
P16234|Q06187_LKPGSSHRK|0.0
P16234|Q06187_SHRKTKKPL|0.0
P16234|Q06187_GQEGYIPSN|0.417
P16234|Q06187_SIEMYEWYS|0.519
P16234|Q06187_KYTVSVFAK|0.539
P16234|Q06187_VIRHYVVCS|0.61
P16234|Q06187_STPQSQYYL|0.481
P16234|Q06187_PQSQYYLAE|0.429
P16234|Q06187_QSQYYLAEK|0.436
P16234|Q06187_HQHNSAGLI|0.0
P16234|Q06187_AGLISRLKY|0.02
P16234|Q06187_SRLKYPVSQ|0.515
P16234|Q06187_KYPVSQQNK|0.508
P16234|Q06187_LVQLYGVCT|0.484
P16234|Q06187_DFGLSRYVL|0.243
P16234|Q06187_DDEYTSSVG|0.406
P16234|Q06187_DEYTSSVGS|0.426
P16234|Q06187_PVRWSPPEV|0.012
P16234|Q06187_YERFTNSET|0.304
P16234|Q7Z6A9_TRQNSQVLL|0.0
P16234|Q7Z6A9_KEAPTEYAS|0.102
P16234|Q13410_RKKVSPAVL|0.388
P16234|Q13410_EIPLSPMGE|0.0
P16234|Q7KYR7_TTFVSKDIS|0.007
P16234|Q7KYR7_ISRGSVALV|0.0
P16234|Q7KYR7_DLFLSEDRR|0.0
P16234|Q7KYR7_TCPRSAFSV|0.0
P16234|Q7KYR7_HRVGTHQSL|0.207
P16234|Q7KYR7_GTHQSL___|0.03
P16234|Q8WVV5_YRALSSPER|0.0
P16234|Q8WVV5_RALSSPERI|0.0
P16234|Q8WVV5_HRVGTHQSL|0.187
P16234|Q8WVV5_GTHQSL___|0.003
P16234|Q96KV6_TFPHSAFSV|0.184
P16234|O00481_LRWRSIQYA|0.0
P16234|O00481_GERHSAYNE|0.0
P16234|O00481_DGNKYRTLT|0.244
P16234|O00478_KEMGYAATE|0.081
P16234|O00478_EQEISLREK|0.0
P16234|O00478_RKIQYMARG|0.079
P16234|O00478_ETPLTPGLA|0.0
P16234|O00478_TEALY____|0.247
P16234|Q9UIR0_GVEVTEMQM|0.0
P16234|Q9UIR0_QMEEYRGWV|0.413
P16234|Q9UIR0_EKLQTELAS|0.0
P16234|Q9UIR0_TELASLKVN|0.0
P16234|Q9UIR0_VNGPSQPIL|0.0
P16234|Q6UX41_ISSQSYYQK|0.102
P16234|Q6UX41_SSQSYYQKA|0.035
P16234|Q6UX41_SQSYYQKAI|0.057
P16234|Q6UX41-2_AGTGSEMLP|0.0
P16234|Q6UX41-6_ALMLSLVLS|0.0
P16234|Q9Y297_QRKLSASYE|0.0
P16234|Q9Y297_LVEHSGRVF|0.0
P16234|Q9Y297_PRSPSRTYT|0.274
P16234|Q9Y297_SPSRTYTYI|0.0
P16234|Q9Y297_PSRTYTYIS|0.4
P16234|Q9Y297_SRTYTYISR|0.365
P16234|Q9Y297_RTYTYISR_|0.411
P16234|Q9Y297_YTYISR___|0.357
P16234|O43683_AHMQSYKGN|0.104
P16234|O43683_EYLITLLEH|0.0
P16234|O43683_GSELSGVIS|0.0
P16234|O43683_SKSEYSVHS|0.008
P16234|O43683_KSEYSVHSS|0.0
P16234|O43683_VSPATSQSI|0.0
P16234|O43683_FAVASKDAG|0.0
P16234|O43683_CVNKSTHEF|0.0
P16234|O43683_KVANTSSFH|0.385
P16234|O43683_ANTSSFHTT|0.0
P16234|O43683_SFHTTPNTS|0.0
P16234|O43683_TTPNTSLGM|0.0
P16234|O43683_FQAPTLPDI|0.0
P16234|O43683_NKENYGLPQ|0.426
P16234|O43683_FGERSVSRL|0.0
P16234|O43683_PGDFTSAAQ|0.0
P16234|O43683_ATLDSCEEN|0.0
P16234|O43683_MVVPSRDGK|0.0
P16234|O43683_SSHMYSASL|0.0
P16234|O43683_IKPKTEFQL|0.0
P16234|O43683_VGELYSYGT|0.0
P16234|O43683_GELYSYGTL|0.003
P16234|O60566_SEAMSLEGD|0.0
P16234|O60566_GRIMSTLQG|0.0
P16234|O60566_RIMSTLQGA|0.0
P16234|O60566_ACNNTLQQQ|0.0
P16234|O60566_RAFEYEIRF|0.231
P16234|O60566_DRYISWTEQ|0.001
P16234|O60566_AELKSKGKK|0.0
P16234|O60566_KGKKTARAP|0.163
P16234|O60566_GPWNTGRSL|0.0
P16234|O60566_NTGRSLEHR|0.0
P16234|O60566_HILSTRKPG|0.0
P16234|O60566_QRVQSHQQA|0.0
P16234|O60566_KEKIYAGVG|0.0
P16234|O60566_QQEETMPTK|0.0
P16234|O60566_EQPHSKGPS|0.0
P16234|O60566_FRNVTICPN|0.0
P16234|O60566_KDLPSDPER|0.0
P16234|O60566_CGTIYSQTL|0.0
P16234|O60566_ATHSSGFSG|0.0
P16234|O60566_KLELTNETS|0.0
P16234|O60566_GNEDYCIKR|0.352
P16234|O60566_VIKVSSQPV|0.0
P16234|O60566_HGDLSPRCL|0.0
P16234|O43684_FLLVSSWDT|0.0
P16234|O43684_VPANSMRLK|0.0
P16234|O43684_HDLNTDQEN|0.0
P16234|O43684_WDPRTPCNA|0.0
P16234|O43684_CNAGTFSQP|0.0
P16234|O43684_PEKVYTLSV|0.347
P16234|O43684_VYTLSVSGD|0.001
P16234|O43684_KSPCT____|0.0
P16234|Q9BRD0_RGSESGRKR|0.0
P16234|Q9BRD0_DDDVSWTAI|0.0
P16234|Q9BRD0_HDSDTSPPR|0.162
P16234|Q9BRD0_SSDTSPPRR|0.0
P16234|Q9BRD0_NSPDTSRRT|0.0
P16234|Q9BRD0_GSSDTQQLR|0.0
P16234|Q9BRD0_APNVTYSLP|0.002
P16234|Q9BRD0_PNVTYSLPR|0.291
P16234|Q9BRD0_SSKTSPHWK|0.0
P16234|Q9BRD0_ESGASHLSF|0.0
P16234|Q9BRD0_ASHLSFPKN|0.0
P16234|Q9BRD0_KNSKYEYDP|0.362
P16234|Q9BRD0_DSDLSSPRH|0.0
P16234|Q9BRD0_RHKQSPGHQ|0.0
P16234|Q9BRD0_GHQDSDSDL|0.0
P16234|Q9BRD0_QDSDSDLSP|0.0
P16234|Q9BRD0_PRHRSSDSD|0.0
P16234|Q9BRD0_RHRSSDSDL|0.0
P16234|Q9BRD0_RSSDSDLSP|0.0
P16234|Q9BRD0_RRQRTKSSD|0.0
P16234|Q9BRD0_QRTKSSDSD|0.0
P16234|Q9BRD0_RTKSSDSDL|0.0
P16234|Q9BRD0_KSSDSDLSP|0.0
P16234|Q9BRD0_AAHMYSGAK|0.435
P16234|Q9BRD0_AHMYSGAKT|0.061
P16234|Q9BRD0_AEFQYAETV|0.133
P16234|Q9BRD0_EELAYKWSV|0.346
P16234|P41223_KKQGYENLC|0.002
P16234|P41223_TNFGTNCIC|0.0
P16234|Q8NE79___MNYTESS|0.419
P16234|Q8NE79_YTESSPLRE|0.066
P16234|Q8NE79_LHNIYPCAF|0.0
P16234|P53004_YMKMTVCLE|0.341
P16234|P53004_VCLETEKKS|0.0
P16234|P53004_TEKKSPLSW|0.0
P16234|P53004_FHFKSGSLE|0.0
P16234|Q9H7B2_LKKPYGVLY|0.174
P16234|Q9H7B2_FSKKSDCSL|0.0
P16234|Q9H7B2_KSDCSLFMF|0.0
P16234|Q9H7B2_FMFGSHNKK|0.0
P16234|Q9H7B2_IGRMYDYHV|0.172
P16234|Q9H7B2_VTEDYRRLK|0.001
P16234|Q9H7B2_RRLKSLLID|0.0
P16234|Q9H7B2_NGKIYFRSY|0.0
P16234|Q9H7B2_EMGPSLDLV|0.0
P16234|Q9H7B2_SDDLYKLSM|0.233
P16234|Q9H7B2_KKNISHDTF|0.0
P16234|Q9H7B2_FGTTYGRIH|0.255
P16234|Q8TDN6_KRHATAEEV|0.0
P16234|Q8TDN6_KQDLYMWLS|0.098
P16234|Q8TDN6_ELPHYALLK|0.29
P16234|Q8TDN6_DVFVTPAEE|0.0
P16234|Q9H9Y2_NSHVYYRRG|0.435
P16234|Q9H9Y2_NQRDYIFFR|0.187
P16234|Q9H9Y2_KYGEYEWVH|0.396
P16234|Q13895_RGRGTGEAE|0.0
P16234|Q13895_AEEEYVGPR|0.389
P16234|Q13895_RERTTRLGP|0.0
P16234|Q13895_DVAEYKRLN|0.0
P16234|Q9NVA1_LKPHSPTYN|0.0
P16234|O95153_SFPETEEKV|0.221
P16234|O95153_LRVVSAPLP|0.0
P16234|O95153_PRPGTSLEL|0.0
P16234|O95153_RPGTSLELC|0.105
P16234|O95153_CTPKSSEPA|0.0
P16234|O95153_TPKSSEPAP|0.0
P16234|O95153_PAPATLTGV|0.0
P16234|O95153_VSCPSPHPS|0.001
P16234|O95153_APPASPSRE|0.0
P16234|O95153_PASPSREMA|0.0
P16234|O95153_PASSSTQGA|0.0
P16234|O95153_ASSSTQGAR|0.0
P16234|O95153_HGRNSDLSD|0.0
P16234|O95153_LGSRTCSFQ|0.0
P16234|O95153_NGAKSQPDP|0.009
P16234|O95153_QCPLSPESS|0.0
P16234|O95153_EGPRTGLEA|0.0
P16234|O95153_GLEASGRGR|0.0
P16234|O95153_RLGPSRRCS|0.0
P16234|O95153_KEPLSRATE|0.0
P16234|Q5TGU0_QTAIYSVVG|0.459
P16234|Q7L1Q6_KEGVSAAFA|0.0
P16234|Q7L1Q6_AVAASLRKV|0.0
P16234|Q7L1Q6_LRKVSMDNR|0.0
P16234|Q7L1Q6_ANKQSVEHF|0.0
P16234|Q7L1Q6_HFTKYFTEA|0.376
P16234|Q7L1Q6_ELSEYVRNQ|0.031
P16234|Q7L1Q6_AKGKSVFLE|0.0
P16234|Q9Y6E2_KPVLTGQRF|0.0
P16234|Q9Y6E2_VFRDTLVQG|0.353
P16234|Q9Y6E2_DSTGSRLDY|0.0
P16234|Q9Y6E2_KDANSVTSS|0.0
P16234|Q9Y6E2_ANSVTSSLR|0.0
P16234|Q9Y6E2_VNRQSVDHF|0.179
P16234|Q9Y6E2_LKELSDFLR|0.0
P16234|Q9Y6E2_QERLSQECP|0.0
P16234|Q9Y6E2_AKGKSVFLD|0.0
P16234|P49715_RPPMSSHLQ|0.005
P16234|P49715_DLRASGGSG|0.0
P16234|P49715_VEQLSRELD|0.098
P16234|P17676_GELGSIGDH|0.001
P16234|P17676_KPAEYGYVS|0.44
P16234|P17676_AEYGYVSLG|0.449
P16234|P17676_YGYVSLGRL|0.225
P16234|P17676_AYLGYQAVP|0.397
P16234|P17676_QAVPSGSSG|0.0
P16234|P17676_SGSLSTSSS|0.0
P16234|P17676_STSSSSSPP|0.0
P16234|P17676_TSSSSSPPG|0.0
P16234|P17676_PTACYAGAA|0.35
P16234|P17676_APAPSQVKS|0.0
P16234|P49716_PDRGSPEYR|0.0
P16234|P49716_KQLPSPPFL|0.0
P16234|Q15744_AFPHYLPPD|0.41
P16234|Q15744_GPGIYSSPG|0.275
P16234|Q15744_PGIYSSPGS|0.0
P16234|Q15744_GIYSSPGSY|0.011
P16234|Q15744_APPCSPLLK|0.0
P16234|Q15744_LKAPSPAGP|0.0
P16234|Q15744_DSLEYRLRR|0.0
P16234|P53567_MDRNSDEYR|0.261
P16234|Q03701_KENSSKKEV|0.0
P16234|Q03701_PEPHSDENG|0.0
P16234|Q03701_NGSTTPKVK|0.0
P16234|Q03701_YSNEYSLKP|0.395
P16234|Q03701_AQKLYQHEI|0.011
P16234|Q03701_KAIVSSGTL|0.0
P16234|Q03701_EQLSSGNKD|0.0
P16234|Q03701_NKLITVYFC|0.375
P16234|Q03701_LITVYFCFF|0.156
P16234|Q03701_KDVESKMLS|0.122
P16234|Q03701_TVPETDVET|0.0
P16234|Q03701_AKEESQIPV|0.0
P16234|Q03701_KRKGTDDFD|0.0
P16234|Q03701_LNDSSLFVS|0.0
P16234|Q8TEF2_LSLHSFRHG|0.0
P16234|Q8N326___MESLQTP|0.0
P16234|Q5SQS8_QVNVSKHIE|0.013
P16234|Q5SQS8_RFTRSSFLS|0.0
P16234|B7Z368_LRRASGVGS|0.0
P16234|Q5T742_LYSIYRKGT|0.233
P16234|A4QN01_QQMWYIWYG|0.0
P16234|A4QN01_WYIWYGGLD|0.0
P16234|Q8N6V4-3_RTTSSSRLT|0.0
P16234|Q8N6V4-3_SSRLTFHQL|0.159
P16234|Q5T681_KNFLTQREN|0.0
P16234|Q8IYJ2_MRGSTRLNI|0.0
P16234|Q9H8K7_VHMRSVFAN|0.022
P16234|Q9H8K7_DKVQTIMES|0.0
P16234|Q9H8K7_GSKLSPGAQ|0.0
P16234|Q9H8K7_KSSSTPFPF|0.0
P16234|Q9H8K7_KLMDYIDQR|0.0
P16234|Q9H8K7_QNPNSPPTG|0.0
P16234|Q9H8K7_NSPPTGIPL|0.0
P16234|Q9H8K7_PLRHYDSGE|0.0
P16234|Q9H8K7_RHYDSGERL|0.0
P16234|Q9H8K7_GERLSNGER|0.001
P16234|Q96M02_ERRKYWVTH|0.101
P16234|Q96M02_DDKETSFSP|0.0
P16234|Q96M02_FSPDTPLSG|0.0
P16234|Q96M02_YVDKSLSVP|0.396
P16234|Q96M02_DKSLSVPIE|0.0
P16234|Q96M02_PQIASPKMH|0.0
P16234|Q96M02_DSSPSDDCL|0.0
P16234|Q96M02_ECKKSEDPT|0.011
P16234|Q96M02_EDPTTPEPS|0.0
P16234|Q96M02_DGAGSPGLS|0.0
P16234|Q96M02_LPIRTSKKQ|0.0
P16234|Q96M02_KKQFTIPHP|0.0
P16234|Q96M02_MHMRSKRIY|0.188
P16234|Q96M02_SKRIYDNLP|0.25
P16234|Q9H7T3_EGDKSGSAG|0.0
P16234|Q9H7T3_GAAWSARGA|0.0
P16234|Q9H7T3_RTAPTPAPT|0.433
P16234|Q9H7T3_TPAPTCASP|0.0
P16234|Q9H7T3_PTCASPSAA|0.0
P16234|Q6UWK7_LLVLSSLLC|0.0
P16234|Q6UWK7_LLCFSIFST|0.0
P16234|Q6UWK7_FSIFSTEGK|0.0
P16234|Q6UWK7_SIFSTEGKR|0.0
P16234|Q9H5F2_RYKCTEKST|0.008
P16234|Q9H5F2_YMNSYSKP_|0.0
P16234|Q9H5F2_MNSYSKP__|0.0
P16234|Q96F05_KRNASVETV|0.0
P16234|Q96F05_DTSRTDVSE|0.0
P16234|Q96F05_RTDVSEPAT|0.0
P16234|Q96F05_ALPRTATLA|0.0
P16234|Q96F05_ATLATRAQT|0.0
P16234|Q96F05_TTANTSSPM|0.0
P16234|Q96F05_TANTSSPMS|0.0
P16234|Q96F05_ANTSSPMST|0.0
P16234|Q96F05_SPMSTRPSP|0.004
P16234|Q96F05_KKKDYTQVD|0.438
P16234|Q96F05_INGMYADSE|0.013
P16234|Q8WZ69_NHPLTVPSS|0.0
P16234|Q8WZ69_ISWISAPLP|0.0
P16234|Q8N5U0_DATWTLIKD|0.001
P16234|Q8TAV5_QVTPTGRSA|0.005
P16234|Q96A22_KGHETTGHT|0.0
P16234|Q96A22_GHETTGHTY|0.0
P16234|Q96A22_TTGHTYERV|0.004
P16234|Q96A22_TGHTYERVL|0.0
P16234|Q96A22_MSEDSNLHY|0.0
P16234|Q96A22_SNLHYADIQ|0.0
P16234|Q96A22_IQVCSRPHA|0.0
P16234|Q96A22_LENATEYAT|0.0
P16234|Q96A22_TEYATLRFP|0.0
P16234|Q96A22_FPQATPRYD|0.0
P16234|Q9H0W9_FHVPSLEEL|0.0
P16234|Q9H0W9_ICGKTRIAE|0.0
P16234|Q9H0W9_EGGHYHYDT|0.234
P16234|Q9H0W9_GHYHYDTTP|0.329
P16234|Q8NCR3_PDDTYYENV|0.276
P16234|Q8NCR3_PDSTYGL__|0.228
P16234|Q6IPW1_SRVAYRSSH|0.272
P16234|Q6IPW1_QARFSPYPI|0.0
P16234|Q6IPW1_RFSPYPIPA|0.0
P16234|Q8NBR9_STLMSSPRS|0.0
P16234|Q8NBR9_TLMSSPRSL|0.0
P16234|Q8NBR9_ALWTSPPPG|0.0
P16234|Q8NBR9_LQPPYNRPY|0.006
P16234|Q8N6T0_AAPLTPRGR|0.0
P16234|Q8N6T0-4_AAGGYPSTG|0.0
P16234|Q8N6T0-4_GGYPSTGRC|0.0
P16234|Q8N6T0-4_GYPSTGRCR|0.0
P16234|Q8N6T0-4_GMEGTAVAV|0.0
P16234|A6NJI1_TGLRSQSLR|0.0
P16234|A6NJI1_LRSQSLREP|0.0
P16234|A6NJI1_RRALSLRQG|0.0
P16234|Q3C1V1_SGLASIPYE|0.0
P16234|Q3C1V1_ASIPYEPLR|0.0
P16234|E9PRG8_NITLSGKKR|0.0
P16234|Q8N999_KRLGSVQRK|0.0
P16234|Q8N999_DADIYSAIP|0.0
P16234|Q9NQ89_MLLHSLPCF|0.0
P16234|Q9NQ89_AAVKSGEVD|0.0
P16234|Q9NQ89_QFRESVEAI|0.0
P16234|Q9NQ89_IGRIYEEQR|0.0
P16234|Q9NQ89_ESLDSGNQN|0.0
P16234|Q86WS4_SKMKSLGVL|0.0
P16234|Q86WS4_LGVLSPVKN|0.0
P16234|Q86WS4_NSAVSLDIL|0.0
P16234|Q86WS4_ILNLYMVNQ|0.0
P16234|Q86WS4_VNQISCKKK|0.0
P16234|Q86WS4_HCVPSKLCL|0.003
P16234|Q86WS4_VELPSNRHI|0.0
P16234|Q86WS4_SMGDTCVVT|0.001
P16234|Q96LP6_DDIQSRLLG|0.0
P16234|Q96LP6_KHPHTPRDR|0.0
P16234|Q96C57_GAANSQLST|0.0
P16234|Q96C57_NSQLSTSQP|0.0
P16234|Q96C57_QLSTSQPSL|0.0
P16234|Q96C57_NELQTTPEF|0.0
P16234|Q96C57_EAAVSASDI|0.0
P16234|Q96C57_KKVASVDSA|0.0
P16234|Q96C57_ASVDSAVAA|0.0
P16234|Q96C57_AVAATTPTS|0.0
P16234|Q96C57_GDQVSLGTK|0.0
P16234|Q96C57_VSLGTKKKK|0.0
P16234|Q96C57_AKKASETSP|0.0
P16234|Q96C57_KASETSPFP|0.0
P16234|Q96C57_ASETSPFPP|0.0
P16234|Q8NA57_DNKDSPHPK|0.0
P16234|Q8NA57_HPKHSLTTR|0.0
P16234|Q8NA57_KHSLTTRLV|0.0
P16234|Q8NA57_HSLTTRLVP|0.0
P16234|Q8NA57_DKYTSTSYN|0.089
P16234|Q6X4T0_KQQRSTSIE|0.0
P16234|Q6X4T0_QQRSTSIEE|0.0
P16234|Q6X4T0_QRSTSIEET|0.0
P16234|Q8IXR9_LKKLSLHGQ|0.0
P16234|Q8IXR9_VSEPSCTTN|0.0
P16234|Q8IXR9_LVRMSFDAE|0.0
P16234|Q8IXR9_IRNNYREEF|0.086
P16234|A8MTZ7_GWAFSWLRQ|0.0
P16234|Q69YU5_KPQVSQQEE|0.0
P16234|Q8TAD7_AKDVTEESV|0.0
P16234|Q8TAD7_VTEESVTED|0.0
P16234|Q8TAD7_EESVTEDDK|0.0
P16234|Q8TAD7_KRRNYGGVY|0.445
P16234|Q8TAD7_YGGVYVGLP|0.449
P16234|Q8TAD7_VGLPSEAVN|0.0
P16234|Q8TAD7_NMVSSQTKT|0.0
P16234|Q8TAD7_VSSQTKTVR|0.0
P16234|Q8TAD7_SQTKTVRKN|0.0
P16234|Q9NWQ9_VAKFYQAVA|0.0
P16234|Q52M58_LFKGTVEQM|0.0
P16234|Q86U37_NSKKSSWIQ|0.0
P16234|Q86U37_SKKSSWIQE|0.011
P16234|Q9H972_EDGESRAHS|0.0
P16234|Q9H972_SRAHSSPPE|0.0
P16234|Q9H972_RAHSSPPEE|0.0
P16234|Q9H972_PLKESPGEA|0.0
P16234|Q9H972_LGAASVGPG|0.0
P16234|Q9H972_IQRATPETG|0.0
P16234|Q9H972_ATPETGPEN|0.0
P16234|Q9H972_ELRHSLGLT|0.0
P16234|Q9H972_ACVAYFLTK|0.374
P16234|Q9H972_AYFLTKRRE|0.221
P16234|Q9H972_NAPGSPSFD|0.0
P16234|Q32M92_RGEGTAPPF|0.015
P16234|Q6ZRI6_PRLETDSGL|0.0
P16234|Q6ZRI6_PMAGTPKAE|0.0
P16234|Q6ZRI6_GGLGSPYLR|0.0
P16234|Q6ZRI6_DAYPYPSAP|0.363
P16234|Q6ZRI6_YPYPSAPLP|0.039
P16234|Q6ZRI6_LPAPSPGLK|0.0
P16234|Q6ZRI6_EPPLTPRCP|0.0
P16234|Q6ZRI6_RDDLSLYGA|0.0
P16234|Q6ZRI6_DLSLYGASP|0.0
P16234|Q6ZRI6_GTPPSQNNV|0.0
P16234|Q6ZRI6_LSEHSGPPI|0.0
P16234|Q6ZRI6_RECQSLPQK|0.0
P16234|Q6ZRI6_TAEASPVKA|0.0
P16234|Q6ZRI6_VVPSTPTSA|0.0
P16234|Q6ZRI6_QPAPTPTSG|0.0
P16234|Q6ZRI6_PGCTSRMLK|0.0
P16234|Q6ZRI6_RKPPTPGPE|0.0
P16234|Q6ZRI6_ATSASPPGP|0.0
P16234|Q6ZRI6_PDQPSPCPQ|0.0
P16234|Q8NAA6_DLGISLSSP|0.137
P16234|Q8NAA6_GISLSSPRR|0.0
P16234|Q8NAA6_ISLSSPRRN|0.019
P16234|Q8NAA6_DSKRSPEVA|0.0
P16234|Q8NAA6_PEVASSPSY|0.264
P16234|Q8NAA6_VPRRSPLPV|0.029
P16234|Q8NAA6_FLRPSDRCV|0.021
P16234|Q8N8G6_WIILSNLFL|0.0
P16234|Q8N8G6_YIALSEMTF|0.0
P16234|Q8N8G6_INKETDNPV|0.0
P16234|A6NNL5_NRFFTALKV|0.0
P16234|Q6P387_WGRTSPAAC|0.0
P16234|Q6P387_EGACSDCLV|0.0
P16234|Q6P387_SLTVSRVII|0.0
P16234|Q6P387_IIPVSTHRI|0.0
P16234|Q6P387-2_LPSLTHRKK|0.0
P16234|Q6UWD8_HRAPTLVWR|0.0
P16234|Q6UWD8_EPMGTARER|0.0
P16234|Q6UWD8_PEPPTQVGT|0.0
P16234|Q6UWD8_TQVGTLEAR|0.0
P16234|Q6UWD8_VQFGSPQAR|0.0
P16234|Q6UWD8_QRPGSPDPE|0.0
P16234|Q6UWD8_QPRVTLEQI|0.0
P16234|Q6UWD8_EGRTSVGF_|0.0
P16234|Q9BSU1_VPERSLGNE|0.009
P16234|Q9BSU1_VKRMYIYSG|0.026
P16234|Q9BSU1_MKIHSPSPH|0.0
P16234|Q9BSU1_IHSPSPHKQ|0.0
P16234|Q9BSU1_SPNNTNPFG|0.0
P16234|Q96GX8_VSSSSSSHD|0.0
P16234|Q96GX8_DIIITPPTP|0.0
P16234|Q8WTQ4_ASYRSLYGV|0.003
P16234|Q8WTQ4_VPGSYIKDG|0.0
P16234|Q8WTQ4_DPESTQRPN|0.001
P16234|Q7Z2V1_SLVGSHRRV|0.0
P16234|Q7Z2V1_RRLNTQAAS|0.0
P16234|Q7Z2V1_SNQTSQLGS|0.0
P16234|Q7Z2V1_IDPPSSLKS|0.0
P16234|Q7Z2V1_DPPSSLKSR|0.002
P16234|Q6ZW13_RPVVSIVRP|0.0
P16234|Q6ZW13_VKSLSLPGL|0.0
P16234|Q6ZW13_KKRKSLGAP|0.0
P16234|Q6ZW13_VPPLSPQYK|0.0
P16234|Q96LL3_SALGTESPR|0.0
P16234|A6NNT2_RAVKYSMSH|0.0
P16234|A6NNT2_FAQLSCNLN|0.0
P16234|A6NNT2_NQRLSYLAN|0.0
P16234|A6NNT2_AGKASRVDL|0.0
P16234|A8MU93___MASARGA|0.0
P16234|A8MU93_GAKQSSPRV|0.0
P16234|A8MU93_AKQSSPRVG|0.0
P16234|A8MU93_PRVGTTRYT|0.0
P16234|A8MU93_RVGTTRYTE|0.0
P16234|A8MU93_SQRRSEGPS|0.0
P16234|A8MU93_GPSLSPSGK|0.0
P16234|A8MU93_HVRASSLRV|0.0
P16234|A2RUQ5_MFDFSFPTP|0.0
P16234|A2RUQ5_FSFPTPASA|0.0
P16234|A2RUQ5_PTPASAGTR|0.0
P16234|A2RUQ5_ASAGTRMGP|0.0
P16234|Q8IXM2_LGELTMQLH|0.0
P16234|Q8IXM2_KRKVYEDSG|0.0
P16234|Q8IXM2_KKVASGVLS|0.0
P16234|Q8IXM2_SGVLSPPPA|0.0
P16234|Q8IXM2_APPPSSSSV|0.0
P16234|Q8IXM2_KADVTLSAL|0.001
P16234|Q8IXM2-2_VADSSPAGA|0.0
P16234|Q8IXM2-3_GLGETPPAK|0.0
P16234|Q2M2W7_PGSRYIVMG|0.001
P16234|Q2M2W7_MGHIYHKRR|0.021
P16234|Q0P5P2_VLVLSLTLL|0.0
P16234|Q9HAS0__MLPSLQES|0.0
P16234|Q9HAS0_ELESSEEGG|0.0
P16234|Q9HAS0_EEGGSAEER|0.0
P16234|Q9HAS0_LLPETVTID|0.0
P16234|Q9HAS0_PETVTIDSE|0.0
P16234|Q9HAS0_ERNPSEYVV|0.0
P16234|Q9HAS0_AIQDTNNLK|0.0
P16234|Q96MU5_ENRASLSPS|0.0
P16234|Q96MU5_RASLSPSQP|0.0
P16234|Q96MU5_SLSPSQPLS|0.0
P16234|Q96MU5_CRERSTLGR|0.0
P16234|Q96MU5_RPQCTGLTP|0.0
P16234|Q96MU5_LIASSCPGL|0.0
P16234|Q96MU5_LPLGS____|0.0
P16234|Q9BSJ5_QTVKTFPLP|0.0
P16234|Q9BSJ5_ERAATTKAD|0.0
P16234|Q9BSJ5_SEKTSPKRE|0.0
P16234|Q9BSJ5_LDVPTGDCH|0.0
P16234|Q9BSJ5_DCHISPKNV|0.0
P16234|Q9BSJ5_EKGLTLGVE|0.0
P16234|Q9BSJ5_LGVETCGSK|0.0
P16234|Q9BSJ5_QFQASHTGC|0.0
P16234|Q9BSJ5_AQRHTPQSP|0.0
P16234|Q9BSJ5_HTPQSPFTN|0.0
P16234|Q86X59_PEVRSTGGQ|0.0
P16234|Q86X59_GQAGSRRRP|0.0
P16234|Q86X59_RRRPSAPCS|0.0
P16234|Q86X59_APISSADGR|0.0
P16234|Q86X59_AWFPSESSW|0.0
P16234|Q86X59_GRGLTARLG|0.0
P16234|Q86X59_GHGGTATDT|0.149
P16234|Q86X59_GGTATDTGR|0.0
P16234|Q86X59_TATDTGRAG|0.0
P16234|Q6UX52_EEEITPVVS|0.0
P16234|Q32NC0_GKSRSFVST|0.003
P16234|Q32NC0_SVFRTPTSG|0.0
P16234|Q32NC0_KMLLSQNES|0.0
P16234|Q8TCD1_FLEPYIYPL|0.263
P16234|Q8TCD1_EPYIYPLVS|0.459
P16234|Q6ZTR6_VAPRSNQRC|0.0
P16234|Q9NSK7_KLLCSLSGE|0.0
P16234|Q9NSK7_LCSLSGERK|0.018
P16234|Q8NEA5_FFHKTQLPG|0.0
P16234|Q9UFG5_GEQLYQQSR|0.0
P16234|Q9H6X5_DRILSGGAL|0.0
P16234|Q9H6X5_VENISPEAP|0.0
P16234|Q9H6X5_DSPDSDEEE|0.0
P16234|Q9H6X5_RKLFSVPSQ|0.0
P16234|Q9H6X5_VKLVSSPGR|0.0
P16234|Q9H6X5_ALSESSSSV|0.0
P16234|Q9H6X5_ESSSSVKTD|0.0
P16234|Q9H6X5_DLPQTAESR|0.0
P16234|Q9H6X5_KQQLSLTQQ|0.0
P16234|Q9H6X5_QLSLTQQFI|0.0
P16234|Q8N9M1_SRMITNSLN|0.0
P16234|Q8N9M1_DSPPSTPPR|0.0
P16234|Q8N9M1_SPPSTPPRR|0.0
P16234|Q8N9M1_RRPDTSTSK|0.0
P16234|Q8N9M1_RPDTSTSKI|0.0
P16234|Q8N9M1_PDTSTSKIS|0.0
P16234|Q8N9M1_KISVTVSNK|0.0
P16234|Q8N9M1_SVTVSNKMA|0.0
P16234|Q8N9M1_RRRVTAEME|0.002
P16234|Q8N9M1_LGAETKADT|0.0
P16234|Q8N9M1_ATPETDEDL|0.0
P16234|Q8N9M1_DSSSSVLQY|0.001
P16234|Q8N9M1_AAAPTLRRL|0.0
P16234|Q8N9M1_TIKRTLVGP|0.0
P16234|Q8N9M1_GPRGSSSSE|0.0
P16234|Q8N9M1_PRGSSSSEG|0.0
P16234|Q8N9M1_RGSSSSEGL|0.0
P16234|Q8N9M1_GSSSSEGLG|0.0
P16234|Q8N9M1_DHAGTVSVF|0.0
P16234|Q8N9M1_AGTVSVFKR|0.0
P16234|Q9UNZ5_VMKASSSLP|0.0
P16234|Q9UNZ5_MKASSSLPK|0.0
P16234|Q9UNZ5_KASSSLPKK|0.0
P16234|Q9UNZ5_TSSKTPS__|0.0
P16234|A6NJJ6_MCEPYFLYL|0.0
P16234|A6NJJ6_CGRFSISLS|0.0
P16234|A6NJJ6_RFSISLSHE|0.0
P16234|A6NJJ6_PTAYTASRF|0.0
P16234|A6NJJ6_AYTASRFPR|0.0
P16234|Q9NS00_LLSKYDPEE|0.069
P16234|Q9NS00_EEPIYFGRR|0.242
P16234|Q9NS00_VKQGYMSGG|0.511
P16234|Q9NS00_QGYMSGGAG|0.402
P16234|Q9NS00_GGAGYVLSK|0.296
P16234|Q9NS00_KCTHSSSIE|0.0
P16234|Q9NS00_CTHSSSIED|0.0
P16234|Q9NS00_THSSSIEDL|0.0
P16234|Q96EU7_PKDVSLWAA|0.0
P16234|O95561_NQCDSMLLR|0.186
P16234|Q9NSG2_KFPPSLYAT|0.0
P16234|Q9NSG2_PPSLYATRI|0.0
P16234|Q9NSG2_SLYATRISK|0.0
P16234|Q9H7X2_KLKKYGKNV|0.0
P16234|Q8N9H9_FVVVSIPAA|0.0
P16234|Q8NDD1_SADPTMSQE|0.0
P16234|Q8NDD1_PGSSTPPSS|0.0
P16234|Q8NDD1_STPPSSPTL|0.0
P16234|Q8NDD1_LQNLYDFGG|0.0
P16234|Q8NDD1_DVMASAALA|0.0
P16234|Q8NDD1_RKSASSFFK|0.0
P16234|Q8NDD1_KSASSFFKE|0.0
P16234|Q8NDD1_HCAPSGTPT|0.0
P16234|Q8NDD1_APSGTPTGP|0.0
P16234|Q8NDD1_AVPPSSLKN|0.0
P16234|Q8NDD1_VPPSSLKNN|0.0
P16234|Q8NDD1_VEFHSNKKR|0.0
P16234|Q8NDD1_KRKLTPDHN|0.0
P16234|Q8NDD1_QANPSVLER|0.0
P16234|Q8NDD1_SKKKSAPSI|0.0
P16234|Q8NDD1_KSAPSILSN|0.0
P16234|Q8NDD1_PSILSNGRI|0.0
P16234|Q5JVX7_LARRTKINR|0.0
P16234|Q5JVX7_NRLQSEGRK|0.0
P16234|Q5JVX7_EALATSASK|0.0
P16234|Q5JVX7_SKAISKIKE|0.0
P16234|Q5JVX7_IVNVSPTKT|0.0
P16234|Q5JVX7_NVSPTKTVT|0.0
P16234|Q5JVX7_KNRFSSHPL|0.0
P16234|Q96HA4_VGVASKSME|0.0
P16234|Q8NEQ5_VPLLSGTMA|0.0
P16234|Q8NEQ5_LLSGTMADH|0.0
P16234|Q8NEQ5_ESLTYASTT|0.012
P16234|Q8NEQ5_DPIVYAQIK|0.0
P16234|Q5SNV9_RQNLYQDVG|0.0
P16234|Q5SNV9_TRPLTVEWT|0.0
P16234|Q5SNV9_TVEWTKDTP|0.0
P16234|Q5SNV9_EEERTAFHL|0.0
P16234|Q5SNV9_ASSASKNKA|0.0
P16234|Q5SNV9_VAQASLARW|0.0
P16234|Q5SNV9_VLEASVQSA|0.0
P16234|Q5SNV9_ASVQSAVRG|0.0
P16234|Q5SNV9_KGPESGQEA|0.0
P16234|Q8IYL3_SRKLTGAVR|0.0
P16234|Q8IYL3_LKARSCSAA|0.0
P16234|Q8IYL3_EVAGSTSAK|0.0
P16234|Q8IYL3_AGSTSAKTA|0.0
P16234|Q8IYL3_TDTRTSKKF|0.0
P16234|Q8IYL3_VTPETPCEN|0.0
P16234|Q8IYL3_RDGLSVPKH|0.0
P16234|Q8IYL3_VPKHSAGSG|0.0
P16234|Q8IYL3_GAEESNSSS|0.0
P16234|Q8IYL3_QMDNSVFLD|0.0
P16234|Q8IYL3_SSCPSMSRR|0.0
P16234|Q8IYL3_CPSMSRREF|0.0
P16234|Q5T5A4_PKKESIHSI|0.0
P16234|Q9H425___MASMAAA|0.0
P16234|Q9H425_AIAASRSAV|0.0
P16234|Q9H425_AASRSAVMS|0.0
P16234|Q9H425_SAVMSGNRP|0.0
P16234|Q9H425_KRFTYFSSL|0.0
P16234|Q9H425_TYFSSLSPM|0.001
P16234|Q9H425_QDEHSAPFS|0.105
P16234|Q9H425_LSKASQGSQ|0.005
P16234|Q9H425_ASQGSQALK|0.0
P16234|Q9H425_ALKSSQGSR|0.0
P16234|Q9H425_GSRSSSLDA|0.0
P16234|Q9H425_FQSLTPSQI|0.0
P16234|Q9H425_VERPSTLRQ|0.0
P16234|Q9H246_KGKNYQNGD|0.0
P16234|Q9H246_FGDEYRIKP|0.0
P16234|Q9H246_EEVKYMKNG|0.003
P16234|Q9H246_NMHISESQQ|0.0
P16234|Q9H246_KGRDYCSEE|0.0
P16234|Q9H246_EEDIT____|0.0
P16234|Q8IVY1_IEDNYIQPG|0.244
P16234|Q8TAB5_RRSSSESPS|0.0
P16234|A1L170_QASRSFPHL|0.0
P16234|A1L170_FPHLSKPVA|0.0
P16234|A1L170_VAPGSAPLG|0.0
P16234|A1L170_APLGSGEPG|0.0
P16234|A1L170_LWVGSSQHL|0.0
P16234|A1L170_VLQETFPRL|0.0
P16234|A1L170_EVSLSVPDL|0.0
P16234|A1L170_IHKDSQDES|0.0
P16234|A1L170_ASSPSLIER|0.0
P16234|A1L170_LSPISLAES|0.0
P16234|A1L170_SLAESWEDG|0.0
P16234|A1L170_PDLLSFE__|0.0
P16234|Q9BV19_LALVSPYHT|0.0
P16234|Q9BV19_YKRESGQQY|0.0
P16234|Q9BV19_SGQQYFSII|0.0
P16234|Q8N6N3_ELFRSVTRP|0.0
P16234|Q8N6N3_PAFLYNPLN|0.0
P16234|Q8N6N3_KIWKSNYVP|0.0
P16234|Q8N6N3_WKSNYVPPP|0.001
P16234|Q8N6N3_ETYTTEKKP|0.0
P16234|Q8N6N3_AIKWSNIYE|0.002
P16234|Q8N6N3_EGEETLESD|0.0
P16234|Q5VUE5_RHCPYGQVN|0.0
P16234|Q8WWF1_DKDITEAIE|0.0
P16234|Q8WWF1_DAVSSLRSP|0.0
P16234|Q8WWF1_SSLRSPIPL|0.0
P16234|Q9BUN1_EEDGSSEEG|0.0
P16234|Q8NEQ6_TGLETSSGG|0.0
P16234|Q8NEQ6_VIDCTHGKQ|0.0
P16234|Q8NEQ6_PQAPSPNRG|0.0
P16234|Q8NEQ6_RGLVTPPMK|0.0
P16234|Q8NEQ6_STWGTVKDS|0.0
P16234|Q5T750_PCQRTYVKY|0.002
P16234|Q5T750_CQRTYVKYP|0.42
P16234|Q5T750_PCQTYVKCP|0.117
P16234|Q5T750_APCQTTYVK|0.053
P16234|Q8N0U7_MVRGSSDQP|0.0
P16234|Q8N0U7_VRGSSDQPE|0.0
P16234|Q8N0U7_DIGQSPSGT|0.0
P16234|Q8N0U7_GQSPSGTTN|0.0
P16234|Q8N0U7_QSQLSRLFL|0.0
P16234|Q8N0U7_NLNLSFRKE|0.016
P16234|Q8N0U7_EMSQSKTEH|0.0
P16234|Q6P1W5_KSTETSKVP|0.003
P16234|P02745_EICLSIVSS|0.0
P16234|P02746_KIAFSATRT|0.0
P16234|P02746_AFSATRTIN|0.0
P16234|P02746_SATRTINVP|0.0
P16234|P02746_VPGLYYFTY|0.449
P16234|Q07021_EPELTSTPN|0.0
P16234|Q07021_PELTSTPNF|0.0
P16234|Q07021_ELTSTPNFV|0.0
P16234|Q07021_IREVSFQST|0.0
P16234|Q07021_STGESEWKD|0.007
P16234|Q6IMN6_KLEDYKDRL|0.405
P16234|Q6IMN6_KELDYLIKF|0.003
P16234|Q6IMN6_WEADYARKP|0.143
P16234|Q6IMN6_SKAGYVQEE|0.259
P16234|Q6IMN6_QSQISPKSW|0.0
P16234|Q6IMN6_MAKGSEQGF|0.0
P16234|Q6IMN6_SPPASSSSV|0.0
P16234|Q6IMN6_PPASSSSVT|0.0
P16234|Q6IMN6_PASSSSVTI|0.0
P16234|Q6IMN6_SNGNYSQLQ|0.0
P16234|Q6IMN6_QAREYSGAP|0.0
P16234|Q6IMN6_SGAPYSQRD|0.01
P16234|Q6IMN6_RDNETFNSG|0.0
P16234|Q6IMN6_ETFNSGDSG|0.0
P16234|Q6IMN6_NSGDSGQGD|0.0
P16234|Q6IMN6_GQGDSRSMT|0.0
P16234|O75973_EMLGTCRMV|0.0
P16234|Q5VWW1_VCDPYGGTK|0.006
P16234|Q5VWW1_QHEGYEVLK|0.0
P16234|Q86Z23_LLVHSSRGP|0.021
P16234|Q86Z23_LVHSSRGPA|0.0
P16234|Q9BXJ1_ERCKSHYAA|0.248
P16234|Q9BXJ1_CKSHYAAFS|0.45
P16234|Q9BXJ1_YAAFSVGRK|0.442
P16234|Q9BXJ5_DRGDSGEEG|0.0
P16234|Q9BXJ4_VEEVYVYLM|0.122
P16234|Q9BXJ3_SAARTRSLV|0.0
P16234|Q9BXJ3_ARTRSLVGS|0.0
P16234|Q9BXJ3_SLVGSDAGP|0.0
P16234|Q9BXJ3_REMQSQSVM|0.0
P16234|Q9BXJ3_MQSQSVMLA|0.0
P16234|Q9BXJ0_SAKRSESRV|0.0
P16234|Q9BXI9_MVELTFDRA|0.004
P16234|Q9BXI9_EIRPYINIT|0.328
P16234|Q9BXI9_YKETYVHIM|0.501
P16234|Q9BXI9_LDLAYGDRV|0.28
P16234|Q9BXJ2_GEKGTAGLR|0.0
P16234|P60827_RAGRSGKEG|0.0
P16234|P0C862_DAYMSSEDQ|0.0
P16234|P0C862_EDQASGGIV|0.0
P16234|B2RNN3_KFPSSDVPI|0.0
P16234|P00736_LTFHTDFSN|0.0
P16234|P00736_EENGTIMFY|0.126
P16234|P00736_IRRVSVHPD|0.0
P16234|P00736_RWVATGIVS|0.0
P16234|P00736_TGIVSWGIG|0.0
P16234|P00736_GIGCSRGYG|0.0
P16234|P00736_CSRGYGFYT|0.476
P16234|P00736_GYGFYTKVL|0.367
P16234|Q9NZP8_SSGRSLRLT|0.0
P16234|Q9NZP8_ASRGSEAIN|0.227
P16234|Q9NZP8_GRPVTPIAQ|0.0
P16234|Q9NZP8_AQNQTTLGS|0.0
P16234|Q9NZP8_TTLGSSRAK|0.0
P16234|Q9NZP8_RKNQSVNVF|0.0
P16234|Q9NZP8_FLGHTAIDE|0.0
P16234|Q9NZP8_TELKYSRLP|0.005
P16234|Q9NZP8_TKVLSYVDW|0.353
P16234|Q9NZP8_KVLSYVDWI|0.416
P16234|P09871_IIGGSDADI|0.0
P16234|P09871_EPTMYVGST|0.294
P16234|P09871_KTKFYAAGL|0.475
P16234|P09871_QCGTYGLYT|0.312
P16234|P06681_RYRCSSNLV|0.0
P16234|P06681_YRCSSNLVL|0.194
P16234|P06681_VLTGSSERE|0.0
P16234|P06681_LGMETMAWQ|0.0
P16234|P06681_LNKQSVPAH|0.0
P16234|P06681_REVVTDQFL|0.003
P16234|P06681_QFLCSGTQE|0.228
P16234|P06681_LCSGTQEDE|0.0
P16234|P06681_QEDESPCKG|0.0
P16234|P06681-2_ATNPTQKTK|0.15
P16234|Q9BQM9_KKPATRIVL|0.0
P16234|Q5TEA3_YNQNTSDFE|0.0
P16234|Q5TEA3_CSRTYFFGA|0.0
P16234|Q5TEA3_QALQTHPDS|0.0
P16234|Q5TEA3_THPDSNVKA|0.0
P16234|Q9H1P6_PVPQTTQGF|0.0
P16234|Q9NUD7_ETKPSTLPP|0.0
P16234|Q9NUD7_SLHTSKMKT|0.0
P16234|Q9NUD7_EMENSTTLH|0.0
P16234|Q9NUD7_MENSTTLHV|0.0
P16234|A6NIU2_SLILSPRLE|0.0
P16234|P58505_LDELSRAQA|0.0
P16234|P58505_AQAWSGPSR|0.0
P16234|P58505_WSGPSRGAL|0.0
P16234|Q9NYP8_LLLISTLGV|0.0
P16234|Q9NYP8_LLISTLGVF|0.0
P16234|Q9NYP8_LNCFTKGQK|0.0
P16234|Q9NYP8_GQKNSTLIF|0.0
P16234|Q9NYP8_TLIFTRENT|0.0
P16234|Q9BZE7_VTKGTGFRR|0.0
P16234|Q9BZE7_MMKESKLTN|0.0
P16234|Q6P5X5_EVPFSSFFI|0.0
P16234|Q6P5X5_VPFSSFFIG|0.0
P16234|Q6IC83_EPISSQVLG|0.0
P16234|Q9Y426_QEVSSVLRS|0.0
P16234|Q9Y426_ASPLSSDSP|0.0
P16234|Q9Y426_EKDISVQAI|0.0
P16234|Q9Y426_IRQLSESSK|0.0
P16234|Q9Y426_LKLKSPRKK|0.0
P16234|Q9Y426_PRKKSTIII|0.0
P16234|Q9Y426_RKKSTIIIS|0.0
P16234|Q9Y426_ISGISKTSL|0.0
P16234|Q9Y426_DELDSWDLE|0.0
P16234|Q9Y426_LEPGTAKKH|0.0
P16234|Q9Y426_DPGMSQSHN|0.0
P16234|Q9Y426_GMSQSHNDL|0.0
P16234|Q9Y426_GITLTRILN|0.0
P16234|Q9Y426_KKLLSRHRN|0.0
P16234|Q9Y426_RNKNTMNGA|0.0
P16234|Q9Y426_VEPCT____|0.0
P16234|Q4AC94_KGQGSGGSR|0.0
P16234|Q4AC94_RDIHTIKID|0.0
P16234|Q4AC94_NSSRSTTPR|0.0
P16234|Q4AC94_SSRSTTPRG|0.0
P16234|Q4AC94_SRSTTPRGK|0.0
P16234|Q4AC94_ENPDTIKDS|0.0
P16234|Q4AC94_NSGQSLESV|0.0
P16234|Q4AC94_RKQMSLLNS|0.0
P16234|Q4AC94_PQIRTVAKS|0.0
P16234|Q4AC94_AKSHSDSCI|0.0
P16234|Q4AC94_TAPKSDTSI|0.0
P16234|Q4AC94_KSDTSISDF|0.0
P16234|Q4AC94_SDFLSEEDD|0.0
P16234|Q4AC94_VLESSDHKL|0.0
P16234|Q4AC94_VPPDSPQMT|0.0
P16234|Q4AC94_PNRKSPSPV|0.0
P16234|Q4AC94_RKSPSPVAP|0.0
P16234|Q4AC94_LPPFSPRPA|0.0
P16234|Q4AC94_VAKGTLPLS|0.0
P16234|Q4AC94_TLPLSRICA|0.0
P16234|Q4AC94_VGLRYRRSP|0.0
P16234|Q4AC94_RYRRSPRTA|0.0
P16234|Q4AC94_RSPRTAEGV|0.0
P16234|Q4AC94_TVSISVQII|0.0
P16234|Q4AC94_ARTLTVSGV|0.0
P16234|Q4AC94_TLTVSGVYP|0.056
P16234|Q4AC94_VSGVYPLFG|0.0
P16234|Q4AC94_EVQLSPPEV|0.0
P16234|Q4AC94_CHQKSPAST|0.0
P16234|Q4AC94_AMHLSLKGS|0.0
P16234|Q4AC94_SLKGSPLTE|0.0
P16234|Q4AC94_KVAVSPLES|0.0
P16234|Q4AC94_LIPIYSPFS|0.012
P16234|Q4AC94_LDFSSPGRS|0.0
P16234|Q4AC94_FLPLSPQTQ|0.0
P16234|Q4AC94_LSPQTQTAI|0.0
P16234|Q4AC94_KGTDSPSPP|0.0
P16234|Q4AC94_TDSPSPPPL|0.0
P16234|Q4AC94_MLHESLRHA|0.0
P16234|Q4AC94_TRMQSSEDT|0.0
P16234|Q4AC94_RMQSSEDTE|0.0
P16234|Q4AC94_AGPAYSDED|0.006
P16234|Q4AC94_GPAYSDEDY|0.139
P16234|Q4AC94_SEVISPQPD|0.0
P16234|Q4AC94_REGPSCPSP|0.0
P16234|Q4AC94_PRQGSPSQS|0.0
P16234|Q4AC94_VTTGSETST|0.0
P16234|Q4AC94_PRPNSLPLN|0.0
P16234|Q4AC94_ARIFSSQYS|0.0
P16234|Q4AC94_RIFSSQYSQ|0.017
P16234|Q4AC94_SSQYSQKD_|0.002
P16234|A6NLJ0_RRKESLLLG|0.0
P16234|Q8TF44_GDKASKGPL|0.0
P16234|Q8TF44_APRQTPRSP|0.0
P16234|Q8TF44_QTPRSPRLP|0.0
P16234|Q8TF44_PKAQTSYGF|0.0
P16234|Q8TF44_AQTSYGFAM|0.0
P16234|Q8TF44_AQVGSPGAG|0.0
P16234|Q8TF44_GALMSPGRY|0.0
P16234|Q8TF44_SPFGSPLLS|0.0
P16234|Q8TF44_SRSVSLLKG|0.0
P16234|Q8TF44_QLRHSVGRH|0.0
P16234|Q8TF44_GRHGSLSAD|0.0
P16234|Q8TF44_HGSLSADDS|0.0
P16234|Q8TF44_LKRDTLLGE|0.0
P16234|Q8TF44_ELPLTSLLP|0.0
P16234|Q8TF44_LPLTSLLPF|0.0
P16234|B7Z1M9_PATCSLPHL|0.0
P16234|B7Z1M9_FLPESPHTR|0.0
P16234|B7Z1M9_RRRESLFHG|0.0
P16234|B7Z1M9_RLHVSAPDL|0.0
P16234|B7Z1M9_RRRVSRPHS|0.0
P16234|B7Z1M9_TSPHSPRRA|0.0
P16234|B7Z1M9_AGPPTPPLF|0.0
P16234|B7Z1M9_LSTEYQAGP|0.0
P16234|Q92979_VGKTYELLN|0.352
P16234|Q92979_ITHQSLLML|0.0
P16234|Q92979_SISNYPLSA|0.093
P16234|Q8WU43_RLEDTNQEN|0.0
P16234|Q8WU43_QENFTRIEG|0.0
P16234|Q68DN1_TVEKSVGLT|0.0
P16234|Q68DN1_QGEESVVLI|0.0
P16234|Q68DN1_LIPKSLHHV|0.0
P16234|Q68DN1_QIVKSVTIP|0.0
P16234|Q68DN1_VKSVTIPRP|0.0
P16234|Q68DN1_TVELTGFQI|0.0
P16234|Q68DN1_QKLTSEELQ|0.0
P16234|Q68DN1_LPRKYLSTM|0.0
P16234|Q68DN1_EDSQSDSQT|0.0
P16234|Q68DN1_SQSDSQTRI|0.0
P16234|Q68DN1_RGQRSRPDL|0.0
P16234|Q68DN1_SDSKYPMKR|0.145
P16234|Q68DN1_GATQTSTAS|0.0
P16234|Q68DN1_LLFQSLKRA|0.0
P16234|Q68DN1_YRNETSSQE|0.0
P16234|Q68DN1_RNETSSQES|0.0
P16234|Q68DN1_NETSSQESK|0.0
P16234|Q68DN1_SSQESKNLS|0.0
P16234|Q68DN1_YRERTPRGP|0.0
P16234|Q68DN1_RHNPSWRNH|0.0
P16234|Q68DN1_PSQRSHCSP|0.0
P16234|Q68DN1_PSERSWRSP|0.0
P16234|Q68DN1_RSHRSSSER|0.0
P16234|Q68DN1_SHRSSSERR|0.0
P16234|Q68DN1_HRSSSERRH|0.0
P16234|Q68DN1_PSKRSHRSP|0.0
P16234|Q68DN1_RSHRSPARR|0.0
P16234|Q68DN1_SFERSHRRI|0.0
P16234|Q68DN1_PSERSHRSP|0.0
P16234|Q68DN1_PGRPSGRNH|0.0
P16234|Q68DN1_RNHCSPSER|0.0
P16234|Q68DN1_HCSPSERSR|0.0
P16234|Q9NWW7_RKQPSVEAV|0.046
P16234|Q9NWW7_TASKSKKRR|0.0
P16234|Q9NWW7_AQMNSSLLP|0.0
P16234|Q9NWW7_QDAVSSNLR|0.0
P16234|Q9NWW7_DAVSSNLRK|0.0
P16234|Q9NWW7_QILDTPEMP|0.0
P16234|Q96LS8_AGMRSSGRS|0.0
P16234|Q96LS8_GMRSSGRSD|0.0
P16234|Q96LS8_SSGRSDQPY|0.0
P16234|Q96LS8_SDQPYVLKG|0.0
P16234|Q96LS8_RMKLSGWEL|0.0
P16234|Q2NKX9_DLQVYLPRH|0.0
P16234|Q2NKX9_HRDVSAHPR|0.0
P16234|Q8N8R5_GARCSLSAE|0.0
P16234|Q8N8R5_NCRSSPSHT|0.0
P16234|A6NCS6_GVVHTPAEP|0.0
P16234|A6NCS6_PTGDSR___|0.0
P16234|A8MZ97_TRTPSVVES|0.0
P16234|A6NCI8_SSKKSEESK|0.0
P16234|A6NCI8_KSEESKQSG|0.0
P16234|A6NCI8_KKPRSSLGM|0.0
P16234|A6NCI8_KPRSSLGMH|0.0
P16234|A6NCI8_HMLESVQVF|0.0
P16234|A6NCI8_GFSSSRTLG|0.0
P16234|A6NCI8_KLDGSAEKE|0.0
P16234|A6NCI8_SPSHSELPP|0.0
P16234|A6NCI8_NAAKYTSLG|0.003
P16234|A6NCI8_EYYGYTI__|0.0
P16234|A6NCI8_YYGYTI___|0.275
P16234|Q53S99-2_VMVLSWKSG|0.0
P16234|Q53S99-2_LSWKSGVRR|0.0
P16234|P01024_EQRISLPES|0.0
P16234|P01024_SLPESLKRI|0.0
P16234|P01024_SVQLTEKRM|0.0
P16234|P01024_KVGKYPKEL|0.523
P16234|P01024_RHQQTVTIP|0.0
P16234|P01024_HHFISDGVR|0.12
P16234|P01024_GVRKSLKVV|0.0
P16234|P01024_AIAGYALAQ|0.002
P16234|P01024_IHWESASLL|0.0
P16234|P01024_KGQGTLSVV|0.0
P16234|P01024_QGTLSVVTM|0.0
P16234|P01024_AVKVYAYYN|0.707
P16234|Q16581_ADVVSPKIP|0.037
P16234|Q16581_FLLPSVIMI|0.096
P16234|Q16581_EAAFSEELT|0.0
P16234|Q9HBI5_QTVETAFKR|0.0
P16234|Q8ND61_GRNISYPMI|0.0
P16234|Q8ND61_RNISYPMIL|0.0
P16234|Q8ND61_ILRNYKAKM|0.0
P16234|Q8ND61_DDKVYKMSR|0.287
P16234|Q8ND61_VYKMSRALA|0.0
P16234|Q8ND61_SQQDYKMGY|0.349
P16234|Q8ND61_EAEKTREPE|0.0
P16234|Q8N5N4_LSWLTEPDP|0.0
P16234|Q8N5N4_VPTRSIPVR|0.0
P16234|O15544_VVRCSELVS|0.0
P16234|O15544_VSSTSLPRL|0.0
P16234|Q6P1S2_VRNISTGMA|0.0
P16234|Q6P1S2_RNISTGMAI|0.0
P16234|Q6P1S2_LRRITENGL|0.0
P16234|Q6P1S2_PIIASLRKE|0.0
P16234|Q6P1S2_ELAETGKAW|0.001
P16234|Q6P1S2_SKGGYFSVN|0.319
P16234|Q6P1S2_GGYFSVNLN|0.263
P16234|Q6P1S2_KGLKYDSKI|0.0
P16234|Q6P1S2_KTTGSDFSL|0.0
P16234|Q6P1S2_LKKESYYEK|0.367
P16234|Q6P1S2_KKESYYEKL|0.028
P16234|Q5JPI3_IPPATEKHN|0.014
P16234|Q5JPI3_KLKETPEPV|0.0
P16234|Q96BT1_HRAVSTNLL|0.0
P16234|Q5BVD1_NFMKYMMSE|0.0
P16234|Q5BVD1_KYMMSEELV|0.0
P16234|Q5BVD1-3_SLALSPVKQ|0.0
P16234|Q8N813_PWVLYGGYL|0.0
P16234|A6NLC5_LPPDSPRYC|0.0
P16234|A6NLC5_SHRMSPEEV|0.0
P16234|A6NLC5_PEEVSAHDA|0.0
P16234|F5H4A9_MRVVSPVFL|0.031
P16234|F5H4A9_EEVKYLPTY|0.0
P16234|P0C0L4_EVKKYVLPN|0.484
P16234|P0C0L4_AAAITAYAL|0.153
P16234|P0C0L4_VGGNSKGTL|0.0
P16234|P0C0L5_EVKKYVLPN|0.497
P16234|P0C0L5_NWLLSQQQA|0.0
P16234|P0C0L5_AAAITAYAL|0.266
P16234|P0C0L5_NGFKSHALQ|0.0
P16234|P0C0L5_VGGNSKGTL|0.0
P16234|P04003_NGRHSGEEN|0.0
P16234|P04003_KLSCSYSHW|0.0
P16234|P04003_LSCSYSHWS|0.002
P16234|P04003_SCSYSHWSA|0.386
P16234|P04003_YSHWSAPAP|0.057
P16234|P04003_NGRLSVDKD|0.285
P16234|P20851_ELKYSLELK|0.19
P16234|Q53FE4_EGKGSHIMA|0.0
P16234|Q53FE4_KSPPTVKLP|0.0
P16234|Q53FE4_SIQEYNLCP|0.0
P16234|Q8IY42_DEDDTDKLK|0.0
P16234|Q8IY42_KGKWSSEVL|0.0
P16234|Q8IY42_GKWSSEVLV|0.0
P16234|Q8IY42_GSWASTANT|0.0
P16234|Q8IY42_SWASTANTV|0.0
P16234|Q8IY42_STANTVPPT|0.0
P16234|Q8IY42_PAPDYLQHW|0.0
P16234|Q8IY42_DLDETD___|0.0
P16234|Q6V702_DFEVYFTGK|0.001
P16234|Q96KX1___MAYGVPR|0.001
P16234|Q96KX1_RPLPSK___|0.0
P16234|Q96LM5_TGPDYIKDY|0.0
P16234|A7E2U8_EGEGYINLN|0.205
P16234|A7E2U8_SADFYDAAK|0.319
P16234|A7E2U8_AKLKYKKAN|0.292
P16234|A7E2U8_RPVESIMTL|0.0
P16234|A7E2U8_SSVPSY___|0.0
P16234|A7E2U8_SVPSY____|0.327
P16234|C9J302____MSHYFY|0.0
P16234|C9J302_TYTGSYRKK|0.0
P16234|C9J302_YTGSYRKKQ|0.0
P16234|C9J302_EADRYSDYG|0.0
P16234|C9J302_WGGPSSPFN|0.0
P16234|C9J302_GGPSSPFN_|0.0
P16234|D6RIA3___MLSFHFW|0.004
P16234|D6RIA3_REAKYVDMC|0.269
P16234|D6RIA3_PSSKTPSPQ|0.0
P16234|D6RIA3_SKTPSPQNN|0.069
P16234|D6RIA3_LATSSSSLG|0.0
P16234|D6RIA3_ATSSSSLGF|0.0
P16234|D6RIA3_QNIIYAAKH|0.537
P16234|D6RIA3_SSAASVAAG|0.0
P16234|D6RIA3_IFLRSQNSA|0.0
P16234|D6RIA3_RSQNSAFRS|0.128
P16234|D6RIA3_NTIMSRLFV|0.081
P16234|D6RIA3_LAGGSASNL|0.0
P16234|D6RIA3_LNSSSPEGT|0.0
P16234|D6RIA3_QGLRSLKIS|0.0
P16234|D6RIA3_SLKISPATR|0.0
P16234|D6RIA3_ISPATRAPP|0.0
P16234|D6RIA3_PDEVTNRKS|0.0
P16234|D6RIA3_TNRKSGSNL|0.0
P16234|D6RIA3_RKSGSNLEK|0.0
P16234|Q99440_YLLLSIGHY|0.0
P16234|P01031_HFSKSKRMP|0.023
P16234|P01031_RMPITYDNG|0.507
P16234|P01031_MPITYDNGF|0.528
P16234|P01031_NADDSQEND|0.133
P16234|P01031_IAAKYKHSV|0.435
P16234|P01031_KYKHSVVKK|0.535
P16234|P01031_KKCCYDGAC|0.573
P16234|P01031_AARISLGPR|0.0
P16234|P01031_IKAFTECCV|0.197
P16234|P01031_CVVASQLRA|0.28
P16234|P01031_RANISHKDM|0.0
P16234|P01031_IDVSYKHKG|0.272
P16234|P01031_DSEITFIKK|0.0
P16234|P21730_TTPDYGHYD|0.487
P16234|P21730_DYGHYDDKD|0.453
P16234|P21730_RNVLTEESV|0.0
P16234|Q9P296_ALRESQGQD|0.0
P16234|Q9P296_GQDESVDSK|0.0
P16234|Q9P296_ESVDSKKST|0.0
P16234|Q49AR2_FDKETLFGE|0.0
P16234|Q49AR2_ENTASTNCD|0.0
P16234|Q49AR2_YAAESPPS_|0.0
P16234|Q7Z6I8_QFDIYSSQQ|0.0
P16234|Q7Z6I8_RGRPSGTTK|0.0
P16234|Q7Z6I8_RPSGTTKSA|0.0
P16234|Q7Z6I8_AGFKTSPGR|0.0
P16234|Q7Z6I8_RPLGTTKAA|0.0
P16234|Q7Z6I8_RPPGSIKAL|0.0
P16234|Q7Z6I8-2_GYKVSPGRP|0.0
P16234|Q96MH7_TSDISEERG|0.0
P16234|Q96MH7_GINDSNILP|0.0
P16234|Q96MH7_PYERYVTTV|0.001
P16234|Q86SI9-2_GPGGSGSGS|0.0
P16234|Q569G3_EAAASASSQ|0.0
P16234|Q569G3_AASASSQLR|0.0
P16234|Q569G3_ASASSQLRA|0.003
P16234|Q569G3_QLRASRVQS|0.0
P16234|Q569G3_AAKKYDFPI|0.0
P16234|Q569G3_LNEASKIMK|0.0
P16234|A4QMS7_KEHSYYYRP|0.004
P16234|A4QMS7_EHSYYYRPA|0.243
P16234|A4QMS7_HSYYYRPAR|0.116
P16234|A4QMS7_QADFYRKND|0.298
P16234|A6NGY3_TQRIYEMEV|0.022
P16234|Q8N8D9_WKEMSPFSS|0.0
P16234|Q8N8D9-2_KCVCTPVSK|0.0
P16234|Q8N8D9-2_CTPVSKNST|0.0
P16234|A6NFR6_PREPSSVPP|0.0
P16234|A6NFR6_REPSSVPPR|0.0
P16234|A6NFR6_RGKASPTSF|0.0
P16234|A6NFR6_KASPTSFHV|0.0
P16234|A6NFR6_ASPTSFHVS|0.0
P16234|A6NFR6_SFHVSPRAP|0.0
P16234|A6NFR6_ASMPSSVPK|0.0
P16234|A6NFR6_SMPSSVPKT|0.0
P16234|A6NC05_NRQPYKDQK|0.008
P16234|A6NC05_RMFKSPDMT|0.0
P16234|Q2M2E5_KLPRTAIET|0.0
P16234|Q2M2E5_TAIETEFKQ|0.0
P16234|Q2M2E5_TAEVYFPSI|0.0
P16234|Q2M2E5_VYFPSIKSR|0.0
P16234|Q2M2E5_VLKSTPIPI|0.0
P16234|P13671_HKKDSSFIR|0.0
P16234|P13671_PDYKSNAVD|0.321
P16234|P13671_VAGPSRYTC|0.347
P16234|P13671_KDTLTKLKG|0.006
P16234|Q5T5N4_EPELYLKWK|0.0
P16234|Q5T5N4_AGATSADRY|0.0
P16234|Q5T5N4_RPVKTADMD|0.0
P16234|Q7Z4R8_SHLESEFEM|0.0
P16234|Q5T0Z8_TVQGTFSKL|0.0
P16234|Q5T0Z8_KHTTTPSTS|0.0
P16234|Q5T0Z8_STSLYATNP|0.001
P16234|Q5T0Z8_SLYATNPPW|0.0
P16234|Q5T0Z8_PWIFTQEAP|0.0
P16234|Q5T0Z8_PEEGTGGFD|0.0
P16234|Q5T0Z8_FDGIYYGDN|0.0
P16234|Q5T0Z8_DGIYYGDNR|0.206
P16234|Q5T0Z8_SGTATLKAR|0.0
P16234|Q5T0Z8_DKEVTGTSS|0.0
P16234|Q5T0Z8_HTVGTRLFP|0.0
P16234|Q5T0Z8_PGGVTKWKS|0.0
P16234|Q5T0Z8_TKWKSDVAL|0.0
P16234|Q5T0Z8_ATRASPPRS|0.0
P16234|Q5T0Z8_SPPRSPAEP|0.0
P16234|Q5T0Z8_EPHLTFPRS|0.0
P16234|Q5T0Z8_TFPRSFKVP|0.0
P16234|Q5T0Z8_VPPPTPVRT|0.0
P16234|Q5T0Z8_TAPASPRLG|0.0
P16234|Q5T0Z8_GQSQSQADE|0.0
P16234|Q5T0Z8_ERAGTPPPA|0.0
P16234|Q5T0Z8_KTPKSSSPA|0.0
P16234|Q5T0Z8_PKSSSPALK|0.0
P16234|Q5T0Z8_PNPPSPENT|0.0
P16234|Q5T0Z8_SPENTASSA|0.0
P16234|Q5T0Z8_ENTASSAPV|0.0
P16234|Q5T0Z8_ELAAYLCGS|0.0
P16234|Q5T0Z8_YLCGSRRED|0.0
P16234|Q5T0Z8_PSVDYIPQD|0.0
P16234|Q5T0Z8_IPQDSPTPS|0.0
P16234|Q5T0Z8_EARLSSAAE|0.0
P16234|Q5T0Z8_LWPATPPKA|0.0
P16234|Q5T0Z8_LGPATPLKA|0.0
P16234|Q5T0Z8_LKATSGPTT|0.0
P16234|Q5T0Z8_TSGPTTPLK|0.0
P16234|Q5T0Z8_SGPTTPLKA|0.0
P16234|Q5T0Z8_ASTATTLPT|0.0
P16234|Q5T0Z8_EKPASQEVS|0.0
P16234|Q5T0Z8_SQEVSTPSQ|0.0
P16234|Q5T0Z8_RGEGSPSEA|0.0
P16234|Q5T0Z8_RHPVTGEVV|0.0
P16234|Q5T0Z8_VERGSPMAL|0.0
P16234|Q5T0Z8_QKGRSVGAA|0.001
P16234|Q5T0Z8_LGRSSLPGS|0.0
P16234|Q5T0Z8_SLPGSLRDH|0.0
P16234|Q5T0Z8_AEKDSPLTT|0.0
P16234|Q5T0Z8_SSPPSPSNK|0.0
P16234|Q5T0Z8_GRQSSPPRN|0.0
P16234|Q5T0Z8_PRNNYSDLR|0.0
P16234|Q5T0Z8_RNNYSDLRQ|0.0
P16234|Q5T0Z8_ALGFSRFPA|0.0
P16234|Q5T0Z8_AGARYAGAG|0.012
P16234|Q5T0Z8_GGGRSLIKK|0.0
P16234|Q5T0Z8_KKRLYVGEP|0.0
P16234|Q5T0Z8_GRSLSSPNC|0.0
P16234|Q5T0Z8_APRLSLEGA|0.0
P16234|Q5T0Z8_KAPGSADYG|0.162
P16234|Q5T0Z8_GSADYGFAP|0.122
P16234|Q5T0Z8_AAGRSPYTT|0.032
P16234|Q5T0Z8_TTTRYGSPI|0.0
P16234|Q5T0Z8_TRYGSPINT|0.0
P16234|Q5T0Z8_HPISYVCSG|0.012
P16234|Q5SQH8____MYQPSR|0.088
P16234|Q5SQH8_MYQPSRGAA|0.0
P16234|Q5SQH8_CLRAYQARP|0.0
P16234|Q5SQH8_KLMPSHSPP|0.0
P16234|Q5SQH8_MPSHSPPTP|0.0
P16234|Q5SQH8_HSPPTPVKK|0.0
P16234|Q5SQH8-4_VAPDSPRLP|0.0
P16234|Q5SQH8-4_PSRSSPAQT|0.0
P16234|Q5SZD1_DSSRSLGDL|0.0
P16234|Q5SZD1_EEPNYPSVF|0.0
P16234|Q5TEZ5_DEKTSVARL|0.0
P16234|Q5TEZ5_THQATLGNM|0.0
P16234|Q5TEZ5_KLANTQGEL|0.0
P16234|Q5TEZ5_GELLSIAKQ|0.0
P16234|Q5TEZ5_YINYTFPKL|0.282
P16234|Q5TEZ5_ERKKTPSNL|0.001
P16234|Q5TEZ5_KKTPSNLVI|0.0
P16234|Q96MT4___MIYPLDL|0.0
P16234|P0C671_GWLKTMLNF|0.0
P16234|P0C671_AALRSGEAD|0.0
P16234|P0C671_KKHGSEEAK|0.0
P16234|P0C671_ISSSYGLEE|0.0
P16234|P0C671_RRAFYHKKH|0.433
P16234|P0C671_AGAASPEAR|0.0
P16234|P0C671_ARGHTPEGA|0.0
P16234|P0C671_ARRLYQFDV|0.001
P16234|Q8N319_ASRRSGKTS|0.0
P16234|Q8N319_GRKNSTSKD|0.0
P16234|Q8N319_RKNSTSKDL|0.0
P16234|Q8N319_KNSTSKDLV|0.0
P16234|Q8N319_GFRESDSAK|0.0
P16234|Q8N319_MRSNYPPPL|0.447
P16234|Q5I0X4_ERPRSPQCS|0.0
P16234|O95873_SAPETMEDV|0.0
P16234|O95873_DQPISSTQE|0.0
P16234|O95873_QPISSTQES|0.0
P16234|O95873_STQESGRLE|0.0
P16234|O95873_AGGASPKLR|0.0
P16234|O95873_RPGVSPEGG|0.0
P16234|O95873_EGGLSVPGP|0.0
P16234|Q6P5S2_AAVDSGVMG|0.0
P16234|Q6P5S2_RKFCYDVSS|0.331
P16234|Q6P5S2_DNIKSFEDR|0.0
P16234|Q9GZU0_VRDSSYSLE|0.0
P16234|P10643_FFRSSSSSS|0.018
P16234|P10643_FRSSSSSSR|0.016
P16234|P10643_NDFNSVEEK|0.35
P16234|P10643_ISVTSIRPC|0.275
P16234|Q9BPX7_PKDYTTDSE|0.0
P16234|Q9BPX7_KDYTTDSEH|0.0
P16234|Q9BPX7_YTTDSEH__|0.0
P16234|Q96N11____MSDIRH|0.0
P16234|Q96N11_RDALSAAKE|0.0
P16234|Q96N11_KQIFSASPR|0.0
P16234|Q96N11_IFSASPRFC|0.0
P16234|Q8N865_PTVPTKAYD|0.0
P16234|Q8N865_QNRRSLEAI|0.0
P16234|Q8WU49_APTKSGAPW|0.0
P16234|Q8WU49_WHFLSQGPT|0.0
P16234|Q8WU49_SQGPTDAQR|0.0
P16234|Q8NEG2_TDSEYVKLA|0.0
P16234|Q8NEG2_TRKGSPVAY|0.0
P16234|Q8NEG2_LPDWYIHHS|0.0
P16234|Q8NEG2_RTPKTSRAS|0.0
P16234|Q8NEG2_ASVLSQSPR|0.0
P16234|Q8NEG2_VLSQSPRDL|0.0
P16234|Q8IZ16_SASVSSQVR|0.0
P16234|Q8IZ16_ASVSSQVRT|0.001
P16234|Q6ZTY9_RPHSYSPKR|0.0
P16234|Q9H7B7_MGGISTTYW|0.0
P16234|Q9H7B7_GGISTTYWH|0.0
P16234|Q9H7B7_ISTTYWHRL|0.0
P16234|P07357_FFILSLMTC|0.0
P16234|P07357_LSLMTCQPG|0.18
P16234|P07357_CLDGSDEDD|0.0
P16234|P07357_YGTHYITSG|0.528
P16234|P07357_ITSGSMGGI|0.016
P16234|P07357_GGGLSGDHC|0.0
P16234|P07357_VRGGSSGWS|0.0
P16234|P07357_RGGSSGWSG|0.0
P16234|P07357_SSGWSGGLA|0.0
P16234|P07357_AQNRSTITY|0.006
P16234|P07357_RSLKYNPVV|0.389
P16234|P07358_CGDQSDEAN|0.0
P16234|P07358_FRKPYNVES|0.1
P16234|P07358_TQGKYEFIL|0.006
P16234|P07358_ILKEYESYS|0.412
P16234|P07358_RGKHYIRRT|0.201
P16234|P07358_THYITEAVL|0.134
P16234|P07358_RGDYTLNNV|0.09
P16234|P07358_QKEVSSCHC|0.0
P16234|P07360_VRQLYGDTG|0.401
P16234|P07360_AETDYQSFA|0.409
P16234|P07360_FAVLYLERA|0.187
P16234|Q9H7E9_PGPGTPCAS|0.0
P16234|Q9H7E9_GPVSSARNP|0.0
P16234|Q9H7E9_ARNPSTVCL|0.0
P16234|Q9H7E9_RNPSTVCLC|0.092
P16234|Q9H7E9_DEGGTASKK|0.0
P16234|Q9H7E9_GAIRTLRSK|0.0
P16234|Q9H7E9_LFGDYRAQM|0.0
P16234|Q9H7E9_RAAAYSAQV|0.0
P16234|Q9H7E9_RAKATLDMP|0.0
P16234|Q49A92_RDFRSYDKP|0.179
P16234|Q49A92_DFRSYDKPW|0.012
P16234|Q49A92_VSNISPPSP|0.001
P16234|Q49A92_ISPPSPDSK|0.0
P16234|Q49A92_LENLSRSIA|0.0
P16234|Q49A92_LPSDTESEG|0.0
P16234|Q9NR00_RVSPSIHGY|0.283
P16234|Q96LL4_GRQSSPLTS|0.0
P16234|Q96LL4_LTSGSKLER|0.0
P16234|Q8NAV2_PGVTSTYRR|0.0
P16234|Q8NAV2_VTSTYRRIP|0.209
P16234|Q8NAV2_RLLASQKLG|0.0
P16234|Q8NAV2_APLPSPLHT|0.0
P16234|Q6P047_KLRDYRGHF|0.0
P16234|Q6P047_ALCDYFHHT|0.0
P16234|Q6P047_FIRHYKLYQ|0.0
P16234|Q96K31_PERRSGPPA|0.0
P16234|Q96K31_QKQHSFTSS|0.0
P16234|Q96EF9_MKGFSFKED|0.0
P16234|Q96EF9_IAEVSVSLG|0.0
P16234|Q96EF9_EVSVSLGFM|0.0
P16234|Q6ZUL3_GVGRSLRDC|0.0
P16234|Q6ZUL3_FPVSSLRSP|0.0
P16234|P0DMB2_QQQQSPVKK|0.0
P16234|P02748_FRSRSIEVF|0.0
P16234|P02748_SLKFTPTET|0.0
P16234|P02748_TPTETNKAE|0.444
P16234|P02748_RCLGYHLDV|0.513
P16234|P02748_SLAFSEISV|0.0
P16234|P02748_FSEISVGAE|0.0
P16234|Q5BN46_RTSDYYRVS|0.0
P16234|Q5BN46_WFRGYRTQK|0.0
P16234|Q5T035_GPYPYSLSE|0.001
P16234|Q5T035_TEQNSYSNI|0.0
P16234|Q5T035_EQNSYSNIP|0.0
P16234|Q5T035_QNSYSNIPH|0.0
P16234|Q5T035_EGKHTPLYE|0.0
P16234|Q5T035_HTPLYERSL|0.002
P16234|Q5T035_AQSGSPNHV|0.0
P16234|Q5T035_FPGSSTSSS|0.0
P16234|Q5VYM1_MQPVSPSRS|0.0
P16234|Q5VYM1_LQRESSLED|0.0
P16234|Q5VYM1_QRESSLEDP|0.0
P16234|Q5VYM1_LEDPSRYKP|0.0
P16234|Q5VYM1_HRRGTARLG|0.0
P16234|Q5VYM1_LSTVTGKNH|0.0
P16234|Q6ZV77_EPQPTNTPL|0.0
P16234|Q6ZV77_NTPLSATVG|0.0
P16234|Q6ZV77_GGPISLFTQ|0.0
P16234|Q6ZV77_ISLFTQPRC|0.0
P16234|Q6ZV77_ISMQTPGGS|0.0
P16234|Q6ZV77_TPGGSSCRK|0.0
P16234|Q6ZV77_PGGSSCRKE|0.0
P16234|Q6ZV77_KGHESKRKS|0.0
P16234|Q6ZV77_SKRKSGGRG|0.0
P16234|Q5JTZ5_RQQRTQAHL|0.001
P16234|Q5JTZ5_ERRSSLSLE|0.0
P16234|Q5JTZ5_GLYGSA___|0.0
P16234|Q5TBE3_FNKESKKSN|0.026
P16234|Q5TBE3_ESKKSNLLK|0.026
P16234|Q8N9P6_PRARSPGLD|0.0
P16234|Q8NCR6_TYSDSYRAP|0.408
P16234|Q8NCR6_CCNKYTTYL|0.411
P16234|Q8NCR6_CNKYTTYLP|0.332
P16234|Q8NCR6_NKYTTYLPR|0.435
P16234|Q8NCR6_KYTTYLPRL|0.0
P16234|Q8NCR6_NMLNSLSRN|0.0
P16234|Q8NCR6_LNSLSRNQQ|0.0
P16234|Q8NCR6-3_SYYPYPNLR|0.0
P16234|Q8IXQ3_SASPSKRRD|0.0
P16234|Q8IXQ3_HGLETGDPP|0.0
P16234|Q96LT7_CPPPSPAVA|0.0
P16234|Q96LT7_DLDLTAEGD|0.0
P16234|Q96MD7_QNTFSFKND|0.0
P16234|Q96MD7_KYSKYKPLS|0.0
P16234|Q96MD7_YKPLSKPKK|0.0
P16234|P00915_GNNQSPVDI|0.001
P16234|P00915_LKPISVSYN|0.0
P16234|P00915_PISVSYNPA|0.0
P16234|P00915_YNPATAKEI|0.225
P16234|P00915_NDNRSVLKG|0.0
P16234|P00915_GGPFSDSYR|0.012
P16234|P00915_PFSDSYRLF|0.419
P16234|P00915_FSDSYRLFQ|0.153
P16234|P00915_AKYSSLAEA|0.0
P16234|P00915_AEAASKADG|0.0
P16234|Q9NS85_GKRQSPVNI|0.0
P16234|Q9NS85_TMYNTGRHV|0.435
P16234|Q9NS85_GRHVSLRLD|0.0
P16234|O75493_SHRLSELRL|0.0
P16234|O43570_KGVIYKPAT|0.25
P16234|Q8N1Q1_MSRLSWGYR|0.0
P16234|Q8N1Q1_KEVKYDSSL|0.424
P16234|Q8N1Q1_LRPLSIKYD|0.022
P16234|Q9ULX7_KNIAYEHIL|0.001
P16234|Q9ULX7_EHILSHLHE|0.0
P16234|Q9ULX7_FYRRSQISM|0.0
P16234|Q9ULX7_RSQISMEQL|0.0
P16234|Q9ULX7_GSSYTTGEM|0.008
P16234|P00918____MSHHWG|0.0
P16234|P00918_GERQSPVDI|0.0
P16234|P00918_VDIDTHTAK|0.0
P16234|P00918_HTAKYDPSL|0.148
P16234|P00918_LKPLSVSYD|0.021
P16234|P00918_PLSVSYDQA|0.038
P16234|P00918_LSVSYDQAT|0.125
P16234|P00918_PLDGTYRLI|0.0
P16234|P00918_FHWGSLDGQ|0.0
P16234|P00918_DKKKYAAEL|0.08
P16234|P00918_LKVGSAKPG|0.0
P16234|P00918_KEPISVSSE|0.0
P16234|P07451_WGYASHNGP|0.0
P16234|P07451_LQPWSVSYD|0.009
P16234|P07451_PWSVSYDGG|0.047
P16234|P07451_FDDTYDRSM|0.461
P16234|P07451_LHWGSSDDH|0.0
P16234|P07451_HWGSSDDHG|0.0
P16234|P07451_DGVKYAAEL|0.117
P16234|P07451_WNPKYNTFK|0.441
P16234|P07451_PKYNTFKEA|0.432
P16234|P07451_KEPMTVSSD|0.0
P16234|P07451_VPLVSNWRP|0.0
P16234|P22748_DKKQTWTVQ|0.0
P16234|P22748_KQTWTVQNN|0.0
P16234|P22748_NNGHSVMML|0.021
P16234|Q9Y2D0_PLWESVDLV|0.0
P16234|P35219_ANGEYQSPI|0.0
P16234|P35219_DVRLSPNYV|0.236
P16234|Q9H8G2_SSSVSGSLQ|0.0
P16234|Q9H8G2_LELLSEKKI|0.0
P16234|Q9H8G2_ADDGSKMGS|0.0
P16234|Q9H8G2_SKMGSDLVS|0.0
P16234|Q9H8G2_DSASSVREN|0.0
P16234|Q9H8G2_DIEKSVNEI|0.0
P16234|Q9Y376_KSHKSPADI|0.0
P16234|Q9Y376_DRFFSEYEK|0.345
P16234|Q9Y376_HSENYVTKR|0.438
P16234|Q9Y376_IEFLSKFQN|0.0
P16234|Q9Y376_DEKTYLVKQ|0.428
P16234|Q9H9S4_QKERTDDEQ|0.0
P16234|Q8IVU9_SKFMTLLAM|0.0
P16234|Q8IVU9_AIIDYLKIS|0.0
P16234|Q9Y6J0_EAVSSGDEK|0.0
P16234|Q9Y6J0_ISEESGETA|0.0
P16234|Q9Y6J0_SFNNYEVQS|0.219
P16234|Q9Y6J0_AKLESFPSI|0.0
P16234|Q9Y6J0_LENLTNGGI|0.0
P16234|Q9Y6J0_LMMRYLKAM|0.109
P16234|Q9Y6J0_RLKDYRQCF|0.405
P16234|Q9Y6J0_LSADSSGSI|0.0
P16234|Q9Y6J0_VIDCSMAVQ|0.0
P16234|Q9Y6J0_EQCFYCLYS|0.375
P16234|Q9Y6J0_FYCLYSFPS|0.447
P16234|Q9Y6J0_KRIATIVPR|0.0
P16234|Q9Y6J0_IEYGTMSYA|0.013
P16234|Q9Y6J0_SDSSSTQDF|0.0
P16234|Q9Y6J0_NEPTSLLEG|0.0
P16234|Q9Y6J0_ESLESTEGF|0.0
P16234|Q9Y6J0_PSASTPTLW|0.0
P16234|Q9Y6J0_HMNRSIVLL|0.0
P16234|Q9Y6J0_SHKASPEDG|0.0
P16234|Q9Y6J0_DAGDSADQS|0.0
P16234|Q9Y6J0_SADQSGERK|0.0
P16234|Q9Y6J0_KDKESPRAG|0.0
P16234|Q9Y6J0_TSEATVCHS|0.0
P16234|Q9Y6J0_TVCHSDLER|0.0
P16234|Q9Y6J0_DLERTPPLL|0.0
P16234|Q9Y6J0_PTELSLEEL|0.0
P16234|Q9Y6J0_LEELSISAR|0.0
P16234|Q9Y6J0_RQQPTPLTP|0.0
P16234|Q9Y6J0_PTPLTPAQP|0.0
P16234|Q9Y6J0_EDTESGKTL|0.0
P16234|Q9Y6J0_LLDAYRVWQ|0.0
P16234|Q9Y6J0_KGVAYDLGR|0.0
P16234|Q9Y6J0_GDTPTTPKH|0.0
P16234|Q9Y6J0_DTPTTPKHP|0.0
P16234|Q9Y6J0_HPKDSRENF|0.0
P16234|Q9Y6J0_EPRHSPQVK|0.001
P16234|Q9Y6J0_EPTCSQEGK|0.002
P16234|Q9Y6J0_PTLLSPKGS|0.0
P16234|Q9Y6J0_KGSISEETK|0.0
P16234|Q9Y6J0_LSAQSAANV|0.0
P16234|Q8TDN4_RTRFSLLAA|0.0
P16234|Q8TDN4_GRLNSFTQG|0.001
P16234|Q8TDN4_LNSFTQGIL|0.0
P16234|Q8TDN4_SRPTSQNYC|0.001
P16234|Q8TDN4_TSQNYCSLE|0.0
P16234|Q8TDN4_QNYCSLEQP|0.13
P16234|Q8TDN4_ISQRSSLET|0.0
P16234|Q8TDN4_SQRSSLETL|0.0
P16234|Q8TDN4_SSLETLEDI|0.0
P16234|Q8TDN4_CRTLSGSPR|0.0
P16234|Q8TDN4_RQHDTRNGR|0.0
P16234|Q8TDN4_GGRQSTGAV|0.0
P16234|Q8TDN4_TGAVSLKEI|0.0
P16234|Q8TDN4_NTIDSTSSF|0.0
P16234|Q8TDN4_TIDSTSSFS|0.0
P16234|Q8TDN4_DSTSSFSQF|0.0
P16234|Q8TDN4_FRNLSHRSL|0.0
P16234|Q8TDN4_LSHRSLSIG|0.0
P16234|Q8TDN4_HRSLSIGRA|0.0
P16234|Q8TDN4_AKIGSDLKK|0.0
P16234|Q9BTV7_LPARTPAPQ|0.0
P16234|Q9BTV7_LLSPTQVPT|0.0
P16234|Q9BTV7_KRVTSQRCS|0.163
P16234|Q9BTV7_HKSDSHGLL|0.0
P16234|Q9BTV7_GLLPTPRPS|0.0
P16234|Q9BTV7_TPRPSVPRT|0.0
P16234|Q9BTV7_IFASYMTTV|0.208
P16234|Q9BTV7_TVIEYVKPS|0.029
P16234|Q9NZU7_PGLPSRRLP|0.0
P16234|Q9NZU7_ERGLSPALG|0.0
P16234|P57796_DRDGYISHR|0.0
P16234|P57796_DGYISHREL|0.0
P16234|P57796_RTLGYMPTE|0.124
P16234|Q86V35_YRGIYTVPN|0.002
P16234|Q86V35_MQKLTVDEL|0.0
P16234|O75952__MISSKPRL|0.0
P16234|O75952_YGLKTLLEG|0.0
P16234|O75952_LEGISRAVL|0.0
P16234|O75952_YRGNTTMDI|0.0
P16234|O75952_RGNTTMDIK|0.0
P16234|O75952_QMEKSTDTD|0.0
P16234|O75952_MEKSTDTDE|0.267
P16234|O75952_KSTDTDEDN|0.394
P16234|O75952_LGKVSSIHS|0.0
P16234|O75952_GKVSSIHSD|0.101
P16234|O75952_ENEQSPRVS|0.0
P16234|O75952_EAEATALLS|0.0
P16234|O75952_IKIGSEKSL|0.0
P16234|O75952-2_FAAAYFQEL|0.0
P16234|O75952-2_ELTMYRVEK|0.0
P16234|O75952-3_PRPKSPVFL|0.0
P16234|Q5VU97_ISVLTVADT|0.047
P16234|Q5VU97_KRKMSTFVS|0.0
P16234|Q5VU97_RKMSTFVSS|0.0
P16234|Q5VU97_SSVKSSDSP|0.0
P16234|Q5VU97_SVKSSDSPT|0.0
P16234|Q5VU97_KSSDSPTQH|0.0
P16234|Q5VU97_SDSPTQHAV|0.0
P16234|Q5VU97_NSGKYGVPD|0.144
P16234|Q5VU97_LNQLSNLET|0.0
P16234|Q5VU97_EVMATSHVT|0.0
P16234|Q5VU97_TSHVTDEWM|0.0
P16234|Q5VU97_QMEMSSLNT|0.0
P16234|Q5VU97_MEMSSLNTY|0.0
P16234|Q5VU97_IHRRSHQHM|0.0
P16234|Q5VU97_HQHMSPLAA|0.001
P16234|Q5VU97_AQEMSVRMS|0.0
P16234|Q5VU97_RDDDSHEDR|0.0
P16234|Q5VU97_RHAHSPERR|0.0
P16234|O00555_MPARYGGGG|0.004
P16234|O00555_SGIPSLQVV|0.0
P16234|O00555_ADIASVGSP|0.0
P16234|O00555_AREGSLEQP|0.0
P16234|O00555_SRSGSPRTG|0.0
P16234|O00555_QNAASRRTP|0.0
P16234|O00555_CRGKYLLYE|0.154
P16234|O00555_KYLLYEKNE|0.443
P16234|O00555_WPNLSQKTL|0.0
P16234|O00555_NNLSTISDT|0.0
P16234|O00555_LSTISDTSP|0.0
P16234|O00555_TISDTSPMK|0.0
P16234|O00555_ISDTSPMKR|0.0
P16234|O00555_PMKRSASVL|0.0
P16234|O00555_KRSASVLGP|0.0
P16234|O00555_HRQGSSSVS|0.0
P16234|O00555_QGSSSVSGS|0.0
P16234|O00555_SSSVSGSPA|0.0
P16234|O00555_SVSGSPAPS|0.0
P16234|O00555_PAPSTSGTS|0.0
P16234|O00555_SGTSTPRRG|0.0
P16234|O00555_HVSYSPVIR|0.0
P16234|O00555_DGPGSGGGE|0.0
P16234|O00555_ATGRSPRTP|0.0
P16234|O00555_PACASPSRH|0.0
P16234|Q00975_SGIPSLQVV|0.0
P16234|Q00975_GLEFYMGKF|0.567
P16234|Q00975_KRAATKKSR|0.0
P16234|Q00975_RQQNSAKAR|0.0
P16234|Q00975_AKARSVWEQ|0.0
P16234|Q00975_REAESGEEP|0.0
P16234|Q00975_DFAISAKPL|0.0
P16234|Q00975_AKPLTRYMP|0.461
P16234|Q00975_KQNKTTRDQ|0.0
P16234|Q00975_QNKTTRDQM|0.0
P16234|Q00975_VSWGTQRTQ|0.0
P16234|Q00975_GTQRTQDAP|0.0
P16234|Q00975_ERGHSTEIP|0.0
P16234|Q00975_PVGRSGALA|0.0
P16234|Q00975_GRAASMPRL|0.0
P16234|Q00975_LAAETQPVT|0.0
P16234|Q00975_KRSISTLAQ|0.0
P16234|Q00975_RSISTLAQR|0.0
P16234|Q00975_RQPSSSSSE|0.0
P16234|Q00975_KQRFYSCDR|0.444
P16234|Q00975_SRGLSEHNA|0.0
P16234|Q00975_SRIGSDPYL|0.0
P16234|Q00975_GSDPYLGQR|0.412
P16234|Q00975_QRLDSEASV|0.0
P16234|Q13936_VNENTRMYI|0.135
P16234|Q13936_LIIFTVEAF|0.0
P16234|Q13936_PRPLSELHL|0.0
P16234|Q13936_FCRNYFNIL|0.366
P16234|Q13936_VSLISFGIQ|0.0
P16234|Q13936_KGKLYTCSD|0.129
P16234|Q13936_GKLYTCSDS|0.252
P16234|Q13936_PELLYRSID|0.088
P16234|Q13936_TFIKSFQAL|0.0
P16234|Q13936_QALPYVALL|0.107
P16234|Q13936_VGKPSQRNA|0.0
P16234|Q13936_VSAASEDDI|0.046
P16234|Q13936_SYYQSDGRS|0.253
P16234|Q13936_RPAGYPSTV|0.228
P16234|Q13936_GPPLSPAIR|0.0
P16234|Q13936_SRCHSRESQ|0.119
P16234|Q13936_SQDETYEVK|0.401
P16234|Q13936_QDETYEVKM|0.685
P16234|Q13936_GGDISQKTV|0.0
P16234|Q13936_VRPVSLMVP|0.0
P16234|Q13936_LMVPSQAGA|0.0
P16234|Q13936_AVLISEGLG|0.0
P16234|Q13936-12_QDETYEVKM|0.485
P16234|Q13936-12_DSRVYVSSL|0.356
P16234|Q01668_SQPNSSKQT|0.0
P16234|Q01668_ESVNTENVS|0.0
P16234|Q01668_TENVSGEGE|0.0
P16234|Q01668_NLVASLLNS|0.0
P16234|Q01668_PRRISELNM|0.183
P16234|Q01668_KRIWSEYDP|0.001
P16234|Q01668_MPLNSDGTV|0.0
P16234|Q01668_MFNATLFAL|0.0
P16234|Q01668_RYYETYIRS|0.421
P16234|Q01668_SRQNYGYYS|0.443
P16234|Q01668_QNYGYYSRY|0.513
P16234|Q01668_VGPLSHRQD|0.0
P16234|Q01668-2_KAGPSGCRR|0.0
P16234|Q15878_FNDGTPSAN|0.037
P16234|Q15878_DGTPSANFD|0.0
P16234|Q15878_LNPLSSLNP|0.0
P16234|Q15878_NPLSSLNPL|0.0
P16234|Q15878_QDGSYFRDL|0.357
P16234|Q15878_KLVNTSGFN|0.0
P16234|Q15878_LVNTSGFNM|0.024
P16234|Q15878_EPDTTAPSG|0.0
P16234|Q15878_TTAPSGQNE|0.159
P16234|Q15878_MPKASDLTV|0.0
P16234|Q15878_ASDLTVGKI|0.0
P16234|Q15878_SELKSVQPS|0.0
P16234|Q15878_SRRRSYHSS|0.001
P16234|Q15878_RRRSYHSSL|0.139
P16234|Q15878_RSYHSSLRL|0.0
P16234|Q15878_SYHSSLRLS|0.084
P16234|Q15878_LSESSIPSV|0.0
P16234|Q15878_SSIPSVSDT|0.0
P16234|Q15878_SLGRSNTIG|0.0
P16234|O60840____MSESEG|0.0
P16234|O60840_HPSAYIRNG|0.0
P16234|O60840_TDVLYWMQD|0.42
P16234|O60840_GALASCTRC|0.0
P16234|O60840_LASCTRCLN|0.0
P16234|O60840_SFCRSWFNM|0.0
P16234|O60840_GIHSSAISV|0.0
P16234|O60840_SFGPSDDDR|0.0
P16234|O60840_GRKPSFTIQ|0.0
P16234|O60840_KPSFTIQCL|0.0
P16234|O60840_GRLLYAPLL|0.0
P16234|O43497_LNDLSGAGG|0.0
P16234|O43497_PGPGSAEKD|0.0
P16234|O43497_NRVPSMRIL|0.0
P16234|O43497_DLERYYQTE|0.216
P16234|O43497_LERYYQTEN|0.441
P16234|O43497_PSARSSPHS|0.0
P16234|O43497_EERASPAGS|0.0
P16234|O43497_RHRGSLERE|0.0
P16234|O43497_REAKSSFDL|0.0
P16234|O43497_EAKSSFDLP|0.0
P16234|O43497_AHARSASHF|0.0
P16234|O43497_ARSASHFSL|0.0
P16234|O43497_ASHFSLEHP|0.001
P16234|O43497_LEHPTDRQL|0.212
P16234|O43497_SRTHSLPND|0.0
P16234|O43497_LKKCYSVEA|0.001
P16234|O43497-13_QCKPYYSDY|0.0
P16234|O43497-13_CKPYYSDYS|0.0
P16234|O43497-13_YSDYSRFRL|0.0
P16234|O43497-13_LEHPTMQPH|0.0
P16234|O43497-2_LEHPTMQPH|0.001
P16234|O43497-6_LEHPTMQPH|0.001
P16234|O95180_LVGASPESP|0.0
P16234|O95180_ASPESPGAP|0.38
P16234|O95180_AERGSELGV|0.0
P16234|O95180_ELGVSPSES|0.0
P16234|O95180_SPSESPAAE|0.0
P16234|O95180_NRVPSMRIL|0.0
P16234|O95180_ARHLSNDST|0.0
P16234|O95180_SNDSTLASF|0.01
P16234|O95180_GAPPSPPSP|0.0
P16234|O95180_PSPPSPGRG|0.0
P16234|O95180_MNYPTILPS|0.235
P16234|O95180_TILPSGVGS|0.0
P16234|O95180_SGVGSGKGS|0.0
P16234|O95180_LSLNSPDPY|0.094
P16234|O95180_EGELSGSES|0.0
P16234|O95180_ELSGSESGD|0.0
P16234|O95180_SGSESGDSD|0.0
P16234|O95180_ESGDSDGRG|0.0
P16234|O95180_PPRATDTPG|0.0
P16234|O95180_PGPGSPQRR|0.0
P16234|O95180_WVTFSGKLR|0.0
P16234|O95180_EDKTSVHFE|0.0
P16234|O95180_RGSLSPPLI|0.0
P16234|O95180_DAAPSLPDS|0.0
P16234|O95180_SLPDSRRGS|0.0
P16234|O95180_RGSSSSGDP|0.0
P16234|O95180_GERESLLSG|0.0
P16234|O95180_ESLLSGEGK|0.005
P16234|O95180_EGKGSTDDE|0.002
P16234|O95180_GKGSTDDEA|0.0
P16234|O95180_RRRRSTFPS|0.0
P16234|O95180_RRRSTFPSP|0.0
P16234|O95180_STFPSPEAQ|0.0
P16234|O95180_YADYSPTRR|0.402
P16234|O95180_LPQESPGAR|0.0
P16234|O95180_SRMLSLPND|0.0
P16234|O95180_SPARSGEPL|0.0
P16234|O95180_LHALSPRGT|0.0
P16234|O95180_GKIDSPRDT|0.0
P16234|O95180_GSLQSPPRS|0.0
P16234|O95180_TRKHTFGQR|0.412
P16234|O95180_RRLYSVDAQ|0.279
P16234|O95180_KKKMSPPCI|0.0
P16234|O95180_RRTPSCEAT|0.0
P16234|Q9P0X4_GCKFSLRTD|0.0
P16234|Q9P0X4_DEDQSSSNI|0.0
P16234|Q9P0X4_EDQSSSNIE|0.0
P16234|Q9P0X4_DQSSSNIEE|0.001
P16234|Q9P0X4_SRKSSVMSL|0.0
P16234|Q9P0X4_SSVMSLGRM|0.0
P16234|Q9P0X4_GDDLSLEDP|0.0
P16234|Q9P0X4_SLQTTLEDS|0.0
P16234|Q9P0X4_SLTLSDSPR|0.0
P16234|Q9P0X4_TLSDSPRRA|0.0
P16234|Q9P0X4_QRSHSSGGS|0.0
P16234|Q13698_KMHKTCYFI|0.0
P16234|Q13698_YFIGTDIVA|0.145
P16234|Q13698_DIVATVENE|0.0
P16234|Q13698_EGKLSLDEG|0.0
P16234|Q13698_DEGGSDTES|0.0
P16234|Q13698_SDTESLYEI|0.008
P16234|Q13698_TESLYEIAG|0.0
P16234|Q13698_RVLLSLFTT|0.0
P16234|Q13698_LSLFTTEML|0.0
P16234|Q13698_SLFTTEMLM|0.0
P16234|Q13698_IVNATWFTN|0.0
P16234|Q13698_ATWFTNFIL|0.0
P16234|Q13698_ECRGYYYVY|0.449
P16234|Q13698_CRGYYYVYK|0.418
P16234|Q13698_RGYYYVYKD|0.446
P16234|Q13698_YYYVYKDGD|0.407
P16234|Q13698_VGPIYNNRV|0.042
P16234|Q13698_TFIKSFQAL|0.0
P16234|Q13698_QALPYVALL|0.0
P16234|Q13698_VGKFYATFL|0.028
P16234|Q13698_EICRTVSGD|0.0
P16234|P54289_AKTASGVNQ|0.021
P16234|P54289_GLARYYPAS|0.439
P16234|P54289_LARYYPASP|0.305
P16234|P54289_WVDNSRTPN|0.003
P16234|P54289_KIDLYDVRR|0.0
P16234|P54289_NDSKSFSGV|0.0
P16234|Q9NY47_GDIESLLDR|0.121
P16234|Q9NY47_DIVYYDAKA|0.575
P16234|Q9NY47_KIDLYDVRR|0.0
P16234|Q9NY47_EIRRSMIDG|0.0
P16234|Q8IZS8_NRKWYIQAA|0.155
P16234|Q8IZS8_QAATSPKDV|0.0
P16234|Q8IZS8_AQKLTDDQG|0.0
P16234|Q8IZS8_LRLLYEEGK|0.0
P16234|Q8IZS8_AFLGTRTGL|0.0
P16234|Q8IZS8_DERKSPVVA|0.0
P16234|Q7Z3S7_LTLLTTVAM|0.0
P16234|Q7Z3S7_KKNETRSHG|0.0
P16234|Q7Z3S7_NETRSHGIL|0.0
P16234|Q7Z3S7_GVVGSDVAL|0.0
P16234|Q7Z3S7_HRKLSQLEA|0.0
P16234|Q7Z3S7_FWAATRQCS|0.0
P16234|Q7Z3S7_TEVKYNASV|0.0
P16234|Q02641_PQGKYSKRK|0.003
P16234|Q02641_QGKYSKRKG|0.002
P16234|Q02641_RSDGSTSSD|0.0
P16234|Q02641_VRQGSAESY|0.413
P16234|Q02641_SAESYTSRP|0.04
P16234|Q02641_GSSKSGDNS|0.0
P16234|Q02641_DNSSSSLGD|0.0
P16234|Q02641_NSSSSLGDV|0.0
P16234|Q02641_THPPSSTPP|0.0
P16234|Q02641_LQGPYLASG|0.0
P16234|Q02641_LRALSRQDT|0.0
P16234|Q02641_SRQDTFDAD|0.012
P16234|Q02641_DTPGSRNSA|0.0
P16234|Q02641_ARQGSWEDE|0.0
P16234|Q02641-2_TRRPTPPAS|0.0
P16234|Q02641-2_KTSVSSVTT|0.0
P16234|Q02641-2_VSSVTTPPP|0.0
P16234|Q02641-2_SSVTTPPPH|0.0
P16234|Q08289_GSDGSTSSD|0.0
P16234|Q08289_FFKKTEHTP|0.0
P16234|Q08289_HTPPYDVVP|0.49
P16234|Q08289_DVVPSMRPV|0.0
P16234|Q08289_YWKATHPPS|0.002
P16234|Q08289_RTLATSSLP|0.0
P16234|Q08289_LATSSLPLS|0.0
P16234|Q08289_HNHRSGTSR|0.0
P16234|Q08289_HRSGTSRGL|0.0
P16234|Q08289_RSGTSRGLS|0.0
P16234|Q08289_SRGLSRQET|0.0
P16234|Q08289-2_NSSSSLGDI|0.0
P16234|P54284_EDRESARRE|0.0
P16234|P54284_REVESQAQQ|0.0
P16234|P54284_AFIPSPQRL|0.257
P16234|P54284_KARRSGNPS|0.0
P16234|P54284_GNRRSPPPS|0.0
P16234|P54284_MKHLTVQMM|0.0
P16234|P54284_QMMAYDKLV|0.323
P16234|P54284_GEEHSPLER|0.0
P16234|O00305_AKNGTADGP|0.23
P16234|O00305_SSGNSSSSL|0.0
P16234|O00305_GNSSSSLGE|0.0
P16234|O00305_NSSSSLGEM|0.0
P16234|O00305_KQKVTEHIP|0.0
P16234|O00305_NLGSTALSP|0.0
P16234|O00305_SGLQSQRMR|0.0
P16234|O00305_NRLSSSSQH|0.0
P16234|O00305_RLSSSSQHS|0.0
P16234|O00305_SSQHSRDHY|0.179
P16234|O00305_SYQDTYKPH|0.274
P16234|O00305_YQDTYKPHR|0.349
P16234|O00305_SPGGYSHDS|0.0
P16234|Q06432_KKRDYLLRP|0.425
P16234|Q06432_VMRQSVKRM|0.0
P16234|O60359_SRDLSPISK|0.067
P16234|Q9UBN1_IVRASSVFP|0.199
P16234|Q9UBN1_ARMPSYRYR|0.417
P16234|Q9UBN1_SRDVSPMGL|0.0
P16234|Q9UBN1_ELSMYTLSR|0.414
P16234|Q9UF02_FNYKYGWSF|0.0
P16234|Q9UF02_KYGWSFAFA|0.297
P16234|Q9UF02_SFLLTESAG|0.0
P16234|Q9UF02_FMKRYTAED|0.0
P16234|Q9UF02_MKRYTAEDM|0.0
P16234|Q9UF02_AEDMYRPHP|0.294
P16234|Q9UF02_KCPDYDQMS|0.344
P16234|Q9BXT2_LLLVSLEVF|0.0
P16234|Q9BXT2_VFRHSVRAL|0.0
P16234|P62955____MSHCSS|0.008
P16234|P62955_MSHCSSRAL|0.0
P16234|P62955_SHCSSRALT|0.01
P16234|P62955_KTVRTATPF|0.084
P16234|P62955_VRTATPFPM|0.001
P16234|P62955_FPMVSLFLV|0.0
P16234|P62955_MTQNYPPAI|0.36
P16234|P62955_PAIKYPDHL|0.242
P16234|Q8WXS5_SRSSSRSSE|0.0
P16234|Q8WXS5_SRDASPGGP|0.0
P16234|Q8WXS5_PGFASTDIS|0.0
P16234|Q8WUQ7_SQSGSRSRS|0.0
P16234|Q8WUQ7_SRDGSSQSD|0.0
P16234|Q8WUQ7_RDGSSQSDS|0.0
P16234|Q8WUQ7_GSSQSDSGE|0.0
P16234|Q8WUQ7_SQSDSGEEQ|0.0
P16234|Q8WUQ7_GEEQSRGQW|0.0
P16234|Q8WUQ7_SPGRSQSPR|0.0
P16234|Q8WUQ7_GRSQSPRAA|0.0
P16234|Q8WUQ7_AAALSQQQS|0.0
P16234|Q8WUQ7_SQQQSLQER|0.0
P16234|Q8WUQ7_KKGISHLEE|0.0
P16234|Q8WUQ7_LIQQSLDDY|0.0
P16234|Q8WUQ7_SLDDYDAGR|0.0
P16234|Q8WUQ7_AGRYSPRLL|0.0
P16234|Q8WUQ7_RLQLSRQQL|0.0
P16234|Q8WUQ7_TGDASESAE|0.0
P16234|Q8WUQ7_DASESAEDI|0.0
P16234|Q86Y37_PPPPSSIPA|0.0
P16234|Q86Y37_PPPSSIPAP|0.0
P16234|Q86Y37_PPDLYIERF|0.127
P16234|Q86Y37_DELAYNSSS|0.0
P16234|Q9HB71_MQQKSQKKA|0.0
P16234|Q9HB71_VAPITTGYT|0.036
P16234|Q9HB71_APITTGYTV|0.229
P16234|Q9HB71_ITTGYTVKI|0.005
P16234|Q9HB71_TTGYTVKIS|0.0
P16234|Q9HB71_FVKIYITLT|0.261
P16234|Q9HB71_FTERSFDLL|0.0
P16234|Q9HB71_NGKSYSMIV|0.0
P16234|Q9HB71_SVEGSSKKV|0.0
P16234|Q9HB71_KEKPSYDTE|0.028
P16234|Q9HB71_EKPSYDTET|0.332
P16234|Q9HB71_PSYDTETDP|0.0
P16234|Q9HB71_YDTETDPSE|0.0
P16234|Q9HB71_ETDPSEGLM|0.0
P16234|P27708_REQGSLLGK|0.0
P16234|P27708_VSIKTPRVF|0.0
P16234|P27708_GAKTYKMRY|0.429
P16234|P27708_GVLLTFGGQ|0.348
P16234|P27708_RVLGTPVET|0.0
P16234|P27708_AFAHTSQVL|0.0
P16234|P27708_FAHTSQVLV|0.208
P16234|P27708_KEIEYEVVR|0.199
P16234|P27708_PSVDYCVVK|0.392
P16234|P27708_SCMKSVGEV|0.0
P16234|P27708_AVLSTELAV|0.0
P16234|P27708_EAIDSAENR|0.0
P16234|P27708_TIGISQPQW|0.0
P16234|P27708_WRELSDLES|0.01
P16234|P27708_ERFLSSAAA|0.0
P16234|P27708_NVRVSRSFP|0.0
P16234|P27708_RVSRSFPFV|0.0
P16234|P27708_VPQFSFSRL|0.019
P16234|P27708_SSFVTKGYR|0.069
P16234|P27708_AADFSVPLI|0.0
P16234|P27708_HLFLSHDDL|0.0
P16234|P27708_EKCGSRPPP|0.0
P16234|P27708_EGRLSLDDL|0.0
P16234|P27708_GEVAYIDGQ|0.398
P16234|P27708_VPPGYGQDV|0.237
P16234|P27708_SAPATSEMT|0.0
P16234|P27708_APATSEMTT|0.0
P16234|P27708_TSEMTTTPE|0.0
P16234|P27708_SEMTTTPER|0.0
P16234|P27708_EMTTTPERP|0.0
P16234|P27708_TPDGTCYPP|0.229
P16234|P27708_DGTCYPPPP|0.485
P16234|P27708_LHPQTSPLL|0.0
P16234|P27708_NVAHTLRMM|0.226
P16234|P27708_VSLRYVAPP|0.381
P16234|P27708_ERFGSTQEY|0.0
P16234|P27708_RFGSTQEYE|0.004
P16234|P27708_STQEYEACF|0.27
P16234|P27708_PRAAYFRQA|0.248
P16234|P27708_ENGMYIRMA|0.301
P16234|P27708_ALLATVLGR|0.0
P16234|Q9BY67___MASVVLP|0.0
P16234|Q9BY67_VVLPSGSQC|0.0
P16234|Q9BY67_LPSGSQCAA|0.44
P16234|Q9BY67_QVNKSDDSV|0.132
P16234|Q9BY67_KSDDSVIQL|0.0
P16234|Q9BY67_LLNFSSSEL|0.0
P16234|Q9BY67_GKAHSDYML|0.158
P16234|Q9BY67_AHSDYMLYV|0.472
P16234|Q9BY67_TTTTTTTTT|0.0
P16234|Q9BY67_HKGTYFTHE|0.417
P16234|Q9BY67_ADADTAIIN|0.0
P16234|Q9BY67_GQNNSEEKK|0.0
P16234|Q9BY67_EKKEYFI__|0.661
P16234|Q8N3J6_NAEGSQVNA|0.0
P16234|Q8N126_PNGKTFTVS|0.0
P16234|Q8N126_FTVSSSVTF|0.0
P16234|Q8N126_SSSVTFQVT|0.0
P16234|Q8N126_FLNKSDSGT|0.0
P16234|Q8N126_DSGTYGCTA|0.378
P16234|Q8NFZ8_PARQTLFFN|0.0
P16234|Q8NFZ8_FFNGTRALK|0.0
P16234|Q8NFZ8_LEEFSPRRV|0.364
P16234|Q8NFZ8_DVQYSPTAR|0.416
P16234|Q8NFZ8_FLNGSDGHK|0.0
P16234|Q9ULU8_GRPSSPSPS|0.0
P16234|Q9ULU8_PSSPSPSVV|0.09
P16234|Q9ULU8_SPSPSVVSE|0.0
P16234|Q9ULU8_PSVVSEKEK|0.0
P16234|Q9ULU8_KRVRSLPEI|0.0
P16234|Q9ULU8_MENMYIEEL|0.402
P16234|Q9ULU8_SHNASIIDM|0.0
P16234|Q9ULU8_VKLFTESTG|0.007
P16234|Q9ULU8_PTPNSPKQS|0.24
P16234|Q9ULU8_MIDPTLLHY|0.348
P16234|Q9ULU8_AFCASHVHG|0.0
P16234|Q9ULU8_ALVNYSRLS|0.025
P16234|Q9ULU8_LVNYSRLSE|0.378
P16234|Q9ULU8_KLEDTIRLA|0.002
P16234|Q9ULU8-2_YSRLSEYAK|0.0
P16234|Q9ULU8-2_RLSEYAKIE|0.0
P16234|Q9ULU8-2_GRLITPAKK|0.0
P16234|Q86UW7_SVSPSPSVL|0.021
P16234|Q86UW7_SPSPSVLSE|0.0
P16234|Q86UW7_PSVLSEGRD|0.001
P16234|Q86UW7_KRVRSLPEI|0.002
P16234|Q86UW7_HQLLYNACQ|0.335
P16234|Q86UW7_VLSFTLEIV|0.0
P16234|Q86UW7_VKLFTESTG|0.048
P16234|Q86UW7_TSNSSKSAE|0.001
P16234|Q86UW7_HMKHSGYLY|0.37
P16234|Q86UW7_LVVRYVDLM|0.385
P16234|Q86UW7_SLLVSKFVS|0.178
P16234|Q86UW7_TMKDSDEEE|0.001
P16234|Q86UW7-2_DAQLYADRF|0.0
P16234|Q13111_ADDMSDDQG|0.0
P16234|Q13111_DLEASLDTL|0.0
P16234|Q13111_ASLDTLENN|0.0
P16234|Q13111_IGQSTVIID|0.0
P16234|Q13111_GETLSDIPC|0.0
P16234|Q13111_CPELTSGPR|0.0
P16234|Q13111_QHSSTSPFP|0.0
P16234|Q13111_SPFPTSTPL|0.0
P16234|Q13111_PFPTSTPLR|0.0
P16234|Q13111_FPTSTPLRR|0.0
P16234|Q13111_THVSTRNAD|0.0
P16234|Q13111_DIFNSDVVI|0.0
P16234|Q13111_HGYLSEDEG|0.016
P16234|Q13111_LHTPTPSED|0.0
P16234|Q13111_IPSKSRLKR|0.014
P16234|Q13111_PKEDSGSVP|0.0
P16234|Q13111_GSVPSTGPS|0.0
P16234|Q13111_TGKATLTAS|0.0
P16234|Q13112_HRLASAGVD|0.0
P16234|Q13112_AGVDTNVRI|0.0
P16234|Q13112_VEFLSNLAR|0.0
P16234|Q13112_LARHTKAVN|0.0
P16234|Q13112_RTPDTAKKT|0.0
P16234|Q13112_KKTKSQTHR|0.0
P16234|Q13112_PASRTQDPS|0.0
P16234|Q13112_PPSITPAVK|0.0
P16234|Q13112_LPGPSEEKT|0.0
P16234|Q13112_WSKTTPRRI|0.0
P16234|Q13112_IQSETPGDA|0.0
P16234|Q13112_NKGGTESLD|0.0
P16234|Q13112_GGTESLDP_|0.0
P16234|Q8TC20_DDEMTEKPE|0.0
P16234|Q8TC20_PEFQSQVYN|0.0
P16234|Q8TC20_IKQDSFKEE|0.0
P16234|Q8TC20_EIQNYGEIP|0.0
P16234|Q8TC20_SVSQYLEMD|0.0
P16234|Q8TC20_RDVPTLLGA|0.0
P16234|Q8TC20-3_AYNLYIFIG|0.0
P16234|P05937_GLELSPEMK|0.0
P16234|P05937_IMALSDGGK|0.0
P16234|P22676_DGNGYIEGK|0.309
P16234|P22676_SGMMSKSDN|0.0
P16234|P22676_QHVGSSAEF|0.0
P16234|P22676_DTDRSGYIE|0.329
P16234|P22676_DRSGYIEAN|0.334
P16234|P22676_KGFLSDLLK|0.0
P16234|P22676_DKDRSGYID|0.0
P16234|P22676_DRSGYIDEH|0.0
P16234|P22676_AGKLYRKDL|0.0
P16234|P22676_IVLCSEPPM|0.0
P16234|P01258_ALESSPADP|0.0
P16234|P01258_ADPATLSED|0.0
P16234|P01258_CGNLSTCML|0.0
P16234|P01258_LGTYTQDFN|0.388
P16234|P01258_NKFHTFPQT|0.0
P16234|P06881_AGLLSRSGG|0.0
P16234|P06881_LLSRSGGVV|0.0
P16234|Q9P1Z2_SRAPSRGGV|0.0
P16234|Q9P1Z2_GLLQSVEAE|0.002
P16234|Q9P1Z2_LVQLSESKR|0.0
P16234|Q9P1Z2_TELRSALRV|0.006
P16234|Q9P1Z2_DPGSSPAGP|0.0
P16234|Q9P1Z2_PREASPLVV|0.0
P16234|Q9P1Z2_GGPATPTWK|0.0
P16234|Q13137_GGDVTCHYT|0.251
P16234|Q13137_QFKAYYLPK|0.425
P16234|Q13137_EQKDYWETE|0.312
P16234|Q13137_QAQLSTQEK|0.0
P16234|Q13137_HLFLSLTEQ|0.0
P16234|Q13137_SKRLSENEI|0.005
P16234|Q13137_SRLLSYMGL|0.0
P16234|Q13137_LDFNSLPYQ|0.03
P16234|Q13137_NSLPYQVPT|0.421
P16234|Q13137_PGLAYGNPY|0.418
P16234|Q13137_YGNPYSGIQ|0.199
P16234|Q13137_GNPYSGIQE|0.237
P16234|Q13137_IQESSSPSP|0.0
P16234|Q13137_QESSSPSPL|0.0
P16234|Q13137_SSSPSPLSI|0.0
P16234|P30988_KPFLYVVGR|0.044
P16234|P30988_MDAQYKCYD|0.573
P16234|P30988_QYKCYDRMQ|0.392
P16234|P30988_TWSNYTMCN|0.394
P16234|P30988_WSNYTMCNA|0.392
P16234|P30988_CNAFTPEKL|0.027
P16234|P30988_RDPVSCKIL|0.0
P16234|P30988-1_RKLTTIFPL|0.0
P16234|Q16602_NCWISSDTH|0.0
P16234|Q16602_QFGNSFSNS|0.0
P16234|Q16602_LNGKSIHDI|0.002
P16234|Q16602_PENLYN___|0.665
P16234|Q05682_QEEESLGQV|0.0
P16234|Q05682_AKTTTTNTQ|0.0
P16234|Q05682_KTTTTNTQV|0.0
P16234|Q05682_TTTNTQVEG|0.0
P16234|Q05682_EFDPTITDA|0.0
P16234|Q05682_DASLSLPSR|0.0
P16234|Q05682_MQNDTAENE|0.001
P16234|Q05682_KEEKSESRQ|0.0
P16234|Q05682_RQERYEIEE|0.297
P16234|Q05682_VTKSYQKND|0.243
P16234|Q05682_KTTESQEET|0.0
P16234|Q05682_REQGSDEIS|0.0
P16234|Q05682_AMQETKIKG|0.0
P16234|Q05682_KLKHTENTF|0.0
P16234|Q05682_HTENTFSRP|0.0
P16234|Q05682_ASVDTKEAE|0.073
P16234|Q05682_GETESEEFE|0.0
P16234|Q05682_EDGLSDDKK|0.0
P16234|Q05682_TPKGSSLKI|0.0
P16234|Q05682_SVQKSSGVK|0.0
P16234|Q05682_VQKSSGVKS|0.0
P16234|Q05682_AAIVSKIDS|0.0
P16234|Q05682_RLEQYTSAI|0.0
P16234|Q05682_EGTKSAKPT|0.0
P16234|Q05682_SAKPTKPAA|0.324
P16234|Q05682_PGDVSSKRN|0.0
P16234|Q05682_VTSPTKV__|0.0
P16234|Q05682-2_PKRGSIGEN|0.001
P16234|Q05682-2_RLEQYTSAI|0.0
P16234|Q05682-3_MLGGSGSHG|0.0
P16234|Q05682-6_SVQKSGVKS|0.0
P16234|P27482_KEAFSLFDK|0.0
P16234|P27482_RELGTVMRS|0.174
P16234|P27482_GEKLSDEEV|0.0
P16234|P27482_GQVNYEEFV|0.402
P16234|P27482_RVLVSK___|0.0
P16234|Q96GE6_GPPPSLADF|0.0
P16234|Q96GE6_TERGSGSSK|0.0
P16234|Q96GE6_RGSGSSKPT|0.0
P16234|Q96GE6_GSGSSKPTG|0.0
P16234|Q9NZT1_AGELTPEEE|0.0
P16234|Q9NZT1_EEAQYKKAF|0.425
P16234|Q9NZT1_GKNLSEAQL|0.0
P16234|Q9NZT1_SEVDSDGDG|0.0
P16234|Q9NZT1_DGEISFQEF|0.0
P16234|Q9NZT1_GRVNYEEFA|0.442
P16234|Q8TD86_MTGESFKLI|0.0
P16234|P0DP23_KEAFSLFDK|0.165
P16234|P0DP23_DGTITTKEL|0.0
P16234|P0DP23_GTITTKELG|0.0
P16234|P0DP23_KELGTVMRS|0.0
P16234|P0DP23_VQMMTAK__|0.704
P16234|P27824_TGEVYFADS|0.061
P16234|P27824_YFADSFDRG|0.348
P16234|P27824_RGTLSGWIL|0.0
P16234|P27824_GWILSKAKK|0.0
P16234|P27824_KKDDTDDEI|0.0
P16234|P27824_DKTPYTIMF|0.288
P16234|P27824_KNPKTGIYE|0.213
P16234|P27824_KTGIYEEKH|0.276
P16234|P27824_ADLKTYFTD|0.146
P16234|P27824_PRCESAPGC|0.0
P16234|P27824_DNPNYKGKW|0.224
P16234|P27824_DNPSYQGIW|0.079
P16234|P27824_WSMTSDIFF|0.0
P16234|P27824_GKKQTSGME|0.0
P16234|P27824_KKQTSGMEY|0.0
P16234|P27824_SGMEYKKTD|0.319
P16234|P20810__MNPTETKA|0.0
P16234|P20810_KKSQSTKLS|0.0
P16234|P20810_HEKKSQEGK|0.0
P16234|P20810_TEPKSLPKQ|0.0
P16234|P20810_KKSLTPAVP|0.0
P16234|P20810_PDKPSGKSG|0.0
P16234|P20810_PADSSKPIG|0.0
P16234|P20810_IDALSSDFT|0.0
P16234|P20810_QSAGTVRSA|0.0
P16234|P20810_KDTMSDQAL|0.0
P16234|P20810_LEALSASLG|0.0
P16234|P20810_ALSASLGTR|0.0
P16234|P20810_ASLGTRQAE|0.0
P16234|P20810_LDLRSIKEV|0.0
P16234|P20810_IPSEYRLKP|0.266
P16234|P20810_PSKPTEKTE|0.0
P16234|P20810_CSIQSAPPE|0.0
P16234|P20810_IPPDYRLEE|0.396
P16234|P20810_LPKESKEQL|0.0
P16234|P20810_LPPMSEDFL|0.0
P16234|P20810_VVSQTPAST|0.0
P16234|P20810_QTPASTTQA|0.0
P16234|P20810_PPRDTSQSD|0.0
P16234|P20810_ERDDTIPPE|0.0
P16234|P20810_IPPEYRHLL|0.081
P16234|P20810_GDLDSCPST|0.0
P16234|P20810_SCPSTTETS|0.0
P16234|P20810_TTETSQNTA|0.0
P16234|P20810_TSQNTAKDK|0.0
P16234|P20810-2_FTCGSPTAA|0.0
P16234|P20810-5____MSQPGQ|0.0
P16234|P20810-5_KPAASPRPR|0.0
P16234|P20810-5_SEKTSESPS|0.0
P16234|P20810-5_KTSESPSKP|0.0
P16234|P20810-5_KKAASLGSS|0.0
P16234|P20810-5_ASLGSSQSS|0.0
P16234|P20810-5_SLGSSQSSR|0.0
P16234|P20810-5_GSSQSSRTY|0.0
P16234|P20810-5_SSQSSRTYA|0.0
P16234|P20810-5_QSSRTYAGG|0.0
P16234|P20810-5_SSRTYAGGT|0.112
P16234|P20810-5_GGTASATKV|0.0
P16234|P20810-5_KVSASSGAT|0.0
P16234|P20810-5_ATSKSSSMN|0.0
P16234|P20810-5_SKSSSMNPT|0.0
P16234|P20810-5_SMNPTETKA|0.0
P16234|P20810-5_NPTETKAVK|0.001
P16234|P20810-5_FTCGSPTAA|0.0
P16234|P20810-6_SEKTSESPS|0.0
P16234|P20810-6_ASLGSSQSS|0.0
P16234|P20810-6_GGTASATKV|0.0
P16234|P20810-6_KVSASSGAT|0.0
P16234|P20810-6_ATSKSSSMN|0.0
P16234|P20810-6_SKSSSMNPT|0.0
P16234|P51911____MSSAHF|0.0
P16234|P51911___MSSAHFN|0.0
P16234|P51911_RGPAYGLSA|0.253
P16234|P51911_LAQKYDHQR|0.012
P16234|P51911_RRHLYDPKL|0.354
P16234|P51911_LQMGTNKGA|0.0
P16234|P51911_NKGASQAGM|0.0
P16234|P51911_LTPEYPELG|0.195
P16234|P51911_HAHNYYNSA|0.219
P16234|P51911_AHNYYNSA_|0.26
P16234|Q99439_NKGPSYGLS|0.026
P16234|Q99439_SYGLSAEVK|0.0
P16234|Q99439_LLSKYDPQK|0.246
P16234|Q99439_IEGLTGLSI|0.0
P16234|Q99439_LTGLSIGPD|0.0
P16234|Q99439_GVKYSEKQE|0.385
P16234|Q99439_FDDATMKAG|0.0
P16234|Q99439_NKCASQSGM|0.0
P16234|Q99439_CASQSGMTA|0.0
P16234|Q99439_QSGMTAYGT|0.402
P16234|Q99439_TAYGTRRHL|0.013
P16234|Q99439_RRHLYDPKN|0.447
P16234|Q99439_NKCASQVGM|0.0
P16234|Q99439_QVGMTAPGT|0.0
P16234|Q99439_TAPGTRRHI|0.0
P16234|Q99439_RRHIYDTKL|0.367
P16234|Q99439_HIYDTKLGT|0.436
P16234|Q99439_KCDNSSMSL|0.0
P16234|Q99439_CDNSSMSLQ|0.0
P16234|Q99439_NSSMSLQMG|0.0
P16234|Q99439_LQMGYTQGA|0.34
P16234|Q99439_QMGYTQGAN|0.288
P16234|Q99439_GANQSGQVF|0.0
P16234|Q99439_GRQIYDPKY|0.065
P16234|Q99439_CPQGTVADG|0.059
P16234|Q99439_EVPEYPPYY|0.46
P16234|Q99439_EYPPYYQEE|0.474
P16234|Q99439_EEAGY____|0.471
P16234|Q15417____MTHFNK|0.0
P16234|Q15417_NKGPSYGLS|0.162
P16234|Q15417_SYGLSAEVK|0.034
P16234|Q15417_VTGMSIGPN|0.0
P16234|Q15417_NKCASQAGM|0.0
P16234|Q15417_GMTAYGTRR|0.418
P16234|Q15417_TAYGTRRHL|0.134
P16234|Q15417_QTTISLQMG|0.0
P16234|Q15417_NKGASQAGM|0.0
P16234|Q15417_LAPGTRRDI|0.0
P16234|Q15417_DQKLTLQPV|0.0
P16234|Q15417_VDNSTISLQ|0.081
P16234|Q15417_NKVASQKGM|0.0
P16234|Q15417_QKGMSVYGL|0.004
P16234|Q15417_IHNGSQGTG|0.0
P16234|Q15417_GSQGTGTNG|0.0
P16234|Q15417_SDSDYQAEY|0.484
P16234|Q15417_YPDEYHGEY|0.394
P16234|Q15417_YQDDYPRDY|0.431
P16234|Q15417_YPRDYQYSD|0.435
P16234|Q15417_RDYQYSDQG|0.418
P16234|P27797_EPAVYFKEQ|0.619
P16234|P27797_GDGWTSRWI|0.322
P16234|P27797_DGWTSRWIE|0.012
P16234|P27797_SKHKSDFGK|0.0
P16234|P27797_KFVLSSGKF|0.0
P16234|P27797_FVLSSGKFY|0.153
P16234|P27797_SGKFYGDEE|0.059
P16234|P27797_DARFYALSA|0.438
P16234|P27797_FYALSASFE|0.454
P16234|P27797_ALSASFEPF|0.0
P16234|P27797_FEPFSNKGQ|0.336
P16234|P27797_CGGGYVKLF|0.473
P16234|P27797_VIFNYKGKN|0.435
P16234|P27797_DDEFTHLYT|0.389
P16234|P27797_FTHLYTLIV|0.316
P16234|P27797_RPDNTYEVK|0.417
P16234|P27797_PDNTYEVKI|0.332
P16234|P27797_VESGSLEDD|0.0
P16234|P27797_DPDASKPED|0.016
P16234|P27797_IDDPTDSKP|0.0
P16234|P27797_DPTDSKPED|0.0
P16234|P27797_QNPEYKGEW|0.403
P16234|P27797_DNPDYKGTW|0.419
P16234|P27797_DNPEYSPDP|0.255
P16234|P27797_NPEYSPDPS|0.115
P16234|P27797_NFLITNDEA|0.0
P16234|Q96L12_SGKFYGHKE|0.081
P16234|Q96L12_LKKETSPAE|0.0
P16234|Q96L12_KKETSPAES|0.0
P16234|Q96L12_SPAESKDWE|0.0
P16234|Q96L12_RHEHYFNQF|0.396
P16234|Q9Y2W7_AKEVTKASD|0.0
P16234|Q9Y2W7_ASDGSLLGD|0.0
P16234|Q9Y2W7_VVGLSILLR|0.0
P16234|Q9Y2W7_AFNLYDINK|0.0
P16234|P31415____MSATDR|0.0
P16234|P31415_LVLGTPKSG|0.0
P16234|P31415_NAKNYKNVF|0.03
P16234|P31415_LALLYHEPP|0.008
P16234|P31415_KLGLTEVDS|0.0
P16234|P31415_KLIGYFKSK|0.0
P16234|P31415_GYFKSKDSE|0.0
P16234|P31415_KSKDSEHYK|0.167
P16234|P31415_PFFATFDSK|0.0
P16234|P31415_ATFDSKVAK|0.0
P16234|P31415_DKPNSEEEI|0.0
P16234|O14958_DRVVSLSEK|0.0
P16234|O14958_KSEDSEYYK|0.289
P16234|O14958_EDSEYYKAF|0.204
P16234|O14958_DSEYYKAFE|0.0
P16234|O14958_DPDGYEFLE|0.0
P16234|O43852_EPQLSDKVH|0.0
P16234|O43852_DGFVTVDEL|0.0
P16234|O43852_KRWIYEDVE|0.521
P16234|O43852_DGLVSWEEY|0.0
P16234|O43852_SWEEYKNAT|0.308
P16234|O43852_HPEEYDYMK|0.404
P16234|O43852_EEYDYMKDI|0.425
P16234|O43852_LPSDYDHAE|0.4
P16234|O43852_RHLVYESDQ|0.0
P16234|O43852-4_EEAKTFDQL|0.0
P16234|O43852-4_FDQLTPEES|0.0
P16234|O43852-4_TPEESKERL|0.0
P16234|Q14012_IRDIYDFRD|0.199
P16234|Q14012_DAVKYLHDL|0.043
P16234|Q14012_EDPGSVLST|0.001
P16234|Q14012_GSVLSTACG|0.0
P16234|Q14012_LKAEYEFDS|0.002
P16234|Q14012_LQLGTSQEG|0.0
P16234|Q14012_QLGTSQEGQ|0.0
P16234|Q6P2M8_NMLGTACGT|0.0
P16234|Q6P2M8_LRASYEFDS|0.13
P16234|Q6P2M8-5_WKAESLADL|0.0
P16234|Q6P2M8-5_GRHPSRIPA|0.0
P16234|Q8IU85_ENGESSSSW|0.0
P16234|Q8IU85_ENLLYYSQD|0.508
P16234|Q8IU85_NLLYYSQDE|0.452
P16234|Q8IU85_LLYYSQDEE|0.398
P16234|Q8IU85_GDVMSTACG|0.366
P16234|Q8IU85_LHLGSSLDS|0.0
P16234|Q8IU85_HLGSSLDSS|0.0
P16234|Q8IU85_SVSSSLSLA|0.023
P16234|Q8IU85_STLCSFISS|0.0
P16234|Q8IU85_TAVHSGSK_|0.0
P16234|Q8IU85_VHSGSK___|0.0
P16234|Q8IU85-2_AKPESLS__|0.003
P16234|Q96NX5_DFGLSKMEQ|0.0
P16234|Q9UQM7_RLHDSISEE|0.008
P16234|Q9UQM7_LLLASKLKG|0.0
P16234|Q9UQM7_KAGAYDFPS|0.0
P16234|Q9UQM7_YDFPSPEWD|0.024
P16234|Q9UQM7_HPWISHRST|0.0
P16234|Q9UQM7_SHRSTVASC|0.0
P16234|Q9UQM7_STVASCMHR|0.0
P16234|Q9UQM7_TMLATRNFS|0.0
P16234|Q9UQM7_SGGKSGGNK|0.0
P16234|Q9UQM7_VKESSESTN|0.0
P16234|Q9UQM7_ESSESTNTT|0.0
P16234|Q9UQM7_STNTTIEDE|0.0
P16234|Q9UQM7-2_GAILTTMLA|0.0
P16234|Q9UQM7-2_AILTTMLAT|0.0
P16234|Q9UQM7-2_KRKSSSSVQ|0.0
P16234|Q9UQM7-2_RKSSSSVQL|0.0
P16234|Q9UQM7-2_ESSESTNTT|0.0
P16234|Q13554_RLHDSISEE|0.006
P16234|Q13554_LLLASKCKG|0.0
P16234|Q13554_KAGAYDFPS|0.0
P16234|Q13554_YDFPSPEWD|0.019
P16234|Q13554_NQMLTINPA|0.001
P16234|Q13554_VCQRSTVAS|0.0
P16234|Q13554_STVASMMHR|0.0
P16234|Q13554_GAILTTMLA|0.0
P16234|Q13554_AILTTMLAT|0.0
P16234|Q13554_TMLATRNFS|0.0
P16234|Q13554_ATMSTAASG|0.0
P16234|Q13554_IKESSDSAN|0.0
P16234|Q13554_ESSDSANTT|0.0
P16234|Q13554_DSANTTIED|0.016
P16234|Q13554_VRRGSGAPE|0.0
P16234|Q13554_LPCPSPAPF|0.234
P16234|Q13554_PAPFSPLPA|0.0
P16234|Q13554_DILNSVRRG|0.0
P16234|Q13554_VRRGSGTPE|0.0
P16234|Q13554_RGSGTPEAE|0.0
P16234|Q13554_EGPLSAGPP|0.0
P16234|Q13554_PPCLSPALL|0.0
P16234|Q13554_PPCPSPTIP|0.0
P16234|Q13554-3_TMLATRNFS|0.0
P16234|Q13554-3_TRNFSAAKS|0.0
P16234|Q13554-3_SAAKSLLNK|0.0
P16234|Q13554-3_ESSDSANTT|0.0
P16234|Q13554-4_TRNFSAAKS|0.041
P16234|Q13554-4_SAAKSLLNK|0.001
P16234|Q13554-4_ESSDSANTT|0.001
P16234|Q13557_RLHDSISEE|0.0
P16234|Q13557_LLLASKSKG|0.0
P16234|Q13557_KAGAYDFPS|0.0
P16234|Q13557_YDFPSPEWD|0.0
P16234|Q13557_NKMLTINPA|0.0
P16234|Q13557_RITASEALK|0.0
P16234|Q13557_ICQRSTVAS|0.0
P16234|Q13557_STVASMMHR|0.0
P16234|Q13557_GAILTTMLA|0.0
P16234|Q13557_AILTTMLAT|0.0
P16234|Q13557_TMLATRNFS|0.0
P16234|Q13557_YMDGSGMPK|0.002
P16234|Q13557_SGSPTVPIK|0.0
P16234|Q13557-3_HRQETVDCL|0.596
P16234|Q13557-3_KKRKSSSSV|0.625
P16234|Q13555_FTDDYQLFE|0.232
P16234|Q13555_CVKKTSTQE|0.0
P16234|Q13555_RLHDSISEE|0.004
P16234|Q13555_EADASHCIH|0.0
P16234|Q13555_LLLASKCKG|0.0
P16234|Q13555_KAGAYDFPS|0.0
P16234|Q13555_YDFPSPEWD|0.01
P16234|Q13555_NQMLTINPA|0.001
P16234|Q13555_IKGSTESCN|0.0
P16234|Q13555_GSTESCNTT|0.0
P16234|Q13555_SCNTTTEDE|0.0
P16234|Q13555-2_LNKKSDGGV|0.0
P16234|Q13555-2_VKPQSNNKN|0.0
P16234|Q13555-5_GRQSSAPAS|0.0
P16234|Q13555-5_KKRKSSSSV|0.0
P16234|Q13555-5_KRKSSSSVH|0.015
P16234|Q13555-5_RKSSSSVHL|0.361
P16234|Q13555-5_KSSSSVHLM|0.244
P16234|Q13555-5_SCNTTTEDE|0.021
P16234|Q13555-6_SRNFSVGRQ|0.0
P16234|Q13555-6_VGRQSSAPA|0.0
P16234|Q13555-6_GRQSSAPAS|0.0
P16234|Q13555-6_SAPASPAAS|0.0
P16234|Q13555-6_IKGSTESCN|0.0
P16234|Q13555-6_GSTESCNTT|0.0
P16234|Q13555-9_LNKKSDGGV|0.0
P16234|Q13555-9_VKPQSNNKN|0.0
P16234|Q13555-9_NNKNSLEPQ|0.0
P16234|Q13555-9_EPQTTVVHN|0.0
P16234|Q13555-9_GIKGSTESC|0.0
P16234|Q13555-9_IKGSTESCN|0.0
P16234|Q13555-9_GSTESCNTT|0.0
P16234|Q13555-9_APLRTGNGS|0.0
P16234|Q13555-9_TGNGSSVPE|0.0
P16234|Q7Z7J9____MSEVLP|0.0
P16234|Q7Z7J9_QIGRSKRVV|0.0
P16234|Q96S95____MSEILP|0.222
P16234|Q96S95_ILPYSEDKM|0.226
P16234|Q96S95_QDTNSFFAG|0.181
P16234|Q16566_LVPDYWIDG|0.561
P16234|Q16566_FEVESELGR|0.0
P16234|Q16566_DFGLSKIVE|0.157
P16234|Q16566_TVCGTPGYC|0.488
P16234|Q16566_LGSASSSHG|0.0
P16234|Q16566_GSASSSHGS|0.217
P16234|Q16566_SASSSHGSI|0.0
P16234|Q16566_SSHGSIQES|0.239
P16234|Q16566_SIQESHKAS|0.0
P16234|Q8N5S9_RPSLSARKL|0.0
P16234|Q8N5S9_RPAGSYLEA|0.0
P16234|Q8N5S9_PAGSYLEAQ|0.001
P16234|Q8N5S9_GPYATGPAS|0.0
P16234|Q8N5S9_RLIPSWTTV|0.0
P16234|Q8N5S9_PSWTTVILV|0.0
P16234|Q8N5S9_ILVKSMLRK|0.0
P16234|Q8N5S9_REERSMSAP|0.0
P16234|Q96RR4_RPHLSGRKL|0.0
P16234|Q96RR4_CICPSLPYS|0.0
P16234|Q96RR4_PTVESHHVS|0.0
P16234|Q96RR4_VKLAYNEND|0.002
P16234|Q96RR4_NDNTYYAMK|0.282
P16234|Q96RR4_IEQVYQEIA|0.0
P16234|Q96RR4_NTVGTPAFM|0.0
P16234|Q96RR4_PAPGSPARM|0.0
P16234|Q7Z624_GTGETARAA|0.0
P16234|Q7Z624_AAGGSPAVG|0.0
P16234|Q32MK0_QQGKSPGAG|0.0
P16234|Q32MK0_CTEKSTGLP|0.002
P16234|Q32MK0_TEKSTGLPL|0.0
P16234|Q32MK0_KKHFYVVTA|0.549
P16234|Q32MK0_FYVVTAANR|0.268
P16234|P49069_MAVATDGGE|0.006
P16234|P49069_GSGLSASQR|0.0
P16234|P49069_GLSASQRRA|0.0
P16234|P49069_LLMNSEQRI|0.0
P16234|P49069_AEEESQTKS|0.0
P16234|P49069_DKLDSFIKP|0.0
P16234|P49069_LTADSVQRG|0.183
P16234|P49069_VQRGSRHGL|0.114
P16234|P49069_GLEQYLSRF|0.282
P16234|P49069_SEKPSQEDG|0.0
P16234|P49069_ALLLSGIPA|0.0
P16234|P49913_INQRSSDAN|0.0
P16234|P49913_NQRSSDANL|0.0
P16234|Q5T5Y3_LREFSNEYL|0.244
P16234|Q5T5Y3_FSNEYLNKC|0.028
P16234|Q5T5Y3_LHQKSSRPP|0.0
P16234|Q5T5Y3_PVPISNATK|0.0
P16234|Q5T5Y3_ISNATKRSF|0.0
P16234|Q5T5Y3_EEPEYLGKG|0.407
P16234|Q5T5Y3_LGKGTAAFS|0.0
P16234|Q5T5Y3_QRHRSNSLT|0.0
P16234|Q5T5Y3_HRSNSLTRV|0.0
P16234|Q5T5Y3_TRPASQPTP|0.0
P16234|Q5T5Y3_ASQPTPFAL|0.0
P16234|Q5T5Y3_HHAASCEVD|0.0
P16234|Q5T5Y3_SLARSISKD|0.0
P16234|Q5T5Y3_ARSISKDSL|0.0
P16234|Q5T5Y3_ISKDSLASN|0.0
P16234|Q5T5Y3_KQVITKEDE|0.0
P16234|Q5T5Y3_EGRLYVSCS|0.361
P16234|Q5T5Y3_RLYVSCSKS|0.0
P16234|Q5T5Y3_KSPNSHDSE|0.0
P16234|Q5T5Y3_LRQDSDSDV|0.0
P16234|Q5T5Y3_QDSDSDVVD|0.0
P16234|Q5T5Y3_SGRSSPCLS|0.0
P16234|Q5T5Y3_VSMASGSVK|0.0
P16234|Q5T5Y3_MASGSVKMT|0.0
P16234|Q5T5Y3_QRLNSCETK|0.0
P16234|Q5T5Y3_NSCETKSST|0.0
P16234|Q5T5Y3_CETKSSTSS|0.0
P16234|Q5T5Y3_ETKSSTSSS|0.0
P16234|Q5T5Y3_KDPASLLAS|0.0
P16234|Q5T5Y3_MEALSARQR|0.0
P16234|Q5T5Y3_AKEYSQHNG|0.238
P16234|Q5T5Y3_ILKISQQQE|0.0
P16234|Q5T5Y3_LLMKSPTVP|0.0
P16234|Q5T5Y3_PVPGSKNNS|0.03
P16234|Q5T5Y3_PLSPTGVAG|0.0
P16234|Q5T5Y3_RNSRSGRPA|0.007
P16234|Q5T5Y3_SRSKTPTPS|0.0
P16234|Q5T5Y3_SKTPTPSVE|0.092
P16234|Q5T5Y3_PFPASSHPR|0.0
P16234|Q5T5Y3_FPASSHPRT|0.0
P16234|Q5T5Y3_SHPRTPTDP|0.0
P16234|Q5T5Y3_SNQRTLTLS|0.0
P16234|Q5T5Y3_QRTLTLSSS|0.0
P16234|Q5T5Y3_SEQMSLKEV|0.0
P16234|Q5T5Y3_VLDASVKEV|0.01
P16234|Q5T5Y3_EPLRSRASL|0.0
P16234|Q5T5Y3_EVDLSDLKA|0.0
P16234|Q5T5Y3_PRPKSVHRE|0.0
P16234|Q5T5Y3_HREESCSDS|0.0
P16234|Q5T5Y3_EESCSDSGT|0.33
P16234|Q5T5Y3_SCSDSGTKC|0.0
P16234|Q5T5Y3_SDSGTKCSS|0.0
P16234|Q5T5Y3_TKCSSTPDN|0.0
P16234|Q5T5Y3_KCSSTPDNL|0.0
P16234|Q5T5Y3_NLSRTQSGS|0.0
P16234|Q5T5Y3_TQSGSSLSL|0.0
P16234|Q5T5Y3_QSGSSLSLA|0.0
P16234|Q5T5Y3_SAATTEPES|0.0
P16234|Q5T5Y3_TEPESVHSG|0.0
P16234|Q5T5Y3_ESVHSGGTP|0.0
P16234|Q5T5Y3_HSGGTPSQR|0.0
P16234|Q5T5Y3_GGTPSQRVE|0.0
P16234|Q5T5Y3_QRVESMEAL|0.0
P16234|Q5T5Y3_SRNPSRSTD|0.159
P16234|Q5T5Y3_WETASAASS|0.0
P16234|Q5T5Y3_SSLASVAEY|0.0
P16234|Q5T5Y3_SVAEYTGPK|0.182
P16234|Q5T5Y3_VAEYTGPKL|0.268
P16234|Q08AD1_CRAGSLILK|0.0
P16234|Q08AD1_AMIDTLMMA|0.0
P16234|Q08AD1_KDMPSIPVL|0.0
P16234|Q08AD1_LPSRYSRPQ|0.0
P16234|Q08AD1_QAHSSASGG|0.0
P16234|Q08AD1_HSSASGGIR|0.0
P16234|Q08AD1_GIRRSSSMS|0.0
P16234|Q08AD1_IRRSSSMSY|0.0
P16234|Q08AD1_SSSMSYVDG|0.0
P16234|Q08AD1_GFIGTWPKE|0.0
P16234|Q08AD1_KEKRSSVHG|0.0
P16234|Q08AD1_EKRSSVHGV|0.0
P16234|Q08AD1_VHGVSFDIS|0.0
P16234|Q08AD1_SFDISFDKE|0.0
P16234|Q08AD1_VQRSTPNRG|0.0
P16234|Q08AD1_GITRSISNE|0.0
P16234|Q08AD1_NEGLTLNNS|0.0
P16234|Q08AD1_TLNNSHVSK|0.0
P16234|Q08AD1_NSHVSKHIR|0.0
P16234|Q08AD1_RKNLSFKPI|0.0
P16234|Q08AD1_EEAESIEEE|0.0
P16234|Q08AD1_NELNSNENI|0.0
P16234|Q08AD1_ENIHYKLPN|0.294
P16234|Q08AD1_DTEKSPHTP|0.0
P16234|Q08AD1_KSPHTPQPD|0.0
P16234|Q08AD1_KGALSPITD|0.0
P16234|Q08AD1_VSLDSDMDD|0.0
P16234|Q08AD1_VSTKSQPGS|0.0
P16234|Q08AD1_KLNHTDGKS|0.0
P16234|Q08AD1_SGSSSQKTT|0.0
P16234|Q08AD1_SQKTTPEGS|0.0
P16234|Q08AD1_GDGISPLRE|0.0
P16234|Q08AD1_DGQRSKSLA|0.0
P16234|Q08AD1_QRSKSLADI|0.0
P16234|Q08AD1_LKSPTTPID|0.0
P16234|Q08AD1_KSPTTPIDP|0.0
P16234|Q08AD1_WNLASPSEE|0.0
P16234|Q08AD1_EKLNSSLHF|0.0
P16234|Q08AD1_KLNSSLHFL|0.0
P16234|Q08AD1_IAPFSSDSP|0.0
P16234|Q08AD1_FSSDSPRPT|0.0
P16234|Q08AD1_SPRPTHPSP|0.0
P16234|Q08AD1_PTHPSPQSS|0.0
P16234|Q08AD1_PSPQSSNRK|0.0
P16234|Q08AD1_SNRKSASFS|0.0
P16234|Q08AD1_RKSASFSVK|0.0
P16234|Q08AD1_FSVKSQRTP|0.0
P16234|Q08AD1_KSQRTPRPN|0.0
P16234|Q08AD1_RSVDSLPRL|0.0
P16234|Q08AD1_RFSPSQVPI|0.0
P16234|Q08AD1_IQTRSFVCF|0.0
P16234|Q08AD1_PVEKYDGES|0.0
P16234|Q08AD1_EDMDTVIKP|0.0
P16234|Q08AD1_QRPKSIHRD|0.0
P16234|Q08AD1_DHIESPKTP|0.0
P16234|Q08AD1_ESPKTPIKG|0.0
P16234|Q08AD1_VSSLSLASL|0.0
P16234|Q08AD1_LSLASLNTG|0.0
P16234|Q08AD1_ESVHSGKRT|0.0
P16234|Q08AD1_SGKRTPRSE|0.0
P16234|Q08AD1_RTPRSESVE|0.0
P16234|Q08AD1_NASTTSSVA|0.0
P16234|Q08AD1_ASTTSSVAS|0.0
P16234|Q08AD1_STTSSVASG|0.0
P16234|Q08AD1_GTEYTGPKL|0.0
P16234|Q08AD1_FRSLYTYCP|0.19
P16234|Q08AD1_SLYTYCPET|0.404
P16234|Q08AD1-2_LDSSSDFPS|0.0
P16234|Q08AD1-2_HSSASGGIR|0.0
P16234|Q08AD1-2_RRSSSMSYV|0.0
P16234|Q08AD1-2_SSSMSYVDG|0.0
P16234|Q08AD1-2_SSMSYVDGF|0.0
P16234|Q08AD1-2_TRSISNEGL|0.0
P16234|Q9P1Y5_PQLETPPNP|0.0
P16234|Q9P1Y5_PAQPSIRYR|0.004
P16234|Q9P1Y5_SPRGTEASP|0.0
P16234|Q9P1Y5_SLKSSPSMS|0.0
P16234|Q9P1Y5_VSSDSLGPP|0.0
P16234|Q9P1Y5_AADGSFYLH|0.042
P16234|Q9P1Y5_FYLHSPEGP|0.008
P16234|Q9P1Y5_PSLASPYLP|0.094
P16234|Q9P1Y5_KAPVYMPHP|0.426
P16234|Q9P1Y5_PSKPSPCLV|0.001
P16234|Q9P1Y5_AGAGSPTST|0.0
P16234|Q9P1Y5_GLGEYNRAV|0.403
P16234|Q9P1Y5_AALSSLQRD|0.0
P16234|Q9P1Y5_PKAASPSPA|0.0
P16234|Q9P1Y5_AASPSPARR|0.0
P16234|Q9P1Y5_RVPATRRSP|0.005
P16234|Q9P1Y5_GPGPSQSPR|0.199
P16234|Q9P1Y5_GPSQSPRSP|0.0
P16234|Q9P1Y5_QSPRSPKHT|0.0
P16234|Q9P1Y5_SPKHTRPAE|0.0
P16234|Q9P1Y5_LAPLTRVLT|0.0
P16234|Q9P1Y5_APLVSAVPM|0.0
P16234|Q9P1Y5_VPMATPAPA|0.0
P16234|Q9P1Y5_RAAGSGGPG|0.0
P16234|Q9P1Y5_TRPRSGCCD|0.0
P16234|Q9P1Y5_CCDDSALAR|0.002
P16234|Q9P1Y5_ALARSPARG|0.0
P16234|Q9P1Y5_GLLGSRLSK|0.0
P16234|Q9P1Y5_GSRLSKIYS|0.0
P16234|Q9P1Y5_LSKIYSQST|0.01
P16234|Q9P1Y5_SKIYSQSTL|0.0
P16234|Q9P1Y5_IYSQSTLSL|0.0
P16234|Q9P1Y5_QSTLSLSTV|0.0
P16234|Q9P1Y5_VKRPTSRAP|0.0
P16234|Q9P1Y5_KRPTSRAPS|0.0
P16234|Q9P1Y5_SGLMSPSRL|0.0
P16234|Q9P1Y5_RLPGSRERD|0.0
P16234|Q9P1Y5_WENGSNASS|0.0
P16234|Q9P1Y5_SSPASVPEY|0.0
P16234|Q9P1Y5_HNALSHCCL|0.02
P16234|Q9P1Y5_YGPRTVTPA|0.151
P16234|Q9P1Y5_PRTVTPAMV|0.051
P16234|Q9P1Y5_GKKPTTPKK|0.02
P16234|Q9P1Y5_KKPTTPKKG|0.0
P16234|Q9P1Y5_KGGGTPK__|0.225
P16234|Q9P1Y5-2_PSCPTRWYW|0.332
P16234|Q9P1Y5-2_PTRWYWKLV|0.423
P16234|Q9Y6Y1_LYGCYVHSS|0.334
P16234|Q9Y6Y1_TEASSQTSS|0.0
P16234|Q9Y6Y1_SSQTSSCSG|0.0
P16234|Q9Y6Y1_GALGSCFES|0.0
P16234|Q9Y6Y1_HLIHSKTFR|0.0
P16234|Q9Y6Y1_RRAISIPDS|0.0
P16234|Q9Y6Y1_SIPDSLGRL|0.0
P16234|Q9Y6Y1_LNPEYFQTR|0.221
P16234|Q9Y6Y1_EYFQTRQEK|0.0
P16234|Q9Y6Y1_QARRTAVIV|0.0
P16234|Q9Y6Y1_QKLRSSLLT|0.0
P16234|Q9Y6Y1_KLRSSLLTK|0.0
P16234|Q9Y6Y1_SSLLTKKQD|0.0
P16234|O94983_SPSSSSSSS|0.0
P16234|O94983_PSSSSSSSS|0.0
P16234|O94983_SSSSSSSSS|0.0
P16234|O94983_SSSSSSSSG|0.0
P16234|O94983_SRGGSSRGG|0.0
P16234|O94983_RGGSSRGGT|0.0
P16234|O94983_SRGGTAILL|0.0
P16234|O94983_RFLNSPQRG|0.0
P16234|O94983_QDDDSGEEL|0.0
P16234|O94983_PPIPSPPPS|0.0
P16234|O94983_SPPPSPPPS|0.0
P16234|O94983_SPPPSPAPL|0.0
P16234|O94983_VGLVSLQVA|0.0
P16234|O94983_SIPDSLGRL|0.0
P16234|O94983_ASEMTMEDM|0.0
P16234|O94983_RVIQTAFRK|0.092
P16234|O94983_RNKGSFLTK|0.0
P16234|O94983-3_AAAVTRGTP|0.0
P16234|O94983-3_PGENSHHLK|0.0
P16234|O94983-6_AGRASPAGT|0.0
P16234|O94983-6_SPAGTGHMT|0.0
P16234|O94983-6_TGHMTWPPP|0.0
P16234|Q86VP6___MASASYH|0.03
P16234|Q86VP6_ASASYHISN|0.0
P16234|Q86VP6_NDLMTELQK|0.394
P16234|Q86VP6_LQKDSIKLD|0.0
P16234|Q86VP6_GRLTSAIAK|0.0
P16234|Q86VP6_SKNDSMSTT|0.0
P16234|Q86VP6_NDSMSTTRT|0.0
P16234|Q86VP6_QAFESFVRR|0.0
P16234|Q86VP6_PALISRFKE|0.0
P16234|Q86VP6_ERAISCMGQ|0.0
P16234|Q86VP6_KNEITRLTT|0.244
P16234|Q86VP6_LIAGSPLKI|0.0
P16234|Q86VP6_LKLGTLSAL|0.0
P16234|Q86VP6_LGTLSALDI|0.0
P16234|Q86VP6_HKQSYYSIA|0.441
P16234|Q86VP6_DVKNSRSTD|0.0
P16234|Q86VP6_LELKSVILE|0.0
P16234|Q86VP6_KEIISSASV|0.0
P16234|Q86VP6_EIISSASVV|0.002
P16234|Q86VP6_GLKPYVENI|0.413
P16234|Q86VP6_RLKGYLISG|0.355
P16234|Q86VP6_GYLISGSSY|0.001
P16234|Q86VP6_ISGSSYARS|0.002
P16234|Q86VP6_ELKRSAMRA|0.046
P16234|Q86VP6_QKDSSSTNL|0.0
P16234|Q86VP6_TNLESMDTS|0.0
P16234|Q86VP6_SMDTS____|0.001
P16234|O75155_PPAATGSGL|0.0
P16234|O75155_AATGSGLAT|0.0
P16234|O75155_SGLATNVCR|0.0
P16234|O75155_RVPTSPTAI|0.0
P16234|O75155_YNYDSDEDE|0.291
P16234|O75155_DSEFSEQES|0.0
P16234|O75155_SEQESEDEY|0.0
P16234|O75155_SEDEYSDDD|0.063
P16234|O75155_EDEYSDDDD|0.003
P16234|O75155_ALISSRPDL|0.0
P16234|O75155_LLRQTQPPK|0.0
P16234|O75155_RLRATDLDQ|0.0
P16234|O75155_IKALTLVAV|0.0
P16234|O75155_LVAVSPLQL|0.0
P16234|O75155_HILASFLRK|0.0
P16234|O75155_LGSPSEDVR|0.0
P16234|O75155_IQKDSASAP|0.0
P16234|O75155_KDSASAPST|0.0
P16234|O75155_ASAPSTDSM|0.0
P16234|O75155_SAPSTDSME|0.001
P16234|O75155_SMELS____|0.0
P16234|O75155-2_AFHASLLHC|0.0
P16234|Q8WVQ1_ESMHSLRIS|0.0
P16234|Q8WVQ1_SLRISVGGL|0.0
P16234|Q8WVQ1_LKKGYLTLS|0.0
P16234|Q8WVQ1_YLTLSDSGD|0.0
P16234|Q8WVQ1_TLSDSGDKV|0.0
P16234|Q8WVQ1_GVLESHLAE|0.0
P16234|Q8WVQ1_WVILSDGDG|0.0
P16234|Q8WVQ1_PRRASQERY|0.0
P16234|Q01518_LEAVSHTSD|0.057
P16234|Q01518_VSHTSDMHR|0.002
P16234|Q01518_MHRGYADSP|0.412
P16234|Q01518_QAFDSLLAG|0.0
P16234|Q01518_ENKLSDLLA|0.0
P16234|Q01518_LAPISEQIK|0.0
P16234|Q01518_AKELSGLPS|0.0
P16234|Q01518_SGLPSGPSA|0.0
P16234|Q01518_SASRSSLFA|0.0
P16234|Q01518_LKHVSDDMK|0.282
P16234|Q01518_PKRATKKEP|0.0
P16234|Q01518_QENVSNLVI|0.0
P16234|Q01518_KQVAYIYKC|0.476
P16234|Q01518_VAYIYKCVN|0.451
P16234|Q01518_GKVPTISIN|0.477
P16234|Q01518_VPTISINKT|0.0
P16234|Q01518_GCHAYLSKN|0.368
P16234|Q01518_HAYLSKNSL|0.019
P16234|Q01518_LSKNSLDCE|0.0
P16234|Q01518_CEIVSAKSS|0.0
P16234|Q01518-2_GYADSPSKG|0.0
P16234|P40123_SPSRSALFA|0.0
P16234|P40123_DDQKTYKNP|0.108
P16234|P40123_DQKTYKNPS|0.0
P16234|P40123_SPTKSHTPS|0.0
P16234|P40123_TKSHTPSPT|0.0
P16234|P40123_TPSPTSPKS|0.0
P16234|P40123_TSPKSYPSQ|0.0
P16234|P40123_SPKSYPSQK|0.17
P16234|P40123_VPTISINKT|0.0
P16234|P40121____MYTAIP|0.303
P16234|P40121___MYTAIPQ|0.041
P16234|P40121_AIPQSGSPF|0.0
P16234|P40121_QGNESDLFM|0.0
P16234|P40121_DLFMSYFPR|0.0
P16234|P40121_GGVESAFHK|0.0
P16234|P40121_AFHKTSTGA|0.0
P16234|P40121_FHKTSTGAP|0.0
P16234|P40121_NIRATERAL|0.0
P16234|P40121_VEIVTDGEE|0.0
P16234|P40121_VSDATGQMN|0.0
P16234|P40121_EGFISRMQY|0.0
P16234|P40121_SRMQYAPNT|0.0
P16234|Q96RK0_EPAESAAVA|0.0
P16234|Q96RK0_TCPESPGPG|0.0
P16234|Q96RK0_EEEASGPPG|0.0
P16234|Q96RK0_LDSETESDH|0.0
P16234|Q96RK0_TQSLSALPK|0.0
P16234|Q96RK0_KDGRSPNKR|0.0
P16234|Q96RK0_NRTVSKILG|0.0
P16234|Q96RK0_AKPTSLGLA|0.0
P16234|Q96RK0_GHKETRERS|0.0
P16234|Q96RK0_SETGTAAAP|0.0
P16234|Q96RK0_KAPGSSSCG|0.0
P16234|Q96RK0_PGSSSCGAE|0.003
P16234|Q96RK0_ERLHTVGGP|0.0
P16234|Q96RK0_GGPGSARPR|0.0
P16234|Q96RK0_PRAFSHSGV|0.0
P16234|Q96RK0_AFSHSGVHS|0.0
P16234|Q96RK0_GEVDSQALQ|0.0
P16234|Q96RK0_SEDMTSDEE|0.0
P16234|Q96RK0_KERVTDSES|0.0
P16234|Q96RK0_RVTDSESGD|0.0
P16234|Q96RK0_LGSGTFKAQ|0.0
P16234|Q96RK0_KRPESVGGL|0.0
P16234|Q96RK0_PLGVSLVYS|0.0
P16234|Q96RK0_SLVYSDKKS|0.0
P16234|Q96RK0_SDKKSAAAT|0.0
P16234|Q96RK0_QSVPSAPPP|0.0
P16234|Q96RK0_LPLVSPPFS|0.0
P16234|Q96RK0_VPPLSPATL|0.0
P16234|Q96RK0_PAPTSPFPS|0.0
P16234|Q96RK0_AQRPSPKAP|0.0
P16234|Q96RK0_EGQPTPPAP|0.0
P16234|Q96RK0_PTARSSPPL|0.0
P16234|Q96RK0_GEPPTPPSP|0.0
P16234|Q96RK0_APGGSSESS|0.0
P16234|Q96RK0_PGGSSESSS|0.0
P16234|Q96RK0_AAGDTPERK|0.0
P16234|Q96RK0_KTFDSVDNR|0.0
P16234|Q96RK0_MRRRSSCSS|0.0
P16234|Q96RK0_RRRSSCSSE|0.0
P16234|Q96RK0_SSCSSEPNT|0.0
P16234|Q96RK0_SEPNTPKSA|0.0
P16234|Q96RK0_NTPKSAKCE|0.0
P16234|P07384____MSEEII|0.0
P16234|P07384_LGQDYEQLR|0.0
P16234|P07384_TELLSNPQF|0.0
P16234|P07384_RKAPSDLYQ|0.054
P16234|P07384_PSDLYQIIL|0.087
P16234|P07384_LLGCSIDIS|0.0
P16234|P07384_GQVVSLIRM|0.0
P16234|P07384_NTTLYEGTW|0.074
P16234|P07384_LYEGTWRRG|0.0
P16234|P07384_GCRNYPATF|0.323
P16234|P07384_RLDETDDPD|0.0
P16234|P07384_DPDDYGDRE|0.356
P16234|P07384_LANASRARS|0.0
P16234|P07384_PPGEYVVVP|0.171
P16234|P07384_EQVLSEEEI|0.0
P16234|P07384_RNYLSIFRK|0.173
P16234|P07384_SGSMSAYEM|0.101
P16234|Q9HC96_VKGQSAGGC|0.037
P16234|Q9HC96_CRNNSGFPS|0.0
P16234|Q9HC96_LSPGYYLAV|0.405
P16234|Q9HC96_SPGYYLAVP|0.41
P16234|Q9UMQ6_GKMETLIRV|0.0
P16234|Q9UMQ6_RRGSSAGGC|0.0
P16234|Q9UMQ6_FFTKYQDHG|0.0
P16234|Q9UMQ6_DHGFSEIFT|0.0
P16234|Q9UMQ6_SREVSSQLR|0.0
P16234|Q9UMQ6_REVSSQLRL|0.0
P16234|Q6ZSI9_DRGEYRTEE|0.0
P16234|Q6ZSI9_VLGPSPEGG|0.0
P16234|Q6ZSI9_NNQLTQTLT|0.0
P16234|Q6ZSI9_LTSRYRDSR|0.0
P16234|Q6MZZ7_ILAGSQRFR|0.0
P16234|Q6MZZ7_TRRKSAEFL|0.0
P16234|Q6MZZ7_RMKGSPSEH|0.0
P16234|Q6MZZ7_SEHGSQQSI|0.0
P16234|Q6MZZ7_IFNRYAQQR|0.312
P16234|Q6MZZ7_RLVHYQHVF|0.279
P16234|Q6MZZ7_GKGLYLTEM|0.219
P16234|Q6MZZ7_SLVMYN___|0.426
P16234|A8MX76_LLQDTFWKN|0.0
P16234|A8MX76_AHQKSEFVL|0.0
P16234|A8MX76_KHIFYEIGS|0.0
P16234|P17655_EGLGSHDRA|0.0
P16234|P17655_LNQDYEALR|0.0
P16234|P17655_GPYSSKTRG|0.0
P16234|P17655_TSDTYKKWK|0.264
P16234|P17655_EDGESGCTF|0.0
P16234|P17655_ARERSDTFI|0.0
P16234|P17655_ERSDTFINL|0.0
P16234|P17655_QDIKSDGFS|0.0
P16234|P17655_DMLDSDGSG|0.0
P16234|P17655_DSDGSGKLG|0.0
P16234|P17655_YQKIYREID|0.294
P16234|P17655_DRSGTMNSY|0.345
P16234|P20807___MPTVISA|0.0
P16234|P20807_VISASVAPR|0.0
P16234|P20807_AEPRSPGPV|0.0
P16234|P20807_GTSPSGLNM|0.0
P16234|P20807_VIVPSTYEP|0.0
P16234|P20807_KKKKTKPII|0.0
P16234|P20807_VDQESEEGK|0.0
P16234|P20807_KGKTSPDKQ|0.0
P16234|P20807_KQKQSPQPQ|0.0
P16234|P20807_ESCRSMIAL|0.0
P16234|P20807_DTDGSGKLN|0.0
P16234|O15484_DQNYSALRR|0.431
P16234|O15484_LFPATDDSL|0.0
P16234|O15484_YYKGTPGPA|0.306
P16234|O15484_KGHAYAVTD|0.229
P16234|O15484_AYAVTDVRK|0.243
P16234|O15484_KAASSIYIN|0.059
P16234|O15484_IYINSRSVF|0.0
P16234|Q9Y6Q1_LLGCYEALD|0.0
P16234|Q9Y6Q1_LDGLTITDI|0.0
P16234|Q9Y6Q1_TLAETVDMQ|0.0
P16234|Q9Y6Q1_GTSTYIDTR|0.0
P16234|Q9Y6Q1_TYIDTRTVF|0.0
P16234|Q9Y6Q1_IDTRTVFLS|0.0
P16234|Q9Y6Q1_KKGNYVLVP|0.002
P16234|Q9Y6Q1_TVNPYLVIK|0.027
P16234|Q9Y6W3_QALIYAEMA|0.466
P16234|Q9Y6W3_VQSKSADPL|0.0
P16234|Q9Y6W3_ERPQSFISP|0.0
P16234|Q9Y6W3_KLPLSPKQK|0.0
P16234|Q9Y6W3_IAMHSDSQT|0.0
P16234|Q9Y6W3_MHSDSQTFS|0.0
P16234|Q9Y6W3_SDSQTFSKD|0.0
P16234|Q9Y6W3_WKGRYSEND|0.305
P16234|Q9Y6W3_KGRYSENDV|0.511
P16234|Q9Y6W3_GKKVYYPAD|0.236
P16234|Q9Y6W3_KKVYYPADP|0.313
P16234|Q9Y6W3_DPPPYIDGI|0.0
P16234|Q9Y6W3_IRINSPHYL|0.161
P16234|Q9Y6W3_VVSQYEKQN|0.522
P16234|Q9Y6W3_NTIHYTVRV|0.608
P16234|Q9Y6W3_NGKWSGQSA|0.0
P16234|Q9Y6W3_WSGQSAGGC|0.0
P16234|A6NHC0_FNINTCREM|0.0
P16234|A6NHC0_FTLNSQVQQ|0.0
P16234|O14815_LKRGSLLGC|0.0
P16234|O14815_ARSKTFINL|0.0
P16234|O14815_FKKLSLISC|0.0
P16234|P04632_GGVISAISE|0.0
P16234|P04632_ISAISEAAA|0.0
P16234|P04632_PPPRTHYSN|0.347
P16234|P04632_PRTHYSNIE|0.401
P16234|P04632_DTCRSMVAV|0.0
P16234|P04632_AVMDSDTTG|0.0
P16234|P04632_DSDTTGKLG|0.0
P16234|P04632_WQAIYKQFD|0.429
P16234|P04632_IRRYSDESG|0.001
P16234|Q96L46_DSDTTGKLG|0.0
P16234|Q96L46_DHSGSLGSS|0.0
P16234|Q14444_KLDDYQERM|0.0
P16234|Q14444_LDAVSKYQE|0.336
P16234|Q14444_DIQKTIKKT|0.0
P16234|Q14444_LELQYVLDK|0.0
P16234|Q14444_VPILSEEEL|0.0
P16234|Q14444_ERDMSLRLN|0.0
P16234|Q14444_EEAASAPAV|0.0
P16234|Q14444_PAEEYTEQS|0.121
P16234|Q14444_YTEQSEVES|0.0
P16234|Q14444_ESTEYVNRQ|0.367
P16234|Q14444_AASPSVPEP|0.015
P16234|Q14444_PMNPTQNMD|0.006
P16234|Q14444_TSEGYTASQ|0.0
P16234|Q14444_SQPLYQPSH|0.101
P16234|Q14444_QQNQYQASY|0.086
P16234|Q14444_YQASYNQSF|0.416
P16234|Q14444_TVVGTYHGS|0.0
P16234|Q14444_VVGTYHGSP|0.095
P16234|Q14444_GYRPSFSNT|0.003
P16234|Q14444_SFSNTPNSG|0.0
P16234|Q14444_NSGYTQSQF|0.0
P16234|Q14444_QSQFSAPRD|0.0
P16234|Q14444_PRDYSGYQR|0.051
P16234|Q13938_SRGASGIQG|0.0
P16234|Q13938_DGSRSLDAD|0.0
P16234|Q13938_DRNGSGTLD|0.0
P16234|Q13938_KLDRSGDGV|0.0
P16234|Q13938_PKVRSGEWT|0.001
P16234|Q13938_SGEWTEDEV|0.0
P16234|Q9BXY5_TKIRTHSTL|0.0
P16234|Q9BXY5_IRTHSTLTE|0.0
P16234|Q9BXY5_RTHSTLTEN|0.069
P16234|Q9BXY5_HSTLTENVL|0.0
P16234|Q9BXY5_GKNRTNVLP|0.0
P16234|Q9BXY5_IALDSLKTA|0.0
P16234|Q9BXY5_EMNEYRKSY|0.0
P16234|Q9BXY5-2_RTHSTLTEN|0.007
P16234|Q8WWF8_FDSPYDKDG|0.0
P16234|P52907_MDQFTPVKI|0.005
P16234|P52907_KIEGYEDQV|0.528
P16234|P52907_SWRESCDSA|0.137
P16234|P52907_IQVHYYEDG|0.538
P16234|P52907_DVQDSLTVS|0.0
P16234|P52907_NEAQTAKEF|0.46
P16234|P52907_AENEYQTAI|0.417
P16234|P52907_ISENYQTMS|0.4
P16234|P52907_KILSYKIGK|0.131
P16234|P47755_LDQFTPVKI|0.0
P16234|P47755_NGVCTVYGK|0.446
P16234|P47755_VCTVYGKKI|0.434
P16234|P47755_EWKFTITPS|0.0
P16234|P47755_IQVHYYEDG|0.392
P16234|P47755_KILSYKIGK|0.0
P16234|Q96KX2_HCQKYSVPL|0.267
P16234|Q96KX2_ALKLYVNDH|0.227
P16234|Q96KX2_NLVMYPKLG|0.0
P16234|Q96KX2_PKLGYVIYS|0.126
P16234|P47756_LNEIYFGKT|0.028
P16234|P47756-1____MSDQQL|0.0
P16234|P47756-1_DSYRSPWSN|0.0
P16234|P47756-1_GAMPSARLR|0.0
P16234|P47756-1_AFDQYRDLY|0.002
P16234|P47756-1_LWLQTNKSG|0.0
P16234|P47756-1_QTNKSGSGT|0.0
P16234|P47756-1_NKSGSGTMN|0.0
P16234|P47756-1_GGSLTRQME|0.0
P16234|P47756-1_LNEIYFGKT|0.0
P16234|P47756-1_QRELSQVLT|0.0
P16234|P47756-1_SQVLTQRQI|0.0
P16234|Q6JBY9_KPPCSLPLF|0.0
P16234|Q6JBY9_QANLTFDPA|0.0
P16234|Q6JBY9_PSTPSSPGV|0.0
P16234|Q6JBY9_PGVRSRPSE|0.0
P16234|Q6JBY9_RSRPSEAEE|0.0
P16234|Q6JBY9_PPEGSHLPC|0.0
P16234|Q6JBY9_HLPCYNKVR|0.346
P16234|Q6JBY9_RTRGSIKRR|0.0
P16234|Q6JBY9_RRPPSRRFR|0.0
P16234|Q6JBY9_RAVESSQQN|0.0
P16234|Q6JBY9_AVESSQQNG|0.0
P16234|Q6JBY9_GSPLSSEGA|0.0
P16234|Q6JBY9_SPLSSEGAA|0.0
P16234|Q6JBY9_PLRRSPSRT|0.0
P16234|Q6JBY9_ESPQTSGPE|0.0
P16234|Q6JBY9_SPQTSGPEA|0.0
P16234|Q6JBY9_EPGCSPQTG|0.0
P16234|P41180_SFLRTIPND|0.0
P16234|P41180_EHQATAMAD|0.0
P16234|P41180_HPRKSVHNG|0.386
P16234|P41180_TLRRSNVSR|0.0
P16234|P41180_RSNVSRKRS|0.0
P16234|P41180_SRKRSSSLG|0.0
P16234|P41180_RKRSSSLGG|0.0
P16234|P41180_LGGSTGSTP|0.0
P16234|P41180_SSSISSKSN|0.0
P16234|P35218_GRWCSQRSC|0.0
P16234|Q9BWT7_AGAGSGSEA|0.0
P16234|Q9BWT7_AGSGSEAEE|0.0
P16234|Q9BWT7_LRDQYLQEM|0.177
P16234|Q9BWT7_PFPPSAGSI|0.0
P16234|Q9BWT7_AIRVSGRSP|0.265
P16234|Q9BWT7_VSGRSPPGG|0.0
P16234|Q9BWT7_RRVLSGPGS|0.0
P16234|Q9BWT7_SGPGSARME|0.0
P16234|Q9BWT7_EPERSLRPY|0.001
P16234|Q9BWT7_SLRPYSLVR|0.036
P16234|Q9BWT7_AQPATPGLG|0.0
P16234|Q9BXL7_EMDDYMETL|0.122
P16234|Q9BXL7_RRFSTIVVE|0.0
P16234|Q9BXL7_KDDNYNLAM|0.263
P16234|Q9BXL7_LAMRYAQLS|0.363
P16234|Q9BXL7_VNLESKLRR|0.0
P16234|Q9BXL7_LRRLSKDSN|0.0
P16234|Q9BXL7_VTIISQDFG|0.0
P16234|Q9BXL7_SPEDSKYFL|0.277
P16234|Q9BXL7_EDSKYFLPY|0.267
P16234|Q9BXL7_YFLPYHPPQ|0.393
P16234|Q9BXL7_KSPISLKRT|0.0
P16234|Q9BXL7_EEEGTDASP|0.0
P16234|Q9BXL7_ASPSSCGSL|0.0
P16234|Q9BXL7_SSCGSLPIT|0.0
P16234|Q9BXL7_PITNSFTKM|0.148
P16234|Q9BXL7_TNSFTKMQP|0.018
P16234|Q9BXL7_SSIMSITAE|0.0
P16234|Q9BXL7_PGNDSIVRR|0.013
P16234|Q9BXL7_RPSVTSVGH|0.0
P16234|Q9BXL7_PSVTSVGHV|0.0
P16234|Q9BXL7_VTLHYKVNH|0.336
P16234|Q9BXL7_MHRGSREEV|0.002
P16234|Q9BXL7_EVDGTHHTL|0.244
P16234|Q9BXL7_GTHHTLRAL|0.0
P16234|Q9BXL7_ALRNTLQPE|0.189
P16234|Q9BXL7_KRMNSNERV|0.0
P16234|Q9BXL7_SPLGSLARS|0.0
P16234|Q9BXL7_LDPESELGK|0.0
P16234|Q9BXL7_VRAFYCERR|0.307
P16234|Q9BXL7_RLLNSGGAM|0.0
P16234|Q9BXL7_AMEFTICKS|0.0
P16234|Q9BXL6_CRRDSALTA|0.0
P16234|Q9BXL6_EVLHSPRLT|0.065
P16234|Q9BXL6_QEELYLLKQ|0.33
P16234|Q9BXL6_ANMVSSCEL|0.0
P16234|Q9BXL6_NMVSSCELE|0.0
P16234|Q9BXL6_LQEQSLRTA|0.0
P16234|Q9BXL6_LRTASDQES|0.0
P16234|Q9BXL6_SDQESGDEE|0.0
P16234|Q9BXL6_EKLRSLTFS|0.0
P16234|Q9BXL6_LRSLTFSLA|0.0
P16234|Q9BXL6_SLTFSLAEK|0.0
P16234|Q9BXL6_ILEQSLDEA|0.0
P16234|Q9BXL6_EARGSRQEL|0.0
P16234|Q9BXL6_ELVDSFRSS|0.0
P16234|Q9BXL6_SFRSSSPAP|0.0
P16234|Q9BXL6_FRSSSPAPP|0.0
P16234|Q9BXL6_PAPPSQQSL|0.0
P16234|Q9BXL6_TRKPSSGGP|0.0
P16234|Q9BXL6_RKPSSGGPQ|0.0
P16234|Q9BXL6_VRIVSMDKA|0.0
P16234|Q9BXL6_PLRLSFDRG|0.0
P16234|Q9BXL6_QRLGTSEEQ|0.0
P16234|Q9BXL6_WTEQSPR__|0.0
P16234|Q5EG05_RENATVMDK|0.0
P16234|Q5XLA6_QFIRSVGEG|0.0
P16234|Q96LW7_TPFLTGHGR|0.0
P16234|Q96LW7-2_ALQNSDCTE|0.0
P16234|Q96LW7-2_NSDCTELDS|0.0
P16234|Q96LW7-2_TELDSGSQS|0.0
P16234|Q96LW7-2_SGSQSGELS|0.0
P16234|Q9BX69_HDPDSILDT|0.0
P16234|Q9BX69_SILDTLTSR|0.0
P16234|Q9BX69_LDTLTSRRL|0.0
P16234|Q9BX69_DTLTSRRLI|0.0
P16234|Q9BX69_RRLISEEEY|0.0
P16234|Q9BX69_EDAFSPGIK|0.0
P16234|Q9BX69_NEKEYDTPE|0.121
P16234|Q9BX69_KEYDTPEVT|0.0
P16234|Q9BX69_TLSYSVEKV|0.0
P16234|Q9BX69_GHSYSLDSQ|0.002
P16234|Q9BX69_YSLDSQPAR|0.0
P16234|Q9BX69_VTELTEATG|0.0
P16234|Q9BX69_LTEATGKLI|0.0
P16234|Q9BX69_LQIGSHPMC|0.0
P16234|Q9Y2G2_KFHLYLVPS|0.4
P16234|Q9Y2G2_DALLTKAID|0.0
P16234|Q9H257____MSDYEN|0.139
P16234|Q9H257_GHKGYVAFL|0.447
P16234|Q9H257_SLELYYPQL|0.142
P16234|Q9H257_YKKVTGKEP|0.352
P16234|Q9H257_VQDLTALLS|0.0
P16234|Q9H257_RVKDSLLRK|0.0
P16234|Q9H257_KLDRSSPYI|0.0
P16234|Q9H257_DSKMYKDRI|0.391
P16234|Q9H257_LEDGSPRRS|0.007
P16234|Q9H257_SPRRSQELS|0.0
P16234|Q9H257_SQELSLPQD|0.0
P16234|Q9H257_DTQLSDKGC|0.0
P16234|Q8N187_SCQLYKATC|0.387
P16234|Q8N187_PARIYIKKV|0.155
P16234|Q8N187_KFPEYRVPT|0.0
P16234|Q8N187_RGSLSPEPT|0.0
P16234|Q9Y2V2____MSSEPP|0.0
P16234|Q9Y2V2_PQPPTHQAS|0.0
P16234|Q9Y2V2_THQASVGLL|0.0
P16234|Q9Y2V2_PTRRTRTFS|0.0
P16234|Q9Y2V2_TFSATVRAS|0.0
P16234|Q9Y2V2_QGPVYKGVC|0.351
P16234|Q9Y2V2_VEGEYVPVE|0.234
P16234|Q9Y2V2_TKHETWSGH|0.0
P16234|Q9Y2V2_HETWSGHVI|0.0
P16234|Q8IW45_RKAHSIKDM|0.0
P16234|Q8IW45_IPPLSSTKH|0.0
P16234|Q8IW45_PLSSTKHKG|0.0
P16234|Q8IW45_CQEYTGAPY|0.001
P16234|Q8IW45_GPMDSDDSH|0.0
P16234|Q8IW45-2_DLKLTIWGP|0.001
P16234|Q8IW45-2_RAQGSCGPR|0.142
P16234|Q86X55_VRTGTYQRA|0.06
P16234|Q86X55_RTGTYQRAI|0.01
P16234|Q86X55_VLVKSNNLT|0.0
P16234|Q8N4J0_AAAVSAAAA|0.0
P16234|Q8N4J0_IMPASTFDM|0.0
P16234|Q8N4J0_MPASTFDMD|0.0
P16234|Q8N4J0_KLKSTLKQF|0.0
P16234|Q8N4J0_VRDWSETGK|0.0
P16234|P49589_PPAGTQPCR|0.001
P16234|P49589_RLHLYNSLT|0.328
P16234|P49589_YNSLTRNKE|0.0
P16234|P49589_KVTWYCCGP|0.39
P16234|P49589_GPTVYDASH|0.39
P16234|P49589_VYDASHMGH|0.071
P16234|P49589_LFEQYREKR|0.105
P16234|P49589_NGYGYVSNG|0.407
P16234|P49589_DTLDYSSNT|0.077
P16234|P49589_QCNLYMAAR|0.447
P16234|P49589-2_DENVSMVCP|0.0
P16234|P49589-3_DTLDYSSNT|0.0
P16234|Q9HA77_WLQPTGRET|0.0
P16234|Q9HA77_VFGCSIVMV|0.0
P16234|Q9HA77_VLPPTVYLR|0.0
P16234|Q9HA77_KGNVYFDLK|0.012
P16234|Q9HA77_SLKNYITIK|0.428
P16234|Q9HA77_KNYITIKDF|0.005
P16234|Q9HA77_ERLSSTKRA|0.0
P16234|Q9HA77_DDFDTPRVV|0.0
P16234|Q15699_SLRMSPVKG|0.0
P16234|Q15699_DSNVSSSKK|0.0
P16234|Q15699_QKTHYPDVY|0.399
P16234|Q15699_LALRTELTE|0.0
P16234|Q15699_RTELTEARV|0.0
P16234|Q15699_RRSSSIAVL|0.0
P16234|Q15699_TANISWAM_|0.0
P16234|Q16568_PLLGTRAQE|0.366
P16234|Q16568_LDIYSAVDD|0.165
P16234|Q16568_KKLKSKRVP|0.0
P16234|Q16568_CPRGTSCNS|0.0
P16234|Q16568_PRGTSCNSF|0.0
P16234|Q16568_TSCNSFLLK|0.002
P16234|Q14511_APRDTIYQV|0.001
P16234|Q14511_RDTIYQVPP|0.563
P16234|Q14511_QVPPSYQNQ|0.435
P16234|Q14511_VPPSYQNQG|0.142
P16234|Q14511_NQGIYQVPT|0.276
P16234|Q14511_YQVPTGHGT|0.445
P16234|Q14511_TGHGTQEQE|0.0
P16234|Q14511_EQEVYQVPP|0.568
P16234|Q14511_TPVRTGHGY|0.015
P16234|Q14511_YPSRYQKDV|0.465
P16234|Q14511_DIPPSHTTQ|0.0
P16234|Q14511_PPSHTTQGV|0.0
P16234|Q14511_PSHTTQGVY|0.188
P16234|Q14511_DIPPTKGVY|0.001
P16234|Q14511_AIPPSACRD|0.01
P16234|Q14511_REKDYDFPP|0.432
P16234|Q14511_PEGVYDIPP|0.361
P16234|Q14511_HQSLSPNHP|0.0
P16234|Q14511_QLGQSVGSQ|0.0
P16234|Q14511_QSVGSQNDA|0.0
P16234|Q14511_PAETSEKAN|0.0
P16234|Q14511_SLSASPAQD|0.0
P16234|Q14511_PGPGSLHLK|0.0
P16234|Q14511_SIMNSTEYP|0.049
P16234|Q14511_PDCSSSDGS|0.0
P16234|Q14511_DCSSSDGSE|0.0
P16234|Q14511_SSDGSERSW|0.0
P16234|Q14511_WMDDYDYVH|0.513
P16234|Q14511_DDYDYVHLQ|0.433
P16234|Q14511_KPSQSLPTT|0.0
P16234|Q6TDU7_TKLLSQWKH|0.0
P16234|Q6TDU7_LKQASTLAD|0.0
P16234|Q6TDU7_KQASTLADL|0.0
P16234|Q6TDU7_ADLDSGNME|0.252
P16234|Q6TDU7_ILATSDIAV|0.0
P16234|Q6TDU7_ISNVSYKPK|0.41
P16234|Q6TDU7_LKEETEFHS|0.0
P16234|Q6TDU7_TEFHSTLYH|0.002
P16234|Q5T4H9_GAGETTGQQ|0.0
P16234|Q5T4H9_AGETTGQQR|0.0
P16234|O15234_RGGGSCSGS|0.0
P16234|O15234_SCSGSAGGG|0.0
P16234|O15234_GGSGSLPSQ|0.0
P16234|O15234_DGQESTEPV|0.0
P16234|O15234_GQESTEPVE|0.0
P16234|O15234_KNPAYIPRK|0.0
P16234|O15234_LRGQTQEEE|0.0
P16234|O15234_LIALYGYDI|0.0
P16234|O15234_NAAGTGRMS|0.0
P16234|O15234_TGRMSAPRN|0.0
P16234|O15234_KHEISYRSR|0.0
P16234|O15234_HEISYRSRR|0.0
P16234|O15234_LEQTSVRDP|0.0
P16234|O15234_EEAASEPPA|0.0
P16234|O15234_VPETTPTPP|0.0
P16234|O15234_ETTPTPPTK|0.0
P16234|O15234_PPRRTPQPV|0.0
P16234|O15234_PEVVSRGSS|0.0
P16234|Q6P4E1_EKRNSDLLL|0.0
P16234|Q6P4E1_KRLEYESFQ|0.0
P16234|Q6P4E1_QKIQSNDGK|0.0
P16234|Q6P4E1_PISVSQHES|0.0
P16234|Q6P4E1_QNPSSPLQR|0.0
P16234|Q6P4E1_PQHGSKLAD|0.0
P16234|Q8NG31_RRHSSILKP|0.0
P16234|Q8NG31_IVRKSEMEG|0.0
P16234|Q8NG31_LEDNYCEIT|0.344
P16234|Q8NG31_QKEFSIIEH|0.0
P16234|Q8NG31_EIPIYSKEP|0.249
P16234|Q8NG31_DENNSNITR|0.0
P16234|Q8NG31_FQDLSINSA|0.0
P16234|Q8NG31_LSINSADKI|0.0
P16234|Q8NG31_ILAMTPESI|0.0
P16234|Q8NG31_PESIYSNPS|0.042
P16234|Q8NG31_VFYSSCNDA|0.337
P16234|Q8NG31_YAKMYCNPD|0.393
P16234|Q8NG31_DAMSSLTEK|0.0
P16234|Q8NG31_MSSLTEKTI|0.0
P16234|Q8NG31_KTIYSGEEN|0.0
P16234|Q8NG31_RIQQSLSNP|0.0
P16234|Q8NG31_QSKSSSDEC|0.0
P16234|Q8NG31_CEEITKSRN|0.0
P16234|Q8NG31_SLTDTWNKD|0.0
P16234|Q8NG31_LDKDSPQSA|0.0
P16234|Q8NG31_HTVKSVLGQ|0.0
P16234|Q8NG31_LGQNSKLAE|0.0
P16234|Q8NG31_LSNPTPDYC|0.256
P16234|Q8NG31_PTPDYCHDK|0.394
P16234|Q8NG31_KCGKSPIEK|0.0
P16234|Q8NG31_GVLKSNCIM|0.288
P16234|Q8NG31_LEDESVQKP|0.001
P16234|Q8NG31_WGRKSVGGP|0.0
P16234|Q8NG31_TKSYTIEIN|0.422
P16234|Q8NG31_NFELSQRKS|0.0
P16234|Q8NG31_SQRKSLGTP|0.0
P16234|Q8NG31_KSLGTPTVI|0.0
P16234|Q8NG31_LGTPTVICT|0.0
P16234|Q8NG31_TVICTPTEE|0.0
P16234|Q8NG31_ICTPTEESV|0.0
P16234|Q8NG31_EPLSSKSQR|0.0
P16234|Q8NG31_QRRKSLKLK|0.0
P16234|Q8NG31_PKDNSCVQE|0.0
P16234|Q8NG31_LFAATNRTT|0.0
P16234|Q8NG31_QTLVYSQDL|0.403
P16234|Q8NG31_QMKVYVDDI|0.083
P16234|Q8NG31_VDDIYVIPQ|0.43
P16234|Q8NG31_EVILSKAGN|0.0
P16234|Q8NG31_AGNKSLNII|0.0
P16234|Q8NG31_ENKKSHNGA|0.0
P16234|Q8NG31_AETTSLPPK|0.0
P16234|Q8NG31_SGIGSVAGK|0.0
P16234|Q8NG31_SPSQYINEE|0.0
P16234|Q8NG31_FSDTTQDRE|0.252
P16234|Q8NG31_FDHHTEEDI|0.0
P16234|Q8NG31_KSANSVLIK|0.0
P16234|Q8NG31_IKNLSRTPS|0.0
P16234|Q8NG31_NLSRTPSSC|0.0
P16234|Q8NG31_RTPSSCSSS|0.0
P16234|Q8NG31_PSSCSSSLD|0.0
P16234|Q8NG31_SSCSSSLDS|0.0
P16234|Q8NG31_SCSSSLDSI|0.0
P16234|Q8NG31_FLRDTICEE|0.0
P16234|Q8NG31_KPRQSNLPG|0.0
P16234|Q8NG31_FTVNTPPTP|0.017
P16234|Q8NG31_MRHCSDKEL|0.0
P16234|Q8NG31_AFGIYLNKI|0.301
P16234|Q8NG31_EEWDSEMRA|0.0
P16234|Q8NG31_EQLKTEEEE|0.0
P16234|Q96PB1_WTEDSIAKP|0.0
P16234|Q96PB1_KIDAYNEAA|0.435
P16234|Q96PB1_LIMAYFYMC|0.409
P16234|Q96PB1_MAYFYMCDR|0.419
P16234|O14936_AKFTSSPGL|0.0
P16234|O14936_SPGLSTEDL|0.0
P16234|O14936_GRVGTPHFM|0.312
P16234|O14936_ERDRYAYKI|0.429
P16234|O14936_AAVSSHKFN|0.0
P16234|O14936_FNSFYGDPP|0.351
P16234|O14936_LLDLYDKIN|0.211
P16234|O14936_ALRVTPPPT|0.0
P16234|O14936_PPPTSPYLN|0.0
P16234|O14936_KIVPSYRTQ|0.148
P16234|O14936_PSYRTQSSS|0.01
P16234|O14936_CERDSPSTS|0.0
P16234|O14936_STNNSVSDL|0.0
P16234|O14936_GRQIYVRAQ|0.446
P16234|O14936_IQIISKDDH|0.0
P16234|O14936_KKKQYKDKY|0.376
P16234|O14936_YKDKYLAKH|0.432
P16234|O14936_DRFAYPIPH|0.223
P16234|O14936_IPHTTRPPK|0.001
P16234|O14936_NGKNYYFVS|0.445
P16234|O14936_GKNYYFVSH|0.438
P16234|O14936_YYFVSHDQM|0.194
P16234|O14936-3_HKFNSFYGD|0.357
P16234|O14936-3_YRTQSSSCE|0.0
P16234|O14936-3_RTQSSSCED|0.0
P16234|O14936-3_TQSSSCEDL|0.0
P16234|Q8WXD9_LCGKTEVVR|0.0
P16234|Q8WXD9_LSQKSVSES|0.0
P16234|Q8WXD9_ADCQSPKMT|0.001
P16234|Q8WXD9_PMSRSQEYL|0.011
P16234|Q8WXD9_PAPGTPPRE|0.005
P16234|Q8WXD9_IKRASVPPV|0.0
P16234|Q8WXD9_TSHFTPPQT|0.0
P16234|Q8WXD9_TPPQTPTKT|0.0
P16234|Q8WXD9_ERPMSPRSL|0.0
P16234|Q8WXD9_MSPRSLPQS|0.0
P16234|Q8WXD9_SLPQSPTHR|0.0
P16234|Q8WXD9_GRSHSVRAP|0.192
P16234|Q8WXD9_NRSQSFAVR|0.117
P16234|Q8WXD9_CRRASDLAG|0.0
P16234|Q8WXD9_EGHPTPRPA|0.0
P16234|Q8WXD9_PRPASPEPG|0.0
P16234|Q8WXD9_TVLASVKHK|0.0
P16234|Q8WXD9_NRRRTLSGP|0.0
P16234|Q8WXD9_RRTLSGPVT|0.0
P16234|Q8WXD9_SGPVTGLLA|0.0
P16234|Q8WXD9_GLLATARRG|0.0
P16234|Q8WXD9_EASATLKRR|0.429
P16234|Q8WXD9_KPPVSPKPV|0.0
P16234|Q8WXD9_KLQGSPTPT|0.0
P16234|Q8WXD9_PEGASPGDS|0.0
P16234|Q8WXD9_KLEETSACL|0.0
P16234|Q8WXD9_LEETSACLA|0.0
P16234|Q8WXE0_NIRNTYNQT|0.0
P16234|Q8WXE0_TYNQTALDI|0.0
P16234|Q8WXE0_LREASGILK|0.0
P16234|Q8WXE0_HIHESQRGT|0.0
P16234|Q8WXE0_DRIGYFPPG|0.002
P16234|Q8WXE0_PSAPTPLRP|0.0
P16234|Q8WXE0_PHPLTYSQL|0.0
P16234|Q8WXE0_PLTYSQLPR|0.0
P16234|Q8WXE0_PPARSPSQE|0.0
P16234|Q8WXE0_ARSPSQESI|0.0
P16234|Q8WXE0_PSQESIGAR|0.0
P16234|Q8WXE0_IGARSRGSG|0.0
P16234|Q8WXE0_RSRGSGHSQ|0.0
P16234|Q8WXE0_GSGHSQEQP|0.0
P16234|Q8WXE0_PKRRSHSLS|0.0
P16234|Q8WXE0_RRSHSLSRP|0.0
P16234|Q8WXE0_SHSLSRPGP|0.0
P16234|Q8WXE0_RPGPTEGDA|0.0
P16234|Q8WXE0_STLGSYATL|0.0
P16234|Q8WXE0_TLGSYATLT|0.0
P16234|Q8WXE0_GSYATLTRR|0.0
P16234|Q8WXE0_YATLTRRPG|0.0
P16234|Q8WXE0_RPGRSALVR|0.0
P16234|Q8WXE0_ALVRTSPSV|0.0
P16234|Q8WXE0_SPSVTPTPA|0.0
P16234|Q8WXE0_SVTPTPARG|0.0
P16234|Q8WXE0_PARGTPRSQ|0.0
P16234|Q8WXE0_PKRLSSVSG|0.0
P16234|Q8WXE0_PRRRTLSEP|0.0
P16234|Q8WXE0_RRTLSEPAG|0.0
P16234|Q8WXE0_AGPASDTEE|0.0
P16234|Q8WXE0_PASDTEEEE|0.0
P16234|Q8WXE0_GPEGTPPSR|0.0
P16234|Q8WXE0_PSRGSSGEG|0.0
P16234|Q8WXE0_SRGSSGEGL|0.0
P16234|Q8WXE0_EGNLTIKQR|0.0
P16234|Q8WXE0_PPRETPVPP|0.0
P16234|P29466_LFIRSMGEG|0.0
P16234|P29466_MGEGTINGL|0.0
P16234|P29466_ELLQTRVLN|0.054
P16234|P29466_RENATVMDK|0.0
P16234|P29466_WKQKSAEIY|0.0
P16234|P29466_PEHKTSDST|0.0
P16234|P29466_EHKTSDSTF|0.0
P16234|P29466_SGNLSLPTT|0.0
P16234|P29466-4_GDNVSWRHP|0.0
P16234|P29466-4_WRHPTMGSV|0.0
P16234|Q92851___MKSQGQH|0.0
P16234|Q92851_GQHWYSSSD|0.402
P16234|Q92851_IQIVTPPVD|0.009
P16234|Q92851_KEAESYQGE|0.062
P16234|Q92851_NGAPSLVSR|0.0
P16234|Q92851_MQGASANTL|0.0
P16234|Q92851_ASANTLNSE|0.0
P16234|Q92851_LNSETSTKR|0.0
P16234|Q92851_NSETSTKRA|0.006
P16234|Q92851_VNNHSFTSL|0.0
P16234|Q92851-2_LDALSL___|0.0
P16234|Q6UXS9_KENLTAQEM|0.0
P16234|P31944_SNPRSLEEE|0.0
P16234|P42575_PSAGSWSTF|0.0
P16234|P42575_SCPLYKKLR|0.315
P16234|P42575_LSTDTVEHS|0.0
P16234|P42575_TVEHSLDNK|0.0
P16234|P42575_MICGYACLK|0.418
P16234|P42575_CLKGTAAMR|0.107
P16234|P42575_DREGYAPGT|0.001
P16234|P42574__MENTENSV|0.162
P16234|P42574_NTENSVDSK|0.342
P16234|P42574_NSVDSKSIK|0.0
P16234|P42574_VDSKSIKNL|0.0
P16234|P42574_IIHGSESMD|0.0
P16234|P42574_ESMDSGISL|0.0
P16234|P42574_YKMDYPEMG|0.431
P16234|P42574_MTSRSGTDV|0.0
P16234|P42574_SRSGTDVDA|0.207
P16234|P42574_CRSLTGKPK|0.0
P16234|P42574_TEFESFSFD|0.007
P16234|P49662_KVLESLGKD|0.046
P16234|P49662_WVRDSPASL|0.009
P16234|P49662_DSPASLEVA|0.0
P16234|P49662_QSFETPRAK|0.0
P16234|P51878_AGQTSIQTL|0.0
P16234|P51878_KMLEYLGKD|0.443
P16234|P51878_EKKKYYDTK|0.407
P16234|P51878_KKKYYDTKI|0.445
P16234|P51878_QGLGYTVVD|0.239
P16234|P51878_GLGYTVVDE|0.413
P16234|P51878_EKNLTARDM|0.0
P16234|P51878-3_GPPESAEST|0.0
P16234|P55212_TRRFSDLGF|0.0
P16234|P55210_KPDRSSFVP|0.0
P16234|P55210_SFVPSLFSK|0.0
P16234|P55210_KKNVTMRSI|0.025
P16234|P55210_VTMRSIKTT|0.0
P16234|P55210_KDGVTPIKD|0.0
P16234|P55210_YSWRSPGRG|0.004
P16234|P55210-2_GPSMTQMLI|0.0
P16234|P55210-2_LILDTRSQW|0.0
P16234|Q14790_EQLDSEDLA|0.0
P16234|Q14790_SEEVSRSEL|0.003
P16234|Q14790_IINDYEEFS|0.13
P16234|Q14790_SLEGSPDEF|0.0
P16234|Q14790_VMTISDSPR|0.0
P16234|Q14790_TISDSPREQ|0.0
P16234|Q14790_KPRGYCLII|0.044
P16234|Q14790_IPVETDSEE|0.146
P16234|Q14790_VETDSEEQP|0.0
P16234|Q14790-4_SRNLYDIGE|0.0
P16234|Q14790-4_TISDSPREQ|0.0
P16234|Q14790-4_LDKVYQMKS|0.09
P16234|Q14790-4_EAPIYELTS|0.0
P16234|Q14790-4_TEVNYEVSN|0.0
P16234|Q14790-9_GGADYILLP|0.0
P16234|Q9UKL3_NDEGSLDIY|0.0
P16234|Q9UKL3_SLDIYAGLD|0.0
P16234|Q9UKL3_TEEGTAKEA|0.0
P16234|Q9UKL3_LKSRSPHLD|0.0
P16234|Q9UKL3_QWENTPLKA|0.0
P16234|Q9UKL3_KKTTTDLKK|0.0
P16234|Q9UKL3_KQPVSQDNQ|0.0
P16234|Q9UKL3_QHKITDIPK|0.0
P16234|Q9UKL3_LELDTKRND|0.0
P16234|Q9UKL3_DNSDYCGIS|0.0
P16234|Q9UKL3_SVIVTPLVE|0.0
P16234|Q9UKL3_PLVESKSCH|0.0
P16234|Q9UKL3_VESKSCHLE|0.0
P16234|Q9UKL3_PEAISPLNS|0.0
P16234|Q9UKL3_SPLNSPVRP|0.0
P16234|Q9UKL3_VYNNSHKDV|0.029
P16234|Q9UKL3_FLPNSAHST|0.0
P16234|Q9UKL3_TCKNSPLDE|0.0
P16234|Q9UKL3_KRRVSADVR|0.0
P16234|Q9UKL3_IAVPSSEQE|0.0
P16234|Q9UKL3_AVPSSEQEI|0.0
P16234|Q9UKL3_KISKSVTTL|0.0
P16234|Q9UKL3_SEERSLEVH|0.0
P16234|Q9UKL3_VHCPSTPKS|0.0
P16234|Q9UKL3_HCPSTPKSE|0.0
P16234|Q9UKL3_KNEGSSIED|0.0
P16234|Q9UKL3_NEGSSIEDA|0.0
P16234|Q9UKL3_EDAQTSQHA|0.0
P16234|Q9UKL3_SQHATLKPE|0.0
P16234|Q9UKL3_LLDSSVNCT|0.0
P16234|Q9UKL3_WELKTPEKQ|0.0
P16234|Q9UKL3_SGVASPCPK|0.0
P16234|Q9UKL3_NLPLSKDNV|0.034
P16234|Q9UKL3_DNVCSVEKS|0.0
P16234|Q9UKL3_IMEKSNDHF|0.0
P16234|Q9UKL3_IRRATPSTS|0.0
P16234|Q9UKL3_RATPSTSSG|0.0
P16234|Q9UKL3_TPSTSSGLK|0.0
P16234|Q9UKL3_PSTSSGLKQ|0.0
P16234|Q9UKL3_DELLTSLPR|0.0
P16234|Q9UKL3_ELLTSLPRH|0.0
P16234|Q9UKL3_ELENSNKNV|0.0
P16234|Q9UKL3_EELPSMEEI|0.0
P16234|Q9UKL3_EISHSVGEH|0.0
P16234|P55211_LENLTPVVL|0.019
P16234|P55211_VDIGSGGFG|0.0
P16234|P55211_FCRESGLRT|0.0
P16234|P55211_KGDLTAKKM|0.001
P16234|P55211_EVASTSPED|0.0
P16234|Q8NAP1_GRWNSTSWS|0.0
P16234|Q86V15_AGSHTEGSP|0.0
P16234|Q86V15_HTEGSPSQP|0.0
P16234|Q86V15_PQGCSDEED|0.0
P16234|Q86V15_EEKDSDGAA|0.0
P16234|Q86V15_DGAASKEDS|0.0
P16234|Q86V15_ASTMTEFLG|0.0
P16234|Q86V15_ARKISFEKL|0.0
P16234|Q86V15_RFSKYEEYI|0.0
P16234|Q86V15_GEQLSWPAP|0.0
P16234|Q86V15_YKKPSKYDL|0.154
P16234|Q86V15_ENVKYLHLF|0.143
P16234|Q86V15_PGEGSPDMG|0.0
P16234|Q86V15_DSITTGTVS|0.0
P16234|Q86V15_KRDNSLQHG|0.0
P16234|Q86V15_SDVMTHENF|0.0
P16234|Q86V15_KHKSYHIKD|0.0
P16234|Q86V15_FKKFYKYEE|0.227
P16234|Q86V15_KFYKYEECK|0.077
P16234|Q86V15_EGCVYSKAT|0.0
P16234|Q86V15_GLPPSLLGA|0.0
P16234|Q86V15_GAKDTEHEE|0.0
P16234|Q86V15_EHEESSNDD|0.0
P16234|Q86V15_HEESSNDDL|0.0
P16234|Q86V15_SLSASPTSQ|0.0
P16234|Q86V15_SGLPTPTPY|0.0
P16234|Q86V15_ALKPSATFD|0.0
P16234|Q86V15_PGLGSLLNI|0.0
P16234|Q86V15_AAEPSPFLG|0.0
P16234|Q86V15_HLPASPLAT|0.0
P16234|Q86V15_SPLATTSLE|0.0
P16234|Q86V15_IEDMSPFGK|0.0
P16234|Q86V15_RFRCTDSTK|0.0
P16234|Q86V15_RCTDSTKVT|0.0
P16234|Q86V15_CTDSTKVTA|0.0
P16234|Q86V15_STKVTAHRK|0.0
P16234|Q86V15_AGARTPALA|0.263
P16234|Q86V15_PTAASSP__|0.0
P16234|P04040_GAFGYFEVT|0.387
P16234|P04040_IGKKTPIAV|0.0
P16234|P04040_VRFSTVAGE|0.0
P16234|P04040_VGNNTPIFF|0.457
P16234|P04040_EDPDYGIRD|0.23
P16234|P04040_RLFAYPDTH|0.389
P16234|P04040_LGPNYLHIP|0.033
P16234|P04040_VNCPYRARV|0.332
P16234|P04040_HSIQYSGEV|0.346
P16234|P04040_VRAFYVNVL|0.268
P16234|Q7Z7H3_LGMLTYCLF|0.007
P16234|Q7Z7H3_GMLTYCLFV|0.096
P16234|Q7Z7H3_FVHASSRGF|0.0
P16234|Q7Z7H3_VHASSRGFL|0.0
P16234|Q7Z7H3_EEVKTGVTS|0.0
P16234|Q7Z7H3_RMVPSNARF|0.0
P16234|Q7Z7H3_IQVGSPGCC|0.0
P16234|Q7Z7H3_CCIITKMPI|0.308
P16234|Q96P56_LVRFSIKPQ|0.0
P16234|Q96P56_QRLLSRLHV|0.0
P16234|Q96P56_SEVESNYGA|0.001
P16234|Q96P56_NYGATEEDL|0.0
P16234|Q96P56_SASKTEETL|0.0
P16234|Q96P56_KKREYQSSS|0.0
P16234|Q96P56_REYQSSSCV|0.0
P16234|Q96P56_YQSSSCVSS|0.0
P16234|Q96P56_VSSTSSSYS|0.0
P16234|Q96P56_TSSSYSSSS|0.0
P16234|Q96P56_SSSYSSSSE|0.0
P16234|Q96P56_SSYSSSSES|0.0
P16234|Q96P56_SYSSSSESR|0.0
P16234|Q96P56_YSSSSESRF|0.0
P16234|Q96P56_SSSESRFSE|0.0
P16234|Q86XQ3_GKQFTYLYI|0.0
P16234|Q86XQ3_DGMQSLRIL|0.0
P16234|Q7RTX7_LNRRSSTSG|0.0
P16234|Q7RTX7_NRRSSTSGS|0.0
P16234|Q9H7T0_NIVKYIDLG|0.016
P16234|Q9H7T0_MFHMSKKTG|0.137
P16234|Q9H7T0_MSKKTGKFK|0.0
P16234|Q9H7T0_KFPITQYPV|0.437
P16234|Q9H7T0_PITQYPVSL|0.002
P16234|Q9H7T0_QYPVSLEII|0.04
P16234|Q9H7T0_PYLVTVTEV|0.09
P16234|Q9H7T0_SISLSELIH|0.0
P16234|Q9H7T0_LIHRSKSEE|0.0
P16234|Q5SY80_ALWRYSTNS|0.0
P16234|Q5SY80_NSPNYRIFS|0.008
P16234|Q5SY80_FSTRSTIKL|0.0
P16234|Q5SY80_IKLEYEGTL|0.0
P16234|Q5SY80_EYEGTLFTE|0.0
P16234|Q5SY80_KRKVYSSNE|0.001
P16234|Q5SY80_LRVRYIWGE|0.0
P16234|Q5SY80_IWGEYGCPL|0.0
P16234|Q6ZRH7_TGTYTTLYE|0.031
P16234|Q6ZRH7_HSNGSEYIM|0.0
P16234|Q6ZRH7_LSIKYMARS|0.0
P16234|Q6ZRH7_SRMGSMFSS|0.0
P16234|Q6ZRH7_SMFSSRMTE|0.0
P16234|Q6ZRH7_RQLMT____|0.0
P16234|Q03135____MSGGKY|0.0
P16234|Q03135_KYVDSEGHL|0.0
P16234|Q03135_GHLYTVPIR|0.0
P16234|Q03135_YDAHTKEID|0.144
P16234|P51636_TIWKSVTDV|0.0
P16234|Q8ND76_RLESYRPDT|0.386
P16234|Q8ND76_HPRASTIFL|0.0
P16234|Q8ND76_SSCSTIFLD|0.0
P16234|Q8ND76_WNVDYCQIL|0.422
P16234|Q8ND76_FDLRSLAEA|0.0
P16234|O43439_ESGISLKEI|0.0
P16234|O43439_NGAPSPPQR|0.0
P16234|O43439_ARQLSKLKR|0.0
P16234|O43439_APRHSPALT|0.0
P16234|O43439_DRHHSLGLN|0.0
P16234|O43439_LNGGYQDEL|0.087
P16234|O43439_KTRRSMAVL|0.0
P16234|O43439_SRPGTGYVP|0.006
P16234|O43439_KASETCSGC|0.0
P16234|O43439_SETCSGCNI|0.0
P16234|O43439_LHGQSPHGQ|0.0
P16234|O43439_SATTSRSST|0.0
P16234|O43439_TTSRSSTPA|0.0
P16234|O43439-5_AMPGSPVEV|0.0
P16234|O75081_ASSASGSTC|0.0
P16234|O75081_GLLASAGCS|0.0
P16234|O75081_AMPDSPAEV|0.0
P16234|O75081_PAQRYSPSN|0.001
P16234|O75081_PPQPTPPPH|0.003
P16234|O75081_ARRYSDAED|0.0
P16234|O75081_RPRSSSAGP|0.0
P16234|O75081_FLPRTLTGY|0.002
P16234|O75081_HELITTERA|0.0
P16234|O75081_KRQASEDAL|0.0
P16234|O75081_RYCGSFCQH|0.0
P16234|O75081_AASPSEAGS|0.0
P16234|O75081_PGSPSPPGP|0.0
P16234|Q13951_EQRQTPSRE|0.0
P16234|Q13951_PSREYVDLE|0.377
P16234|Q13951_AGKVYLKAP|0.388
P16234|Q13951_ARRRTREFE|0.0
P16234|Q13951_EVRVSQLLA|0.057
P16234|Q13951-2_ARRRTREFE|0.0
P16234|P22681_NVKKSSGAG|0.0
P16234|P22681_GGSGSGGSG|0.0
P16234|P22681_GSGGSGSGG|0.0
P16234|P22681_GGSGSGGLI|0.0
P16234|P22681_LMKKTKQTI|0.002
P16234|P22681_KERMYEENS|0.397
P16234|P22681_RGSGSLLRQ|0.0
P16234|P22681_PSPFSMAPQ|0.0
P16234|P22681_APQASLPPV|0.0
P16234|P22681_VCVPSSASA|0.0
P16234|P22681_CVPSSASAL|0.0
P16234|P22681_PSSASALGT|0.0
P16234|P22681_LGTASKAAS|0.0
P16234|P22681_PLPCTPGDC|0.0
P16234|P22681_PPVPSSRLG|0.0
P16234|P22681_PVPSSRLGD|0.098
P16234|P22681_RLGDSWLPR|0.0
P16234|P22681_KVPVSAPSS|0.004
P16234|P22681_FSLDTSMSM|0.0
P16234|P22681_SLDTSMSMN|0.005
P16234|P22681_SMNSSPLVG|0.0
P16234|P22681_IKPSSSANA|0.0
P16234|P22681_GEEDTEYMT|0.372
P16234|P22681_TEYMTPSSR|0.027
P16234|P22681_YMTPSSRPL|0.325
P16234|P22681_MTPSSRPLR|0.0
P16234|P22681_RPLDTSQSS|0.236
P16234|P22681_PLDTSQSSR|0.0
P16234|P22681_DTSQSSRAC|0.0
P16234|P22681_TSQSSRACD|0.0
P16234|P22681_YEAMYNIQS|0.454
P16234|P22681_AHANTGPEE|0.001
P16234|P22681_GPEESENED|0.012
P16234|P22681_LARRTLSDI|0.0
P16234|P22681_RRTLSDISN|0.0
P16234|P22681_LSDISNASS|0.0
P16234|P22681_ISNASSSFG|0.0
P16234|P22681_NASSSFGWL|0.0
P16234|P22681_FGWLSLDGD|0.058
P16234|P22681_RRINSERKA|0.0
P16234|Q13191_ILSKYDDNQ|0.159
P16234|Q13191_SENEYFKIY|0.428
P16234|Q13191_KERMYEEQS|0.405
P16234|Q13191_RLQKYSTKP|0.337
P16234|Q13191_LQKYSTKPG|0.351
P16234|Q13191_DGRSYNPDL|0.397
P16234|Q13191_VRKCTDRQN|0.289
P16234|Q13191_NSPVTSPGS|0.002
P16234|Q13191_SPKSSPCMV|0.0
P16234|Q13191_DVFGTNQLV|0.106
P16234|Q13191_KPGITASSN|0.0
P16234|Q13191_SRVGSDPVL|0.0
P16234|Q13191_GHLGSEEYD|0.212
P16234|Q13191_PPRLSPPPP|0.0
P16234|Q13191_PLANSLSEK|0.0
P16234|Q13191_LSEKTRDPV|0.31
P16234|Q13191_PPVRSCDNG|0.22
P16234|Q13191_DLSIYLKGD|0.315
P16234|Q13191_SLNRTPSDY|0.068
P16234|Q13191_TPSDYDLLI|0.329
P16234|Q13191_ENVKTNRTS|0.003
P16234|Q13191_KTNRTSQDY|0.347
P16234|Q13191_TNRTSQDYD|0.302
P16234|Q13191_DQLPSCSDG|0.045
P16234|Q13191_LPSCSDGSQ|0.0
P16234|Q13191_CSDGSQAPA|0.204
P16234|Q13191_PPPVSPRLN|0.001
P16234|Q9ULV8_VSPPSLRDL|0.0
P16234|Q9ULV8_RGRRSANDE|0.001
P16234|Q9ULV8_QPWPTLLKN|0.019
P16234|Q9ULV8_GFYLYPDGK|0.491
P16234|Q9ULV8_AVSIYQFHG|0.456
P16234|Q9ULV8_LKGNSPPAA|0.0
P16234|P27352_EVQPTLPSN|0.0
P16234|P27352_TVIYTINNQ|0.005
P16234|Q75N03_PAPRTQRTI|0.0
P16234|Q75N03_PIKIYGRMI|0.0
P16234|Q75N03_CKRTYLSQR|0.0
P16234|Q75N03_GKPVTRASL|0.0
P16234|Q75N03_PRSVSQETF|0.0
P16234|Q75N03_VSQETFRIS|0.0
P16234|P23435_TSDPTGTAL|0.0
P16234|P23435_DPTGTALGI|0.0
P16234|P23435_NNFDSERST|0.0
P16234|Q8IUK8_TMTIYFDQV|0.359
P16234|Q6UW01_RASGSFVAP|0.0
P16234|Q92793_LRGGSGSSI|0.0
P16234|Q92793_QGDSSAPSL|0.0
P16234|Q92793_NTSVTNVPN|0.366
P16234|Q92793_AEKIYKIQK|0.321
P16234|Q92793_GEPRSEMME|0.0
P16234|Q92793_AEQKSEPME|0.0
P16234|Q92793_SSNGTASQS|0.0
P16234|Q92793_GIPDYFDIV|0.366
P16234|Q92793_YNRKTSRVY|0.407
P16234|Q92793_ESFPYRTKA|0.401
P16234|Q92793_KKEESTAAS|0.0
P16234|Q92793_KEESTAASE|0.0
P16234|Q92793_TTEGSQGDS|0.0
P16234|Q92793_SQKLYATME|0.001
P16234|Q92793_DAFLTLARD|0.16
P16234|Q92793_VELHTQGQD|0.0
P16234|Q92793_DDEGSSQGE|0.0
P16234|Q92793_NANCSLPSC|0.0
P16234|Q92793_ATMNTRNVP|0.0
P16234|Q92793_QQHLYRVNI|0.302
P16234|Q92793_RPVISMQAQ|0.0
P16234|Q92793_SISPSALQD|0.0
P16234|Q92793_DLLRTLKSP|0.0
P16234|Q92793_APVQSPRPQ|0.0
P16234|Q92793_PRPQSQPPH|0.0
P16234|Q92793_QPPHSSPSP|0.0
P16234|Q92793_PPHSSPSPR|0.0
P16234|Q92793_HSSPSPRIQ|0.0
P16234|Q92793_SALSSELSL|0.0
P16234|Q92793_SSELSLVGD|0.0
P16234|P16152_CRLFSGDVV|0.0
P16234|P16152_DVVLTARDV|0.364
P16234|P16152_AEGLSPRFH|0.0
P16234|P16152_RDVCTELLP|0.172
P16234|P16152_SSIMSVRAL|0.107
P16234|P16152_RALKSCSPE|0.0
P16234|P16152_LKSCSPELQ|0.0
P16234|P16152_QKFRSETIT|0.0
P16234|P16152_FRSETITEE|0.0
P16234|P16152_EGWPSSAYG|0.18
P16234|P16152_ETPVYLALL|0.494
P16234|O75828_VALVTGANR|0.0
P16234|O75828_CRQFSGDVV|0.015
P16234|O75828_DVVLTARDV|0.299
P16234|O75828_AEGLSPRFH|0.0
P16234|O75828_LRKEYGGLN|0.013
P16234|O75828_VAFKSDDPM|0.0
P16234|O75828_GWPNSPYGV|0.007
P16234|O75828_PNSPYGVSK|0.064
P16234|O75828_DGKDSIRTV|0.0
P16234|O75828_ETPVYLALL|0.52
P16234|Q8N4T8_VFGGSRGIG|0.0
P16234|Q8N4T8_NLLGSMLTC|0.0
P16234|Q8N4T8_GSMLTCKAA|0.0
P16234|P35520_MPSETPQAE|0.0
P16234|P35520_KIGDTPMVR|0.0
P16234|P35520_EIVRTPTNA|0.0
P16234|P35520_VRTPTNARF|0.0
P16234|P35520_MLVASVGTG|0.0
P16234|P35520_ASVGTGGTI|0.0
P16234|P35520_GGTITGIAR|0.0
P16234|Q9BRT8_PAVGSADEE|0.0
P16234|Q9BRT8_SLAVSQGGE|0.0
P16234|Q9BRT8_GGELYEEWL|0.127
P16234|Q9BRT8_TTIRSINGL|0.0
P16234|Q8IUF1_PAVGSADEE|0.0
P16234|Q8IUF1_SLAVSQGGE|0.0
P16234|Q8IUF1_GGELYEEWL|0.0
P16234|Q8IUF1_ATIRSINGL|0.0
P16234|Q5JTY5_PAVGSVDEE|0.0
P16234|Q5JTY5_SLAVSQGGE|0.0
P16234|Q5JTY5_GGELYEEWL|0.0
P16234|Q5JTY5_TTIRSINGL|0.0
P16234|Q5RIA9_PAVGSVDEE|0.0
P16234|Q5RIA9_SLAVSQGGE|0.0
P16234|Q5RIA9_GGELYEEWL|0.0
P16234|Q5RIA9_TTIRSINGL|0.0
P16234|Q4V339_PAVGSVDEE|0.0
P16234|Q4V339_SLAVSQGGE|0.0
P16234|Q4V339_GGELYEEWL|0.0
P16234|Q4V339_TTLRSINGL|0.001
P16234|P83916_EEEEYVVEK|0.004
P16234|P83916_EFLQSQKTA|0.0
P16234|P83916_QSQKTAHET|0.001
P16234|P83916_TAHETDKSE|0.0
P16234|P83916_ETDKSEGGK|0.0
P16234|P83916_KGEESKPKK|0.0
P16234|P83916_GATDSSGEL|0.0
P16234|P83916_ATDSSGELM|0.006
P16234|P83916_QVVISFYEE|0.007
P16234|P83916_VISFYEERL|0.324
P16234|P83916_LTWHSYPSE|0.0
P16234|P83916_TWHSYPSED|0.001
P16234|Q14781_PRKLTAMSS|0.0
P16234|Q14781_LTAMSSCSR|0.0
P16234|Q14781_PDAPSKSKS|0.0
P16234|Q14781_APSKSKSSS|0.0
P16234|Q14781_KSKSSSSSS|0.0
P16234|Q14781_SSSSSDEED|0.0
P16234|Q14781_EEDDSDLDA|0.0
P16234|Q14781_RRPVSLAKV|0.001
P16234|Q14781_PPPLSAPVA|0.0
P16234|Q14781_SAMATPENL|0.0
P16234|Q14781_SIVHYMNRM|0.284
P16234|Q14781_KAQATNKCG|0.0
P16234|Q14781_VAPPTPASK|0.0
P16234|Q14781_CVKGSATPS|0.0
P16234|Q14781_KGSATPSGQ|0.0
P16234|Q14781_SATPSGQES|0.0
P16234|Q14781_TVKESPTSV|0.0
P16234|Q13185___MASNKTT|0.001
P16234|Q13185_DADNTWEPE|0.001
P16234|Q13185_DDSKSKKKR|0.0
P16234|Q13185_GATDSSGEL|0.0
P16234|Q13185_ATDSSGELM|0.002
P16234|Q13185_KWKDSDEAD|0.0
P16234|O00257_GRVEYLVKW|0.367
P16234|O00257_QGHQYELNS|0.378
P16234|O00257_KSGKYYYQL|0.372
P16234|O00257_SGKYYYQLN|0.425
P16234|O00257_GKYYYQLNS|0.247
P16234|O00257_DPKMYDLQY|0.408
P16234|O00257_GEARSPSHK|0.0
P16234|O00257_VSGVSDPQP|0.204
P16234|O00257_QDAGSRKLS|0.006
P16234|O00257_CLSETHGER|0.015
P16234|O00257_CLGGSPAAE|0.002
P16234|O95503_SASASSPKL|0.0
P16234|O95503_CHRMSRRPL|0.0
P16234|O95503_PQGGSPGLR|0.0
P16234|O95503_RPPISPFSE|0.0
P16234|O95503_PFSETVRII|0.0
P16234|O95503_LVAPSPGKA|0.0
P16234|O95503_CPSPTPQSS|0.0
P16234|O95503_PTPQSSDPD|0.0
P16234|O95931_FAVESIRKK|0.0
P16234|O95931_LQRLYSMDL|0.311
P16234|O95931_QRLYSMDLR|0.44
P16234|O95931_MDLRSSHKA|0.0
P16234|O95931_DLRSSHKAK|0.0
P16234|O95931_PLVPTLPFP|0.0
P16234|O95931_LESHSHRRE|0.0
P16234|Q9HC52_GRMEYLVKW|0.479
P16234|Q9HC52_QCGVTSPSS|0.313
P16234|Q9HC52_TSPSSAEAT|0.0
P16234|Q9HC52_DPNGTRVRH|0.13
P16234|Q9HC52_SGPPSSGGG|0.0
P16234|Q9HC52_GGGLYRDMG|0.31
P16234|Q9Y3M2_PPRKSASLS|0.0
P16234|Q9Y3M2_SNLHSLDRS|0.0
P16234|A6NI87_QLARTRSPL|0.0
P16234|A6NI87_ARTRSPLLS|0.0
P16234|Q6P1N0_RLALYQTAI|0.197
P16234|Q6P1N0_KGPASTPTY|0.0
P16234|Q6P1N0_SPAPTQPAP|0.216
P16234|Q6P1N0_PRIASAPEP|0.0
P16234|Q6P1N0_RVAKSFDAV|0.0
P16234|Q6P1N0_PVDLSCLPP|0.0
P16234|Q6P1N0_PSPPSQPPT|0.0
P16234|Q6P1N0_PTPATAPST|0.0
P16234|Q6P1N0_PPPRTLLEA|0.0
P16234|Q6P1N0_PPSRTPQSG|0.0
P16234|Q6P1N0_PPKATSTRA|0.0
P16234|Q6P1N0_PPGLSPGDL|0.0
P16234|Q6P1N0_KNTDSPEFK|0.0
P16234|Q6P1N0_QLQFYTEAA|0.005
P16234|Q6P1N0_KEALYRRNL|0.372
P16234|Q5T0F9_PANRSPETD|0.0
P16234|Q5T0F9_PALESDNPS|0.0
P16234|Q5T0F9_DVPATPVAP|0.0
P16234|Q5T0F9_PRASSSKES|0.0
P16234|Q5T0F9_RASSSKESP|0.0
P16234|Q5T0F9_SSKESPSPS|0.0
P16234|Q5T0F9_KESPSPSVR|0.0
P16234|Q5T0F9_QAKAYLRVA|0.04
P16234|Q5T0F9_SKVPSPLTD|0.0
P16234|Q5T0F9_PSPLTDEEG|0.0
P16234|Q5T0F9_KNTNSPEFD|0.0
P16234|Q5T0F9_KLVGTAHLK|0.0
P16234|Q9P2K1_VKIITEEFI|0.0
P16234|Q9P2K1_STSRTGFAE|0.0
P16234|Q9P2K1_FAEFSMRGR|0.0
P16234|Q9P2K1_DSQSYSRVK|0.425
P16234|Q9P2K1_DEGLYTGVR|0.38
P16234|Q9P2K1_EGLYTGVRP|0.006
P16234|Q9P2K1_LETLYKKAV|0.325
P16234|Q9P2K1_KRSVYLKVL|0.444
P16234|Q9P2K1_AYVLTWEQG|0.269
P16234|Q9P2K1_FFSRSLPYP|0.229
P16234|Q6DHV5_IHQRSKLSP|0.0
P16234|Q6DHV5_QFLVTRYIK|0.107
P16234|Q8IX12_QRVFTGVVT|0.0
P16234|Q8IX12_VEATYNPNM|0.037
P16234|Q8IX12_VRIVSQPQP|0.0
P16234|Q8IX12_PSRFSGRND|0.0
P16234|Q8IX12_QLGNYCNFY|0.418
P16234|Q8IX12_DHLYSAKVM|0.225
P16234|Q8IX12_MLMASPSME|0.0
P16234|Q8IX12_GGHWSPSLD|0.0
P16234|Q8IX12_ISTPTHWSK|0.0
P16234|Q8IX12_PTHWSKLDP|0.0
P16234|Q8IX12_KELESRALS|0.0
P16234|Q8IX12_KRRKSGDDK|0.031
P16234|Q8IX12_NQDEYDPME|0.116
P16234|Q8IX12_EESESLQED|0.0
P16234|Q8IX12_LLLPTPTVK|0.0
P16234|Q8IX12_NSNKSLSGE|0.0
P16234|Q8IX12_NKSLSGELR|0.0
P16234|Q8IX12_KKDLSQLQE|0.0
P16234|Q8IX12_NLKISENMN|0.0
P16234|Q8IX12_QMNKTIRNL|0.0
P16234|Q6UXH8_ATTKYPCLK|0.488
P16234|Q6UXH8_LTTCYRKKC|0.448
P16234|Q6UXH8_GRDGSKGER|0.0
P16234|Q16773_DGIDYNPWV|0.254
P16234|Q6YP21_LCSLSGRAK|0.0
P16234|Q6YP21_LKTISSSKI|0.0
P16234|Q6YP21_TISSSKILG|0.0
P16234|Q6YP21_FPDISPPTY|0.0
P16234|Q6YP21_IILNTPHNP|0.0
P16234|O00590_ISCMSLDKY|0.397
P16234|Q96ES7_MALVSADSR|0.0
P16234|Q96ES7_ENKISPYYR|0.173
P16234|Q96ES7_ISPYYRTKL|0.438
P16234|Q96ES7_LRGLYTTAK|0.415
P16234|Q96ES7_RGLYTTAKA|0.0
P16234|Q96ES7_GLYTTAKAD|0.137
P16234|Q96ES7_PPRKTMRRG|0.26
P16234|Q96ES7_RHTLSRRRV|0.0
P16234|Q96A19_LSKGSLLTI|0.0
P16234|Q96A19_WSDCTANWR|0.0
P16234|Q96A19_REKWSKVRA|0.0
P16234|Q96A19_RPPGSQELE|0.0
P16234|Q96A19_WEARSLGAG|0.0
P16234|Q96A19_GPRGSSGRQ|0.0
P16234|Q96A19_LKQLSILKE|0.0
P16234|Q68D86_RQFSTKEDT|0.0
P16234|Q68D86_TKEDTNNKE|0.0
P16234|Q68D86_SLKLSEEMK|0.0
P16234|Q68D86_WKWKYEELK|0.0
P16234|Q8IW40_QAALTADEK|0.0
P16234|Q8IW40_ATEISPEKA|0.0
P16234|Q8IYK2_DKADSMLTW|0.0
P16234|Q8IYK2_DMEKSEVLL|0.0
P16234|Q8IYK2_SRAPTPRTQ|0.004
P16234|Q8IYK2_KGPLSKVHL|0.0
P16234|Q8IYK2_VHLETAEKL|0.0
P16234|Q9BWC9_SAASSLSGA|0.0
P16234|Q9BWC9_KGGASRRRF|0.0
P16234|Q9BWC9_QKLKSMSRA|0.0
P16234|Q9BWC9_VDRNTVALT|0.127
P16234|Q9BWC9_TVALTTPIA|0.0
P16234|Q9BWC9_VALTTPIAE|0.046
P16234|Q8WV48_FERVTTLAG|0.0
P16234|Q8WV48_ERVTTLAGA|0.0
P16234|Q8WV48_RRRCSQAVA|0.0
P16234|Q8WV48_QSLFS____|0.0
P16234|Q6ZU64_KQAESKSQI|0.0
P16234|Q6ZU64_DMMLTQAPS|0.0
P16234|Q6ZU64_SRNHTVNSG|0.0
P16234|Q6ZU64_QKLLYFGSV|0.364
P16234|Q6ZU64_PQHLTWYRT|0.444
P16234|Q6ZU64_HLTWYRTHL|0.0
P16234|Q6ZU64_AVQPSRGLI|0.0
P16234|Q6ZU64_LLNSYLERD|0.2
P16234|Q6ZU64_CELTYKVPT|0.075
P16234|Q6ZU64_PPVLTPLRL|0.0
P16234|Q6ZU64_PKAGSLSPG|0.0
P16234|Q6ZU64_AGSLSPGQE|0.0
P16234|Q6ZU64_WNEQSTKFM|0.0
P16234|Q6ZU64_PVPSSSWED|0.0
P16234|Q96M91_EENEYFTEM|0.312
P16234|Q96M91_AKQETRTIL|0.0
P16234|Q96M91_QETRTILQK|0.0
P16234|Q8NEF3_QRLIYEELI|0.357
P16234|Q8NEF3_EEKTTNNEL|0.0
P16234|Q8NEF3_LSAISRKID|0.002
P16234|Q8NEF3_KKQKSIEMS|0.0
P16234|Q8NEF3_SIEMSMKCA|0.0
P16234|Q8NEF3_MKCASQLKE|0.0
P16234|Q96NT0_GPTKTPEPE|0.0
P16234|Q96NT0_QAQASFRDG|0.0
P16234|Q8IYX3_KEIKSLLSQ|0.0
P16234|Q8IYX3_KSLLSQLES|0.0
P16234|Q8IYX3_SQLESLDLP|0.0
P16234|Q8IYX3_DLPGYCPLR|0.0
P16234|Q8IYX3_DRGGSPSMS|0.0
P16234|Q8IYX3_SPSMSSAQV|0.0
P16234|Q8IYX3_EPKLYMSAC|0.215
P16234|Q8IYX3_GMGSSPPKS|0.0
P16234|Q8IWD4_GRPFSGLPL|0.023
P16234|Q8IWD4_GLPLSGGSD|0.0
P16234|Q8IWD4_LSGGSDFLQ|0.0
P16234|Q8IWD4_RAVPSSPAG|0.0
P16234|Q8IWD4_SPAGSAARG|0.0
P16234|Q8IWD4_RGRVSVHCK|0.0
P16234|Q8WUD4_TEQKTCDSD|0.0
P16234|Q96HB5_RRPPTARAY|0.0
P16234|Q96HB5_PERRTPWKP|0.0
P16234|Q96HB5_KPPPSDLYG|0.228
P16234|Q96HB5_PSDLYGDLK|0.409
P16234|Q96HB5_SRRNSVASP|0.0
P16234|Q96HB5_NSVASPTSP|0.069
P16234|Q96HB5_VASPTSPTR|0.0
P16234|Q96HB5_ASPTSPTRS|0.0
P16234|Q96HB5_PTSPTRSLP|0.001
P16234|Q96HB5_SPTRSLPRS|0.0
P16234|Q96HB5_SLPRSASSF|0.194
P16234|Q96HB5_FEGRSVPAT|0.199
P16234|Q96HB5_SVPATPVLT|0.0
P16234|Q96HB5_GGAGSPPAP|0.0
P16234|Q96HB5_PVCKSSEVL|0.0
P16234|Q96HB5_SEVLYERPQ|0.418
P16234|Q96HB5_RPQPTPAFS|0.0
P16234|Q96HB5_PAFSSRTAG|0.0
P16234|Q96HB5_ADSNSPLLR|0.001
P16234|Q96HB5_GQALYGAPS|0.338
P16234|Q96HB5_PHSRSFTAP|0.081
P16234|Q96HB5-4_QTPGTLV__|0.0
P16234|Q6ZUS5_KEIQTLQEE|0.0
P16234|Q6ZUS5_LQEETKKVQ|0.0
P16234|Q6ZUS5-2_RGQGSHSKK|0.0
P16234|Q6ZUS5-2_QGSHSKKTR|0.0
P16234|Q5T0U0_QSQASEIEK|0.0
P16234|Q5T0U0_HMIKYNAYY|0.0
P16234|Q96ST8_AVPRTPPPR|0.0
P16234|Q96ST8_PPPRSPNPS|0.0
P16234|Q96ST8_SPNPSPERP|0.003
P16234|Q96ST8_QRSRSESDV|0.0
P16234|Q96ST8_MGRRSSLPS|0.0
P16234|Q96ST8_GRRSSLPSF|0.0
P16234|Q96ST8_LGDVSARED|0.0
P16234|Q96ST8_RGGHSDDLY|0.0
P16234|Q96ST8_SDDLYAVPH|0.485
P16234|Q96ST8_HEVNSEDDE|0.0
P16234|Q96ST8_KPPPSPDIT|0.0
P16234|Q96ST8_SRYQTKFRH|0.224
P16234|Q96ST8_KNSLTEQNK|0.0
P16234|Q96ST8_KVIKSNIRL|0.0
P16234|Q96ST8_LLQDTLTRT|0.0
P16234|Q96ST8_TLTRTGVQD|0.0
P16234|Q96CT7_EKAKSHLEV|0.0
P16234|Q96CT7_IAVLSVAEE|0.0
P16234|Q96CT7_EWLRSPDNP|0.0
P16234|Q86Z20_EIEFSHRSR|0.0
P16234|Q86Z20_FSHRSRKRS|0.0
P16234|Q86Z20_GKNFSPPPF|0.0
P16234|Q86Z20_KILQSMAIL|0.0
P16234|Q86Z20_VLQKTMEQN|0.0
P16234|Q86Z20_ALQLTQMDK|0.0
P16234|Q96EE4_RTNVSGSIR|0.0
P16234|Q96EE4_NVSGSIR__|0.0
P16234|Q96BQ5_RTASYREAL|0.419
P16234|Q96BQ5_EALISQGRK|0.0
P16234|Q96BQ5_EAVLTERQN|0.0
P16234|Q96BQ5_NIYCSLFLP|0.0
P16234|Q6ZRS4_SMSFSSQEA|0.0
P16234|Q6ZRS4_MSFSSQEAN|0.0
P16234|Q6ZRS4_EITPYATDL|0.185
P16234|Q6ZRS4_VALGTGPRG|0.0
P16234|Q6ZRS4_SRDMSEEER|0.0
P16234|Q8IYE1_RELQTALTR|0.0
P16234|Q8IYE1_QTALTRLSA|0.0
P16234|Q8IYE1_LTRLSAKGA|0.0
P16234|Q8IYE1_LRIRSLERE|0.0
P16234|Q8IYE1_SQMGTLVEK|0.0
P16234|Q8IYE1_SRSVTSLGH|0.0
P16234|P13994_LVPETEDDR|0.0
P16234|P13994_HTLDSYEDK|0.0
P16234|P13994_IISRSWFPS|0.0
P16234|P13994_QSRRTALAT|0.0
P16234|P13994_TALATSPIT|0.0
P16234|P13994_ALATSPITV|0.0
P16234|P13994_VRRRSRDVP|0.0
P16234|P13994_HAADTPKSG|0.0
P16234|P13994_DRPMSPGDC|0.0
P16234|P13994_SPAGSSQEA|0.0
P16234|P13994_EAADTPDTR|0.0
P16234|Q96JG6_SPQESLSDL|0.0
P16234|Q96JG6_KQPAYVKEL|0.066
P16234|Q96JG6_GLLKSLRTI|0.0
P16234|Q96JG6_VQQAYRLLG|0.002
P16234|Q96JG6_LKVKTYLLG|0.39
P16234|Q96JG6_KVKTYLLGT|0.066
P16234|Q96JG6_EQEKSAYQE|0.0
P16234|Q96JG6_LKRDYVDEQ|0.102
P16234|Q96JG6_GPVKSVSRE|0.0
P16234|Q96JG6_VKSVSRETL|0.0
P16234|Q96JG6_SRKKSDYSL|0.076
P16234|Q96JG6_KKSDYSLNK|0.272
P16234|Q96JG6_KSDYSLNKV|0.207
P16234|Q96JG6_APILTNTTL|0.0
P16234|Q96JG6_GLSSSRLRT|0.0
P16234|Q96JG6_SRLRTTLNR|0.0
P16234|Q96JG6_RLRTTLNRI|0.0
P16234|Q96JG6_RIQESLIDL|0.0
P16234|Q96JG6_KEIMSQHNI|0.0
P16234|Q96JG6_QHNIYVDAL|0.0
P16234|Q96JG6_LNEVSKRVR|0.0
P16234|Q96JG6_LEKLTDIRP|0.0
P16234|Q9H6E4_SLEIYKKMF|0.14
P16234|Q9H6E4_GPRISRSQS|0.0
P16234|Q9H6E4_SRSQSEL__|0.0
P16234|Q8IY82_LRVHSYKSM|0.0
P16234|Q8IY82_RVHSYKSMQ|0.002
P16234|Q8IY82_TMTEYYQGR|0.417
P16234|Q8IY82_MTEYYQGRP|0.205
P16234|Q8IY82_DFLSYRHAS|0.144
P16234|Q8IY82_KLTLSSAES|0.0
P16234|Q8IY82_LTLSSAESN|0.0
P16234|Q8IY82_FLRRTEVDS|0.0
P16234|Q8IY82_TEVDSKGNK|0.08
P16234|Q8IY82_PMEHTKKLL|0.0
P16234|Q96JN2_KKYDTSQDE|0.33
P16234|Q96JN2_MKQLYQASK|0.316
P16234|Q96JN2_PLPKSGLLL|0.0
P16234|Q96JN2_LLLKSQELL|0.0
P16234|Q96JN2_SYYKSYTST|0.228
P16234|Q96JN2_TKPCSDTSE|0.0
P16234|Q96JN2_YYKASQRKL|0.324
P16234|Q6PK04_KNPISNKKR|0.0
P16234|Q6PK04_SDGAYIHRM|0.277
P16234|Q6PK04_LLRDTVKFG|0.0
P16234|Q6PK04_PGGVSQPLT|0.0
P16234|Q96M89_ESLKSRYGL|0.0
P16234|Q96M89_GLGGSCPDE|0.0
P16234|Q96M89_CPDEYDFSN|0.0
P16234|Q96M89_YKRRTLTSP|0.0
P16234|Q96M89_SSLKYSDES|0.0
P16234|Q96M89_KHCRTPLGS|0.0
P16234|Q96M89_DELDSFHDL|0.0
P16234|Q96M89_ITKQSFKEI|0.0
P16234|Q96M89_TECCSDAGD|0.0
P16234|Q96M89_DAGDSPLKP|0.0
P16234|Q96M89_LKPVSCPKS|0.0
P16234|Q96M89_SDKRSLLPH|0.0
P16234|Q96M89_PHQISQIYD|0.0
P16234|Q96M89_ELNDTLKKQ|0.0
P16234|Q96M89_LQRKYEFMT|0.0
P16234|Q96M89_YEFMTIQRL|0.0
P16234|Q96M89_GAQHSTMTS|0.016
P16234|Q96M89_SPQHSVENK|0.0
P16234|Q96M89_VSSASP___|0.0
P16234|Q49A88_EMVRSGARP|0.0
P16234|Q49A88_ADSGYSIHS|0.035
P16234|Q49A88_DSGYSIHSD|0.0
P16234|Q49A88_YSIHSDSES|0.0
P16234|Q49A88_IHSDSESQA|0.0
P16234|Q49A88_SDSESQAET|0.0
P16234|Q49A88_SQAETVHGL|0.0
P16234|Q49A88_EDSGSETAY|0.002
P16234|Q49A88_PNEASARSE|0.0
P16234|Q49A88_ERDTSDLEQ|0.0
P16234|Q49A88_EQNWSLQDH|0.0
P16234|Q49A88_VLRNSFNTS|0.0
P16234|Q49A88_SFNTSPGVP|0.0
P16234|Q49A88_QTYLSLFRS|0.115
P16234|Q49A88_QTHRSPTQS|0.0
P16234|Q49A88_RIIKYLLGE|0.0
P16234|Q49A88_QLEESLKSQ|0.0
P16234|Q49A88_ESLKSQELL|0.0
P16234|Q49A88_ELLQSKNEE|0.0
P16234|Q49A88_LSDLSVDSA|0.0
P16234|Q49A88_LSVDSARCK|0.0
P16234|Q49A88_LETNYSFTH|0.345
P16234|Q49A88_SEPLSTIKN|0.0
P16234|Q49A88_EPLSTIKNE|0.0
P16234|Q49A88_PDKTYENVL|0.371
P16234|Q49A88_SKQDSDEGS|0.0
P16234|Q49A88_SDEGSETMA|0.0
P16234|Q49A88_DNTIYIPFA|0.166
P16234|Q49A88_PFARSTPEK|0.0
P16234|Q49A88_PEKKSPLSK|0.0
P16234|Q49A88_KSPLSKRLS|0.0
P16234|Q49A88_GLAVSGKEN|0.0
P16234|Q49A88_DMKDTQLLK|0.0
P16234|Q49A88_CLSNSLQVK|0.0
P16234|Q96MF4_EISNSTRAS|0.0
P16234|Q6ZP82_DLGGSLQFI|0.0
P16234|Q6ZP82_CESLTELEE|0.0
P16234|Q6ZP82_FERPYLQFK|0.352
P16234|Q6ZP82_SAKSSVVSL|0.0
P16234|Q6ZP82_VMEGSPVTL|0.0
P16234|A2RUR9_APGDTGVDK|0.0
P16234|A2RUR9_DRKKSIQQL|0.0
P16234|A2RUR9_PENQSATKE|0.0
P16234|A2RUR9_STNNYKSLK|0.0
P16234|A2RUR9_LRMEYKDSA|0.0
P16234|A2RUR9_EYKDSASLP|0.0
P16234|A2RUR9_KDSASLPRI|0.0
P16234|A2RUR9_CDQLTVKLK|0.0
P16234|A2RUR9_KLKKYIAKQ|0.0
P16234|A2RUR9_AKQESVEER|0.0
P16234|A2RUR9_EERLSQLQS|0.0
P16234|Q3MJ40_DRKKSIQQL|0.001
P16234|Q3MJ40_STNNYKSLK|0.002
P16234|Q3MJ40_EYKDSASLP|0.003
P16234|Q3MJ40_KDSASLPRI|0.002
P16234|Q8IYA2_DRKKSIQQL|0.0
P16234|Q8IYA2_STNNYKSLK|0.0
P16234|Q6NUI1_DRKKSIQQL|0.003
P16234|Q8IYE0_MEDSSTDTE|0.003
P16234|Q8IYE0_SSTDTEKEE|0.0
P16234|Q8IYE0_KLPGTRMAA|0.014
P16234|Q8IYE0_FEKITKPGE|0.005
P16234|Q8IYE0_QEVKTLNDS|0.001
P16234|Q8IYE0_HDELSRKQR|0.0
P16234|Q8IYE0_LLRMTQIKI|0.0
P16234|Q8IYE0_ILRNSAVSQ|0.0
P16234|Q8IYE0_KMNGYQRRI|0.004
P16234|Q8IYE0_IKNATEKMM|0.0
P16234|Q5T655_VMKKSYDNE|0.218
P16234|Q8NFR7_LSDWSIKIL|0.0
P16234|Q0P6D6_EIPAYTSAY|0.244
P16234|Q0P6D6_QLQKSYERA|0.0
P16234|Q0P6D6_LQKSYERAQ|0.0
P16234|Q0P6D6_QSSATHLTS|0.0
P16234|Q0P6D6_HRLASFKTV|0.0
P16234|Q0P6D6_ASFKTVIKK|0.0
P16234|Q0P6D6_QELDYEEPD|0.015
P16234|Q0P6D6_EEPDYEESS|0.0
P16234|Q0P6D6_LKAQSIELE|0.0
P16234|Q0P6D6_IVLKTQDFL|0.001
P16234|Q0P6D6_QALLTKNQD|0.0
P16234|Q0P6D6_LPLDYHQYV|0.174
P16234|Q0P6D6_DYHQYVVPK|0.0
P16234|Q8NCX0_LKIASQTKK|0.0
P16234|Q8NCX0_IASQTKKNA|0.0
P16234|Q8NCX0_QEKKSLLEE|0.0
P16234|Q8NCX0_KEVKSILER|0.0
P16234|Q8NCX0_ILERSKEEL|0.0
P16234|A5D8V7_RGKGTAQAW|0.0
P16234|A5D8V7_AQAWTPGRS|0.0
P16234|A5D8V7_TPGRSKGGS|0.0
P16234|A5D8V7_SKGGSFHRG|0.0
P16234|A5D8V7_KNQETISQL|0.0
P16234|A5D8V7_WEKPYLKNR|0.442
P16234|A5D8V7_ITSVYLQLK|0.0
P16234|A5D8V7_VKDATGTDE|0.0
P16234|A5D8V7_DATGTDETH|0.0
P16234|A5D8V7_SGEATLVSQ|0.0
P16234|A5D8V7_ATLVSQQKL|0.0
P16234|A5D8V7_RLPEYNTRI|0.0
P16234|A5D8V7_PEYNTRIAL|0.101
P16234|A5D8V7_LPLATSKDK|0.0
P16234|A5D8V7_FDEESEEED|0.0
P16234|Q4G0S7_MKKISSVNL|0.0
P16234|Q4G0S7_KKISSVNLD|0.001
P16234|Q4G0S7_ISKLYQDMQ|0.0
P16234|Q4G0S7_EMEISELNA|0.004
P16234|Q4G0S7_ILRNTIRDL|0.0
P16234|Q4G0S7_EQRLSVGKD|0.0
P16234|Q494R4_VVAESRHRL|0.0
P16234|Q494R4_ILHDSLDRL|0.0
P16234|A6NI56_TLWESVLRL|0.0
P16234|Q569K6_QQRESTQAV|0.0
P16234|Q569K6_ELLQSLQRE|0.0
P16234|Q569K6_LWSPSSKGT|0.0
P16234|Q569K6_WSPSSKGTQ|0.0
P16234|Q569K6_SSKGTQGAT|0.0
P16234|Q569K6_VQAKSTSPG|0.0
P16234|Q569K6_RQPCSQPSK|0.0
P16234|Q569K6_QPSKSLLEG|0.0
P16234|Q5M9N0_KIIPSPGKE|0.0
P16234|Q5M9N0_YLRQSVIDL|0.0
P16234|Q5M9N0_AQLESTKEM|0.0
P16234|Q5M9N0_QLESTKEML|0.0
P16234|Q5M9N0_SNVPSSQST|0.0
P16234|Q5M9N0_NVPSSQSTA|0.0
P16234|Q5M9N0_NQAMSSMIR|0.0
P16234|Q5M9N0_QAMSSMIRN|0.0
P16234|P0C7I6_KPLETSSSK|0.0
P16234|P0C7I6_LETSSSKVK|0.012
P16234|A6NGH7_MERMSPKLC|0.0
P16234|A6NGH7_QETETDASK|0.0
P16234|A6NGH7_ETDASKSDY|0.0
P16234|A6NGH7_DASKSDYEL|0.0
P16234|A6NGH7_SKSDYELQA|0.0
P16234|A6NGH7_RNDLSEKAT|0.0
P16234|A6NGH7_SEKATNVKN|0.0
P16234|P0CW27_EQPLSERAQ|0.0
P16234|P0CW27_SLVLSSMDS|0.0
P16234|P0CW27_LVLSSMDSR|0.0
P16234|P0CW27_SSMDSRVPS|0.0
P16234|P0CW27_SLVQSLEGS|0.0
P16234|P0CW27_SSGSSPRVS|0.0
P16234|P0CW27_SPRVSSQDT|0.0
P16234|P0CW27_DTLRSTKSG|0.0
P16234|P0CW27_RSTKSGPKL|0.0
P16234|P0CW27_PKLLSGLSR|0.0
P16234|P0CW27_LSGLSRDRD|0.0
P16234|P0CW27_LPPQSEDSV|0.001
P16234|Q9P0B6_SRELSPEAR|0.0
P16234|Q9P0B6_EARRSLEKE|0.0
P16234|Q9P0B6_KASNYEKEL|0.0
P16234|Q9P0B6_NMLLSVAIF|0.0
P16234|Q8NDH2_KKPFSSSTQ|0.0
P16234|Q8NDH2_KPFSSSTQD|0.0
P16234|Q8NDH2_PFSSSTQDS|0.0
P16234|Q8NDH2_KTPDSKSKL|0.0
P16234|Q8NDH2_PDSKSKLSL|0.0
P16234|Q8NDH2_KSKLSLNVP|0.0
P16234|Q8NDH2_LNVPSLKAK|0.0
P16234|Q8NDH2_KTPTSQVFQ|0.0
P16234|Q8NDH2_EKINYAGPL|0.182
P16234|Q8NDH2_ETGISDITK|0.0
P16234|Q8NDH2_QKLVSSPEM|0.0
P16234|Q8NDH2_KLVSSPEME|0.0
P16234|Q8NDH2_PEMESNNRM|0.0
P16234|Q8NDH2_IIRLSHSAS|0.0
P16234|Q8NDH2_NHLLTLPYF|0.0
P16234|Q8NDH2_LTLPYFKRQ|0.405
P16234|Q8NDH2_SLMPYINIC|0.0
P16234|Q8NDH2_REEKYPYFI|0.365
P16234|Q8NDH2_ISGKSLIGD|0.0
P16234|Q8NDH2_EKKETAIFG|0.0
P16234|Q8NDH2_MPALSTPKT|0.0
P16234|Q8NDH2_TPKTTRNLK|0.0
P16234|Q8NDH2_LKQFSDMKT|0.0
P16234|Q8NDH2_EQHNSGKGE|0.0
P16234|Q8NDH2_SFPKTGKSK|0.0
P16234|Q8NDH2_KTGKSKIGS|0.0
P16234|Q8NDH2_SKIGSIPRD|0.0
P16234|Q8NDH2_RKWDSSISE|0.0
P16234|Q8NDH2_KWDSSISEK|0.0
P16234|Q8NDH2_DSSISEKTA|0.0
P16234|Q8NDH2_KKLESNLKT|0.0
P16234|Q8NDH2_SNLKTKLKA|0.0
P16234|Q8NDH2_KRRTSNLVK|0.0
P16234|Q8NDH2_QEHLTEMDP|0.0
P16234|Q8NDH2_MDPFYAENF|0.427
P16234|Q8NDH2_FMANTYLRK|0.0
P16234|Q8NDH2_MANTYLRKD|0.0
P16234|Q8NDH2_RMEKSDNCA|0.0
P16234|Q8NDH2_QAKQSAVSQ|0.0
P16234|Q8NDH2_TIWSYPNPY|0.177
P16234|Q8NDH2_YPNPYTSIS|0.061
P16234|Q8NDH2_YTSISPKII|0.004
P16234|Q8NDH2_RITVSQLLE|0.0
P16234|Q8NDH2_QLLEYGTAS|0.0
P16234|Q8NDH2_IPLNSKGQN|0.0
P16234|Q8NDH2_KENVTISES|0.0
P16234|Q8NDH2_KKEGSAEEI|0.0
P16234|Q8NDH2_KGMKSSDGV|0.0
P16234|Q8NDH2_GMKSSDGVQ|0.0
P16234|Q8NDH2_ARRVSSAES|0.0
P16234|Q8NDH2_RRVSSAESI|0.0
P16234|Q8NDH2_SSAESINRD|0.0
P16234|Q8NDH2_NVIESKCFP|0.002
P16234|Q8NDH2_KIMHSKRIA|0.0
P16234|Q8NDH2_RSSFSQPNL|0.105
P16234|Q8NDH2_ESSDTEKTA|0.0
P16234|Q8NDH2_SKQETVLFL|0.0
P16234|Q8NDH2_LHLPSESSL|0.0
P16234|Q8NDH2_PSESSLTCY|0.06
P16234|Q8NDH2_VSVDYIMQP|0.0
P16234|Q8NDH2_LDKRTAGKK|0.0
P16234|Q8NDH2_FLPPSWHME|0.0
P16234|Q8NDH2_NRTKYMAQI|0.178
P16234|Q8NDH2_VVLLSKTCP|0.0
P16234|Q8NDH2_EIQESLPSR|0.0
P16234|Q8NDH2_KLPISSGAG|0.0
P16234|Q8NDH2_LPISSGAGK|0.0
P16234|Q8NDH2_GVQESKKEP|0.0
P16234|Q8NDH2_EKEGTLGKT|0.0
P16234|Q8NDH2_LKFDTTEGQ|0.0
P16234|Q8NDH2_KFDTTEGQE|0.0
P16234|Q8NDH2_SKESSDAGR|0.0
P16234|Q8NDH2_CPEATHGEL|0.0
P16234|Q8NDH2_QKVKSGPGV|0.0
P16234|Q8NDH2_DILIYLQKG|0.0
P16234|Q8NDH2_GKHVSQNKE|0.0
P16234|Q8NDH2_DMRGTDITL|0.0
P16234|Q8NDH2_GTDITLKSK|0.0
P16234|Q8NDH2_KSKKSPRSC|0.0
P16234|Q8NDH2_MLHRTELHV|0.0
P16234|Q8NDH2_GKQKTPSET|0.0
P16234|Q8NDH2_QKTPSETDV|0.0
P16234|Q8NDH2_TPSETDVDK|0.0
P16234|Q8NDH2_HKARTANLE|0.0
P16234|Q8NDH2_PHLLSLKAE|0.0
P16234|Q8NDH2_KKLEYDVKL|0.0
P16234|Q8NDH2_SWRFYSRHK|0.369
P16234|Q8NDH2_MNFMSLEGT|0.0
P16234|Q8NDH2_SNMKTLIVD|0.0
P16234|Q8NDH2_IVDVSSDSE|0.0
P16234|Q8NDH2_HENSSLIRK|0.0
P16234|Q8NDH2_LVCASDRDL|0.0
P16234|Q8NDH2_EDSGSHCTR|0.0
P16234|Q8NDH2_GSHCTRECR|0.0
P16234|Q8NDH2_CRKETLIIT|0.0
P16234|Q8NDH2_TLIITPPSC|0.0
P16234|Q8NDH2_PSCKSHKSR|0.0
P16234|Q8NDH2_KKRVYDYES|0.003
P16234|Q8NDH2_RVYDYESER|0.235
P16234|Q8NDH2_YDYESERLD|0.304
P16234|Q8NDH2_DCFQSKHKS|0.0
P16234|Q8NDH2_KLLGSLSGS|0.0
P16234|A6NNP5_SEWKTRYET|0.428
P16234|A6NNP5_WKTRYETQL|0.065
P16234|A6NNP5_TRYETQLEL|0.0
P16234|A6NNP5_KQIVYLKEK|0.0
P16234|A6NNP5_SDRLSSIRV|0.0
P16234|A6NNP5_DRLSSIRVY|0.0
P16234|A6NNP5_ESLNTLLKQ|0.0
P16234|A6NNP5_ESKAYQKIN|0.049
P16234|Q96LX7_GEELSRRLQ|0.0
P16234|Q96LX7_VVACTRGGM|0.015
P16234|Q96LX7_QRVLSGRWR|0.0
P16234|Q96LX7_PPPRTEEPL|0.007
P16234|Q8IYT3_EVPVTREQL|0.0
P16234|Q8IYT3_QLNHYRNVA|0.002
P16234|Q8IYT3_ELAATLVKF|0.0
P16234|Q8IYT3_SKMLSKEVS|0.0
P16234|Q8IYT3_EMESYKENN|0.192
P16234|Q8IYT3_ARKSSLLTS|0.0
P16234|Q8IYT3_SKIRTEITA|0.0
P16234|Q8IYT3_EAKASRETI|0.0
P16234|Q8IYT3_AVTTSQSQY|0.308
P16234|Q8IYT3_SQSQYFSFR|0.011
P16234|Q8IYT3_REMDSREES|0.0
P16234|Q8IYT3_SREESRDRM|0.0
P16234|Q8IYT3_IENKTIAHN|0.0
P16234|Q8IYT3_ERLESKELH|0.0
P16234|Q8IYT3_KQARTALVV|0.0
P16234|Q8IYT3_IEVVTSEMK|0.0
P16234|Q8IYT3_EVVTSEMKT|0.0
P16234|Q8IYT3_TLKKSLEEA|0.0
P16234|Q6TFL3_LNTSSNTGD|0.0
P16234|Q6TFL3_CNREYDLLM|0.02
P16234|Q6TFL3_NEMESHIRE|0.0
P16234|Q6TFL3_RLRRTLTDY|0.258
P16234|Q6TFL3_RRTLTDYQN|0.0
P16234|Q6TFL3_TLTDYQNKL|0.001
P16234|Q6TFL3_QKIDSHTKN|0.0
P16234|Q6TFL3_AGALYPLYS|0.025
P16234|Q6TFL3_LYPLYSRSC|0.038
P16234|Q6TFL3_LEIRTLAQA|0.0
P16234|Q6TFL3_AQALSTVEE|0.0
P16234|Q6TFL3_QALSTVEEK|0.0
P16234|Q6TFL3_HKVNTLALK|0.0
P16234|Q6TFL3_LALKYGLRG|0.0
P16234|Q6TFL3_HVPITKSTA|0.0
P16234|Q6TFL3_VKSLSEAKM|0.099
P16234|Q6TFL3_YQLASTRIM|0.0
P16234|Q6TFL3_QLASTRIMT|0.0
P16234|Q6TFL3_PVTMSANAN|0.0
P16234|P0C7W6_EKQYSEITN|0.004
P16234|P0C7W6_MLLQTFEAI|0.0
P16234|Q0VFZ6_HWTNTYAGM|0.0
P16234|Q0VFZ6_AELKTIAEY|0.0
P16234|Q6PII3_LLKDSGVFG|0.0
P16234|Q6PII3_GPVHYEDIR|0.369
P16234|Q6PII3_TDQRTKREN|0.0
P16234|Q6PII3_EAVPTPRPA|0.0
P16234|Q6PII3_SHGPSPEHT|0.0
P16234|Q6PII3_DMISYYKQV|0.149
P16234|Q6PII3_MISYYKQVT|0.263
P16234|P0C221_YINETYTKI|0.0
P16234|P0C221_INETYTKIN|0.001
P16234|P0C221_KIKETVTVS|0.0
P16234|P0C221_TVTVSAAVL|0.0
P16234|P0C221_AAVLSDHNL|0.0
P16234|P0C221_LCFFTDNKE|0.0
P16234|Q8ND07_KALAYHLKE|0.0
P16234|Q8ND07_VVLPTIPKE|0.0
P16234|Q9NQR7_RREQSPLLH|0.0
P16234|Q9NQR7_RYVLTSPRS|0.0
P16234|Q9NQR7_RKSHSLDSL|0.004
P16234|Q9NQR7_SASSTTNAP|0.0
P16234|Q9NQR7_ASSTTNAPG|0.0
P16234|Q9NQR7_PGRPSALTL|0.0
P16234|Q9NQR7_AQENYEHLV|0.0
P16234|Q5BJE1_GNAMSQSLV|0.0
P16234|Q5BJE1_ETLLSEAIR|0.0
P16234|Q5BJE1_KREIYQLNS|0.0
P16234|Q5BJE1_YQLNSLFDH|0.0
P16234|Q5BJE1_HENQYLEAV|0.0
P16234|Q5BJE1_VNDFYAAKK|0.0
P16234|Q5T9S5_NEEESLLAN|0.0
P16234|Q5T9S5_LLNYSPYEN|0.0
P16234|Q5T9S5_NYSPYENVC|0.343
P16234|Q5T9S5_RDKFSLMNE|0.0
P16234|Q5T9S5_SKLSSLETE|0.0
P16234|Q5T9S5_KIVAYSSIA|0.0
P16234|Q5T9S5_SEEVYCLQK|0.0
P16234|Q5T9S5_KEELSKMEK|0.0
P16234|Q5T9S5_ILDQTKTEL|0.0
P16234|Q5T9S5_EQEISQLKK|0.0
P16234|Q5T9S5_KWKISADSQ|0.0
P16234|Q5T9S5_ISADSQKSS|0.0
P16234|Q5T9S5_KLRRSISAS|0.0
P16234|Q9P1Z9_AAKMSSVGK|0.0
P16234|Q9P1Z9_AKMSSVGKV|0.0
P16234|Q9P1Z9_VGKVTQVPN|0.001
P16234|Q9P1Z9_SALASFQEE|0.0
P16234|Q9P1Z9_LIVDTGGLF|0.0
P16234|Q9P1Z9_LKKLTESDE|0.0
P16234|Q9P1Z9_KLTESDEEM|0.0
P16234|Q9P1Z9_EKTSYLMRP|0.233
P16234|Q9P1Z9_RPEVYRLIN|0.327
P16234|Q9P1Z9_MVMNYALLG|0.021
P16234|Q9P1Z9_EVMEYPAIM|0.0
P16234|Q9P1Z9_KKEESEEED|0.0
P16234|Q9P1Z9_VTIPSRLIL|0.0
P16234|Q9P1Z9_QRLLTNLQV|0.0
P16234|Q9P1Z9_PESFTQLSR|0.0
P16234|Q9P1Z9_FTQLSRVGK|0.0
P16234|Q9P1Z9_KILEYQSQA|0.0
P16234|Q9P1Z9_LAGLSLKEE|0.0
P16234|Q9P1Z9_LKEESEKPL|0.0
P16234|Q5TID7_EDMNSRQEN|0.0
P16234|Q5T5S1_MSTETLKLR|0.0
P16234|Q5T5S1_VQMVSRTEE|0.002
P16234|Q52MB2_PLEVSTVPA|0.0
P16234|Q52MB2_LEVSTVPAV|0.0
P16234|Q52MB2_ISGEYNGGM|0.18
P16234|Q8N715_RWSPSSVPS|0.0
P16234|Q8N715_SSVPSERSS|0.0
P16234|Q8N715_PSERSSVPS|0.0
P16234|Q8N715_SERSSVPSQ|0.0
P16234|Q8N715_SSVPSQKFK|0.0
P16234|Q8N715_KTLQSPEQR|0.0
P16234|Q8N715_LRRDSQRKN|0.0
P16234|Q8N715_TNLSSLINY|0.0
P16234|Q7Z3E2_NVGKTPELK|0.029
P16234|Q7Z3E2_NEKTYSESP|0.007
P16234|Q7Z3E2_TYSESPYDT|0.113
P16234|Q7Z3E2_SESPYDTDC|0.0
P16234|Q7Z3E2_SKIKSVSAS|0.0
P16234|Q7Z3E2_VQDKYLQQE|0.32
P16234|Q7Z3E2_LLLFTERLT|0.0
P16234|Q7Z3E2_VESGSYDKE|0.107
P16234|Q7Z3E2_DKEVSSMGS|0.005
P16234|Q7Z3E2_KEVSSMGSR|0.0
P16234|Q7Z3E2_SSMGSRSSS|0.0
P16234|Q7Z3E2_MGSRSSSSG|0.0
P16234|Q7Z3E2_GSRSSSSGS|0.0
P16234|Q7Z3E2_SRSSSSGSL|0.0
P16234|Q7Z3E2_RSSSSGSLN|0.0
P16234|Q7Z3E2_SSSGSLNAR|0.0
P16234|Q7Z3E2_LNARSSAED|0.0
P16234|Q7Z3E2_NARSSAEDR|0.0
P16234|Q7Z3E2_AEDRSPENT|0.0
P16234|Q7Z3E2_SPENTGSSV|0.0
P16234|Q7Z3E2_LREESGTLS|0.0
P16234|Q7Z3E2_TLELSLEIN|0.0
P16234|A0A096LP49_QRPESPHER|0.0
P16234|A0A096LP49_QRPGSPPEK|0.0
P16234|A0A096LP49_LERPSPPAQ|0.0
P16234|H7C350_KQMASMSKG|0.0
P16234|H7C350_MASMSKGRP|0.0
P16234|A1A4V9_SVHGSAART|0.218
P16234|A1A4V9_HFKLYKYVF|0.444
P16234|A1A4V9_KLYKYVFTP|0.469
P16234|A1A4V9_RLDLSLTYM|0.178
P16234|A1A4V9_DLSLTYMGL|0.0
P16234|Q9UL16_GDIKSPAQG|0.0
P16234|Q86UF4_QQAETMKKK|0.0
P16234|Q86UF4_DVDPSKGIS|0.0
P16234|Q8NCU4_FTRNSDLPR|0.059
P16234|Q8NCU4_DLPRSPWGQ|0.0
P16234|Q8NCU4_QELASEEEG|0.0
P16234|Q8NCU4_NVVDSAMME|0.196
P16234|Q8NCU4_DPRLTMEMR|0.0
P16234|Q8NCU4_ELALTKEET|0.003
P16234|Q8NCU4_TKEETRKKM|0.212
P16234|Q8NCU4_MLVNSPVAS|0.085
P16234|Q8NCU4_DSRNSLSGL|0.01
P16234|Q8NCU4_AAEHSDRRI|0.077
P16234|Q9NVL8_KTSYSLARL|0.427
P16234|Q9NVL8_QENWYGRYS|0.0
P16234|Q9NVL8_KAKKTLQST|0.0
P16234|Q9NVL8_KTLQSTPRN|0.0
P16234|Q9NVL8_TLQSTPRND|0.0
P16234|Q9NVL8_ALVRTRTER|0.0
P16234|Q9NVL8_VRTRTERIP|0.0
P16234|Q6P2H3_QKGSSLGTE|0.0
P16234|Q6P2H3_TEWQTPVIS|0.0
P16234|Q6P2H3_EPFRSRFSR|0.0
P16234|Q6P2H3_SSSGSPPFQ|0.0
P16234|Q6P2H3_HVMPSTLGT|0.0
P16234|Q6P2H3_TLGTSPAKP|0.0
P16234|Q6P2H3_KPNSTPVGP|0.0
P16234|Q6P2H3_PVGPSSSKL|0.0
P16234|Q6P2H3_RDLMYFSGA|0.041
P16234|Q6P2H3_TLNQSAMME|0.0
P16234|Q6P2H3_AMMETLYSD|0.443
P16234|Q6P2H3_METLYSDPH|0.158
P16234|Q6P2H3_ETLYSDPHH|0.003
P16234|Q6P2H3_RTSTSKELY|0.357
P16234|Q6P2H3_SKELYRVLP|0.0
P16234|Q6P2H3_APGLSKPLP|0.0
P16234|Q6P2H3_KPLPSQVWQ|0.0
P16234|Q6P2H3_VWQPSPDTW|0.0
P16234|Q6P2H3_RKHISQLEQ|0.0
P16234|Q6P2H3_SAGHSLQDK|0.0
P16234|Q6P2H3_AQPGSPPSP|0.0
P16234|Q6P2H3_EDLRTTMSD|0.0
P16234|Q6P2H3_DLRTTMSDR|0.0
P16234|Q6P2H3_RTTMSDRYA|0.386
P16234|O60826_PAVGSGLSP|0.0
P16234|O60826_RLAMSLAQA|0.0
P16234|O60826_QKQLTEHLR|0.0
P16234|O60826_GVNRSIEEV|0.0
P16234|O60826_KEEVYKQLM|0.421
P16234|O60826_KEINSLSGK|0.0
P16234|O60826_INSLSGKLD|0.0
P16234|O60826_LGKKTLSNL|0.0
P16234|O60826_KKTLSNLEK|0.431
P16234|Q8N300_RAEIYALNR|0.346
P16234|Q86WR0_ELRSYSSLM|0.159
P16234|Q86WR0_LRSYSSLMK|0.005
P16234|Q86WR0_ENMSSNQDG|0.0
P16234|Q2M243_QKPRTLSKS|0.0
P16234|Q2M243_VQTISRYYR|0.0
P16234|Q2M243_STRATSMSH|0.0
P16234|Q2M243_TRATSMSHC|0.0
P16234|Q2M243_EADLSGEID|0.0
P16234|Q2M243_KRRKSQTLS|0.0
P16234|Q2M243_RKSQTLSPV|0.0
P16234|Q2M243_SQTLSPVTS|0.0
P16234|Q2M243_REQLSDASL|0.0
P16234|Q8IWP9_RSPKSFSAH|0.0
P16234|Q8IWP9_SQSTSQRPK|0.0
P16234|Q8IWP9_PIQHSFLTD|0.0
P16234|Q8IWP9_DRLLSDLEE|0.0
P16234|Q8IWP9_VPNTSAS__|0.0
P16234|Q8IWP9_NTSAS____|0.0
P16234|Q9BUN5_KKKRSPKPC|0.0
P16234|Q9BUN5_QAPGTLRRV|0.0
P16234|Q9BUN5_AGGGSGSAG|0.0
P16234|Q9BUN5_GSAGTPLQH|0.0
P16234|Q9BUN5_PLQHSFLTE|0.0
P16234|Q5VVM6_HVRNYNEKH|0.0
P16234|Q5VVM6_SNKWTISSI|0.0
P16234|Q5VVM6_KWTISSIQS|0.0
P16234|Q5VVM6_WTISSIQSR|0.0
P16234|Q5VVM6_LQENSLRLT|0.0
P16234|Q9BV29_DGLDSDEST|0.0
P16234|Q9BV29_EEVQYLIPP|0.0
P16234|Q8N5R6_LHGATNLPA|0.0
P16234|Q8N5R6_TSEPTRAPI|0.0
P16234|Q8N5R6_ELLSYKIPI|0.0
P16234|Q8N5R6_RDLASVGLP|0.0
P16234|Q8N5R6_GLPITPLSF|0.0
P16234|Q8N5R6_KSRLYQKML|0.0
P16234|Q8N5R6_EDILSLRRQ|0.0
P16234|Q8N5R6_RRQASILEG|0.0
P16234|Q8N5R6_QNTVSMKQK|0.0
P16234|Q96HJ3_EVVRSPSPP|0.0
P16234|Q96HJ3_PLSCSNSTR|0.0
P16234|Q96HJ3_HKARSNLCL|0.0
P16234|Q96HJ3-2_KWIHTLTSL|0.0
P16234|Q494V2____MSEIPS|0.0
P16234|Q494V2_SEIPSTIVS|0.0
P16234|Q494V2_EIPSTIVSK|0.0
P16234|Q494V2_STIVSKNMT|0.0
P16234|Q494V2_NSLESMNIS|0.0
P16234|Q494V2_SSSSSTEEN|0.0
P16234|Q494V2_SSSSTEENP|0.0
P16234|Q494V2_HQKMTYSSK|0.237
P16234|Q494V2_QKMTYSSKV|0.431
P16234|Q494V2_IRDLTTQIV|0.0
P16234|Q494V2_RDLTTQIVN|0.0
P16234|Q494V2_VSEASKESS|0.0
P16234|Q494V2_SSVNSTPGD|0.0
P16234|Q494V2_GKASSMWAK|0.0
P16234|Q502W7_SKKITQVYK|0.0
P16234|Q502W7_LVFHSKPPS|0.0
P16234|Q502W7_LVNETKTKS|0.0
P16234|Q502W7_NETKTKSQE|0.0
P16234|Q9UFE4_EKRISVADR|0.0
P16234|Q9UFE4_GELDSLKAT|0.0
P16234|Q9UFE4_VNRTSSDLE|0.0
P16234|Q9UFE4_NRTSSDLEA|0.0
P16234|Q9UFE4_EEKATNLED|0.0
P16234|Q9UFE4_KAVLSEIEG|0.0
P16234|Q9UFE4_EEVLSLEKR|0.0
P16234|Q9UFE4_KQQLYTAME|0.0
P16234|Q6ZU67_PPPASPAAS|0.0
P16234|Q6ZU67_PSSSTLPEE|0.0
P16234|Q6ZU67_NYPVYITSK|0.0
P16234|Q6ZU67_PVYITSKQW|0.0
P16234|Q6ZU67_VYITSKQWD|0.0
P16234|Q6ZU67_FVFTTDELK|0.0
P16234|Q6ZU67_KRKRSVQSG|0.0
P16234|Q6ZU67_RSVQSGETG|0.0
P16234|Q4G0X9_AAGRSHPED|0.0
P16234|Q4G0X9_GNNESHMVS|0.0
P16234|Q4G0X9_GPPESRERR|0.0
P16234|Q4G0X9_ERRVTSPEP|0.0
P16234|Q4G0X9_RRVTSPEPS|0.0
P16234|Q4G0X9_EIEAYKKSI|0.004
P16234|Q4G0X9_ERMVSELGG|0.0
P16234|Q4G0X9_QRNVSSSLL|0.0
P16234|Q4G0X9_RNVSSSLLE|0.0
P16234|Q4G0X9_NVSSSLLEK|0.001
P16234|Q9Y592_KAEHTRLQN|0.0
P16234|Q9Y592_LQILTPQKL|0.0
P16234|Q9Y592_GKIKYESEI|0.0
P16234|Q9Y592_NVDLTKDSK|0.0
P16234|Q9Y592_LQSSSEQNT|0.0
P16234|Q9Y592_REEKYNQAK|0.223
P16234|Q9Y592_QRELSLLRK|0.0
P16234|Q96M95_KLKDYYIFN|0.445
P16234|Q96M95_LKDYYIFNK|0.351
P16234|Q96M95_IFNKYLEKV|0.0
P16234|Q96MW1_LLAQYADVT|0.061
P16234|Q96MW1_EKDDSGATT|0.0
P16234|Q96MW1_DSGATTMNI|0.0
P16234|Q96MW1_EKKRTQRGE|0.0
P16234|Q96MW1-2_YADVTDEED|0.0
P16234|Q96MW1-2_DEEDSVPKH|0.0
P16234|Q9BSH4_KMEKSKDTY|0.0
P16234|Q9BSH4_DVKETEDEE|0.0
P16234|Q96GE4_WKRVSFGRC|0.0
P16234|Q96GE4_KALASPSSK|0.0
P16234|Q96GE4_PSSKSHEDM|0.0
P16234|Q96GE4_LYPPSVLSK|0.0
P16234|Q96GE4_PSVLSKSRT|0.0
P16234|Q96GE4_TETLSVSGI|0.0
P16234|Q96GE4_QGPRTRKPP|0.021
P16234|Q96GE4_SSCNSPFPQ|0.0
P16234|Q96GE4_WMLKSALGD|0.0
P16234|Q96GE4_PPYRSHSLS|0.0
P16234|Q96GE4_VRKGTPECS|0.0
P16234|Q96GE4_TTTQSLRGG|0.0
P16234|Q96GE4_SMENYYKDQ|0.346
P16234|Q96GE4_MENYYKDQF|0.364
P16234|Q96GE4_LQLASFQYS|0.012
P16234|Q96GE4_QYSKSPSL_|0.017
P16234|Q96GE4_SKSPSL___|0.0
P16234|Q8N8E3_TLVQSPTDV|0.0
P16234|Q8N8E3_LRVRSHSLS|0.0
P16234|Q8N8E3_VRSHSLSPT|0.0
P16234|Q8N8E3_SHSLSPTHR|0.0
P16234|Q8N8E3_YSKKSPVSL|0.0
P16234|Q8N8E3_KSPVSLDDS|0.0
P16234|Q8N8E3_SLDDSDIEA|0.0
P16234|Q8N8E3_ARLNSWNLG|0.0
P16234|Q8N8E3_TPKFSLRKS|0.0
P16234|Q8N8E3_RKSSSFHDD|0.0
P16234|Q8N8E3_TRSKSLREK|0.0
P16234|Q8N8E3_EKANSKLKQ|0.0
P16234|Q8N8E3_QKRASILQE|0.0
P16234|Q96A33_DMDTYVFAV|0.353
P16234|Q96A33_FLKLTHVQR|0.0
P16234|Q96A33_EAAQSRREE|0.0
P16234|Q9HA90_TDGDSDTDE|0.0
P16234|Q9HA90_PPELTFRQF|0.0
P16234|Q9HA90_KSQASTHEM|0.0
P16234|Q9HA90_GQAASDEEE|0.0
P16234|Q9NXE8_NLKKSWHPQ|0.0
P16234|Q9NXE8_WHPQTLRNV|0.0
P16234|Q9NXE8_SDRSSSEDE|0.0
P16234|Q9NXE8_DRSSSEDEH|0.0
P16234|Q9NXE8_KVPGYGLQV|0.296
P16234|Q9NXE8_NHSRSRSSS|0.0
P16234|Q9NXE8_RSRSSSHSP|0.0
P16234|Q9NXE8_SRSSSHSPP|0.0
P16234|Q9NXE8_SSSHSPPRH|0.0
P16234|Q9NXE8_RDRRSRSLG|0.0
P16234|Q9NXE8_RRSRSLGRR|0.0
P16234|Q9NXE8_LGRRSRSPR|0.0
P16234|Q9NXE8_RRSRSPRPS|0.0
P16234|Q9NXE8_SPRPSKLHN|0.0
P16234|Q9NXE8_TRSPSPKKE|0.0
P16234|Q9NXE8_KKEVYQRRH|0.463
P16234|Q9NXE8_SASTSSLED|0.0
P16234|Q9NXE8_ASTSSLEDR|0.0
P16234|Q9NXE8_KRNIYSLQR|0.419
P16234|Q9NXE8_LQRTSVALE|0.0
P16234|Q96CS2_DRDVYLVIE|0.0
P16234|Q96CS2_EEQLSARGM|0.0
P16234|Q96CS2_LKQQTIPLK|0.0
P16234|Q96CS2_RELDSIEAE|0.0
P16234|Q96CS2_EAELTRRVD|0.0
P16234|Q8IVM0_TLAHSLQEQ|0.0
P16234|Q8IVM0_AYADSYYYE|0.239
P16234|Q8IVM0_DSYYYEDGG|0.312
P16234|Q8IVM0_EAVSTPSRM|0.001
P16234|Q8IVM0_VSTPSRMAH|0.117
P16234|Q8IVM0_DQEWYDAEI|0.035
P16234|Q8IVM0_PPIMTDGED|0.0
P16234|Q8IVM0_DADYTHFTN|0.141
P16234|Q8IVM0_YTHFTNQQS|0.393
P16234|Q8IVM0_NQQSSTRHF|0.0
P16234|Q8IVM0-2_DQPGSRRAR|0.0
P16234|Q8IVM0-2_SSKRSLSSS|0.0
P16234|Q8IVM0-2_SSSSSGKGR|0.001
P16234|Q8IVM0-2_QDRLSPKSS|0.0
P16234|Q8IVM0-2_SPKSSQKAG|0.0
P16234|Q8IVM0-2_KEVVYGRDH|0.0
P16234|Q8IVM0-2_HRPRTPPFS|0.0
P16234|Q8IVM0-2_TPPFSESEE|0.0
P16234|Q96ER9_EDSQYLELA|0.009
P16234|Q96ER9_QDSGSQAGS|0.021
P16234|Q96ER9_SQAGSPPTR|0.0
P16234|Q8N0Z3_KKKTSVKQE|0.0
P16234|Q8N0Z3_DNTVTDLTV|0.0
P16234|Q8N0Z3_KRRLSIMKE|0.0
P16234|Q8N0Z3_VLEKSDHLI|0.0
P16234|Q8N0Z3_IATQSQITP|0.0
P16234|Q8N0Z3_TPPGTPSSA|0.0
P16234|Q8N0Z3_PGTPSSALS|0.0
P16234|Q8N0Z3_GTPSSALSS|0.0
P16234|Q8N0Z3_ALNATNAVK|0.0
P16234|Q8N0Z3_ETLDSSYVV|0.0
P16234|Q8N0Z3_KNISSGSTT|0.0
P16234|Q8N0Z3_ISSGSTTSA|0.0
P16234|Q8N0Z3_SSGSTTSAD|0.0
P16234|Q8N0Z3_GSTTSADLP|0.0
P16234|Q8N0Z3_LPNRTNSNL|0.0
P16234|Q8N0Z3_NRTNSNLDV|0.0
P16234|Q8N0Z3_EMEEYERWT|0.0
P16234|Q8N0Z3_LTGFTLSLV|0.0
P16234|Q8N0Z3_ENAATQARL|0.0
P16234|Q8N0Z3_ESGATGRRV|0.0
P16234|Q8N0Z3_RVMDSPERP|0.0
P16234|Q8N0Z3_AVLLTPPRQ|0.0
P16234|Q8N0Z3_PRQKSNLKF|0.0
P16234|Q8N0Z3_NLKFSPLQD|0.0
P16234|Q8N0Z3_VLRRTVQTR|0.0
P16234|Q8N0Z3_WEEKTLPID|0.0
P16234|Q8N0Z3_TLQNSAIKA|0.0
P16234|Q8N0Z3_LNRQSMEAR|0.0
P16234|Q8N0Z3_ATGNSCSPL|0.0
P16234|Q8N0Z3_GNSCSPLNA|0.0
P16234|Q8N0Z3_PLNATSGSG|0.0
P16234|Q8N0Z3_LNATSGSGR|0.0
P16234|Q8N0Z3_SGRFTPLNP|0.0
P16234|Q9Y3C0_PLMGSGIDL|0.0
P16234|Q9Y3C0_PDGESEKTV|0.0
P16234|Q9Y3C0_ESEKTVEES|0.0
P16234|Q8NEL0_TLASTDMEI|0.0
P16234|Q8NEL0_MEISSAEPE|0.0
P16234|Q8NEL0_LEKKTISPQ|0.0
P16234|Q8NEL0_KKTISPQMK|0.0
P16234|Q9H0G5_DATVYEYDS|0.426
P16234|Q9H0G5_YDSIYDEMQ|0.4
P16234|Q9H0G5_AFVTSAYKK|0.205
P16234|Q9H0G5_VPKCSFREA|0.012
P16234|Q9H0G5_REARSGIKE|0.0
P16234|Q9H0G5_KEEKSRGFS|0.0
P16234|Q9H0G5_ERGHSTRHH|0.31
P16234|Q9H0G5_RGHSTRHHT|0.0
P16234|Q9H0G5_QQKQSRDQE|0.0
P16234|Q9H0G5_QENHYTDRD|0.347
P16234|Q9H0G5_ENHYTDRDY|0.372
P16234|Q9H0G5_HREASHRDS|0.03
P16234|Q9H0G5_RKERYENND|0.446
P16234|Q9H0G5_DRKESSPNS|0.0
P16234|Q9H0G5_RKESSPNSR|0.0
P16234|Q9H0G5_SSPNSRAKD|0.286
P16234|Q9H0G5_DQERSNKMR|0.0
P16234|Q9H0G5_KHRLTEEGQ|0.004
P16234|Q9H0G5_NNEETVMSA|0.0
P16234|Q9H0G5_ETVMSARDR|0.001
P16234|Q9H0G5_ARDRYLARQ|0.419
P16234|Q9Y2R0_DPLDSKRGE|0.0
P16234|Q9Y2R0_VLAIYGYTF|0.0
P16234|Q2TAC2_LPLGSEPAL|0.0
P16234|Q2TAC2_QELQTRVLE|0.0
P16234|Q2TAC2_QIQKSEALI|0.0
P16234|Q2TAC2_IQGLSMAKS|0.0
P16234|Q2TAC2_SMAKSQVAA|0.0
P16234|Q2TAC2_PSVRTSTET|0.0
P16234|Q2TAC2_QAGGSVQAG|0.0
P16234|Q2TAC2_AGPVSSGLA|0.0
P16234|Q2TAC2_KAKTTGASR|0.0
P16234|Q4VC31_LDDLTLLKQ|0.0
P16234|Q9P031_KTVNSFTIP|0.228
P16234|Q9P031_NKKKTSNQK|0.458
P16234|Q9P031_KKKTSNQKA|0.0
P16234|Q9P031_AQEEYEQIQ|0.371
P16234|Q16204_LEELTNRLA|0.0
P16234|Q16204_IELETYKLK|0.0
P16234|Q16204_LRKASVTIQ|0.0
P16234|Q16204_EEFISNTLF|0.0
P16234|Q16204_LAVNYEKEE|0.0
P16234|Q16204_KMAQYLEEE|0.192
P16234|Q16204_SESESSLEM|0.0
P16234|Q16204_DDERYFNEM|0.061
P16234|Q16204_FNEMSAQGL|0.0
P16234|Q16204_LSYASHTVG|0.017
P16234|Q16204_FTPPTSLTR|0.0
P16234|Q16204_TPPTSLTRA|0.001
P16234|Q16204_AGMSYYNSP|0.0
P16234|Q16204_GMSYYNSPG|0.348
P16234|Q16204_HMGTSHGIT|0.0
P16234|Q16204_SPRRSNSPD|0.0
P16234|Q8IWA6_VRPFYASEN|0.0
P16234|Q8IWA6_KPMKSIKYM|0.0
P16234|Q8IWA6_KSIKYMDKE|0.0
P16234|Q8IWA6_SRRGSTLSL|0.0
P16234|Q8IWA6_TLSLSRASG|0.0
P16234|Q8IWA6_RRTVTIENG|0.001
P16234|Q8IWA6_RKAPSILSV|0.0
P16234|Q8IWA6_PSILSVLKQ|0.0
P16234|Q8IWA6_RHHISVVKG|0.0
P16234|Q9Y6R9_DLLTYTDLE|0.0
P16234|Q9Y6R9_GRPGSLAPR|0.0
P16234|Q9Y6R9_DGQNTRDTR|0.0
P16234|Q9Y6R9_EAKASERSL|0.0
P16234|Q9Y6R9_SPSPTGGRA|0.0
P16234|Q9Y6R9_GDGPSVSWS|0.0
P16234|Q9Y6R9_GPSVSWSRQ|0.0
P16234|Q9Y6R9_DSFRSRCSS|0.0
P16234|Q9Y6R9_SSASSCSDL|0.0
P16234|Q9Y6R9_ASSCSDLED|0.0
P16234|Q9Y6R9_PPSPTPWSG|0.0
P16234|Q9Y6R9_PTPWSGSNM|0.0
P16234|Q9Y6R9_PWSGSNMKS|0.0
P16234|Q9Y6R9_SNMKSPPVE|0.0
P16234|Q9Y6R9_HHQKSLANS|0.0
P16234|Q6P9F0_VEISTIEKQ|0.0
P16234|Q6P9F0_LHKRTEIIR|0.0
P16234|Q6P9F0_EIIRSLTKK|0.0
P16234|Q6P9F0_IRSLTKKVK|0.0
P16234|Q6P9F0_VKQQSDLQF|0.0
P16234|Q6P9F0_NVENSQELI|0.0
P16234|Q6P9F0_VITLSSIFT|0.0
P16234|Q6P9F0_GKQPSETPT|0.364
P16234|Q6P9F0_SETPTLSDE|0.094
P16234|Q8NA47_QDEITLLLS|0.0
P16234|Q8NA47_LMKSSRNMN|0.0
P16234|Q8NA47_MEKKTMNLA|0.0
P16234|Q8NA47_IEQSSQAYE|0.0
P16234|Q8NA47_ILLRSQQKL|0.0
P16234|Q8NA47_EADMYESKY|0.001
P16234|Q8NA47_YESKYGEVS|0.002
P16234|Q6ZP65_MSRQYEQMH|0.319
P16234|Q6ZP65_SSETSSAKD|0.0
P16234|Q6ZP65_SETSSAKDV|0.001
P16234|A1A5D9_ERRDSFLGG|0.012
P16234|A1A5D9_ARALSELSE|0.0
P16234|A1A5D9_RREHSLELE|0.007
P16234|A1A5D9_QRRVSELEE|0.0
P16234|A1A5D9_LEEESRLQD|0.002
P16234|A1A5D9_TRKASSPQP|0.0
P16234|A1A5D9_PKKRTSLSP|0.004
P16234|A1A5D9_KKRTSLSPA|0.016
P16234|A1A5D9_RTSLSPAEI|0.003
P16234|A1A5D9_QKELSASAS|0.001
P16234|Q8IXS2_ERLLSQFLK|0.001
P16234|Q8IXS2_IEILSQTFE|0.006
P16234|Q8IXS2_ILSQTFERV|0.0
P16234|Q8IXS2_NVIKSLAKD|0.0
P16234|Q8IXS2_AEEQYAHAL|0.418
P16234|Q8IXS2_DENRYIRND|0.397
P16234|Q8IXS2_LVRLTLESN|0.0
P16234|Q8IXS2_LTLESNATL|0.0
P16234|Q8IXS2_ESNATLKAL|0.0
P16234|A2RUB6_KLILSPYEH|0.0
P16234|A2RUB6_CPLRTKTGH|0.002
P16234|A2RUB6_LRTKTGHIL|0.0
P16234|A2RUB6_ILKSTQDTC|0.0
P16234|A2RUB6_STQDTCIGS|0.0
P16234|A2RUB6_TCIGSEKLL|0.015
P16234|A2RUB6_KKHITAENM|0.0
P16234|A2RUB6_QKAITAQVE|0.332
P16234|A2RUB6_SDEISGKMN|0.0
P16234|A2RUB6_GKMNTYMNS|0.025
P16234|A2RUB6_TYMNSTTSK|0.017
P16234|A2RUB6_DKGASLEKE|0.0
P16234|A2RUB6_IEKQTKHMK|0.0
P16234|A2RUB6_ASEKYPKQL|0.0
P16234|A2RUB6_PGHLSQNRG|0.0
P16234|A2RUB6_NRGISPEIF|0.0
P16234|A2RUB6_EIFHSSHQE|0.0
P16234|A2RUB6_IFHSSHQET|0.0
P16234|A2RUB6_SKERSPSSP|0.0
P16234|A2RUB6_ERSPSSPVP|0.0
P16234|A2RUB6_RSPSSPVPV|0.0
P16234|A2RUB6_QTQNTLHLP|0.249
P16234|Q05D60_FRAKSREWD|0.0
P16234|Q05D60_EIALSRNKL|0.103
P16234|Q05D60_KELFSVMQD|0.241
P16234|Q05D60_SDMKYKAVR|0.363
P16234|Q9H2F9_KLQASREAG|0.0
P16234|Q9H2F9_GVSPYLMLI|0.002
P16234|A6NI79_ALTHSFREA|0.0
P16234|A6NI79_ILMETVKEK|0.0
P16234|A6NI79_EELLYRVLG|0.001
P16234|A6NI79_PVTPTEVSF|0.0
P16234|Q96M83_VPALTTKKG|0.0
P16234|Q96M83_EKKMSPEKE|0.0
P16234|Q96M83_SEGKTETTM|0.0
P16234|Q96M83_QVGNSQTKV|0.0
P16234|Q96M83_GNSQTKVKG|0.0
P16234|Q96M83_LQKMTEEQT|0.0
P16234|Q96M83_TEEQTYQAA|0.001
P16234|Q96M83_KRHSTHDEE|0.0
P16234|Q96M83_HDEESGENP|0.0
P16234|Q96M83_TERGTINDA|0.0
P16234|Q96M83_DAIKTQLKR|0.0
P16234|Q96M83_KRKSYPETV|0.278
P16234|Q96M83_TQLKSHRET|0.0
P16234|Q96M83_SHRETDKEL|0.0
P16234|Q96M83_RAGPSFSKD|0.0
P16234|Q6NSX1_KEEKSFWEM|0.0
P16234|Q6NSX1_FWKKYRTFW|0.0
P16234|Q6NSX1_KKYRTFWKE|0.0
P16234|Q8IV32_NPTATSPPA|0.0
P16234|Q8IV32_PTATSPPAS|0.0
P16234|Q8IV32_SAPRTAMRL|0.0
P16234|Q8IV32_AGRATLLPM|0.0
P16234|Q8IV32_PMPLSGRLA|0.0
P16234|Q8IV32_KHATTNLLL|0.0
P16234|Q8IV32_SLADSPLKL|0.0
P16234|Q8IV32_KLRKSSGKG|0.0
P16234|Q8IV32_LRKSSGKGP|0.0
P16234|Q8IV32_RATGSPSVR|0.0
P16234|Q8IV32_LGTKTAQAK|0.0
P16234|Q8IV32_LGPGTAKLL|0.0
P16234|Q8IV32_RVNLSPVIR|0.0
P16234|Q9Y2S6____MSGREG|0.0
P16234|Q9Y2S6_GPLATGGIK|0.0
P16234|Q9Y2S6_GIKKSGKK_|0.0
P16234|Q6ZRK6_AEIHYEEQI|0.0
P16234|Q6ZRK6_EAIQSNKRL|0.0
P16234|Q6ZRK6_ENFCSDTEY|0.003
P16234|Q6ZRK6_FCSDTEYRE|0.001
P16234|Q6ZRK6_SDTEYREKE|0.008
P16234|Q6ZRK6_NEIDTVVSQ|0.0
P16234|Q6ZRK6_DTVVSQDEN|0.0
P16234|Q6ZRK6_PGGKTMCKN|0.437
P16234|Q6ZRK6_SDKKTEKTP|0.0
P16234|Q6ZRK6_KTEKTPVYM|0.0
P16234|Q6ZRK6_YMNFSDPGP|0.0
P16234|Q6ZRK6_KKIISMALC|0.0
P16234|Q96AQ1____MSGAGV|0.0
P16234|Q96AQ1_VAAGTRPPS|0.0
P16234|Q96AQ1_PSSPTPGSR|0.0
P16234|Q96AQ1_LRPQSPQLR|0.0
P16234|Q96AQ1_KDLHYKLIM|0.007
P16234|Q96AQ1_MNQTSQKKD|0.001
P16234|Q96AQ1_KDGPSGNHL|0.0
P16234|Q96AQ1_GNHLSRASA|0.0
P16234|Q96AQ1_KKCLSPPVA|0.0
P16234|Q96LY2____MSGAGV|0.0
P16234|Q96LY2_VAAGTRPPS|0.0
P16234|Q96LY2_PSSPTPGSR|0.0
P16234|Q96LY2_LRPQSPQLR|0.0
P16234|Q96LY2_KDLRYKLIM|0.0
P16234|Q96LY2_MNQTSQKKD|0.0
P16234|Q96LY2_KDGPSGNHL|0.0
P16234|Q96LY2_GNHLSRASA|0.0
P16234|Q8N954_NRQKSLKEE|0.0
P16234|Q8N954_ALGKSGGGI|0.0
P16234|Q8N954_KTGKSGIGH|0.0
P16234|Q8N954_KEDLSSNCP|0.0
P16234|Q8N954_EDLSSNCPG|0.0
P16234|Q8N954_CPGPTSADH|0.0
P16234|Q8N954_PGPTSADHD|0.0
P16234|Q9NUP7_LRKASEGLN|0.0
P16234|Q9NUP7_FQRMSSWAT|0.0
P16234|Q9NUP7_QRMSSWATC|0.0
P16234|Q9NUP7_SSWATCGMR|0.0
P16234|Q9NUP7_SNSTTKRQD|0.001
P16234|Q9NUP7_QNDDSEEHD|0.0
P16234|Q9NUP7_DDGGYRITD|0.0
P16234|Q9BR77__MNFTPTHT|0.001
P16234|Q9BR77_TPTHTPVCR|0.0
P16234|Q9BR77_GVAVSGPTK|0.0
P16234|Q9BR77_GMADSLEST|0.0
P16234|Q9BR77_DSLESTPLP|0.0
P16234|Q9BR77_SLESTPLPS|0.0
P16234|Q9BR77_TPLPSPEDR|0.0
P16234|Q9BR77_KRRPSRERK|0.0
P16234|Q9BR77_ERKESSEHY|0.0
P16234|Q9BR77_RKESSEHYQ|0.0
P16234|Q9BR77_RDIQTLILQ|0.0
P16234|Q9BR77_QELLYESTK|0.008
P16234|Q9BR77_EQMLYKATV|0.014
P16234|Q8NA31_NLAKSSEHS|0.0
P16234|Q8NA31_SSEHSMVKE|0.0
P16234|Q8NA31_RMSVYVILV|0.306
P16234|Q8NA31_ITVLSRLFR|0.0
P16234|Q8NA31_ANNTYVQKY|0.431
P16234|Q8NA31_QLQSYKSHG|0.0
P16234|Q8NA31_QSYKSHGVM|0.0
P16234|Q8NA31_HGVMSKACT|0.0
P16234|Q8NA31_DQMKTPLKS|0.0
P16234|Q8NA31_QLPVTDPFT|0.0
P16234|Q8NA31_KEVVSFLAT|0.0
P16234|Q8NA31_ELRKSLICN|0.0
P16234|Q9H0W5_QQMVTPPPR|0.0
P16234|Q9H0W5_TYDSSNASD|0.003
P16234|Q9H0W5_SSNASDSEF|0.0
P16234|Q9H0W5_RWREYVSQV|0.164
P16234|Q9H0W5_VSQVSWGKL|0.0
P16234|Q9H0W5_INWASFRRR|0.0
P16234|Q9H0W5_KQVKTVRFQ|0.0
P16234|Q9H0W5_PGRFSWFCK|0.0
P16234|Q9H0W5_AFWHTPRLP|0.0
P16234|Q6ZN84_GTVDSVLSS|0.0
P16234|Q6ZN84_DSVLSSREA|0.0
P16234|Q6ZN84_SVLSSREAL|0.0
P16234|Q6ZN84_LPMETLVEE|0.002
P16234|Q8N4S0_TRRNSKSHV|0.007
P16234|Q8N4S0_KTPGSEREL|0.0
P16234|Q8N4S0_SKIQSEGND|0.0
P16234|Q8N4S0_DEGSSVEME|0.002
P16234|Q8N4S0_KLTTSQLKL|0.0
P16234|Q8N4S0_QNSLYSFSD|0.209
P16234|Q8N4S0_NFADYFQEE|0.292
P16234|Q8IWF9_AKLITSLQN|0.0
P16234|Q8IWF9_NDINTVKEN|0.0
P16234|Q8IWF9_VKLMSVESK|0.0
P16234|Q8IWF9_MSVESKKMP|0.0
P16234|Q96PX6_LCKGSPEQQ|0.0
P16234|Q96PX6_VLSGSPEHF|0.0
P16234|Q96PX6_ALGGSLEHL|0.0
P16234|Q96PX6_LKQHYGGSP|0.003
P16234|Q96PX6_STLSYVRQL|0.06
P16234|Q96PX6_LPQASQNRR|0.0
P16234|Q15834_SSTGSVGSP|0.0
P16234|Q15834_GSVGSPDQL|0.009
P16234|Q15834_PLACSPDD_|0.0
P16234|A6NKD9_KPAATAAAA|0.0
P16234|A6NKD9_AAAASEELS|0.0
P16234|A6NKD9_SEELSQVPD|0.0
P16234|A6NKD9_LLRWSKEEL|0.0
P16234|A6NKD9_TGAASGGGG|0.0
P16234|A6NKD9_GSRSSIDSQ|0.0
P16234|A6NKD9_DSQASLSGP|0.0
P16234|A6NKD9_GSGGSPDHH|0.0
P16234|A6NKD9_PHHRSIPNG|0.0
P16234|A6NKD9_PSSTYIRQL|0.0
P16234|A6NKD9_GEFRTLRKG|0.0
P16234|A6NKD9_GFSPYHSES|0.0
P16234|A6NKD9_QLQDSCEED|0.0
P16234|Q9H6F5_VEFESNPEE|0.0
P16234|Q9H6F5_KEELTPGAP|0.0
P16234|Q9H6F5_PVPGSPEPY|0.0
P16234|Q9H6F5_QHEPSKPPP|0.0
P16234|Q9H6F5_GETVTGGFG|0.0
P16234|Q9H6F5_KGSSSQAPA|0.0
P16234|Q9H6F5_QAPASKKLN|0.0
P16234|Q9H6F5_EKRDTLALL|0.0
P16234|Q9NVE4_YVLLSSEQL|0.0
P16234|Q9NVE4_VLLSSEQLF|0.0
P16234|Q9NVE4_LFLRYLHLL|0.008
P16234|Q9NVE4_LVTMSTPRG|0.0
P16234|Q9NVE4_VTMSTPRGV|0.0
P16234|Q9NVE4_RRGQSMPSL|0.0
P16234|Q9NVE4_PSLPSLQAT|0.0
P16234|A6NC98_FLRLSDGAL|0.0
P16234|A6NC98_GRRSSLQSP|0.0
P16234|A6NC98_SSLQSPASV|0.0
P16234|A6NC98_LRAQSEAAE|0.0
P16234|A6NC98_VQALSRENR|0.0
P16234|A6NC98_EQREYLDQL|0.002
P16234|A6NC98_DGAGSTESL|0.0
P16234|A6NC98_TGSPSPAPM|0.0
P16234|A6NC98_RRAQSSLCL|0.0
P16234|A6NC98_RRKLSSRFP|0.0
P16234|A6NC98_SESFSPGDT|0.0
P16234|A6NC98_KRPLTPSLS|0.0
P16234|A6NC98_TPSLSQ___|0.0
P16234|A6NC98-2_ERSVSVGPQ|0.0
P16234|A6NC98-5_SAQGSRWGE|0.0
P16234|Q8N998_ARLQTVTRE|0.016
P16234|Q8N998_LLQLSIERG|0.0
P16234|Q9Y3X0_RKGRSVEKE|0.0
P16234|Q9Y3X0_MGRASRSWE|0.0
P16234|Q9Y3X0_SWEGSPGEQ|0.0
P16234|Q9Y3X0_KIAEYERNQ|0.0
P16234|Q9Y3X0_GRERSEYLR|0.0
P16234|Q9Y3X0_ERSEYLRWK|0.0
P16234|Q9Y3X0_HRKPTGQWR|0.0
P16234|Q9Y3X0_PSHRYDDQA|0.0
P16234|Q9Y3X0_GEFLSQHKA|0.0
P16234|Q9Y3X0_RRRKSSRPQ|0.0
P16234|Q9Y3X0_RRKSSRPQA|0.0
P16234|Q9Y3X0_APRAYSDHD|0.0
P16234|Q9Y3X0_PRAYSDHDD|0.0
P16234|Q9Y3X0_TSPETSPKE|0.0
P16234|Q9Y3X0_QAPGTPSSP|0.0
P16234|Q9Y3X0_GTPSSPFSP|0.0
P16234|Q9Y3X0_WPFESV___|0.0
P16234|Q9GZT6_RLFLSQGRG|0.0
P16234|Q9GZT6_REFFTTTTK|0.0
P16234|Q9GZT6_TDMFTDQEK|0.0
P16234|Q9GZT6_METTTEFTK|0.0
P16234|Q9GZT6_TTEFTKKDT|0.0
P16234|Q9GZT6_AEIASLKTL|0.0
P16234|Q9GZT6_ASLKTLMES|0.0
P16234|Q9GZT6_NKLETIRYL|0.0
P16234|Q9GZT6_ETIRYLAAS|0.0
P16234|Q7Z6B0_DHSSSIGCL|0.093
P16234|Q7Z6B0_DAIISSPEN|0.0
P16234|Q7Z6B0_GANVSNIQL|0.0
P16234|Q7Z6B0_IRQRSLSSL|0.0
P16234|Q7Z6B0_QRSLSSLEL|0.0
P16234|Q7Z6B0_RSLSSLELF|0.0
P16234|Q7Z6B0_QKQLSALIA|0.0
P16234|Q53HC0_TSDASPSGS|0.0
P16234|Q53HC0_SPSGSPVLA|0.0
P16234|Q53HC0_KLPETPRRR|0.012
P16234|Q53HC0_KKSLSAPLH|0.028
P16234|Q53HC0_MPDPTPFLL|0.0
P16234|Q53HC0_IHHATPPQA|0.0
P16234|Q567U6_EMGDYIRSY|0.0
P16234|Q567U6_QKTYSLPED|0.0
P16234|Q567U6_VVDLSEVYK|0.252
P16234|Q567U6_LSEVYKPRR|0.0
P16234|Q567U6_YGRRYGFSR|0.423
P16234|Q567U6_QRIQSLMTK|0.0
P16234|Q567U6_MTKMTAMAN|0.0
P16234|Q567U6_ANEESRLTA|0.0
P16234|Q567U6_LTASSVGQI|0.0
P16234|Q567U6_KLGTSQLHR|0.0
P16234|Q567U6_RKVISLNKQ|0.0
P16234|Q567U6_LQARYNEAK|0.0
P16234|Q567U6_KKTLTELKT|0.0
P16234|Q567U6_ELKTYSEKL|0.0
P16234|Q567U6_GDEKTLSSG|0.0
P16234|Q567U6_GIKQSRMKM|0.0
P16234|Q9BW85_LNKYYPPDF|0.229
P16234|Q9BW85_KDRQYVVRL|0.442
P16234|Q9BW85_MRCKTCGEY|0.194
P16234|Q9BW85_TCGEYIYKG|0.151
P16234|Q9BW85_GEYIYKGKK|0.008
P16234|Q9BW85_QHRLSEEER|0.0
P16234|Q9BW85_QAAPTPGAP|0.0
P16234|Q9BW85_PTPLTPGAS|0.0
P16234|Q8NBZ0_GEVDYKKKY|0.296
P16234|Q8NBZ0_SRDKSFLLD|0.0
P16234|Q8NBZ0_VDEDSSDSD|0.0
P16234|Q8NBZ0_KLSDTPAPK|0.0
P16234|Q8NBZ0_KRKRSPPLG|0.0
P16234|Q8NBZ0_PSSLSLPPS|0.0
P16234|Q8NBZ0_VPSPYLSSL|0.0
P16234|Q8NBZ0_PPFPSDYLA|0.001
P16234|Q8NBZ0_GTTLTPLPP|0.0
P16234|Q8NBZ0_SDAGSGDDA|0.0
P16234|Q2M329_GDGESLAAR|0.001
P16234|Q2M329_AARPSKIKA|0.0
P16234|Q2M329_IKASSGPPT|0.287
P16234|Q2M329_PEAETERVE|0.0
P16234|Q96F63_WGELSRTPV|0.0
P16234|Q96F63_ELSRTPVPS|0.0
P16234|Q96F63_ARPRTLRTR|0.0
P16234|Q96F63_APLLYEQYI|0.005
P16234|Q96F63_LYEQYIGQY|0.009
P16234|Q96F63_YIGQYLTQE|0.002
P16234|Q96F63_GQYLTQEEL|0.0
P16234|Q96F63_LSARTPTHQ|0.0
P16234|Q96F63_EDQRSGKDS|0.0
P16234|Q96F63_SGKDSEAWV|0.0
P16234|Q96EA4_LSCKSEELR|0.0
P16234|Q96EA4_FKNLYDSME|0.434
P16234|Q96EA4_EDNTYYTDL|0.146
P16234|Q96EA4_DNTYYTDLL|0.394
P16234|Q96EA4_PVDITTAKD|0.0
P16234|Q96EA4_CVNNSALGG|0.0
P16234|Q96EA4_SCPNSLEDN|0.004
P16234|Q96EA4_AEALSERSG|0.0
P16234|Q96EA4_LAAESKLQT|0.0
P16234|Q96EA4_SKLQTEVKE|0.0
P16234|Q96EA4_LYVSSKSTP|0.0
P16234|Q96EA4_STPETQCPQ|0.0
P16234|Q6ZUT6_PRAESPMSR|0.0
P16234|Q6ZUT6_GGRVTRSPP|0.0
P16234|Q6ZUT6_RSPPTQVAI|0.0
P16234|Q6ZUT6_ISSDSARKG|0.0
P16234|Q6ZUT6_ARKGSWEPW|0.0
P16234|Q6ZUT6_RETPSEEEQ|0.0
P16234|Q6ZUT6_GRLGSAPAA|0.0
P16234|Q6ZUT6_APAASPALA|0.0
P16234|Q6ZUT6_SVPCSPQEP|0.0
P16234|Q6ZUT6_PLDLSLGGA|0.0
P16234|Q6ZUT6_GAQESPVSW|0.0
P16234|Q6ZUT6_ESPVSWPEG|0.0
P16234|Q8TC90_YSPKTEYGP|0.0
P16234|Q8TC90_PKTEYGPPR|0.0
P16234|Q8TC90_MNQIYEDMR|0.0
P16234|Q8TC90_KATVSGEAS|0.0
P16234|Q8TD31_HQDVSERRL|0.407
P16234|Q8TD31_SQALSQQAE|0.0
P16234|Q8TD31_KVQPSDSLE|0.0
P16234|Q8TD31_QPSDSLEPE|0.123
P16234|Q8TD31_EPEFTRKCQ|0.486
P16234|Q8TD31_ILQRSLQDK|0.0
P16234|Q8TD31_AQLPSLNNR|0.071
P16234|Q8TD31_ELQLSARLI|0.0
P16234|Q8TD31_LMLATLQQE|0.0
P16234|Q8TD31_QRLLTVLPS|0.0
P16234|Q8TD31_TVLPSLLDK|0.008
P16234|Q8TD31_DRCSSSNPQ|0.049
P16234|Q8TD31_RCSSSNPQM|0.0
P16234|Q8TD31_NPQMSS___|0.002
P16234|Q8TD31_PQMSS____|0.0
P16234|Q13939_KFFNYINLN|0.174
P16234|Q13939_SAGRYIYIS|0.003
P16234|Q13939_GRYIYISGG|0.39
P16234|Q13939_YIYISGGTT|0.006
P16234|Q13939_TAWRYDMDD|0.362
P16234|Q13308_IKQPSSQDA|0.0
P16234|Q13308_KQPSSQDAL|0.0
P16234|Q13308_LRRATVFAN|0.0
P16234|Q13308_FANGSLLLT|0.0
P16234|Q13308_FTAGSEERV|0.0
P16234|Q13308_LRINSVEVY|0.018
P16234|Q13308_RADGSSLPE|0.0
P16234|Q13308_ADGSSLPEW|0.0
P16234|Q13308_FARVTRDDA|0.0
P16234|Q13308_EGPGSPPPY|0.381
P16234|Q13308_NKRHSTSDK|0.066
P16234|Q13308_KRHSTSDKM|0.0
P16234|Q13308_RHSTSDKMH|0.0
P16234|Q13308_FPRSSLQPI|0.0
P16234|Q13308_AEPHYMVLE|0.484
P16234|Q13308_MVLEYVDLG|0.463
P16234|Q13308_DVYNSEYYH|0.227
P16234|Q13308_YNSEYYHFR|0.405
P16234|Q13308_NSEYYHFRQ|0.422
P16234|Q13308_ALGDSTVDS|0.0
P16234|P32238_SSGKYEDSD|0.426
P16234|P32239_RITLYAVIF|0.315
P16234|P32239_IFLMSVGGN|0.011
P16234|P32239_VLGLSRRLR|0.0
P16234|P32239_SDGCYVQLP|0.411
P16234|P32239_EDPPTPSIA|0.0
P16234|P32239_LSRLSYTTI|0.0
P16234|P32239_LSYTTISTL|0.0
P16234|P32239_YTTISTLGP|0.008
P16234|P32239_TTISTLGPG|0.0
P16234|P51671_YRRITSGKC|0.02
P16234|P51671_RRITSGKCP|0.0
P16234|Q16627_WVQDYIKDM|0.261
P16234|Q16627-2__MKISVAAI|0.0
P16234|Q92583_LALVTLLLG|0.0
P16234|Q92583_LLGASLQHI|0.0
P16234|Q92583_CCLEYFKGA|0.477
P16234|O00626_VKHFYWTSD|0.428
P16234|O15444_LHHNTQTFQ|0.28
P16234|O15444_NPISSSKRN|0.302
P16234|O15444_KRNVSLLIS|0.0
P16234|Q9Y258_YEFTSNSCS|0.008
P16234|Q9BSQ5_KEVKYLGQL|0.0
P16234|Q9BSQ5_SPSQSLCAE|0.0
P16234|Q9BSQ5_FDGASTPTH|0.0
P16234|Q9BSQ5_DGASTPTHH|0.0
P16234|Q9BSQ5_ASTPTHHLS|0.0
P16234|Q9BSQ5_LSLHSDDSS|0.0
P16234|Q9BSQ5_VGGASPHSK|0.0
P16234|Q9BSQ5_RRALSTTSS|0.0
P16234|Q9BSQ5_RALSTTSSS|0.0
P16234|Q9BSQ5_LSTTSSSTT|0.0
P16234|Q9BSQ5_STTSSSTTN|0.0
P16234|Q9BSQ5_TTSSSTTNG|0.0
P16234|Q9BSQ5_RSAPSEGDE|0.0
P16234|Q9BSQ5-2_HTGYSMENE|0.0
P16234|Q9BSQ5-2_PGIVSPFKR|0.0
P16234|Q9NUG4_ACRSSVSRR|0.0
P16234|Q9NUG4_ERRHTICSL|0.0
P16234|Q9NUG4_GGGGSLERQ|0.0
P16234|Q9NUG4_ERRQTFSGS|0.0
P16234|Q9NUG4_RQTFSGSWE|0.0
P16234|Q9NUG4_TFSGSWERR|0.0
P16234|Q9NUG4_KPGGSWERR|0.0
P16234|Q9NUG4_ILTDSFGRI|0.0
P16234|P78396_VDTGTLKSD|0.0
P16234|P78396_LSCMSVLRG|0.157
P16234|P20248_DITNSMRAI|0.0
P16234|P20248_VGEEYKLQN|0.009
P16234|P20248_DRFLSSMSV|0.0
P16234|P14635_PVPVSEPVP|0.0
P16234|P14635_DIYAYLRQL|0.379
P16234|P14635_NGEWTPTLQ|0.0
P16234|P14635_NQGLTKHMT|0.0
P16234|P14635_HAKISTLPQ|0.0
P16234|Q9NPC3_MEKIYTQQI|0.0
P16234|Q9NPC3_FSDISEKLM|0.0
P16234|Q9NPC3_GLYDSLRLR|0.211
P16234|Q9NPC3_PLDNTPVRN|0.0
P16234|O95067_RPTVSSDLE|0.345
P16234|O95067_ENIDTGVNS|0.191
P16234|O95067_TGVNSKVKS|0.0
P16234|O95067_LLLASKYEE|0.347
P16234|O95067_LRRASKAGE|0.229
P16234|O95067_TLIDYDMVH|0.318
P16234|O95067_NENLTKFIA|0.0
P16234|O95067_IKNKYASSK|0.18
P16234|Q8WWL7_KEEPTIEDE|0.0
P16234|Q8WWL7_THKLSSLKK|0.0
P16234|Q8WWL7_HKLSSLKKK|0.0
P16234|Q8WWL7_FKEDSLVKE|0.337
P16234|Q8WWL7_RKHATQGTM|0.001
P16234|Q8WWL7_SEEESFYKK|0.301
P16234|Q8WWL7_EESFYKKLL|0.001
P16234|Q8WWL7_LKKKSTSHG|0.0
P16234|Q8WWL7_KKKSTSHGK|0.0
P16234|Q8WWL7_ALQESPTYK|0.0
P16234|Q8WWL7_ATMTSVGKS|0.0
P16234|Q8WWL7_SVGKSGTIN|0.0
P16234|Q8WWL7_GKSGTINEA|0.0
P16234|Q8WWL7_TTESSACES|0.0
P16234|Q8WWL7_IDEDSSDPS|0.083
P16234|Q8WWL7_EVQVSFEMT|0.277
P16234|Q8WWL7_SFEMTHETL|0.0
P16234|Q8WWL7_KKLGYWVPF|0.33
P16234|Q8WWL7_YSGYSISEL|0.193
P16234|Q8WWL7_GYSISELHP|0.057
P16234|P24863_LKFLSEEEY|0.113
P16234|P24863_FKRFYARYS|0.389
P16234|P24863_FGVVSNTRL|0.0
P16234|P24863_QNSSYSQS_|0.377
P16234|P24863_SYSQS____|0.145
P16234|P24385_MFVASKMKE|0.364
P16234|P24385_YTDNSIRPE|0.329
P16234|P24385_LNLRSPNNF|0.001
P16234|P24385_NFLSYYRLT|0.127
P16234|P30279_QRDGSKSED|0.0
P16234|P30279_LDQASTPTD|0.0
P16234|P30279_ASTPTDVRD|0.045
P16234|P30281_CCEGTRHAP|0.0
P16234|P30281_EASQTSSSP|0.0
P16234|P30281_PRGSSSQGP|0.0
P16234|P30281_GPSQTSTPT|0.0
P16234|P30281_PSQTSTPTD|0.0
P16234|P30281_TSTPTDVTA|0.0
P16234|P30281_PTDVTAIHL|0.289
P16234|O95273_VRGATLDIV|0.0
P16234|P24864_VYPNSTCKP|0.006
P16234|O96020_QPQPSQTES|0.0
P16234|O96020_SGGISPCII|0.0
P16234|O96020_IIIETPHKE|0.0
P16234|O96020_VKSTSPVKL|0.0
P16234|P41002_SFVTTPTAE|0.0
P16234|P41002_VTTPTAELS|0.0
P16234|P41002_QIPATPGPK|0.0
P16234|P41002_SPTSSVDGG|0.0
P16234|P41002_CRPPSPPES|0.0
P16234|P41002_LCIHSEEED|0.0
P16234|P51959_LEQESRCQP|0.0
P16234|P51959_RLIESAHDN|0.0
P16234|P51959_GLRMTARLR|0.0
P16234|Q16589_QCKCTASDI|0.0
P16234|Q16589_KCTASDIKR|0.009
P16234|Q16589_ETLKSVELL|0.001
P16234|Q16589_VKKHSKIND|0.0
P16234|P51946_LVKKYEPPR|0.236
P16234|P51946_ERCHSAELA|0.0
P16234|P51946_KRKGYEDDD|0.17
P16234|P51946_EDDDYVSKK|0.379
P16234|Q14094_QFRGSMLAL|0.0
P16234|Q14094_LAMVSLEME|0.0
P16234|Q14094_LNSVYVYRP|0.038
P16234|Q14094_SVYVYRPLK|0.019
P16234|Q14094_VDDFYDGIK|0.187
P16234|Q14094_EGHASPCPP|0.0
P16234|Q6ZMN8_RSNRSRCPG|0.0
P16234|Q6ZMN8_RCPGTRQPG|0.012
P16234|Q6ZMN8_PGAASLHAA|0.0
P16234|Q6ZMN8_LHAASAAVP|0.001
P16234|Q6ZMN8_VKEKYLHCA|0.405
P16234|Q5T5M9_PTWPTRLHR|0.0
P16234|Q5T5M9_YPCITPCFE|0.004
P16234|Q8IV13_QLSPYWTRD|0.0
P16234|O75909_NLDHTKPCW|0.024
P16234|O75909-1_PKKPSPQPS|0.0
P16234|O75909-1_SPQPSSPRQ|0.329
P16234|O75909-1_PQPSSPRQV|0.0
P16234|O75909-1_AVVVSPKEE|0.0
P16234|Q9UK58_SSGTTTTTT|0.0
P16234|Q9UK58_GTTTTTTTT|0.0
P16234|Q9UK58_TTTTTTTTT|0.0
P16234|Q9UK58_TTTTTGGIL|0.0
P16234|Q9UK58_KRTPSPLIL|0.0
P16234|Q9UK58_TLRLYTRKK|0.037
P16234|Q9UK58_SKSPYNGVR|0.24
P16234|Q9UK58_NNRRSRSGT|0.0
P16234|Q9UK58_RRSRSGTYS|0.005
P16234|Q9UK58_SRSGTYSSR|0.0
P16234|Q9UK58_RSGTYSSRS|0.0
P16234|Q9UK58_GTYSSRSRS|0.0
P16234|Q9UK58_KRKKSRSRS|0.0
P16234|Q9UK58_RRERSRSFE|0.0
P16234|Q9UK58_ERSRSFERS|0.0
P16234|Q96S94_GAPGSGGAP|0.0
P16234|Q96S94_LDGTSGFSP|0.0
P16234|Q96S94_SRSASPKRR|0.0
P16234|Q96S94_SRSRSRSDS|0.0
P16234|Q96S94_SRSRSDSPP|0.0
P16234|Q96S94_SRSDSPPRQ|0.0
P16234|Q96S94_QAPRSAPYK|0.0
P16234|Q96S94_PYKGSEIRG|0.0
P16234|Q96S94_KPHKSRSRS|0.0
P16234|Q96S94_NPGKYKKKS|0.02
P16234|Q96S94_RRERSRSYE|0.0
P16234|Q96S94_ERSRSYERT|0.0
P16234|Q96S94_HPGHSRHRR|0.0
P16234|P22674___MVTPCPT|0.0
P16234|P22674_MLRVSRPVD|0.0
P16234|Q8N1B3_LGMRSIPIA|0.0
P16234|Q8N1B3_IPIATACTI|0.0
P16234|Q8N1B3_VSNRYFNPS|0.425
P16234|O60563_KVAHTCLHP|0.0
P16234|O60563_TDEKTSEQT|0.0
P16234|O60563_DEKTSEQTI|0.0
P16234|O60563_TSEQTILNM|0.0
P16234|O60563_MISQSSSDT|0.0
P16234|O60563_SQSSSDTTI|0.015
P16234|O60563_STSTTSAVP|0.0
P16234|O60563_VKSQYAYAA|0.389
P16234|O60563_SQYAYAAQN|0.422
P16234|O60563_SHKHSHSQL|0.0
P16234|O60563_KHSHSQLPV|0.012
P16234|O60563_PKHSSQTSN|0.0
P16234|O60563_SSSSSTRKR|0.0
P16234|O60563_FSQPSCKTR|0.08
P16234|O60563_PYSDYLNPR|0.133
P16234|O60583_GRGASSRWF|0.0
P16234|O60583_RGASSRWFF|0.0
P16234|O60583_RWFFTREQL|0.0
P16234|O60583_PISTTPGII|0.0
P16234|O60583_QAASSSSVT|0.0
P16234|O60583_ASSSSVTSP|0.0
P16234|O60583_KKEKSGSLK|0.0
P16234|O60583_PIPPTDKSA|0.0
P16234|O60583_SERHSSSDE|0.0
P16234|O60583_RHSSSDEGS|0.0
P16234|O60583_SSSSSRKRL|0.0
P16234|O60583_SGSSSSSSS|0.0
P16234|Q8N7R7_ASDIYEAVS|0.363
P16234|Q8N7R7_HPRASTIFL|0.0
P16234|Q8N7R7_PRASTIFLS|0.0
P16234|Q8N7R7_TIFLSKSQT|0.0
P16234|Q8N7R7_FLSKSQTDV|0.0
P16234|Q8N7R7_SKSQTDVRE|0.001
P16234|Q8N7R7_PGQLTKKYS|0.185
P16234|Q8N7R7_LTKKYSSCS|0.495
P16234|Q8N7R7_KKYSSCSTI|0.06
P16234|Q8N7R7_YSSCSTIFL|0.0
P16234|Q8N7R7_SSCSTIFLD|0.0
P16234|Q8N7R7_WNVDYCQIL|0.392
P16234|Q8N7R7_AMRRSFSAD|0.0
P16234|Q5T2Q4_DKVFYSAAK|0.247
P16234|Q9ULG6_SSQPSDDES|0.0
P16234|Q9ULG6_ARKKTVSAS|0.002
P16234|Q9ULG6_SASESEDRL|0.0
P16234|Q9ULG6_AEKMSFETQ|0.0
P16234|Q9ULG6_ETQKTNLAT|0.0
P16234|Q9ULG6_TNLATENQY|0.287
P16234|Q9ULG6_TENQYLRVS|0.36
P16234|Q9ULG6_EKALSSLQE|0.0
P16234|Q9ULG6_KALSSLQEE|0.0
P16234|Q9ULG6_ERLVTTALR|0.293
P16234|Q9ULG6_AMKNSTKEF|0.09
P16234|Q9ULG6_VFSDYLHPQ|0.075
P16234|Q9ULG6-3_FDPQY____|0.0
P16234|P32246_LPFLSVDRL|0.0
P16234|P32246_LERVSSTSP|0.0
P16234|P32246_ERVSSTSPS|0.0
P16234|P32246_RVSSTSPST|0.0
P16234|P32246_VSSTSPSTG|0.0
P16234|P32246_STSPSTGEH|0.0
P16234|P32246_TSPSTGEHE|0.0
P16234|P46092_ALLVTSGLA|0.0
P16234|P46092_LLVTSGLAL|0.0
P16234|P46092_LRGGSCPSG|0.0
P16234|P41597-2_EQEVSAGL_|0.0
P16234|P51679_CKTKYSLNS|0.456
P16234|P51681_KNFQTLKIV|0.0
P16234|P51681_ASSVYTRST|0.542
P16234|P51681_YTRSTGEQE|0.193
P16234|P51684_TFAFYKKAR|0.449
P16234|P51684_CAGRYSENI|0.402
P16234|P32248_LPIMYSIIC|0.023
P16234|P32248_PIMYSIICF|0.0
P16234|P32248_LLCISIDRY|0.147
P16234|P32248_LRQWSSCRH|0.0
P16234|P32248_RQWSSCRHI|0.0
P16234|P32248_HIRRSSMSV|0.0
P16234|P32248_IRRSSMSVE|0.0
P16234|P32248_VEAETTTTF|0.0
P16234|P32248_EAETTTTFS|0.0
P16234|P32248_AETTTTFSP|0.0
P16234|P32248_ETTTTFSP_|0.004
P16234|P32248_TTTFSP___|0.0
P16234|P51685_SVDRYLAVV|0.059
P16234|P51685_MPRESCEKS|0.0
P16234|P51685_SCEKSSSCQ|0.0
P16234|P51685_CEKSSSCQQ|0.0
P16234|P51685_EKSSSCQQH|0.0
P16234|P51686_TRVKTMTDM|0.356
P16234|P51686_VKTMTDMFL|0.0
P16234|P51686_SVDRYIAIA|0.447
P16234|P51686_SGALSL___|0.0
P16234|Q9NPB9_TKVPSQSGV|0.489
P16234|Q9NPB9_VPSQSGVGK|0.0
P16234|Q9NPB9_KVLLTVVIV|0.0
P16234|Q9NPB9_VFIVTQLPY|0.409
P16234|Q9NPB9_TQLPYNIVK|0.454
P16234|Q9NPB9_IDIIYSLIT|0.46
P16234|Q9NPB9_DIIYSLITS|0.0
P16234|Q9NPB9_SFKNYVMKV|0.481
P16234|Q9NPB9_VAKKYGSWR|0.385
P16234|O00421_NLAVSNLCF|0.0
P16234|O00421_EFVVYKPQM|0.351
P16234|O00421_LRSNTPLQP|0.0
P16234|O00421_PRGQSAQGT|0.0
P16234|O00421_SAQGTSREE|0.0
P16234|O00421_EPDHSTEV_|0.401
P16234|O00421_PDHSTEV__|0.0
P16234|Q9UK39_RRPLSPPAA|0.0
P16234|Q9UK39_PRPASPRLL|0.0
P16234|Q9UK39_RTVCSMGTG|0.0
P16234|Q9UK39_CSMGTGTSR|0.0
P16234|Q9UK39_MGTGTSRLY|0.0
P16234|Q9UK39_GTGTSRLYS|0.0
P16234|Q9UK39_EYLVSPDPE|0.08
P16234|Q9UK39_CIAVTHLKA|0.0
P16234|O14618_FLQLTPERC|0.0
P16234|Q6IQ19____MSPGSG|0.0
P16234|Q6IQ19_MSPGSGVKS|0.0
P16234|Q6IQ19_YMKRYQEPR|0.435
P16234|Q6IQ19_CAPPSPPPP|0.0
P16234|Q6IQ19_VEPATQEEA|0.0
P16234|Q6IQ19_ETDKSPTST|0.0
P16234|Q6IQ19_KAVKSPQRS|0.324
P16234|Q6IQ19_TDTGSQKTH|0.0
P16234|Q6IQ19_EIHESALRA|0.0
P16234|Q6IQ19_QRAHSVDVE|0.057
P16234|Q6IQ19_NPWMTEYMR|0.408
P16234|Q6IQ19_MRCYSARA_|0.376
P16234|Q99832-2__MMDSQLVA|0.0
P16234|P78371_MASLSLAPV|0.0
P16234|P78371_ERAETARLT|0.0
P16234|P78371_ARLTSFIGA|0.0
P16234|P78371_KILLSSGRD|0.0
P16234|P78371_ILLSSGRDA|0.0
P16234|P78371_NIAGTTLSS|0.0
P16234|P78371_IAGTTLSSK|0.0
P16234|P78371_GTTLSSKLL|0.0
P16234|P78371_TTLSSKLLT|0.0
P16234|P78371_RLKGSGNLE|0.0
P16234|P78371_SLADSYLDE|0.394
P16234|P78371_LADSYLDEG|0.375
P16234|P78371_LIANTGMDT|0.0
P16234|P78371_TGMDTDKIK|0.0
P16234|P78371_KIFGSRVRV|0.001
P16234|P78371_RQLIYNYPE|0.319
P16234|P78371_LRGATQQIL|0.0
P16234|P78371_EAERSLHDA|0.0
P16234|P78371_GGGCSEMLM|0.0
P16234|P78371_LANRTPGKE|0.0
P16234|P78371_VAMESYAKA|0.338
P16234|P78371_AMESYAKAL|0.387
P16234|P78371_RMLPTIIAD|0.0
P16234|P78371_DNAGYDSAD|0.398
P16234|P78371_AGYDSADLV|0.0
P16234|P78371_RAAHSEGNT|0.0
P16234|P49368_EISRTQDEE|0.0
P16234|P49368_DDMISTLKK|0.009
P16234|P49368_DMISTLKKI|0.0
P16234|P49368_DISDSDMML|0.0
P16234|P49368_SRWSSLACN|0.005
P16234|P49368_DIKKYARVE|0.381
P16234|P49368_RMRRYIKNP|0.427
P16234|P49368_DIEITREED|0.0
P16234|P49368_EKGISDLAQ|0.0
P16234|P49368_LAQHYLMRA|0.4
P16234|P49368_RANITAIRR|0.0
P16234|P49368_IGDEYFTFI|0.155
P16234|P49368_LRGASKEIL|0.0
P16234|P49368_KEILSEVER|0.0
P16234|P49368_NCGASTIRL|0.0
P16234|P49368_ENCETWGVN|0.0
P16234|P49368_QTYKTAVET|0.428
P16234|P49368_TAVETAVLL|0.0
P16234|P49368_DDIVSGHKK|0.0
P16234|P49368_GDDQSRQGG|0.0
P16234|P50991_VAPRSGATA|0.175
P16234|P50991_GKGAYQDRD|0.374
P16234|P50991_LVELSKAQD|0.0
P16234|P50991_PVELSDRET|0.19
P16234|P50991_IDPATATSV|0.0
P16234|P50991_PATATSVDL|0.001
P16234|P50991_TQKVSNSGI|0.036
P16234|P50991_KVSNSGITR|0.095
P16234|P50991_QFCLSAPKT|0.033
P16234|P50991_QIVVSDYAQ|0.473
P16234|P50991_VVSDYAQMD|0.493
P16234|P50991_SPGKTVTIV|0.383
P16234|P50991_VVRGSNKLV|0.351
P16234|P50991_GMESYCVRA|0.494
P16234|P50991_EVIPSTLAE|0.353
P16234|P50991_VIPSTLAEN|0.0
P16234|P50991_DVVNTR___|0.38
P16234|P48643___MASMGTL|0.0
P16234|P48643_AVANTMRTS|0.001
P16234|P48643_TMRTSLGPN|0.0
P16234|P48643_IADGYEQAA|0.401
P16234|P48643_KISDSVLVD|0.0
P16234|P48643_PLIQTAKTT|0.177
P16234|P48643_DKDFSHPQM|0.07
P16234|P48643_LDVTSVEDY|0.078
P16234|P48643_SVEDYKALQ|0.142
P16234|P48643_PMALSENSG|0.0
P16234|P48643_LSENSGMNP|0.0
P16234|P48643_NPIQTMTEV|0.0
P16234|P48643_KQQISLATQ|0.0
P16234|P48643_ISLATQMVR|0.0
P16234|P40227_AAVKTLNPK|0.0
P16234|P40227_AKVATAQDD|0.415
P16234|P40227_QADLYISEG|0.111
P16234|P40227_PRIITEGFE|0.073
P16234|P40227_MKHKSETDT|0.0
P16234|P40227_SETDTSLIR|0.0
P16234|P40227_VEDAYILTC|0.393
P16234|P40227_VSLEYEKTE|0.369
P16234|P40227_TEVNSGFFY|0.039
P16234|P40227_SGFFYKSAE|0.0
P16234|P40227_IDPFSLDAL|0.0
P16234|P40227_LDALSKEGI|0.0
P16234|P40227_PNKHTLTQI|0.016
P16234|Q92526_QADLYISEG|0.002
P16234|Q92526_VSLEYEKTE|0.308
P16234|Q92526_TEVNSGFFY|0.0
P16234|Q92526_SGFFYKTAE|0.342
P16234|Q92526_IDPFSLDSL|0.0
P16234|Q92526_FSLDSLAKH|0.0
P16234|Q99832__MMPTPVIL|0.145
P16234|Q99832_LKEGTDSSQ|0.0
P16234|Q99832_GTDSSQGIP|0.0
P16234|Q99832_PQLVSNISA|0.007
P16234|Q99832_VSNISACQV|0.0
P16234|Q99832_RGKATISND|0.0
P16234|Q99832_KATISNDGA|0.0
P16234|Q99832_NDGATILKL|0.0
P16234|Q99832_FRTATQLAV|0.313
P16234|Q99832_ALEDSQLVA|0.013
P16234|Q99832_KKTFSYAGF|0.0
P16234|Q99832_KTFSYAGFE|0.229
P16234|Q99832_IRVHTVEDY|0.008
P16234|Q99832_TVEDYQAIV|0.358
P16234|Q99832_WNILYDKLE|0.255
P16234|Q99832_GDVATQYFA|0.399
P16234|Q99832_VATQYFADR|0.188
P16234|Q99832_DLKRTMMAC|0.0
P16234|Q99832_GSIQTSVNA|0.0
P16234|Q99832_VNALSADVL|0.16
P16234|Q99832_AKTCTFILR|0.0
P16234|Q99832_INALTAASE|0.0
P16234|Q99832_LTAASEAAC|0.0
P16234|Q99832_NPRSTVDAP|0.008
P16234|Q99832_VDAPTAAGR|0.0
P16234|P50990_LVCCSAKNL|0.0
P16234|P50990_KILGSGISS|0.0
P16234|P50990_ISSSSVLHG|0.0
P16234|P50990_DGMITETKG|0.0
P16234|P50990_ETKGTVLIK|0.0
P16234|P50990_VLIKTAEEL|0.0
P16234|P50990_AIADTGANV|0.0
P16234|P50990_NVVVTGGKV|0.0
P16234|P50990_MALHYANKY|0.311
P16234|P50990_RLCKTVGAT|0.001
P16234|P50990_TVGATALPR|0.0
P16234|P50990_VLRGSTDNL|0.0
P16234|P50990_LRGSTDNLM|0.0
P16234|P50990_GGGATEIEL|0.0
P16234|P50990_QITSYGETC|0.013
P16234|P50990_SYGETCPGL|0.001
P16234|P50990_GLEQYAIKK|0.119
P16234|P50990_ISKLYAVHQ|0.23
P16234|P50990_ILDTYLGKY|0.086
P16234|P50990_IKLATNAAV|0.0
P16234|P50990_NAAVTVLRV|0.101
P16234|P17987_FGDRSTGET|0.0
P16234|P17987_GDRSTGETI|0.161
P16234|P17987_STGETIRSQ|0.0
P16234|P17987_ETIRSQNVM|0.079
P16234|P17987_KTSMSSKII|0.0
P16234|P17987_TSMSSKIIG|0.0
P16234|P17987_AIKYTDIRG|0.319
P16234|P17987_YPVNSVNIL|0.276
P16234|P17987_SQMESMLIS|0.0
P16234|P17987_CLDFSLQKT|0.003
P16234|P17987_QVVITDPEK|0.158
P16234|P17987_MCLKYFVEA|0.43
P16234|P17987_NYATSMGSR|0.0
P16234|P17987_EFARSLLVI|0.0
P16234|P17987_AAQDSTDLV|0.0
P16234|P17987_VKVKSLKFA|0.0
P16234|P17987_LHPESKDDK|0.0
P16234|P17987_KHGSYEDAV|0.037
P16234|P86791_AGAGSGPWA|0.0
P16234|P86791_KVYSSVLRQ|0.0
P16234|P86791_LRQCYSMYK|0.004
P16234|P86791_RQCYSMYKL|0.105
P16234|P86791_CYSMYKLFN|0.427
P16234|P86791_RMEESLNIV|0.0
P16234|P86791_NKRMSGSEK|0.0
P16234|P86791_FKFIYFNHM|0.336
P16234|P86791_RKTPSVSLT|0.0
P16234|P86791_VKAMSDYWV|0.003
P16234|P86791_AMSDYWVVG|0.302
P16234|P86790_AGAGSGPWA|0.0
P16234|P86790_KVYSSVLRQ|0.001
P16234|P86790_NKRMSGSEK|0.0
P16234|P86790_FKFIYFNHM|0.375
P16234|P86790_RKTPSVSLT|0.0
P16234|P86790_AMSDYWVVG|0.353
P16234|P08473_LFVGTDDKN|0.0
P16234|P08473_LSRTYKESR|0.301
P16234|P08473_ERIGYPDDI|0.027
P16234|P08473_LNNEYLELN|0.251
P16234|P08473_LELNYKEDE|0.412
P16234|P08473_KEDEYFENI|0.114
P16234|P08473_TDVHSPGNF|0.0
P16234|Q6YHK3_RFLVTAPGI|0.0
P16234|Q6YHK3_ADEIYELRV|0.149
P16234|Q6YHK3_QLKAYFLGS|0.264
P16234|Q6YHK3_YFLGSKSSM|0.498
P16234|Q6YHK3_DNAEYAERF|0.384
P16234|Q6YHK3_EIPITVTAL|0.0
P16234|Q6YHK3_ALSPTASDA|0.052
P16234|Q6YHK3_KKQLTDNLK|0.014
P16234|Q6YHK3_RVIHSELQG|0.0
P16234|Q6YHK3_TGPSSPSPV|0.0
P16234|Q6YHK3_PSSPSPVKF|0.0
P16234|Q6YHK3_SIVDYYEPR|0.421
P16234|P15144_AKGFYISKS|0.609
P16234|P15144_KNANSSPVA|0.0
P16234|P15144_PASATTLDQ|0.0
P16234|P15144_IIIHSKKLN|0.0
P16234|P15144_EPTEYLVVH|0.567
P16234|P15144_KVVATTQMQ|0.0
P16234|P15144_LNDVYRVMA|0.379
P16234|P15144_DALASSHPL|0.0
P16234|P15144_ALASSHPLS|0.0
P16234|P15144_HPLSTPASE|0.0
P16234|P15144_STPASEINT|0.0
P16234|P15144_LRMLSSFLS|0.0
P16234|P15144_SEFNYVWIV|0.395
P16234|P15144_IVPITSIRD|0.0
P16234|P15144_VPITSIRDG|0.0
P16234|P15144_QQQDYWLID|0.22
P16234|P15144_FNLASAHKV|0.0
P16234|P15144_KKQVTPLFI|0.0
P16234|P15144_FSTEYELQQ|0.504
P16234|P15144_TGFGSGTRA|0.0
P16234|P15144_FGSGTRALE|0.001
P16234|O43490_KAWNYELPA|0.456
P16234|O43490_ILAQYNTTK|0.33
P16234|O43490_RILASLDFA|0.004
P16234|O43490_NNTSSVIIE|0.018
P16234|O43490_IIEETKKYG|0.258
P16234|O43490_RRMDSEDVY|0.447
P16234|O43490_DDVETIPMK|0.395
P16234|O43490-2_SEDVYDDVE|0.428
P16234|O43490-5_SEDVYDDPS|0.0
P16234|P08571_VRRLTVGAA|0.0
P16234|P08571_LALSSLRLR|0.0
P16234|P48509_LKSDYISLL|0.0
P16234|P48509_RDHASNIYK|0.108
P16234|P48509_KLEHY____|0.549
P16234|O95971_CKDRSGDCS|0.198
P16234|O95971_SGDCSPETS|0.0
P16234|O95971_CSPETSLKQ|0.0
P16234|O95971_SPETSLKQL|0.003
P16234|Q86VB7-3_REMNSCLNA|0.0
P16234|Q9NR16_SNRCSGRLE|0.0
P16234|Q9NR16_PLRVSTRRR|0.0
P16234|Q9NR16_LRVSTRRRG|0.0
P16234|Q9NR16_RRRGSLEEN|0.0
P16234|Q04900_KERNYHTL_|0.365
P16234|Q99467_AINLSLNFN|0.0
P16234|P15391_FFKVTPPPG|0.0
P16234|P15391_LSLPTPTSG|0.0
P16234|P15391_PVARTMDFL|0.0
P16234|P15391_LGSQSYEDM|0.041
P16234|P15391_PQLRSIRGQ|0.0
P16234|P15391_EDADSYENM|0.209
P16234|P29016_FQMKYPFEI|0.16
P16234|P15813_VYRSSFTRD|0.359
P16234|P15813_VGFTSRFKR|0.001
P16234|P15812_NTQDTKNSR|0.0
P16234|P15812_LAQVSWIKN|0.0
P16234|P15812-2_LKKQSPVFL|0.0
P16234|P15812-2_MGANTQDTK|0.0
P16234|P15812-2_NTQDTKNSR|0.0
P16234|P06729_KHLKTDDQD|0.0
P16234|P06729_QRVITHKWT|0.362
P16234|P06729_HRVATEERG|0.142
P16234|P06729_PGHRSQAPS|0.0
P16234|P06729_SQAPSHRPP|0.0
P16234|P06729_AAENSLSPS|0.0
P16234|P06729_ENSLSPSSN|0.002
P16234|P06729_LSPSSN___|0.0
P16234|P41217_EQLYTPASL|0.527
P16234|P41217_YTPASLKCS|0.185
P16234|P41217_VNKGYWFSV|0.027
P16234|P41217_PLLLSIVSL|0.348
P16234|P41217_SILLYWKRH|0.0
P16234|Q8TD46_CPWRTANLG|0.363
P16234|Q8TD46_TGNKSLYIE|0.028
P16234|Q8TD46_NKSLYIELL|0.406
P16234|Q8TD46_LYIPYIILT|0.422
P16234|Q8TD46_EMQPYASYT|0.392
P16234|Q8TD46_NNPLYDTTN|0.591
P16234|Q8TD46_TDLHTL___|0.0
P16234|Q6Q8B3_FHRGYHLQV|0.186
P16234|Q6Q8B3_QVLVTPEVN|0.412
P16234|Q6Q8B3_NLFQSRNIT|0.045
P16234|Q9NNX6_LQEIYQELT|0.06
P16234|Q9NNX6_LPEKSKLQE|0.0
P16234|Q9NNX6_LPEKSKMQE|0.002
P16234|Q9NNX6_LPEKSKQQE|0.0
P16234|Q9NNX6_QQEIYQELT|0.398
P16234|Q9NNX6_PLLPSFKQY|0.371
P16234|Q9NNX6-7_GLLVSKVPS|0.18
P16234|Q9NNX6-7_SKVPSSISQ|0.0
P16234|Q9NNX6-7_KVPSSISQE|0.0
P16234|P20273_LEVLYAPRR|0.327
P16234|P20273_RWKRTQSQQ|0.0
P16234|P20273_KRTQSQQGL|0.053
P16234|P20273_DTVTYSALH|0.563
P16234|Q9HBG7_KENVTIMVK|0.008
P16234|Q9HBG7_EPQVTMKSV|0.385
P16234|Q9HBG7_VTMKSVKVS|0.298
P16234|Q9HBG7_GAEKSVLYS|0.085
P16234|Q9HBG7_DPGASRGGT|0.007
P16234|Q9HBG7_SRDPYKNRV|0.545
P16234|Q9HBG7_HLNVSWRSS|0.049
P16234|Q9HBG7_GHTLYSVLS|0.426
P16234|Q9HBG7_HTLYSVLSQ|0.415
P16234|Q9HBG7_YSVLSQGYE|0.411
P16234|Q9HBG7_LSQGYEKLD|0.34
P16234|Q9HBG7_EKLDTPLRP|0.052
P16234|Q9HBG7_ISGRYEVFD|0.388
P16234|Q9HBG7_GQADYDPVT|0.501
P16234|Q9HBG7_PVTPYVTEV|0.599
P16234|Q9HBG7_TIYCSIRKP|0.531
P16234|Q9HBG7_EIPESPTYE|0.492
P16234|Q9HBG7_ESPTYENFT|0.622
P16234|Q9HBG7-4_IEKLSVHVI|0.0
P16234|Q9BZW8_GSLPSNTSN|0.0
P16234|Q9BZW8_KRNHSPSFN|0.0
P16234|Q9BZW8_VIGKSQPKA|0.0
P16234|Q9BZW8_NFDVYS___|0.417
P16234|Q9HCU0_ISTKYPELF|0.272
P16234|Q9HCU0_ITDCYRWVI|0.397
P16234|Q9HCU0_TCRTSV___|0.007
P16234|P26842_LEARTAGHM|0.0
P16234|P26842_PPQRSLCSS|0.0
P16234|Q5ZPR3_QGNASLRLQ|0.0
P16234|Q5ZPR3_EGEGSKTAL|0.0
P16234|Q5ZPR3_EGSKTALQP|0.0
P16234|Q5ZPR3_PLKHSDSKE|0.0
P16234|P10747_YMNMTPRRP|0.296
P16234|P10747_AAYRS____|0.443
P16234|Q9Y5K6_QRISTYGLP|0.072
P16234|Q9Y5K6_AQDDSETVL|0.003
P16234|Q9Y5K6_VKLRTRTSS|0.0
P16234|Q9Y5K6_RTRTSSSET|0.0
P16234|Q9Y5K6_RTSSSETEE|0.0
P16234|Q9Y5K6_SSSETEEKK|0.0
P16234|Q9Y5K6_LILQSLGPK|0.0
P16234|Q9Y5K6_LGPKTQSVE|0.0
P16234|Q9Y5K6_PKTQSVEIT|0.0
P16234|Q9Y5K6_EQKPSKPAA|0.0
P16234|Q9Y5K6_PKKPTPPTK|0.172
P16234|Q9Y5K6_PTPPTKASN|0.0
P16234|Q9Y5K6_LLRSSGTVY|0.011
P16234|Q9Y5K6_SGTVYPKRP|0.143
P16234|Q9Y5K6_FDSLTVRTS|0.0
P16234|Q9Y5K6_LKKDTCYSP|0.035
P16234|Q9Y5K6_SPKPSVYLS|0.215
P16234|Q9Y5K6_SVYLSTPSS|0.187
P16234|O95400_KRKVTFQGV|0.115
P16234|O95400_PVAGSGGPG|0.0
P16234|O95400_DDGGSSKYD|0.0
P16234|O95400_DGGSSKYDI|0.0
P16234|O95400_ADGNYFLNR|0.244
P16234|O95400_TPPPSLDMF|0.0
P16234|O95400_EELETPTPT|0.0
P16234|O95400_GGQFYNSKR|0.0
P16234|O95400_QFYNSKRID|0.214
P16234|O95400_FDLYT____|0.0
P16234|Q08708_ASWRSSALL|0.0
P16234|Q496F6_GQYDTSCES|0.0
P16234|Q496F6_QYDTSCESI|0.144
P16234|Q496F6_SIVETKGEE|0.0
P16234|A8K4G0_QKDRTFTVT|0.025
P16234|A8K4G0_DRTFTVTME|0.0
P16234|Q6UXZ3_AAKITGPTT|0.0
P16234|Q6UXZ3_ITGPTTVNG|0.0
P16234|Q6UXZ3_VQCAYGSGW|0.394
P16234|Q6UXZ3_PGTQTAVSE|0.0
P16234|Q6UXZ3_SSPLTRSPL|0.0
P16234|Q6UXG3_GILFSRCSG|0.0
P16234|Q6UXG3_KEAPSQAPE|0.0
P16234|Q6UXG3-2_ISSLTFLSV|0.0
P16234|Q6UXG3-2_LTFLSV___|0.0
P16234|Q8IX05_TDDASFKWF|0.0
P16234|Q8IX05-2_LGMFYDTDV|0.004
P16234|Q8IX05-2_MFYDTDVPY|0.41
P16234|Q9NPF0_IEPCTQKGQ|0.286
P16234|Q9NPF0_SLLLSEQKT|0.0
P16234|P20138_TTERTIQLN|0.205
P16234|P20138_PQNPTTGIF|0.0
P16234|P20138_PGDGSGKQE|0.0
P16234|P20138_GRNDTHPTT|0.0
P16234|P20138_DTHPTTGSA|0.0
P16234|P20138_TGSASPKHQ|0.0
P16234|P20138_SEVRTQ___|0.0
P16234|P28906_NKTSSCAEF|0.0
P16234|P28906_QDVASHQSY|0.001
P16234|P28906_SHQSYSQKT|0.119
P16234|P28906_GEDPYYTEN|0.474
P16234|P28906_EDPYYTENG|0.389
P16234|P28906_DPYYTENGG|0.37
P16234|P28906_GGQGYSSGP|0.013
P16234|P28906_QGYSSGPGT|0.102
P16234|P28906_QGKASVNRG|0.0
P16234|P16671_NWVKTGTEV|0.0
P16234|P16671_GTEVYRQFW|0.455
P16234|P16671_SKNCTSYGV|0.279
P16234|P11049_HLARSRHSA|0.0
P16234|P11049_RSRHSADIC|0.0
P16234|P11049_LDHVYNRLA|0.397
P16234|P28907_CQDPTIKEL|0.0
P16234|P04234_GAADTQALL|0.06
P16234|P04234_DAQYSHLGG|0.001
P16234|P07766_KNIGSDEDH|0.0
P16234|P07766_EDHLSLKEF|0.0
P16234|P09693_WNLGSNAKD|0.0
P16234|P20963_AEAYSEIGM|0.0
P16234|P20963_YQGLSTATK|0.0
P16234|P20963_QGLSTATKD|0.0
P16234|P20963_LSTATKDTY|0.056
P16234|P20963_ATKDTYDAL|0.308
P16234|P01730_GNQGSFLTK|0.0
P16234|P01730_GSFLTKGPS|0.0
P16234|P01730_TKGPSKLND|0.0
P16234|P25942_AKKPTNKAP|0.002
P16234|P25942_ESRISVQER|0.001
P16234|P29965__MIETYNQT|0.397
P16234|P29965_MIETYNQTS|0.485
P16234|P16070_GEYRTNPED|0.077
P16234|P16070_DIYPSNPTD|0.172
P16234|P16070_DDDVSSGSS|0.0
P16234|P16070_VSSGSSSER|0.0
P16234|P16070_SSGSSSERS|0.0
P16234|P16070_SGSSSERSS|0.0
P16234|P16070_RIPATTLMS|0.0
P16234|P16070_TISTTPRAF|0.0
P16234|P16070_WHEGYRQTP|0.164
P16234|P16070_PKEDSHSTT|0.0
P16234|P16070_KESRTFIPV|0.0
P16234|P16070_DQFMTADET|0.037
P16234|P08575_CKNASVSIS|0.0
P16234|P08575_PYTKYVLSL|0.414
P16234|P08575_KYVLSLHAY|0.251
P16234|P08575_KDLQYSTDY|0.444
P16234|P08575_YSTDYTFKA|0.45
P16234|P08575_HNGDYPGEP|0.496
P16234|P08575_AEFQSIPRV|0.267
P16234|P08575_PRVFSKFPI|0.0
P16234|P08575_NKNRYVDIL|0.349
P16234|P08575_DILPYDYNR|0.494
P16234|P08575_LPYDYNRVE|0.509
P16234|P08575_AGSNYINAS|0.0
P16234|P08575_INASYIDGF|0.411
P16234|P08575_KCAEYWPSM|0.288
P16234|P08575_RCPDYIIQK|0.372
P16234|P08575_GVGRTGTYI|0.288
P16234|P08575_GRTGTYIGI|0.001
P16234|P08575_RTGTYIGID|0.0
P16234|P08575_KVDVYGYVV|0.585
P16234|P08575_VEAQYILIH|0.185
P16234|P08575_ELHPYLHNM|0.26
P16234|P08575_RDPPSEPSP|0.0
P16234|P08575_QRLPSYRSW|0.452
P16234|P08575_NVIPYDYNR|0.444
P16234|P08575_IPYDYNRVP|0.402
P16234|P08575_MSKESEHDS|0.0
P16234|P08575_YQFLYDVIA|0.362
P16234|P08575_QAEGSEPTS|0.0
P16234|P08575_SEPTSGTEG|0.0
P16234|P08575_PTSGTEGPE|0.0
P16234|P08575_GPEHSVNGP|0.001
P16234|P15529_HSVSTSSTT|0.0
P16234|P15529_GPRPTYKPP|0.265
P16234|P15529_KKGTYLTDE|0.004
P16234|P15529_VKFTSL___|0.0
P16234|P15529-16_GGAEYATYQ|0.43
P16234|P15529-16_AEYATYQTK|0.333
P16234|P15529-16_EYATYQTKS|0.358
P16234|P15529-2_AEYATYQTK|0.001
P16234|P15529-4_AEYATYQTK|0.006
P16234|P15529-4_ATYQTKSTT|0.0
P16234|P15529-4_QTKSTTPAE|0.0
P16234|P15529-4_TKSTTPAEQ|0.0
P16234|Q08722_AFKESKGMM|0.0
P16234|Q08722-3_LGLVYMKFV|0.0
P16234|P09326_RKSKYFESK|0.07
P16234|P06127_GGTISYEAQ|0.001
P16234|P06127_WIGPTGMNQ|0.006
P16234|P06127_NQNMSFHRN|0.0
P16234|P06127_AENPTASHV|0.039
P16234|P06127_NPTASHVDN|0.0
P16234|P06127_LHRSSMQPD|0.0
P16234|P08174_CKKKSCPNP|0.0
P16234|P08174_DHYGYRQSV|0.273
P16234|P08174_QSVTYACNK|0.405
P16234|P08174_EHSIYCTVN|0.0
P16234|P08174_TTEVSPTSQ|0.0
P16234|P08174_STPVSRTTK|0.319
P16234|P08174-2_TRLLSGSRP|0.0
P16234|P08174-2_SRPVTQAGM|0.0
P16234|P08174-2_LRRKYTQVY|0.0
P16234|P08174-7_SATKSPAAA|0.0
P16234|P08174-7_TNVHSPVTN|0.0
P16234|P19256_CIPSSGHSR|0.0
P16234|P19256-3_KPDRTK___|0.0
P16234|P13987_SLQCYNCPN|0.152
P16234|P13987_NELTYYCCK|0.487
P16234|P13987_ELTYYCCKK|0.553
P16234|O43866_RAVLTQKRC|0.043
P16234|P30203_PVRLTNGSS|0.0
P16234|P30203_ENKESRELM|0.0
P16234|P30203_LLIPSIVLG|0.0
P16234|P30203_TFYNSQRHR|0.188
P16234|P30203_RHRVTDEEV|0.0
P16234|P30203_YHPRSNSES|0.001
P16234|P30203_PRSNSESST|0.0
P16234|P30203_NSESSTSSG|0.0
P16234|P30203_ESSTSSGED|0.0
P16234|P30203_SSTSSGEDY|0.038
P16234|P08962_EKIPSMSKN|0.0
P16234|P34810_KSHKTTTHR|0.0
P16234|P34810-2_AVLFSGALL|0.0
P16234|Q07108_AENSSLHPE|0.0
P16234|P09564_RDKNSAACV|0.0
P16234|P09564_YEDMSHSRC|0.006
P16234|P09564_DMSHSRCNT|0.0
P16234|P09564_SRCNTLSSP|0.0
P16234|P09564_CNTLSSPNQ|0.0
P16234|P09564_NTLSSPNQY|0.138
P16234|P09564_SPNQYQ___|0.398
P16234|P32970_ALGRSFLHG|0.0
P16234|P21854_LLGVTAICL|0.0
P16234|P21854_QLGQSAEDL|0.0
P16234|P21854_ELAQSQEAL|0.0
P16234|P21854_KVHKTWSWW|0.0
P16234|P04233_RRSRSCRED|0.0
P16234|P04233_MQNATKYGN|0.429
P16234|P04233_GLGVTKQDL|0.367
P16234|P60033_SNIISNLFK|0.0
P16234|P27701_RHVHSEDYS|0.001
P16234|P27701_HSEDYSKVP|0.006
P16234|P27701_SEDYSKVPK|0.0
P16234|P27701_KVPKY____|0.336
P16234|Q01151_RNTTSCNSG|0.0
P16234|Q01151_CNSGTYRCT|0.001
P16234|Q01151_NSGTYRCTL|0.435
P16234|Q01151_LPVTSPNKH|0.0
P16234|Q9UIB8_WTSKTSVAY|0.003
P16234|Q9UIB8_TGLLSVLAM|0.0
P16234|Q9UIB8_ASKKTIYTY|0.382
P16234|Q9UIB8_KTIYTYIMA|0.015
P16234|Q9UIB8_YIMASRNTQ|0.158
P16234|Q9UIB8_QPAESRIYD|0.001
P16234|Q9UIB8_EPVNTVYSE|0.008
P16234|Q9UIB8_NTVYSEVQF|0.055
P16234|Q9UIB8_PGTSSYEIV|0.306
P16234|Q9UIB8-5_QGRASEHSL|0.0
P16234|Q9UIB8-5_ASEHSLFRS|0.0
P16234|P42081_EKFDSVHSK|0.112
P16234|P42081_DSVHSKYMG|0.373
P16234|P42081_DKGLYQCII|0.412
P16234|P42081_VLLRTKNST|0.0
P16234|P42081-4_TRLLSSPFS|0.016
P16234|P42081-4_RLLSSPFSI|0.001
P16234|P42081-4_SSPFSIGTN|0.0
P16234|P42081-4_FSIGTNTME|0.0
P16234|P01732_PVVKSGDKP|0.0
P16234|P01732_GDKPSLSAR|0.0
P16234|P01732_KPSLSARYV|0.022
P16234|P01732-2_SQPLSLRPE|0.0
P16234|P10966_MVMLSCEAK|0.001
P16234|P21926_VQEFYKDTY|0.564
P16234|P21926_DVLETFTVK|0.32
P16234|P21926_LETFTVKSC|0.259
P16234|Q9NPY3_EAALTARMS|0.0
P16234|Q9NPY3_TARMSKFWI|0.0
P16234|Q9NPY3_KRCVSLLLD|0.0
P16234|Q9NPY3_LLDLSQPLL|0.0
P16234|Q9NPY3_PLLPSRLPK|0.0
P16234|Q9NPY3_GPCGSPGSP|0.0
P16234|Q9NPY3_GSPGSPGSN|0.0
P16234|Q9NPY3_GSPGSNIEG|0.0
P16234|Q9NPY3_VCKFSFKGM|0.0
P16234|Q9NPY3_NAADSYSWV|0.09
P16234|Q9NPY3_ADSYSWVPE|0.261
P16234|Q9NPY3_ERAESRAME|0.0
P16234|P40200_TPQPSNSSM|0.0
P16234|P40200_PSNSSMTTR|0.0
P16234|P40200_SDLPYHEME|0.261
P16234|P40200_HEMETL___|0.0
P16234|P48960_DKNVTMGQS|0.001
P16234|P48960_TMGQSSARM|0.0
P16234|P48960_MGQSSARMK|0.0
P16234|P48960_LEEIYESSI|0.0
P16234|P48960_CSHLSSFAI|0.0
P16234|P48960_LMAHYDVED|0.145
P16234|P48960_GGSKYSEFT|0.321
P16234|P48960_GSKYSEFTS|0.0
P16234|P48960_YSEFTSTTS|0.0
P16234|P48960_FTSTTSGTG|0.0
P16234|P14209_GFDLSDALP|0.213
P16234|Q8TCZ2_LNADYVKGE|0.022
P16234|Q8TCZ2_VKYSTLHTQ|0.057
P16234|Q8TCZ2_STLHTQSAE|0.0
P16234|P32320_QKAVSEGYK|0.0
P16234|P32320_VSEGYKDFR|0.071
P16234|Q9BWV3_ATVASSVPN|0.0
P16234|Q9BWV3_TVASSVPNF|0.0
P16234|Q8IWY9_AALSSLRAL|0.0
P16234|Q8IWY9_TPAKTPGAS|0.0
P16234|Q8IWY9_TPGASAALP|0.0
P16234|Q8IWY9_PPRGSRGAR|0.0
P16234|Q8IWY9_VSGESLPGA|0.0
P16234|Q8IWY9_RLRGSGSPS|0.0
P16234|Q8IWY9_RGSGSPSRP|0.0
P16234|Q8IWY9_PTPVSEERS|0.0
P16234|Q8IWY9_QQSPTPTCP|0.0
P16234|Q8IWY9_SPTPTCPTP|0.0
P16234|Q8IWY9_PTCPTPELG|0.0
P16234|Q8IWY9_QMCQSPGGA|0.0
P16234|Q8IWY9_GAGGTVLGE|0.0
P16234|Q8IWY9_PDVLSMLGA|0.0
P16234|Q8IWY9_ELQDSILAL|0.0
P16234|Q8IWY9_LALRSQVPP|0.0
P16234|Q8IWY9_VEFLSFADH|0.0
P16234|Q8IWY9_PLLEYYRDI|0.0
P16234|Q8IWY9_LLEYYRDIF|0.0
P16234|O75794_KHIQYKFLD|0.424
P16234|O75794_TVQPSPYLS|0.242
P16234|O75794_QPSPYLSYR|0.376
P16234|O75794_SPYLSYRLP|0.416
P16234|O75794_PYLSYRLPK|0.447
P16234|Q9UNH5_KIVHYTCFD|0.392
P16234|Q9UNH5_IVHYTCFDQ|0.265
P16234|Q9UNH5_KHNVTAVVR|0.0
P16234|Q9UNH5_NRPSSEGSI|0.0
P16234|Q9UNH5_PRAVSQPFR|0.0
P16234|Q9UNH5_PFRLSSSLQ|0.0
P16234|Q9UNH5_FRLSSSLQG|0.0
P16234|Q9UNH5_RLSSSLQGS|0.0
P16234|Q9UNH5_SLQGSAVTL|0.0
P16234|Q9UNH5_GSAVTLKTS|0.001
P16234|Q9UNH5_VTLKTSKMA|0.0
P16234|Q9UNH5_INRTSLSSG|0.0
P16234|Q9UNH5_VRSFSINSR|0.0
P16234|Q9UNH5_PSLQSEYVH|0.0
P16234|Q9UNH5_LQSEYVHY_|0.139
P16234|Q9UNH5-3_FGEVSFP__|0.0
P16234|O60729_SERRSSWAA|0.0
P16234|O60729_ERRSSWAAA|0.0
P16234|O60729_APPCSRRCS|0.0
P16234|O60729_SRRCSSTSP|0.0
P16234|O60729_KKLKSITML|0.0
P16234|O60729_LKSITMLRK|0.273
P16234|O60729_YLGRTPEEA|0.0
P16234|O60729_IFGETSYIP|0.201
P16234|O60729_INGVTQGDR|0.0
P16234|A4D256_QDDVYVDIT|0.338
P16234|A4D256_KKLKSITML|0.0
P16234|A4D256_LKSITMLRK|0.496
P16234|A4D256_EPKPYSDDD|0.358
P16234|A4D256_INGVTQGDR|0.045
P16234|Q13042_CLYLTAQYH|0.4
P16234|Q13042_LTAQYHRAA|0.001
P16234|Q13042_CYKLTSVVM|0.028
P16234|Q13042_RRYLSKATT|0.126
P16234|Q13042_LSKATTLEK|0.0
P16234|Q13042_SKATTLEKT|0.0
P16234|Q13042_SQALSIAPE|0.0
P16234|Q13042_GEWKTAEKW|0.0
P16234|Q13042_GNEVTVDKW|0.361
P16234|Q13042_PLETSRKTP|0.0
P16234|Q12834_AANRSHSAG|0.0
P16234|Q12834_NRSHSAGRT|0.0
P16234|Q12834_SKVQTTPSK|0.0
P16234|Q12834_ILRLSGKPQ|0.0
P16234|Q12834_LKVLYSQKA|0.219
P16234|Q12834_ATPGSSRKT|0.0
P16234|Q12834_SSRKTCRYI|0.0
P16234|Q12834_LSSGSRSGH|0.0
P16234|Q12834_SRVLSLTMS|0.0
P16234|Q12834_PDGATVASA|0.0
P16234|Q12834_AADETLRLW|0.0
P16234|Q12834_AAKSSLIHQ|0.0
P16234|Q86Y33_MRVLSKDLK|0.0
P16234|Q86Y33_AKRLSAEVP|0.0
P16234|Q86Y33_VRDESFHLK|0.0
P16234|Q86Y33_TGQGTPKND|0.0
P16234|Q86Y33_VTVWTCPTV|0.117
P16234|Q9UJX2_APVLSINSD|0.0
P16234|Q9UJX2_IAGLTRERG|0.0
P16234|Q9UJX2_SKKAYFLYM|0.254
P16234|Q9UJX2_FLYMYSRYL|0.106
P16234|Q9UJX2_LYMYSRYLS|0.0
P16234|Q9UJX2_LKFLSLPDT|0.0
P16234|Q9UJX2_DKALSIFNE|0.0
P16234|Q9UJX2_EIDKYRVET|0.257
P16234|Q9UJX2_VIGNYYSLR|0.0
P16234|Q9UJX2_IGNYYSLRS|0.175
P16234|Q9UJX2_KAALYFQRA|0.369
P16234|Q9UJX2_YWRAYAVGD|0.255
P16234|Q9UJX2_WDEASTCAQ|0.0
P16234|Q9UJX2_AFNDTREEG|0.0
P16234|P30304_RMGSSESTD|0.0
P16234|P30304_SHSDSLDHD|0.0
P16234|P30304_KLFDSPSLC|0.0
P16234|P30304_QDLKYISPE|0.0
P16234|P30304_LKYISPEIM|0.088
P16234|P30304_EIMASVLNG|0.0
P16234|P30305_GSALSPAGV|0.0
P16234|P30305_SSPVTTLTQ|0.0
P16234|P30305_SPVTTLTQT|0.0
P16234|P30305_VTTLTQTMH|0.0
P16234|P30305_LGSETPKSQ|0.0
P16234|P30305_RSRLTHLSL|0.0
P16234|P30305_LTHLSLSRR|0.0
P16234|P30305_HLSLSRRAS|0.0
P16234|P30305_RASESSLSS|0.001
P16234|P30305_GRRKSEAGS|0.08
P16234|P30305_SEAGSGAAS|0.0
P16234|P30305_AASSSGEDK|0.0
P16234|P30305_AQRPSSAPD|0.0
P16234|P30305_LMCLSPDRK|0.0
P16234|P30305_DLVMYSKCQ|0.341
P16234|P30305_SMPCSVIRP|0.0
P16234|P30305_QDRDTPVQN|0.444
P16234|P30305_RVLRSKSLC|0.0
P16234|P30305_NLLDSDHRE|0.269
P16234|P30305_DELKTFRLK|0.0
P16234|P30305-2_FRSPSMPCS|0.166
P16234|P30305-3_RRFQSMPDG|0.201
P16234|P30307_DAMCSSSAN|0.0
P16234|P30307_SEMKYLGSP|0.016
P16234|P30307_GSPITTVPK|0.0
P16234|P30307_SPITTVPKL|0.0
P16234|P30307_KVSRSGLYR|0.023
P16234|P30307_RSGLYRSPS|0.143
P16234|P30307_SLNQYPALY|0.104
P16234|P30307_LKGGYRDFF|0.49
P16234|P30307_LRCRSQSKV|0.0
P16234|P30307-3_SANLSILSG|0.0
P16234|P30307-3_ILSGSPGFF|0.0
P16234|P30307-3_EAKVSRSGL|0.002
P16234|P30307-3_KVSRSGLYR|0.001
P16234|P30307-3_GLYRSPSMP|0.0
P16234|P30307-3_YRSPSMPEN|0.001
P16234|Q8NHZ8_SDPKSREQM|0.0
P16234|Q8NHZ8_PNNRSSQFG|0.0
P16234|P30260_HSCTTPQCK|0.0
P16234|P30260_LQNFSNCLP|0.018
P16234|P30260_NSCTTQVPN|0.322
P16234|P30260_VPNHSLSHR|0.0
P16234|P30260_NHSLSHRQP|0.0
P16234|P30260_RQPETVLTE|0.0
P16234|P30260_ETVLTETPQ|0.0
P16234|P30260_LNLESSNSK|0.0
P16234|P30260_NKPKTGRSL|0.0
P16234|P30260_KSVFSQSGN|0.0
P16234|P30260_LPRRSSRLF|0.0
P16234|P30260_SRLFTSDSS|0.0
P16234|P30260_DVALSVLSK|0.012
P16234|P30260_GNCFSLQRE|0.019
P16234|P30260_KALDTLNKA|0.01
P16234|P30260_ESLVYFLIG|0.0
P16234|P30260-2_DVPSTGAPS|0.0
P16234|P30260-2_PSKKTFRVL|0.0
P16234|P30260-2_RVLQSVARI|0.0
P16234|P30260-2_RIGQTGTKS|0.0
P16234|P30260-2_GQTGTKSVF|0.0
P16234|P49427_NIYETGDVC|0.198
P16234|P49427_TLAEYCVKT|0.228
P16234|Q16543_MVDYSVWDH|0.208
P16234|Q16543_KKEKSMPWN|0.0
P16234|Q16543_GFSKSMVNT|0.0
P16234|Q16543_SMVNTKPEK|0.0
P16234|Q16543_KPEKTEEDS|0.0
P16234|Q16543_TEEDSEEVR|0.235
P16234|Q16543_AMKEYEEEE|0.417
P16234|Q16543_EVYESLPEE|0.054
P16234|Q16543_QDAISKMDP|0.0
P16234|Q16543_WVPNSKASE|0.198
P16234|Q16543_AVPKTGDEK|0.0
P16234|Q7L3B6_DVFPSSPRC|0.101
P16234|Q7L3B6_AKAQTAVSE|0.438
P16234|Q7L3B6_QTAVSELRQ|0.046
P16234|O60508_TKSPSSKPS|0.0
P16234|O60508_VAVDSAPEV|0.0
P16234|O60508_KEVQYNPTY|0.002
P16234|O60508_QYNPTYETM|0.018
P16234|O60508_YNPTYETMF|0.063
P16234|O60508_MLSGYAEPA|0.0
P16234|O60508_TFATYGYAL|0.069
P16234|O60508_ATYGYALDP|0.129
P16234|O60508_RRFVSTSDD|0.0
P16234|P60953_NKFPSEYVP|0.389
P16234|P60953_FPSEYVPTV|0.081
P16234|P60953_ITPETAEKL|0.005
P16234|P60953_CSALTQKGL|0.0
P16234|P60953-1_FPSEYVPTV|0.0
P16234|P60953-1_EYVPTVFDN|0.006
P16234|P60953-1_KAVKYVECS|0.0
P16234|P60953-1_EPPETQPKR|0.0
P16234|Q00587_GWVSSSQGK|0.0
P16234|Q00587_KRRLTADMI|0.0
P16234|Q00587_FGDTSFLSN|0.0
P16234|Q00587_NHGGSSGST|0.0
P16234|Q00587_HGGSSGSTH|0.0
P16234|Q00587_SSGSTHRSP|0.0
P16234|Q00587_RSPRSFLAK|0.0
P16234|Q00587_NQAAYDSLV|0.0
P16234|Q00587_AAYDSLVVG|0.0
P16234|Q00587_SSPTSSTDG|0.0
P16234|Q00587_PTSSTDGHS|0.0
P16234|Q00587_TDGHSSYGL|0.002
P16234|Q00587_GHSSYGLDS|0.001
P16234|Q00587_GSFPSEPGL|0.0
P16234|Q00587_AEVKSSPVG|0.0
P16234|Q00587_EVKSSPVGG|0.0
P16234|Q00587_GGHHYPEMD|0.244
P16234|Q00587_PQAGSRTPV|0.0
P16234|Q00587_AGSRTPVPS|0.0
P16234|O14613____MSTKVP|0.0
P16234|O14613_KVPIYLKRG|0.421
P16234|O14613_RDLLSSDMI|0.0
P16234|O14613_QFTRTATVC|0.229
P16234|O14613_TRTATVCGR|0.0
P16234|O14613_KNAISLPVI|0.0
P16234|O14613_LHLETPQPS|0.0
P16234|Q9UKI2_KTPIYLKAA|0.405
P16234|Q9UKI2_RDILSPDMI|0.0
P16234|Q9UKI2_PDMISPPLG|0.0
P16234|Q9UKI2_LQGNYELLP|0.211
P16234|Q9UKI2_RANSTSDSV|0.0
P16234|Q9UKI2_STSDSVFTE|0.0
P16234|Q9UKI2_VFTETPSPV|0.0
P16234|Q9UKI2_KNAISLPTI|0.0
P16234|Q9UKI2_LPLLSPVTF|0.0
P16234|Q9UKI2_LPRLSCEPV|0.0
P16234|Q9UKI2_AQEKSSLLE|0.0
P16234|Q9UKI2_LENGTVHQG|0.0
P16234|Q9UKI2_IKGKTKSEE|0.0
P16234|Q9UKI2_GKTKSEESL|0.0
P16234|Q9H3Q1_LVSSSVHSK|0.0
P16234|Q9H3Q1_RADLTAEMI|0.0
P16234|Q9H3Q1_AFGDTSFLN|0.003
P16234|Q9H3Q1_FGDTSFLNS|0.0
P16234|Q9H3Q1_DEQPSSSSS|0.0
P16234|Q9H3Q1_QPSSSSSKR|0.0
P16234|Q9H3Q1_SSSSSKRSL|0.0
P16234|Q9H3Q1_SSKRSLLSR|0.0
P16234|Q9H3Q1_GSKRSQSVT|0.0
P16234|Q9H3Q1_KRSQSVTRG|0.0
P16234|Q9H3Q1_QAPPYAVAA|0.434
P16234|Q9H3Q1_LEERSPAFR|0.0
P16234|Q9H3Q1_DKEFSFMDE|0.0
P16234|Q6NZY7_RGALSISAP|0.0
P16234|Q6NZY7_ALSISAPLG|0.0
P16234|Q9NRR3_RIDRSMIGE|0.0
P16234|Q9NRR3_NFVHTAHVG|0.001
P16234|Q9NRR3_AHVGSGDLF|0.0
P16234|Q9NRR3_GDLFSGMNS|0.0
P16234|Q9NRR3_SGMNSVSSI|0.0
P16234|Q9NRR3_NSVSSIQNQ|0.0
P16234|Q9NRR3_SKGGYGGGM|0.005
P16234|O75419_EVVQSQRVL|0.002
P16234|O75419_IVEQTMRRR|0.0
P16234|O75419_DEENTLSVD|0.0
P16234|O75419_MRVQTFSIH|0.0
P16234|O75419_LDKLYHGLE|0.427
P16234|O75419_IPPETDSSD|0.0
P16234|Q99459_RGVDYNAEI|0.001
P16234|Q99459_ALGFYDTSE|0.207
P16234|Q99459_FYDTSEENY|0.004
P16234|Q99459_SEENYQALD|0.087
P16234|Q99459_GELRSEKEG|0.0
P16234|Q99459_RKKESDLPS|0.004
P16234|Q99459_SDLPSAILQ|0.0
P16234|Q99459_EYNVTNNSV|0.281
P16234|Q99459_VTNNSVALR|0.0
P16234|Q99459_VALRTPRTP|0.0
P16234|Q99459_RTPRTPASQ|0.0
P16234|Q99459_LMALTNVDT|0.0
P16234|Q99459_QTPNTVLST|0.0
P16234|Q99459_NTVLSTPFR|0.0
P16234|Q99459_LTPRSGTTP|0.0
P16234|Q99459_GMADYSDPS|0.302
P16234|Q99459_MADYSDPSY|0.003
P16234|Q99459_YSDPSYVKQ|0.42
P16234|Q99459_SDPSYVKQM|0.406
P16234|Q99459_EIDDTYIED|0.045
P16234|Q99459_IDDTYIEDA|0.179
P16234|Q99459_EHNPYEKFS|0.107
P16234|Q99459_DRIESLEKR|0.0
P16234|Q99459_LQHRYADLL|0.007
P16234|Q99459_LEKETLKSK|0.0
P16234|Q99741_KRKLSRALN|0.0
P16234|Q99741_NLCNTPHLP|0.0
P16234|Q99741_GPPHSHTLK|0.0
P16234|Q99741_PHSHTLKGR|0.0
P16234|Q99741_ITTNSEQRC|0.0
P16234|Q99741_VSAVSGDVR|0.0
P16234|Q99741_CKSPSEPLI|0.0
P16234|Q99741_IKEVTLGKL|0.0
P16234|O00311_TTKASVKRP|0.431
P16234|O00311_PEVLTKCPN|0.344
P16234|O00311_RYPFYKASD|0.449
P16234|O00311_MDSSTPKLT|0.448
P16234|O00311_QGHASHQPA|0.042
P16234|O00311_QPAISEKTD|0.414
P16234|O00311_DHKASCLVQ|0.0
P16234|O00311_PGQYSGNSF|0.44
P16234|O00311_LNPASRITA|0.372
P16234|O00311_ASRITAEEA|0.052
P16234|O00311_FKDMSL___|0.324
P16234|Q6P1J9_ADVLSVLRQ|0.197
P16234|Q6P1J9_RRAATENIP|0.0
P16234|Q6P1J9_RTRTTILQS|0.0
P16234|Q6P1J9_ILQSTGKNF|0.061
P16234|Q6P1J9_GKNFSKNIF|0.0
P16234|Q69YH5_AGNASFILG|0.0
P16234|Q69YH5_PNPCTPDTF|0.0
P16234|Q69YH5_DTFKSPLNF|0.0
P16234|Q69YH5_LNFSTVTVE|0.0
P16234|Q69YH5_QLGITPESF|0.0
P16234|Q69YH5_FVRNSAGKS|0.0
P16234|Q69YH5_AGKSSSYLK|0.0
P16234|Q69YH5_CRRRSAVGA|0.0
P16234|Q69YH5_GSPETNHLI|0.0
P16234|Q69YH5_SPALYRNVN|0.379
P16234|Q69YH5_KEGLSACQQ|0.0
P16234|Q69YH5_ACQQSGFPA|0.0
P16234|Q69YH5_RRRISYQRD|0.165
P16234|Q69YH5_VGKGSSDAV|0.0
P16234|Q69YH5_AEVSSDAVP|0.0
P16234|Q69YH5_PTPKTFVLR|0.012
P16234|Q69YH5_FVLRSVLKK|0.0
P16234|Q69YH5_EKISSPKVG|0.001
P16234|Q69YH5_ITRTSNRRN|0.0
P16234|Q69YH5_PSIPSIRRL|0.0
P16234|Q69YH5_EEVKTPKNP|0.0
P16234|Q69YH5_CASVTEERV|0.004
P16234|Q69YH5_DRRRSMCYS|0.304
P16234|Q69YH5_FKDLSDAIE|0.0
P16234|Q69YH5_QRRNSETKV|0.0
P16234|Q69YH5_TFDSSGFES|0.0
P16234|Q69YH5_APPVSDPEN|0.0
P16234|Q69YH5_DPENSQGPA|0.0
P16234|Q99618_SVPVTPARP|0.0
P16234|Q99618_MKTSSGDPP|0.0
P16234|Q99618_EVFETEDSK|0.0
P16234|Q99618_ETEDSKSNL|0.0
P16234|Q99618_QPTETPVAS|0.0
P16234|Q99618_VASQSSDKP|0.001
P16234|Q99618_TPRSSGSMR|0.0
P16234|Q99618_PGTLTLRQG|0.0
P16234|Q99618_SENVSELKE|0.0
P16234|Q99618_AILGTGRLL|0.0
P16234|Q99618_PLVES____|0.0
P16234|Q9BXL8_QEEMTQDGT|0.167
P16234|Q9BXL8_TQDGTWRTV|0.119
P16234|Q9BXL8_RLVSTEILC|0.0
P16234|Q9BXL8_ENRGSFHKS|0.0
P16234|Q96FF9_AAQRSGPRA|0.0
P16234|Q96FF9_APSPTKPLR|0.0
P16234|Q96FF9_SELPSILPE|0.0
P16234|Q96FF9_VRRSYSRLE|0.232
P16234|Q96FF9_GSASTSTPG|0.0
P16234|Q96FF9_SASTSTPGR|0.0
P16234|Q96FF9_PVVCSKLTE|0.0
P16234|Q96FF9_APDMTLPGI|0.0
P16234|Q9BWT1_QCRHSGPLR|0.0
P16234|Q9BWT1_FPARSTRGA|0.0
P16234|Q9BWT1_PARSTRGAT|0.0
P16234|Q9BWT1_TDSNSDSED|0.0
P16234|Q9BWT1_SNSDSEDES|0.0
P16234|Q9BWT1_SEDESGMNF|0.0
P16234|Q9BWT1_PLPGSDSQS|0.0
P16234|Q9BWT1_EEDKYMLVR|0.321
P16234|Q9BWT1_RKRKTVDGY|0.227
P16234|Q9BWT1_NVHAYLKSL|0.006
P16234|Q96GN5_ETLSSEESC|0.0
P16234|Q96GN5_SSEESCDSF|0.0
P16234|Q96GN5_ESCDSFDSL|0.0
P16234|Q96GN5_DSLESGKQQ|0.0
P16234|Q96GN5_VRFHSKYFT|0.115
P16234|Q96GN5_EDKATPRRS|0.0
P16234|Q96GN5_RRSRSRRSS|0.0
P16234|Q96GN5_KNSSSEQLF|0.0
P16234|Q96GN5_EQLFSSARL|0.0
P16234|Q96GN5_QLFSSARLQ|0.0
P16234|Q96GN5_QREDSTSES|0.0
P16234|Q96GN5_REDSTSESE|0.0
P16234|Q96GN5_EDSTSESED|0.0
P16234|Q96GN5_STSESEDDS|0.0
P16234|Q96GN5_SRDESQESS|0.0
P16234|Q96GN5_AELNSMPDF|0.0
P16234|Q96GN5_EEFYSFRRR|0.179
P16234|Q96GN5_RHRISSFRP|0.0
P16234|Q96GN5_HRISSFRPV|0.0
P16234|Q96GN5_RDKIYDKVL|0.438
P16234|Q96GN5_GRCATGILI|0.0
P16234|Q96GN5-5_QVVESDLSD|0.0
P16234|Q96GN5-5_ESDLSDDGK|0.0
P16234|Q9H5V8_NCGVSIALL|0.0
P16234|Q9H5V8_ELQFSIPRL|0.0
P16234|Q9H5V8_THSISGRID|0.0
P16234|Q9H5V8_RIDATVVRI|0.0
P16234|Q9H5V8_NGTVSRIKM|0.0
P16234|Q9H5V8_VSGFSIANR|0.0
P16234|Q9H5V8_ERVEYYIPG|0.39
P16234|Q9H5V8_RVEYYIPGS|0.279
P16234|Q9H5V8_KDRLSLVLV|0.0
P16234|Q9H5V8_LTSVSWNIS|0.0
P16234|Q9H5V8_SWNISVPRD|0.0
P16234|Q9H5V8_SVTLTPRTV|0.0
P16234|Q9H5V8_KDNDSHVYA|0.042
P16234|Q9H5V8_VCPPSPPTI|0.0
P16234|Q9H5V8_SPPESESEP|0.0
P16234|Q9H5V8_SEPYTFSHP|0.002
P16234|Q9H5V8_PYTFSHPNN|0.111
P16234|Q2M1Z3_MKSLTLPAL|0.0
P16234|Q2M1Z3_LPALSLPMK|0.0
P16234|Q2M1Z3_MKLVSLEEA|0.011
P16234|Q2M1Z3_RRENSLPEI|0.0
P16234|Q2M1Z3_KKWKSIFNL|0.0
P16234|Q2M1Z3_SRNGSVFVR|0.0
P16234|Q2M1Z3_GQRLSVEKA|0.0
P16234|Q2M1Z3_VEKATIRPA|0.076
P16234|Q2M1Z3_KSMDSLCSV|0.004
P16234|Q2M1Z3_TGTGSSCDL|0.002
P16234|Q2M1Z3_GTGSSCDLT|0.017
P16234|Q2M1Z3_QMEPSPRNQ|0.002
P16234|Q2M1Z3_PLRVSAVIS|0.0
P16234|Q2M1Z3_SAVISTNST|0.001
P16234|Q2M1Z3_TPCRTPPKE|0.0
P16234|Q2M1Z3_TPESSLSSQ|0.0
P16234|Q2M1Z3_TLQESPRAR|0.0
P16234|Q2M1Z3_KIIESEEEL|0.0
P16234|Q2M1Z3_PGNLSPPLP|0.001
P16234|Q2M1Z3_KSQDSPEIS|0.137
P16234|Q2M1Z3_GEEATPRHS|0.404
P16234|Q2M1Z3_TPRHSDKQN|0.302
P16234|Q2M1Z3_DKQNSKNAA|0.0
P16234|Q2M1Z3_CGFPSPTRE|0.013
P16234|Q2M1Z3_QWVTSPLHS|0.0
P16234|Q2M1Z3_SPLHSPTLK|0.008
P16234|Q2M1Z3_EKRLSHRPS|0.003
P16234|Q2M1Z3_SHRPSLRQS|0.0
P16234|Q2M1Z3_RQSHSLDSK|0.009
P16234|Q2M1Z3_PAETSPISL|0.0
P16234|Q2M1Z3_HLGHSSPQI|0.0
P16234|Q2M1Z3_QDSTSPGEH|0.0
P16234|Q2M1Z3_SAPVSVSAV|0.008
P16234|Q2M1Z3_PVSVSAVRT|0.0
P16234|Q2M1Z3_RKRMSETEP|0.001
P16234|Q2M1Z3_ETEPSGDNL|0.0
P16234|Q2M1Z3_PFHRSRPGR|0.046
P16234|Q2M1Z3_KVLLSPIRS|0.0
P16234|Q2M1Z3_PQRRSVILD|0.0
P16234|P12830_GRQRTAYFS|0.349
P16234|P12830_QRTAYFSLD|0.154
P16234|P12830_TAYFSLDTR|0.0
P16234|P12830_IERETGWLK|0.003
P16234|P12830_ISVVTTGLD|0.0
P16234|P12830_SPVATGTGT|0.0
P16234|P12830_PEPRTIFFC|0.052
P16234|P12830_EVGDYKINL|0.275
P16234|P12830_PEDDTRDNV|0.03
P16234|P12830_LADMYGGGE|0.43
P16234|Q9Y6N8_MFRRTPVPQ|0.0
P16234|Q9Y6N8_RILSSRVPR|0.0
P16234|Q9Y6N8_RVPRSDGKI|0.001
P16234|Q9Y6N8_GSLKYILSG|0.245
P16234|Q9Y6N8_KYILSGDGA|0.008
P16234|Q9Y6N8_DGAGTLFII|0.0
P16234|Q9Y6N8_SRRLYTLKV|0.441
P16234|Q9Y6N8_DPRFYYLGP|0.37
P16234|Q9Y6N8_PRFYYLGPF|0.415
P16234|Q9Y6N8_PLILSKEDI|0.0
P16234|Q9Y6N8_IPRRTPTAP|0.0
P16234|Q9Y6N8_LAEMYGGGE|0.357
P16234|P55287_KYILSGEGA|0.275
P16234|P55287_EGAGTIFVI|0.0
P16234|P55287_GIIRTALPN|0.0
P16234|P55287_IKPEYQYMP|0.397
P16234|P55287_PEYQYMPRP|0.49
P16234|P55287_PAPNSVDVD|0.0
P16234|P55287_DFINTRIQE|0.005
P16234|P55287_GSKDTFDDD|0.0
P16234|P55289_VKEQYQVLI|0.323
P16234|P55289_LDFETKKAY|0.412
P16234|P55290_DKLRYEVSS|0.343
P16234|P55290_RYEVSSPYF|0.267
P16234|P55290_ENTGSVSVT|0.088
P16234|P55290_VMEGSPTGT|0.0
P16234|P55290_PIMVTDSGK|0.164
P16234|P55290_MVTDSGKPP|0.397
P16234|P55291_KALDYESCE|0.095
P16234|P55291_SCEHYELKV|0.0
P16234|O75309_GTANSDLRF|0.0
P16234|O75309_ALALSPKGS|0.0
P16234|O75309_CKNLSYEAA|0.0
P16234|O75309_VVVQSVAKL|0.0
P16234|O75309_ILIFTHWTM|0.0
P16234|O75309_FTHWTMSRK|0.0
P16234|O75309_HWTMSRKKD|0.0
P16234|Q12864_RLGNSIGTL|0.0
P16234|Q12864_SKILYHIIK|0.213
P16234|Q12864_IKGDSEGRL|0.0
P16234|Q12864_DNVESAQAS|0.0
P16234|Q12864_KPLRS____|0.0
P16234|Q13634_KGDGSVKYI|0.231
P16234|Q13634_SMPSYLMEV|0.222
P16234|Q13634_TLRRSKKEP|0.245
P16234|Q13634_PLIISEEDV|0.0
P16234|Q9H159__MNCYLLLR|0.188
P16234|Q9H159_REERSLYIL|0.0
P16234|Q9H159_ERSLYILRA|0.361
P16234|Q9H159_DNRKSPIRY|0.001
P16234|Q9H159_PIRYSITRS|0.048
P16234|Q9H159_RYSITRSKV|0.0
P16234|Q9H159_FPEKSEDFR|0.003
P16234|Q9H159_LYRQSLQVG|0.0
P16234|Q9H159_VGPDSAIFR|0.0
P16234|P19022_NVKFSNCNG|0.0
P16234|P19022_IDFETNRMF|0.0
P16234|P19022_NENPYFAPN|0.138
P16234|P19022_PIIITDSGN|0.0
P16234|P19022_IITDSGNPP|0.0
P16234|P19022_NILKYDEEG|0.068
P16234|P19022_YPVRSAAPH|0.354
P16234|Q9HBT6_ARVVYSILQ|0.454
P16234|Q9HBT6_QGQPYFSVD|0.281
P16234|Q9HBT6_IQTVSAVDQ|0.0
P16234|Q9UJ99_LEPESEFII|0.0
P16234|Q9UJ99_VAELSPTGT|0.0
P16234|Q9UJ99_QVMASDADD|0.0
P16234|Q9UJ99_TDMTYHLKD|0.51
P16234|Q9UJ99_VFKVTTDSD|0.0
P16234|Q9UJ99_FKVTTDSDT|0.0
P16234|Q9UJ99_VTTDSDTQE|0.0
P16234|Q9UJ99_TDSDTQEAI|0.002
P16234|Q9UJ99_RPVRYAIDR|0.338
P16234|Q9UJ99_RHHKSHLSS|0.0
P16234|Q9UJ99_KSHLSSDED|0.0
P16234|Q9UJ99_SHLSSDEDE|0.0
P16234|Q9UJ99_NVIKYNDEG|0.159
P16234|Q9H251_TTQAYQLTV|0.038
P16234|Q9H251_TVNATDQDK|0.0
P16234|Q9H251_DQDKTRPLS|0.0
P16234|Q9H251_ARLDYELIQ|0.418
P16234|Q9H251_RSREYGQES|0.186
P16234|Q9H251_ESIIYSLEG|0.226
P16234|Q9H251_LINSSSGVV|0.0
P16234|Q9H251_VVTTTELDR|0.0
P16234|Q9H251_AGIGTSVIV|0.0
P16234|Q9H251_GLVNYRILS|0.0
P16234|Q9H251_GTVTYAIVA|0.0
P16234|Q9H251_AKDDTDRLV|0.0
P16234|Q9H251_VNINTGSVM|0.0
P16234|Q9H251_INTGSVMVK|0.0
P16234|Q9H251_EVTLSVIDN|0.0
P16234|Q9H251_LPERSVSVP|0.0
P16234|Q9H251_NAKLTVNVL|0.0
P16234|Q9H251_VNDNTPQFK|0.061
P16234|Q9H251_VDMDSGLVT|0.0
P16234|Q9H251_RSNVYEVYA|0.425
P16234|Q9H251_VYEVYATDK|0.119
P16234|Q9H251_GAVRYSFLK|0.019
P16234|Q9H251_PPKGSPQYQ|0.0
P16234|Q9H251_GSPQYQLLT|0.475
P16234|Q9H251_YQLLTVPEH|0.0
P16234|Q9H251_VPEHSPRGT|0.0
P16234|Q9H251_VKASSNRSW|0.001
P16234|Q9H251_SSNRSWTPP|0.0
P16234|Q9H251_NRSWTPPRG|0.0
P16234|Q9H251_GHNDTAIIG|0.0
P16234|Q9H251_IIGIYILRD|0.104
P16234|Q9H251_LMNWYYRTV|0.428
P16234|Q9H251_MNWYYRTVH|0.501
P16234|Q9H251-5_SPRFTAGPL|0.0
P16234|Q86UP0_EGAGTVFVI|0.0
P16234|Q86UP0_TVTLSDVND|0.0
P16234|Q86UP0_VAEWSAPAA|0.005
P16234|Q86UP0_NRDGSASLL|0.0
P16234|Q86UP0_DGSASLLLP|0.0
P16234|Q86UP0_LLLPSRPAP|0.001
P16234|Q8IXH8_DEENTPNSQ|0.004
P16234|Q8IXH8_NTPNSQVLY|0.211
P16234|Q8IXH8_ARPGTLLGT|0.0
P16234|Q8IXH8_TLLGTFNAM|0.0
P16234|Q8IXH8_MDPDSQIRY|0.38
P16234|P22223_VAPISVPEN|0.0
P16234|P22223_NQLKSNKDR|0.034
P16234|P22223_KDRDTKIFY|0.395
P16234|P22223_TKIFYSITG|0.03
P16234|P22223_DAPNSPAWR|0.053
P16234|P22223_MDPDSGQVT|0.236
P16234|P22223_PEDDTRDNV|0.058
P16234|P22223_DNVFYYGEE|0.355
P16234|P22223_NVFYYGEEG|0.38
P16234|P22223_EDQDYDITQ|0.396
P16234|P22223_TIIPTPMYR|0.009
P16234|P22223_LADMYGGGE|0.526
P16234|P55283_QVKFSSCVG|0.0
P16234|P55283_SCVGTKGTQ|0.416
P16234|P55283_IPIRYSITG|0.321
P16234|P55283_SGRMYVTRP|0.567
P16234|P55283_PIDLYIYVI|0.437
P16234|P55283_DLYIYVIDM|0.449
P16234|P55283_NILKYDEEG|0.166
P16234|P55283_EDQDYDLSQ|0.0
P16234|P55283_DYDLSQLQQ|0.028
P16234|P55283_GHVPSKAPG|0.0
P16234|P33151_EEKNTSLPH|0.302
P16234|P33151_EKNTSLPHH|0.0
P16234|P33151_KNAKYLLKG|0.384
P16234|P33151_IITITKSLD|0.007
P16234|P33151_KQARYEIVV|0.5
P16234|P33151_PLIGTVLAM|0.0
P16234|P33151_DARPSLYAQ|0.256
P16234|P33151_DGPPYDTLH|0.391
P16234|P33151_HIYGYEGSE|0.445
P16234|P33151_LAELYGSDP|0.001
P16234|P33151_EELLY____|0.514
P16234|P55285_RTYRYFLLL|0.381
P16234|P55285_VEPESEFII|0.0
P16234|P55285_VDRHTDMDR|0.0
P16234|P55285_LPRRTPTAR|0.0
P16234|P55285_GGVDSDKDS|0.0
P16234|P55285_SDKDS____|0.0
P16234|Q9ULB5_EQAYYTLRA|0.462
P16234|Q9ULB5_AKDQYLLVI|0.145
P16234|Q9ULB5_PRRSYQYNV|0.351
P16234|Q9ULB5_IDRNTDLER|0.0
P16234|Q9ULB5_IDANSGVIT|0.0
P16234|Q9ULB5_SGVITTAKS|0.002
P16234|Q9ULB5_GVITTAKSL|0.0
P16234|Q9ULB5_SQNPSQVGR|0.0
P16234|Q9ULB5_NHNFSLKDN|0.016
P16234|P55286_ILWITLPPC|0.0
P16234|P55286_LDFETKKSY|0.506
P16234|P55286_ITLATPLDR|0.001
P16234|P55286_HYFLYSLLP|0.386
P16234|P55286_VLFVTLRRH|0.003
P16234|Q9ULB4_KYILTGDGA|0.449
P16234|Q9ULB4_DGAGSLFVI|0.0
P16234|Q9ULB4_IDENTGDIH|0.08
P16234|Q9ULB4_TKDLYTASV|0.283
P16234|Q9ULB4_NQMLYTLRV|0.446
P16234|Q9ULB4_FTKVSYLIE|0.235
P16234|Q9ULB4_TKVSYLIEV|0.382
P16234|Q9ULB4_NLIKYSVDR|0.207
P16234|Q9ULB4_LIKYSVDRH|0.008
P16234|Q9ULB4_PLIISKDDV|0.0
P16234|Q9ULB4_LADMYGGDD|0.357
P16234|Q6ZTQ4_IPLSYFLIS|0.371
P16234|Q6ZTQ4_TTPIYILRI|0.089
P16234|Q6ZTQ4_PRRVTAGEG|0.012
P16234|A6H8M9_CAPRTFRVQ|0.0
P16234|A6H8M9_TGRDYLFNT|0.092
P16234|Q9H305_GAPPTPGRS|0.003
P16234|P06493_LWYRSPEVL|0.356
P16234|P06493_PEVESLQDY|0.0
P16234|P06493_DYKNTFPKW|0.0
P16234|P06493_LDLLSKMLI|0.0
P16234|P06493_KMLIYDPAK|0.025
P16234|P06493_LNHPYFNDL|0.307
P16234|Q15131_IGEGTYGIV|0.0
P16234|Q15131_GEGTYGIVY|0.0
P16234|Q15131_YGIVYRARD|0.382
P16234|Q15131_ENMPTPFSE|0.0
P16234|Q15131_VTLWYRAPE|0.0
P16234|Q15131-4_DCLESSYFK|0.0
P16234|Q15131-4_CLESSYFKE|0.0
P16234|Q15131-4_LESSYFKEK|0.0
P16234|Q9UQ88_CMEITIRNS|0.0
P16234|Q9UQ88_RNSPYRRED|0.433
P16234|Q9UQ88_RREDSMEDR|0.246
P16234|Q9UQ88_RREVSAHHR|0.381
P16234|Q9UQ88_MREDYSDKV|0.298
P16234|Q9UQ88_REDYSDKVK|0.37
P16234|Q9UQ88_KVKASHWSR|0.166
P16234|Q9UQ88_ASHWSRSPP|0.0
P16234|Q9UQ88_HWSRSPPRP|0.0
P16234|Q9UQ88_RDLLSDLQD|0.0
P16234|Q9UQ88_EEEMSEDEE|0.0
P16234|Q9UQ88_FDRDSGESE|0.0
P16234|Q9UQ88_DSGESEEAE|0.126
P16234|Q9UQ88_YVPDSPALL|0.146
P16234|Q9UQ88_QGCRSVEEF|0.0
P16234|Q9UQ88_IEEGTYGVV|0.201
P16234|Q9UQ88_EEGTYGVVY|0.547
P16234|Q9UQ88_YGVVYRAKD|0.386
P16234|Q9UQ88_LAREYGSPL|0.445
P16234|Q9UQ88_REYGSPLKA|0.013
P16234|Q9UQ88_PLKAYTPVV|0.42
P16234|Q9UQ88_LKAYTPVVV|0.138
P16234|Q9UQ88_PVVVTQWYR|0.446
P16234|Q9UQ88_VKKMTFSEH|0.0
P16234|Q9UQ88_GRRISAEDG|0.0
P16234|Q9UQ88_YFRETPLPI|0.334
P16234|Q9UQ88_VKRGTSPRP|0.137
P16234|Q9UQ88_GGLGYSQLG|0.287
P16234|Q9UQ88_GLGYSQLGD|0.034
P16234|Q9UQ88_DLKETGFHL|0.0
P16234|Q9UQ88_GFHLTTTNQ|0.001
P16234|Q9UQ88_NQGASAAGP|0.0
P16234|Q9UQ88_GPGFSLKF_|0.0
P16234|Q9UQ88-10_YFRETPLPI|0.0
P16234|P21127_DDRDSKRDS|0.0
P16234|P21127_SKRDSLEEG|0.135
P16234|P21127_RMEITIRNS|0.0
P16234|P21127_TIRNSPYRR|0.017
P16234|P21127_RNSPYRRED|0.444
P16234|P21127_RREDSMEDR|0.312
P16234|P21127_RRHRSHSAE|0.147
P16234|P21127_RREVSAHHR|0.481
P16234|P21127_MREDYSDKV|0.357
P16234|P21127_REDYSDKVK|0.401
P16234|P21127_KVKASHWSR|0.246
P16234|P21127_ASHWSRSPP|0.003
P16234|P21127_RDLLSDLQD|0.0
P16234|P21127_EEEMSEDEE|0.004
P16234|P21127_SSALTEGDY|0.21
P16234|P21127_TEGDYVPDS|0.488
P16234|P21127_QGCRSVEEF|0.0
P16234|P21127_IEEGTYGVV|0.302
P16234|P21127_EEGTYGVVY|0.64
P16234|P21127_YGVVYRAKD|0.415
P16234|P21127_LAREYGSPL|0.548
P16234|P21127_PVVVTLWYR|0.105
P16234|P21127_VKKMTFSEH|0.0
P16234|P21127_GRRISAEDG|0.001
P16234|P21127_GGLGYSQLG|0.353
P16234|P21127_GLGYSQLGD|0.115
P16234|P21127_DLKETGFHL|0.0
P16234|P21127_GFHLTTTNQ|0.018
P16234|P21127_NQGASAAGP|0.0
P16234|P21127_GPGFSLKF_|0.0
P16234|P21127-9____MSQSDD|0.0
P16234|P21127-9_DDRDSKRDS|0.0
P16234|P21127-9_SKRDSLEEG|0.0
P16234|Q9NYV4_GGGSSNSRE|0.0
P16234|Q9NYV4_KDRISGSSK|0.0
P16234|Q9NYV4_SSKRSNEET|0.0
P16234|Q9NYV4_SNEETDDYG|0.347
P16234|Q9NYV4_ETDDYGKAQ|0.001
P16234|Q9NYV4_KESRSSKLH|0.0
P16234|Q9NYV4_ESRSSKLHK|0.0
P16234|Q9NYV4_RKRETPKSY|0.0
P16234|Q9NYV4_PKRRSRSPH|0.0
P16234|Q9NYV4_KWSDSSKQD|0.0
P16234|Q9NYV4_WSDSSKQDD|0.0
P16234|Q9NYV4_SRSHTSSNY|0.0
P16234|Q9NYV4_RSHTSSNYD|0.0
P16234|Q9NYV4_SHTSSNYDS|0.0
P16234|Q9NYV4_SNYDSYKKS|0.001
P16234|Q9NYV4_VSPPYKEPS|0.0
P16234|Q9NYV4_YKEPSAYQS|0.0
P16234|Q9NYV4_EPSAYQSST|0.009
P16234|Q9NYV4_SAYQSSTRS|0.0
P16234|Q9NYV4_AYQSSTRSP|0.0
P16234|Q9NYV4_SVSPYSRRR|0.002
P16234|Q9NYV4_VSPYSRRRS|0.0
P16234|Q9NYV4_RRRSSSYER|0.0
P16234|Q9NYV4_RSSSYERSG|0.0
P16234|Q9NYV4_SPLPSRKSM|0.0
P16234|Q9NYV4_RSPAYSRHS|0.214
P16234|Q9NYV4_SPAYSRHSS|0.038
P16234|Q9NYV4_KENSSVEAK|0.0
P16234|Q9NYV4_EAKDSGLES|0.0
P16234|Q9NYV4_KETETSEKE|0.0
P16234|Q9NYV4_ETETSEKET|0.0
P16234|Q9NYV4_DDMDSPKET|0.0
P16234|Q9NYV4_DHIKSFMKQ|0.0
P16234|Q9NYV4_EGLEYCHKK|0.0
P16234|Q9NYV4_RLYNSEESR|0.0
P16234|Q9NYV4_RLCGSPCPA|0.0
P16234|Q9NYV4_DHMLTLDPS|0.0
P16234|Q9NYV4_TLDPSKRCT|0.0
P16234|Q9NYV4_EPPPSKTSR|0.0
P16234|Q9NYV4_PSKTSRKET|0.0
P16234|Q9NYV4_SRKETTSGT|0.0
P16234|Q9NYV4_RKETTSGTS|0.0
P16234|Q9NYV4_EPAGSLEEN|0.0
P16234|Q9NYV4_EENNSDKNS|0.0
P16234|Q9NYV4_VKNRTFSGS|0.0
P16234|Q9NYV4_LGESSSYQG|0.0
P16234|Q9NYV4-2_GRRRSSSPF|0.0
P16234|Q9NYV4-2_RRRSSSPFL|0.0
P16234|Q9NYV4-2_SRHSSISPV|0.0
P16234|Q9NYV4-2_HSSISPVRL|0.0
P16234|Q9NYV4-2_SDKNSGPQG|0.0
P16234|Q9NYV4-2_GPRRTPTMP|0.0
P16234|Q9NYV4-2_RRTPTMPQE|0.0
P16234|Q9NYV4-3_RRSSSPFLS|0.0
P16234|Q9NYV4-3_SPFLSKRSL|0.0
P16234|Q9NYV4-3_LSKRSLSRS|0.0
P16234|Q9NYV4-3_KRSLSRSPL|0.0
P16234|Q9NYV4-3_SLSRSPLPR|0.0
P16234|Q14004___MPSSSDT|0.0
P16234|Q14004__MPSSSDTA|0.0
P16234|Q14004_MPSSSDTAL|0.0
P16234|Q14004_GGGASSGGG|0.0
P16234|Q14004_GGASSGGGV|0.0
P16234|Q14004_GGGVTPLVE|0.0
P16234|Q14004_EDVSSQSEQ|0.0
P16234|Q14004_RDRRSSSGR|0.0
P16234|Q14004_DRRSSSGRS|0.0
P16234|Q14004_SSGRSKERH|0.0
P16234|Q14004_RSRHSHSGE|0.0
P16234|Q14004_RHSHSGEER|0.0
P16234|Q14004_GRRKSASAT|0.0
P16234|Q14004_RKSASATSS|0.0
P16234|Q14004_TSSSSSSRK|0.0
P16234|Q14004_KDRDSKAHR|0.0
P16234|Q14004_KAHRSRTKS|0.0
P16234|Q14004_SRTKSSKEP|0.0
P16234|Q14004_KEPPSAYKE|0.0
P16234|Q14004_SSPYSRRLP|0.0
P16234|Q14004_SPSPYSRRR|0.004
P16234|Q14004_PSPYSRRRS|0.0
P16234|Q14004_SPSYSRHSS|0.0
P16234|Q14004_YSRHSSYER|0.0
P16234|Q14004_SRHSSYERG|0.0
P16234|Q14004_RHSSYERGG|0.017
P16234|Q14004_DVSPSPYSS|0.0
P16234|Q14004_YSSSSWRRS|0.0
P16234|Q14004_RSGKSRSRS|0.0
P16234|Q14004_GKSRSRSPY|0.0
P16234|Q14004_SRSRSPYSS|0.0
P16234|Q14004_SRSPYSSRH|0.108
P16234|Q14004_SRSRSRHSS|0.0
P16234|Q14004_RSRHSSISP|0.0
P16234|Q14004_TSTPTKGNT|0.0
P16234|Q14004_TKGNTETSA|0.0
P16234|Q14004_GNTETSASA|0.0
P16234|Q14004_SASASQTNH|0.0
P16234|Q14004_PSPSSGGTL|0.0
P16234|Q14004_SSGGTLKND|0.0
P16234|Q14004_DKAKTKPPL|0.0
P16234|Q14004_PLTPSIGAK|0.0
P16234|Q14004_RGNISVKAV|0.0
P16234|Q14004_CGPRYGETK|0.0
P16234|Q14004_GEGTYGQVY|0.184
P16234|Q14004_GFPITAIRE|0.0
P16234|Q14004_EGLDYCHKK|0.152
P16234|Q14004_RLYSSEESR|0.0
P16234|Q14004_SSEESRPYT|0.0
P16234|Q14004_HELWSKKRR|0.0
P16234|Q14004_QMGMTDDVS|0.0
P16234|Q14004_GVLPSSQLK|0.0
P16234|Q14004_QQESSKPLG|0.0
P16234|Q14004_IQPSSQTIQ|0.0
P16234|Q14004_PSSQTIQPK|0.0
P16234|Q14004_PPEPSTPVS|0.0
P16234|Q14004_PEPSTPVSG|0.0
P16234|Q14004_STPVSGQDD|0.0
P16234|Q14004_NFGSSSFSS|0.0
P16234|Q14004_SSFSSAPYV|0.0
P16234|Q14004-2_RDRRSSSGR|0.0
P16234|Q14004-2_DRRSSSGRS|0.0
P16234|Q14004-2_KAHRSRTKS|0.0
P16234|Q14004-2_SRTKSSKEP|0.0
P16234|Q14004-2_SQLKSQGSS|0.0
P16234|Q14004-2_PQQESSKPL|0.0
P16234|O94921_TLSESFSRI|0.0
P16234|O94921_RVQRTQSTF|0.0
P16234|O94921_RTQSTFDPF|0.0
P16234|O94921_INFKTSSTG|0.0
P16234|O94921_NFKTSSTGK|0.0
P16234|O94921_TGKESPKVR|0.0
P16234|O94921_VRRHSSPSS|0.0
P16234|O94921_RRHSSPSSP|0.0
P16234|O94921_HSSPSSPTS|0.0
P16234|O94921_SSPSSPTSP|0.0
P16234|O94921_PSSPTSPKF|0.0
P16234|O94921_SSPTSPKFG|0.0
P16234|O94921_KADSYEKLE|0.043
P16234|O94921_LGEGSYATV|0.0
P16234|O94921_GEGSYATVY|0.417
P16234|O94921_DIIHTKETL|0.0
P16234|Q96Q40_GEGSYATVY|0.45
P16234|Q96Q40_YATVYKGIS|0.36
P16234|Q96Q40_DIIHTKETL|0.0
P16234|Q96Q40_FPLPTPRSL|0.004
P16234|Q00536_QLSMTLRGG|0.0
P16234|Q00536_RKISTEDIN|0.0
P16234|Q00536_DKPLSRRLR|0.0
P16234|Q00536_GKLETYIKL|0.0
P16234|Q00536_RILGTPTEE|0.0
P16234|Q00536_PGILSNEEF|0.0
P16234|Q00536_ASLRSSSMP|0.0
P16234|Q00536_SLRSSSMPD|0.0
P16234|Q00536-2_AGPITAAVP|0.0
P16234|Q00537_RLSLTLRGS|0.0
P16234|Q00537_QYTGSFKKP|0.0
P16234|Q00537_RRPHSVIGG|0.0
P16234|Q00537_MSRRSRRAS|0.0
P16234|Q00537_RASLSEIGF|0.0
P16234|Q00537_YATVYKGRS|0.0
P16234|Q00537_VSIFSLKEI|0.0
P16234|Q00537-2_FTCRS____|0.0
P16234|Q07002_RFSLSVPRT|0.0
P16234|Q07002_MEDVSKRLS|0.126
P16234|Q07002_PKPLSRMSR|0.0
P16234|Q07002_GKLETYVKL|0.0
P16234|Q07002_KLETYVKLD|0.0
P16234|Q07002_LGEGTYATV|0.0
P16234|Q07002-3_QRRFSMEVR|0.0
P16234|Q07002-3_EVRASGALP|0.0
P16234|Q9BWU1_VGRGTYGHV|0.004
P16234|Q9BWU1_KMPEYPTLQ|0.0
P16234|P24941_LLINTEGAI|0.0
P16234|Q8IZL9__MDQYCILG|0.373
P16234|Q8IZL9_SRLYTHQVA|0.18
P16234|O14519_TYAGSKSAM|0.0
P16234|O14519_AGSKSAMER|0.0
P16234|O75956_AGSKSAMER|0.0
P16234|Q00526_AEMVTRKAL|0.0
P16234|Q00526_QLPDYKGSF|0.0
P16234|Q00526_QYDPSQRIT|0.033
P16234|P11802_LEMLTFNPH|0.502
P16234|Q00535_EGVPSSALR|0.0
P16234|Q00535_EIVKSFLFQ|0.0
P16234|Q00535_EQWPSMTKL|0.0
P16234|Q00535_WPSMTKLPD|0.0
P16234|Q00535_DYKPYPMYP|0.439
P16234|Q00535_PYPMYPATT|0.347
P16234|Q15078_LYLSYSYMG|0.0
P16234|Q13319_VPGGSPRRV|0.0
P16234|Q96SZ6_HSSLSSTMC|0.0
P16234|Q96SZ6_AQSGSSRVL|0.001
P16234|Q96SZ6_SREAYVELV|0.0
P16234|Q96SZ6_KTRAYHRLK|0.0
P16234|Q96SZ6_ASSQTLRGH|0.0
P16234|Q96SN8_LIKASKAVE|0.0
P16234|Q96SN8_EDLLTKRIL|0.096
P16234|Q96SN8_DENVSSGEL|0.0
P16234|Q96SN8_KERETEAAQ|0.085
P16234|Q96SN8_QKAQTQEFQ|0.0
P16234|Q96SN8_EFQGSEDYE|0.302
P16234|Q96SN8_GSEDYETAL|0.449
P16234|Q96SN8_EDYETALSG|0.392
P16234|Q96SN8_ETALSGKEA|0.0
P16234|Q96SN8_NLTKSTENH|0.0
P16234|Q96SN8_LTKSTENHR|0.0
P16234|Q96SN8_RLRRSIKKI|0.0
P16234|Q96SN8_NRYKSLLSE|0.164
P16234|Q96SN8_LTESTNQKD|0.0
P16234|Q96SN8_KKQSSDYEE|0.338
P16234|Q96SN8_QSSDYEELI|0.297
P16234|Q96SN8_EQDIYTHLV|0.388
P16234|Q96SN8_QESDSINNL|0.0
P16234|Q96SN8_EEQISEIRR|0.0
P16234|Q96SN8_IFDLSCMGF|0.0
P16234|Q96SN8_DRLASTEQT|0.0
P16234|Q96SN8_RLASTEQTE|0.004
P16234|Q96SN8_ELLASKEDE|0.0
P16234|Q96SN8_HLQQSNEIM|0.041
P16234|Q96SN8_LLLESRPDL|0.0
P16234|Q96SN8_VQTNSFSKP|0.139
P16234|Q96SN8_LIKPSRSLG|0.0
P16234|Q96SN8_KPSRSLGNM|0.0
P16234|Q96SN8_LGNMYRLPA|0.217
P16234|Q96SN8_TPDKTLLNA|0.001
P16234|Q96SN8_VGAAYQDSP|0.001
P16234|Q96SN8_AYQDSPGEQ|0.243
P16234|Q96SN8_DDLASLPSC|0.0
P16234|Q96SN8_VLSPTSVAT|0.018
P16234|Q96SN8_LSPTSVATY|0.146
P16234|Q96SN8_NETEYLKQK|0.331
P16234|Q96SN8_PKNGSDGEE|0.0
P16234|Q96SN8_EMTFSSLHQ|0.022
P16234|Q96SN8_MTFSSLHQV|0.0
P16234|Q96SN8_PRYDSLVQS|0.377
P16234|Q96SN8_DNLTYQHLL|0.48
P16234|Q96SN8_LLPESPEPS|0.0
P16234|Q96SN8_SPEPSASHA|0.0
P16234|Q96SN8_SHALSDYET|0.183
P16234|Q96SN8_ALSDYETSE|0.035
P16234|Q96SN8_TSEKSFFSR|0.0
P16234|Q96SN8_VMVNSFSQD|0.066
P16234|Q96SN8_ERQGSEFVQ|0.124
P16234|Q96SN8_STLQSRLKE|0.0
P16234|Q96SN8_ESDNSFDLF|0.025
P16234|Q96SN8_AHPGTCSPS|0.001
P16234|Q96SN8_TCSPSRPGS|0.0
P16234|Q96JB5_GTEASTKNI|0.0
P16234|Q96JB5_TEASTKNIF|0.0
P16234|Q96JB5_IIALYEKDN|0.417
P16234|Q96JB5_KDNTYLVEL|0.36
P16234|Q96JB5_LQQEYSRKE|0.002
P16234|Q96JB5_QQEYSRKEE|0.264
P16234|Q96JB5_REQFYHSCK|0.327
P16234|Q96JB5_QFYHSCKQY|0.435
P16234|Q96JB5_NSTVYEWRT|0.385
P16234|Q96JB5_TLLEYTETR|0.423
P16234|Q96JB5_LLEYTETRN|0.0
P16234|Q96JB5_AVELSEEAD|0.0
P16234|Q96JB5_LQGQTKEKM|0.0
P16234|Q96JB5_ISKRYSGRP|0.0
P16234|Q96JB5_NLMGTSL__|0.0
P16234|Q96JB5_LMGTSL___|0.0
P16234|Q00534_GMPLSTIRE|0.0
P16234|Q00534_VCTVSRTDR|0.0
P16234|Q00534_ILVTSSGQI|0.0
P16234|Q00534_LFRGSSDVD|0.0
P16234|Q00534_FRGSSDVDQ|0.036
P16234|Q00534_EKFVTDIDE|0.0
P16234|Q00534_AKRISAYSA|0.0
P16234|Q00534_RISAYSALS|0.005
P16234|Q00534_ISAYSALSH|0.0
P16234|Q00534_YSALSHPYF|0.043
P16234|Q00534_LSHPYFQDL|0.258
P16234|Q00534_HLPPSQNTS|0.0
P16234|P50613_IKDNSLVLT|0.0
P16234|P50613_SLVLTPSHI|0.0
P16234|P50613_HQVVTRWYR|0.0
P16234|P50613_LPGDSDLDQ|0.0
P16234|P50613_KRKRTEALE|0.0
P16234|P49336_VKLSSERER|0.0
P16234|P49336_PNVISLQKV|0.0
P16234|P49336_GMVKSLLYQ|0.001
P16234|P49336_KSLLYQILD|0.004
P16234|P49336_DGIHYLHAN|0.28
P16234|P49336_REFLTEEEP|0.081
P16234|P49336_PTTTSGGLI|0.0
P16234|P50750_KQYDSVECP|0.0
P16234|P50750_DFFWSDPMP|0.0
P16234|P50750_SMFEYLAPP|0.0
P16234|P50750_TTNQTEFER|0.0
P16234|P50750-2_AAASSGGGG|0.0
P16234|P50750-2_GGGGSGGGG|0.0
P16234|P50750-2_PPGLSGTTS|0.0
P16234|P50750-2_GLSGTTSPR|0.0
P16234|P50750-2_LSGTTSPRG|0.0
P16234|P50750-2_SGTTSPRGP|0.0
P16234|Q5VV42_RRRNTQKYL|0.446
P16234|Q5VV42_NTQKYLQEE|0.372
P16234|Q5VV42_NSPPSDSTI|0.0
P16234|Q5VV42_PPSDSTIPG|0.0
P16234|Q5VV42_TENASDADL|0.12
P16234|Q5VV42_VVEETIKGH|0.001
P16234|Q5VV42_IKGHSVRLL|0.002
P16234|Q5VV42_HPRVYAFLH|0.455
P16234|Q5VV42_GNQLSSGSH|0.0
P16234|Q5VV42_LSSGSHTSA|0.0
P16234|Q5VV42_TSAASQCDS|0.0
P16234|Q00532_RNRDTGQIV|0.0
P16234|Q00532_YYTDYVATR|0.441
P16234|Q00532-2_LSRPSPFKT|0.0
P16234|Q92772_GEGSYGMVM|0.001
P16234|Q8IVW4_LLSSSVLGK|0.009
P16234|O76039_NNANYTEYV|0.403
P16234|O76039_LERRYLGIL|0.0
P16234|O76039_PADRYLTEQ|0.359
P16234|O76039_LLDRSPSRS|0.0
P16234|O76039_SHHRSNSKD|0.0
P16234|O76039_HRSNSKDIQ|0.0
P16234|O76039_GASLSPLHT|0.0
P16234|O76039_QNRHSFMES|0.0
P16234|O76039_RSPSYRTKA|0.0
P16234|O76039_TKAKSHGAL|0.0
P16234|O76039_HGALSDSKS|0.0
P16234|O76039_SDSKSVSNL|0.0
P16234|O76039_IAEPSTSRY|0.0
P16234|O76039_YFPSSCLDL|0.372
P16234|O76039_LDLNSPTSP|0.0
P16234|O76039_NSPTSPTPT|0.0
P16234|O76039_PTSPTPTRH|0.0
P16234|O76039_SPTPTRHSD|0.0
P16234|O76039_RTLLSPSGR|0.0
P16234|O76039_TSPFSSQQR|0.0
P16234|O76039_ARANSLQLL|0.0
P16234|O76039_LQLLSPQPG|0.0
P16234|O76039_PPEMTVARS|0.0
P16234|O76039_TRQKSEGGV|0.0
P16234|O76039_EGGVYHDPH|0.248
P16234|O76039_NRHLYNDPV|0.186
P16234|O76039_RRVGSFYRV|0.183
P16234|O76039_RPDNSFHEN|0.0
P16234|O76039_HSASTPSSR|0.0
P16234|O76039_SDLQTQSQP|0.0
P16234|O76039_LQTQSQPLK|0.0
P16234|O76039_LHLSSASNH|0.0
P16234|O76039_QTKNSFSEI|0.0
P16234|O76039-1_QVRGTDAFS|0.0
P16234|O76039-1_TDAFSCPTQ|0.0
P16234|Q9NXV6_SEYLSQNPR|0.0
P16234|Q9NXV6_GGAASASTD|0.0
P16234|Q9NXV6_GIKVTDAPT|0.0
P16234|Q9NXV6_TDAPTYTTR|0.0
P16234|Q9NXV6_PTYTTRDEL|0.0
P16234|Q9NXV6_RGISSSNEG|0.0
P16234|Q9NXV6_GISSSNEGV|0.0
P16234|Q9NXV6_EGKNSSAVE|0.0
P16234|Q9NXV6_GKNSSAVEQ|0.0
P16234|Q9NXV6_TCIGSAIKS|0.0
P16234|Q9NXV6_SARSSGISS|0.0
P16234|Q9NXV6_SGISSQNSS|0.0
P16234|Q9NXV6_DGDRSVSSQ|0.0
P16234|Q9NXV6_DRSVSSQSS|0.0
P16234|Q9NXV6_RSVSSQSSS|0.0
P16234|Q9NXV6_QSSSSVSSQ|0.0
P16234|Q9NXV6_SSSVSSQVT|0.0
P16234|Q9NXV6_HGSASFVSL|0.0
P16234|Q9NXV6_SLLKSSVNS|0.0
P16234|Q9NXV6_LLKSSVNSH|0.0
P16234|Q9NXV6_NSHMTQSTD|0.0
P16234|Q9NXV6_QSTDSRQQS|0.0
P16234|Q9NXV6_QQSGSPKKS|0.0
P16234|Q9NXV6_SSGTSLLTP|0.0
P16234|Q9NXV6_PKSSSSTNT|0.0
P16234|Q9NXV6_SSTNTSLLT|0.0
P16234|Q9NXV6_STNTSLLTS|0.0
P16234|Q9NXV6_TSLLTSKST|0.0
P16234|Q9NXV6_SLLTSKSTS|0.0
P16234|Q9NXV6_SKSTSQVAA|0.0
P16234|Q9NXV6_LASKSSSQT|0.0
P16234|Q9NXV6_SKSSSQTSG|0.0
P16234|Q9NXV6_QTSGSLVSK|0.0
P16234|Q9NXV6_GSLVSKSTS|0.0
P16234|Q9NXV6_LASVSQLAS|0.0
P16234|Q9NXV6_SKSSSQTST|0.0
P16234|Q9NXV6_SQTSTSQLP|0.0
P16234|Q9NXV6_QSSESSVKF|0.0
P16234|Q9NXV6_SSESSVKFS|0.0
P16234|Q9NXV6_FNRLYKTVA|0.055
P16234|Q9NXV6_VGGFSPNVN|0.001
P16234|Q9NXV6_LDEESRPVN|0.0
P16234|Q96HQ2_EELVSGVRQ|0.0
P16234|P55273_DAARTGFLD|0.001
P16234|P55273_GFLDTLKVL|0.001
P16234|Q16667_SEFDSSDEE|0.0
P16234|Q16667_EFDSSDEEP|0.0
P16234|Q16667-2_MKPPSSIQT|0.0
P16234|Q16878__MEQTEVLK|0.0
P16234|Q16878_TPNATSGSL|0.0
P16234|Q16878_PNATSGSLE|0.0
P16234|Q4KMG0_GDVKYVTYM|0.523
P16234|Q4KMG0_VKYVTYMVN|0.574
P16234|Q4KMG0_KYVTYMVNV|0.439
P16234|Q4KMG0_GSPITAFKV|0.0
P16234|Q4KMG0_KDLSTPPNS|0.0
P16234|Q4KMG0_TPPNSLGSG|0.0
P16234|Q4KMG0_NGGLYSGHS|0.392
P16234|Q4KMG0_GHSNSLTRT|0.0
P16234|Q86YS7_KFGNTTFKT|0.108
P16234|Q86YS7_DHDTYSAND|0.221
P16234|Q86YS7_EDPEYQWID|0.401
P16234|Q86YS7_CNSPSKEMK|0.0
P16234|Q86YS7_SSGPSTPLK|0.0
P16234|Q86YS7_SGPSTPLKN|0.0
P16234|Q86YS7_LKNQTYSFS|0.303
P16234|Q86YS7_KNQTYSFSP|0.343
P16234|Q86YS7_SPSKSYSRQ|0.0
P16234|Q86YS7_PSKSYSRQS|0.286
P16234|Q86YS7_SKSYSRQSS|0.018
P16234|Q86YS7_SSSDTDLSL|0.0
P16234|Q86YS7_DTDLSLTPK|0.0
P16234|Q86YS7_TGMGSGSAG|0.0
P16234|Q86YS7_QQTQSALEQ|0.079
P16234|Q86YS7_NDGSYEQHI|0.351
P16234|Q86YS7_QALQTTKTP|0.336
P16234|Q86YS7_FRNRSAPPC|0.004
P16234|Q86YS7_KITKYLGII|0.221
P16234|Q86YS7_LINVSGDAV|0.0
P16234|Q86YS7-2_LRQQTQSAL|0.0
P16234|Q86YS7-2_QQTQSALEQ|0.0
P16234|Q86YS7-2_RLLRSQSES|0.0
P16234|Q86YS7-2_LRSQSESSD|0.0
P16234|Q86YS7-2_SQSESSDEV|0.0
P16234|Q86YS7-2_QSESSDEVT|0.0
P16234|Q86YS7-2_QRATSVDYS|0.253
P16234|Q86YS7-2_VEKASPVGD|0.0
P16234|Q6NVV7_KRTPSQPGS|0.0
P16234|P51861_RRGFSGRLG|0.0
P16234|P51861_RCGLTGRPG|0.0
P16234|Q01850_QGRRSPGKC|0.0
P16234|Q01850_KPAPSFACL|0.0
P16234|Q01850_QHFVYDHVF|0.507
P16234|Q01850_QGQPSPDEE|0.0
P16234|Q01850_QAQLSLERQ|0.0
P16234|Q01850_ATGAYRARA|0.436
P16234|Q01850_PDSLYVPFK|0.466
P16234|Q01850_QRGISLLHE|0.0
P16234|Q01850_WELASVNPE|0.07
P16234|Q01850_EPVSSPTTP|0.0
P16234|Q01850_VSSPTTPPE|0.005
P16234|Q01850_SSPTTPPEY|0.0
P16234|Q01850_TPPEYKALF|0.073
P16234|Q01850_KEIFSCIKK|0.006
P16234|Q01850_TKYRSLSSH|0.015
P16234|Q01850_YRSLSSHS_|0.101
P16234|Q01850_LSSHS____|0.001
P16234|Q86X02_ERRRTIHTF|0.001
P16234|Q86X02_RTIHTFPCL|0.0
P16234|Q86X02_FRLHSSSLE|0.0
P16234|Q86X02_RLHSSSLEL|0.0
P16234|Q86X02_LHSSSLELG|0.0
P16234|Q86X02_DGVSSPAAS|0.0
P16234|Q86X02_VVRKSCSDT|0.0
P16234|Q86X02_SCSDTALNA|0.0
P16234|Q86X02_AGNLTLHAN|0.047
P16234|Q86X02_KRGMSILRE|0.0
P16234|Q86X02_AGVQTSRPI|0.0
P16234|Q86X02_SRPISRDSS|0.0
P16234|Q86X02_ISRDSSWRD|0.0
P16234|Q86X02_SRDSSWRDL|0.0
P16234|Q96T59_CCFPTSRGC|0.01
P16234|Q96T59_CFPTSRGCC|0.002
P16234|A8MXV6_CCFPTSRGC|0.0
P16234|A8MXV6_CFPTSRGCC|0.0
P16234|A8MXV6_RNGGSESLF|0.0
P16234|A8MXV6_GGSESLFRQ|0.0
P16234|A8MXV6_ERLLSFAGT|0.0
P16234|A8MXV6_FAGTTALLL|0.0
P16234|Q92903_RHRGSCPGP|0.0
P16234|Q92903_REAVSPPHR|0.0
P16234|Q92903_ETESTSDKE|0.0
P16234|Q92903_TESTSDKET|0.0
P16234|Q92903_SDKETDIDD|0.0
P16234|Q92903_LSGLSSRWK|0.0
P16234|Q92903_SGLSSRWKN|0.0
P16234|Q92903_SPKKTWEGF|0.296
P16234|Q92903_GGFFSTVVF|0.0
P16234|Q92903_KTLKTHLIE|0.0
P16234|Q92903_ILQPTLKV_|0.0
P16234|O95674_SRAESAPLP|0.008
P16234|O95674_PLPVSADDT|0.0
P16234|O95674_SADDTPEVL|0.0
P16234|O95674_YLMATFVNV|0.397
P16234|O95674_KGMLTSTTE|0.0
P16234|O95674_GMLTSTTED|0.0
P16234|O95674_MLTSTTEDE|0.0
P16234|O95674_LTSTTEDE_|0.0
P16234|Q15517_SYSGSSSSG|0.0
P16234|Q15517_YSGSSSSGS|0.036
P16234|Q15517_SGSSSSGSS|0.0
P16234|Q15517_GSSISSARS|0.0
P16234|Q15517_SSISSARSS|0.0
P16234|Q15517_GSSDSYLVP|0.0
P16234|Q15517_SASQSPCSP|0.0
P16234|Q15517_SSSSSSQSS|0.0
P16234|Q15517_SSSQSSGKI|0.0
P16234|Q9H211_RAPASATSG|0.0
P16234|Q9H211_PASATSGSR|0.0
P16234|Q9H211_ASATSGSRK|0.0
P16234|Q9H211_RLRLSVDEV|0.0
P16234|Q9H211_SSPSTPEAP|0.0
P16234|Q9H211_PPHLTSAQD|0.0
P16234|Q9H211_GESCTPEAE|0.0
P16234|Q9H211_SAAPSSPGS|0.0
P16234|Q9H211_AASPSALKG|0.0
P16234|Q9UKY7_NRAASAAGA|0.0
P16234|Q9UKY7_AGGSSGAAG|0.0
P16234|Q9UKY7_TKAVTKDED|0.0
P16234|Q9UKY7_EVDYSGLRV|0.0
P16234|Q9UKY7_GMEKSSGPW|0.0
P16234|Q9UKY7_IVTETPEPA|0.0
P16234|Q9UKY7_EPAMTSGVY|0.0
P16234|Q9UKY7_ARLTTTRKT|0.0
P16234|Q9UKY7_RLTTTRKTP|0.0
P16234|Q9UKY7_IYSDTQFPS|0.0
P16234|Q9UKY7_ENQKSSHSQ|0.0
P16234|Q9UKY7_NQKSSHSQY|0.061
P16234|Q9UKY7_KSSHSQYN_|0.005
P16234|Q9UKY7_SHSQYN___|0.418
P16234|P47902____MYVGYV|0.439
P16234|P47902_MYVGYVLDK|0.304
P16234|P47902_DSPVYPGPA|0.253
P16234|P47902_GGGGSGKTR|0.0
P16234|P47902_IRRKSELAA|0.136
P16234|Q99626__MYVSYLLD|0.059
P16234|Q99626_PAQQSLGSQ|0.018
P16234|Q99626_TLGLSERQV|0.0
P16234|Q99626_GPLRSVPEP|0.0
P16234|Q99626_VLNPTVTQ_|0.0
P16234|Q99626_NPTVTQ___|0.301
P16234|Q9Y6F8_KNGNTQYLV|0.459
P16234|Q9Y6F8_GNTQYLVRW|0.137
P16234|Q9Y6F8_KLTWTTTSR|0.0
P16234|Q9Y6F8_LTWTTTSRI|0.0
P16234|Q9Y6F8_RRRTSRSTK|0.0
P16234|Q9Y6F8_RTSRSTKAN|0.0
P16234|Q9Y6F8_TKANYSKNS|0.43
P16234|Q9Y6F8_YSKNSPKTP|0.021
P16234|Q9Y6F8_RDPLSRPGA|0.0
P16234|Q9Y6F8_DMHTSVPRV|0.043
P16234|Q9Y6F8_EDGFTQIVL|0.0
P16234|Q9Y6F8_GRKLTAREA|0.0
P16234|Q9Y6F8_ELASYNPIV|0.215
P16234|Q9Y6F7_KNGNTQYLV|0.459
P16234|Q9Y6F7_GNTQYLVRW|0.04
P16234|Q9Y6F7_KLTWTTTSR|0.0
P16234|Q9Y6F7_LTWTTTSRI|0.0
P16234|Q9Y6F7_RRRTSRSTK|0.0
P16234|Q9Y6F7_RTSRSTKAN|0.0
P16234|Q9Y6F7_TKANYSKNS|0.421
P16234|Q9Y6F7_YSKNSPKTP|0.001
P16234|Q9Y6F7_RKAASTLSD|0.0
P16234|Q9Y6F7_KAASTLSDT|0.0
P16234|Q9Y6F7_ASTLSDTKN|0.0
P16234|Q9Y6F7_RDPLSHPGA|0.0
P16234|Q9Y6F7_DMHTSVPRV|0.001
P16234|Q9Y6F7_TIRLTESAI|0.0
P16234|Q9Y6F7_RLTESAITY|0.0
P16234|Q9Y6F7_EDGFTQIVL|0.0
P16234|Q9Y6F7_GRKLTAREA|0.0
P16234|Q9Y232_SEDDTWEPE|0.0
P16234|Q9Y232_RTNRTSPNN|0.0
P16234|Q9Y232_TNRTSPNNA|0.0
P16234|Q9Y232_NFSKTSPKA|0.0
P16234|Q9Y232_FSKTSPKAL|0.0
P16234|Q9Y232_ESKNSQLFA|0.0
P16234|Q9Y232_NTAPSLSSR|0.0
P16234|Q9Y232_GQEDTVAPE|0.0
P16234|Q9Y232_ARMGSRPRI|0.0
P16234|Q9Y232_RLRFSVRQT|0.0
P16234|Q9Y232_QDGFTHILL|0.0
P16234|Q9Y232_HILLSTKSS|0.0
P16234|Q9Y232_ILLSTKSSE|0.0
P16234|Q8N8U2___MASGDLY|0.0
P16234|Q8N8U2_LLRDSRGPS|0.0
P16234|Q8N8U2_SRGPSVEKL|0.0
P16234|Q8N8U2_SHRPSDPGK|0.0
P16234|Q8N8U2_PKKGYSGKP|0.0
P16234|Q8N8U2_KKGYSGKPS|0.001
P16234|Q8N8U2_VSYRTTPSG|0.0
P16234|Q8N8U2_SYRTTPSGL|0.0
P16234|Q8N8U2_GDAGSEKDE|0.0
P16234|Q8N8U2_RLRYSVRQN|0.004
P16234|Q8N8U2_RRKESTRIA|0.0
P16234|Q8N8U2_RKESTRIAE|0.0
P16234|P13688_MNEVTYSTL|0.251
P16234|P13688_EVTYSTLNF|0.302
P16234|P13688_PTSASPSLT|0.0
P16234|P13688_EIIYSEVKK|0.0
P16234|P13688-9_PASTSQSAK|0.0
P16234|Q2WEN9_KTLLSGSAS|0.0
P16234|Q2WEN9_LLSGSASVV|0.0
P16234|Q2WEN9_TGRYTLKTV|0.265
P16234|Q7Z692_MKAKTEVQV|0.0
P16234|Q7Z692_EVMPSPVLL|0.0
P16234|Q6UY09_IKLESGVAS|0.0
P16234|Q6UY09_ELNSSLTLQ|0.0
P16234|Q6UY09_PQSSSLSSG|0.0
P16234|Q6UY09_LRLVSTVPK|0.025
P16234|Q6UY09_RLVSTVPKN|0.0
P16234|Q3KPI0_VLVGSLLVA|0.0
P16234|P40198_DTNIYCRMD|0.235
P16234|O75871_PPPASTPGH|0.0
P16234|O75871_PPASTPGHG|0.0
P16234|O75871_GHGPSHRST|0.0
P16234|O75871_ATPIYEELL|0.0
P16234|P06731_NGNRTLTLF|0.0
P16234|P06731_NRTLTLFNV|0.0
P16234|P06731_LFNVTRNDT|0.003
P16234|P06731_DTASYKCET|0.33
P16234|P06731_SARRSDSVI|0.0
P16234|P06731_SVDHSDPVI|0.0
P16234|P06731_PDDPTISPS|0.0
P16234|P06731_DPTISPSYT|0.229
P16234|P06731_SGLYTCQAN|0.305
P16234|P06731_ASGTSPGLS|0.0
P16234|P40199_VPTISPSKA|0.002
P16234|P40199_QAHNSATGL|0.0
P16234|P40199_LNRTTVTMI|0.0
P16234|P40199_APVLSAVAT|0.0
P16234|P40199_SAVATVGIT|0.0
P16234|Q14002_LNVRYESVQ|0.405
P16234|Q14002_SVQASSPDL|0.0
P16234|Q14002_VQASSPDLS|0.0
P16234|Q14002_LSAGTAVSI|0.0
P16234|P31997_DTGSYTLQV|0.279
P16234|P31997_KNSGSYACH|0.309
P16234|Q9BXF3_LREASFQDL|0.0
P16234|Q9BXF3_NCRKYNGES|0.245
P16234|Q9BXF3_NGESSEYTK|0.0
P16234|Q9BXF3_SSEYTKMSD|0.0
P16234|Q9BXF3_SLPPTRRAP|0.0
P16234|Q9BXF3_RRAPSSGDD|0.0
P16234|Q9BXF3_RAPSSGDDQ|0.0
P16234|Q9BXF3_GDDQSSSST|0.0
P16234|Q9BXF3_RQPFTMQPP|0.001
P16234|Q9BXF3_CTRQSSPQE|0.0
P16234|Q9BXF3_QERETVGPE|0.0
P16234|Q9BXF3_IGEASPCGS|0.0
P16234|Q9BXF3_GPPASQPPP|0.0
P16234|Q9BXW7_RLVNSQGQL|0.0
P16234|Q9BXW7_LFSEYHEKR|0.0
P16234|Q9BXQ6_VSSASGSFP|0.0
P16234|Q9BXQ6_SASGSFPPP|0.0
P16234|Q9BXQ6_GRRGSGDSS|0.0
P16234|Q711Q0_GWAATFQQL|0.133
P16234|Q711Q0_KYPKTSPPP|0.0
P16234|Q711Q0_YPKTSPPPT|0.001
P16234|Q711Q0_EVPVSGLRS|0.0
P16234|Q711Q0_SGLRSSNKP|0.0
P16234|Q711Q0_SKVSTLIKS|0.0
P16234|Q711Q0_THQNSYQPG|0.211
P16234|Q711Q0_HQNSYQPGR|0.234
P16234|Q711Q0_HKPVTGEPG|0.0
P16234|Q711Q0_ERKDTAGTV|0.0
P16234|Q711Q0_HYGDTTLLR|0.0
P16234|Q711Q0_RKPKTGKKG|0.0
P16234|Q711Q0_PAERTPSPP|0.0
P16234|Q711Q0_KRVKSTYSS|0.215
P16234|Q711Q0_RVKSTYSSS|0.009
P16234|Q711Q0_VKSTYSSSP|0.31
P16234|Q711Q0_STYSSSPLL|0.0
P16234|Q711Q0_GLEESPPNE|0.0
P16234|Q711Q0_SRSVSQETE|0.0
P16234|Q711Q0_KMWFTENQR|0.0
P16234|Q711Q0_RKDVSAGDS|0.0
P16234|Q711Q0_DELQYCALS|0.393
P16234|Q711Q0_PSSASNRHM|0.0
P16234|Q711Q0_HMLFTIKDN|0.0
P16234|Q711Q0_IKDNTLRAT|0.363
P16234|Q711Q0_SPGESSACS|0.0
P16234|Q711Q0_PGESSACSP|0.0
P16234|Q711Q0_SSACSPAAS|0.0
P16234|Q711Q0_QLERTASKP|0.0
P16234|Q711Q0_VPPKTEKAL|0.0
P16234|Q711Q0_LAAPYVLYP|0.011
P16234|Q711Q0_PVPVTALMP|0.0
P16234|P19835_LGAVYTEGG|0.392
P16234|P19835_GAVYTEGGF|0.142
P16234|P19835_RRAISQSGV|0.0
P16234|P19835_GVALSPWVI|0.0
P16234|P19835_EEDFYKLVS|0.449
P16234|P19835_NFAKTGDPN|0.033
P16234|P08217_AGALSCGDP|0.0
P16234|P08217_SSSRTYRVG|0.0
P16234|P08217_YVAESGSLA|0.473
P16234|P08861_LRLLSSLLL|0.0
P16234|P08861_RLLSSLLLV|0.0
P16234|P08861_GPPSSRPSS|0.0
P16234|Q92879_QVPRTWSEK|0.0
P16234|Q92879-4_VDHCSLNSS|0.001
P16234|Q92879-4_CSLNSSPVS|0.0
P16234|Q92879-4_SLNSSPVSK|0.0
P16234|Q92879-4_KMNGTLDHP|0.0
P16234|O95319_ALDHSDQPD|0.0
P16234|O95319_PRSWSEKEL|0.0
P16234|O95319_LFEPYGAVY|0.078
P16234|O95319_YGAVYQINV|0.388
P16234|O95319_LRDRSQNPP|0.0
P16234|O95319_EGCSSPIVV|0.0
P16234|Q8N6W0_CAFLTYCAR|0.185
P16234|Q8N6W0_AFLTYCARD|0.207
P16234|Q8N6W0_IKAQTALHE|0.0
P16234|Q96J87_IEECTVLRS|0.0
P16234|Q96J87_VKFGSQGEA|0.0
P16234|Q9NYQ6_EERVSYYME|0.373
P16234|Q9NYQ6_ERVSYYMEG|0.37
P16234|Q9NYQ6_RVSYYMEGL|0.368
P16234|Q9NYQ6_VFEQSEYRE|0.001
P16234|Q9NYQ6_LGGGSAGPK|0.0
P16234|Q9NYQ6_LRFDSSAPF|0.0
P16234|Q9NYQ6_FLSSTTVLF|0.0
P16234|Q9NYQ6_FVLLSLVRM|0.0
P16234|Q9NYQ6_HLEDSATTR|0.0
P16234|Q9NYQ6_LLTRSLNCN|0.0
P16234|Q9NYQ6_LNCNTTFGD|0.0
P16234|Q9NYQ6_NCNTTFGDG|0.195
P16234|Q9NYQ6_LVRGSHGEP|0.0
P16234|Q9NYQ6_SLAESDSED|0.0
P16234|Q9NYQ6_ETKVSVELH|0.0
P16234|Q9NYQ6_DCEQSPTSS|0.0
P16234|Q9NYQ6_SSLGSGGPD|0.0
P16234|Q9NYQ6_ITVKSPGRE|0.0
P16234|Q9NYQ6_QADGSDSEK|0.0
P16234|Q9HCU4_LERQYVLAV|0.116
P16234|Q9HCU4_ASDGTRQDT|0.0
P16234|Q9HCU4_LFNNYVTNR|0.344
P16234|Q9HCU4_NNYVTNRSS|0.421
P16234|Q9HCU4_VTIITDEML|0.0
P16234|Q9HCU4_YLNRSLLTA|0.0
P16234|Q9HCU4_GRCRSREGG|0.0
P16234|Q9HCU4_DGRLYQPYG|0.551
P16234|Q9HCU4_LYQPYGDSA|0.398
P16234|Q9HCU4_STSRSGKSQ|0.0
P16234|Q9HCU4_RSGKSQPSY|0.001
P16234|Q9HCU4_SQPSYIPFL|0.488
P16234|Q9HCU4_LPLHSTPKD|0.0
P16234|Q9HCU4_PLHSTPKDG|0.0
P16234|Q9HCU4_SREGSLGPL|0.0
P16234|Q9NYQ7_APRESRTAP|0.0
P16234|Q9NYQ7_ALMNSRSLE|0.0
P16234|Q9NYQ7_RVHITVLDE|0.0
P16234|Q9NYQ7_RIPAYDPDV|0.0
P16234|Q9NYQ7_DPDVSDHLF|0.0
P16234|Q9NYQ7_DHLFYSFER|0.0
P16234|Q9NYQ7_HLFYSFERG|0.0
P16234|Q9NYQ7_LTYSTGESN|0.0
P16234|Q9NYQ7_GVLATVPCP|0.0
P16234|Q9NYQ7_HRNGSHARC|0.0
P16234|Q9NYQ7_TLGASTVSS|0.0
P16234|Q9NYQ7_DSDLSLEEE|0.0
P16234|Q9NYQ7_NRLQYPLVP|0.0
P16234|Q9NYQ7_YGRIYAGGG|0.138
P16234|Q9NYQ7_AGGGTGSLS|0.0
P16234|Q9NYQ7_GGTGSLSQP|0.0
P16234|Q9NYQ7_SRYSSREQL|0.0
P16234|Q9NYQ7_RRQLSRERL|0.0
P16234|Q9NYQ7_GRFGSRDAL|0.0
P16234|Q9NYQ7_PLPLSPQRQ|0.0
P16234|Q9NYQ7_DQVPSRHPS|0.0
P16234|Q8WUJ3_FLNKTLHPG|0.001
P16234|Q8WUJ3_GRILSVAVN|0.0
P16234|Q8WUJ3_NDEGSRNLD|0.0
P16234|Q8WUJ3_RPFLSIISA|0.0
P16234|Q8WUJ3_LSIISARYS|0.207
P16234|Q8WUJ3_GNVGTEMMD|0.0
P16234|Q8WUJ3_QAYKTSNLR|0.248
P16234|Q8WUJ3_AYKTSNLRM|0.071
P16234|Q8WUJ3_PIWVTLDTE|0.0
P16234|Q6PRD7_PAPHTSQEV|0.051
P16234|Q6PRD7_APHTSQEVR|0.0
P16234|Q6PRD7_EKVKTITPD|0.0
P16234|Q86UT8_KFLVTPQDY|0.0
P16234|Q86UT8_TPQDYARFK|0.121
P16234|Q86UT8_HSGATPPWM|0.0
P16234|Q8N111_PTVPSSPDA|0.0
P16234|Q8N111_TVPSSPDAT|0.0
P16234|Q8N111_SPDATPEPK|0.0
P16234|P49450_RRGPSLGAS|0.0
P16234|P49450_SHQHSRRRQ|0.0
P16234|P07199_AILASERKY|0.0
P16234|P07199_SERKYGVAS|0.0
P16234|P07199_AAVPSEGSG|0.0
P16234|P07199_GSGGSTTGW|0.0
P16234|P07199_GGSTTGWRA|0.0
P16234|P07199_LAAQSLDTS|0.0
P16234|B2RD01_GEKLSQIAK|0.0
P16234|B2RD01_IKASSQIAT|0.0
P16234|B2RD01_PLRASRLTR|0.0
P16234|B2RD01_ASRLTRHRS|0.0
P16234|Q03188_ATNRSVQAH|0.0
P16234|Q03188_TDVSSKNTP|0.0
P16234|Q03188_VGSPSVLLD|0.0
P16234|Q03188_NVIPSSAQK|0.0
P16234|Q03188_KRETYTFEN|0.273
P16234|Q03188_RETYTFENS|0.013
P16234|Q03188_EEDKTSEGQ|0.0
P16234|Q03188_ERKPSGSSQ|0.0
P16234|Q03188_PSGSSQNRI|0.0
P16234|Q03188_RIRDSEYEI|0.0
P16234|Q03188_RDSEYEIQR|0.014
P16234|Q03188_VKRKSESSP|0.0
P16234|Q03188_APPHSCPPD|0.0
P16234|Q03188_PPDDTKLIE|0.0
P16234|Q03188_RSWITIPRK|0.0
P16234|Q03188_LKQRTISPA|0.0
P16234|Q03188_HPVETSQPS|0.0
P16234|Q03188_TSQPSDKTV|0.0
P16234|Q03188_VLDTSYALI|0.0
P16234|Q03188_NIHTSHITQ|0.0
P16234|Q03188_PPVGSKKSS|0.0
P16234|Q03188_EEVTSTVTK|0.0
P16234|Q03188_EVTSTVTKS|0.0
P16234|Q03188_TSTVTKSRR|0.0
P16234|Q03188_ESPVYSNSS|0.09
P16234|Q03188_HDEISRCSL|0.0
P16234|Q03188_RCSLSEPLE|0.0
P16234|Q03188_EPLESDEAD|0.0
P16234|Q03188_SNLDSGEHK|0.0
P16234|Q03188_EHKTSVLEE|0.0
P16234|Q03188_SSDDSKQSK|0.0
P16234|Q03188_LVLPSNTPN|0.0
P16234|Q03188_KPLEYWRGE|0.0
P16234|Q03188_ERIDYQGRP|0.105
P16234|Q03188_DERKTNLMV|0.0
P16234|Q03188_PLQPTRVKD|0.0
P16234|Q02224_LLRVSYMEI|0.0
P16234|Q02224_LRVSYMEIY|0.0
P16234|Q02224_LLCGTQKMK|0.0
P16234|Q02224_NRNVYVADL|0.118
P16234|Q02224_EEVVYTSEM|0.283
P16234|Q02224_KSRHYGETK|0.293
P16234|Q02224_HYGETKMNQ|0.376
P16234|Q02224_IKKLSDGQV|0.0
P16234|Q02224_GFINYRDSK|0.094
P16234|Q02224_ITPVSFDET|0.0
P16234|Q02224_SFDETLTAL|0.0
P16234|Q02224_STAKYMKNT|0.252
P16234|Q02224_KNTPYVNEV|0.339
P16234|Q02224_LLKRYRKEI|0.0
P16234|Q02224_DLSYSLESI|0.0
P16234|Q02224_KELQSAFNE|0.0
P16234|Q02224_FNEITKLTS|0.0
P16234|Q02224_TKLTSLIDG|0.0
P16234|Q02224_ENRDSTLQT|0.0
P16234|Q02224_ETINTLKSK|0.027
P16234|Q02224_NTLKSKISE|0.022
P16234|Q02224_EHMETERLE|0.0
P16234|Q02224_LNENYEEVK|0.351
P16234|Q02224_TEQSTTKDS|0.0
P16234|Q02224_TKDSTTLAR|0.0
P16234|Q02224_KFQESQEEI|0.0
P16234|Q02224_QEKEYQFLK|0.197
P16234|Q02224_VSEKTDKLS|0.0
P16234|Q02224_DLENSNAKL|0.0
P16234|Q02224_EEMKSVMKE|0.0
P16234|Q02224_ISEKTIQIS|0.0
P16234|Q02224_KANLSLPYL|0.029
P16234|Q02224_NQHLSNEVK|0.0
P16234|Q02224_HKQVTCENS|0.0
P16234|Q02224_SPKVTGTAS|0.0
P16234|Q02224_KKQITPSQC|0.0
P16234|Q02224_FDSRSKSLP|0.0
P16234|Q02224_YFDNSSLGL|0.0
P16234|P49454_EICESLEKT|0.0
P16234|P49454_SADVSLNPC|0.0
P16234|P49454_PSQYYSGSK|0.312
P16234|P49454_QQEKTPSHL|0.0
P16234|P49454_ASYFSGEQE|0.013
P16234|P49454_EVTPSRSTL|0.0
P16234|P49454_TPSRSTLQI|0.0
P16234|P49454_DANSSFFDN|0.0
P16234|P49454_ELRRSMEEM|0.0
P16234|P49454_RENLSVEIR|0.0
P16234|P49454_QKLAYMELQ|0.001
P16234|P49454_AMHHSFANI|0.0
P16234|P49454_SPKNSAILQ|0.0
P16234|P49454_ELKKSNHLL|0.0
P16234|P49454_LLEDSLKEL|0.0
P16234|P49454_IEELTQENG|0.0
P16234|P49454_EINASLNQE|0.0
P16234|P49454_NQNNSKSEA|0.0
P16234|P49454_VKEISLDSY|0.0
P16234|P49454_EKYISGPHE|0.0
P16234|P49454_LSLQSEHKI|0.0
P16234|P49454_PDSSSLSSL|0.0
P16234|P49454_MSLLSNLEG|0.0
P16234|P49454_KETPSAPAK|0.0
P16234|P49454_EELESLCEV|0.012
P16234|P49454_GRNESCDIS|0.0
P16234|P49454_SCDISKEHT|0.0
P16234|P49454_TTERTPKHD|0.0
P16234|P49454_QSPDTNYEP|0.0
P16234|P49454_KKENSDLSE|0.0
P16234|P49454_NSDLSEKLE|0.0
P16234|P49454_EKLEYFSCD|0.411
P16234|P49454_LEYFSCDHQ|0.023
P16234|P49454_RVETSEGLN|0.0
P16234|P49454_SEKASIEHE|0.0
P16234|P49454_HEALYLEAD|0.056
P16234|P49454_MSKKTTALD|0.0
P16234|P49454_SKKTTALDQ|0.0
P16234|P49454_LDQLSEKMK|0.0
P16234|P49454_LKDKTHLQE|0.0
P16234|P49454_KLNVSKALE|0.0
P16234|P49454_DAENSKAEV|0.0
P16234|P49454_ETLKTQIEE|0.0
P16234|P49454_LDLVTLRSE|0.0
P16234|P49454_QGQLSELDK|0.0
P16234|P49454_DNLKYVNQL|0.128
P16234|P49454_VDELTTEIK|0.0
P16234|P49454_KRQRSSGIW|0.0
P16234|P49454_GRGPTPATP|0.0
P16234|P49454_PESFSKKSK|0.0
P16234|P49454_ADIPTGKTS|0.0
P16234|P49454_PTGKTSPYI|0.246
P16234|P49454_ILRRTTMAT|0.0
P16234|P49454_ATRTSPRLA|0.002
P16234|P49454_NLAESSKPT|0.0
P16234|P49454_LAESSKPTA|0.03
P16234|P49454_TAGGSRSQK|0.0
P16234|P49454_SPVDSGTIL|0.0
P16234|Q9H3R5_MVDASEEKT|0.0
P16234|Q9H3R5_SRQSSVLMD|0.0
P16234|Q9H3R5_LILGSKVNW|0.0
P16234|Q92674_AQNRTSQGS|0.0
P16234|Q92674_QNRTSQGSS|0.0
P16234|Q92674_SSFQTTLSA|0.0
P16234|Q92674_RKWNSLSVI|0.0
P16234|Q92674_WNSLSVIPV|0.0
P16234|Q92674_NFLDTIIRA|0.0
P16234|Q92674_SSKTYQEFN|0.0
P16234|Q92674_EFNHYLTSM|0.0
P16234|Q92674_PEERTVNVS|0.0
P16234|Q92674_TVNVSSIRG|0.0
P16234|Q9HC77_DISTSFPIK|0.0
P16234|Q9HC77_AACHSAPGH|0.0
P16234|Q9HC77_PNLFSEAQY|0.009
P16234|Q9HC77_SEAQYQEAP|0.364
P16234|Q9HC77_ERKQTFEDY|0.0
P16234|Q9HC77_TFEDYLEEQ|0.448
P16234|Q9HC77_VTNQSTSED|0.0
P16234|Q9HC77_ARTKSGSVT|0.0
P16234|Q9HC77_SGSVTLSQK|0.0
P16234|Q9HC77_SLSPSGLKI|0.0
P16234|Q9HC77_NKVTSNNKE|0.0
P16234|Q9HC77_KESESSLDV|0.0
P16234|Q9HC77_GHRMSSTPV|0.0
P16234|Q9HC77_HRMSSTPVK|0.0
P16234|Q9HC77_RMSSTPVKA|0.0
P16234|Q9HC77_VPQKTNPAD|0.0
P16234|Q9HC77_DLDHTAREK|0.038
P16234|Q9HC77_HSLSSADEL|0.0
P16234|Q9HC77_AVQKSTSEN|0.0
P16234|Q9HC77_VQKSTSENQ|0.0
P16234|Q9HC77_QKSTSENQT|0.0
P16234|Q9HC77_SDSSTDSEE|0.0
P16234|Q9HC77_TIKPSTEDR|0.0
P16234|Q9HC77_SREDSPQVC|0.0
P16234|Q9HC77_SSDESIMES|0.0
P16234|Q9HC77_VSEPSRSSS|0.0
P16234|Q9HC77_EPSRSSSLS|0.0
P16234|Q9HC77_SSSLSLSKM|0.0
P16234|Q9HC77_DDERTWTDL|0.0
P16234|Q9HC77_ERTWTDLEE|0.0
P16234|Q9HC77_KSRRSRSPP|0.0
P16234|Q9HC77_RSPPTSELM|0.0
P16234|Q9HC77_RFQNSQISS|0.0
P16234|Q9HC77_GQAASPREP|0.0
P16234|Q8N0S6___MDSYSAP|0.0
P16234|Q8N0S6_RVSTSVASA|0.0
P16234|Q9NSP4____MSVLRP|0.0
P16234|Q9NSP4_SEGPSLEDL|0.0
P16234|Q96H22_LRRNTPLLG|0.0
P16234|Q96H22_GQALTIASK|0.0
P16234|Q96H22_LTIASKHHQ|0.0
P16234|Q96H22_TKFKSGLNG|0.0
P16234|Q96H22_IKFSSPHLL|0.0
P16234|Q96H22_DAPLSPLLT|0.0
P16234|Q96H22_KRMNYFKIR|0.052
P16234|Q9BU64_ERLETQVSR|0.0
P16234|Q9BU64_EELQSVQAQ|0.0
P16234|Q9BU64_HRRASVKAC|0.0
P16234|Q9BU64_EPNQTVEIN|0.0
P16234|Q9BU64_IHHHSVPVF|0.0
P16234|Q9BU64_SLCEYLNAY|0.306
P16234|Q9BU64_KLDMSLVS_|0.0
P16234|Q9BU64_MSLVS____|0.001
P16234|Q6IPU0_HSKQTEDLT|0.0
P16234|Q6IPU0_TEDLTSTEM|0.0
P16234|Q6IPU0_STEMTEKSI|0.0
P16234|Q6IPU0_RAIETAPLS|0.0
P16234|Q6IPU0_TAPLSFRTL|0.0
P16234|Q7L2Z9_EEIQYHLNF|0.255
P16234|Q7L2Z9_KLDAS____|0.0
P16234|Q96BT3_ADPRTPRRP|0.0
P16234|Q96BT3_SRQESSCGS|0.0
P16234|Q96BT3_GLSLSQEPQ|0.0
P16234|Q96BT3_NVYHSLPCT|0.001
P16234|Q96BT3_RKTQSSGPG|0.0
P16234|Q96BT3_ASPESASST|0.0
P16234|Q96BT3_ESASSTPES|0.0
P16234|Q96BT3-2_ADPRTPRRP|0.0
P16234|Q71F23_FPDNSDVSS|0.0
P16234|Q71F23_NSDVSSIGR|0.0
P16234|Q71F23_SDVSSIGRL|0.0
P16234|Q71F23_DEETYETFD|0.006
P16234|Q71F23_STAIYADEE|0.0
P16234|Q71F23_LSLSSTPPG|0.0
P16234|Q71F23_EAKRSSDTS|0.0
P16234|Q71F23_GNEASEIES|0.0
P16234|Q71F23_EESDTRRKV|0.0
P16234|Q71F23_TTASSELSE|0.0
P16234|Q71F23_IESQSKTQK|0.0
P16234|Q71F23_SQMLTNLKR|0.0
P16234|Q7Z7K6_RTRRSASQA|0.0
P16234|Q7Z7K6_RRSASQAGS|0.0
P16234|Q7Z7K6_SQAGSKSQA|0.0
P16234|Q7Z7K6_AGSKSQAVE|0.0
P16234|Q7Z7K6_EKPPSEKPR|0.0
P16234|Q7Z7K6_ATPTSSASN|0.0
P16234|Q7Z7K6-3_APSATRTRR|0.0
P16234|Q5EE01__MALSTIVS|0.0
P16234|Q5EE01_MALSTIVSQ|0.0
P16234|Q5EE01_STIVSQRKQ|0.0
P16234|O75689_ARFHYLQVA|0.303
P16234|O75689_RRLMYFKDP|0.0
P16234|Q9NPF8_ELPESELVP|0.0
P16234|Q9NPF8_LTRNYLKQG|0.249
P16234|Q9NPF8_RFVLTCPSE|0.0
P16234|Q9NPF8_LTCPSEKEQ|0.0
P16234|Q15027_CLKDSPRFR|0.0
P16234|Q15027_LKLGTGLLE|0.0
P16234|Q15027_RGAESLEAA|0.0
P16234|Q15027_FKRASNAFK|0.0
P16234|Q15027_NQLVYQKKY|0.413
P16234|Q15027_KDPVTVVVD|0.265
P16234|Q15027_FEVVSTSKS|0.0
P16234|Q15027_RLDDSPRGP|0.0
P16234|Q15027_LAIGSAATL|0.0
P16234|Q15027_GSAATLGSG|0.0
P16234|Q15027_ATLGSGGMA|0.0
P16234|Q15027_PPKPSIRPR|0.0
P16234|Q15027_AGDETYLDI|0.0
P16234|Q15027_FRDFSLMAS|0.0
P16234|Q15027_PEKLSRRSH|0.0
P16234|Q15027_HDLHTL___|0.0
P16234|Q15057_LSFMYAHLA|0.297
P16234|Q15057_SKLEYNVDA|0.056
P16234|Q15057_VMEGYLFKR|0.31
P16234|Q15057_FKRASNAFK|0.0
P16234|Q15057_NQLVYQKKF|0.433
P16234|Q15057_FEVVSPTKS|0.0
P16234|Q15057_KAVQTSIAT|0.0
P16234|Q15057_KSSPSTGSL|0.0
P16234|Q15057_SSPSTGSLD|0.0
P16234|Q15057_GSLDSGNES|0.0
P16234|Q15057_VDKYSISLS|0.0
P16234|Q15057_KYSISLSPP|0.0
P16234|Q15057_EKRLSISKF|0.0
P16234|Q15057_RSNDSGIQQ|0.0
P16234|Q15057_VSANSLYEP|0.0
P16234|Q15057_ERQDSSMFL|0.0
P16234|Q15057_RQDSSMFLD|0.0
P16234|Q15057_EMRESEGLY|0.353
P16234|Q15057_PGDETYQDI|0.024
P16234|Q96P50_DLELSLVRN|0.0
P16234|Q96P50_IQQRTLLQD|0.0
P16234|Q96P50_FKRASNAFK|0.0
P16234|Q96P50_DRTASPSTS|0.0
P16234|Q96P50_ASPSTSSID|0.0
P16234|Q96P50_SSIDSATDT|0.0
P16234|Q96P50_SATDTRERG|0.0
P16234|Q96P50_QRVQSVAGN|0.0
P16234|Q8WZ64_KIGISPTGH|0.0
P16234|Q8WZ64_QIILSKMQD|0.0
P16234|Q8WZ64_VNDLYVPSS|0.379
P16234|Q8WZ64_VSRPSRSFL|0.0
P16234|Q8WZ64_EIPGSTKGV|0.0
P16234|Q8WZ64_IPGSTKGVS|0.0
P16234|Q8WZ64_GVSGSYFRE|0.0
P16234|Q8WZ64_VSGSYFRER|0.009
P16234|Q8WZ64_SKKRSIKNE|0.0
P16234|Q8WZ64_NEFLTQGEA|0.0
P16234|Q8WZ64_KSSIYDNRK|0.448
P16234|Q8WZ64_LDKLSPQGK|0.0
P16234|Q8WZ64_QAVVTPEKC|0.0
P16234|Q8WZ64_EKCGYLELR|0.153
P16234|Q8WZ64_IITPYRSFS|0.001
P16234|Q8WZ64_GQHRSLGPK|0.0
P16234|Q8WZ64_LHMDSPVEK|0.0
P16234|Q8WZ64_MEFLYHNKF|0.24
P16234|Q8WZ64_LEDVTAVLK|0.023
P16234|Q8WZ64_KWKDTQVSQ|0.0
P16234|Q8WZ64_RKHRSFNCL|0.0
P16234|Q8WZ64_QRSRTLPKE|0.0
P16234|Q96P48_CQGLSDTRL|0.0
P16234|Q96P48_GLSDTRLMD|0.046
P16234|Q96P48_LRAHTSPAP|0.0
P16234|Q96P48_RAHTSPAPA|0.0
P16234|Q96P48_APRPTPRPV|0.0
P16234|Q96P48_HIFRSPPVP|0.0
P16234|Q96P48_LPTTTEDEG|0.354
P16234|Q96P48_PQPPSPPPC|0.0
P16234|Q96P48_VRVASLLSE|0.0
P16234|Q96P48_ASLLSEGEE|0.0
P16234|Q96P48_GEELSGDDQ|0.0
P16234|Q96P48_PGGSTPVTP|0.0
P16234|Q96P48_PPQGSYIYQ|0.43
P16234|Q96P48_PQGSYIYQK|0.366
P16234|Q96P48_GSYIYQKRW|0.505
P16234|Q96P48_DHLRYFDSN|0.117
P16234|Q96P48_NKDAYSKRF|0.14
P16234|Q96P48_VDRRSFDLT|0.3
P16234|Q96P48_FDLTTPYRI|0.388
P16234|Q96P48_FSADSELEK|0.299
P16234|Q96P48_ALQPSSSPS|0.0
P16234|Q96P48_PRLDSMKPL|0.0
P16234|Q96P48_VVLPTVSHS|0.0
P16234|Q96P48_LPTVSHSGF|0.201
P16234|Q96P48_TVSHSGFLY|0.35
P16234|Q96P48_SGFLYKTAS|0.106
P16234|Q96P48_DGVLSYFEN|0.167
P16234|Q96P48_GVLSYFENE|0.412
P16234|Q96P48_ERAVTPNGE|0.0
P16234|Q96P48_GERLYLFGL|0.343
P16234|Q96P48_SEGIYRKCG|0.317
P16234|Q96P48_RLLESLRQD|0.053
P16234|Q96P48_DGLFTRAQR|0.231
P16234|Q96P48_WLEASEIED|0.0
P16234|Q96P48_REKDYWTCF|0.324
P16234|Q96P48_AMLLYLASR|0.025
P16234|Q96P48_LYLASRVGD|0.106
P16234|Q96P48_VRLGSVSLI|0.0
P16234|Q96P48_ADPLSLLRN|0.0
P16234|Q96P48-1____MTLSGS|0.0
P16234|Q96P48-1__MTLSGSRG|0.0
P16234|Q96P48-1_TLSGSRGQE|0.0
P16234|Q99490____MSRGAG|0.0
P16234|Q99490_KGAGSRLSW|0.0
P16234|Q99490_GGGGSTAST|0.0
P16234|Q99490_STASTSGGV|0.0
P16234|Q99490_LTGSYQVLE|0.0
P16234|Q99490_GQLSSLRGE|0.0
P16234|Q99490_QDRISASSP|0.0
P16234|Q99490_KRCSYYETC|0.331
P16234|Q99490_RCSYYETCA|0.416
P16234|Q99490_AACKSLPSS|0.0
P16234|Q99490_KSLPSSPSH|0.0
P16234|Q99490_SLPSSPSHS|0.0
P16234|Q99490_PSSPSHSAA|0.0
P16234|Q99490_SPSHSAAST|0.0
P16234|Q99490_SAASTPVAG|0.0
P16234|Q99490_AGQASNGGH|0.0
P16234|Q99490_NGGHTSDYS|0.179
P16234|Q99490_HTSDYSSSL|0.448
P16234|Q99490_TSDYSSSLP|0.0
P16234|Q99490_DYSSSLPSS|0.308
P16234|Q99490_SSLPSSPNV|0.0
P16234|Q99490_SLPSSPNVG|0.0
P16234|Q99490_AGLSTPGSL|0.0
P16234|Q99490_AKRRTSLFA|0.0
P16234|Q99490_KRRTSLFAN|0.0
P16234|Q99490_NRRGSDSEK|0.0
P16234|Q99490_PIKQSFLLK|0.0
P16234|Q99490_RSGNSLNKE|0.0
P16234|Q99490_PRAISAFGP|0.0
P16234|Q99490_GPSASINGL|0.0
P16234|Q99490_ARALSTDCT|0.0
P16234|Q99490_RALSTDCTP|0.0
P16234|Q99490_SGDLSPLSR|0.0
P16234|Q99490_LSPLSREPP|0.0
P16234|Q99490_EPPPSPMVK|0.0
P16234|Q99490_LRTDSQSEA|0.0
P16234|Q99490_IGNDTANRV|0.0
P16234|Q99490_SITATPSPR|0.0
P16234|Q99490_TATPSPRRR|0.0
P16234|Q99490_PRRRSSAAS|0.0
P16234|Q99490_RRRSSAASV|0.0
P16234|Q99490_SSAASVGRA|0.0
P16234|Q99490-2_KRRTSLFAN|0.005
P16234|Q99490-2_NRRGSDSEK|0.007
P16234|Q9UPQ3___MNYQQQL|0.228
P16234|Q9UPQ3_AFVNSQEWT|0.0
P16234|Q9UPQ3_VQEESPEGG|0.0
P16234|Q9UPQ3_KIVATRKKQ|0.197
P16234|Q9UPQ3_PTANTPTPV|0.0
P16234|Q9UPQ3_ANTPTPVRK|0.001
P16234|Q9UPQ3_VRKQSKRRS|0.001
P16234|Q9UPQ3_NLFTSRKGS|0.0
P16234|Q9UPQ3_SRADSIGSG|0.0
P16234|Q9UPQ3_WKKKYVTLC|0.392
P16234|Q9UPQ3_GVLTYHPSL|0.104
P16234|Q9UPQ3_SLHDYMQNV|0.388
P16234|Q9UPQ3_CAPISSPKT|0.0
P16234|Q9UPQ3_APISSPKTN|0.0
P16234|Q9UPQ3_RRKKSTSNF|0.0
P16234|Q9UPQ3_KSRLTSQSE|0.0
P16234|Q9UPQ3_SRVRSLDLD|0.0
P16234|Q9UPQ3_TPNLSRRNN|0.002
P16234|Q9UPQ3_NRNNSSGRV|0.0
P16234|Q9UPQ3-2_SVCSSPSIS|0.0
P16234|Q9UPQ3-2_CSSPSISST|0.0
P16234|Q9UPQ3-2_SSTTSPKLD|0.0
P16234|Q96P47_VQEESPEGG|0.0
P16234|Q96P47_ARKLSTDLK|0.0
P16234|Q96P47_TIAASSTPT|0.0
P16234|Q96P47_SNIFTSRKG|0.0
P16234|Q96P47_NIFTSRKGA|0.059
P16234|Q96P47_ATPATAPGT|0.0
P16234|Q96P47_TAPGTSPRA|0.0
P16234|Q96P47_ANGLSVERS|0.0
P16234|Q96P47_PSPHSNRKK|0.0
P16234|Q96P47_GAHLSRVRS|0.0
P16234|Q96P47_TPLAYARRA|0.001
P16234|Q96P47_HRSPSLL__|0.029
P16234|Q96P47-3_SSTPTPIRK|0.0
P16234|Q7Z7A1_SSSHSPIPS|0.0
P16234|Q7Z7A1_EPLNYYPSE|0.5
P16234|Q7Z7A1_YPSEYAEID|0.304
P16234|Q7Z7A1_DESPYIGKS|0.003
P16234|Q7Z7A1_LKKISEAGK|0.0
P16234|Q7Z7A1_EVNASLQQT|0.0
P16234|Q7Z7A1_LKLGTGEMN|0.0
P16234|Q7Z7A1_QKQFSEILA|0.0
P16234|Q7Z7A1_DLTGSDNKG|0.0
P16234|Q7Z7A1_RREVSYQND|0.319
P16234|Q7Z7A1_SSQATKDSG|0.0
P16234|Q7Z7A1_ATKDSGVGL|0.0
P16234|Q7Z7A1_YSASTPVRK|0.075
P16234|Q7Z7A1_GYWVYSPIR|0.099
P16234|Q7Z7A1_YWVYSPIRS|0.405
P16234|Q7Z7A1_WMRASKRQS|0.0
P16234|Q7Z7A1_QEKKSLECE|0.0
P16234|Q7Z7A1_DAKRSLLQT|0.0
P16234|Q7Z7A1_DQRVSELEK|0.0
P16234|Q7Z7A1_IERMTAESR|0.0
P16234|Q7Z7A1_MTAESRALQ|0.0
P16234|Q7Z7A1_SKLETSKVT|0.0
P16234|Q7Z7A1_KLETSKVTL|0.0
P16234|Q7Z7A1_RADFSLLRN|0.0
P16234|Q7Z7A1_NQFLTERKK|0.0
P16234|Q7Z7A1_GELESLKEN|0.0
P16234|Q7Z7A1_ELVTSTSAD|0.0
P16234|Q7Z7A1_LVTSTSADS|0.0
P16234|Q7Z7A1_VTSTSADSA|0.0
P16234|O60308_LEGTYARKS|0.0
P16234|O60308_EKEDYDLAK|0.001
P16234|O60308_ARSGSPCHQ|0.0
P16234|O60308_INAESLPYD|0.0
P16234|O60308_ESLPYDERP|0.0
P16234|O60308_CKTWSYRED|0.0
P16234|O60308_KTWSYREDA|0.0
P16234|O60308_MPVGTPKED|0.0
P16234|O60308_TLRASVFLV|0.0
P16234|O60308_CVERTIPVL|0.0
P16234|O60308_PVLLTRTGD|0.0
P16234|O60308_RTGDSSARL|0.0
P16234|O60308_KEVKSLQII|0.0
P16234|O60308_KDLGTGSSG|0.0
P16234|O60308_LGTGSSGFT|0.0
P16234|O60308_GTGSSGFTI|0.0
P16234|O60308_SSGFTIDNV|0.0
P16234|O60308_KFSVSALEH|0.0
P16234|O60308_VVEISSLTE|0.0
P16234|O60308_VEISSLTEH|0.0
P16234|O60308_HENFSPGEE|0.0
P16234|O60308_SKAGSKIPT|0.0
P16234|O60308_KGGLSKSSS|0.0
P16234|O60308_GLSKSSSRT|0.0
P16234|O60308_LSKSSSRTY|0.0
P16234|Q8N960_MVSKSDQLL|0.0
P16234|Q8N960_TAQETKQAP|0.0
P16234|Q8N960_TKFKSEIQI|0.0
P16234|Q8N960_EIQISIALE|0.0
P16234|Q8N960_ILRVYLALQ|0.003
P16234|Q8N960_IDSQSLIEL|0.0
P16234|Q8N960_TGPKSPTVS|0.0
P16234|Q8N960_PKSPTVSPV|0.0
P16234|Q8N960_SPTVSPVPS|0.0
P16234|Q8N960_KDDATESEV|0.0
P16234|Q8N960_DATESEVES|0.0
P16234|Q8N960_SEVESLQYD|0.008
P16234|Q8N960_SEVASGQKI|0.0
P16234|Q8N960_CILRYSYPF|0.025
P16234|Q8N960_RKLESATKS|0.0
P16234|Q8N960_LESATKSKL|0.0
P16234|Q8N960_SATKSKLHY|0.133
P16234|Q8N960_MRLRYLAAE|0.172
P16234|Q8N960_GPHGSVLEE|0.0
P16234|Q9P2H0_GELGTESSD|0.0
P16234|Q9P2H0_RPLVTESPT|0.0
P16234|Q9P2H0_LVTESPTFK|0.0
P16234|Q9P2H0_KFSKSQSTS|0.0
P16234|Q9P2H0_KKMKYNIHE|0.052
P16234|Q9P2H0_KKEESKIPV|0.0
P16234|Q9P2H0_VHDDSKTKQ|0.0
P16234|Q9P2H0_PQSASKVNI|0.0
P16234|Q6ZU80_RDRLSPWAA|0.0
P16234|Q6ZU80_MLGRYREYS|0.424
P16234|Q6ZU80_RYREYSNGQ|0.323
P16234|Q6ZU80_SLEQSIDQL|0.0
P16234|Q6ZU80_LLRNSGGRS|0.0
P16234|Q6ZU80_GFHQSLRDL|0.0
P16234|Q6ZU80_LRDLSSEQI|0.0
P16234|Q6ZU80_NRELSRRSR|0.0
P16234|Q6ZU80_LLNQSEGSR|0.0
P16234|Q6ZU80_VSQISKQQS|0.0
P16234|Q6ZU80_QAERYLSEL|0.029
P16234|Q6ZU80_NSLDTIHRL|0.0
P16234|Q6ZU80_EKHISIEEE|0.0
P16234|Q6ZU80_CKTFSKDSV|0.0
P16234|Q6ZU80_FSKDSVEKL|0.0
P16234|Q6ZU80_LKVFSSGPD|0.0
P16234|Q6ZU80_DHLESVPEK|0.0
P16234|Q6ZU80_PEKLSLLED|0.0
P16234|Q6ZU80_SSERTDGRY|0.0
P16234|Q6ZU80_TDGRYSKYR|0.246
P16234|Q6ZU80_DGRYSKYRV|0.233
P16234|Q6ZU80_VRRNSLQHH|0.007
P16234|Q6ZU80_HQDDTKYRT|0.421
P16234|Q6ZU80_FLEGSHTRG|0.0
P16234|Q6ZU80_GLDHSSSWQ|0.0
P16234|Q6ZU80_DHSSSWQDH|0.0
P16234|Q6ZU80_SPRFSYVNS|0.473
P16234|Q6ZU80_FTKRTVAPD|0.058
P16234|Q6ZU80_VAPDSASNK|0.0
P16234|Q6ZU80_PDSASNKED|0.0
P16234|Q9UPN4_VPERSPAGV|0.0
P16234|Q9UPN4_PIVRSVSVV|0.0
P16234|Q9UPN4_VVTGSEQKR|0.0
P16234|Q9UPN4_SNSTTQVSQ|0.0
P16234|Q9UPN4_PASLSTAPS|0.0
P16234|Q9UPN4_STAPSEKGA|0.0
P16234|Q9UPN4_PRGFTLPSN|0.0
P16234|Q9UPN4_SNARSSSAL|0.0
P16234|Q9UPN4_NARSSSALD|0.0
P16234|Q9UPN4_QTAPSLNNI|0.0
P16234|Q9UPN4_TCEGSESSG|0.0
P16234|Q9UPN4_ARNNTGGST|0.0
P16234|Q9UPN4_NTGGSTGLP|0.0
P16234|Q9UPN4_RKEVTEEEA|0.0
P16234|Q9UPN4_QRQRSGEGT|0.0
P16234|Q9UPN4_RCLPTSDSS|0.0
P16234|Q9UPN4_PTSDSSPEP|0.0
P16234|Q9UPN4_TSDSSPEPQ|0.0
P16234|Q9UPN4_MMAPSRGSA|0.0
P16234|Q9UPN4_PSRGSAKSR|0.0
P16234|Q9UPN4_DDASSLTAD|0.0
P16234|Q9UPN4_PEDGTLLSE|0.0
P16234|Q9UPN4_GTLLSEAKL|0.0
P16234|Q9UPN4_AKLQSIMSF|0.0
P16234|Q9UPN4_QSIMSFLDE|0.0
P16234|Q9UPN4_EMEKSGQDQ|0.0
P16234|Q9UPN4_QRDLTARRV|0.0
P16234|Q9UPN4_EKALSRQLQ|0.0
P16234|Q9UPN4_EKWISEKTK|0.0
P16234|Q9UPN4_IKEVTVRGL|0.0
P16234|Q9UPN4_RQRLYSEVA|0.0
P16234|Q9UPN4_MELNTLKQQ|0.0
P16234|Q9UPN4_NEQLSSERS|0.0
P16234|Q9UPN4_EQLSSERSN|0.0
P16234|Q9UPN4_SSERSNLAQ|0.0
P16234|Q9UPN4_AELATLQAR|0.0
P16234|Q9UPN4_HRRPTPSTK|0.0
P16234|Q9UPN4-2_YAWASEEDD|0.0
P16234|Q9UPN4-2_EDDASSLTA|0.0
P16234|Q9UPN4-2_DDASSLTAD|0.0
P16234|Q66GS9_NNELYLELM|0.308
P16234|Q66GS9_AVVQTPGGK|0.0
P16234|Q66GS9_SEVSSYPVP|0.0
P16234|Q66GS9_PDVLSLESR|0.0
P16234|Q66GS9_LSLESRNKT|0.0
P16234|Q66GS9_KRKLSEMQD|0.0
P16234|Q66GS9_DRSPSRLDT|0.0
P16234|Q66GS9_AREKSSIFR|0.0
P16234|Q66GS9_SIFRTPEKG|0.0
P16234|Q66GS9_IHQITRERD|0.0
P16234|Q66GS9_QEELSALRK|0.0
P16234|Q66GS9_LRKESTQTT|0.0
P16234|Q66GS9_RKESTQTTA|0.0
P16234|Q66GS9_ESTQTTAPH|0.0
P16234|Q66GS9_IEEVSLFGK|0.0
P16234|Q66GS9_VMKKTIGVI|0.0
P16234|Q66GS9_QLKETLVNR|0.0
P16234|Q66GS9_NDLSSLREL|0.0
P16234|Q66GS9_ENVKSESDL|0.0
P16234|Q66GS9_VKSESDLLK|0.0
P16234|Q66GS9_STLRSPSHS|0.0
P16234|Q66GS9_LRSPSHSPE|0.0
P16234|Q66GS9_SPSHSPEHR|0.0
P16234|O94986____MSLDFG|0.0
P16234|O94986_DEEDYEREK|0.367
P16234|O94986_PKSQSVNGY|0.121
P16234|O94986_SVNGYNEIQ|0.0
P16234|O94986_GSGYSPPSK|0.0
P16234|O94986_QTDLYHLPE|0.0
P16234|O94986_VMGLTKKYE|0.0
P16234|O94986_KLEKTEIIN|0.0
P16234|O94986_HPSDSEGEL|0.0
P16234|O94986_KDEKSIEVE|0.0
P16234|O94986_IEVETKTDT|0.0
P16234|O94986_RCERTYQQH|0.164
P16234|O94986_CERTYQQHH|0.364
P16234|O94986_SDVISKKEM|0.0
P16234|O94986_NKRISFAVS|0.0
P16234|O94986_MKQKTELLL|0.0
P16234|O94986_AFQDTLPLL|0.0
P16234|O94986_PRSLSAGAI|0.0
P16234|O94986_KMRKYYLIC|0.28
P16234|O94986_KLLETPISS|0.0
P16234|O94986_LLENSEHQS|0.0
P16234|O94986_SEHQSIKHV|0.0
P16234|O94986_KHLNSLPRN|0.0
P16234|O94986_PRNVSPEFV|0.0
P16234|O94986_GNKPSPRCT|0.304
P16234|O94986_ASEKSQGLD|0.0
P16234|O94986_SREASFVHG|0.0
P16234|O94986_RPQGTLEIP|0.0
P16234|O94986_SGYLSDTEE|0.0
P16234|O94986_EETTYLEPG|0.0
P16234|O94986-1_GLEPYNKVT|0.0
P16234|O94986-1_RQIRYLNHQ|0.218
P16234|O94986-1_HPSDSEGEL|0.0
P16234|O94986-1_NIELTESYV|0.0
P16234|O94986-1_NWKKSKVTS|0.0
P16234|O94986-1_SKVTSIVQE|0.0
P16234|O94986-1_RLLGSNSMK|0.0
P16234|O94986-1_TLCKTPPRS|0.0
P16234|O94986-1_KMRKYYLIC|0.102
P16234|Q5TB80_MKELSDDSF|0.0
P16234|Q5TB80_LSDDSFENS|0.0
P16234|Q5TB80_GLLGTNVSY|0.0
P16234|Q5TB80_GTNVSYLKT|0.2
P16234|Q5TB80_TNVSYLKTK|0.405
P16234|Q5TB80_KSSGTSLLS|0.0
P16234|Q5TB80_GLTSSIDYS|0.0
P16234|Q5TB80_KELDSNDST|0.0
P16234|Q5TB80_NAELTDDEH|0.0
P16234|Q5TB80_HENESKHEE|0.0
P16234|Q5TB80_VDKMYLNIL|0.001
P16234|Q5TB80_TVNSSSLSQ|0.0
P16234|Q5TB80_VNSSSLSQD|0.004
P16234|Q5TB80_QSGLYASVR|0.003
P16234|Q5TB80_GLYASVRSS|0.0
P16234|Q5TB80_RSSGYGKPS|0.24
P16234|Q5TB80_YGKPSSPLK|0.063
P16234|Q5TB80_GKPSSPLKM|0.0
P16234|Q5TB80_KMFSTLEKK|0.0
P16234|Q5TB80_NQDNYILQA|0.314
P16234|Q5TB80_LKAESGNPS|0.0
P16234|Q5TB80_LKRRYPNSL|0.022
P16234|Q5TB80_RYPNSLPAL|0.397
P16234|Q5TB80_ILAASAAGD|0.0
P16234|Q5TB80_AAGDTVDKN|0.007
P16234|Q5TB80_AHQITVRNL|0.0
P16234|Q5TB80_EDFQSIEFQ|0.0
P16234|Q5TB80_LKMKSEAVM|0.0
P16234|Q5TB80_QFENSMRRV|0.0
P16234|Q5TB80_SLKASHQRE|0.0
P16234|Q5TB80_RKIATQEVL|0.0
P16234|Q9UPV0_SLGSSVESG|0.0
P16234|Q9UPV0_LGSIYEDKT|0.376
P16234|Q9UPV0_KKDVSLDSD|0.0
P16234|Q9UPV0_VSLDSDAAG|0.005
P16234|Q9UPV0_CKPSSPGAD|0.0
P16234|Q9UPV0_ENEKSEPKI|0.0
P16234|Q9UPV0_GEEGSRREE|0.0
P16234|Q9UPV0_SDPKSFHGL|0.0
P16234|Q9UPV0_VDVLSPVLG|0.0
P16234|Q9UPV0_DDSQSSQDE|0.0
P16234|Q9UPV0_DSQSSQDEL|0.0
P16234|Q9UPV0_EERLSPPLP|0.0
P16234|Q9UPV0_KEQHSQAEE|0.0
P16234|Q9UPV0_AVSPTPPVS|0.028
P16234|Q9UPV0_TPPVSPEVR|0.0
P16234|Q9UPV0_PEVRSTEPV|0.0
P16234|Q9UPV0_PEQLSEAAL|0.0
P16234|Q9UPV0_QSLSSLRER|0.0
P16234|Q9UPV0_LKLESQVDL|0.015
P16234|Q9UPV0_LQAQSQQLQ|0.0
P16234|Q9UPV0_ENNASPHFE|0.002
P16234|Q9UPV0_SLSQSKEDL|0.0
P16234|Q9UPV0_WEEASDEGT|0.0
P16234|Q9UPV0_RIDSTPSLT|0.0
P16234|Q9UPV0_GLSHSLRQI|0.0
P16234|Q9UPV0_RQISSQLSS|0.0
P16234|Q9UPV0_SILDSLNPQ|0.0
P16234|Q9UPV0_IPLLSNSPT|0.0
P16234|Q9UPV0_SRLGYMSAS|0.0
P16234|Q9UPV0_LPLFSSTPK|0.0
P16234|Q9UPV0_LFSSTPKPK|0.0
P16234|Q9UPV0_KPKATLSLL|0.0
P16234|Q5SW79__MSLTSWFL|0.0
P16234|Q5SW79_MSLTSWFLV|0.0
P16234|Q5SW79_WFLVSSGGT|0.0
P16234|Q5SW79_KDLGSLNGT|0.0
P16234|Q5SW79_PEQTYITLK|0.0
P16234|Q5SW79_QLQLSQKSS|0.0
P16234|Q5SW79_LSQKSSESE|0.0
P16234|Q5SW79_SQKSSESEL|0.0
P16234|Q5SW79_MPRGTPLYG|0.0
P16234|Q5SW79_GTPLYGQPS|0.0
P16234|Q5SW79_YGQPSWWGD|0.0
P16234|Q5SW79_VEEQSAAAN|0.0
P16234|Q5SW79_CREPSYFEI|0.0
P16234|Q5SW79_REPSYFEIP|0.005
P16234|Q5SW79_FQQPSQITE|0.0
P16234|Q5SW79_QRHKSKKSS|0.0
P16234|Q5SW79_SSPGTQDLL|0.0
P16234|Q5SW79_TQSDSENAG|0.0
P16234|Q5SW79_HRRCSKRAT|0.0
P16234|Q5SW79_SKRATLEEH|0.0
P16234|Q5SW79_EPSVSIPFL|0.0
P16234|Q5SW79_ALLRSSGSL|0.0
P16234|Q5SW79_LLRSSGSLG|0.0
P16234|Q5SW79_GHRPSQEMD|0.0
P16234|Q5SW79_KNQATSATS|0.0
P16234|Q5SW79_DNQDYNRPV|0.049
P16234|Q5SW79_GTSSSGSKR|0.0
P16234|Q5SW79_LENETEISE|0.0
P16234|Q5SW79_ETEISESGM|0.0
P16234|Q5SW79_NEEKSLESH|0.0
P16234|Q5SW79_AKVVTQRSE|0.0
P16234|Q5SW79_EKQDTELQE|0.0
P16234|Q5SW79_ETLKTGGDN|0.0
P16234|Q5SW79_GDNKTLLHL|0.0
P16234|Q5SW79_LHLGSSAPG|0.0
P16234|Q5SW79_GKEKSETDK|0.0
P16234|Q5SW79_EKSETDKET|0.0
P16234|Q5SW79_FKQESQPPE|0.0
P16234|Q5SW79_LKSQTPKGG|0.0
P16234|Q5SW79_ESSKSLVRQ|0.0
P16234|Q5SW79_IEKPSPNIP|0.0
P16234|Q5SW79_NKQTSSTPS|0.0
P16234|Q5SW79_KQTSSTPSS|0.0
P16234|Q5SW79_LALTSASRI|0.0
P16234|Q5SW79_PDTPSYNRD|0.0
P16234|Q5SW79_DTPSYNRDN|0.0
P16234|Q5SW79_VDTASTISL|0.0
P16234|Q5SW79_KSFTSLYKD|0.0
P16234|Q5SW79_VTKSSSSGA|0.0
P16234|Q5SW79_KFVQSSGRI|0.0
P16234|Q5SW79_FVQSSGRIR|0.0
P16234|Q5SW79_IRQPSVDLT|0.0
P16234|Q5SW79_SVDLTDDDQ|0.0
P16234|Q5SW79_DDDQTSSVP|0.0
P16234|Q5SW79_DDQTSSVPH|0.0
P16234|Q5SW79_SVPHSAISD|0.0
P16234|Q5SW79_HSAISDIMS|0.0
P16234|Q5SW79_SDIMSSDQE|0.0
P16234|Q5SW79_DIMSSDQET|0.0
P16234|Q5SW79_SDQETYSCK|0.0
P16234|Q5SW79_DQETYSCKP|0.0
P16234|Q5SW79_QETYSCKPH|0.0
P16234|Q5SW79_PHGRTPLTS|0.0
P16234|Q5SW79_TKSKTSPVV|0.0
P16234|Q5SW79_SPVVSGSSS|0.0
P16234|Q5SW79_VVSGSSSKS|0.0
P16234|Q5SW79_VSGSSSKST|0.0
P16234|Q5SW79_SKSTTLPRP|0.0
P16234|Q5SW79_QPRRTRLGS|0.0
P16234|Q5SW79_DSEATISRS|0.0
P16234|Q5SW79_ASSRTAEAI|0.0
P16234|Q5SW79_ANSISRLSD|0.0
P16234|Q5SW79_RLSDSKVKS|0.0
P16234|Q5SW79_SKVKSMTSA|0.0
P16234|Q5SW79_SAHGSASVN|0.0
P16234|Q5SW79_HGSASVNSR|0.0
P16234|Q5SW79_RRFPTDYAS|0.0
P16234|Q5SW79_FPTDYASTS|0.0
P16234|Q5SW79_TDYASTSED|0.0
P16234|Q5SW79_DYASTSEDE|0.0
P16234|Q5SW79_DEFGSNRNS|0.0
P16234|Q5SW79_QSAGSAMPT|0.0
P16234|Q5SW79_MPTSSSFKH|0.0
P16234|Q5SW79_EQEDYIRDW|0.002
P16234|Q5SW79_IARISQDLA|0.0
P16234|Q5SW79_NNGRSGDPR|0.0
P16234|Q5SW79_PDHLTITRR|0.0
P16234|Q5SW79_TRRRTWSRD|0.0
P16234|Q5SW79_RRTWSRDEV|0.0
P16234|Q5SW79_KIRQSIDKT|0.0
P16234|Q5SW79_LRAESEVPI|0.0
P16234|Q5SW79_ENAESEADF|0.0
P16234|Q5SW79-2_DNQDYNRPV|0.0
P16234|Q5SW79-2_ESSKSLVRQ|0.0
P16234|Q5SW79-2_IRANSISRL|0.0
P16234|Q5SW79-2_SAHGSASAL|0.0
P16234|Q9Y4F5_LVSSSGARH|0.0
P16234|Q9Y4F5_AVINYDQDR|0.153
P16234|Q9Y4F5_QLQVSVKGL|0.0
P16234|Q9Y4F5_RREPSYFEI|0.171
P16234|Q9Y4F5_REPSYFEIP|0.35
P16234|Q9Y4F5_ITKFSLRQR|0.0
P16234|Q9Y4F5_DDRHSTKSD|0.0
P16234|Q9Y4F5_HSTKSDLPV|0.0
P16234|Q9Y4F5_LPVHTRTLK|0.002
P16234|Q9Y4F5_HEDGTQSDS|0.0
P16234|Q9Y4F5_TQSDSEDPL|0.0
P16234|Q9Y4F5_AKAASAAGV|0.0
P16234|Q9Y4F5_PLEASGEQV|0.0
P16234|Q9Y4F5_FDEDTPRKK|0.0
P16234|Q9Y4F5_RKKRSQSFT|0.0
P16234|Q9Y4F5_SQSFTHSPS|0.0
P16234|Q9Y4F5_SFTHSPSGD|0.0
P16234|Q9Y4F5_KREKTEERL|0.04
P16234|Q9Y4F5_LGSPSPASR|0.0
P16234|Q9Y4F5_LRESSPAAR|0.0
P16234|Q9Y4F5_AARPSPEKV|0.0
P16234|Q9Y4F5_PAPLTPHGT|0.237
P16234|Q9Y4F5_TPHGTSPVG|0.0
P16234|Q9Y4F5_PHGTSPVGP|0.017
P16234|Q9Y4F5_EEDDSLSDA|0.0
P16234|Q9Y4F5_DDSLSDAGT|0.0
P16234|Q9Y4F5_SDAGTYTIE|0.0
P16234|Q9Y4F5_AGTYTIETE|0.123
P16234|Q9Y4F5_YTIETEAQD|0.196
P16234|Q9Y4F5_SPELSRASS|0.0
P16234|Q9Y4F5_SRASSATFR|0.0
P16234|Q9Y4F5_QEFASRPLG|0.004
P16234|Q9Y4F5_SLADSYSDP|0.0
P16234|Q9Y4F5_LADSYSDPG|0.139
P16234|Q9Y4F5_ADSYSDPGL|0.042
P16234|Q9Y4F5_PQLPSERAD|0.0
P16234|Q9Y4F5_ERADSPAGP|0.0
P16234|Q9Y4F5_EPQDSRRRS|0.001
P16234|Q9Y4F5_QEGPTWSRG|0.29
P16234|Q9Y4F5_RGRRSPRAP|0.0
P16234|Q9Y4F5_GLGQTAQPS|0.0
P16234|Q9Y4F5_RDGVYVSAN|0.314
P16234|Q9Y4F5_LRQESFTKE|0.006
P16234|Q9Y4F5_KEPASGPPA|0.0
P16234|Q9Y4F5_MDFHSQDTH|0.0
P16234|Q9Y4F5_EDALSGDSD|0.0
P16234|Q9Y4F5_PSPTTPQPL|0.0
P16234|Q9Y4F5_RPRGSLDWP|0.0
P16234|Q9Y4F5_APPPSPAAR|0.006
P16234|Q9Y4F5_ALTRSNSLS|0.0
P16234|Q9Y4F5_TRSNSLSTP|0.0
P16234|Q9Y4F5_NSLSTPRPT|0.0
P16234|Q9Y4F5_TPRPTRASR|0.0
P16234|Q9Y4F5_GERGSLGNP|0.0
P16234|Q9Y4F5_AKKLSRLDI|0.0
P16234|Q9Y4F5_AGSFTGTSD|0.0
P16234|Q9Y4F5_SFTGTSDPE|0.0
P16234|Q9Y4F5_FTGTSDPEA|0.0
P16234|Q9Y4F5_PARTSFSGR|0.0
P16234|Q9Y4F5_RTSFSGRSV|0.0
P16234|Q9Y4F5_FSGRSVELC|0.0
P16234|Q9Y4F5_SRKPTMAEA|0.0
P16234|Q9Y4F5_NTATTTGPR|0.03
P16234|Q9Y4F5_TRSHTSTAT|0.0
P16234|Q9Y4F5_TATQTPRAG|0.0
P16234|Q9Y4F5_PRAGSSSRA|0.0
P16234|Q9Y4F5_SRARSRAPG|0.0
P16234|Q9Y4F5_IPEASLNFQ|0.0
P16234|Q9Y4F5_NMNDSCEDA|0.0
P16234|Q9Y4F5_LFQNTGRAW|0.256
P16234|Q9Y4F5_IVDPSGSLD|0.0
P16234|Q9Y4F5_PSPASAEAL|0.0
P16234|Q9Y4F5_PQRASCGPP|0.0
P16234|Q9Y4F5_CGPPSLPDP|0.0
P16234|Q9Y4F5-2_LRQESFTKE|0.029
P16234|Q9Y4F5-2_KRAGSFTGT|0.02
P16234|Q9Y4F5-2_SRARSGSAR|0.001
P16234|Q8TEP8_RLQLSFQDD|0.0
P16234|Q8TEP8_QDDDSISRK|0.0
P16234|Q8TEP8_SRKKSYVES|0.0
P16234|Q8TEP8_SQRLSNALS|0.0
P16234|Q8TEP8_QAQDSPIDF|0.0
P16234|Q8TEP8_KSDLSHTSL|0.0
P16234|Q8TEP8_DLSHTSLLE|0.0
P16234|Q8TEP8_LSHTSLLEN|0.2
P16234|Q8TEP8_NENGSLNCK|0.001
P16234|Q8TEP8_LPFSSGTWG|0.0
P16234|Q8TEP8_VLVKTLRAI|0.0
P16234|Q8TEP8_GFDLTDPVK|0.0
P16234|Q8TEP8_ECHESIEKN|0.0
P16234|Q8TEP8_TDLAYYTSF|0.12
P16234|Q8TEP8_NLNVSLSDE|0.0
P16234|Q8TEP8_NVSLSDEMN|0.001
P16234|Q8TEP8_LLRKSRSTS|0.0
P16234|Q8TEP8_RKSRSTSDL|0.0
P16234|Q8TEP8_YLRLSLGEF|0.0
P16234|Q8TEP8_VKRPSFGYF|0.287
P16234|Q8TEP8_YFIRSPEKR|0.0
P16234|Q8TEP8_LSHSSPSEI|0.0
P16234|Q8TEP8-1_DLVPSFGYF|0.0
P16234|Q8TEP8-1_YFIRSPEKR|0.0
P16234|Q8TEP8-1_LIRKSDVSR|0.0
P16234|Q8TEP8-1_KSDVSRGNL|0.0
P16234|Q8TEP8-1_DSGDSMLRI|0.0
P16234|Q8TEP8-1_STIASAIAE|0.0
P16234|Q8TEP8-1_TRDKTFQED|0.0
P16234|Q8TEP8-1_KQKDYSHVR|0.0
P16234|Q8TEP8-1_QKDYSHVRH|0.0
P16234|Q8TEP8-1_DLEKSNGSN|0.0
P16234|Q8TEP8-1_KSNGSNALD|0.0
P16234|Q8TEP8-1_KTEVSRYES|0.0
P16234|Q8TEP8-1_SRYESALEN|0.0
P16234|Q8TEP8-1_FSRASMSDT|0.0
P16234|Q8TEP8-1_TWDLSLPKE|0.0
P16234|Q8TEP8-1_TINSSNSVT|0.0
P16234|Q8TEP8-1_RENNSAVVD|0.0
P16234|Q8TEP8-1_VKTCSIDNK|0.0
P16234|Q8TEP8-1_EKATSISTP|0.0
P16234|Q8TEP8-1_TSISTPSDS|0.0
P16234|Q8TEP8-1_NPRITSLCL|0.0
P16234|Q8TEP8-1_PRITSLCLL|0.0
P16234|Q8TEP8-1_VSEISNSEK|0.0
P16234|Q8TEP8-1_HRIVSPKNS|0.0
P16234|Q8TEP8-1_SPKNSDLKN|0.016
P16234|Q8TEP8-1_GGRGSEDEQ|0.0
P16234|Q8TEP8-1_DEQESFRPS|0.0
P16234|Q8TEP8-1_SFRPSTSPL|0.0
P16234|Q8TEP8-1_SGTSSSGCA|0.0
P16234|Q8TEP8-1_LTYVSEPES|0.0
P16234|Q8TEP8-1_EDRKSDITS|0.0
P16234|Q8TEP8-1_SDITSELST|0.0
P16234|Q8TEP8-1_SELSTTIIQ|0.0
P16234|Q8TEP8-1_IIQGSPAAL|0.0
P16234|Q8TEP8-1_IQNNSDTRK|0.0
P16234|Q8TEP8-1_SKPEYVKPD|0.0
P16234|Q8TEP8-1_LLETSEVGW|0.0
P16234|Q8TEP8-1_SHPVSCQEP|0.0
P16234|Q8TEP8-1_DQRISPKDK|0.0
P16234|Q8TEP8-1_DLSTYRCLV|0.14
P16234|Q8TEP8-1_RPHATEEIK|0.002
P16234|Q8TEP8-1_ISSGSKPLS|0.0
P16234|Q8TEP8-1_SKPLSPGPC|0.0
P16234|Q8TEP8-1_ATELSTVYL|0.0
P16234|Q8TEP8-1_SSKASLEST|0.0
P16234|Q8TEP8-1_DLGASGKHG|0.0
P16234|Q8TEP8-1_GGNVSLDVL|0.0
P16234|Q8TEP8-1_GPQGSPLLS|0.0
P16234|Q8TEP8-1_SPLLSRAAR|0.0
P16234|Q8TEP8-1_SPNSSLSTK|0.0
P16234|Q8TEP8-1_SSLSTKQSM|0.0
P16234|Q8TEP8-1_FGILSPVSE|0.0
P16234|Q8TEP8-1_RFRPTSVGE|0.0
P16234|Q8TEP8-1_FRPTSVGES|0.0
P16234|Q8TEP8-1_GESRTLKVN|0.0
P16234|Q8TEP8-1_KHSKYSLRA|0.0
P16234|Q8TEP8-1_RAQHYINMP|0.0
P16234|Q8TEP8-1_FKPKSAGKF|0.0
P16234|Q8TEP8-1_LVIQTDEGK|0.0
P16234|Q8TEP8-1_DEGKSIAIR|0.0
P16234|Q9BV73_METRSPGLN|0.0
P16234|Q9BV73_KLKNSQEAQ|0.0
P16234|Q9BV73_QRQATLVRK|0.002
P16234|Q9BV73_REVVTFRRH|0.0
P16234|Q9BV73_LLAKTQELE|0.0
P16234|Q9BV73_AHERSQELI|0.0
P16234|Q9BV73_SALLTQSQK|0.0
P16234|Q9BV73_LLTQSQKQN|0.0
P16234|Q9BV73_KLSESRHQQ|0.098
P16234|Q9BV73_QEGKTALEQ|0.0
P16234|Q9BV73_KERVSLLET|0.0
P16234|Q9BV73_SLLETLLQT|0.0
P16234|Q9BV73_GILQTQLQE|0.0
P16234|Q9BV73_KLRETQEYN|0.115
P16234|Q9BV73_QRQLSQNQE|0.0
P16234|Q9BV73_RTARSALKL|0.0
P16234|Q9BV73_LEERSQELQ|0.0
P16234|Q9BV73_QAQSSQIHD|0.0
P16234|Q9BV73_LESHSTVLA|0.0
P16234|Q9BV73_RELTTQRQL|0.002
P16234|Q9BV73_AQRGSLEHM|0.0
P16234|Q9BV73_QAHMTLKER|0.0
P16234|Q9BV73_ALQDSWLQA|0.0
P16234|Q9BV73_GLHQSVREL|0.0
P16234|Q9BV73_ALPHSHKTS|0.0
P16234|Q9BV73_SHKTSPMEE|0.0
P16234|Q9BV73_LKLDSLEPR|0.0
P16234|Q9BV73_SPGATSTAE|0.0
P16234|Q9BV73_EAEPSPDGM|0.0
P16234|Q9BV73_MEKQSWRQR|0.0
P16234|Q9BV73_ATASSPTQQ|0.0
P16234|Q9BV73_QAQLTLERK|0.0
P16234|Q9BV73_QKQDYITRS|0.363
P16234|Q9BV73_GLHHSLSHS|0.0
P16234|Q9BV73_DESLTQSLT|0.0
P16234|Q9BV73_QSLTSPGPV|0.0
P16234|Q9BV73_LLHPSPSTT|0.0
P16234|Q9BV73_SPSTTQAAS|0.0
P16234|O15078_SKKNYELIQ|0.03
P16234|O15078_DADKSNVMA|0.0
P16234|O15078_MEKNTCIIE|0.0
P16234|O15078_RLKDYESGV|0.257
P16234|O15078_ESGVYGLED|0.228
P16234|O15078_KRSATSGLT|0.0
P16234|O15078_LDLLSLKNM|0.0
P16234|O15078_NAIESKNAE|0.154
P16234|O15078_SEKETWKTE|0.0
P16234|O15078_LAENSRKIT|0.0
P16234|O15078_RQYTTLVEL|0.136
P16234|O15078_KAKKSITNS|0.0
P16234|O15078_SKKITMLEM|0.002
P16234|O15078_LREISDIAR|0.0
P16234|O15078_QHNVSLQLS|0.0
P16234|O15078_LMKQSPTPV|0.0
P16234|O15078_KEKLTLQRK|0.261
P16234|O15078_RKLKTTGMT|0.0
P16234|O15078_NDILYMRAH|0.301
P16234|O15078_LPRDSVVED|0.0
P16234|O15078_YSKPSISGI|0.0
P16234|O15078_RSGKTIPEL|0.0
P16234|O15078_LKKASGILT|0.0
P16234|O15078_GHQLSMHYE|0.011
P16234|O15078_KELETDIAK|0.0
P16234|O15078_NQSITDLKQ|0.001
P16234|O15078_VKEATEREQ|0.0
P16234|O15078_NKDQSGAES|0.001
P16234|O15078_QLKMSDLEK|0.0
P16234|Q9C0D2_LYLASLRSM|0.167
P16234|Q9C0D2_ASLRSMGEG|0.0
P16234|Q9C0D2_NKIRSQKSL|0.018
P16234|Q9C0D2_WTIKSMSED|0.248
P16234|Q9C0D2_SEMITTVSE|0.0
P16234|Q9C0D2_ITTVSEIES|0.186
P16234|Q9C0D2_KRKKTQPTG|0.0
P16234|Q9C0D2_KTQPTGVGI|0.497
P16234|Q9C0D2_IAPASCPVI|0.0
P16234|Q9C0D2_CPVISDEDS|0.025
P16234|Q9C0D2_LRQFSQTET|0.0
P16234|Q9C0D2_SETLSRALS|0.0
P16234|Q9C0D2_SRALSHDRQ|0.0
P16234|Q9C0D2_IQESSPTKN|0.0
P16234|Q9C0D2_QEVLYVHKQ|0.168
P16234|Q9C0D2_SGLVSSSSS|0.0
P16234|Q9C0D2_SSSSSPVVV|0.0
P16234|Q9C0D2_LLRISQLIQ|0.0
P16234|Q9C0D2_EGRISPEQV|0.0
P16234|Q9C0D2_TLPSSHREI|0.0
P16234|Q9C0D2_EVMYSYEKP|0.389
P16234|Q9C0D2_KPGIYEDRD|0.393
P16234|Q9C0D2_EEHAYLGPT|0.171
P16234|Q9C0D2_SSGISPDNR|0.0
P16234|Q9C0D2_FYQRSDSSS|0.123
P16234|Q9C0D2_QRSDSSSES|0.0
P16234|Q9C0D2_SHCATGLSK|0.0
P16234|Q9C0D2_ATGLSKSTV|0.0
P16234|Q9C0D2_TVYFTALRR|0.393
P16234|Q9C0D2_SRKESMGFE|0.0
P16234|Q9C0D2_ASTETPRRL|0.166
P16234|Q9C0D2_SSSVSRLKG|0.0
P16234|Q9C0D2_KEEKTKQEA|0.0
P16234|Q9C0D2_KQEAYAQNR|0.312
P16234|Q5VT06_RKEKSRSPL|0.0
P16234|Q5VT06_EKSRSPLRA|0.0
P16234|Q5VT06_EPLVSYREI|0.05
P16234|Q5VT06_NFSSSHLES|0.0
P16234|Q5VT06_SHLESKHVY|0.02
P16234|Q5VT06_SKHVYCVDV|0.001
P16234|Q5VT06_EKTESGNWM|0.0
P16234|Q5VT06_ALQNSECLI|0.0
P16234|Q5VT06_NLKLSVNNM|0.067
P16234|Q5VT06_RKVATAPPA|0.0
P16234|Q5VT06_PAPAYKGFN|0.284
P16234|Q5VT06_TKIRTPDGK|0.0
P16234|Q5VT06_FQNMSRELY|0.234
P16234|Q5VT06_ADDISIKEK|0.0
P16234|Q5VT06_QEENTALNK|0.0
P16234|Q5VT06_QNQKSSAPV|0.0
P16234|Q5VT06_NQKSSAPVH|0.0
P16234|Q5VT06_HAPRSHSPV|0.0
P16234|Q5VT06_KRRHYDTDE|0.345
P16234|Q5VT06_RHYDTDEVR|0.0
P16234|Q5VT06_LQETYSKLL|0.0
P16234|Q5VT06_PYVTSPAAY|0.379
P16234|Q5VT06_SAWNTEYDV|0.13
P16234|Q5VT06_IRPQSAISS|0.0
P16234|Q5VT06_CKRQTDSSS|0.0
P16234|Q5VT06_RQTDSSSSD|0.001
P16234|Q5VT06_QTDSSSSDM|0.0
P16234|Q5VT06_MQACSQDKA|0.0
P16234|Q5VT06_GERNSYEPI|0.101
P16234|Q5VT06_ERNSYEPIK|0.0
P16234|Q5VT06_IFTKSYQLY|0.0
P16234|Q5VT06_TEKKSTLEP|0.0
P16234|Q5VT06_LEPHSTLSP|0.0
P16234|Q5VT06_EPHSTLSPQ|0.0
P16234|Q5VT06_HSTLSPQED|0.0
P16234|Q5VT06_SGAQSAASS|0.0
P16234|Q5VT06_RSSTSSKGK|0.0
P16234|Q5VT06_EWLDSFTGN|0.0
P16234|Q5VT06_NVQNSLLDE|0.0
P16234|Q5VT06_SSKLSVKDF|0.0
P16234|Q5VT06_SSQKSLQFD|0.0
P16234|Q5VT06_SKRFSPAGL|0.224
P16234|Q5VT06_LAILYDHQR|0.137
P16234|Q5VT06_KQLRTRTET|0.0
P16234|Q5VT06_TRTETDRKS|0.0
P16234|Q5VT06_RKSPSVSLS|0.0
P16234|Q5VT06_SRQESPSVP|0.0
P16234|Q5VT06_KFDESMTED|0.0
P16234|Q5VT06_DESMTEDEI|0.065
P16234|Q5VT06_LETRSPSPI|0.0
P16234|Q5VT06_TRSPSPISI|0.0
P16234|Q5VT06_STSPSKHSL|0.0
P16234|Q5VT06_SLPKSCTSV|0.0
P16234|Q5VT06_PKSCTSVSK|0.0
P16234|Q5VT06_CTSVSKQES|0.161
P16234|Q5VT06_FIKKTEAEL|0.0
P16234|Q5VT06_IKTLSSASE|0.0
P16234|Q5VT06_KTLSSASEK|0.0
P16234|Q5VT06_LSSASEKPK|0.0
P16234|Q5VT06_IKPLTPLHR|0.001
P16234|Q5VT06_KNWKSLTES|0.0
P16234|Q5VT06_ESERSRGSL|0.0
P16234|Q5VT06_RSRGSLESI|0.0
P16234|Q5VT06_HVDASLSGS|0.0
P16234|Q5VT06_DASLSGSER|0.0
P16234|Q5VT06_SLSAYAKRV|0.329
P16234|Q5VT06_ESGDSLENV|0.0
P16234|Q5VT06_ILDMSDGKV|0.0
P16234|Q5VT06_KEIEYTKLK|0.068
P16234|Q5VT06_DMNHSPNIQ|0.0
P16234|Q5VT06_EKDLSWSEH|0.0
P16234|Q5VT06_DLSWSEHLF|0.0
P16234|Q5VT06_SAELYKDDF|0.06
P16234|Q5VT06_LRKDSQSCR|0.0
P16234|Q5VT06_MRSSTSGAT|0.0
P16234|Q5VT06_TSGATSFGS|0.0
P16234|Q5VT06_TSFGSNEEI|0.0
P16234|Q5VT06_SECLSEKSL|0.031
P16234|Q5VT06_LSEKSLSIH|0.0
P16234|Q5VT06_EKSLSIHSN|0.0
P16234|Q5VT06_LSIHSNVHS|0.0
P16234|Q5VT06_SNVHSDRLL|0.0
P16234|Q5VT06_NFDDYVDIN|0.239
P16234|Q5VT06_DEDCYSDER|0.265
P16234|Q5VT06_SDERYQCYN|0.333
P16234|Q5VT06_RYQCYNQEQ|0.391
P16234|Q5VT06_EKDVSEYFY|0.373
P16234|Q5VT06_DVSEYFYEK|0.282
P16234|Q5VT06_SEYFYEKSL|0.467
P16234|Q5VT06_KDLISDATE|0.0
P16234|Q5VT06_TEKVSIAAE|0.0
P16234|Q5VT06_AEDDTLDNT|0.0
P16234|Q5VT06_DNTFSEELE|0.0
P16234|Q5VT06_EDNLYAEAS|0.035
P16234|Q5VT06_ELELSREFL|0.0
P16234|Q9C0F1_RLLNYPEEV|0.042
P16234|Q9C0F1_QKIPSQQRK|0.0
P16234|Q9C0F1_GVDISGRFM|0.0
P16234|Q9C0F1_FNEVSEDYA|0.048
P16234|Q9C0F1_VSEDYASCS|0.004
P16234|Q9C0F1_EDYASCSDM|0.021
P16234|Q9C0F1_YASCSDMDL|0.284
P16234|Q9C0F1_PHRKSEVER|0.0
P16234|Q9C0F1_LSSGYSTAS|0.125
P16234|Q9C0F1_SGYSTASSD|0.019
P16234|Q9C0F1_YSTASSDST|0.0
P16234|Q9C0F1_STASSDSTP|0.0
P16234|Q9C0F1_STVNYCGLN|0.019
P16234|Q9C0F1_CPNHYL___|0.299
P16234|Q53EZ4_MSSRSTKDL|0.0
P16234|Q53EZ4_KPSNSKSET|0.0
P16234|Q53EZ4_SNSKSETTL|0.0
P16234|Q53EZ4_HLKTSVDEI|0.0
P16234|Q53EZ4_KGKLTDKER|0.0
P16234|Q53EZ4_AELESKTNT|0.0
P16234|Q53EZ4_LESKTNTLR|0.0
P16234|Q53EZ4_SKTNTLRLS|0.0
P16234|Q53EZ4_TLRLSQTVA|0.0
P16234|Q53EZ4_RLSQTVAPN|0.0
P16234|Q53EZ4_TAAHSLPQQ|0.0
P16234|Q53EZ4_ESEGYLQEE|0.33
P16234|Q53EZ4_NQLLYSQRR|0.196
P16234|Q53EZ4_QLLYSQRRA|0.0
P16234|Q53EZ4_VQFLYTSLL|0.0
P16234|Q53EZ4_QFLYTSLLK|0.0
P16234|Q53EZ4_MQACTLDFE|0.0
P16234|Q53EZ4_TQLESLKQL|0.0
P16234|Q53EZ4_VHVEYCSK_|0.323
P16234|Q53EZ4_VEYCSK___|0.32
P16234|Q86XR8_VSAASGSHL|0.0
P16234|Q86XR8_GSHLSNSFA|0.0
P16234|Q86XR8_HLSNSFAEP|0.0
P16234|Q86XR8_MVRHSSSPY|0.0
P16234|Q86XR8_VRHSSSPYV|0.0
P16234|Q86XR8_RHSSSPYVV|0.002
P16234|Q86XR8_SSSPYVVYP|0.306
P16234|Q86XR8_PSKPTLAYP|0.016
P16234|Q86XR8_PTLAYPESN|0.0
P16234|Q86XR8_AYPESNSRA|0.001
P16234|Q86XR8_PESNSRAIF|0.0
P16234|Q86XR8_ESVKTLSRE|0.0
P16234|Q86XR8_LSRETIEYK|0.0
P16234|Q86XR8_ETIEYKKVL|0.001
P16234|Q86XR8_ERENSKNEE|0.0
P16234|Q86XR8_EDKATPCVP|0.0
P16234|Q86XR8_QESPTVELK|0.0
P16234|Q8IYX8_HSPNSQALI|0.0
P16234|Q8IYX8_LDQMSMEHQ|0.026
P16234|Q8IYX8_TESHSVCDD|0.0
P16234|Q8IYX8_NIKNSPRKC|0.0
P16234|Q8IYX8_RKCLTDTNL|0.0
P16234|Q8IYX8_QKNSSFHPI|0.0
P16234|Q96MT8_QGEQSYSSA|0.0
P16234|Q96MT8_EHYKTDLHS|0.0
P16234|Q96MT8_RGQASDSIN|0.0
P16234|Q96MT8_EEFISSCSL|0.0
P16234|Q96MT8_ISSCSLPVS|0.0
P16234|Q96MT8_SLPVSPLGS|0.0
P16234|Q96MT8-2_LHECSLPVS|0.0
P16234|Q96MT8-2_SLPVSPLGS|0.0
P16234|Q96MT8-3_VEAISLESV|0.0
P16234|Q96MT8-3_LHECSLPVS|0.0
P16234|Q96MT8-3_SLPVSPLGS|0.0
P16234|Q96MT8-4_VEAISLESV|0.0
P16234|Q76N32_GGLISPVWG|0.0
P16234|Q76N32_PGGPSRAHQ|0.0
P16234|Q76N32_QPQASDANR|0.0
P16234|Q76N32_LPPATMGSG|0.0
P16234|Q76N32_PQTLSLPRT|0.0
P16234|Q76N32_RPQWSPQPV|0.0
P16234|Q76N32_RRRLSFQAE|0.0
P16234|Q76N32_LDSFSVSPA|0.0
P16234|Q76N32_SFSVSPAST|0.0
P16234|Q76N32_STLKSPTNV|0.0
P16234|Q76N32_LKSPTNVSP|0.0
P16234|Q76N32_PTNVSPNCP|0.0
P16234|Q76N32_PREPSLKQW|0.0
P16234|Q76N32_MGLASWSQL|0.0
P16234|Q76N32_QLASTPRAP|0.0
P16234|Q76N32_LDMGSPQLR|0.0
P16234|Q76N32_RGWPSPRPE|0.0
P16234|Q76N32_EKRTSQSAR|0.0
P16234|Q76N32_ARRPTCTES|0.0
P16234|Q76N32_SRWKSEEEV|0.0
P16234|Q76N32_LTQVSSLVS|0.0
P16234|Q76N32_RAHDSAGEG|0.0
P16234|Q76N32_AGEGSLGSS|0.0
P16234|Q76N32_KTRPSLPAR|0.0
P16234|Q76N32_RWPFSDPDV|0.0
P16234|Q76N32_TSLKSSLQL|0.0
P16234|Q8NHQ1_KEDESQSEE|0.0
P16234|Q8NHQ1_DESQSEEEN|0.0
P16234|Q8NHQ1_EENDYRNLD|0.208
P16234|Q8NHQ1_KESKSKIDA|0.0
P16234|Q9P209_QEKITHLGH|0.0
P16234|Q9P209_SLDLSRNSL|0.0
P16234|Q9P209_PVRASERKA|0.0
P16234|Q9P209_LHFASEDSL|0.0
P16234|Q9P209_QCGDSGKQG|0.0
P16234|Q9P209_KLDLSGEMV|0.0
P16234|Q9P209_GRFQTFSDQ|0.0
P16234|Q9P209_FQTFSDQEG|0.0
P16234|Q9P209_KESLSRQDS|0.0
P16234|Q9P209_SRQDSSESR|0.0
P16234|Q9P209_RQDSSESRN|0.0
P16234|Q9P209_DSSESRNGR|0.0
P16234|Q9P209_RNGRTLSQP|0.0
P16234|Q9P209_QPEASETEE|0.0
P16234|Q9P209_GVTDTREPS|0.0
P16234|Q9P209_PSPGSHSAL|0.0
P16234|Q9P209_GGCRSLHSN|0.0
P16234|Q9P209_HLDKSLEEN|0.0
P16234|Q9P209_SRLKSLLLS|0.0
P16234|Q9P209_SLLLSMKKE|0.0
P16234|Q8TAP6_PEKASELKQ|0.0
P16234|Q8TAP6_FDRQSTLKK|0.0
P16234|Q8TAP6_DRQSTLKKT|0.0
P16234|Q8TAP6_RPVCSYVKP|0.279
P16234|Q8TAP6_PVCSYVKPL|0.203
P16234|Q8TAP6_RLLVSEHRK|0.005
P16234|Q5JTW2_APLLSTLKI|0.0
P16234|Q5JTW2_PLLSTLKIN|0.0
P16234|Q5JTW2_ERDLTILAK|0.0
P16234|Q5JTW2_GLNKSASLV|0.0
P16234|Q5JTW2_NKSASLVHL|0.0
P16234|Q5JTW2_QGIKSSITL|0.0
P16234|Q5JTW2_GIKSSITLK|0.0
P16234|Q5JTW2_RSAKSEYQW|0.0
P16234|Q5JTW2_AKSEYQWIT|0.252
P16234|Q5JTW2_IILGSGHKG|0.0
P16234|Q5JTW2_GRKHSLGKE|0.0
P16234|Q5JTW2_LGKEYYAPA|0.289
P16234|Q5JTW2_GKEYYAPAP|0.359
P16234|Q5JTW2_DKRVSELEH|0.0
P16234|Q5JTW2_QRQESFEGF|0.0
P16234|Q5JTW2_ARMCSPSPD|0.0
P16234|Q5JTW2_MCSPSPDAT|0.001
P16234|Q5JTW2-2_VGLATKKPV|0.0
P16234|Q5SZL2_APEASGRDS|0.0
P16234|Q5SZL2_KLRESLTPD|0.0
P16234|Q5SZL2_RESLTPDGS|0.0
P16234|Q5SZL2_SLMQTLGNH|0.0
P16234|Q5SZL2_LGNHSRGEQ|0.0
P16234|Q5SZL2_DFRASSSTL|0.0
P16234|Q5SZL2_ASSSTLRRQ|0.0
P16234|Q5SZL2_EGRNTEDSY|0.001
P16234|Q5SZL2_NTEDSYSLA|0.0
P16234|Q5SZL2_RQSYSPGYQ|0.0
P16234|Q5SZL2_SMNCSAEET|0.0
P16234|Q9Y6K0_GHMSTTGCV|0.006
P16234|Q9Y6K0_TPPLSRHQL|0.009
P16234|Q9Y6K0_SAGRSLLEP|0.0
P16234|O95813_EMHPSRDSD|0.0
P16234|O95813_KMEKSPLRE|0.001
P16234|Q5T4B2_DLTGSSGHS|0.0
P16234|Q5T4B2_LTGSSGHSL|0.0
P16234|Q8TCT0_VCRQSKQQL|0.0
P16234|Q8TCT0_IRKCSRFNF|0.0
P16234|Q49MI3_PAGDSKYDL|0.201
P16234|Q49MI3_PRLISLYGG|0.343
P16234|P23141_NATSYPPMC|0.162
P16234|P23141_PPMCTQDPK|0.0
P16234|P23141_ATEKYLGGT|0.417
P16234|P23141_YLGGTDDTV|0.235
P16234|P23141_AGAPTYMYE|0.216
P16234|P23141_EIRLSKMVM|0.0
P16234|P23141_QKEGYLQIG|0.024
P16234|O00748_RTTHTGQVL|0.0
P16234|O00748_QVLGSLVHV|0.0
P16234|O00748_DREASQAAL|0.0
P16234|Q6UWW8_VRVESGVLV|0.0
P16234|Q6UWW8_ACPATATGP|0.0
P16234|Q6UWW8_PEVDTTLGR|0.0
P16234|Q6UWW8_KNTIYPLTV|0.322
P16234|Q6NT32_LREATSYPN|0.0
P16234|Q6NT32_REATSYPNL|0.305
P16234|Q5XG92_QGKVSSVPY|0.0
P16234|Q12798_FKKPSAAST|0.0
P16234|P41208___MASNFKK|0.0
P16234|P41208_NMASSSQRK|0.0
P16234|P41208_MASSSQRKR|0.0
P16234|O15182_RRELSEEQK|0.0
P16234|O15182_ELFDTDKDE|0.0
P16234|O15182_EAIDYHELK|0.0
P16234|P11597_VFKGTLKYG|0.0
P16234|P11597_MPKISCQNK|0.0
P16234|P11597_KLFLSLLDF|0.0
P16234|P11597_DFQITPKTV|0.0
P16234|Q6GQQ9_NLPPSFSEG|0.0
P16234|Q6GQQ9_GGSRTPEKG|0.0
P16234|Q6GQQ9_DREPTRPPR|0.0
P16234|Q6GQQ9_ISHASSSIV|0.0
P16234|Q6GQQ9_SHASSSIVS|0.0
P16234|Q6GQQ9_HASSSIVSL|0.0
P16234|Q6GQQ9_EDFRSFIER|0.12
P16234|Q6GQQ9_LIEQSMLVA|0.0
P16234|Q6GQQ9_RKALYALME|0.394
P16234|Q6GQQ9_QKENTKEQA|0.0
P16234|Q6GQQ9_PESPTASAG|0.0
P16234|Q6GQQ9_SPTASAGDE|0.0
P16234|Q6GQQ9_DEPRSTPES|0.0
P16234|Q6GQQ9_EPRSTPESG|0.0
P16234|Q6GQQ9_SDKESVGSS|0.0
P16234|Q6GQQ9_KRADSVANK|0.027
P16234|Q6GQQ9_NKLGSFGKT|0.0
P16234|Q6GQQ9_SGTETLEKK|0.0
P16234|Q6GQQ9_KKKNSLKSW|0.0
P16234|Q6GQQ9_QRYLSDAEE|0.209
P16234|Q6GQQ9_PHQDSIPSL|0.0
P16234|Q6GQQ9_YSNGYREPP|0.529
P16234|Q8N1D5_PDQISRWYG|0.0
P16234|Q8N1D5_ISRWYGKRK|0.0
P16234|Q8N1D5_PPHRYLIST|0.0
P16234|Q8N1D5_LISTYDDHY|0.0
P16234|Q5VTH2_LQNWSPTKP|0.0
P16234|Q5VTH2_NPWGSFMGT|0.0
P16234|Q5VTH2_PARVTLTSR|0.0
P16234|Q5VTH2_RVTLTSRTT|0.0
P16234|Q5VTH2_VTLTSRTTA|0.0
P16234|Q5VTH2_LTSRTTAGA|0.0
P16234|Q5JU67_RLLLSQLEQ|0.0
P16234|Q6P656_QVLRYGQDF|0.0
P16234|Q6P656_NKMLYLSSD|0.127
P16234|Q6P656_PRDASSSML|0.0
P16234|Q6P656_PKPPTEDTR|0.0
P16234|Q6P656_PTEDTRAME|0.0
P16234|Q8IYR0_NMDRTLMKS|0.0
P16234|Q8IYR0_TLMKSDVQN|0.0
P16234|Q8IYR0_LESLYRKII|0.0
P16234|Q8IYR0_LGSPTDIKT|0.0
P16234|Q8IYR0_YQLETARSQ|0.0
P16234|Q8IYR0_ETARSQVYR|0.0
P16234|Q6ZVT6_ITRNSKNQD|0.0
P16234|Q6ZVT6_NMKISSETV|0.0
P16234|P57076_QRLCSEMEE|0.0
P16234|P57076_TKKLSDYVG|0.0
P16234|P57076_KLSDYVGKN|0.017
P16234|P57076_QLMLYYHRR|0.42
P16234|P57076_LMLYYHRRQ|0.0
P16234|P57076_AYLNSPWAD|0.0
P16234|P57076_WADNTALKR|0.0
P16234|Q9BRQ4_LPQKTFQSL|0.0
P16234|Q9BRQ4_KTFQSLSSK|0.0
P16234|Q9BRQ4_FQSLSSKEI|0.0
P16234|Q9BRQ4_NVPCTQLSM|0.003
P16234|Q9BRQ4_CTQLSMSFF|0.0
P16234|Q9BRQ4_QLSMSFFHR|0.0
P16234|Q9BRQ4_DSEKYEIFS|0.0
P16234|Q9BRQ4_MCYPSAKNH|0.056
P16234|Q96G28_SKEEYDQEE|0.0
P16234|Q96G28_TVHSSEAAI|0.0
P16234|Q96G28_AHPPSEVKM|0.0
P16234|Q96G28_LEHASIEGP|0.0
P16234|Q96G28_DKLMSMRKD|0.0
P16234|O43822_LSELYLRRN|0.0
P16234|O43822_PCCGTSPHR|0.0
P16234|O43822_CCGTSPHRY|0.0
P16234|O43822_GQFPSLSAR|0.0
P16234|O43822_FPSLSARDA|0.0
P16234|O43822_ARDASSSHR|0.0
P16234|O43822_AVQQTVGSR|0.0
P16234|O43822-4_DPLDSEEEA|0.0
P16234|Q96NL8_SKFCTPDLL|0.0
P16234|Q96NL8_DDLDSLINE|0.0
P16234|Q96NL8_SVRASIEGL|0.0
P16234|Q96NL8_GTNISWRAC|0.0
P16234|Q6ZTR5_IQQRTDIAL|0.0
P16234|Q6ZTR5_LNNLTYIRK|0.283
P16234|Q6ZTR5_NNLTYIRKI|0.077
P16234|Q6ZTR5_PYQKTVITF|0.0
P16234|Q6ZTR5_KTVITFCFT|0.0
P16234|Q6ZTR5_IGPSYRQDY|0.181
P16234|Q6ZTR5_YRQDYALFL|0.002
P16234|Q6ZTR5_LAFNSICKA|0.0
P16234|Q6ZTR5_KRKNYAPVA|0.0
P16234|Q6ZTR5_YYAMYLKYL|0.299
P16234|Q6ZTR5_SGLKSPSLS|0.0
P16234|Q6ZTR5_LKSPSLSEA|0.0
P16234|Q6ZTR5_ILPTSSTYI|0.0
P16234|Q6ZTR5_IMSSTNTMP|0.0
P16234|Q6ZTR5_SSTNTMPVS|0.0
P16234|Q6ZTR5_INRKSQLII|0.0
P16234|Q6ZTR5_FFGFSLTPD|0.0
P16234|Q6ZTR5_LVIQTEEMY|0.255
P16234|Q6ZTR5_TEEMYWKYE|0.222
P16234|Q6ZTR5_MYWKYEING|0.248
P16234|Q6ZTR5_INGLTPTTV|0.0
P16234|Q6ZTR5_GLTPTTVPP|0.0
P16234|Q6ZTR5_LTPTTVPPK|0.0
P16234|Q6ZTR5_KLIRTGVSS|0.0
P16234|Q6ZTR5-6_EDMPSVWVV|0.0
P16234|Q6ZTR5-6_VWVVTIRLA|0.0
P16234|Q96N23_AAQGSPSSS|0.0
P16234|Q96N23_SPSSSPSDD|0.0
P16234|Q96N23_HILSSLRLI|0.0
P16234|Q96N23_ESRRYFREA|0.399
P16234|Q96N23_RLNISRNDY|0.204
P16234|Q96N23_SRNDYAKFT|0.195
P16234|Q96N23_LLFAYKLLD|0.43
P16234|Q96N23_KIFQSFDSG|0.0
P16234|Q96N23_QSFDSGKLL|0.106
P16234|Q96N23_GKLLTSKEN|0.0
P16234|Q96N23_KLLTSKENI|0.0
P16234|Q96N23_AVLVTIGQP|0.0
P16234|Q96N23_ITNKSKPNL|0.0
P16234|Q96N23_EEIYSKDDG|0.256
P16234|Q96N23_LNLLTRAHS|0.0
P16234|Q96N23_AFGETIEFR|0.0
P16234|Q96N23_RSSNTKYAN|0.426
P16234|Q96N23_LKNIYLPHV|0.0
P16234|Q96N23_LCRTTAVEE|0.289
P16234|Q96N23_IRDSYLEMA|0.0
P16234|Q96N23_MALLYFHLK|0.0
P16234|Q96N23_KIKISGSPL|0.0
P16234|Q96N23_KISGSPLTL|0.0
P16234|Q96N23_GSPLTLKPP|0.0
P16234|Q8NHU2_NLAVTLCND|0.0
P16234|Q8NHU2_IEKLSDIST|0.0
P16234|Q8NHU2_LSDISTGYA|0.0
P16234|Q8NHU2_SDISTGYAQ|0.08
P16234|Q8NHU2_VSSRSLASL|0.0
P16234|Q8NHU2_RSLASLVLP|0.001
P16234|Q8NHU2_LGFKSCLYY|0.351
P16234|Q8NHU2_RQIVYPLEK|0.0
P16234|Q8NHU2_LVFCSHMKF|0.0
P16234|A5D8W1_MKIPSSELR|0.0
P16234|A5D8W1_QQASSSYKI|0.034
P16234|A5D8W1_ASSSYKIQM|0.433
P16234|A5D8W1_IQQLSNLEC|0.0
P16234|A5D8W1_KIQATHKQR|0.0
P16234|Q9C0B2_RQNLSALDK|0.0
P16234|Q9C0B2_ILERTVERL|0.01
P16234|Q9C0B2_ALKLSSLLT|0.0
P16234|Q9C0B2_SSLLTYEDK|0.277
P16234|Q9C0B2_DKSLYDKAA|0.382
P16234|Q6ZQR2_EARSSGPDL|0.0
P16234|Q6ZQR2_PVRRTVSQV|0.0
P16234|Q6ZQR2_RRPLTVADI|0.0
P16234|Q6ZQR2_INFNYGLYI|0.0
P16234|Q6ZQR2_NYGLYIRGL|0.292
P16234|Q6ZQR2_PPNMTFGIR|0.0
P16234|Q6ZQR2_LGKLYETRS|0.0
P16234|Q6ZQR2_QLRKYKPPV|0.0
P16234|Q9ULG3_QKGKYASLI|0.084
P16234|Q9ULG3_LIEKYKKHP|0.021
P16234|Q9ULG3_YRLKTAGFT|0.25
P16234|Q9ULG3_LSSLTNILD|0.006
P16234|Q5VTT2_FPKGYDIEG|0.057
P16234|Q5VTT2_RKCRSQFTD|0.0
P16234|Q5VTT2_RSQFTDLNG|0.0
P16234|Q5VTT2_DLNGSKRFG|0.0
P16234|Q9P2B7_SFFDSDFEE|0.0
P16234|Q9P2B7_KNVNSNTGM|0.0
P16234|Q9P2B7_VNSNTGMQT|0.0
P16234|Q9P2B7_ENDVTQTVS|0.0
P16234|Q9P2B7_LPASSRSKK|0.0
P16234|Q9P2B7_KIHVSIPNR|0.0
P16234|Q9P2B7_GEDDYYTDG|0.0
P16234|Q9P2B7_EDDYYTDGE|0.281
P16234|Q9P2B7_NVKKSIRKK|0.0
P16234|Q9P2B7_SSSSSLSSS|0.0
P16234|Q9P2B7_SSSGSGTDC|0.0
P16234|Q9P2B7_SGSGTDCLD|0.0
P16234|Q9P2B7_LDAGSDSHL|0.0
P16234|Q9P2B7_AGSDSHLSD|0.0
P16234|Q9P2B7_HLSDSSPSS|0.0
P16234|Q9P2B7_TQPSSTTPK|0.0
P16234|Q9P2B7_QENVSQEIY|0.0
P16234|Q9P2B7_SQEIYEDVE|0.013
P16234|Q9P2B7_SVLDSSLDH|0.0
P16234|Q9P2B7_FDQPSVAPG|0.0
P16234|Q9P2B7_PGKNYSFTR|0.0
P16234|Q9P2B7_GKNYSFTRE|0.0
P16234|Q9P2B7_PPKLYHSAL|0.04
P16234|Q9P2B7_KLYHSALNR|0.0
P16234|Q9P2B7_QLMDYHRNM|0.097
P16234|Q9P2B7_RNMGYLNSS|0.0
P16234|Q9P2B7_YLNSSPLSR|0.0
P16234|Q9P2B7_SSPLSRRAR|0.0
P16234|Q9P2B7_TLGQYSPLR|0.0
P16234|Q9P2B7_LGQYSPLRA|0.0
P16234|Q9P2B7_PLRASRTSS|0.0
P16234|B2RV13_RKPHYDRRA|0.0
P16234|P00751_RKVGSQYRL|0.24
P16234|P00751_VGSQYRLED|0.0
P16234|P00751_VLDGSDSIG|0.0
P16234|P00751_NKLKYGQTI|0.133
P16234|P00751_DKKGSCERD|0.0
P16234|P00751_TGGVSPYAD|0.319
P16234|P0CG37_GEGASARPR|0.0
P16234|Q9UEE9_KGIGSEDAR|0.0
P16234|Q9UEE9_TEETSSSKL|0.0
P16234|Q9UEE9_ETSSSKLLV|0.0
P16234|Q9UEE9_SALPSLPAG|0.0
P16234|Q9UEE9_GLKRSSGMS|0.0
P16234|Q9UEE9_SSGMSSLLG|0.0
P16234|Q9UEE9_SGMSSLLGK|0.0
P16234|Q9UEE9_KQKMSTLEK|0.0
P16234|Q9UEE9_TLEKSKLDW|0.0
P16234|Q9UEE9_GKEGYIERK|0.351
P16234|P08603_CLPVTAPEN|0.016
P16234|P08603_GKIVSSAME|0.0
P16234|P08603_KIVSSAMEP|0.003
P16234|P08603_VQGKSIDVA|0.075
P16234|P08603_PKAQTTVTC|0.001
P16234|P08603_TCSKSSIDI|0.076
P16234|P08603_CSKSSIDIE|0.0
P16234|P08603_KKDQYKVGE|0.265
P16234|P08603_KKDVYKAGE|0.409
P16234|P08603_PCVISREIM|0.0
P16234|P08603_RTGESVEFV|0.354
P16234|Q03591_PCVISREIM|0.0
P16234|P36980_RSTISAEKC|0.0
P16234|P36980_PCVISQEIM|0.229
P16234|Q02985_PPPISNGDT|0.0
P16234|Q02985_SNGDTTSFL|0.0
P16234|Q02985_NGDTTSFLL|0.0
P16234|Q02985_GDTTSFLLK|0.0
P16234|Q92496_SRAKSNGMR|0.0
P16234|Q92496_PPPISNGDT|0.0
P16234|Q92496_SNGDTTSFL|0.0
P16234|Q92496_NGDTTSFLL|0.0
P16234|Q92496_GDTTSFLLK|0.0
P16234|Q9BXR6_KKESYKVGD|0.362
P16234|Q9BXR6_VGSDSVQCY|0.369
P16234|Q9BXR6_PNFPTCKGQ|0.0
P16234|Q9BXR6_CKENYLLPE|0.131
P16234|P05156_CKVTYTSQE|0.113
P16234|P05156_CQQKSLECL|0.0
P16234|P05156_RTMGYQDFA|0.0
P16234|P05156_YNAGTYQND|0.42
P16234|P05156_ERVFSLQWG|0.0
P16234|O43809_PPNRSQTGW|0.0
P16234|O43809_FGNKYIQQT|0.211
P16234|O43809_TLERTINLY|0.016
P16234|O43809_PLTNYTFGT|0.143
P16234|O43809_YTFGTKEPL|0.004
P16234|O15519_KIQKYKQSV|0.477
P16234|O15519_AGTSYRNVL|0.412
P16234|O15519_PVKKSIQES|0.229
P16234|O15519_SIQESEAFL|0.0
P16234|O15519_CVLVSRGGS|0.0
P16234|P27918_QYEESSGKC|0.016
P16234|P27918_YEESSGKCK|0.389
P16234|P13569_PSVDSADNL|0.0
P16234|P13569_ADNLSEKLE|0.0
P16234|P13569_LGEVTKAVQ|0.178
P16234|P13569_AGKISERLV|0.0
P16234|P13569_ILVTSKMEH|0.0
P16234|P13569_LNLMTHSVN|0.0
P16234|P13569_LMTHSVNQG|0.0
P16234|P13569_LDIYSRRLS|0.0
P16234|P13569_LSQETGLEI|0.0
P16234|P13569_VLQPYIFVA|0.124
P16234|P13569_IFVATVPVI|0.0
P16234|P13569_KQLESEGRS|0.0
P16234|P13569_KVRQYDSIQ|0.492
P16234|P13569_PHRNSSKCK|0.0
P16234|Q8N884_SRAGSCRQR|0.0
P16234|Q8N884_KLKLSRDDI|0.0
P16234|Q8N884_DDISTAAGM|0.0
P16234|Q8N884_LKCDSAFRG|0.229
P16234|Q8N884_HVKISAPNE|0.004
P16234|Q8N884_ENPLSQFLE|0.0
P16234|Q8N884_KLMKYLLEQ|0.387
P16234|P0DN86_LLLLSMGGT|0.0
P16234|P0DN86_VVCNYRDVR|0.417
P16234|P0DN86_APPPSLPSP|0.0
P16234|P0DN86_PSLPSPSRL|0.0
P16234|P0DN86_LPSPSRLPG|0.017
P16234|A6NKQ9_APPPSLPSP|0.0
P16234|A6NKQ9_PSLPSPSRL|0.0
P16234|A6NKQ9_LPSPSRLPG|0.0
P16234|A6NKQ9-2_LLLLSMGGT|0.0
P16234|A6NKQ9-2_SMGGTWASK|0.0
P16234|A6NKQ9-2_GTWASKEPL|0.0
P16234|A6NKQ9-2_VVCNYRDVR|0.0
P16234|Q6NT52_LLLLSMGGT|0.0
P16234|Q6NT52_VVCNYRDVR|0.285
P16234|Q6NT52_APPPSLPSP|0.0
P16234|Q6NT52_PSLPSPSRL|0.0
P16234|Q6NT52_LPSPSRLPG|0.0
P16234|Q9UFW8_NRSKTALYV|0.011
P16234|Q9UFW8_RAFLSRHVK|0.0
P16234|Q9UFW8_KNGGSIPKS|0.0
P16234|Q9UFW8_SIPKSDQLR|0.0
P16234|Q9UJA5_PTAETKEAG|0.0
P16234|Q9UJA5_KEAGTDNRN|0.229
P16234|Q9UJA5_DDGKSQKLT|0.0
P16234|Q9UJA5_KKKKYEAII|0.223
P16234|Q9UJA5_EAIITVVKP|0.11
P16234|Q9UJA5_NHMRYDTLA|0.308
P16234|Q9UJA5_MRYDTLAQM|0.285
P16234|Q9UJA5_AQMLTLGNI|0.0
P16234|Q9UJA5_GGFGSIIQL|0.0
P16234|Q9UJA5_IIQLYPGGG|0.327
P16234|Q9UJA5_ESNGTLEEK|0.0
P16234|Q9UJA5_SKKDYIQEK|0.313
P16234|Q9UJA5_KSNASTLES|0.0
P16234|Q9UJA5_SNASTLESH|0.0
P16234|Q9UJA5_KCPESDS__|0.0
P16234|Q9UJA5_PESDS____|0.0
P16234|Q9P2M7_TEPVSGAEM|0.0
P16234|Q9P2M7_AEMGTLRRG|0.0
P16234|Q9P2M7_DARASTYGV|0.018
P16234|Q9P2M7_RASTYGVAV|0.324
P16234|Q9P2M7_PENPYSQVK|0.42
P16234|Q9P2M7_ENPYSQVKG|0.098
P16234|Q9P2M7_PSQSSTSDE|0.0
P16234|Q9P2M7_SQSSTSDEE|0.0
P16234|Q9P2M7_EPGAYWNGK|0.417
P16234|Q9P2M7_PSNRSNSML|0.0
P16234|Q9P2M7_SPGSTIDTA|0.0
P16234|Q9P2M7_STIDTAPLS|0.0
P16234|Q9P2M7_SSVDSLINK|0.0
P16234|Q9P2M7_NKFDSQLGG|0.033
P16234|Q9P2M7_QRKRSKSLD|0.0
P16234|Q9P2M7_LPRDTFEER|0.108
P16234|Q9P2M7_SSTKYDNHV|0.31
P16234|Q9P2M7_QPAQSQNLS|0.0
P16234|Q9P2M7_EPRRSAQDP|0.386
P16234|Q9P2M7_LQFKSTPDL|0.0
P16234|Q9P2M7_KATIYGILR|0.111
P16234|Q9P2M7_LREGSSESE|0.0
P16234|Q9P2M7_REGSSESET|0.0
P16234|Q9P2M7_GSSESETSV|0.0
P16234|Q9P2M7_SESETSVRR|0.0
P16234|Q9P2M7_ESETSVRRK|0.0
P16234|Q9P2M7_VSSGSTKAV|0.0
P16234|Q9P2M7_KLEPSQVGL|0.0
P16234|Q9P2M7_QLRRSMQDA|0.0
P16234|Q9P2M7_SRLETELDE|0.0
P16234|Q9P2M7_CDKISLERQ|0.0
P16234|Q9P2M7_LEKDSWRKA|0.0
P16234|Q9P2M7_VYDPSSIAS|0.421
P16234|Q9P2M7_SSIASLLTE|0.0
P16234|Q0VF96_KAGSYGVSI|0.0
P16234|Q0VF96_DGHPYIVLN|0.0
P16234|Q0VF96_PENPYAQPS|0.015
P16234|Q0VF96_KKPWTCFPK|0.0
P16234|Q0VF96_KPSNSQPTS|0.0
P16234|Q0VF96_NSQPTSPSL|0.0
P16234|Q0VF96_SQPTSPSLE|0.0
P16234|Q0VF96_PTSPSLEDP|0.0
P16234|Q0VF96_PKKQTSVCV|0.0
P16234|Q0VF96_KKQTSVCVN|0.0
P16234|Q0VF96_VNVQSCTKE|0.0
P16234|Q0VF96_VQSCTKERV|0.0
P16234|Q0VF96_LTAHSPHAH|0.0
P16234|Q0VF96_DGARSRRSS|0.0
P16234|Q0VF96_RSRRSSSSS|0.0
P16234|Q0VF96_RSSSSSTTP|0.0
P16234|Q0VF96_SSSSSTTPT|0.0
P16234|Q0VF96_SSSSTTPTS|0.0
P16234|Q0VF96_SSSTTPTSA|0.0
P16234|Q0VF96_TTPTSANSL|0.0
P16234|Q0VF96_TSANSLYRF|0.001
P16234|Q0VF96_ANSLYRFLL|0.038
P16234|Q0VF96_IDTGSIPGV|0.0
P16234|Q0VF96_NRINTDDRK|0.0
P16234|Q0VF96_NLGKSSEHL|0.0
P16234|Q0VF96_ETEGSQEST|0.0
P16234|Q0VF96_LGAQSKKEE|0.0
P16234|Q0VF96_ISVKTFPSA|0.0
P16234|Q0VF96_LKEGSTDND|0.0
P16234|Q0VF96_KEGSTDNDD|0.0
P16234|Q0VF96_NDDATKRKV|0.0
P16234|Q0VF96_LKEQYDAEL|0.001
P16234|Q0VF96_KAKETLKKY|0.003
P16234|Q0VF96_EASRTSTLE|0.0
P16234|Q0VF96_ASRTSTLEL|0.0
P16234|Q0VF96_CDKISLERQ|0.0
P16234|Q0VF96_DRLESSKKK|0.0
P16234|Q0VF96_STVASQI__|0.0
P16234|O75575_NKHSSGQQN|0.0
P16234|O75575_LNTITYETL|0.026
P16234|O75575_YISKTPCRH|0.0
P16234|Q99675_QLFMSANNN|0.007
P16234|Q99675_NTDRSLLEK|0.005
P16234|Q9BUX1_VRGYSRRFW|0.0
P16234|Q9BUX1_HEGCTWGVA|0.0
P16234|Q9BUX1_CRGFSGHNL|0.0
P16234|Q8WUX2_EVKAYLDFR|0.412
P16234|Q8WUX2_SGRNTEYLF|0.429
P16234|Q8WUX2_RNTEYLFEL|0.248
P16234|Q6NUI6_LRWVYLSGN|0.389
P16234|Q96QT4_CFTASLAMK|0.0
P16234|Q96QT4_LNPLSKLNV|0.0
P16234|Q96QT4_LMGGTYRCT|0.377
P16234|Q96QT4_NTSSSTPQL|0.0
P16234|Q96QT4_TSSSTPQLR|0.0
P16234|Q96QT4_KVILSILVP|0.0
P16234|Q96QT4_LLLEYKTKA|0.087
P16234|Q96QT4_LEYKTKAEM|0.0
P16234|Q96QT4_EIFMSEAGK|0.0
P16234|Q96QT4_QSLDSQIGH|0.0
P16234|Q96QT4_LQDLSALTV|0.0
P16234|Q96QT4_PSAVSPPEL|0.0
P16234|Q96QT4_QKLGSSSTS|0.0
P16234|Q96QT4_PHLSSPPTK|0.0
P16234|Q96QT4_PSQPSCKSH|0.0
P16234|Q96QT4_PSCKSHLET|0.0
P16234|Q96QT4_SHLETGTKD|0.0
P16234|Q96QT4_LETGTKDQE|0.0
P16234|Q96QT4_CHRTSIPVH|0.0
P16234|Q96QT4_SRRPSTEDT|0.0
P16234|Q9BX84_KGKESEQWS|0.0
P16234|Q9BX84_KLVISVHGG|0.393
P16234|Q9BX84_IQNFTMPSK|0.0
P16234|Q9BX84_GYRITLIDI|0.393
P16234|Q9BX84_LVVEYLIGR|0.0
P16234|Q9BX84_MRKNSWLKI|0.0
P16234|Q9BX84_QFMWYYSDQ|0.692
P16234|Q9BX84_FMWYYSDQN|0.603
P16234|Q9BX84_SVKEYDLER|0.363
P16234|Q9BX84_TRKVYEFYS|0.683
P16234|Q9BX84_KRKHSTCKK|0.0
P16234|Q9BX84_RKHSTCKKL|0.0
P16234|Q9BX84_LLEITNSKR|0.0
P16234|Q9BX84_TLSCTPEPM|0.427
P16234|Q9BX84_PEPMTMSSP|0.0
P16234|Q9BX84_LSGSSEIGQ|0.0
P16234|Q9BX84_LEESSPLNL|0.0
P16234|Q9BX84_DKSMSSWSQ|0.0
P16234|P28329_EGGGTRGRR|0.0
P16234|P28329_MAAKTPSSE|0.0
P16234|P28329_AKTPSSEES|0.0
P16234|P28329_RFAASLISG|0.0
P16234|P28329_SGVLSYKAL|0.043
P16234|P28329_TNRDSLDMI|0.0
P16234|P28329_LKHVTQSSR|0.0
P16234|P28329_IRADSVSEL|0.0
P16234|P28329_RLVPTYESA|0.109
P16234|P28329_LVPTYESAS|0.084
P16234|Q8WYQ3_HGLSSLP__|0.0
P16234|Q9Y6H1_AAPPSAVGS|0.0
P16234|Q9NX63_YSGAYGASV|0.411
P16234|Q9NX63_AKKESEDQK|0.0
P16234|Q9NX63_ERICSEEER|0.0
P16234|Q9NX63_QDAFYKEQL|0.381
P16234|Q9NX63_KFKRYESHP|0.376
P16234|Q9NX63_KRYESHPVC|0.254
P16234|Q9NX63_YRENTHQTL|0.003
P16234|Q8N4Q1_EEGSS____|0.0
P16234|Q9BRQ6_MKEPSSPPP|0.0
P16234|Q9BRQ6_PPAPTSSTF|0.0
P16234|Q9BRQ6_PHKESTLPR|0.088
P16234|Q9BRQ6_PRSGSSGGQ|0.001
P16234|Q9BRQ6_EEQKSVRLA|0.005
P16234|Q9BRQ6_RRRDTFYKE|0.452
P16234|Q9BRQ6_RDTFYKEQL|0.365
P16234|Q9BRQ6_NAEMYKLSS|0.43
P16234|Q9BRQ6_MYKLSSEQF|0.392
P16234|Q9BUK0_RCSTYFLRY|0.496
P16234|Q9BUK0_RFWNSIVMQ|0.016
P16234|Q86WR6_WGLHSNISG|0.0
P16234|O14646_MNGHSDEES|0.0
P16234|O14646_EREKSSCDE|0.0
P16234|O14646_REKSSCDET|0.0
P16234|O14646_SCDETESDY|0.006
P16234|O14646_DETESDYEP|0.0
P16234|O14646_TESDYEPKN|0.0
P16234|O14646_DEEDYDNDK|0.348
P16234|O14646_DKRSSRRQA|0.0
P16234|O14646_LKNASPEDV|0.0
P16234|O14646_LHKQYQIVE|0.007
P16234|O14646_QSKTTPFKD|0.0
P16234|O14646_KQPSYIGGH|0.0
P16234|O14646_EKFSSWEDF|0.0
P16234|O14646_KGREYGYAS|0.248
P16234|O14646_DVEKSLPAK|0.0
P16234|O14646_RMEMSALQK|0.0
P16234|O14646_YKALSKGSK|0.0
P16234|O14646_SKGSTSGFL|0.0
P16234|O14646_ILAEYLKYR|0.074
P16234|O14646_TVLHTGSAP|0.001
P16234|O14646_LHTGSAPSS|0.0
P16234|O14646_GSAPSSSTP|0.0
P16234|O14646_PSSSTPFNK|0.0
P16234|O14646_KEELSAILK|0.0
P16234|O14646_EGRRSRSRR|0.0
P16234|O14646_IKGFSDAEI|0.0
P16234|O14646_ALKDSSSGT|0.0
P16234|O14646_LKDSSSGTE|0.0
P16234|O14646_SSSGTERTG|0.0
P16234|O14646_GTERTGGRL|0.0
P16234|O14646_KSIPSDPEE|0.0
P16234|O14646_DPDLSLTHK|0.0
P16234|O14646_DLSLTHKIL|0.0
P16234|O14646_KEALSGAGS|0.0
P16234|O14646_GAGSSKRRK|0.0
P16234|O14646_KLSESKSDG|0.0
P16234|O14646_PVPISEESE|0.0
P16234|O14646_ISEESEELD|0.0
P16234|O14646_SQQNSDQNS|0.0
P16234|O14646_NHDDSSRDS|0.0
P16234|O14646_HDDSSRDSY|0.0
P16234|O14646_SSRDSYSSD|0.0
P16234|O14646_DSYSSDRHL|0.0
P16234|O14646_RPYSSFSNG|0.062
P16234|O14646_YSSFSNGKD|0.0
P16234|O14646_DWDHYKQDS|0.132
P16234|O14646_YKQDSRYYS|0.293
P16234|O14646_SRYYSDREK|0.072
P16234|O14646_YRYHSDWQM|0.159
P16234|O14646_RASSSGPRS|0.0
P16234|O14646_LDQRSPYGS|0.0
P16234|O14646_QRSPYGSRS|0.004
P16234|O14646_SPYGSRSPF|0.0
P16234|O14646_PFEHSVEHK|0.0
P16234|O14646_TPEHTWSSR|0.0
P16234|O14646_HTWSSRKT_|0.0
P16234|O14646-2_HRASSSGPR|0.0
P16234|O14646-2_SGPRSPLDQ|0.0
P16234|O14646-2_RSYGSRSPF|0.0
P16234|O14646-2_YGSRSPFEH|0.0
P16234|O14646-2_PFEHSVEHK|0.0
P16234|O14647_AGSKSQPVL|0.0
P16234|O14647_KEEASSGSE|0.0
P16234|O14647_EEASSGSES|0.0
P16234|O14647_ASSGSESGS|0.0
P16234|O14647_SESGSPKRR|0.0
P16234|O14647_KQEPSEDEQ|0.0
P16234|O14647_EQGTSAESE|0.0
P16234|O14647_TSAESEPEQ|0.0
P16234|O14647_DNSETIEKV|0.0
P16234|O14647_KVLDSRLGK|0.0
P16234|O14647_GASTTVYAI|0.0
P16234|O14647_TLGQTDFPA|0.0
P16234|O14647_FPAHSRKPA|0.0
P16234|O14647_LITTYEILL|0.0
P16234|O14647_DVEKSLPAK|0.0
P16234|O14647_RVEMSALQK|0.0
P16234|O14647_LQKQYYKWI|0.0
P16234|O14647_QKQYYKWIL|0.282
P16234|O14647_CNHCYLIKP|0.001
P16234|O14647_AEYLTIKHY|0.0
P16234|O14647_RLDGSIKGE|0.0
P16234|O14647_DELLSQFKV|0.0
P16234|O14647_ANFATMEDE|0.0
P16234|O14647_LEEIYMLPR|0.351
P16234|O14647_KKAQTNDSD|0.0
P16234|O14647_SDSDTESKR|0.0
P16234|O14647_SDTESKRQA|0.0
P16234|O14647_SESETEDSD|0.0
P16234|O14647_ETEDSDDDK|0.0
P16234|O14647_VEGFTDAEI|0.0
P16234|O14647_RRGPTIKIS|0.0
P16234|O14647_TIKISGVQV|0.0
P16234|O14647_SPRHSDNPS|0.0
P16234|O14647_SDNPSEEGE|0.0
P16234|O14647_EKPKSGDAK|0.0
P16234|O14647_GDAKSSSKS|0.0
P16234|O14647_PVHITAGSE|0.0
P16234|O14647_RPEASGSSR|0.0
P16234|O14647_SSRDSLISQ|0.0
P16234|O14647_KRHFSNADR|0.0
P16234|O14647_PNNMSRKRP|0.0
P16234|O14647_GHRDYYDRH|0.381
P16234|O14647_HRDYYDRHH|0.363
P16234|O14647_KRRRSDEFR|0.0
P16234|O14647_RPQNYHQQD|0.202
P16234|O14647_FRRMSDHRP|0.208
P16234|O14647_PAMGYHGQG|0.0
P16234|O14647_PSDHYRSFH|0.0
P16234|O14647_HPAVSDPRS|0.0
P16234|O14647_SDPRSPPSQ|0.0
P16234|O14647_RSPPSQKSP|0.0
P16234|O14647_PSQKSPHDS|0.0
P16234|O14647_SPHDSKSPL|0.0
P16234|O14647_HDSKSPLDH|0.0
P16234|O14647_NNPDYNWNV|0.453
P16234|O14647_NVRKT____|0.0
P16234|Q12873_RLLPSALGV|0.0
P16234|Q12873_YREKSESGG|0.0
P16234|Q12873_EKSESGGSE|0.0
P16234|Q12873_ESGGSEYGT|0.0
P16234|Q12873_GGSEYGTGP|0.002
P16234|Q12873_KIPMSKMMT|0.0
P16234|Q12873_HKRRSKSPR|0.0
P16234|Q12873_RRSKSPRVP|0.0
P16234|Q12873_YVFQSDEGP|0.0
P16234|Q12873_SDLDSGSVH|0.0
P16234|Q12873_GSVHSASGR|0.0
P16234|Q12873_VHSASGRPD|0.0
P16234|Q12873_DGYETDHQD|0.003
P16234|Q12873_PPLDYGSGE|0.002
P16234|Q12873_IINHSVDKK|0.0
P16234|Q12873_VKYETQPRF|0.0
P16234|Q12873_TLHMYQLEG|0.009
P16234|Q12873_VFLYSLYKE|0.081
P16234|Q12873_RVELSPMQK|0.0
P16234|Q12873_KYYKYILTR|0.38
P16234|Q12873_KYILTRNFE|0.058
P16234|Q12873_VLIFSQMTK|0.0
P16234|Q12873_ATEDTDVQN|0.0
P16234|Q12873_NMNEYLSSF|0.009
P16234|Q12873_NEYLSSFKV|0.189
P16234|Q12873_EYLSSFKVA|0.072
P16234|Q12873_VDPDYWEKL|0.095
P16234|Q12873_SSRASSPTK|0.0
P16234|Q12873_SRASSPTKT|0.0
P16234|Q12873_ASSPTKTSP|0.0
P16234|Q12873_SPTKTSPTT|0.0
P16234|Q12873_KTSPTTPEA|0.0
P16234|Q12873_TSPTTPEAS|0.0
P16234|Q12873_TPEASATNS|0.0
P16234|Q12873_EASATNSPC|0.0
P16234|Q12873_NSPCTSKPA|0.001
P16234|Q12873_SPCTSKPAT|0.0
P16234|Q12873_SKPATPAPS|0.0
P16234|Q12873_TPAPSEKGE|0.0
P16234|Q12873_EKMETEADA|0.0
P16234|Q12873_DREKSATES|0.0
P16234|Q12873_SATESTPGE|0.0
P16234|Q12873_YLNLSQEPA|0.005
P16234|Q12873_LSKESLAGN|0.0
P16234|Q12873_EELLSDMKA|0.0
P16234|Q12873_KADVTRLPA|0.242
P16234|Q12873_RLQMSERSI|0.0
P16234|Q14839_LLNNSLPPP|0.0
P16234|Q14839_KEPKSSAQL|0.0
P16234|Q14839_EPKSSAQLL|0.0
P16234|Q14839_DHVFSEEDY|0.154
P16234|Q14839_KPKGSPRVP|0.001
P16234|Q14839_EEEVTAVDG|0.0
P16234|Q14839_AVDGYETDH|0.203
P16234|Q14839_DHQDYCEVC|0.357
P16234|Q14839_ILNHSVDKK|0.0
P16234|Q14839_PETPTVDPT|0.066
P16234|Q14839_TVDPTVKYE|0.374
P16234|Q14839_RVELSPMQK|0.003
P16234|Q14839_GNQVSLLNV|0.045
P16234|Q14839_VLIFSQMTK|0.001
P16234|Q14839_LGSKTGSMS|0.0
P16234|Q14839_SKTGSMSKQ|0.0
P16234|Q14839_EGEDSSVIH|0.0
P16234|Q14839_GEDSSVIHY|0.123
P16234|Q14839_NQDETEDTE|0.001
P16234|Q14839_GMNEYLSSF|0.053
P16234|Q14839_VDPDYWEKL|0.282
P16234|Q14839_TPTPSTPGD|0.0
P16234|Q14839_PTPSTPGDT|0.0
P16234|Q14839_AIECTQAPA|0.0
P16234|Q14839_VEEKSAIDL|0.0
P16234|Q14839_AATVTKKTY|0.12
P16234|Q14839_VTKKTYEIW|0.396
P16234|Q14839_RRAAYLNMS|0.242
P16234|Q14839_YLNMSEDPS|0.034
P16234|Q14839_CLAESHQHL|0.3
P16234|Q14839_LSKESMAGN|0.0
P16234|Q14839_RLQMSERNI|0.0
P16234|Q14839_APEPTPQQV|0.013
P16234|Q8TDI0_LEEKSESEG|0.0
P16234|Q8TDI0_DGYETDHQD|0.001
P16234|Q8TDI0_PPFDYGSGD|0.015
P16234|Q8TDI0_FDYGSGDED|0.0
P16234|Q8TDI0_EDGKSEKRK|0.0
P16234|Q8TDI0_VLIFSQMTK|0.0
P16234|Q8TDI0_DFLEYEGYK|0.0
P16234|Q8TDI0_KMMLTHLVV|0.0
P16234|Q8TDI0_QRPVTPIPD|0.0
P16234|Q8TDI0_VDPDYWEKL|0.061
P16234|Q8TDI0_KAPPSPEQL|0.0
P16234|Q8TDI0_RPDDTKAEE|0.0
P16234|Q8TDI0_LSKESLAGN|0.0
P16234|Q8TDI0_EELLSDMKA|0.0
P16234|Q8TDI0_KADVTRLPS|0.009
P16234|Q8TDI0_RLQMSERSI|0.0
P16234|Q8TD26_VLNHSPMSD|0.0
P16234|Q8TD26_HSPMSDASV|0.006
P16234|Q8TD26_MSDASVNFD|0.418
P16234|Q8TD26_YKSPSPFDC|0.082
P16234|Q8TD26_PFDCSTDQE|0.002
P16234|Q8TD26_FDCSTDQEE|0.184
P16234|Q8TD26_PRKMTSHNG|0.0
P16234|Q8TD26_RKMTSHNGM|0.0
P16234|Q8TD26_GMEDSGGGG|0.0
P16234|Q8TD26_AAKGSKDRE|0.0
P16234|Q8TD26_SRKASKEQG|0.0
P16234|Q8TD26_DDGETIAVL|0.043
P16234|Q8TD26_RNFSYLHCK|0.088
P16234|Q8TD26_CKWATMEEL|0.0
P16234|Q8TD26_GLGKTIQSI|0.0
P16234|Q8TD26_GNPLSGVFK|0.393
P16234|Q8TD26_CNHPYLING|0.344
P16234|Q8TD26_RKGGTNGVQ|0.0
P16234|Q8TD26_LQNHSGLSA|0.0
P16234|Q8TD26_HSGLSAPVP|0.0
P16234|Q8TD26_VRMLYYLKA|0.252
P16234|Q8TD26_RMLYYLKAE|0.298
P16234|Q8TD26_EADKSLLIG|0.0
P16234|Q8TD26_EQGVTDGTS|0.0
P16234|Q8TD26_ERGNTDKED|0.0
P16234|Q8TD26_QADFYRTVS|0.314
P16234|Q8TD26_FGVVYDQEK|0.424
P16234|Q8TD26_LDKKSDESL|0.0
P16234|Q8TD26_EQYFYSFVA|0.426
P16234|Q8TD26_ARTLYRIEL|0.314
P16234|Q8TD26_NSKLYESLT|0.003
P16234|Q8TD26_ESLTYSQMS|0.411
P16234|Q8TD26_RTSESLENE|0.0
P16234|Q8TD26_VRVESRDDH|0.173
P16234|Q8TD26_DDHLSLPDV|0.0
P16234|Q8TD26_ENFISKVQD|0.205
P16234|Q8TD26_QEPSSFQES|0.001
P16234|Q8TD26_SFQESPSTN|0.0
P16234|Q8TD26_QESPSTNTE|0.0
P16234|Q8TD26_PSTNTESRK|0.047
P16234|Q8TD26_LMSISKEGE|0.0
P16234|Q8TD26_KRNLSSDQQ|0.0
P16234|Q8TD26_RNLSSDQQL|0.0
P16234|Q8TD26_LENKSLESK|0.0
P16234|Q8TD26_KSLESKLIL|0.0
P16234|Q8TD26_LTEPTTNIS|0.0
P16234|Q8TD26_TEPTTNISR|0.0
P16234|Q8TD26_VANQTPGLQ|0.001
P16234|Q8TD26_FKSKTNTIA|0.0
P16234|Q8TD26_HRRPYEFEV|0.403
P16234|Q8TD26_VSSLSGEER|0.0
P16234|Q8TD26_VGLESQKRK|0.0
P16234|Q8TD26_EPAPSCERE|0.22
P16234|Q8TD26_EREPSGDEN|0.0
P16234|Q8TD26_ALKDSNNDT|0.001
P16234|Q8TD26_SNNDTN___|0.0
P16234|Q8TD26-2_RTQISSLPS|0.0
P16234|Q8TD26-2_TQISSLPSL|0.0
P16234|Q9P2D1_HYNQYEQQK|0.539
P16234|Q9P2D1_RGDFSMQQH|0.0
P16234|Q9P2D1_VHQHSPSEP|0.015
P16234|Q9P2D1_QHSPSEPFL|0.0
P16234|Q9P2D1_AEDPSKGFG|0.001
P16234|Q9P2D1_LNRNSLDGS|0.0
P16234|Q9P2D1_AKTATPKPK|0.0
P16234|Q9P2D1_EFKISDEEA|0.0
P16234|Q9P2D1_AGRDSPSNT|0.005
P16234|Q9P2D1_PKEETIIEV|0.0
P16234|Q9P2D1_IQKKYYRAI|0.47
P16234|Q9P2D1_QKKYYRAIL|0.446
P16234|Q9P2D1_CNHPYLING|0.387
P16234|Q9P2D1_RENATNGVQ|0.001
P16234|Q9P2D1_VQQLSKKEI|0.0
P16234|Q9P2D1_LVIDTPRVR|0.009
P16234|Q9P2D1_TRLYSAVKE|0.11
P16234|Q9P2D1_LESDSEEKP|0.0
P16234|Q9P2D1_KPTRTPFKD|0.145
P16234|Q9P2D1_ANSPSEDKE|0.076
P16234|Q9P2D1_ADTGSKSIS|0.0
P16234|Q9P2D1_ASMSTARDE|0.0
P16234|Q9P2D1_LIPGYTPTT|0.0
P16234|Q9P2D1_GYTPTTVDS|0.338
P16234|Q9P2D1_GLSRTPTRH|0.0
P16234|Q9P2D1_LLNGSLVDG|0.0
P16234|Q9P2D1_SHKRTSLSA|0.0
P16234|Q9P2D1_DAEVTKAFE|0.0
P16234|Q9P2D1_ETPPTRNIP|0.0
P16234|Q9P2D1_LHPTYTVDM|0.446
P16234|Q9P2D1_DMPSYVPKN|0.448
P16234|Q9P2D1_LDINTLTGE|0.0
P16234|Q9P2D1_FVPESMFDR|0.0
P16234|Q9P2D1_DRLLTGPVV|0.0
P16234|Q9P2D1_GEGASRRGR|0.0
P16234|Q9P2D1_KDGETLEGS|0.001
P16234|Q9HCK8_QVSKSQEIL|0.0
P16234|Q9HCK8_TKVLTGTPL|0.087
P16234|Q9HCK8_VLTGTPLRP|0.001
P16234|Q9HCK8_VTLTSTPTQ|0.0
P16234|Q9HCK8_TLTSTPTQG|0.0
P16234|Q9HCK8_QQPQSGGPQ|0.0
P16234|Q9HCK8_QAGSSQGAS|0.0
P16234|Q9HCK8_VKVLSASEV|0.001
P16234|Q9HCK8_SSPASSAPH|0.0
P16234|Q9HCK8_SAPHSGGKT|0.0
P16234|Q9HCK8_GASKTKGKS|0.0
P16234|Q9HCK8_TKGKSKLNT|0.0
P16234|Q9HCK8_SKLNTITPV|0.0
P16234|Q9HCK8_LNTITPVVG|0.001
P16234|Q9HCK8_RKRNTSSDN|0.0
P16234|Q9HCK8_KRNTSSDNS|0.0
P16234|Q9HCK8_RNTSSDNSD|0.0
P16234|Q9HCK8_SGQYTEAEE|0.176
P16234|Q9HCK8_CNHPYLING|0.322
P16234|Q9HCK8_LVIDTPRVR|0.0
P16234|Q9HCK8_ERPRSRRHD|0.07
P16234|Q9HCK8_RDILSHGRF|0.0
P16234|Q9HCK8_KRRMTERDV|0.0
P16234|Q9HCK8_LQNHSGLSI|0.0
P16234|Q9HCK8_HSGLSIPVP|0.0
P16234|Q9HCK8_KKVKSQSTF|0.0
P16234|Q9HCK8_EADKSLLIG|0.0
P16234|Q9HCK8_LDNFSDIVE|0.012
P16234|Q9HCK8_KTDESLTKY|0.002
P16234|Q9HCK8_LSRCSTPLL|0.0
P16234|Q9HCK8_SRCSTPLLH|0.0
P16234|Q9HCK8_LHQQYTSRT|0.089
P16234|Q9HCK8_HQQYTSRTA|0.062
P16234|Q9HCK8_QQYTSRTAS|0.187
P16234|Q9HCK8_SRTASPLPL|0.0
P16234|Q9HCK8_SPEETATQV|0.0
P16234|Q9HCK8_EETATQVPS|0.0
P16234|Q9HCK8_TQVPSLESL|0.0
P16234|Q9HCK8_RSRPTPQDY|0.059
P16234|Q9HCK8_TPQDYEMRV|0.436
P16234|Q9HCK8_RVSPSDTTP|0.001
P16234|Q9HCK8_SPSDTTPLV|0.001
P16234|Q9HCK8_TPLVSRSVP|0.0
P16234|Q9HCK8_ELDLSKLSP|0.001
P16234|Q9HCK8_SPSSSSSSS|0.0
P16234|Q9HCK8_PSSSSSSSS|0.0
P16234|Q9HCK8_SSSSSSSSS|0.003
P16234|Q9HCK8_SLTMSQDGF|0.0
P16234|Q9HCK8_LDSPSLTPG|0.0
P16234|Q9HCK8_SPSLTPGEY|0.0
P16234|Q9HCK8_SPVPTPRSS|0.283
P16234|Q9HCK8_SSAASMAEE|0.0
P16234|Q9HCK8_IAPESSKKR|0.0
P16234|Q9HCK8_RAPGYPSSP|0.259
P16234|Q9HCK8_PGYPSSPVT|0.0
P16234|Q9HCK8_SSPVTTASG|0.0
P16234|Q9HCK8_VTTASGTTL|0.0
P16234|Q9HCK8_DDDLSQGYD|0.094
P16234|Q9HCK8_QGYDSSERD|0.0
P16234|Q3L8U1____MTDPMM|0.561
P16234|Q3L8U1_FMNVSGPHR|0.0
P16234|Q3L8U1_VESESKQEK|0.0
P16234|Q3L8U1_SDEISDAEQ|0.0
P16234|Q3L8U1_EGKQSEEEV|0.0
P16234|Q3L8U1_FFVKYKNYS|0.498
P16234|Q3L8U1_KNYSYLHCE|0.298
P16234|Q3L8U1_FNPDYVEVD|0.349
P16234|Q3L8U1_VLEVSFCED|0.0
P16234|Q3L8U1_MIQQYEMYF|0.554
P16234|Q3L8U1_LLRRTKTIT|0.0
P16234|Q3L8U1_RRTKTITIE|0.0
P16234|Q3L8U1_FAKASFVAS|0.0
P16234|Q3L8U1_IEAISGRNS|0.0
P16234|Q3L8U1_LVIDTPRIR|0.0
P16234|Q3L8U1_TRPFSATKD|0.0
P16234|Q3L8U1_VRMLYYLKQ|0.48
P16234|Q3L8U1_RMLYYLKQE|0.406
P16234|Q3L8U1_DADKSLLIG|0.0
P16234|Q3L8U1_FKHGYEKYN|0.504
P16234|Q3L8U1_GYEKYNTIR|0.378
P16234|Q3L8U1_EDDVSSPGD|0.001
P16234|Q3L8U1_DDVSSPGDL|0.0
P16234|Q3L8U1_VYWPTQSAL|0.284
P16234|Q3L8U1_AHSRTSTPL|0.0
P16234|Q3L8U1_LLQQYQVAL|0.242
P16234|Q3L8U1_SEEESMSSV|0.003
P16234|Q3L8U1_TEPLTPNPA|0.0
P16234|Q3L8U1_SDSDSERSS|0.0
P16234|Q3L8U1_DSERSSCSS|0.0
P16234|Q3L8U1_SERSSCSSR|0.0
P16234|Q3L8U1_SRSSSSSSS|0.0
P16234|Q3L8U1_RSSSSSSSS|0.0
P16234|Q3L8U1_SSSSSSSSS|0.001
P16234|Q3L8U1_SSSSSSSSC|0.001
P16234|Q3L8U1_SSSSSSCSH|0.0
P16234|Q3L8U1_SSSCSHSRS|0.0
P16234|Q3L8U1_SCSHSRSGS|0.003
P16234|Q3L8U1_STSSSSSSS|0.0
P16234|Q3L8U1_TSSSSSSSS|0.0
P16234|Q3L8U1_EESDSDEEE|0.0
P16234|Q3L8U1_ARRSYDANT|0.476
P16234|Q3L8U1_KLLDSPGAA|0.0
P16234|Q3L8U1_LDVNSLTGE|0.0
P16234|Q3L8U1_VNSLTGEER|0.0
P16234|Q3L8U1_KPTESGTED|0.0
P16234|Q3L8U1_DKGGTEPSP|0.0
P16234|Q3L8U1_GTEPSPLNE|0.0
P16234|Q3L8U1_LNENSTDEG|0.0
P16234|Q3L8U1_NENSTDEGS|0.0
P16234|Q3L8U1_TDEGSEKAD|0.0
P16234|Q3L8U1_EDSDSSNED|0.186
P16234|Q3L8U1_DSDSSNED_|0.487
P16234|Q86WJ1_APGLSCVTY|0.0
P16234|Q86WJ1_EVVIYHGMS|0.0
P16234|Q86WJ1_YHGMSALQK|0.012
P16234|Q86WJ1_QKKYYKAIL|0.0
P16234|Q86WJ1_QNILSQLRK|0.0
P16234|Q86WJ1_AEGGSRDQE|0.0
P16234|Q86WJ1_EDRKSFEQL|0.0
P16234|Q86WJ1_QEGRSLRNK|0.0
P16234|Q86WJ1_VEGSTKRKR|0.0
P16234|Q86WJ1_AELDYQDPD|0.0
P16234|Q86WJ1_GGLFTALEK|0.0
P16234|Q86WJ1_MKDLSLGGV|0.0
P16234|Q86WJ1_HRDRSNVLS|0.0
P16234|Q86WJ1_GIPTYIYYF|0.434
P16234|Q86WJ1_PTYIYYFPR|0.139
P16234|Q8NE62_HPALSRTNL|0.0
P16234|Q8NE62_VGVEYVKNG|0.0
P16234|Q8NE62_DVPVYKPRT|0.408
P16234|Q8IWX8_SNAKSPPHC|0.0
P16234|Q8IWX8_VEAFYSPPS|0.327
P16234|Q8IWX8_EAFYSPPSH|0.0
P16234|Q8IWX8_YSPPSHDRP|0.0
P16234|Q8IWX8_RPRNSEGWE|0.0
P16234|Q8IWX8_QNGLYEFFR|0.299
P16234|Q8IWX8_RGRSSSRSN|0.0
P16234|Q8IWX8_SRSNSRSSK|0.0
P16234|Q8IWX8_KSSGSYSRS|0.215
P16234|Q8IWX8_SGSYSRSRS|0.0
P16234|Q8IWX8_SYSRSRSRS|0.0
P16234|Q8IWX8_SRSCSRSYS|0.0
P16234|Q8IWX8_SCSRSYSRS|0.001
P16234|Q8IWX8_SRSYSRSRS|0.0
P16234|Q8IWX8_SRSRSRSRS|0.0
P16234|Q8IWX8_SRSRSSRSR|0.0
P16234|Q8IWX8_RSSRSRSRS|0.0
P16234|Q8IWX8_SRSQSRSRS|0.0
P16234|Q8IWX8_SQSRSRSKS|0.0
P16234|Q8IWX8_SRSKSYSPG|0.0
P16234|Q8IWX8_KWDQYKGVG|0.046
P16234|Q8IWX8_LDDPYENYR|0.395
P16234|Q8IWX8_PYENYRRNK|0.37
P16234|Q8IWX8_RRNKSYSFI|0.0
P16234|Q8IWX8_RNKSYSFIA|0.017
P16234|Q96EP1_EGKQSPPPQ|0.0
P16234|Q96EP1_KQGMTQESF|0.0
P16234|Q96EP1_MTQESFEAN|0.0
P16234|Q96EP1_SSCGSGGGG|0.0
P16234|Q96EP1_GGGISPKGS|0.0
P16234|Q96EP1_KNMLTESLV|0.0
P16234|Q96EP1_MLTESLVAL|0.0
P16234|Q96EP1_VFLLSDYRV|0.0
P16234|Q96EP1_LLSDYRVTG|0.416
P16234|Q96EP1-5_GGGISPKGS|0.0
P16234|P10645_PMPVSQECF|0.016
P16234|P10645_LENQSSQAE|0.0
P16234|P10645_ENQSSQAEL|0.0
P16234|P10645_SGEATDGAR|0.0
P16234|P10645_GESRSEALA|0.0
P16234|P10645_SMKLSFRAR|0.0
P16234|P10645_RARAYGFRG|0.353
P16234|P10645_QELESLSAI|0.0
P16234|P10645_LESLSAIEA|0.0
P16234|P05060_SNALSKSSA|0.0
P16234|P05060_PADASEAHE|0.001
P16234|P05060_EPQWSLYPS|0.184
P16234|P05060_EGENYQKGE|0.0
P16234|P05060_EETGSQENH|0.0
P16234|P05060_EEDATSEVD|0.0
P16234|P05060_EDATSEVDK|0.0
P16234|P05060_ESNVSMASL|0.0
P16234|P05060_HSTHYRASE|0.339
P16234|P05060_EEPEYGEEI|0.454
P16234|P05060_RNYPSLELD|0.071
P16234|P05060_EPRAYFMSD|0.38
P16234|P05060_AYFMSDTRE|0.005
P16234|P05060_LFNPYYDPL|0.429
P16234|P05060_FNPYYDPLQ|0.373
P16234|P05060_KKPFSEDVN|0.083
P16234|P05060_QLLHYRKKS|0.125
P16234|P05060_FPDFYDSEE|0.483
P16234|Q8TDX6_DIYFTSEFL|0.425
P16234|Q8TDX6_EFLNTCRLN|0.331
P16234|Q8TDX6_CRLNTQPGK|0.358
P16234|Q8TDX6_MDELTPEQY|0.246
P16234|Q8TDX6_TPEQYKMCM|0.437
P16234|Q8TDX6_MNEASHGQL|0.0
P16234|Q8TDX6_KQKTSSKKT|0.0
P16234|P36222_IDSSYDIAK|0.264
P16234|P36222_ALAAT____|0.0
P16234|Q15782_EVMLYQTIN|0.0
P16234|Q15782_MLYQTINSL|0.252
P16234|Q15782_TAGVSAGRQ|0.001
P16234|Q15782_INLLSFDFH|0.0
P16234|Q15782_QWVGYDDVK|0.43
P16234|Q9BZP6_ENRQTFITS|0.383
P16234|Q9BZP6_LGLQSASCT|0.0
P16234|Q5VXU3_PRVVSEEHL|0.001
P16234|Q9UKJ5_FLPKTPIFR|0.0
P16234|Q9BWS9___MRTLFNL|0.44
P16234|Q9BWS9_LLEKSQFSD|0.0
P16234|Q9BWS9_GSKFTQISP|0.0
P16234|Q9BWS9_FTQISPVWL|0.041
P16234|Q9BWS9_NVLDSEDEI|0.0
P16234|Q9BWS9-2_AASKTLLEK|0.0
P16234|Q9UNE7_AAACYGRAI|0.12
P16234|Q9UNE7_DDIPSALRI|0.0
P16234|Q9UNE7_KHDKYMADM|0.429
P16234|Q13231_TFVNSAIRF|0.155
P16234|Q13231_LGMPTYGRS|0.38
P16234|O14757_NVKYSSSQP|0.0
P16234|O14757_DTSPSYIDK|0.205
P16234|O14757_FSQPTCPDH|0.069
P16234|O14757_MLLNSQLLG|0.0
P16234|O14757_QLLGTPGSS|0.0
P16234|O14757_GTPGSSQNP|0.0
P16234|O14757_DADKSYQCL|0.345
P16234|O14757_QWKKSCMNQ|0.0
P16234|O96017_EAQQSHGSS|0.0
P16234|O96017_QPHGSVTQS|0.0
P16234|O96017_SQGISSSST|0.0
P16234|O96017_QGISSSSTS|0.0
P16234|O96017_GISSSSTST|0.0
P16234|O96017_ISSSSTSTM|0.0
P16234|O96017_SSSSTSTMP|0.0
P16234|O96017_SSSTSTMPN|0.0
P16234|O96017_SSTSTMPNS|0.0
P16234|O96017_NSSQSSHSS|0.0
P16234|O96017_QSSHSSSGT|0.0
P16234|O96017_SSLETVSTQ|0.0
P16234|O96017_LETVSTQEL|0.0
P16234|O96017_AQPSTSRKR|0.0
P16234|P35790_RKYPTKKQQ|0.426
P16234|P35790_QAKISSIEF|0.0
P16234|P35790_AKISSIEFG|0.001
P16234|P35790_IEFGYMDYA|0.221
P16234|P35790_GYMDYAQAR|0.433
P16234|Q9Y259_ELRVYPVSG|0.0
P16234|Q9Y259_VYPVSGGLS|0.0
P16234|Q9Y259_SGGLSNLLF|0.0
P16234|Q9Y259_RFQFYFQQK|0.0
P16234|Q9Y259_SVHSSS___|0.0
P16234|O00533_PGLEYRVTW|0.0
P16234|O00533_TPAVYAPYD|0.212
P16234|O00533_ILRFSGQRN|0.0
P16234|O00533_GQRNSGMVP|0.0
P16234|O00533_KDTATLSWG|0.0
P16234|O00533_TATLSWGLP|0.0
P16234|O00533_YLLQYQIIN|0.002
P16234|O00533_DINITTPSK|0.0
P16234|O00533_GGKYSVKEK|0.0
P16234|O00533_PEIQSVKDE|0.0
P16234|O00533_FGEYSDSDE|0.0
P16234|O00533_GSLRSLNRD|0.0
P16234|O00533_SEDGSFIGA|0.0
P16234|O00533_GSVESNGSS|0.0
P16234|O00533_ESNGSSTAT|0.0
P16234|O00533-2_PRLRTIVQK|0.0
P16234|P24386_LHVDSRSYY|0.38
P16234|P24386_IDLVSKLLY|0.403
P16234|P24386_KLLYSRGLL|0.294
P16234|P24386_NVSRYAEFK|0.346
P16234|P24386_SVLKTDSDQ|0.133
P16234|P24386_LKTDSDQQI|0.002
P16234|P24386_EEPGTFAVR|0.414
P16234|P24386_IELCSSTMT|0.0
P16234|P24386_ELCSSTMTC|0.0
P16234|P26374_HTQKSDTEI|0.154
P16234|P26374_DTEISLEVT|0.0
P16234|P26374_IDLVSKLLY|0.478
P16234|P26374_MKFLTFCLE|0.0
P16234|P26374_HPDEYQAFR|0.301
P16234|P26374_KLESSEESK|0.0
P16234|P26374_SSEESKNLE|0.0
P16234|Q9HD42_CARVYAENA|0.216
P16234|Q9HD42_LRMASRVDA|0.0
P16234|Q9HD42_AVGESSVRS|0.0
P16234|Q9HD42_VGESSVRSQ|0.0
P16234|Q9HD42_SSVRSQEDQ|0.0
P16234|Q9HD42_EDQLSRRLA|0.0
P16234|Q7LBR1____MSNMEK|0.0
P16234|Q7LBR1_KVTKSMAGV|0.0
P16234|Q7LBR1_SMDATLKTM|0.0
P16234|Q7LBR1_GQTGSVGTS|0.0
P16234|Q7LBR1_SVGTSVASA|0.0
P16234|O43633_GRRKTPEEL|0.0
P16234|O43633_IQAVSLKIQ|0.0
P16234|O43633_LKIQTLKSN|0.0
P16234|O43633_QTLKSNNSM|0.0
P16234|O43633_KSNNSMAQA|0.0
P16234|O43633_ELGLSLTDE|0.0
P16234|O43633_TDELSNLPS|0.0
P16234|Q9UQN3_FKKKTVDDV|0.0
P16234|Q9UQN3_ELRGTQRAI|0.0
P16234|Q9UQN3_TFAVSSKVT|0.0
P16234|Q9UQN3_VTSMSTQTK|0.0
P16234|Q9UQN3_MSTQTKVMN|0.0
P16234|Q9UQN3_AGAMSTTAK|0.0
P16234|Q9UQN3_SAARSLPSA|0.0
P16234|Q9UQN3_RSLPSASTS|0.0
P16234|Q9UQN3_SASTSKATI|0.0
P16234|Q9UQN3_TSKATISDE|0.0
P16234|Q9BY43_VKLPSVPST|0.012
P16234|Q9H444____MSVFGK|0.0
P16234|Q9H444_DGTLSTIEF|0.0
P16234|Q9H444_ANTNTEVLK|0.281
P16234|Q9H444_KNMGYAAKA|0.076
P16234|Q9H444_PNVPSIALP|0.0
P16234|Q9H444_IALPSKPAK|0.0
P16234|Q96CF2_RAAPSPQEA|0.0
P16234|Q96CF2_EKQLTQIDG|0.0
P16234|Q9NZZ3_APPPSLTDC|0.017
P16234|Q9NZZ3_PPSLTDCIG|0.0
P16234|Q9NZZ3_SRAESIDKK|0.0
P16234|Q9NZZ3_EQANYTIQS|0.0
P16234|Q9NZZ3_QANYTIQSL|0.0
P16234|Q9NZZ3_YTIQSLKDT|0.0
P16234|Q96FZ7_HQVMSIEEV|0.0
P16234|Q96FZ7_EAVEYQRQI|0.298
P16234|Q8WUX9_REVNSTDWD|0.0
P16234|Q8WUX9_AEEVYRLYQ|0.316
P16234|Q8WUX9_DVGVYQLMQ|0.393
P16234|Q8WUX9_LVPSSKSPK|0.0
P16234|Q9H9P2_SPNQSTLWI|0.0
P16234|Q9H9P2_PNQSTLWIS|0.0
P16234|Q9H9P2-3_KLVQTSLHC|0.502
P16234|Q9H9P2-3_LVQTSLHCG|0.621
P16234|Q9H9P2-4_MTAGSAHSQ|0.011
P16234|Q9H9P2-4_GSAHSQKVC|0.005
P16234|Q9UHD1_PETNSDDAC|0.0
P16234|Q9UHD1_DACTYHPGV|0.104
P16234|Q9UHD1_LKGWSCCKR|0.0
P16234|Q9UHD1_IKRPSPDEP|0.0
P16234|Q9UHD1_KISASLKQA|0.0
P16234|Q9UHD1_KLKLSSGNE|0.0
P16234|Q9UHD1_LKLSSGNEE|0.0
P16234|Q9UHD1_EVCVYHSGV|0.191
P16234|Q9UHD1_CRRKTSDFN|0.023
P16234|Q9UHD1_SDFNTFLAQ|0.232
P16234|Q9UHD1_QEGCTKGKH|0.0
P16234|Q9UHD1_VKRSYVTMT|0.007
P16234|Q9UHD1_MQWASLELP|0.0
P16234|Q99653_GSRASTLLR|0.0
P16234|Q99653_SRASTLLRD|0.0
P16234|Q99653_GFSHSQITR|0.0
P16234|Q99653_ITRLYSRFT|0.246
P16234|Q99653_SRFTSLDKG|0.0
P16234|Q99653_EQLGSIADR|0.0
P16234|O43745_PDGDSIRRE|0.001
P16234|O43745_FSQASLLRL|0.0
P16234|O43745_NKLHYAFQL|0.385
P16234|O43745_AFQLYDLDR|0.495
P16234|Q8IZ52_RVLPYHPAQ|0.489
P16234|Q8IZ52_TRYISTELG|0.004
P16234|Q8IZ52_RSALTAHPV|0.307
P16234|Q8IZ52_LVNGYRRFD|0.339
P16234|Q8IZ52_LRPLSRVEI|0.0
P16234|Q8WUD6_AGAGSAPRW|0.0
P16234|Q9H2X0_WGRRTRGPG|0.0
P16234|Q9H2X0_PQERSSSER|0.0
P16234|Q9H2X0_QERSSSERQ|0.0
P16234|Q9H2X0_ERSSSERQP|0.0
P16234|Q9BU40_EGNVYCGLK|0.378
P16234|Q9BU40_DGELSWEHS|0.0
P16234|Q9BU40_AGGLSRFPG|0.057
P16234|Q9BU40_PGARSHRGA|0.0
P16234|Q6WN34_HTSVSPSPD|0.177
P16234|Q6WN34_KVTASPDKV|0.0
P16234|Q9NP71_SEDPSLRRS|0.0
P16234|Q9NP71_SLRRSAGGL|0.0
P16234|Q9NP71_DQEGSVGPS|0.0
P16234|Q9NP71_FGPRSIDPT|0.0
P16234|Q9NP71_CGFVTPLQG|0.0
P16234|Q9NP71_PPAPSPRGQ|0.0
P16234|Q9NP71_PEQATRAVT|0.0
P16234|Q8N365_PRPDTVGQR|0.001
P16234|Q8N365_GSRPSPGPI|0.0
P16234|Q8N365_CRHRSKVSG|0.0
P16234|Q8N365_RGSASPMAG|0.0
P16234|Q8N365_GAKRSRDGE|0.001
P16234|Q8N365_DSAASSPAS|0.0
P16234|O43916_PTFAYNLSR|0.0
P16234|O43916_MLGASRDLL|0.0
P16234|O43916_DLLRSLYDC|0.052
P16234|O43916_LRSLYDCDL|0.213
P16234|O43916_NSAATAEKW|0.0
P16234|Q9NRB3_DKFLSAGVK|0.0
P16234|Q9NRB3_LYKLYEADF|0.325
P16234|Q9NRB3_VLFGYPKPE|0.18
P16234|Q8NET6_FQRRYGARI|0.0
P16234|Q8NET6_SAPSYLRLL|0.001
P16234|Q8NCH0_PRPLTPLAA|0.0
P16234|Q8NCH0_MDHRSDLVF|0.0
P16234|Q8NCH0_IVRRYRAGA|0.316
P16234|Q8NCH0_GDDVTFPEF|0.159
P16234|Q7LFX5_FRVDSKQMN|0.0
P16234|Q7LFX5_INSITTRIE|0.0
P16234|Q7LFX5_NSITTRIEF|0.0
P16234|Q7LFX5_SPCWYEEFS|0.089
P16234|Q7LFX5_TTDPYLTNS|0.182
P16234|Q7LFX5_VYNNTLNNA|0.451
P16234|Q9Y4C5_LVVRYEDLV|0.031
P16234|Q7LGC8_AVLASRMVA|0.0
P16234|Q7LGC8_GIPLTPQVE|0.017
P16234|Q8NCG5_KACRSYSHV|0.488
P16234|Q8NCG5_ACRSYSHVV|0.455
P16234|Q8NCG5_CRSYSHVVL|0.147
P16234|Q8NCG5_AVFRSRERT|0.0
P16234|Q8NCG5_LMIDSRIVM|0.0
P16234|Q8NCG5_WSLPYEKVS|0.403
P16234|Q8NCG5_NLLGYRHVR|0.462
P16234|Q9GZS9_RQPFSLARE|0.0
P16234|Q9GZS9_EACRSYSHV|0.106
P16234|Q9GZS9_ACRSYSHVV|0.436
P16234|Q9GZS9_CRSYSHVVL|0.009
P16234|Q9GZX3_RRNLSDLFQ|0.0
P16234|Q9GZX3_QWAVSRALC|0.0
P16234|Q9GZX3_EACRSYSHV|0.197
P16234|Q9GZX3_ACRSYSHVV|0.439
P16234|Q9GZX3_CRSYSHVVL|0.053
P16234|Q9GZX3_QLLGYRPVY|0.45
P16234|Q9GZX3_YRPVYSEDE|0.347
P16234|Q9NS84_RAPDTANLT|0.156
P16234|Q9NS84_ECRKYPVVV|0.346
P16234|Q9NS84_RLLAYPRSG|0.408
P16234|Q9H2A9_PRHVSRIFV|0.0
P16234|Q9H2A9_IQHNTVHYG|0.48
P16234|Q7L1S5_DQALSKSTG|0.0
P16234|Q7L1S5_IYDFYYLDY|0.341
P16234|Q7L1S5_YDFYYLDYL|0.428
P16234|Q7L1S5_YYLDYLMFN|0.424
P16234|Q86X52_GVDDSYPPQ|0.0
P16234|Q86X52_VDDSYPPQK|0.298
P16234|Q86X52_LMSKYSNTE|0.36
P16234|Q86X52_ANAKTRGRI|0.206
P16234|Q86X52_IQYGYRRVN|0.387
P16234|Q86X52_LIPLSGRFD|0.0
P16234|Q86X52_PKIVYSGKV|0.115
P16234|Q86X52_FWRNYGFGI|0.017
P16234|Q86X52_ITCIYKGDL|0.404
P16234|Q86X52_NNNGSVRTA|0.217
P16234|P0CG13_HHILYGKII|0.007
P16234|P0CG13_RYLVTALIK|0.352
P16234|P58304_VMAEYGLYG|0.081
P16234|P58304_EYGLYGAMV|0.28
P16234|P58304_AAAESGRKP|0.0
P16234|P58304_QAAISQEEL|0.0
P16234|P58304_LRENSIAVL|0.0
P16234|O76071_KSVLSEGHQ|0.0
P16234|O76071_LNSHTQDVK|0.0
P16234|O76071_VWHPSQELL|0.0
P16234|Q13490_KLGDSPIQK|0.0
P16234|Q13490_RTNPYSYAM|0.416
P16234|Q13490_FLENSLETL|0.0
P16234|Q13490_TEDVSGLSL|0.0
P16234|Q13490_VSGLSLEEQ|0.0
P16234|Q13490_DKEVSVVFI|0.0
P16234|Q13489_IVENSIFLS|0.0
P16234|Q13489_SIFLSNLMK|0.0
P16234|Q13489_SYSNSPSNP|0.056
P16234|Q13489_DTSRYTVSN|0.434
P16234|Q13489_RYTVSNLSM|0.272
P16234|Q13489_LSMQTHAAR|0.004
P16234|Q13489_EQLASAGFY|0.366
P16234|Q13489_LVKQTVQRK|0.046
P16234|Q13489_TEDVSDLPV|0.007
P16234|Q6FI81_SKLCSALTL|0.0
P16234|Q6FI81_FEVGSSRQL|0.0
P16234|Q6FI81_MEDDSMDLI|0.0
P16234|Q6FI81_EKEKSREQM|0.0
P16234|Q6FI81_EQMSSQPKS|0.0
P16234|Q6FI81_SQPKSACGN|0.0
P16234|Q6FI81_CGNCYLGDA|0.433
P16234|Q6FI81_FRCASCPYL|0.234
P16234|Q6FI81_ASCPYLGMP|0.426
P16234|Q99828_LLAEYQDLT|0.082
P16234|Q99828_VISRSPDFA|0.008
P16234|O75838_GNKQTIFTE|0.0
P16234|O75838_QTIFTEEQL|0.0
P16234|O75838_YQDCTFFNK|0.022
P16234|O75838_DYRKSPIVH|0.0
P16234|O75838_HVPMSLIIQ|0.0
P16234|Q96Q77_DGRLSLEDF|0.0
P16234|A0PJX0_DFMNSFRIH|0.0
P16234|A1XBS5_EINAYAATE|0.006
P16234|A1XBS5_QRNPSDRHV|0.0
P16234|A1XBS5_RNSLYAPDY|0.076
P16234|A1XBS5_YAPDYSSRL|0.263
P16234|A1XBS5_VRANSKSPL|0.032
P16234|A1XBS5_ANSKSPLQR|0.0
P16234|A1XBS5_ELDVTEEEN|0.0
P16234|Q9UHD4_LRSVSNISS|0.0
P16234|Q9UHD4_VSNISSEFG|0.0
P16234|P33076_GQGKSYWAG|0.573
P16234|P33076_QGKSYWAGA|0.268
P16234|P33076_AGAVSRAWA|0.014
P16234|P33076_TLLLTARPR|0.23
P16234|P33076_SFLGTRLTP|0.0
P16234|P33076_SSEDTAGEL|0.0
P16234|P33076_PDMVSLRVM|0.0
P16234|O75339_QTMLTQSVR|0.0
P16234|O75339_MLTQSVRRV|0.0
P16234|O75339_PIVLTMPKT|0.0
P16234|O75339_TMPKTSLKA|0.0
P16234|O75339_MPKTSLKAA|0.0
P16234|O75339_LKAATIKAE|0.0
P16234|O75339_AETPYMVMN|0.224
P16234|O75339_RPDKYFWYH|0.008
P16234|O75339_YHNDTLLDP|0.113
P16234|O75339_QAGEYFCKA|0.414
P16234|O75339_ASDETPCNP|0.0
P16234|O75339_KFVNTTKVL|0.387
P16234|O75339_FVNTTKVLP|0.0
P16234|O75339_LEPRTGFLS|0.0
P16234|O75339_TPAQSPAAG|0.0
P16234|Q8IUL8_TARLTVLAP|0.269
P16234|Q8IUL8_CGDASSRCC|0.0
P16234|Q8IUL8_GDASSRCCS|0.024
P16234|Q8IUL8_VAADSGEPL|0.22
P16234|Q8IUL8_REGSSGPRV|0.0
P16234|Q8IUL8_GPQEYMVRS|0.419
P16234|Q8IUL8_RGQLYGLRD|0.307
P16234|Q8IUL8_SDGFSREMK|0.0
P16234|P82979_LGDETEEEE|0.0
P16234|P82979_EIPQTERMQ|0.0
P16234|P82979_VSLESKKAA|0.0
P16234|P82979_RFGISSVPT|0.0
P16234|P82979_FGISSVPTK|0.0
P16234|P82979_TKGLSSDNK|0.0
P16234|P82979_KGLSSDNKP|0.0
P16234|P82979_ISRKSEDDE|0.0
P16234|P82979_GIVTSSAGT|0.0
P16234|P82979_IVTSSAGTG|0.0
P16234|P82979_TTEDTEAKK|0.0
P16234|Q8TCG1_TVSQYKAVK|0.01
P16234|Q8TCG1_NIHQTFQLI|0.0
P16234|Q8TCG1_NGDGTLTRK|0.0
P16234|Q8TCG1_DGTLTRKYS|0.0
P16234|Q8TCG1_LTRKYSVDL|0.268
P16234|Q8TCG1_DEALTRKKC|0.0
P16234|Q8TCG1_AKILTTVKC|0.0
P16234|Q8TCG1_KILTTVKCT|0.0
P16234|Q8TCG1_IKCLTPHLK|0.0
P16234|Q8TCG1_IMDVYEMKL|0.222
P16234|Q8TCG1_ASKESRLQD|0.0
P16234|Q8TCG1_DKEETIDIL|0.0
P16234|Q9C0C6_QNSKTAKNA|0.44
P16234|Q9C0C6_KRGLSLGPE|0.0
P16234|Q9C0C6_EEKGTSGVQ|0.0
P16234|Q9C0C6_EKGTSGVQK|0.0
P16234|Q9C0C6_AVPSSPSTP|0.0
P16234|Q9C0C6_SSPSTPAPP|0.0
P16234|Q9C0C6_VAGGSPQTL|0.0
P16234|Q9C0C6_HLCRSPDIF|0.0
P16234|Q9C0C6_EQRQSKHRR|0.575
P16234|Q9C0C6_RFQNTLVVL|0.0
P16234|Q86X95_FHPASKSNI|0.0
P16234|Q86X95_LNFMYEAPP|0.261
P16234|Q86X95_EKEETEGET|0.0
P16234|Q86X95_ANDPSQEYV|0.0
P16234|Q86X95_PSQEYVASE|0.0
P16234|Q86X95_HKSSSSSSS|0.0
P16234|Q86X95_KSSSSSSSS|0.0
P16234|Q86X95_SSSSSSSSS|0.0
P16234|Q86X95_SSSSSTETS|0.0
P16234|Q86X95_SSSSTETSE|0.0
P16234|Q86X95_SSTETSESS|0.0
P16234|Q86X95_ETSESSSES|0.0
P16234|Q86X95_SSSESESNN|0.0
P16234|Q86X95_SESESNNKE|0.0
P16234|Q86X95_GHNNSDSEE|0.001
P16234|Q86X95_LKHESSRED|0.0
P16234|Q86X95_KHESSREDS|0.0
P16234|Q86X95_DSKWSHSDS|0.0
P16234|Q86X95_KWSHSDSDK|0.0
P16234|Q86X95_THKHSPEKR|0.0
P16234|Q86X95_RKEGSSRSH|0.0
P16234|Q86X95_GSSRSHGRE|0.0
P16234|Q86X95_RRSRSRSPG|0.0
P16234|Q86X95_SRSRSPGSY|0.0
P16234|Q86X95_RSPGSYKQR|0.0
P16234|Q86X95_GTDLYRGEK|0.0
P16234|Q86X95_GEKMYREHP|0.005
P16234|Q14011_TNEQSLEQV|0.0
P16234|Q14011_YGQISEVVV|0.0
P16234|Q14011_KDRETQRSR|0.0
P16234|Q14011_GDRGYGGNR|0.231
P16234|Q14011_FESRSGGYG|0.0
P16234|Q14011_RSGGYGGSR|0.435
P16234|Q14011_GSRDYYSSR|0.211
P16234|Q14011_SRDYYSSRS|0.256
P16234|Q14011_RDYYSSRSQ|0.0
P16234|Q14011_DYYSSRSQS|0.0
P16234|Q14011_SRSQSGGYS|0.0
P16234|Q14011_QSGGYSDRS|0.266
P16234|Q14011_SGGYSDRSS|0.0
P16234|Q14011_YSDRSSGGS|0.0
P16234|Q14011_SGGSYRDSY|0.002
P16234|Q14011_YRDSYDSYA|0.08
P16234|Q14011_DSYDSYATH|0.0
P16234|Q14011_SYDSYATHN|0.341
P16234|Q14011_DSYATHNE_|0.0
P16234|Q8TBR5_LWAQSTTWQ|0.0
P16234|Q8TBR5_TRNHTRTGH|0.0
P16234|Q8TBR5_NHTRTGHAY|0.096
P16234|Q969X6_GTIISVDSA|0.0
P16234|Q969X6_ISVDSAGKV|0.238
P16234|Q969X6_TVAHSPTAL|0.045
P16234|Q969X6_AHSPTALIS|0.0
P16234|Q969X6_LHDAYMFCI|0.358
P16234|Q8N5K1_QQKDSLINL|0.0
P16234|Q8N5K1_WRSKTFPAC|0.0
P16234|Q9NSE2_FRLDSNCLS|0.0
P16234|Q9NSE2_ADTRSDSPD|0.0
P16234|Q9NSE2_TRSDSPDPA|0.0
P16234|Q9NSE2-3_HDDDTAMDT|0.001
P16234|Q99966_VKGGTSPAK|0.021
P16234|Q9ULV3_LLNGSMLQR|0.0
P16234|Q9ULV3_YGMASPGLA|0.0
P16234|Q9ULV3_APSLTPPQL|0.0
P16234|Q9ULV3_NRKDSSSQT|0.0
P16234|Q9ULV3_PRMDTPEDQ|0.0
P16234|Q9ULV3_KRLRSSEEP|0.0
P16234|Q9ULV3_RLRSSEEPT|0.0
P16234|Q9ULV3_SEEPTEKEP|0.0
P16234|Q9ULV3_KQTQTPDLL|0.0
P16234|Q9ULV3_PRIPSTDTQ|0.0
P16234|Q9ULV3_RIPSTDTQV|0.0
P16234|Q9ULV3_PSTDTQVQP|0.0
P16234|Q9ULV3_GTQVSMEEI|0.0
P16234|Q9ULV3_IQNESACGL|0.012
P16234|Q9ULV3_VPRPSDSVS|0.0
P16234|Q9ULV3_DSVSSTPAA|0.0
P16234|Q9ULV3_SVSSTPAAT|0.0
P16234|Q9ULV3_TPAATSTPS|0.0
P16234|Q9ULV3_TSTPSKQAL|0.0
P16234|Q9ULV3_IQHMSQACL|0.0
P16234|Q9ULV3_DVLETEDEE|0.0
P16234|Q9ULV3_VCNRYFKTP|0.19
P16234|Q9ULV3_RYFKTPRKF|0.185
P16234|Q9ULV3_SRDISREEW|0.0
P16234|Q9ULV3_GSETYSPNT|0.053
P16234|Q9ULV3_SETYSPNTA|0.0
P16234|Q9ULV3_YSPNTAYGV|0.369
P16234|Q9ULV3_PNTAYGVDF|0.247
P16234|Q9ULV3_PVMGYICRI|0.004
P16234|Q9ULV3_NPSPTTRPV|0.025
P16234|Q9ULV3_TRPVSRRCA|0.007
P16234|Q9ULV3_SQPNTQDKT|0.005
P16234|P48729_VGGKYKLVR|0.0
P16234|P48729_FGDIYLAIN|0.0
P16234|P48729_PQLLYESKL|0.0
P16234|P48729_QEKDYNVLV|0.0
P16234|P48729_FNFCSRRFT|0.0
P16234|P48729_RDNRTRQHI|0.0
P16234|P48729_NLTGTARYA|0.0
P16234|P48729_GIEQSRRDD|0.0
P16234|P48729_EAPDYMYLR|0.117
P16234|P48729_ILFRTLNHQ|0.0
P16234|P48729_LNHQYDYTF|0.41
P16234|P48729_HQYDYTFDW|0.305
P16234|P48729_DKTKSNMKG|0.0
P16234|P48729-2_KRKRSMTVS|0.0
P16234|P48729-3_QQAQTPTGF|0.0
P16234|Q8N752_PQLLYESKL|0.0
P16234|Q8N752_FLMGTGRHC|0.005
P16234|Q8N752_HLIGTVRYA|0.271
P16234|Q8N752_DDMESLGYV|0.0
P16234|Q8N752_ESLGYVFMY|0.311
P16234|Q8N752_YVFMYFNRT|0.448
P16234|Q8N752_ILFRTLNHQ|0.015
P16234|Q8N752_LNHQYDYTF|0.447
P16234|Q8N752_HQYDYTFDW|0.438
P16234|P48730_DKPDYSYLR|0.095
P16234|P48730_RLRGTQEVA|0.0
P16234|P48730_TSRMSTSQI|0.0
P16234|P48730_RMSTSQIPG|0.002
P16234|P49674_RKIGSGSFG|0.0
P16234|P49674_DKPDYSYLR|0.049
P16234|P49674_ERKVSMRLH|0.0
P16234|P49674_SSDLTGRQE|0.0
P16234|P49674_RQEVSRIPA|0.0
P16234|Q9HCP0_ERQRTTKPM|0.0
P16234|Q9HCP0_RQRTTKPMA|0.0
P16234|Q9HCP0_MAQRSAHCS|0.0
P16234|Q9HCP0_RPSGSSSSS|0.0
P16234|Q9HCP0_GKNLYTNEY|0.44
P16234|Q9HCP0_KNLYTNEYV|0.256
P16234|Q9HCP0_YTNEYVAIK|0.387
P16234|Q9HCP0_LHLEYRFYK|0.47
P16234|Q9HCP0_EYRFYKQLG|0.351
P16234|Q9HCP0_KQLGSAGEG|0.23
P16234|Q9HCP0_LAKEYIDPE|0.456
P16234|Q9HCP0_KHIPYREHK|0.17
P16234|Q9HCP0_LKADTLKER|0.116
P16234|Q9HCP0_EYLRTLFTD|0.456
P16234|P78368_GGGRSSHGI|0.0
P16234|P78368_GIRSSGTSS|0.0
P16234|P78368_RSSGTSSGV|0.0
P16234|P78368_SSGTSSGVL|0.0
P16234|P78368_GKNLYTNEY|0.435
P16234|P78368_KNLYTNEYV|0.22
P16234|P78368_YTNEYVAIK|0.362
P16234|P78368_LHLEYRFYK|0.438
P16234|P78368_EYRFYKQLS|0.258
P16234|P78368_DRTFTLKTV|0.21
P16234|P78368_FTLKTVLMI|0.002
P16234|P78368_EYVHTKSLI|0.337
P16234|P78368_LAKEYIDPE|0.351
P16234|P78368_KHIPYREHK|0.089
P16234|P78368_LKADTLKER|0.095
P16234|P78368_KPLPTPIGT|0.0
P16234|P78368_TQPHSKNQA|0.001
P16234|P78368_ADDPTAGHS|0.0
P16234|P78368_TAGHSNAPI|0.0
P16234|P78368_RKRKSLQRH|0.0
P16234|Q9Y6M4_DKDKSDDRM|0.057
P16234|Q9Y6M4_GKNLYTNEY|0.436
P16234|Q9Y6M4_KNLYTNEYV|0.245
P16234|Q9Y6M4_YTNEYVAIK|0.367
P16234|Q9Y6M4_LHLEYRFYK|0.442
P16234|Q9Y6M4_EYRFYKQLG|0.341
P16234|Q9Y6M4_KNLIYRDVK|0.396
P16234|Q9Y6M4_LAKEYIDPE|0.366
P16234|Q9Y6M4_KHIPYREHK|0.221
P16234|Q9Y6M4_PALSSNREA|0.0
P16234|Q9Y6M4_RHGGSVQVV|0.268
P16234|Q9Y6M4_ITAPTEVEV|0.0
P16234|Q9Y6M4-3_YTNEYVAIK|0.049
P16234|Q9Y6M4-3_GELNTDDPT|0.003
P16234|P68400_GPVPSRARV|0.0
P16234|P68400_RARVYTDVN|0.359
P16234|P68400_TDVNTHRPR|0.0
P16234|P68400_GRGKYSEVF|0.0
P16234|P68400_RGKYSEVFE|0.011
P16234|P68400_AINITNNEK|0.0
P16234|P68400_QLYQTLTDY|0.387
P16234|P68400_YQTLTDYDI|0.339
P16234|P68400_TLTDYDIRF|0.398
P16234|P68400_GHDNYDQLV|0.204
P16234|P68400_DLYDYIDKY|0.424
P16234|P68400_LGRHSRKRW|0.062
P16234|P68400_RFVHSENQH|0.0
P16234|P68400_MEHPYFYTV|0.351
P16234|P19784_RSREYWDYE|0.403
P16234|P19784_LVFEYINNT|0.0
P16234|P19784_VRVASRYFK|0.3
P16234|P19784_DYQMYDYSL|0.289
P16234|P19784_GQDNYDQLV|0.359
P16234|P19784_VKEQSQPCA|0.0
P16234|P19784_NAVLSSGLT|0.0
P16234|P67870_GDFGYCPRV|0.377
P16234|P67870_CMDVYTPKS|0.354
P16234|P67870_MDVYTPKSS|0.003
P16234|P67870_YTPKSSRHH|0.0
P16234|P67870_TPKSSRHHH|0.0
P16234|Q8WWK9_QRAQSAFKE|0.0
P16234|Q8WWK9_KPKDSNQTP|0.0
P16234|Q8WWK9_DSNQTPHLL|0.0
P16234|Q8WWK9_DDPQSQHMT|0.0
P16234|Q8WWK9_KKQMTTEKQ|0.0
P16234|Q8WWK9_KQMTTEKQK|0.0
P16234|Q8WWK9_TSSVTVKSN|0.0
P16234|Q8WWK9_KTALSSVKT|0.0
P16234|Q8WWK9_AIVDSRSAQ|0.0
P16234|Q8WWK9_VDSRSAQPK|0.0
P16234|Q8WWK9_PKETSEERK|0.0
P16234|Q8WWK9_VDILTMKSQ|0.0
P16234|Q8WWK9_LTMKSQEKA|0.0
P16234|Q8WWK9_ETRTSCLIK|0.0
P16234|Q8WWK9_LKDHYPCVS|0.047
P16234|Q8WWK9_PCVSSLEQL|0.0
P16234|Q8WWK9_LCRVYYEAD|0.319
P16234|Q8WWK9_EADTT____|0.0
P16234|Q8IYA6_NTKPYLKSK|0.425
P16234|Q8IYA6_PSKSTIRPK|0.0
P16234|Q8IYA6_KRLTSECVS|0.0
P16234|Q8IYA6_SSNPYSKPS|0.366
P16234|Q8IYA6_SNPYSKPSS|0.001
P16234|Q8IYA6_YSKPSSKSF|0.361
P16234|Q8IYA6_SKPSSKSFQ|0.0
P16234|Q8IYA6_PSSKSFQQC|0.0
P16234|Q8IYA6_EAGSSTTGE|0.0
P16234|Q8IYA6_KPVGSLNIE|0.0
P16234|Q8IYA6_IRTLSKVQS|0.002
P16234|Q8IYA6_NRSQYERPN|0.225
P16234|Q8IYA6_TKIRSYPVT|0.0
P16234|Q8IYA6_KIRSYPVTE|0.258
P16234|Q8IYA6_SYPVTEQRV|0.234
P16234|Q8IYA6_RTYPSLLQG|0.0
P16234|Q8IYA6_LQGEYNNRH|0.387
P16234|Q8IYA6_RPNLTVGRF|0.137
P16234|Q8IYA6_QTLDSKLKK|0.0
P16234|Q8IYA6_QADVTTVNG|0.0
P16234|Q8IYA6_TVNGTQTNP|0.191
P16234|Q8IYA6_NGTQTNPNI|0.0
P16234|Q8IYA6_EWQKSKGKT|0.0
P16234|Q8IYA6_KGKTYKRPP|0.269
P16234|Q8IYA6_SFWKSIEKE|0.0
P16234|Q8IYA6_ETSITSVEE|0.0
P16234|Q8IYA6_TSITSVEEL|0.0
P16234|Q8IYA6_KKMESVKSC|0.0
P16234|Q8IYA6_ESVKSCLSP|0.0
P16234|Q8IYA6_KSCLSPKER|0.0
P16234|Q8IYA6_EQHNYPGIK|0.221
P16234|Q8IYA6_ALPVTLGFQ|0.0
P16234|Q07065_KQRGSKGGH|0.0
P16234|Q07065_GAHPSGGAD|0.0
P16234|Q07065_SASCSRRLG|0.0
P16234|Q07065_QVRRSHQDF|0.0
P16234|Q07065_HQDFSRQRE|0.0
P16234|Q07065_KQGESEVSR|0.0
P16234|Q07065_ESEVSRISE|0.0
P16234|Q07065_SLENTVEER|0.0
P16234|Q07065_ALRSTLQTM|0.0
P16234|Q07065_ESDIYTEVR|0.387
P16234|Q07065_SDIYTEVRE|0.155
P16234|Q07065_ESLESLLSK|0.0
P16234|Q07065_HTLLSQDQA|0.0
P16234|Q07065_SLVAYSVKI|0.0
P16234|Q07065_NNLESAKGL|0.0
P16234|Q14008_EQQQSAGGD|0.0
P16234|Q14008_QIDAYELLE|0.0
P16234|Q14008_EAGDYADLV|0.261
P16234|Q14008_VGKDTNVML|0.0
P16234|Q14008_FIARSFRHC|0.0
P16234|Q14008_LPGRTAASG|0.0
P16234|Q14008_GAGNTGTKN|0.0
P16234|Q14008_PKNQSETLN|0.01
P16234|Q14008_ISKHSTSGT|0.0
P16234|Q14008_VLGDSKNNV|0.0
P16234|Q14008_MAKATGKLK|0.0
P16234|Q14008_LKPTSKDQV|0.0
P16234|Q14008_FQPASAPAE|0.0
P16234|Q14008_SKAKSAQGK|0.0
P16234|Q14008_MPSKTSLKE|0.0
P16234|Q14008_PSKTSLKED|0.0
P16234|Q14008_RFFDTNTSV|0.0
P16234|Q14008_FDTNTSVLM|0.0
P16234|Q14008_DTNTSVLMK|0.0
P16234|Q14008_VCQPTPGKA|0.0
P16234|Q14008_AQNISSNAN|0.0
P16234|Q14008_QNISSNANM|0.0
P16234|Q14008_ARSMSGHPE|0.0
P16234|Q14008_REASTGVLK|0.0
P16234|Q14008_NKNESELEA|0.0
P16234|Q14008_MMKHSMDQT|0.0
P16234|Q14008_TGSKSDKET|0.0
P16234|Q14008_LAELYEYKK|0.331
P16234|Q14008_YKKKYSDAD|0.181
P16234|Q14008_FLKNSSQFF|0.0
P16234|Q14008_LKNSSQFFQ|0.0
P16234|Q14008_STGISPQME|0.0
P16234|Q14008_GPSVYLERL|0.02
P16234|Q14008_TSLLSKPAV|0.0
P16234|Q14008_HSKLSQLRE|0.0
P16234|Q14008_RIKSSRK__|0.0
P16234|P12277_PFSNSHNAL|0.0
P16234|P12277_FPDLSAHNN|0.268
P16234|P12277_TPELYAELR|0.489
P16234|P12277_DEESYEVFK|0.472
P16234|P12277_DEHKTDLNP|0.019
P16234|P12277_LDPNYVLSS|0.514
P16234|P12277_NYVLSSRVR|0.127
P16234|P12277_SRVRTGRSI|0.0
P16234|P12277_RTGRSIRGF|0.0
P16234|P12277_EALSSLDGD|0.001
P16234|P12277_LAGRYYALK|0.484
P16234|P12277_AGRYYALKS|0.357
P16234|P12277_YALKSMTEA|0.0
P16234|P12277_TRFCTGLTQ|0.09
P16234|P12277_KSKDYEFMW|0.247
P16234|P12277_PHLGYILTC|0.011
P16234|P12277_LTCPSNLGT|0.0
P16234|P12277_HEKFSEVLK|0.0
P16234|P12277_QKRGTGGVD|0.0
P16234|P12277_GGVDTAAVG|0.0
P16234|P12277_VFDVSNADR|0.0
P16234|Q9UBR5_LFNPSGPYQ|0.291
P16234|Q9UBR5_PSGPYQKKP|0.472
P16234|P06732_FKLNYKPEE|0.0
P16234|P06732_PEEEYPDLS|0.3
P16234|P06732_YPDLSKHNN|0.0
P16234|P06732_AKVLTLELY|0.0
P16234|P06732_TLELYKKLR|0.0
P16234|P06732_LDPNYVLSS|0.25
P16234|P06732_NYVLSSRVR|0.0
P16234|P06732_YVLSSRVRT|0.0
P16234|P06732_RTGRSIKGY|0.0
P16234|P06732_SIKGYTLPP|0.0
P16234|P06732_IKGYTLPPH|0.0
P16234|P06732_EALNSLTGE|0.0
P16234|P06732_LNSLTGEFK|0.0
P16234|P06732_FKGKYYPLK|0.0
P16234|P06732_KGKYYPLKS|0.361
P16234|P06732_YPLKSMTEK|0.0
P16234|P06732_LKSMTEKEQ|0.0
P16234|P06732_DKPVSPLLL|0.0
P16234|P06732_NDNKSFLVW|0.0
P16234|P06732_QHLGYVLTC|0.0
P16234|P06732_EEILTRLRL|0.0
P16234|P06732_QKRGTGGVD|0.0
P16234|P06732_GGVDTAAVG|0.0
P16234|P06732_AAVGSVFDV|0.0
P16234|P06732_EKGQSIDDM|0.0
P16234|P12532_TMKHTTDLD|0.019
P16234|P12532_DLDASKIRS|0.0
P16234|P12532_SKIRSGYFD|0.0
P16234|P12532_SRVRTGRSI|0.0
P16234|P12532_RTGRSIRGL|0.0
P16234|P12532_VDALSGLKG|0.0
P16234|P12532_DKPVSPLLT|0.0
P16234|P12532_ERLGYILTC|0.0
P16234|P12532_LTCPSNLGT|0.0
P16234|P12532_LPLLSKDSR|0.0
P16234|P12532_LSKDSRFPK|0.0
P16234|P12532_IRIPTPVIH|0.0
P16234|P17540_TPAIYAKLR|0.0
P16234|P17540_TPNGYTLDQ|0.013
P16234|P17540_VMKHTTDLD|0.0
P16234|P17540_MKHTTDLDA|0.0
P16234|P17540_DLDASKITQ|0.0
P16234|P17540_ASKITQGQF|0.0
P16234|P17540_FDEHYVLSS|0.382
P16234|P17540_HYVLSSRVR|0.0
P16234|P17540_YVLSSRVRT|0.0
P16234|P17540_SRVRTGRSI|0.0
P16234|P17540_RTGRSIRGL|0.0
P16234|P17540_LAGRYYKLS|0.001
P16234|P17540_AGRYYKLSE|0.35
P16234|P17540_YYKLSEMTE|0.0
P16234|P17540_LSEMTEQDQ|0.0
P16234|P17540_IWHNYDKTF|0.212
P16234|P17540_ERLGYILTC|0.0
P16234|P17540_LTCPSNLGT|0.0
P16234|P17540_DPRFSKILE|0.0
P16234|P17540_QKRGTGGVD|0.0
P16234|P17540_GGVDTAAVA|0.04
P16234|P17540_VYDISNIDR|0.0
P16234|P17540_DGVNYLVDC|0.238
P16234|P61024_HKQIYYSDK|0.215
P16234|P61024_QIYYSDKYD|0.499
P16234|P61024_YSDKYDDEE|0.184
P16234|P61024_EEFEYRHVM|0.252
P16234|P61024_THLMSESEW|0.0
P16234|P61024_LMSESEWRN|0.0
P16234|P61024_GVQQSQGWV|0.0
P16234|P33552_KQIYYSDKY|0.366
P16234|P33552_YSDKYFDEH|0.119
P16234|P33552_FDEHYEYRH|0.394
P16234|P33552_THLMSEEEW|0.0
P16234|Q7Z460_GLPQSRLNV|0.0
P16234|Q7Z460_NRPSSASST|0.0
P16234|Q7Z460_VGMGTTRRL|0.0
P16234|Q7Z460_GMGTTRRLG|0.0
P16234|Q7Z460_RRLGSSTLG|0.0
P16234|Q7Z460_RLGSSTLGS|0.0
P16234|Q7Z460_LGSSTLGSK|0.0
P16234|Q7Z460_STLGSKSSA|0.0
P16234|Q7Z460_ERHISVLAE|0.0
P16234|Q7Z460_DRSSSSSQE|0.0
P16234|Q7Z460_KRSPTGSTT|0.0
P16234|Q7Z460_SPTGSTTSR|0.0
P16234|Q7Z460_TGSTTSRAS|0.0
P16234|Q7Z460_STVSTKSVS|0.0
P16234|Q7Z460_VSTKSVSTT|0.0
P16234|Q7Z460_TKSVSTTGS|0.0
P16234|Q7Z460_ASAKSKVSS|0.0
P16234|Q7Z460_TTPFSSAAA|0.0
P16234|Q7Z460_LPPGSYASL|0.0
P16234|Q7Z460_PPGSYASLG|0.0
P16234|Q7Z460_GRIRTRRQS|0.0
P16234|Q7Z460_TNVASTPDN|0.0
P16234|Q7Z460_QSQRSRSAN|0.0
P16234|Q7Z460_QRSRSANPA|0.0
P16234|Q7Z460_GSRSSSPGK|0.0
P16234|Q7Z460_LGSGYGGLT|0.0
P16234|Q7Z460_YGGLTGGSS|0.0
P16234|Q7Z460_LTGGSSRGP|0.0
P16234|Q7Z460_KIPRSQGCS|0.0
P16234|Q7Z460_SQGCSRETS|0.0
P16234|Q7Z460_CSRETSPNR|0.0
P16234|Q7Z460_RPSMSQGCS|0.0
P16234|Q7Z460_TSRESSRDT|0.0
P16234|Q7Z460_SSRDTSPAR|0.0
P16234|Q7Z460_SRDTSPARG|0.0
P16234|Q7Z460_MRVLSTSTD|0.0
P16234|Q7Z460_RVLSTSTDL|0.0
P16234|Q7Z460_DDANSDASS|0.0
P16234|Q7Z460_SSVCSERSY|0.0
P16234|Q7Z460_TPEFTMLLG|0.0
P16234|Q7Z460_ALPKTFQDG|0.0
P16234|Q7Z460_QDGATKLLH|0.0
P16234|Q7Z460_LKNSSNTSV|0.0
P16234|Q7Z460_SPSNTIGRT|0.0
P16234|Q7Z460_SEEIYSSLR|0.0
P16234|Q7Z460_ASPATEGRG|0.0
P16234|Q7Z460_LDNKTSLLN|0.0
P16234|Q7Z460_RARDYNPYP|0.165
P16234|Q7Z460_DYNPYPYSD|0.177
P16234|Q7Z460_NPYPYSDAI|0.001
P16234|Q7Z460_DAINTYDKT|0.0
P16234|Q7Z460_AINTYDKTA|0.007
P16234|Q7Z460_LLLETLGDK|0.0
P16234|Q7Z460_AHKDSHKEV|0.0
P16234|Q7Z460_LLNLYIKRA|0.001
P16234|Q7Z460_KRAQTTNSN|0.0
P16234|Q7Z460-2_CSRETSPNR|0.0
P16234|Q7Z460-2_SRETSPNRI|0.0
P16234|Q7Z460-2_RIPGSVNAM|0.0
P16234|Q7Z460-2_TSPLTSPTN|0.0
P16234|Q7Z460-2_SPLTSPTNC|0.0
P16234|Q7Z460-2_HGGLSPSML|0.0
P16234|Q7Z460-3_RRLGSSTLG|0.0
P16234|Q7Z460-3_RLGSSTLGS|0.0
P16234|Q7Z460-3_STLGSKSSA|0.0
P16234|Q7Z460-3_STTGSLQRS|0.0
P16234|Q7Z460-3_SLQRSRSDI|0.0
P16234|Q7Z460-3_GRIRTRRQS|0.0
P16234|Q7Z460-3_KIPRSQGCS|0.0
P16234|Q7Z460-3_SQGCSRETS|0.0
P16234|Q7Z460-3_CSRETSPNR|0.0
P16234|Q7Z460-3_SRETSPNRI|0.0
P16234|Q7Z460-3_RIPGSVNAM|0.0
P16234|Q7Z460-3_LLGDSRSKK|0.0
P16234|Q7Z460-3_SSRTSPLTS|0.0
P16234|Q7Z460-3_TSPLTSPTN|0.0
P16234|Q7Z460-3_SPLTSPTNC|0.0
P16234|Q7Z460-3_PTNCSHGGL|0.0
P16234|Q7Z460-3_HGGLSPSML|0.0
P16234|Q7Z460-3_SEEIYSSLR|0.0
P16234|O75122_DDEESVDGN|0.002
P16234|O75122_GNRPSSAAS|0.0
P16234|O75122_SSAASAFKV|0.0
P16234|O75122_NPANSARKP|0.0
P16234|O75122_RKPGSAGGP|0.0
P16234|O75122_VGGASKEGG|0.0
P16234|O75122_ELEETLNKI|0.0
P16234|O75122_REILSDDKH|0.0
P16234|O75122_AIVPTLFNL|0.357
P16234|O75122_LVPNSAKVM|0.0
P16234|O75122_SLEPSYQKS|0.0
P16234|O75122_LEPSYQKSL|0.0
P16234|O75122_TYLKSSGSV|0.0
P16234|O75122_KSSGSVASL|0.0
P16234|O75122_QSDRSSSSS|0.0
P16234|O75122_DRSSSSSQE|0.0
P16234|O75122_AGRVSAGSS|0.0
P16234|O75122_VSAGSSKAS|0.0
P16234|O75122_SSKASSLPG|0.0
P16234|O75122_SLPGSLQRS|0.0
P16234|O75122_LNAGSYASL|0.035
P16234|O75122_GSYASLEDT|0.04
P16234|O75122_KLDGTASED|0.0
P16234|O75122_DGTASEDGR|0.0
P16234|O75122_RAKLSAPLA|0.0
P16234|O75122_TKMVSQSQP|0.0
P16234|O75122_PGSRSGSPG|0.0
P16234|O75122_VLTTTALST|0.0
P16234|O75122_LSTVSSGVQ|0.0
P16234|O75122_VLVNSASAQ|0.0
P16234|O75122_AQKRSKIPR|0.0
P16234|O75122_EASPSRLSV|0.0
P16234|O75122_PSRLSVARS|0.0
P16234|O75122_SVARSSRIP|0.0
P16234|O75122_IPRPSVSQG|0.0
P16234|O75122_ASRESSRDT|0.0
P16234|O75122_QPLASRHHS|0.0
P16234|O75122_SRLSSSVSA|0.0
P16234|O75122_ARRRYESYG|0.435
P16234|O75122_RRYESYGMH|0.0
P16234|O75122_DDANSDASS|0.0
P16234|O75122_NSDASSACS|0.0
P16234|O75122_SSACSERSY|0.253
P16234|O75122_ERSYSSRNG|0.0
P16234|O75122_RSYSSRNGS|0.001
P16234|O75122_SRNGSIPTY|0.0
P16234|O75122_GSIPTYMRQ|0.0
P16234|O75122_SIPTYMRQT|0.355
P16234|O75122_LMRFTVDQT|0.094
P16234|O75122_TPEFTMLLG|0.0
P16234|O75122_ALPKTFQDG|0.0
P16234|O75122_QDGATKLLH|0.0
P16234|O75122_TGNGTQSSM|0.0
P16234|O75122_NGTQSSMGS|0.0
P16234|O75122_GTQSSMGSP|0.0
P16234|O75122_GSPLTRPTP|0.0
P16234|O75122_PTPRSPANW|0.0
P16234|O75122_ANWSSPLTS|0.252
P16234|O75122_SAFDYDTEN|0.436
P16234|O75122_SEDIYSSLR|0.0
P16234|O75122_DDGDSMCGG|0.002
P16234|O75122_GPGMSDPRA|0.0
P16234|O75122_GGDATDSSQ|0.0
P16234|O75122_DATDSSQTA|0.0
P16234|O75122_DSSQTALDN|0.0
P16234|O75122_HSMPTHSSP|0.0
P16234|O75122_SSPRSRDYN|0.0
P16234|O75122_RSRDYNPYN|0.33
P16234|O75122_DYNPYNYSD|0.29
P16234|O75122_NPYNYSDSI|0.182
P16234|O75122_PYNYSDSIS|0.0
P16234|O75122_SLDHSDLVA|0.0
P16234|O75122_KIALYELMK|0.0
P16234|O75122_LMKLTQEES|0.0
P16234|O75122_LLLETLGDK|0.0
P16234|O75122_RFKNYAELT|0.401
P16234|O75122_LLNLYIKRA|0.005
P16234|O75122_VSGQS____|0.0
P16234|Q9HAW4_SGQGSYETI|0.0
P16234|Q9HAW4_EKTTYDSAE|0.244
P16234|Q9HAW4_EKSLYQENL|0.135
P16234|Q9HAW4_PFNDSGCLL|0.0
P16234|Q9HAW4_EDEESLESI|0.0
P16234|Q9HAW4_AARLSKEAL|0.0
P16234|Q9HAW4_LNLPYHMPE|0.267
P16234|Q9HAW4_VRRFTLDRL|0.0
P16234|Q9HAW4_EEEMTDESE|0.0
P16234|Q9HAW4_MTDESEEDG|0.0
P16234|Q9HAW4_NNDGSSEIG|0.0
P16234|Q9HAW4_VGFLSVPKS|0.243
P16234|Q9HAW4_TDENSGKQP|0.001
P16234|Q9HAW4_SSHNSSFEL|0.0
P16234|Q9HAW4_VSSASKSSG|0.0
P16234|Q9HAW4_HRNQYQALK|0.34
P16234|Q9HAW4_GKFTSQAEK|0.0
P16234|Q9HAW4_SGKFTSQDA|0.0
P16234|Q9HAW4_LALCSGSFP|0.0
P16234|Q9HAW4_GSFPTDKEE|0.0
P16234|Q9HAW4_IGEDSQFMI|0.0
P16234|Q9HAW4_QKNASRPMV|0.0
P16234|Q9HAW4_KRGPSFMTS|0.002
P16234|Q9HAW4_SFMTSPSPK|0.0
P16234|Q9HAW4_MTSPSPKHL|0.0
P16234|Q9HAW4_KHLKTDDST|0.004
P16234|O95832_YDPMTPVNA|0.348
P16234|O95832_KPAPSSGKD|0.0
P16234|O95832_PAPSSGKDY|0.094
P16234|O95832_SGKDYV___|0.478
P16234|P78369_GFFGSIFAL|0.0
P16234|P78369_KTPRYTYNG|0.047
P16234|P78369_TPRYTYNGA|0.0
P16234|P78369_PRYTYNGAT|0.0
P16234|P78369_NGATSVMSS|0.0
P16234|P78369_TSVMSSRTK|0.0
P16234|P78369_SVMSSRTKY|0.0
P16234|P78369_MSSRTKYHG|0.0
P16234|P78369_SRTKYHGGE|0.0
P16234|P78369_DKNAYV___|0.342
P16234|O75508_YTAGSSSPT|0.0
P16234|O75508_TAGSSSPTH|0.0
P16234|O75508_AGSSSPTHA|0.0
P16234|P56749_GMCNTAFRS|0.235
P16234|P56749_TAFRSSVPN|0.0
P16234|P56749_AFRSSVPNI|0.0
P16234|P56749_WQPLYSHPP|0.328
P16234|P56749_SHPPSMHTY|0.342
P16234|P56749_SMHTYSQPY|0.149
P16234|O95500_PYRPYQAPP|0.47
P16234|O95500_TAPAYQPPA|0.361
P16234|O95500_PPAAYKDNR|0.225
P16234|O95500_THSGYRLND|0.002
P16234|P56746_ALMITAILL|0.0
P16234|P56746_ARRPYQAPV|0.173
P16234|Q9Y5I7_YVERSTLVL|0.0
P16234|Q9Y5I7_NYPYSLRKA|0.001
P16234|Q9Y5I7_RKAYSAAGV|0.321
P16234|Q9Y5I7_AKSYSAPRT|0.0
P16234|Q9Y5I7_TAKMYAVDT|0.38
P16234|Q9Y5I7_YAVDTRV__|0.267
P16234|P56750_AFVGSNIIV|0.0
P16234|P56750_PVPGYRVPH|0.085
P16234|P56856_EETNYKAVS|0.483
P16234|P56856_YKAVSYHAS|0.398
P16234|P56856_KAVSYHASG|0.128
P16234|P56856_SYHASGHSV|0.284
P16234|P56856_ASGHSVAYK|0.321
P16234|P56856_HSVAYKPGG|0.433
P16234|P56856_FKASTGFGS|0.064
P16234|P56856_NKKIYDGGA|0.41
P16234|P56856_GGARTEDEV|0.081
P16234|P56856_DEVQSYPSK|0.256
P16234|P56856_EVQSYPSKH|0.459
P16234|P56856_QSYPSKHDY|0.401
P16234|P56856_SKHDYV___|0.449
P16234|P56856-2_GLLVSIFAL|0.0
P16234|P57739_QRNRSNYYD|0.154
P16234|P57739_NRSNYYDAY|0.415
P16234|P57739_RSNYYDAYQ|0.443
P16234|P57739_YYDAYQAQP|0.359
P16234|P57739_ATRSSPRPG|0.0
P16234|P57739_SEFNSYSLT|0.002
P16234|P57739_EFNSYSLTG|0.251
P16234|P57739_FNSYSLTGY|0.0
P16234|Q96B33_PRRSSVSTI|0.0
P16234|Q96B33_SSVSTIQVE|0.0
P16234|O15551_REKKYTATK|0.326
P16234|O15551_KYTATKVVY|0.379
P16234|O15551_TKVVYSAPR|0.428
P16234|O15551_KVVYSAPRS|0.077
P16234|O15551_APRSTGPGA|0.0
P16234|O15551_ASLGTGYDR|0.0
P16234|O14493_TDKPYSAKY|0.343
P16234|O14493_YSAKYSAAR|0.0
P16234|O14493_SAKYSAARS|0.243
P16234|O14493_SAARSAAAS|0.0
P16234|O14493_SAAASNYV_|0.054
P16234|O00501_ALTVSAVLL|0.152
P16234|O00501_VREFYDPSV|0.341
P16234|O00501_SVPVSQKYE|0.318
P16234|O00501_PRRPTATGD|0.0
P16234|O00501_RPTATGDYD|0.295
P16234|P56747_GPSHYMARY|0.494
P16234|P56747_YMARYSTSA|0.424
P16234|P56747_SEYPTKNYV|0.476
P16234|O95471_SCKMYDSVL|0.248
P16234|O95471_MFVATMGMK|0.0
P16234|O95471_SKAGYRVPR|0.251
P16234|O95471_RVPRSYPKS|0.207
P16234|O95471_KSNSSKEYV|0.298
P16234|O95471_SSKEYV___|0.452
P16234|P56748_QCKIYDSLL|0.0
P16234|P56748_KIYDSLLAL|0.022
P16234|P56748_LLALSPDLQ|0.0
P16234|P56748_SSYRYSIPS|0.078
P16234|P56748_SYRYSIPSH|0.0
P16234|P56748_KSYHTGKKS|0.0
P16234|P56748_TGKKSPSVY|0.0
P16234|P56748_KKSPSVYSR|0.0
P16234|O95484_GWLGTLVSC|0.0
P16234|O95484_GTLVSCALP|0.0
P16234|O95484_RLGYSIPSR|0.0
P16234|O95484_DKRDYV___|0.452
P16234|Q96F83_LSDDSLEWR|0.0
P16234|Q96F83_KASISMPRE|0.0
P16234|Q96F83_QTKLSGPPG|0.0
P16234|Q05315____MSLLPV|0.0
P16234|Q05315_VNGQSSYTF|0.001
P16234|Q05315_KFNVSYLKR|0.303
P16234|A8K7I4_TKADYVRPK|0.402
P16234|A8K7I4_KLETYKNAD|0.024
P16234|A8K7I4_KLAEYGPQG|0.366
P16234|A8K7I4_FNKVTGLYE|0.168
P16234|A8K7I4_VTGLYEKGC|0.275
P16234|A8K7I4_SLQASSQTL|0.0
P16234|A8K7I4_LQASSQTLT|0.0
P16234|A8K7I4_TLTLTVTSR|0.005
P16234|A8K7I4_TLTVTSRAS|0.0
P16234|A8K7I4_VYSRYFTTY|0.269
P16234|A8K7I4_YFTTYDTNG|0.432
P16234|A8K7I4_TNGRYSVKV|0.418
P16234|Q9Y6N3_VLKSSLVTL|0.0
P16234|Q9Y6N3_SSLVTLNNN|0.002
P16234|Q9Y6N3_NNNGYDGIV|0.262
P16234|Q14CN2_TEKASIMFM|0.0
P16234|Q14CN2_IQIKSSDER|0.0
P16234|Q14CN2_RAANSSVPP|0.0
P16234|Q9UQC9_LFNATKRRV|0.0
P16234|Q9UQC9_LTAGYGSRG|0.003
P16234|Q9UQC9_AGYGSRGRV|0.182
P16234|Q9UQC9_VSAKTDISI|0.0
P16234|Q9UQC9_MDRNSLQSA|0.0
P16234|Q9UQC9_NSLQSAVSN|0.443
P16234|Q96S66_TMRKSQAKY|0.095
P16234|Q96S66_DSLTYKIDE|0.006
P16234|Q96S66_KREDYESQS|0.0
P16234|Q96S66_LSFCYGAGK|0.0
P16234|Q96S66_EQGPYAKTY|0.0
P16234|Q96S66_LRFQTGNKS|0.0
P16234|Q96S66_REHPTVVPS|0.0
P16234|Q96S66_GQDTSGNTE|0.0
P16234|Q96S66_AQLKSEAAG|0.0
P16234|Q96S66_PDQGSTYSP|0.0
P16234|Q96S66_QDPVSSPCG|0.0
P16234|Q96S66_DPVSSPCG_|0.0
P16234|Q9UBD9_HQLRSLAGT|0.0
P16234|Q9UBD9_SLAGTYLNY|0.143
P16234|Q9UBD9_EVWRSLNDK|0.0
P16234|P35523_FRNTTSTRK|0.0
P16234|P35523_RNTTSTRKS|0.0
P16234|P35523_NTTSTRKST|0.0
P16234|P35523_RPGATGTGD|0.0
P16234|P35523_ASPETPVPS|0.0
P16234|P35523_PSLRSTDEE|0.0
P16234|P35523_SLRSTDEED|0.0
P16234|P51788_QYEQTLMYG|0.2
P16234|P51788_CRVCSVRCH|0.0
P16234|P51788_VIGLTCALG|0.0
P16234|P51788_ALFKTRFRL|0.0
P16234|P51788_ALHRTKGRM|0.0
P16234|P51788_ALVESPESM|0.0
P16234|P51788_GAQLSPARR|0.0
P16234|P51788_KRGPSVTRN|0.0
P16234|P51788_SPTGSAESA|0.0
P16234|P51788_GSAESAGIA|0.0
P16234|P51788_IALRSLFCG|0.0
P16234|P51788_LFCGSPPPE|0.0
P16234|P51788_PEAASEKLE|0.0
P16234|P51788_EKLESCEKR|0.0
P16234|P51788_LVERTSLHK|0.0
P16234|P51788_VERTSLHKT|0.0
P16234|P51788_PPLASFRDS|0.0
P16234|P51790_GNIFSYLFP|0.0
P16234|P51790_RRDLTIAIE|0.0
P16234|P51790_IAIESARKK|0.0
P16234|P51790_FAQHTPSLP|0.0
P16234|P51790_QHTPSLPAE|0.0
P16234|P51790_LPAESPRPL|0.0
P16234|P51793_SSGLSLGKE|0.0
P16234|P51793_PFGNSRLVL|0.0
P16234|P51793_PFTVTDHTP|0.406
P16234|P51793_TPMETVVDI|0.013
P16234|P51793_LGIITKKDV|0.0
P16234|P51795_PFGNSRLVL|0.0
P16234|P51795_GVGVYSAMW|0.485
P16234|P51795_GEDKSYNGG|0.012
P16234|P51795_GGIGSSNRI|0.0
P16234|P51797_INDPYLEVL|0.542
P16234|P51797_GVLFSVAGG|0.118
P16234|P51797_EDVNSSIKT|0.0
P16234|P51797_DVNSSIKTF|0.0
P16234|P51797_KSYPSSELR|0.084
P16234|P51797_DYPRYPDIH|0.418
P16234|P51798_SKKVSWSGR|0.0
P16234|P51798_KVSWSGRDR|0.0
P16234|P51798_PGGGTPLLN|0.0
P16234|P51798_AARQSPRSA|0.0
P16234|P51798_ESLDYDNSE|0.0
P16234|P51798_IGILTGLVA|0.0
P16234|P51798_GVILSVVGG|0.0
P16234|P51798_KIFEYFRRD|0.057
P16234|P51798_EVMSTPVTC|0.0
P16234|P51798_STPVTCLRR|0.0
P16234|P51798_LILRSQLIV|0.0
P16234|P51798_SLAQT____|0.0
P16234|P51800_HPRFTIFGT|0.0
P16234|P51800_LNLQSLFVT|0.0
P16234|P51801_HLLRYLSWT|0.0
P16234|P51801_VLEDYLDIK|0.0
P16234|P51801_HPRFTIFGT|0.0
P16234|P51801_RNIGSHRVR|0.0
P16234|Q9NY35_DEFISDEAD|0.002
P16234|Q9NY35_RKEYTLMKA|0.286
P16234|Q9NY35-3__MGESFDVV|0.0
P16234|Q8IUN9_FVQKYLGSA|0.047
P16234|Q8IUN9_KYLGSAYTW|0.044
P16234|Q8IUN9_GSAYTWMGL|0.381
P16234|Q5QGZ9_QTIATKLCR|0.0
P16234|Q5QGZ9_YVQYYHCTY|0.498
P16234|Q5QGZ9_YHCTYKKRM|0.504
P16234|Q2HXU8_VKIDSLEEK|0.0
P16234|Q86T13_PRKESMGPP|0.0
P16234|Q86T13_LLAESPLGS|0.0
P16234|Q2KHT3_MFGRSRSWV|0.0
P16234|Q2KHT3_GRSRSWVGG|0.0
P16234|Q2KHT3_ETIRSITEI|0.0
P16234|Q2KHT3_KAKGTEGGS|0.0
P16234|Q2KHT3_GRRGSSDPT|0.0
P16234|Q2KHT3_VETASLSPS|0.0
P16234|Q2KHT3_TASLSPSLV|0.0
P16234|Q2KHT3_SLSPSLVPA|0.0
P16234|Q2KHT3_ARQPTISLL|0.0
P16234|Q6ZS10_EDDDYENST|0.105
P16234|A5D8T8_PSLASGLWR|0.004
P16234|A5D8T8_VNGKTIVPY|0.516
P16234|Q8NCF0_VNGKTIVPY|0.423
P16234|Q9P126_RHNLTWEES|0.0
P16234|Q9P126_TWEESKQYC|0.157
P16234|Q9P126_KQYCTDMNA|0.164
P16234|Q9P126_DMNATLLKI|0.0
P16234|Q9P126_KAGMTKVDQ|0.0
P16234|Q92478_EGCAYLSDD|0.264
P16234|Q92478_CAYLSDDGA|0.05
P16234|Q9UHP7_TKNWTSSQR|0.0
P16234|Q9UHP7_KNWTSSQRF|0.0
P16234|Q9UHP7_NWTSSQRFC|0.0
P16234|P0C7M8_RRSGSGYEG|0.0
P16234|P0C7M8_SGSGYEGST|0.0
P16234|O75596_TSHTSRLKA|0.0
P16234|O75596_IPRNSDEIN|0.0
P16234|Q9UMR7_NEFKSSGIN|0.0
P16234|Q9UMR7_EFKSSGINT|0.0
P16234|Q9ULY5_NSSKSSETQ|0.0
P16234|Q9ULY5_SSKSSETQC|0.421
P16234|Q9ULY5_KSSETQCTE|0.0
P16234|Q9ULY5_ETQCTERGC|0.486
P16234|Q8N1N0_NAEIYVLRG|0.0
P16234|Q8N1N0_SFDNTSAEI|0.0
P16234|Q8N1N0_FDNTSAEIQ|0.0
P16234|Q8N1N0_REIQTLKQG|0.0
P16234|Q8N1N0_QQEQSRLKT|0.0
P16234|Q8N1N0_GSLYYFSSV|0.033
P16234|Q8N1N0_LVEFTSKVY|0.0
P16234|Q9H2X3_LQEIYQELT|0.0
P16234|Q9H2X3_LPEKSKLQE|0.0
P16234|Q6UXN8_ERSQSANQV|0.0
P16234|Q6UXN8_GYVKSNSLL|0.0
P16234|Q6UXN8_SSNCSTWKY|0.0
P16234|Q6UXN8_SNCSTWKYF|0.001
P16234|Q8IZS7_PLQRSVSFN|0.0
P16234|Q8IZS7_QRSVSFNFS|0.0
P16234|O14967_KEEESEPEE|0.0
P16234|O14967_GQEESNQSN|0.0
P16234|O14967_QSNKSGSED|0.0
P16234|O14967_NKSGSEDEM|0.0
P16234|O14967_EADESTGSG|0.0
P16234|O14967_ESTGSGDGP|0.0
P16234|Q8NHS4_HITAYKSIL|0.0
P16234|Q8NHS4_KQGQTHRVM|0.0
P16234|O00299_TTVDTKRRT|0.0
P16234|O00299_RRTETVQKL|0.0
P16234|O00299_LNPESNTAG|0.0
P16234|O00299_FAKFSAYIK|0.037
P16234|O00299_DNYLTSPLP|0.0
P16234|O00299_NYLTSPLPE|0.0
P16234|O00299_EVDETSAED|0.0
P16234|O00299_YRGFTIPEA|0.0
P16234|O00299_GVHRYLSNA|0.392
P16234|O00299_LSNAYAREE|0.162
P16234|O00299_EFASTCPDD|0.0
P16234|O15247____MSGLRP|0.0
P16234|O15247_LRPGTQVDP|0.0
P16234|O15247_YPHLSPKYK|0.003
P16234|O15247_FAKFSAYIK|0.0
P16234|O15247_EIENTYANV|0.31
P16234|O15247_IENTYANVA|0.025
P16234|O95833_DEALYQQLL|0.225
P16234|O95833_ILAAYRPAV|0.0
P16234|Q9Y696_FAKFSAYIK|0.062
P16234|Q9Y696_EYLNSPLPD|0.367
P16234|Q9Y696_IDENSMEDI|0.0
P16234|Q9Y696_GIWRYLTNA|0.0
P16234|Q9Y696_NTCPSDKEV|0.0
P16234|Q9Y696_EIAYSDVAK|0.203
P16234|Q9NZA1_YSTIYDTIQ|0.4
P16234|Q9NZA1_ASVQSEDRG|0.0
P16234|Q9NZA1_PDEIYSELQ|0.0
P16234|Q9NZA1_MEGLYSSTQ|0.0
P16234|Q9NZA1_KYSCYSDAE|0.435
P16234|Q9NZA1_KHRESNTAG|0.0
P16234|Q9NZA1_RESNTAGID|0.0
P16234|Q9NZA1_FSKFSAYIK|0.011
P16234|Q96NY7_GPEGSEGAE|0.001
P16234|Q96NY7_VEGASPGRG|0.0
P16234|Q96NY7_RVGDSVDAE|0.085
P16234|Q96NY7_PAGDSVDAE|0.22
P16234|Q96NY7_ARRVSGEPQ|0.0
P16234|Q96NY7_SGDGSLSPQ|0.0
P16234|Q96NY7_DGSLSPQAE|0.005
P16234|Q96NY7_SAGRSPGEL|0.0
P16234|Q96NY7_RRERSPEGP|0.0
P16234|Q96NY7_GEEESPDSS|0.0
P16234|Q96NY7_EAQLSNHLA|0.0
P16234|Q96NY7_PAEGSGEAA|0.0
P16234|Q96NY7_LRAGYDGES|0.122
P16234|Q96NY7_TEDVTVSGR|0.004
P16234|Q96NY7_DVTVSGRKF|0.0
P16234|Q96NY7_LNNAYARDE|0.368
P16234|Q8TDR2_GHQESPLAR|0.0
P16234|Q8TDR2_EHVESHGSL|0.0
P16234|Q8TDR2_ARPRYSLLA|0.376
P16234|Q8TDR2_RPRYSLLAE|0.009
P16234|Q8TDR2_IGRGSYGVV|0.0
P16234|Q8TDR2_GRGSYGVVY|0.384
P16234|Q8TDR2_DFGLSKVCA|0.0
P16234|Q8TDR2_KYWLSSACG|0.314
P16234|Q8TDR2_YWLSSACGS|0.019
P16234|Q8TDR2_SACGSDFYM|0.008
P16234|Q8TDR2_ELLGTYIKQ|0.182
P16234|Q8TDR2_QKRRTSMSE|0.0
P16234|Q8TDR2_KRRTSMSEG|0.013
P16234|Q8TDR2_RTSMSEGIK|0.0
P16234|Q8N165_VIRKTSARV|0.0
P16234|Q8N165_IRKTSARVA|0.0
P16234|Q8N165_DFGLSKVCS|0.0
P16234|Q8N165_KCFLSTACG|0.0
P16234|O00151_SPLVTEEGK|0.0
P16234|O00151_MNLASEPQE|0.04
P16234|O00151_AHNRSAMPF|0.001
P16234|O00151_AMPFTASPA|0.002
P16234|O00151_ASSTTARVI|0.0
P16234|O00151_ARVITNQYN|0.192
P16234|O00151_AGLYSSENI|0.033
P16234|O00151_GLYSSENIS|0.001
P16234|O00151_IDKESEVYK|0.515
P16234|O00151_ESEVYKMLQ|0.664
P16234|O00151_PPKQSTSFL|0.0
P16234|O00151_PKQSTSFLV|0.0
P16234|O00151_KQSTSFLVL|0.001
P16234|O00151_PNKPSGFRS|0.218
P16234|O00151_KVAASIGNA|0.0
P16234|O00151_TDCGTNLKQ|0.264
P16234|O00151_EDQIYCEKH|0.689
P16234|Q8N3C7_MLPNYDHVT|0.026
P16234|Q8N3C7_FAPLSKISK|0.0
P16234|Q8N3C7_THTPSTKAA|0.0
P16234|Q8N3C7_EHRQSYPKK|0.0
P16234|Q8N3C7_HRQSYPKKQ|0.0
P16234|Q8N3C7_TMSKSPSLS|0.0
P16234|Q8N3C7_SSRASAGLN|0.0
P16234|Q8N3C7_AGLNSSATS|0.0
P16234|Q8N3C7_TANNSRCEG|0.0
P16234|Q8N3C7_YFSCSPRYG|0.418
P16234|Q8N3C7_RVTDSLDTL|0.0
P16234|Q8N3C7_GFRRSFSTT|0.0
P16234|Q8N3C7_RRSFSTTSA|0.0
P16234|Q8N3C7_TSASSQKEI|0.0
P16234|Q8N3C7_ALRRSWSST|0.0
P16234|Q8N3C7_RRSWSSTPT|0.0
P16234|Q8N3C7_SWSSTPTAG|0.0
P16234|Q8N3C7_LHEGSQVLL|0.0
P16234|Q96DZ5_PMDMSLDKA|0.0
P16234|Q96DZ5_SSVTSTPRT|0.0
P16234|Q96DZ5_FSRVTGKGR|0.0
P16234|Q96DZ5_GKKKTPSSP|0.0
P16234|Q96DZ5_KKTPSSPSL|0.0
P16234|Q96DZ5_KTPSSPSLG|0.0
P16234|Q96DZ5_QPKRTFTTV|0.0
P16234|Q96DZ5_KRTFTTVRT|0.0
P16234|Q96DZ5_AEMQS____|0.022
P16234|P49759_GKWRSSSSH|0.0
P16234|P49759_RRKRSHSSA|0.0
P16234|P49759_KRSHSSAQE|0.0
P16234|P49759_KMCDSHYLE|0.0
P16234|P49759_CDSHYLESR|0.068
P16234|P49759_HYLESRSIN|0.0
P16234|P49759_YIDEYRNDY|0.405
P16234|P49759_YRNDYTQGC|0.379
P16234|P49759_YQNHSSKSS|0.0
P16234|P49759_QNHSSKSSG|0.0
P16234|P49759_HSSKSSGRS|0.0
P16234|P49759_RIHHSTSHR|0.0
P16234|P49759_IHHSTSHRR|0.0
P16234|P49759_GDVLSARYE|0.0
P16234|P49759_SNKLTHTDL|0.0
P16234|P49759_LFVQSDYTE|0.0
P16234|P49759_YTEAYNPKI|0.248
P16234|P49759-3_ERRGSPLRG|0.0
P16234|P49760_HPRRYHSSE|0.0
P16234|P49760_RRYHSSERG|0.0
P16234|P49760_RYHSSERGS|0.003
P16234|P49760_SERGSRGSY|0.339
P16234|P49760_GSRGSYREH|0.0
P16234|P49760_RREDSYHVR|0.015
P16234|P49760_REDSYHVRS|0.135
P16234|P49760_YHVRSRSSY|0.38
P16234|P49760_VRSRSSYDD|0.0
P16234|P49760_RSRSSYDDR|0.199
P16234|P49760_SRSSYDDRS|0.007
P16234|P49760_YDDRSSDRR|0.0
P16234|P49760_DDRSSDRRV|0.0
P16234|P49760_DRRVYDRRY|0.315
P16234|P49760_RYCGSYRRN|0.029
P16234|P49760_RRNDYSRDR|0.232
P16234|P49760_RNDYSRDRG|0.0
P16234|P49760_GDAYYDTDY|0.26
P16234|P49760_YDTDYRHSY|0.274
P16234|P49760_HSYEYQREN|0.435
P16234|P49760_QRENSSYRS|0.0
P16234|P49760_YEIVSTLGE|0.0
P16234|P49760_GPIPSRMIR|0.0
P16234|P49760_SAGRYVREN|0.386
P16234|P49760_AKRLTLGEA|0.0
P16234|P49760_KLWDSSRDI|0.0
P16234|P49760_SRDISR___|0.0
P16234|P49760-2_DYRHSYEYQ|0.0
P16234|P49760-2_QRENSSYRS|0.0
P16234|P49760-3_SRSSSHSSR|0.0
P16234|P49760-3_SSSHSSRRA|0.0
P16234|P49760-3_SSHSSRRAK|0.001
P16234|P49761_EPDPYLSYR|0.157
P16234|P49761_DPYLSYRWK|0.0
P16234|P49761_PYLSYRWKR|0.0
P16234|P49761_KRRRSYSRE|0.0
P16234|P49761_RRRSYSREH|0.26
P16234|P49761_RRSYSREHE|0.0
P16234|P49761_LRYPSRREP|0.011
P16234|P49761_GEDYYGPSR|0.0
P16234|P49761_RRTRSCSSA|0.0
P16234|P49761_CSSASSRSQ|0.0
P16234|P49761_SSASSRSQQ|0.0
P16234|P49761_SSKRSSRSV|0.0
P16234|P49761_SKRSSRSVE|0.0
P16234|P49761_LGEGTFGKV|0.0
P16234|P49761_SRNPSR___|0.0
P16234|Q9HAZ1_DSRESWGHE|0.0
P16234|Q9HAZ1_RKRRSHSST|0.0
P16234|Q9HAZ1_RRSHSSTQE|0.0
P16234|Q9HAZ1_YRNDYCEGY|0.365
P16234|Q9HAZ1_VPRHYHRDI|0.18
P16234|Q9HAZ1_RDIESGYRI|0.0
P16234|Q9HAZ1_SSVRSRRSS|0.0
P16234|Q9HAZ1_RSRRSSPKR|0.0
P16234|Q9HAZ1_SRRSSPKRK|0.0
P16234|Q9HAZ1_NRHCSSHQS|0.0
P16234|Q9HAZ1_RHCSSHQSR|0.0
P16234|Q9HAZ1_SSHQSRSKS|0.0
P16234|Q9HAZ1_HQSRSKSHR|0.0
P16234|Q9HAZ1_VDFGSATYD|0.002
P16234|Q9HAZ1_FGSATYDDE|0.007
P16234|Q9HAZ1_DEHHSTLVS|0.0
P16234|Q9HAZ1_EHHSTLVST|0.0
P16234|Q9HAZ1_STRHYRAPE|0.0
P16234|Q5W111_LPANSLPQE|0.0
P16234|Q5W111_HCPASGIRG|0.0
P16234|Q96JQ2_HEYKSSSHR|0.0
P16234|Q96JQ2_SFPPTPTAE|0.002
P16234|Q96JQ2_RIKETPSEQ|0.0
P16234|Q96JQ2_DKPESMKEF|0.0
P16234|Q96JQ2_GRSNSLPIK|0.0
P16234|Q96JQ2_SKNLSLCFE|0.0
P16234|Q96JQ2_CFEGSPRVA|0.0
P16234|Q96JQ2_SHSLSPPGE|0.0
P16234|Q96JQ2_EEGDYFEAI|0.0
P16234|Q96JQ2_PLKASKFNS|0.0
P16234|Q96JQ2_NKVPSPHET|0.0
P16234|Q96JQ2_PHQDSGEEA|0.001
P16234|Q96JQ2_EGCPSAPEE|0.0
P16234|Q96JQ2_ETLGSHSEE|0.0
P16234|Q96JQ2_LGSHSEEGL|0.0
P16234|Q96JQ2_SPPLSKVSV|0.0
P16234|Q96JQ2_GSQSSSSSS|0.0
P16234|Q96JQ2_QQRETKEND|0.001
P16234|Q96JQ2_VTKESISSK|0.0
P16234|Q96JQ2_ESISSKKKE|0.002
P16234|Q96JQ2_PSRTSHSDS|0.0
P16234|Q96JQ2_RTSHSDSSI|0.0
P16234|Q96JQ2_SHSDSSIYL|0.0
P16234|Q96JQ2_HSDSSIYLR|0.005
P16234|Q96JQ2_DSSIYLRRH|0.35
P16234|Q96JQ2_THRSSESDH|0.0
P16234|Q96JQ2_SDHFSYVQL|0.091
P16234|Q96JQ2_DHFSYVQLR|0.025
P16234|Q13286_LLPYSPRVL|0.0
P16234|Q13286_PGSSSSLSL|0.0
P16234|Q13286_GSSSSLSLR|0.0
P16234|Q13286_RERWTVFKG|0.0
P16234|Q13286-6_DPGPTPIPH|0.0
P16234|Q13286-6_PHNSSSRFD|0.0
P16234|Q13286-6_FDCNSVSTA|0.0
P16234|O75503_TGNKTLGLA|0.0
P16234|Q9NWW5_HLGATGGPG|0.0
P16234|Q9NWW5_QLGASFLQA|0.0
P16234|Q9NWW5_HGSVSADEA|0.077
P16234|O15516_KELGSMLPG|0.359
P16234|O15516_EGEHSEVYK|0.094
P16234|O15516_HLLESDSLT|0.0
P16234|O15516_HLMQYGKGK|0.322
P16234|O15516_AADKSQDSG|0.0
P16234|O15516_KSQDSGSDN|0.0
P16234|O15516_QDSGSDNRI|0.0
P16234|O15516_DHSPTPSAS|0.024
P16234|O15516_PSASSRSSR|0.0
P16234|O15516_SSRSSRKSS|0.0
P16234|O15516_KSSHTAVSD|0.0
P16234|O15516_HTAVSDPSS|0.0
P16234|O15516_PTDTSTPPR|0.0
P16234|O15516_HRTDSLPDP|0.0
P16234|Q9H078_GRNVTTGSL|0.0
P16234|Q9H078_VTTGSLGEP|0.0
P16234|Q9H078_SEAKYQEKQ|0.0
P16234|Q9H078_KFIGSPPGY|0.0
P16234|Q9H078_QLLKSPELP|0.0
P16234|Q9H078_PELPSPQAE|0.0
P16234|Q16740_IHQPSGGAR|0.0
P16234|Q16740_RGQATDIAI|0.0
P16234|Q16740_DRYMSPMEA|0.0
P16234|P04118_VKTLYGIYY|0.366
P16234|P04118_YGIYYKCPC|0.244
P16234|Q6UWE3_DLMCSRRCH|0.0
P16234|O96005_KNLLTGETE|0.0
P16234|O96005_LTGETEADP|0.0
P16234|O96005_VSGDYYPII|0.0
P16234|O96005_YPIIYFNDY|0.081
P16234|O96005_YFNDYWNLQ|0.301
P16234|O96005_PLRVSFCPL|0.0
P16234|O96005_FCPLSLWRW|0.0
P16234|O96005_LYEQSDEEQ|0.055
P16234|O96005_AEVPTAAGA|0.0
P16234|O96005_AGALTPTPA|0.0
P16234|O96005_TPAPTTTTA|0.0
P16234|Q96KA5_QLGKTVHYL|0.119
P16234|Q96KA5_KTVHYLPIL|0.415
P16234|Q96KA5_ELPLTVSYD|0.0
P16234|Q96KA5_FGTYSESER|0.0
P16234|Q96KA5_TYSESERKT|0.0
P16234|Q96KA5_KTEEYDTQA|0.265
P16234|Q96KA5_QAMKYLSYL|0.001
P16234|Q96KA5_KYLSYLLYP|0.271
P16234|Q96KA5_EFGESYEEK|0.021
P16234|Q96KA5_FGESYEEKA|0.0
P16234|O76031_QRGISGGRI|0.0
P16234|O76031_RIHMSVLGR|0.0
P16234|O76031_AYFASKDGI|0.0
P16234|O76031_KDGISKDGS|0.0
P16234|O76031_EKQTSLTPR|0.001
P16234|O76031_QTSLTPREL|0.0
P16234|O76031_EVLDSSHDD|0.0
P16234|O76031_VLDSSHDDI|0.0
P16234|O76031_GPTGSGKTL|0.0
P16234|O76031_GSGKTLLAQ|0.0
P16234|O76031_LRGETVQVD|0.0
P16234|O76031_VQVDTTNIL|0.0
P16234|O76031_QVDTTNILF|0.0
P16234|O76031_LFVASGAFN|0.0
P16234|O76031_LGFGTPSNL|0.0
P16234|O76031_VIPQYQALF|0.001
P16234|O76031_IRAPTKESS|0.0
P16234|O76031_TKESSEEEY|0.0
P16234|Q8NCR9_KPMEYAPRD|0.053
P16234|O94985_TILCSSDKT|0.0
P16234|O94985_ILCSSDKTD|0.0
P16234|O94985_NRHHYSLYV|0.18
P16234|O94985_HYSLYVHGC|0.456
P16234|Q9H4D0_KAVVTEGKI|0.0
P16234|Q9H4D0_IKIVSTFAK|0.0
P16234|Q9H4D0_KIVSTFAKT|0.0
P16234|Q9H4D0_TFAKTEAPG|0.382
P16234|Q9H4D0_DVKTTDPKS|0.0
P16234|Q9BQT9_EGKLYDRIL|0.301
P16234|Q9BQT9_KKDESWQGT|0.0
P16234|Q9BQT9_HRRVSGAGG|0.0
P16234|Q9BQT9_RIIETPPHR|0.0
P16234|P09496_MNGEYYQES|0.448
P16234|P09496_NGEYYQESN|0.065
P16234|P09496_YYQESNGPT|0.073
P16234|P09496_SNGPTDSYA|0.018
P16234|P09496_GPTDSYAAI|0.243
P16234|P09496_PTDSYAAIS|0.421
P16234|P09496_LDANSRKQE|0.0
P16234|P09496_LEEWYARQD|0.075
P16234|P09497_PADGYAAIA|0.159
P16234|P09497_ETPGTEWEK|0.017
P16234|P09497_SRLRSVLMS|0.0
P16234|P09497_SVLMSLKQT|0.046
P16234|P09497_SLKQTPLSR|0.0
P16234|P09497-2_NNRASEEAF|0.0
P16234|Q00610_FSTLTMESD|0.0
P16234|Q00610_ISADSAIMN|0.0
P16234|Q00610_AHTMTDDVT|0.092
P16234|Q00610_FDRHSSLAG|0.234
P16234|Q00610_INYRTDAKQ|0.392
P16234|Q00610_LTGISAQQN|0.056
P16234|Q00610_DRKVSQPIE|0.0
P16234|Q00610_IEVGTPPTG|0.053
P16234|Q00610_GTPPTGNQP|0.0
P16234|Q00610_AQGNYSEAA|0.362
P16234|Q00610_RTPDTIRRF|0.0
P16234|Q00610_RRFQSVPAQ|0.268
P16234|Q00610_QLNKYESLE|0.396
P16234|Q00610_SVDPTLALS|0.0
P16234|Q00610_KKVGYTPDW|0.263
P16234|Q00610_VFMEYNLIQ|0.389
P16234|Q00610_ICRESNCYD|0.342
P16234|Q00610_NLQKYIEIY|0.396
P16234|Q00610_YIEIYVQKV|0.386
P16234|Q00610_DVDCSEDVI|0.0
P16234|Q00610_RGQFSTDEL|0.0
P16234|Q00610_GQFSTDELV|0.083
P16234|Q00610_ENPYYDSRV|0.645
P16234|Q00610_PYYDSRVVG|0.317
P16234|Q00610_CNENSLFKS|0.0
P16234|Q00610_LDRAYEFAE|0.368
P16234|Q00610_PAVWSQLAK|0.0
P16234|Q00610_DPSSYMEVV|0.335
P16234|Q00610_KARESYVET|0.219
P16234|Q00610_ALAKTNRLA|0.013
P16234|Q00610_GDRCYDEKM|0.384
P16234|Q00610_DEKMYDAAK|0.404
P16234|Q00610_AKLLYNNVS|0.445
P16234|Q00610_YNNVSNFGR|0.228
P16234|Q00610_RLASTLVHL|0.0
P16234|Q00610_HLGEYQAAV|0.488
P16234|Q00610_MGMFTELAI|0.0
P16234|Q00610_ELFWSRVNI|0.23
P16234|Q00610_KDIITKVAN|0.034
P16234|Q00610_NVELYYRAI|0.399
P16234|Q00610_VELYYRAIQ|0.352
P16234|Q00610_RAVNYFSKV|0.403
P16234|Q00610_VNYFSKVKQ|0.534
P16234|Q00610_HNNKSVNES|0.195
P16234|Q00610_SVNESLNNL|0.0
P16234|Q00610_QALRTSIDA|0.0
P16234|Q00610_SIDAYDNFD|0.308
P16234|Q00610_RIAAYLFKG|0.155
P16234|Q00610_RWKQSVELC|0.0
P16234|Q00610_YASESKDTE|0.32
P16234|Q00610_KEYLTKVDK|0.388
P16234|Q00610_DASESLRKE|0.012
P16234|Q00610_QPIVYGQPQ|0.483
P16234|Q00610_APFGYGYTA|0.418
P16234|Q00610_FGYGYTAPP|0.512
P16234|Q00610_GYGYTAPPY|0.555
P16234|Q00610_TAPPYGQPQ|0.375
P16234|Q00610_PGFGYSM__|0.488
P16234|Q00610_GFGYSM___|0.0
P16234|P53675_LVGISAQQN|0.0
P16234|P53675_AKPATLFCF|0.0
P16234|P53675_VRNPTGGKL|0.0
P16234|P53675_KVAASAPKG|0.002
P16234|P53675_MLALSVYLR|0.0
P16234|P53675_KKVGYTPDW|0.198
P16234|P53675_HAMLSANIR|0.154
P16234|P53675_ESSCYNPER|0.393
P16234|P53675_NLQRYIEIY|0.086
P16234|P53675_YIEIYVQKV|0.378
P16234|P53675_RGQFSTDEL|0.0
P16234|P53675_GQFSTDELV|0.012
P16234|P53675_DSNNSPECF|0.007
P16234|P53675_VLEETNPSR|0.0
P16234|P53675_ETNPSRRQL|0.0
P16234|P53675_PEEISVTVK|0.0
P16234|P53675_VLDNSVFSE|0.0
P16234|P53675_NSVFSEHRN|0.0
P16234|P53675_KADRTRVME|0.001
P16234|P53675_RVMEYISRL|0.006
P16234|P53675_MEYISRLDN|0.284
P16234|P53675_LDRAYEFAE|0.293
P16234|P53675_LAKTSRVSE|0.0
P16234|P53675_MGMFTELAI|0.0
P16234|P53675_ELFWSRVNI|0.133
P16234|P53675_KDIITKVAN|0.002
P16234|P10909_EERKTLLSN|0.0
P16234|P10909_KTLLSNLEE|0.0
P16234|P10909_ALNETRESE|0.0
P16234|P10909_SRASSIIDE|0.001
P16234|P10909_REILSVDCS|0.0
P16234|P10909_SVDCSTNNP|0.0
P16234|P10909_VDCSTNNPS|0.0
P16234|P10909_TNNPSQAKL|0.0
P16234|P10909_YLRVTTVAS|0.215
P16234|P10909_TTVASHTSD|0.0
P16234|P10909_KLFDSDPIT|0.035
P16234|Q96AJ1_KEILTQVQK|0.0
P16234|Q96AJ1_QVQKTKDLL|0.0
P16234|Q96AJ1_SNDDSDIDI|0.0
P16234|Q96AJ1_RVRKSEPLD|0.0
P16234|Q15846_KKALTGIKQ|0.0
P16234|Q15846_RIYTTCQPS|0.0
P16234|Q15846_PSWSSVKNK|0.0
P16234|Q15846_DQNLSRCFK|0.0
P16234|Q8N0X4_RVLPSSLML|0.0
P16234|Q8N0X4_VLPSSLMLP|0.0
P16234|Q8N0X4_LDILYARQK|0.0
P16234|Q8N0X4_LLRQSREGA|0.0
P16234|P23946_FLLCSRAEA|0.0
P16234|P23946_HSRPYMAYL|0.484
P16234|P23946_PYMAYLEIV|0.474
P16234|Q8NFW8_ARGGSKGIP|0.0
P16234|Q8NFW8_VWVSTDHDE|0.0
P16234|Q8NFW8_REEGYDSVF|0.055
P16234|Q8NFW8_EGYDSVFSV|0.0
P16234|Q8NFW8_NGHIYVSGD|0.036
P16234|Q96DG6_ANEAYPCPC|0.003
P16234|Q96DG6_HIKAYVTKS|0.0
P16234|Q96DG6_DREISAILK|0.0
P16234|Q96DG6_AILKYLKQQ|0.017
P16234|Q96DG6_SEDIYNLKN|0.0
P16234|Q96DG6_LKDVSLLTQ|0.0
P16234|Q96DG6_CKVEYQIKT|0.0
P16234|Q96DG6_IKTFSGQTH|0.0
P16234|Q7Z7K0_CCKNSGVLM|0.004
P16234|Q9NRP2_KFFGYCNDV|0.003
P16234|Q9NRP2_LKNEYVENR|0.003
P16234|Q9NRP2_NRTKSREHG|0.0
P16234|Q8IY22_RTFLSKILT|0.0
P16234|Q8IY22_SKILTSKFL|0.0
P16234|Q8IY22_KILTSKFLR|0.0
P16234|Q8IY22_QAANSYLRD|0.2
P16234|Q8IY22_AANSYLRDQ|0.032
P16234|Q8IY22_KKVLSNPSR|0.0
P16234|Q8IY22_LSNPSRWEV|0.0
P16234|Q8IY22_DRKPTLPLR|0.0
P16234|Q8IY22_EVERTSTAK|0.0
P16234|Q8IY22_VERTSTAKP|0.0
P16234|Q8IY22_ERTSTAKPA|0.0
P16234|Q8IY22_AGNDSEPNL|0.0
P16234|Q8IY22_TLGCYVEIL|0.119
P16234|Q8IY22_LPSKSTDAD|0.0
P16234|Q8IY22_PSKSTDADL|0.0
P16234|Q8IY22_LRLLSEHLT|0.0
P16234|Q8IY22_SSMKSLCSL|0.0
P16234|Q8IY22_KSLCSLNMN|0.0
P16234|Q8IY22_SADTYEDLK|0.001
P16234|Q8IY22_VDVRYTEAW|0.006
P16234|Q8IY22-2_VQLLSWENA|0.0
P16234|Q99788_VRLAYMACM|0.515
P16234|Q99788_RLAKTKKPF|0.001
P16234|Q99788_NPILYVFMG|0.713
P16234|Q99788_VNALSEDTG|0.0
P16234|Q99788_LSEDTGHSS|0.0
P16234|Q99788_DTGHSSYPS|0.095
P16234|Q99788_SSYPSHRSF|0.373
P16234|Q99788_PSHRSFTKM|0.13
P16234|P25106_FIFKYSAKT|0.414
P16234|P25106_IFKYSAKTG|0.009
P16234|P25106_YSAKTGLTK|0.146
P16234|P25106_LIDASRVSE|0.0
P16234|P25106_SETEYSALE|0.417
P16234|P25106_ALEQSTK__|0.0
P16234|P30085_PDSQYGELI|0.0
P16234|P30085_LIEKYIKEG|0.0
P16234|P30085_PVEITISLL|0.0
P16234|P30085_EITISLLKR|0.0
P16234|P30085_GWNKTMDGK|0.0
P16234|P30085_IIDLYEEMG|0.002
P16234|P30085_DASKSVDEV|0.0
P16234|P30085-2_EMDQTMAAN|0.0
P16234|Q5EBM0_CVPVTPDAG|0.338
P16234|Q9BQ75_KKKITDVLA|0.0
P16234|Q9BQ75_LMKDYYSSR|0.0
P16234|Q9BQ75_MKDYYSSRR|0.003
P16234|Q9BQ75_ELIRSMTAF|0.0
P16234|Q9BQ75_GLNLSPLKF|0.0
P16234|Q9BQ75-2_HGEASDGEG|0.0
P16234|Q8IZ96_RHLLYVGGS|0.42
P16234|Q8IZ96_ERKLSPAKD|0.375
P16234|Q8IZ96-17_KQPETAAAL|0.001
P16234|Q8IZ96-17_AALASSGSV|0.0
P16234|Q8IZ96-17_SVVSSVPKA|0.0
P16234|Q8IZ96-17_QRNISAKTA|0.0
P16234|Q8IZ96-17_SRKATTRPP|0.0
P16234|Q8IZ96-17_RKATTRPPP|0.0
P16234|Q8IZ96-5_SVDLTNSII|0.562
P16234|Q8IZ96-5_AVFLSVVAI|0.001
P16234|Q8IZR5_SGASSPYQP|0.0
P16234|Q8IZR5_ASSPYQPTT|0.309
P16234|Q8IZR5_VRQQSTNDY|0.0
P16234|Q8IZR5_STNDYIRAR|0.0
P16234|Q8IZR5_RDVDSRPEI|0.0
P16234|Q8IZR5_QRLDTFSYS|0.0
P16234|Q9NX76_NGAVYSPTT|0.282
P16234|Q9NX76_GLAAYFFMG|0.452
P16234|Q9NX76_AEALTEPLN|0.0
P16234|Q96FZ5____MSHGAG|0.374
P16234|Q8IZV2_QRARSHTVT|0.0
P16234|Q8IZV2_ARSHTVTTT|0.0
P16234|Q8IZV2_SHTVTTTAS|0.0
P16234|Q8IZV2_HTVTTTASS|0.0
P16234|Q8IZV2_TVTTTASSF|0.018
P16234|Q8IZV2_TTTASSFAE|0.0
P16234|Q8IZV2_TTASSFAEN|0.0
P16234|Q8IZV2_NFSTSSSSF|0.0
P16234|Q8IZV2_FSTSSSSFA|0.0
P16234|Q702N8_MRMATAEDL|0.0
P16234|Q702N8_DRLGSRPSL|0.0
P16234|Q702N8_GSRPSLQEQ|0.0
P16234|Q702N8_QGIGSPVYA|0.0
P16234|Q702N8_LHALTSVSR|0.0
P16234|Q702N8_QLGRSPSTI|0.0
P16234|Q702N8_GRSPSTIDV|0.0
P16234|Q702N8_VRYCSRVEI|0.053
P16234|Q702N8_VEIPSGQVS|0.0
P16234|Q702N8_IPAGSVHKF|0.003
P16234|Q702N8_EQPMSPSGN|0.0
P16234|Q702N8_SERSSVQLL|0.0
P16234|Q702N8_QLLASCIDK|0.0
P16234|Q702N8_PGGGSDPRI|0.0
P16234|Q702N8_PRKVSREEQ|0.0
P16234|Q702N8_LHSHSSPAG|0.0
P16234|Q702N8_SQTKTPKLD|0.0
P16234|Q702N8_KLDPTMPPK|0.0
P16234|Q702N8_PLPLSPSFS|0.065
P16234|Q702N8_PLSPSFSSE|0.0
P16234|Q702N8_ARCPSGHSQ|0.0
P16234|Q702N8_GAPESPDSL|0.0
P16234|Q702N8_VECHTEAQS|0.0
P16234|Q702N8_TEAQSQVKI|0.0
P16234|Q702N8_RQETSREYL|0.0
P16234|Q702N8_TSREYLCPP|0.365
P16234|Q702N8_DSPSSPTFI|0.0
P16234|Q702N8_GLHASPLLR|0.0
P16234|A4UGR9_RMARYQAAV|0.431
P16234|A4UGR9_GAYSSDTVE|0.02
P16234|A4UGR9_YSSDTVENA|0.362
P16234|A4UGR9_KTVRYMFET|0.381
P16234|A4UGR9_VRGISMEEN|0.0
P16234|A4UGR9_QPLDTIKDD|0.0
P16234|A4UGR9_DDSETAVKL|0.0
P16234|A4UGR9_DVKSYRMLF|0.39
P16234|A4UGR9_IRTVSVNEI|0.0
P16234|A4UGR9_WLFETHTMD|0.0
P16234|A4UGR9_FETHTMDEL|0.324
P16234|A4UGR9_IKTVTQEDV|0.0
P16234|A4UGR9_NVNLTKTQL|0.0
P16234|A4UGR9_ERTVSETDI|0.0
P16234|A4UGR9_TVSETDIIP|0.0
P16234|A4UGR9_EPQSTFGKI|0.0
P16234|A4UGR9_STLNSLSQA|0.0
P16234|A4UGR9_LNSLSQAVN|0.0
P16234|A4UGR9_SGDKTGVWT|0.0
P16234|A4UGR9_TTKESDRAV|0.0
P16234|A4UGR9_NSIQSAGKT|0.0
P16234|A4UGR9_SAGKTVGKQ|0.0
P16234|A4UGR9_TSNVTEMKV|0.001
P16234|A4UGR9_KKRETDVHL|0.0
P16234|A4UGR9_KTNTSTGLK|0.0
P16234|A4UGR9_PPPPTPSQK|0.0
P16234|A4UGR9_EASNSQNSQ|0.0
P16234|A4UGR9_NSQNSQAKI|0.0
P16234|A4UGR9_AKIITGKTG|0.0
P16234|A4UGR9_NPKPYMRKF|0.471
P16234|A4UGR9_DKREYAVHI|0.388
P16234|A4UGR9_GNKPTSLDE|0.0
P16234|A4UGR9_SLDETSSKV|0.0
P16234|A4UGR9_TRPPSPTFI|0.0
P16234|A4UGR9_PPSPTFITI|0.0
P16234|A4UGR9_TIESTARRT|0.0
P16234|A4UGR9_ELSQSPKKD|0.019
P16234|A4UGR9_HRANTSPSP|0.0
P16234|A4UGR9_RANTSPSPP|0.0
P16234|A4UGR9_NTSPSPPRS|0.0
P16234|A4UGR9_SPPRSRSEQ|0.0
P16234|A4UGR9_VEKRSEIIM|0.0
P16234|A4UGR9-4_QPQESKLLA|0.0
P16234|A4UGR9-4_NTREYGRPE|0.0
P16234|A4UGR9-4_TTLLSPEFK|0.0
P16234|A4UGR9-4_SEKTYSRNV|0.077
P16234|A4UGR9-4_SHSKSKNLH|0.0
P16234|A4UGR9-4_FFSNTVKIT|0.0
P16234|Q8N3K9_SFLGSDGDE|0.0
P16234|Q8N3K9_QREDSGITW|0.0
P16234|Q8N3K9_RTHKSKHGS|0.0
P16234|Q8N3K9_SKHGSPSLR|0.0
P16234|Q8N3K9_RKRNSFESQ|0.0
P16234|Q8N3K9_NSFESQDVP|0.0
P16234|Q8N3K9_GSPLTSASQ|0.0
P16234|Q8N3K9_SPLTSASQV|0.0
P16234|Q8N3K9_SQVLTTEKE|0.0
P16234|Q8N3K9_DLDNSGSNT|0.0
P16234|Q8N3K9_SESLTLMFS|0.0
P16234|Q8N3K9_GDEASESGC|0.0
P16234|Q8N3K9_EASESGCYT|0.119
P16234|Q8N3K9_YSVPSLATK|0.36
P16234|Q8N3K9_PSLATKESL|0.0
P16234|Q8N3K9_IDRKSPLIL|0.0
P16234|Q8N3K9_PMNLSEEDQ|0.0
P16234|Q8N3K9_DLIPSHLTS|0.0
P16234|Q8N3K9_VIKPYSPLK|0.0
P16234|Q8N3K9_IKPYSPLKE|0.0
P16234|Q8N3K9_EIEPSSSTT|0.0
P16234|Q8N3K9_EPSSSTTTA|0.0
P16234|Q8N3K9_TTTASVTKL|0.0
P16234|Q8N3K9_IKGASPIET|0.0
P16234|Q8N3K9_HSVLSEVEA|0.0
P16234|Q8N3K9_IKTSSSQHS|0.0
P16234|Q8N3K9_RQSGSIGTK|0.0
P16234|Q8N3K9_GSIGTKQAK|0.0
P16234|Q8N3K9_KQAKSPITE|0.0
P16234|Q8N3K9_IKQFSLMRE|0.0
P16234|Q8N3K9_VSGLSVEQV|0.0
P16234|Q8N3K9_GKKPSPEVK|0.0
P16234|Q8N3K9_RKPISSIHA|0.0
P16234|Q8N3K9_SSFKSWMSS|0.0
P16234|Q8N3K9_KSWMSSLFF|0.0
P16234|Q8N3K9_SWMSSLFFG|0.0
P16234|Q8N3K9_PPHVTDSKR|0.0
P16234|Q8N3K9_HVTDSKRVQ|0.0
P16234|Q8N3K9_KSLLSFDVV|0.0
P16234|Q8N3K9_TKLRSVSPT|0.0
P16234|Q8N3K9_LRSVSPTEK|0.0
P16234|Q8N3K9_EKQNSVAPL|0.0
P16234|Q8N3K9_ATSVTEKSE|0.0
P16234|Q8N3K9_SKGGSVDIT|0.0
P16234|Q8N3K9_DYNISPDPE|0.0
P16234|Q8N3K9_EGVLSRTQI|0.0
P16234|Q8N3K9_VLSRTQIFP|0.003
P16234|Q8N3K9_CREKSLEEQ|0.0
P16234|Q8N3K9_KCPISATDK|0.026
P16234|Q8N3K9_KVFGTHKDH|0.0
P16234|Q8N3K9_HFLQSMDTA|0.0
P16234|Q15021_APQMYEFHL|0.432
P16234|Q15021_QEVLSIKHL|0.0
P16234|Q15021_DTTLSGSDR|0.0
P16234|Q15021_KMNCYALIR|0.341
P16234|Q15021_KKARTKAAH|0.0
P16234|Q15021_ALTRYNHML|0.36
P16234|Q15021_NHMLSATVK|0.006
P16234|Q15021_MLSATVKII|0.0
P16234|Q15021_PQELSRDPS|0.0
P16234|Q15021_LQKETQKLQ|0.0
P16234|Q15021_GPAASTQEK|0.276
P16234|Q15021_VTGQTVCKN|0.347
P16234|Q15021_KPNMSDPEE|0.0
P16234|Q15021_DPEESRGND|0.014
P16234|Q15021_TSSETTMEE|0.328
P16234|Q15021_VDPWTPHLY|0.407
P16234|Q15021_PDIISRLSD|0.0
P16234|Q15021_RDLAYCVSQ|0.43
P16234|Q15021_EPRRTTRRH|0.0
P16234|Q15021_RHPNTQQRA|0.431
P16234|Q8NA66_QHSRSMSNI|0.0
P16234|Q8NA66_FMKQYPKVF|0.0
P16234|Q8NA66_RMCPYYEEW|0.0
P16234|Q8NA66_MCPYYEEWP|0.0
P16234|Q8NA66_TLSIYELIA|0.0
P16234|Q8NA66_GNIISFVGY|0.0
P16234|Q8NA66_QKLVYMGKL|0.0
P16234|Q96M20_HPIFSFWDK|0.061
P16234|Q96M20_LHKGSCFGE|0.002
P16234|Q96M20_DLGASPSYR|0.045
P16234|Q96M20_GASPSYRRW|0.15
P16234|Q96M20_KIRTSGDTL|0.0
P16234|Q96M20_TSGDTLPKM|0.0
P16234|Q96M20_KEIFYELID|0.527
P16234|Q96KN2_WRYPSLSIH|0.0
P16234|Q96KN2_PGTKTVIPG|0.0
P16234|Q96KN2_NIDDTQYLA|0.224
P16234|Q96KN2_DDTQYLAAK|0.29
P16234|Q96KN2_TVFGTEPDM|0.0
P16234|Q96KP4_AALTTLFKY|0.346
P16234|Q96KP4_QLGGSVELV|0.0
P16234|Q96KP4_GRLGSDPQK|0.004
P16234|Q96KP4_KDVDYVCIS|0.012
P16234|Q96KP4_KPCITYGLR|0.405
P16234|Q96KP4_HSGVYGGSV|0.155
P16234|Q96KP4_EHKLYDDID|0.225
P16234|Q96KP4_HRWRYPSLS|0.486
P16234|Q96KP4_LPVGSADDG|0.009
P16234|Q96KP4_DGAHSQNEK|0.082
P16234|P29973_NTQQSFVTM|0.0
P16234|P29973_QSFVTMPNV|0.113
P16234|P29973_TRTGYLEQG|0.483
P16234|P29973_LARKYVYSL|0.43
P16234|P29973_RKYVYSLYW|0.466
P16234|P29973_VYSLYWSTL|0.458
P16234|P29973_VHLDTLKKV|0.0
P16234|Q16280_AVKHYMQFR|0.604
P16234|Q16280_TNKKTVDER|0.452
P16234|Q16280_GKEMYIIKE|0.376
P16234|Q16280_SLGYSDLFC|0.122
P16234|Q16280_LFCLSKDDL|0.035
P16234|Q16280_AVTEYPDAK|0.331
P16234|Q16280_KQRITVLET|0.0
P16234|Q16281_SSNLYYRWL|0.369
P16234|Q16281_SNLYYRWLT|0.424
P16234|Q16281_LLKFSRLFE|0.0
P16234|Q8IV77_LDLASLMPT|0.0
P16234|Q8IV77_SVHLSTLSR|0.0
P16234|Q8IV77_VHLSTLSRV|0.0
P16234|Q8IV77_LSTLSRVQI|0.0
P16234|Q14028_RRVLTWLMK|0.0
P16234|Q14028_LPPPSPAKS|0.0
P16234|Q14028_FAVKTLITI|0.108
P16234|Q14028_TYYRSCMDS|0.002
P16234|Q14028_SCMDSTVKY|0.42
P16234|Q14028_STVKYMNFY|0.454
P16234|Q14028_NRVKTWYEY|0.444
P16234|Q14028_KRLRSVVYL|0.385
P16234|Q14028_KEEKSVLIL|0.0
P16234|Q9NQW8_NEEGSHPSN|0.189
P16234|Q9NQW8_QSQQTTAQE|0.0
P16234|Q9NQW8_SQQTTAQEE|0.0
P16234|Q9NQW8_QDKLSKKNS|0.0
P16234|Q9NQW8_AAEPTGTVP|0.0
P16234|Q9NQW8_EPTGTVPEQ|0.001
P16234|Q9NQW8_PLTEYLKRI|0.21
P16234|Q9NQW8_KSVLYLPGD|0.101
P16234|Q9NQW8_QKAKTAEAT|0.0
P16234|Q9NQW8_TAEATPPRK|0.0
P16234|Q9NQW8_KLFKTLLGG|0.0
P16234|Q9NQW8_TGKASLARL|0.0
P16234|Q969H4_PAGLSLVLK|0.0
P16234|Q969H4_PIPETPPQT|0.0
P16234|Q969H4_TPPQTPPQV|0.0
P16234|Q969H4_QVLDSPHQR|0.0
P16234|Q969H4_ATRLSRRRV|0.0
P16234|Q969H4_NVSNYSLES|0.0
P16234|Q969H4_DEAGSHSAS|0.0
P16234|Q969H4_SPRTSFGSL|0.0
P16234|Q969H4_TSFGSLTDS|0.0
P16234|G9CGD6-3_KGSESPNSF|0.0
P16234|Q8WXI2_GVILTLKKR|0.0
P16234|Q8WXI2_SMLTSAPAL|0.036
P16234|Q8WXI2_LIPRSPTSS|0.0
P16234|Q8WXI2_SSVATPSST|0.0
P16234|Q8WXI2_VHKGSESPN|0.282
P16234|Q8WXI2_ESTPTYGKL|0.339
P16234|Q8WXI2_STPTYGKLR|0.432
P16234|Q8WXI2_WVGDYEDPN|0.423
P16234|Q8WXI2_RRENSLLRY|0.2
P16234|Q8WXI2_LRYMSNEKI|0.358
P16234|Q8WXI2_KRRISCKDL|0.078
P16234|Q8WXI2_EEADTPSTP|0.004
P16234|Q8WXI2_SSAVSPIRK|0.396
P16234|Q8WXI2_HRRQSTLPT|0.374
P16234|Q8WXI2_RRQSTLPTQ|0.0
P16234|Q8WXI2_STLPTQKCH|0.087
P16234|Q8WXI2_LQDHYGPYP|0.526
P16234|Q8WXI2-5_GRRESTPTY|0.0
P16234|Q6P9H4_SRRKSPAYD|0.458
P16234|Q6P9H4_DGNTSRKAP|0.0
P16234|Q6P9H4_SFNFTPAPL|0.0
P16234|Q6P9H4_ATTQSPEST|0.0
P16234|Q6P9H4_KKEKSAILD|0.0
P16234|Q6P9H4_AVPYSPRDE|0.174
P16234|Q6P9H4_GSFVYGGSS|0.041
P16234|Q6P9H4_GPKGSESPN|0.0
P16234|Q6P9H4_RRRFTIADS|0.0
P16234|Q6P9H4_KTPSYGKPR|0.0
P16234|Q6P9H4_PRPLSMPAD|0.0
P16234|Q6P9H4_CRYFSNERI|0.0
P16234|Q6P9H4_EESSSPPYR|0.0
P16234|Q6P9H4_YIRGSRCYI|0.01
P16234|Q6P9H4_DLHSSATIP|0.0
P16234|Q6P9H4_SLLVSWFTR|0.0
P16234|Q9NRU3_SVCLTRLLM|0.0
P16234|Q9NRU3_AADPYSDLV|0.0
P16234|Q9NRU3_FMLRSDAVL|0.0
P16234|Q9NRU3_APEHYLYQR|0.227
P16234|Q9NRU3_FLNRSPSRC|0.0
P16234|Q9NRU3_NRSPSRCSG|0.0
P16234|Q9NRU3_NRSESPNRE|0.0
P16234|Q9NRU3_SEVVYLRME|0.0
P16234|Q9H8M5_RRRHSPGER|0.0
P16234|Q9H8M5_AFKQTDSEM|0.0
P16234|Q9H8M5_KQTDSEMKV|0.0
P16234|Q9H8M5_KFEASAFSY|0.107
P16234|Q9H8M5_ASAFSYYGV|0.175
P16234|Q9H8M5_SAFSYYGVM|0.175
P16234|Q9H8M5_AFSYYGVMA|0.245
P16234|Q9H8M5_PVPLSLSRT|0.0
P16234|Q9H8M5_PLSLSRTFV|0.0
P16234|Q9H8M5_GENKSPPRP|0.0
P16234|Q9H8M5_KANHSLHNE|0.0
P16234|Q8NE01_EEAASPAGE|0.0
P16234|Q8NE01_GGDPYSDLS|0.077
P16234|Q8NE01_GDPYSDLSK|0.0
P16234|Q8NE01_YSDLSKGVL|0.0
P16234|Q8NE01_VDMLYLKDL|0.102
P16234|Q8NE01_ILDESEDYR|0.0
P16234|Q8NE01_ESEDYRDTV|0.156
P16234|Q8NE01_DYRDTVVKR|0.389
P16234|Q8NE01_RKPASLMAP|0.0
P16234|Q8NE01_SDDEYKVTI|0.239
P16234|Q8NE01_VDVFSPLRI|0.0
P16234|Q8NE01_LYQRSQPVD|0.0
P16234|Q8NE01_QPVDYFILI|0.0
P16234|Q8NE01_TVPSSVHQS|0.0
P16234|Q8NE01_SVHQSPVSS|0.0
P16234|Q8NE01_HSSAYCPDY|0.352
P16234|Q8NE01_SPENTDLQV|0.0
P16234|Q8NE01_VIPGSQTRL|0.0
P16234|Q8NE01_PGSQTRLLG|0.0
P16234|Q8NE01_LGEKTTTAA|0.0
P16234|Q8NE01_TAAGSSHSR|0.0
P16234|Q6P4Q7_SMKLYALCT|0.397
P16234|Q6P4Q7_VTEPYNDLV|0.217
P16234|Q6P4Q7_ESDMYTDNR|0.427
P16234|Q6P4Q7_KRDFSAFKD|0.035
P16234|Q6P4Q7_KVKISPQLL|0.0
P16234|Q6P4Q7_VSQFSPSLI|0.004
P16234|Q6P4Q7_EHNKYYARH|0.393
P16234|Q6P4Q7_HNKYYARHY|0.437
P16234|Q6P4Q7_YARHYLYTR|0.233
P16234|Q6P4Q7_RHYLYTRNK|0.247
P16234|Q6P4Q7_KPADYFILI|0.011
P16234|Q6P4Q7_TMALTSVPS|0.0
P16234|Q6P4Q7_MALTSVPSD|0.0
P16234|Q6P4Q7_PSDRSPAHP|0.0
P16234|Q6P4Q7_PAHPTPLSR|0.0
P16234|Q6P4Q7_SASLSYPDR|0.16
P16234|Q6P4Q7_TLAGSSNQF|0.0
P16234|Q6P4Q7_VDLQYIKIT|0.07
P16234|Q6P4Q7_RMENSPQFP|0.012
P16234|Q6P4Q7_NERNSLLHK|0.301
P16234|Q9NUP1_ALDASLEDL|0.0
P16234|Q9NUP1_KLLHTMNVP|0.0
P16234|Q9NUP1_MNVPSLFSK|0.0
P16234|Q9NUP1_PSLFSKSAP|0.0
P16234|Q9NUP1_LFSKSAPSR|0.0
P16234|Q9NUP1_QQAGYEAPV|0.218
P16234|Q9NUP1_RTEDYFPCC|0.007
P16234|Q9H9A5_LYILTYQAE|0.348
P16234|Q9H9A5_REIKSVMNT|0.0
P16234|Q9H9A5_SVMNTAGNS|0.464
P16234|Q9H9A5_TAGNSAPSL|0.0
P16234|Q9H9A5_APPSSPLRK|0.005
P16234|Q9UKZ1_FRLGSVLVM|0.0
P16234|Q9UKZ1_LTALYLLWE|0.043
P16234|Q9UKZ1_RPPLSGFLP|0.0
P16234|Q9UKZ1_KFFLSQLML|0.239
P16234|Q9UKZ1_KAFKSPLSS|0.0
P16234|Q9UKZ1_SPLSSPQQT|0.053
P16234|Q9UKZ1_VFLQSLIRN|0.0
P16234|O95628____MSRSPD|0.0
P16234|O95628__MSRSPDAK|0.0
P16234|O95628_KRPEYFGKF|0.0
P16234|O95628_ASLGTTKYC|0.0
P16234|O95628_FLQLSTGSV|0.0
P16234|O95628_LSTGSVDKN|0.0
P16234|O95628_SNSDTPSPP|0.0
P16234|O95628_IPISSSNHS|0.0
P16234|O95628_EKELSVQDQ|0.0
P16234|O95628_QDQPSLSPT|0.0
P16234|O95628_SLSPTSLQN|0.0
P16234|O95628_LSPTSLQNS|0.0
P16234|O95628_LQNSSSHTT|0.0
P16234|O95628_SSSHTTTAK|0.0
P16234|O95628_HRAVYNSFS|0.0
P16234|O95628_AVYNSFSFP|0.0
P16234|O95628-2_LSTGSVDKN|0.0
P16234|O95628-2_KNKVTPLQS|0.0
P16234|O95628-2_TPLQSPIDK|0.0
P16234|O95628-2_SDTPSPPPG|0.0
P16234|O95628-4_SSFHSPPPG|0.0
P16234|O95628-4_PPSKTPTDL|0.0
P16234|Q9ULM6_GKVRSLSAS|0.0
P16234|Q9ULM6_ASLWSLTHL|0.162
P16234|Q9ULM6_LTHLTALHL|0.025
P16234|Q9ULM6_LCDKYATRQ|0.187
P16234|Q9ULM6_GYCPSWALN|0.283
P16234|Q9ULM6_IFFKTEKFT|0.101
P16234|Q9ULM6_IEMPSGKPH|0.0
P16234|Q9ULM6_RYNESLTNF|0.324
P16234|Q96LI5_PKEKYDPPD|0.287
P16234|Q96LI5_YTIMSAEEV|0.314
P16234|Q96LI5_LCDKYATRQ|0.282
P16234|Q96LI5_GYCPSWALN|0.359
P16234|Q96LI5_IFFKTEKFT|0.228
P16234|Q96LI5_PGSPTADPN|0.269
P16234|Q96LI5_GVIDYIFYS|0.438
P16234|Q96LI5_DYIFYSKTH|0.388
P16234|Q96LI5_YIFYSKTHM|0.181
P16234|Q9UIV1_FPVIYDVKY|0.53
P16234|Q9UIV1_AGSDSLLTG|0.0
P16234|Q9UIV1_DSLLTGMAF|0.001
P16234|Q9UIV1_CGHLYGLGS|0.018
P16234|Q9UFF9_CGRLYGLGT|0.0
P16234|P09543_RKSHTFLPK|0.427
P16234|P09543_KMSSSGAKD|0.0
P16234|P09543_SADAYKITP|0.0
P16234|P09543_FSEEYKRLD|0.002
P16234|P09543_DLAAYCRRR|0.18
P16234|P09543_MADQYQYQV|0.341
P16234|P09543_DLVTYFGKR|0.0
P16234|P09543_ALFVTPKTT|0.0
P16234|P09543_RGKLYSLGN|0.0
P16234|P09543_RWMLTLAKN|0.005
P16234|P09543_KPVPTQGSR|0.0
P16234|P09543_PTQGSRKGG|0.0
P16234|Q8N129_RTGRSREVL|0.0
P16234|Q8N129_AKGQSQTMA|0.0
P16234|P21554_TTFRTITTD|0.0
P16234|P21554_RPLAYKRIV|0.323
P16234|P21554_GTQKSIIIH|0.0
P16234|P21554_RLAKTLVLI|0.0
P16234|P21554_PLDNSMGDS|0.04
P16234|P21554_SMGDSDCLH|0.0
P16234|P21554_IAKVTMSVS|0.0
P16234|P21554_TMSVSTDTS|0.0
P16234|P21554_MSVSTDTSA|0.0
P16234|P34972_YMILSGPQK|0.0
P16234|P34972_IGSVTMTFT|0.0
P16234|P34972_LCLRYPPSY|0.422
P16234|P34972_YPPSYKALL|0.37
P16234|P34972_LMAHSLATT|0.0
P16234|P34972_RGLGSEAKE|0.0
P16234|P34972_EAPRSSVTE|0.0
P16234|P34972_APRSSVTET|0.0
P16234|P34972_RSSVTETEA|0.0
P16234|Q6PJW8_QSLFSLIRG|0.0
P16234|Q6PJW8_ERKCSTQLL|0.0
P16234|Q6PJW8_RKCSTQLLV|0.0
P16234|Q6PJW8_VQTDSPSLS|0.0
P16234|Q6PJW8_LSSKSKTEP|0.0
P16234|Q6PJW8_EPLISPGCD|0.0
P16234|Q9H8S5_RDQGSGSRL|0.0
P16234|Q9H8S5_QGSGSRLGP|0.0
P16234|Q9H8S5_LPSWSFLRS|0.0
P16234|Q9NXG0_MAARSPPSP|0.0
P16234|Q9NXG0_RSPPSPHPS|0.0
P16234|Q9NXG0_SPHPSPPAR|0.0
P16234|Q9NXG0_RKEFSDLEK|0.005
P16234|Q9NXG0_AKIKTFEDN|0.0
P16234|Q9NXG0_PSLSSLETL|0.0
P16234|Q9NXG0_KRSRSLSPK|0.0
P16234|Q9NXG0_LSPKSSFTD|0.0
P16234|Q9NXG0_SPKSSFTDS|0.0
P16234|Q9NXG0_KSSFTDSEE|0.009
P16234|Q9NXG0_SFTDSEELQ|0.0
P16234|Q9NXG0_EVKRSTPEK|0.0
P16234|Q9NXG0_VKRSTPEKN|0.0
P16234|Q9NXG0_MLEQTLQKV|0.0
P16234|Q9NXG0_NRLKSFEKR|0.0
P16234|Q9NXG0_RSGRYDCKT|0.218
P16234|Q9NXG0_SQKISPTED|0.002
P16234|Q9NXG0_MQKSSHTAV|0.0
P16234|Q9NXG0_TAVPTRVNR|0.0
P16234|Q9NXG0_NREKYKNIT|0.468
P16234|Q9NXG0_YKNITAQKS|0.0
P16234|Q9NXG0_QKSSSNIIL|0.0
P16234|Q9NXG0_RIQVTSLSP|0.0
P16234|Q9NXG0_VTSLSPSRS|0.0
P16234|Q9NXG0_SLSPSRSMD|0.0
P16234|Q9NXG0_KQLQYKLKN|0.495
P16234|Q9NXG0_SNVKTLKFE|0.0
P16234|Q9NXG0_YEQMYQKSK|0.497
P16234|Q9NXG0_MYQKSKEEL|0.0
P16234|Q9NXG0_TLLVSRISE|0.0
P16234|Q9NXG0_GQSLTLSPR|0.0
P16234|Q9NXG0_SLTLSPRLK|0.0
P16234|Q9NXG0-2_EGYFTIMKD|0.0
P16234|Q12860_ISITTCLAE|0.0
P16234|Q12860_DVDLTSDRY|0.397
P16234|Q12860_ISKYTIQTK|0.0
P16234|Q12860_NNFGYIVAF|0.174
P16234|Q12860_DTGRYVHKD|0.439
P16234|Q12860_PRIISSVRS|0.0
P16234|Q12860_RIISSVRSG|0.0
P16234|Q02246_PPATYRWKM|0.318
P16234|Q02246_LEPGSRHQL|0.0
P16234|Q02246_RHFVSQTTG|0.233
P16234|Q02246_RTNASDLGN|0.141
P16234|Q02246_DLGNYSCLA|0.079
P16234|Q02246_SCLATSHMD|0.402
P16234|Q02246_ILVNSSRVT|0.0
P16234|Q02246_LQARTPPAG|0.206
P16234|Q02246_KYHVTVRAY|0.44
P16234|Q02246_TVRAYNRAG|0.4
P16234|Q9P232_KVGGSSSGD|0.0
P16234|Q9P232_VGGSSSGDL|0.0
P16234|Q9P232_SIVPYSPYE|0.036
P16234|Q8IWV2_RTRSTVSVR|0.0
P16234|Q8IWV2_VSQETGNLY|0.0
P16234|Q8IWV2_TGNLYIAKV|0.0
P16234|Q8IWV2_VMGEYEPKI|0.423
P16234|Q8IWV2_SDAGSYTCI|0.0
P16234|Q8IWV2_AGSYTCIAT|0.0
P16234|Q8IWV2_FGTASSTGN|0.0
P16234|Q8IWV2_SAISTIMIS|0.0
P16234|Q8IWV2_MISLTARSS|0.0
P16234|O94779_LSTSYAALL|0.404
P16234|O94779_RIKKSSSSS|0.0
P16234|O94779_KSSSSSLFG|0.0
P16234|O94779_SSSSSLFGS|0.0
P16234|O94779_SLFGSKTRP|0.104
P16234|O94779_TFIISNPSE|0.0
P16234|O94779_ISNPSEAKD|0.006
P16234|O94779_RSAVSVREG|0.0
P16234|O94779_TGNLYISKV|0.0
P16234|O94779_DVGSYICLV|0.149
P16234|O94779_LPDGSLRIL|0.0
P16234|O94779_AVPKTAPTN|0.182
P16234|O94779_SSEVSATTK|0.0
P16234|O94779_EVSATTKKS|0.0
P16234|O94779_GGKITSAQS|0.0
P16234|Q9UQ52_VSQETGNLY|0.0
P16234|Q9UQ52_TGNLYIAKV|0.0
P16234|Q9UQ52_VMGEYEPKI|0.272
P16234|Q9UQ52_DEGFYECIA|0.001
P16234|Q9UQ52_QLIFYAPPE|0.296
P16234|Q9UQ52_TLIITMLNV|0.0
P16234|Q9UQ52_MLNVSDSGV|0.0
P16234|Q9UQ52_EKVSSVESS|0.0
P16234|Q9UQ52_SSVESSRFV|0.0
P16234|Q9UQ52_SVESSRFVY|0.379
P16234|Q9UQ52_IYFASVRAY|0.121
P16234|Q9UQ52_PVNVTTKKS|0.0
P16234|Q9UQ52_EHVKTMENE|0.001
P16234|P78357_YSLLTAPRF|0.0
P16234|P78357_LHGISGWSP|0.0
P16234|P78357_ISGWSPRIG|0.0
P16234|P78357_LNLDTEMFI|0.0
P16234|P78357_LNGVTLNLE|0.0
P16234|P78357_EVSFSFSTS|0.0
P16234|P78357_SINITRVYR|0.169
P16234|P78357_ILEESRSE_|0.0
P16234|P78357_EESRSE___|0.0
P16234|Q9UHC6_SAIATQGRY|0.0
P16234|Q9UHC6_YGCSYWADV|0.208
P16234|Q9UHC6_GVNITDLAR|0.009
P16234|Q9UHC6_DLTESKVGV|0.0
P16234|Q9UHC6_DKVWTIVSH|0.0
P16234|Q9UHC6_WTIVSHDLQ|0.0
P16234|Q9UHC6_LELKSATEV|0.0
P16234|Q9UHC6_LKSATEVSF|0.0
P16234|Q9UHC6_ATEVSFSFD|0.0
P16234|Q9UHC6_EVSFSFDVG|0.0
P16234|Q9UHC6_ISSFTTDFL|0.0
P16234|Q9UHC6_SSFTTDFLA|0.001
P16234|Q9BZ76_MGNVSFSCP|0.0
P16234|Q9BZ76_LRRGSGSFV|0.0
P16234|Q9BZ76_GHPRSAVSF|0.0
P16234|Q9BZ76_VILSSGTEF|0.0
P16234|Q96NU0_MGNVSFSCP|0.0
P16234|Q96NU0_QAGQSPRNV|0.0
P16234|Q96NU0_GHPLSAVSF|0.0
P16234|Q96NU0_VILSSGTEF|0.0
P16234|Q9C0A0_SVVYYRLQP|0.032
P16234|Q9C0A0_GDHITLQLR|0.0
P16234|Q9C0A0_QHWHSVLIQ|0.0
P16234|Q9C0A0_LISISGKVV|0.0
P16234|Q9C0A0_GLLAYKEHL|0.003
P16234|Q9C0A0_VDQLTPKTQ|0.004
P16234|Q9C0A0_RAQVTPEVQ|0.0
P16234|Q8WYK1_CSYKSDVAD|0.0
P16234|Q8WYK1_SSLLYRFNQ|0.002
P16234|Q8WYK1_GLLLSTELS|0.0
P16234|Q8WYK1_NLKETSLQV|0.0
P16234|Q8WYK1_LKETSLQVD|0.0
P16234|Q8WYK1_LSFVTTQAP|0.0
P16234|Q8WYK1_SFVTTQAPS|0.0
P16234|Q8WYK1_CKNGSLQVR|0.0
P16234|Q86WW8_GYCNSLKYA|0.198
P16234|Q5JTJ3_KKLRSSFES|0.0
P16234|Q5JTJ3_KLRSSFESS|0.042
P16234|Q96BR5_ENQHSDSCY|0.0
P16234|Q96BR5_QHSDSCYKL|0.0
P16234|Q96BR5_LGAYYVTGK|0.0
P16234|Q96BR5_KGGLTQDLK|0.0
P16234|Q96BR5_CANASRMYK|0.023
P16234|Q53SF7_AETKYTDVS|0.0
P16234|Q53SF7_KKKPTPIIP|0.0
P16234|Q53SF7_KTQKTIVRV|0.0
P16234|Q53SF7_IVRVSPHAS|0.0
P16234|Q53SF7_SPHASLQEL|0.0
P16234|Q53SF7_LLKDYQSQE|0.0
P16234|Q53SF7_KDYQSQEPL|0.154
P16234|Q53SF7_SCQISQNLD|0.0
P16234|Q53SF7_FFQRSKKKR|0.0
P16234|Q53SF7_KRDQTASAP|0.0
P16234|Q53SF7_TRSNTISKP|0.0
P16234|Q53SF7_ISKPYISNT|0.07
P16234|Q53SF7_KPYISNTLP|0.001
P16234|Q53SF7_PMPASQSVP|0.0
P16234|Q53SF7_PASQSVPQD|0.009
P16234|Q53SF7_ERPASCIVK|0.004
P16234|Q53SF7_CIVKSMSVD|0.052
P16234|Q53SF7_VKSMSVDET|0.002
P16234|Q53SF7_ETDKSPCEA|0.0
P16234|Q53SF7_LQLSSMSAG|0.0
P16234|Q53SF7_LSSMSAGNS|0.109
P16234|Q53SF7_SAGNSSLRR|0.0
P16234|Q53SF7_RKAPSPPSK|0.0
P16234|Q53SF7_LGNGSGEFS|0.0
P16234|Q53SF7_QETKSTDGQ|0.0
P16234|Q53SF7_QEPHSVVYD|0.269
P16234|Q53SF7_HSVVYDTSN|0.29
P16234|Q53SF7_KVVDSIRNL|0.0
P16234|Q53SF7_EIIVYPENT|0.412
P16234|Q53SF7_GVKKTEINV|0.0
P16234|Q53SF7_AIQTTPSCN|0.0
P16234|Q53SF7_QTTPSCNSF|0.289
P16234|Q53SF7_PSCNSFDGK|0.0
P16234|Q53SF7_SSQDSVNTS|0.0
P16234|Q53SF7_STASYLKNY|0.342
P16234|Q53SF7_YLKNYPLYR|0.432
P16234|Q53SF7_YRQDYNPKP|0.136
P16234|Q53SF7_IGMTTYKIV|0.356
P16234|Q53SF7_GMTTYKIVP|0.001
P16234|Q53SF7_AISESPEEP|0.0
P16234|Q53SF7_QVPSSVSSP|0.0
P16234|Q53SF7_PSSVSSPDD|0.0
P16234|Q53SF7_MTRDTGTAP|0.084
P16234|Q53SF7_VSGHYVTSA|0.371
P16234|Q53SF7_SPEQTLSPL|0.0
P16234|Q53SF7_LSPLSKMPH|0.0
P16234|Q53SF7_PAEASPPPI|0.0
P16234|Q53SF7_SSGPSPFAL|0.0
P16234|Q53SF7_KRSQSFSKE|0.0
P16234|Q53SF7_SQIPTPTDG|0.0
P16234|Q53SF7_IPTPTDGPS|0.002
P16234|Q53SF7_VMRQSSLTF|0.0
P16234|Q53SF7_MRQSSLTFQ|0.004
P16234|Q53SF7_QSSLTFQSS|0.0
P16234|Q53SF7_QMRQSLLTA|0.002
P16234|Q53SF7_QSLLTAIRS|0.0
P16234|Q53SF7_TAIRSGEAA|0.0
P16234|Q53SF7_VTIPSNTIS|0.0
P16234|Q53SF7_SNTISVNGR|0.0
P16234|Q53SF7_VNGRSRLSH|0.0
P16234|Q53SF7_RSRLSHSMS|0.0
P16234|Q8WX92_DLHGTPRLE|0.0
P16234|Q8WX92_LERVSAIAS|0.0
P16234|Q8WX92_LLEKSFSLV|0.0
P16234|Q8WX92_HNFFSPSPK|0.0
P16234|Q8WX92_FFSPSPKTR|0.0
P16234|Q8WX92_VQRLTRMVG|0.191
P16234|Q8WX92_VGQETLPRD|0.0
P16234|Q8WX92_LPRDSPDLL|0.0
P16234|Q8WX92_PTGQSGEAV|0.0
P16234|Q8WX92_VKELYSQLG|0.058
P16234|Q8WX92_QAAETPALE|0.0
P16234|Q8WX92_LPLPSVPAP|0.0
P16234|O43405_RWSASFTVT|0.0
P16234|O43405_SASFTVTKG|0.0
P16234|O43405_SFTVTKGKS|0.0
P16234|O43405_KGKSSTQEA|0.0
P16234|O43405_NWFGTTKYV|0.0
P16234|O43405_WFGTTKYVK|0.192
P16234|P23528_DPYATFVKM|0.114
P16234|P23528_LYDATYETK|0.123
P16234|P23528_ATYETKESK|0.095
P16234|P23528_ETKESKKED|0.0
P16234|P23528_SKMIYASSK|0.366
P16234|P23528_MIYASSKDA|0.039
P16234|P23528_IYASSKDAI|0.197
P16234|P23528_KKKLTGIKH|0.0
P16234|P23528_SAVISLEGK|0.005
P16234|Q9Y281_KVRKSSTQE|0.0
P16234|Q9Y281_VEDPYTSFV|0.131
P16234|Q9Y281_NDCRYALYD|0.383
P16234|Q9Y281_LYDATYETK|0.03
P16234|Q9Y281_ATYETKESK|0.022
P16234|Q9Y281_ETKESKKED|0.0
P16234|Q9Y281_WAPESAPLK|0.0
P16234|Q9Y281_SKMIYASSK|0.252
P16234|Q9Y281_MIYASSKDA|0.0
P16234|Q9Y281_IYASSKDAI|0.064
P16234|Q9Y281_KKKFTGIKH|0.0
P16234|Q9Y281_NVVVSLEGK|0.0
P16234|Q8WTW3___MATAATS|0.0
P16234|Q8WTW3_RQAGSAAPR|0.0
P16234|Q8WTW3_SSRYSPVLS|0.0
P16234|Q8WTW3_PKDVSPTQA|0.01
P16234|Q8WTW3_EMLRTQSVA|0.0
P16234|Q8WTW3_LRTQSVACI|0.0
P16234|Q8WTW3_LQLLYDLRY|0.392
P16234|Q8WTW3_LAPRSSTFN|0.077
P16234|Q8WTW3_APRSSTFNS|0.0
P16234|Q8WTW3_LPLASSQIR|0.0
P16234|Q8WTW3_PLASSQIRF|0.007
P16234|Q8WTW3_RQLVSEEDN|0.0
P16234|Q14746_LSLRSSVSE|0.0
P16234|Q14746_DERMSKQED|0.001
P16234|Q14746_LEASSPLLT|0.0
P16234|Q14746_PAYHSFNKK|0.383
P16234|Q14746_DVLNSVKKM|0.0
P16234|Q14746_SGGMSDDDK|0.0
P16234|Q96JB2_RQTDSVLEL|0.0
P16234|Q96JB2_TKLNSPTLS|0.054
P16234|Q96JB2_LNSPTLSVN|0.0
P16234|Q96JB2_NTLQTLTSQ|0.0
P16234|Q96JB2_KKVPSEASF|0.0
P16234|Q96JB2_PSEASFSDV|0.0
P16234|Q96JB2_EASFSDVHL|0.0
P16234|Q96JB2_SNSLTKSGS|0.001
P16234|Q96JB2_SLTKSGSTE|0.0
P16234|Q96JB2_TKSGSTESL|0.0
P16234|Q96JB2_GSTESLNPR|0.0
P16234|Q96JB2_SKNKTQIDG|0.0
P16234|Q96JB2_IKEISLDLK|0.0
P16234|Q96JB2_EEFMTKVSA|0.0
P16234|Q9H9E3_VQQPSEGVG|0.0
P16234|Q9H9E3_IRSLTELQE|0.4
P16234|Q9H9E3_LEAVYERLC|0.328
P16234|Q9H9E3_KNRLYQAIQ|0.425
P16234|Q9H9E3_GKEGSMIDA|0.291
P16234|Q9H9E3_FAIATKEGD|0.0
P16234|Q9H9E3_KKRISSDFE|0.0
P16234|Q9H9E3_KRISSDFEV|0.0
P16234|Q9H9E3_RGVTSAVNI|0.229
P16234|Q9H9E3_IMHSSLQQG|0.0
P16234|Q9H9E3_AKFDSCLSD|0.0
P16234|Q9H9E3_DSCLSDLAA|0.225
P16234|Q9H9E3_LAAVSNKFR|0.0
P16234|Q9H9E3_SPVIYDSLT|0.422
P16234|Q9UP83_GARGSGAAA|0.0
P16234|Q9UP83_AAAATVREL|0.001
P16234|Q9UP83_SREITKAAQ|0.0
P16234|Q9UP83_LTQPSQSAV|0.037
P16234|Q9UP83_RNPPSSDEL|0.0
P16234|Q9Y2V7_QETAYERLY|0.415
P16234|Q9Y2V7_TARRSTVVR|0.011
P16234|Q9Y2V7_ARRSTVVRG|0.001
P16234|Q9Y2V7_IDALTRGGP|0.0
P16234|Q9Y2V7_LFEFTDRRL|0.006
P16234|Q9Y2V7_PINEYKDPE|0.355
P16234|Q9Y2V7_ILHRSPQQV|0.0
P16234|P83436_EALASPQIV|0.002
P16234|P83436_FGLASAAVD|0.0
P16234|P83436_CVRFTNGLG|0.0
P16234|P83436_YRQVSKGLP|0.0
P16234|P83436_RRLATTVAT|0.077
P16234|Q96MW5_LRELSGSGL|0.0
P16234|Q96MW5_GAECTERIH|0.0
P16234|P38432_CRVVTDLIS|0.0
P16234|P38432_TDLISLIRQ|0.0
P16234|P38432_VAENSVVIS|0.0
P16234|P38432_PDCKYSKKH|0.001
P16234|P38432_DCKYSKKHW|0.0
P16234|P38432_KNKATCGTV|0.0
P16234|P38432_ATCGTVGDD|0.307
P16234|P38432_NQRCSSPKG|0.0
P16234|P38432_QRCSSPKGS|0.0
P16234|P38432_SARNSLVKA|0.0
P16234|P38432_KRKGSVSVC|0.0
P16234|P38432_VSVCSKESP|0.0
P16234|P38432_SPSSSSESE|0.0
P16234|P38432_SCDESISDG|0.0
P16234|P38432_EEPSTKNTT|0.0
P16234|P38432_STKNTTADK|0.0
P16234|P38432_SLTPSKGKT|0.0
P16234|P38432_VKNSSTIIQ|0.0
P16234|P38432_KNSSTIIQN|0.0
P16234|P38432_PKKDYSLLP|0.253
P16234|P38432_GRILSHNPE|0.0
P16234|P12107_GISKTTGFC|0.0
P16234|P12107_ISKTTGFCT|0.0
P16234|P12107_TGFCTNRKN|0.394
P16234|P12107_NRKNSKGSD|0.001
P16234|P12107_NSKGSDTAY|0.262
P16234|P12107_KGSDTAYRV|0.305
P16234|P12107_SDTAYRVSK|0.547
P16234|P12107_PLDRSERAI|0.0
P16234|P12107_QRKNSEDTL|0.002
P16234|P12107_DFYEYKEYE|0.573
P16234|P12107_PPGPTGKPG|0.0
P16234|P12107_GKLLSYLDV|0.32
P16234|P12107_SAAWYDVSS|0.445
P16234|P12107_GYEKTVIEI|0.374
P16234|P12107_IEINTPKID|0.0
P16234|P13942_LRFPSLPDG|0.0
P16234|P13942_GQPGSPGLK|0.0
P16234|P13942_HRGDTGAQG|0.0
P16234|P13942_GMPGSDGPP|0.0
P16234|P13942_GPPGTKGNQ|0.0
P16234|P13942_PKGRTGPTG|0.0
P16234|P13942_ERGPTGPRG|0.0
P16234|P13942_GPQGSPGQK|0.0
P16234|P13942_SVDGSRLMQ|0.0
P16234|P13942_EDELSPETS|0.0
P16234|P13942_LSPETSPYV|0.0
P16234|P13942_SPETSPYVK|0.0
P16234|P13942_ETSPYVKEF|0.0
P16234|P13942-9_HPGISPP__|0.0
P16234|Q99715_KGGNTMTGD|0.251
P16234|Q99715_AGGESREVT|0.0
P16234|Q99715_QRRRTLENL|0.0
P16234|Q99715_LIPDTKYEV|0.402
P16234|Q99715_SGPGTPLTG|0.0
P16234|Q99715_QGSGTTASR|0.0
P16234|Q99715_RSFISRIVE|0.0
P16234|Q99715_RDKKSLLQA|0.0
P16234|Q99715_QNFRTQAGM|0.0
P16234|Q99715_TDGKSQDDV|0.0
P16234|Q99715_ISERTHRSF|0.0
P16234|Q99715_YKVEYYPVS|0.354
P16234|Q99715_EFYVSRMET|0.022
P16234|Q99715_RMETSTVLK|0.0
P16234|Q99715_PETEYVVNV|0.024
P16234|Q99715_GSERTLPIL|0.0
P16234|Q99715_GNTNYAILR|0.05
P16234|Q99715_IYSPTVGDP|0.247
P16234|Q99715_NIHISDEWY|0.0
P16234|Q99715_PVLGYKIVY|0.349
P16234|Q99715_HRAATSYRL|0.45
P16234|Q99715_PADGTRGQE|0.0
P16234|Q99715_LVVVTDGRS|0.0
P16234|Q99715_TDGRSQDEV|0.0
P16234|Q99715_KNFASVQGV|0.0
P16234|Q99715_VQGVSLESG|0.0
P16234|Q99715_PETPSDPFA|0.0
P16234|Q99715_GPPGSPGSP|0.0
P16234|Q99715_GSPGSPGVT|0.0
P16234|Q99715_GTGSSGPRG|0.0
P16234|Q99715_GPPGYCDSS|0.046
P16234|Q99715_GYPGSG___|0.414
P16234|Q5TAT6_PLLNSVRLA|0.0
P16234|Q05707_RGTETTLAL|0.0
P16234|Q05707_WHPLSADEG|0.0
P16234|Q05707_WIPVYGGKT|0.545
P16234|Q05707_QKQESTVGG|0.0
P16234|Q05707_GGGTTRHCF|0.276
P16234|Q05707_NKIGTDGTQ|0.0
P16234|Q05707_GTDGTQVAM|0.35
P16234|Q05707_MVQFTDDPR|0.0
P16234|Q05707_KAIKYVRDT|0.4
P16234|Q05707_YVRDTLFTA|0.348
P16234|Q05707_DTLFTAESG|0.0
P16234|Q05707_FTAESGTRR|0.0
P16234|Q05707_SHSSSIRTV|0.0
P16234|Q05707_GRPGSPGAP|0.0
P16234|Q05707_SRPGSPGPP|0.0
P16234|Q05707_GPPGSPGPR|0.0
P16234|Q05707_GQPGYCDPS|0.447
P16234|Q05707_SCSAYGVRA|0.446
P16234|P39059_LIPSTFFRD|0.038
P16234|P39059_DFAISVVVK|0.0
P16234|P39059_AHPGSPELI|0.0
P16234|P39059_RNLVTAFSN|0.0
P16234|P39059_VTAFSNMDD|0.0
P16234|P39059_EAWRTADTA|0.0
P16234|P39059_DTAVTGLAS|0.0
P16234|Q07092__MWVSWAPG|0.0
P16234|Q07092_GLWATFGHG|0.0
P16234|Q07092_ALVLTLLLK|0.0
P16234|Q07092_QKTWYLFQV|0.002
P16234|Q07092_ARRDTQSNE|0.0
P16234|Q07092_RDTQSNELI|0.0
P16234|Q07092_GPPGSKGEK|0.0
P16234|Q07092_QQGQTGLRG|0.0
P16234|Q07092_KQGFYGPPG|0.405
P16234|Q07092_GVPGSMGDM|0.0
P16234|Q07092_DMVNYDEIK|0.012
P16234|Q07092_GAPGSPGLP|0.0
P16234|Q9UMD9_TSNGYAKTA|0.02
P16234|Q9UMD9_AKTASLGGG|0.0
P16234|Q9UMD9_LEKQSLTHG|0.0
P16234|Q9UMD9_LTHGSSGYI|0.0
P16234|Q9UMD9_THGSSGYIN|0.0
P16234|Q9UMD9_GSSGYINST|0.368
P16234|Q9UMD9_GYINSTGST|0.0
P16234|Q9UMD9_NSTGSTRGH|0.0
P16234|Q9UMD9_ASTSSYRRA|0.127
P16234|Q9UMD9_STSSYRRAH|0.075
P16234|Q9UMD9_RRAHSPAST|0.0
P16234|Q9UMD9_HSPASTLPN|0.0
P16234|Q9UMD9_SPASTLPNS|0.0
P16234|Q9UMD9_TLPNSPGST|0.0
P16234|Q9UMD9_NSPGSTFER|0.0
P16234|Q9UMD9_KTHVTRHAY|0.177
P16234|Q9UMD9_TRHAYEGSS|0.087
P16234|Q9UMD9_EGSSSGNSS|0.0
P16234|Q9UMD9_SSGNSSPEY|0.0
P16234|Q9UMD9_GRSQTRESE|0.0
P16234|Q9UMD9_VRLQSASPS|0.0
P16234|Q9UMD9_LQSASPSTR|0.0
P16234|Q9UMD9_SASPSTRWT|0.0
P16234|Q9UMD9_ASPSTRWTE|0.0
P16234|Q9UMD9_STRWTELDD|0.0
P16234|Q9UMD9_KGSRSASVS|0.0
P16234|Q9UMD9_SRSASVSPT|0.0
P16234|Q9UMD9_SASVSPTRN|0.0
P16234|Q9UMD9_NSSNTLPIP|0.0
P16234|Q9UMD9_MTKDSGKVF|0.0
P16234|Q9UMD9_ATSFSEDTL|0.0
P16234|Q9UMD9_KQAAYNADS|0.437
P16234|Q9UMD9_SILPYGDSM|0.003
P16234|Q9UMD9_PYGDSMDRI|0.365
P16234|Q9UMD9_GPPGSGEKG|0.0
P16234|Q9UMD9_GSLLSLDYA|0.01
P16234|Q9UMD9_YAELSSRIL|0.024
P16234|Q9UMD9_STDASHSRG|0.0
P16234|Q9UMD9_SSSSSHSSS|0.0
P16234|Q9UMD9_SSHSSSVRR|0.0
P16234|Q9UMD9_SHSSSVRRG|0.0
P16234|Q9UMD9_QGMAYTVQG|0.074
P16234|P39060_DGQDTPTSA|0.0
P16234|P39060_TSAESPDAP|0.0
P16234|P39060_PPVTTPPLA|0.003
P16234|P39060_LAGGSSTED|0.0
P16234|P39060_AGGSSTEDS|0.0
P16234|P39060_GGSSTEDSR|0.0
P16234|P39060_STEDSRSEE|0.0
P16234|P39060_EDSRSEEVE|0.0
P16234|P39060_PPGPYGRPG|0.233
P16234|P39060_PGDASLGFG|0.0
P16234|P39060_RLWATRQAM|0.145
P16234|P39060_VALNSPLSG|0.0
P16234|Q14993_SQVISLYMD|0.298
P16234|Q14993_GEPFTKGEK|0.004
P16234|Q14993_EPGKYDSMA|0.012
P16234|Q14993_GKYDSMARK|0.238
P16234|Q14993_GLPGSPGLP|0.0
P16234|Q14993_GLPGTSALG|0.0
P16234|Q14993_LPGTSALGL|0.0
P16234|P02452_HRGFSGLDG|0.0
P16234|P02452_GEPGSPGEN|0.0
P16234|P02452_GERGSPGPA|0.0
P16234|P02452_GPKGSPGEA|0.0
P16234|P02452_GLTGSPGSP|0.0
P16234|P02452_GSPGSPGPD|0.0
P16234|P02452_GARGSAGPP|0.011
P16234|P02452_PPGPSGNAG|0.0
P16234|P02452_GAEGSPGRD|0.0
P16234|P02452_GRDGSPGAK|0.0
P16234|P02452_GPPGSPGEQ|0.0
P16234|P02452_GFDFSFLPQ|0.018
P16234|P02452_ENIRSPEGS|0.0
P16234|P02452_SDWKSGEYW|0.374
P16234|P02452_LLQGSNEIE|0.0
P16234|P08123_GENGTPGQT|0.216
P16234|P08123_GPIGSAGPP|0.0
P16234|P08123_GEAGSAGPP|0.0
P16234|P08123_GLRGSPGSR|0.001
P16234|P08123_GSPGSRGLP|0.0
P16234|P08123_GPRGSPGER|0.0
P16234|P08123_NRGETGPSG|0.041
P16234|P08123_GHPGTVGPA|0.308
P16234|P08123_PPGVSGGGY|0.455
P16234|P08123_DQPRSAPSL|0.0
P16234|P08123_EVDATLKSL|0.0
P16234|P08123_ATLKSLNNQ|0.0
P16234|P08123_NQIETLLTP|0.0
P16234|P08123_TPEGSRKNP|0.415
P16234|P08123_ILQGSNDVE|0.0
P16234|Q9P218_ESEGSGLGY|0.0
P16234|Q9P218_SGLGYLVQV|0.41
P16234|Q9P218_EVILTTKTP|0.0
P16234|Q9P218_GPEGSEARG|0.0
P16234|Q9P218_IRARTPTLA|0.0
P16234|Q9P218_ARTPTLAPP|0.153
P16234|Q9P218_TYVSSEGGH|0.0
P16234|Q9P218_EGGHSGQTE|0.0
P16234|Q9P218_HSGQTEAPG|0.0
P16234|Q9P218_PGNATSATL|0.0
P16234|Q9P218_GNATSATLG|0.0
P16234|Q9P218_LGPLSSSTT|0.0
P16234|Q9P218_GPLSSSTTY|0.0
P16234|Q9P218_PLSSSTTYT|0.0
P16234|Q9P218_SSTLTGRVT|0.0
P16234|Q9P218_TGRVTTKKA|0.0
P16234|Q9P218_GRVTTKKAP|0.0
P16234|Q9P218_VEKAYASIR|0.0
P16234|Q9P218_TRRVSDVYP|0.003
P16234|Q9P218_PPEHTIVFL|0.0
P16234|Q9P218_GPPGTVGPT|0.372
P16234|Q96P44_GSKGSKGEP|0.0
P16234|Q8NFW1_AGCKSVHYD|0.435
P16234|Q8NFW1_KSVHYDLVF|0.251
P16234|Q8NFW1_FLLDTSSSV|0.347
P16234|Q8NFW1_RRLAYHGGN|0.046
P16234|Q8NFW1_GNTNTGDAL|0.335
P16234|Q8NFW1_ARSFSPHAG|0.007
P16234|Q8NFW1_MDLFSVKEI|0.0
P16234|Q8NFW1_GEKGSLGLP|0.0
P16234|Q8NFW1_APGPSGPPG|0.0
P16234|Q8NFW1_GIPGSPGSR|0.0
P16234|Q8NFW1_GSPGSRGDP|0.0
P16234|Q8NFW1_FKGHTGDSG|0.0
P16234|Q8NFW1_HTGDSGAPG|0.0
P16234|Q8NFW1_PRGESGAMG|0.0
P16234|Q86Y22_GDDGTPSQP|0.0
P16234|Q86Y22_ERGPSGLPG|0.0
P16234|Q86Y22_GLPGTKGEK|0.0
P16234|Q17RW2_AVDLTNHGI|0.0
P16234|Q17RW2_EGEFYPDAT|0.0
P16234|Q17RW2_ELYDYYYYE|0.374
P16234|Q17RW2_LYDYYYYED|0.374
P16234|Q17RW2_YDYYYYEDL|0.41
P16234|Q17RW2_LIGKTGNPG|0.0
P16234|Q17RW2_GLPGSTGDR|0.0
P16234|Q17RW2_LPGSTGDRG|0.0
P16234|Q17RW2_GDVGTAGSV|0.0
P16234|Q17RW2_GIQGYHGAD|0.0
P16234|Q17RW2_ADGISGNPG|0.0
P16234|Q17RW2_IIGPTGRTG|0.0
P16234|Q17RW2_NPLGTRDNP|0.244
P16234|Q17RW2_LHLLSSEAT|0.0
P16234|Q17RW2_HCLNTPRWT|0.0
P16234|Q9BXS0_HCARTMPPC|0.0
P16234|Q9BXS0_GEQGSPGIP|0.0
P16234|Q9BXS0_PRGPYGLPG|0.103
P16234|Q8IZC6_KPIPTLART|0.0
P16234|Q8IZC6_TLARTEAKI|0.0
P16234|Q8IZC6_KPIGSEASK|0.0
P16234|Q8IZC6_GSEASKKAG|0.0
P16234|Q8IZC6_AGPKSSPRK|0.0
P16234|Q8IZC6_GPKSSPRKP|0.0
P16234|Q8IZC6_GPKGSMGHP|0.0
P16234|Q8IZC6_GGMGTPGEP|0.0
P16234|Q8IZC6_GPPGSRGPP|0.0
P16234|Q8IZC6_ILGPSGLPG|0.0
P16234|Q2UY09_YYAISNATR|0.0
P16234|Q2UY09_ISNATRLLK|0.0
P16234|Q2UY09_PKGDTGQKG|0.0
P16234|P02458_DGQRYNDKD|0.0
P16234|P02458_ERGPSGLAG|0.167
P16234|P02458_NQGCTLDAM|0.0
P16234|P02458_LIQGSNDVE|0.0
P16234|P02461_GICESCPTG|0.0
P16234|P02461_GAPGSPGVS|0.0
P16234|P02461_FAPYYGDEP|0.477
P16234|P02461_EIMTSLKSV|0.0
P16234|P02461_QNITYHCKN|0.201
P16234|P02462_GPRLSVWLL|0.0
P16234|P02462_HEEHSRAAA|0.0
P16234|P02462_GERGYPGTP|0.308
P16234|P02462_GQPGSPGPV|0.0
P16234|P02462_GPKGSVGGM|0.0
P16234|P02462_GFPGSPGEK|0.0
P16234|P02462_GLPGSPGHA|0.0
P16234|P02462_PGHATEGPK|0.0
P16234|P08572_GLRGYPGLS|0.082
P16234|P08572_GQKGSRGLD|0.0
P16234|P08572_GLDGYQGPD|0.354
P16234|P08572_GLPGTKGFP|0.0
P16234|P08572_GPPGSAALP|0.0
P16234|P08572_ALPGSKGDT|0.0
P16234|P08572_SKGDTGNPG|0.0
P16234|P08572_RGGVSAVPG|0.002
P16234|P08572_MPGRSVSIG|0.0
P16234|P08572_IPEQSFQGS|0.0
P16234|P08572_SFQGSPSAD|0.0
P16234|Q01955_VKGLTGPPG|0.0
P16234|Q01955_GPPGTVIVT|0.0
P16234|Q01955_IVTLTGPDN|0.06
P16234|Q01955_GVPGSPGSS|0.0
P16234|Q01955_RRGKTGPKG|0.0
P16234|Q01955_EPGYSEGTR|0.0
P16234|Q01955_GPPGSRGSP|0.0
P16234|Q01955_GSRGSPGAP|0.0
P16234|Q01955_ATWTTRGFV|0.0
P16234|Q01955_KPIPSTVKA|0.0
P16234|Q01955_PIPSTVKAG|0.0
P16234|Q9Y5P4_NSSGSEEDP|0.0
P16234|Q9Y5P4_SYYKSEDET|0.294
P16234|Q9Y5P4_EQHKTESGY|0.012
P16234|Q9Y5P4_TESGYGSES|0.367
P16234|Q9Y5P4_SGYGSESSL|0.0
P16234|Q9Y5P4_YGSESSLRR|0.0
P16234|Q9Y5P4_GSMVSLVSG|0.0
P16234|Q9Y5P4_VSLVSGASG|0.0
P16234|Q9Y5P4_VSGASGYSA|0.0
P16234|Q9Y5P4_GASGYSATS|0.3
P16234|Q9Y5P4_ASGYSATST|0.0
P16234|Q9Y5P4_GYSATSTSS|0.0
P16234|Q9Y5P4_YSATSTSSF|0.214
P16234|Q9Y5P4_SATSTSSFK|0.0
P16234|Q9Y5P4_ATSTSSFKK|0.0
P16234|Q9Y5P4_FPHVTPKGI|0.0
P16234|Q9Y5P4_PYSRSSSMS|0.0
P16234|Q9Y5P4_YSRSSSMSS|0.227
P16234|Q9Y5P4_SSSMSSIDL|0.0
P16234|Q9Y5P4_CKITYVANV|0.423
P16234|Q9Y5P4_LKRFTSYVQ|0.398
P16234|Q9Y5P4_KRFTSYVQE|0.001
P16234|Q9Y5P4-3_GRLPSPLVL|0.0
P16234|P53420_KPGMSGHNG|0.446
P16234|P53420_GPSGSPGLN|0.0
P16234|P53420_GLPGSVDLL|0.331
P16234|P53420_MRGPSGPGC|0.0
P16234|P53420_GVPGSPGPP|0.015
P16234|P53420_DLQFSSAPA|0.0
P16234|P53420_LQFSSAPAP|0.0
P16234|P29400_CYGCSPGSK|0.328
P16234|P29400_NLLGSKGEK|0.0
P16234|P29400_GVPGSAGPE|0.0
P16234|Q14031_GLPGTPGQP|0.0
P16234|Q14031_GERGSPGTP|0.0
P16234|Q14031_GSPGTPGQV|0.0
P16234|Q14031_RRPMSNLWL|0.0
P16234|Q14031_GSAGSNGFP|0.0
P16234|Q14031_MPGESGSQG|0.0
P16234|Q14031_GESGSQGIR|0.0
P16234|Q14031_GFMGTPGKV|0.0
P16234|P20908_GFCATRRSS|0.0
P16234|P20908_QDTIYEGIG|0.057
P16234|P20908_GPMVSAQES|0.005
P16234|P20908_GRAGSDGAR|0.0
P16234|P20908_MPGQTGPKG|0.0
P16234|P20908_GPKGSIGFP|0.0
P16234|P20908_EKGESGPSG|0.0
P16234|P20908_ESGPSGAAG|0.0
P16234|P20908_ENPGSWFSE|0.0
P16234|P05997_GPPGSQGPR|0.0
P16234|P05997_GFAGSPGAR|0.0
P16234|P05997_EAGPTGPMG|0.0
P16234|P05997_GIPGSSGFP|0.0
P16234|P05997_ARGLTGNPG|0.0
P16234|P05997_GIAGTPGPK|0.0
P16234|P05997_GAEGTAGND|0.0
P16234|P05997_GGRGTQGPP|0.0
P16234|P05997_PPGATGFPG|0.0
P16234|P05997_GFPGSAGRV|0.0
P16234|P05997_GPAGTTGQR|0.0
P16234|P05997_PAGTTGQRG|0.0
P16234|P05997_LKSLSSQIE|0.0
P16234|P05997_KSLSSQIET|0.0
P16234|P05997_SQIETMRSP|0.0
P16234|P05997_ETMRSPDGS|0.0
P16234|P25940_LLSIYDERG|0.24
P16234|P25940_KRGPSGHMG|0.0
P16234|P25940_SFNQTTAAT|0.0
P16234|P25940_FNQTTAATV|0.209
P16234|P12109_IQGLTRMPG|0.0
P16234|P12109_ALKSSVDAV|0.0
P16234|P12109_KENKYLIVV|0.283
P16234|P12109_LIVVTDGHP|0.0
P16234|P12109_PLEGYKEPC|0.001
P16234|P12109_EPRLSIIAT|0.0
P16234|P12109_GCKGSPGFD|0.0
P16234|P12109_GPKGYRGDE|0.025
P16234|P12109_GPPGSEGAR|0.149
P16234|P12109_GFPGYPGNR|0.005
P16234|P12109_GTKGYPGLK|0.0
P16234|P12109_NVLCSPGIQ|0.0
P16234|P12109_FIPGSDQLN|0.0
P16234|P12109_VKENYAELL|0.346
P16234|P12109_AVVQYSGTG|0.369
P16234|P12109_FRVPSYQAL|0.3
P16234|P12110_LQGISSFRR|0.0
P16234|P12110_QGISSFRRG|0.0
P16234|P12110_DIASTPHEL|0.0
P16234|P12110_MLPDSTEID|0.152
P16234|P12110_YQGNSGAPG|0.082
P16234|P12110_GVVQYSHEG|0.397
P16234|P12110_VVQYSHEGT|0.0
P16234|P12110_ERIDSLSSF|0.0
P16234|P12110_IDSLSSFKE|0.0
P16234|P12110_GGTWTPSAL|0.0
P16234|P12111_YIGGTNQTG|0.165
P16234|P12111_LALPSAELK|0.0
P16234|P12111_LVLISAGPS|0.0
P16234|P12111_REVITAVRK|0.061
P16234|P12111_GSALYTGSA|0.388
P16234|P12111_LFTSSAGYR|0.264
P16234|P12111_SSAGYRAAE|0.306
P16234|P12111_TGGKSLDEI|0.0
P16234|P12111_KSAGSRIED|0.0
P16234|P12111_AGRSSDRVD|0.494
P16234|P12111_AVVQYSDRT|0.509
P16234|P12111_NALEYVSRN|0.331
P16234|P12111_LEYVSRNIF|0.049
P16234|P12111_SSGKSDDEV|0.0
P16234|P12111_LTPITTLTS|0.0
P16234|P12111_TPITTLTSE|0.0
P16234|P12111_NIGPSKVRV|0.253
P16234|P12111_YLKTYRSQA|0.366
P16234|P12111_LRGGSPLNT|0.0
P16234|P12111_FRRDSFQEV|0.029
P16234|P12111_PEAGSRLDQ|0.299
P16234|P12111_RNIDSEEVG|0.0
P16234|P12111_LTEDTLKVY|0.129
P16234|P12111_GPIGSIGPK|0.0
P16234|P12111_PKGETGDLG|0.0
P16234|P12111_SKRKSVLLD|0.0
P16234|P12111_ETAMSFVAR|0.311
P16234|P12111_VARNTFKRV|0.419
P16234|P12111_EMKKYIAYL|0.466
P16234|P12111_QLDMSPDPK|0.554
P16234|P12111_KCKGYFFVV|0.443
P16234|P12111_PSFVSSENA|0.0
P16234|P12111_ENAFYLSPD|0.333
P16234|P12111_AFYLSPDIR|0.19
P16234|P12111_KPAATKPAT|0.0
P16234|P12111_STKKSQPPP|0.0
P16234|A8TX70_PFVKTFINK|0.0
P16234|A8TX70_KMINSLPIE|0.0
P16234|A8TX70_EANKYRVAL|0.057
P16234|A8TX70_HFPISCQKD|0.0
P16234|A8TX70_LMSYSNSAK|0.0
P16234|A8TX70_IKNLSIQVG|0.0
P16234|A8TX70_QVGKSNTGA|0.0
P16234|A8TX70_GKSNTGAAI|0.0
P16234|A8TX70_EEIVSYPPE|0.152
P16234|A8TX70_EIVSYPPEQ|0.209
P16234|A8TX70_NEIWSQIST|0.0
P16234|A8TX70_WSQISTYAE|0.042
P16234|A8TX70_SQISTYAEQ|0.151
P16234|A8TX70_QISTYAEQR|0.015
P16234|A8TX70_AMKGSQGLK|0.0
P16234|A8TX70_LIRWSDYNR|0.0
P16234|A8TX70_RWSDYNRKK|0.0
P16234|A8TX70_LIDNSRNIA|0.0
P16234|A8TX70_KDQKSAEIA|0.0
P16234|A8TX70_IFVISAGET|0.0
P16234|A8TX70_SAGETNSLD|0.0
P16234|A6NMZ7_ENFDYLKGF|0.149
P16234|A6NMZ7_KEVFSARNG|0.0
P16234|A6NMZ7_IEGASDTQL|0.0
P16234|A6NMZ7_RNQITHTVS|0.0
P16234|A6NMZ7_QITHTVSVF|0.0
P16234|A6NMZ7_THTVSVFSE|0.0
P16234|A6NMZ7_MGGNTNTGA|0.0
P16234|A6NMZ7_GNTNTGAAL|0.0
P16234|A6NMZ7_FLVDSSGSI|0.0
P16234|A6NMZ7_DSSGSIGPE|0.0
P16234|A6NMZ7_LILITDGEA|0.0
P16234|A6NMZ7_SSDKYFFVE|0.007
P16234|A6NMZ7_RELGSRLSK|0.0
P16234|A6NMZ7_GDEGSQGSP|0.0
P16234|A6NMZ7_GSQGSPGKR|0.0
P16234|A6NMZ7_KGLASFSTC|0.0
P16234|A6NMZ7_LASFSTCEL|0.0
P16234|A6NMZ7_ASFSTCELI|0.0
P16234|A6NMZ7_ETIPYERSS|0.0
P16234|Q02388_CTRLYAADI|0.088
P16234|Q02388_LDGSSSIGR|0.0
P16234|Q02388_KGGNTRTGA|0.0
P16234|Q02388_VNDFSILRT|0.0
P16234|Q02388_VPGATGYRV|0.004
P16234|Q02388_GATGYRVTW|0.335
P16234|Q02388_LFGRSVGPA|0.0
P16234|Q02388_GPATSLMAR|0.0
P16234|Q02388_REPETPLAV|0.0
P16234|Q02388_GPVRTVHVT|0.035
P16234|Q02388_TVHVTQASS|0.0
P16234|Q02388_SSSVTITWT|0.0
P16234|Q02388_GNTDSAEIR|0.0
P16234|Q02388_GNPGTPGAP|0.0
P16234|Q02388_GLKGSPGLP|0.0
P16234|Q02388_GRNGSPGSS|0.0
P16234|Q02388_SPGSSGPKG|0.0
P16234|Q02388_GDVGSAGLK|0.0
P16234|P27658_TISLSSIRL|0.0
P16234|P27658_ISLSSIRLI|0.0
P16234|P27658_GGPAYEMPA|0.0
P16234|P25067_ATYTYDEYK|0.444
P16234|P20849_GPEGSRGLP|0.0
P16234|Q14055_AATASPRSL|0.0
P16234|Q14055_ASPRSLLVL|0.0
P16234|Q14055_GDKGSPGKT|0.0
P16234|Q14055_EKGESGEPG|0.0
P16234|Q14050_GPKGTPGVA|0.0
P16234|Q14050_VAGPSGEPG|0.0
P16234|Q14050_GGMISEQIA|0.0
P16234|Q9Y6Z7_RLKTSMKFV|0.0
P16234|Q9Y6Z7_GIRETEEKF|0.0
P16234|Q9BWP8_GVLISLAFL|0.008
P16234|Q9BWP8_LAFLSLLPS|0.0
P16234|Q9BWP8_VSQLTSELK|0.0
P16234|Q9BWP8_SQLTSELKF|0.0
P16234|Q9BWP8-9_EKKQSQPVV|0.0
P16234|Q9BWP8-9_VEMGSQGDM|0.0
P16234|Q5KU26_QSFGYKRFG|0.002
P16234|Q5KU26_MDNVTGGME|0.0
P16234|Q5KU26_GGMETSRQT|0.0
P16234|Q5KU26_TSRQTYDDK|0.0
P16234|Q5KU26_KAISTNSEL|0.0
P16234|Q5KU26_ISTNSELST|0.0
P16234|Q5KU26_NSELSTFRS|0.0
P16234|Q5KU26_SELSTFRSD|0.0
P16234|Q5KU26_LDSVSLRMQ|0.0
P16234|Q5KU26_TSPDYKNWK|0.456
P16234|Q9Y215_GSLGSPGPP|0.0
P16234|Q9Y215_GLPGSRGPM|0.0
P16234|Q9Y215_GPMGSKGYP|0.0
P16234|Q9Y215_GSKGYPGSR|0.0
P16234|Q9Y215_GYPGSRGEK|0.0
P16234|Q8N668_AAVISKFWK|0.0
P16234|Q8N668_QSRHSAQIH|0.0
P16234|Q9Y6G5_KKAVSLINA|0.0
P16234|Q9Y6G5_KAESSFSEE|0.0
P16234|Q9Y6G5_CKLETVGWQ|0.0
P16234|Q86X83_LTESSKLMI|0.0
P16234|Q9UBI1_LPHITDVSW|0.0
P16234|Q9GZQ3____MSAVGA|0.009
P16234|Q86VX2_LAQLSEFAT|0.179
P16234|Q9P000_SAVASK___|0.0
P16234|P21964_EAIDTYCEQ|0.052
P16234|P21964_AIDTYCEQK|0.311
P16234|P21964_ARLLSPGAR|0.0
P16234|P21964_ECTHYQSFL|0.381
P16234|P21964_EKAIYKGPG|0.033
P16234|P21964_KGPGSEAGP|0.0
P16234|Q86VU5_LALGSAALG|0.0
P16234|Q86VU5_AAFATGLFL|0.0
P16234|Q8NHY2_ASSVTSASS|0.009
P16234|Q8NHY2_GLINSYEDK|0.0
P16234|Q8NHY2_DHSVSSTNG|0.0
P16234|Q8NHY2_LEQCYFSTR|0.088
P16234|P53621_VKGLSFHPK|0.0
P16234|P53621_GGDDYKIKV|0.055
P16234|P53621_KVWNYKLRR|0.33
P16234|P53621_GHLDYIRTT|0.297
P16234|P53621_GAVESDVRG|0.0
P16234|P53621_PLIVSGADD|0.0
P16234|P53621_WEVDTCRGH|0.0
P16234|P53621_ELILSNSED|0.0
P16234|P53621_SEDKSIRVW|0.0
P16234|P53621_TGVQTFRRD|0.0
P16234|P53621_FNMSYNPAE|0.024
P16234|P53621_TYDLYTIPK|0.143
P16234|P53621_EGKRSSGLT|0.0
P16234|P53621_GKRSSGLTA|0.0
P16234|P53621_DRMHSLLIK|0.0
P16234|P53621_DEIFYAGTG|0.0
P16234|P53621_YVIWSADMS|0.0
P16234|P53621_SADMSHVAL|0.0
P16234|P53621_DLPIYVTRV|0.295
P16234|P53621_PIYVTRVKG|0.422
P16234|P53621_GNNVYCLDR|0.392
P16234|P53621_TIDPTEFKF|0.0
P16234|P53621_LVGQSIIAY|0.367
P16234|P53621_RKDMSGHYQ|0.237
P16234|P53621_MSGHYQNAL|0.0
P16234|P53621_CGQKSLAYL|0.0
P16234|P53621_FFEGTIASK|0.0
P16234|P53621_GTIASKGKG|0.0
P16234|P53621_RKILSACEK|0.0
P16234|P53621_ICRVTTVTE|0.0
P16234|P53621_CRVTTVTEI|0.0
P16234|P53621_VTTVTEIGK|0.0
P16234|P53621_GLRISPLQF|0.0
P16234|P53618_GLLMTIIRF|0.0
P16234|P53618_IVPKTTPDG|0.0
P16234|P53618_VCDAYRKDL|0.122
P16234|P53618_EAAGTLVTL|0.0
P16234|P53618_GTLVTLSSA|0.0
P16234|P53618_TNNVSEHED|0.0
P16234|P53618_LLVRTLHSC|0.0
P16234|P53618_HAIKSVKIY|0.116
P16234|P53618_SVKIYRGAL|0.0
P16234|P53618_GEYCSTKED|0.349
P16234|P53618_EYCSTKEDI|0.0
P16234|P53618_EEEITVGPV|0.02
P16234|P53618_QKLVTEMGT|0.224
P16234|P53618_TEMGTYATQ|0.333
P16234|P53618_EMGTYATQS|0.38
P16234|P53618_GTYATQSAL|0.0
P16234|P53618_YATQSALSS|0.0
P16234|P53618_SALSSSRPT|0.0
P16234|P53618_ECRQSLSHM|0.0
P16234|P53618_SHMLSAKLE|0.001
P16234|P53618_VEKPSPLTL|0.0
P16234|P53618_DLNDYLQHI|0.0
P16234|P53618_MKCLTPEKA|0.0
P16234|P53618_DAAVTGHIR|0.0
P16234|P53618_IRAKSQGMA|0.0
P16234|P53618_GMALSLGDK|0.0
P16234|P35606_LTARSDRVK|0.0
P16234|P35606_DRVKSVDLH|0.283
P16234|P35606_DLHPTEPWM|0.266
P16234|P35606_RVFNYNTLE|0.449
P16234|P35606_FEAHSDYIR|0.446
P16234|P35606_AHSDYIRCI|0.488
P16234|P35606_PFILTSSDD|0.27
P16234|P35606_LGSSSPNFT|0.0
P16234|P35606_KDMGSCEIY|0.102
P16234|P35606_AHDSSEYAI|0.378
P16234|P35606_DSSEYAIRE|0.427
P16234|P35606_HLDRTMYLL|0.303
P16234|P35606_RRDFSMADK|0.01
P16234|P35606_ELAISKCQF|0.0
P16234|P35606_HAQDYGGLL|0.407
P16234|P35606_VAFMSYFLQ|0.366
P16234|P35606_AFMSYFLQG|0.445
P16234|P35606_PSQVSRVVK|0.431
P16234|P35606_DPTEYENLF|0.52
P16234|P35606_YPLVTPNEE|0.324
P16234|P35606_DFQPSRSTA|0.0
P16234|P35606_PSRSTAQQE|0.322
P16234|O14579_LYRAYLAQR|0.407
P16234|O14579_MFADYLAHE|0.233
P16234|O14579_LAHESRRDS|0.0
P16234|O14579_DREMSRSVD|0.102
P16234|O14579_LQDAYYIFQ|0.4
P16234|O14579_QDAYYIFQE|0.438
P16234|O14579_LIVLSQHLG|0.154
P16234|O14579_DAHRSHPFI|0.0
P16234|O14579_QYAPSA___|0.436
P16234|O14579-2_HESRSTAMT|0.0
P16234|O14579-2_ESRSTAMTV|0.0
P16234|Q9Y678_KDEESGGGS|0.0
P16234|Q9Y678_SGGGSNPFQ|0.0
P16234|Q9Y678_HLEKSAVLQ|0.0
P16234|Q9Y678_VFNETPINP|0.006
P16234|Q9Y678_MCYLTIKEM|0.312
P16234|Q9Y678_VIIVTSSLT|0.0
P16234|Q9Y678_IIVTSSLTK|0.0
P16234|Q9Y678_IVTSSLTKD|0.0
P16234|Q9Y678_TSSLTKDMT|0.0
P16234|Q9Y678_TKDMTGKED|0.196
P16234|Q9Y678_AIERYMKQA|0.182
P16234|Q9Y678_SALVSSLHL|0.0
P16234|Q9Y678_ALVSSLHLL|0.0
P16234|Q9Y678_ISKVTRHGL|0.0
P16234|Q9Y678_IRVASKQLE|0.0
P16234|Q9Y678_EEDGSRDSP|0.0
P16234|Q9Y678_AAVRTLNKV|0.001
P16234|Q9Y678_MKHPSAVTA|0.0
P16234|Q9Y678_DSNRSIATL|0.0
P16234|Q9Y678_GSESSIDRL|0.0
P16234|Q9Y678_GLTVSIPGL|0.0
P16234|Q9Y678_FDLKSVPLA|0.0
P16234|Q9Y678_QRTESTPIT|0.0
P16234|Q9Y678_STPITAVKQ|0.0
P16234|Q9Y678_PVALTESET|0.0
P16234|Q9Y678_ALTESETEY|0.12
P16234|Q9Y678_SETEYVIRC|0.345
P16234|Q9Y678_KEDPTAVAC|0.408
P16234|Q9Y678_AVACTFSCM|0.183
P16234|Q9Y678_ACTFSCMMK|0.0
P16234|Q9Y678_TTGETDDEG|0.0
P16234|Q9UBF2_KDEESGSGS|0.0
P16234|Q9UBF2_HLEKSAVLQ|0.0
P16234|Q9UBF2_TTEATEAFF|0.0
P16234|Q9UBF2_MATISEDVI|0.0
P16234|Q9UBF2_AIERYMKQA|0.004
P16234|Q9UBF2_SQFAYCMLI|0.0
P16234|Q9UBF2_DSNRSIATL|0.0
P16234|Q9UBF2_KQISSFVSE|0.0
P16234|Q9UBF2_VPSKYIRFI|0.0
P16234|Q9UBF2_PVQLTEAET|0.311
P16234|Q9UBF2_SHSLYLAGI|0.148
P16234|Q9UBF2_FRGGYDLLV|0.421
P16234|Q9UBF2_ADGVTMQVT|0.0
P16234|Q9UBF2_TMQVTVRSK|0.0
P16234|Q9NQ92_GAPPSPEAG|0.0
P16234|Q9NQ92_RGTQSIPND|0.0
P16234|Q9NQ92_EGTHSEEEG|0.0
P16234|Q9NQ92_DEEDSDGEL|0.0
P16234|Q9NQ92_QGNPYDADD|0.112
P16234|Q9NQ92_QESISQELK|0.0
P16234|Q13098_NVDMYEEIH|0.418
P16234|Q13098_LSEATRSSL|0.0
P16234|Q13098_GERDSQTQA|0.014
P16234|Q13098_RDSQTQAIL|0.0
P16234|Q13098_ALIQYFSPY|0.428
P16234|Q13098_ARVDSHSKI|0.0
P16234|Q13098_VDSHSKILY|0.021
P16234|Q13098_ANSQSRMST|0.0
P16234|Q13098-6_RMRDSSAPS|0.0
P16234|Q13098-6_SAPSSASSS|0.176
P16234|Q13098-6_SASSSVTDL|0.0
P16234|Q13098-6_SSSVTDLYC|0.0
P16234|Q13098-6_VTDLYCTPH|0.0
P16234|Q13098-6_DLYCTPHSS|0.0
P16234|Q13098-6_TPHSSRSDL|0.0
P16234|P61201_KQLLTYIRS|0.37
P16234|P61201_YSEKSINSI|0.0
P16234|P61201_SILDYISTS|0.309
P16234|P61201_DYISTSKQM|0.006
P16234|P61201_LGKLYLERE|0.416
P16234|P61201_EREEYGKLQ|0.088
P16234|P61201_EAKPYKNDP|0.469
P16234|Q9UNS2_SYKKYILVS|0.279
P16234|Q9UNS2_TNNPSELRN|0.0
P16234|Q9UNS2_FLTLSLQDM|0.0
P16234|Q9UNS2_QDMASRVQL|0.0
P16234|Q9UNS2_EIFASINQK|0.001
P16234|Q9UNS2_NPEKYNNPA|0.442
P16234|Q9UNS2_FVQKSMGSQ|0.0
P16234|Q9UNS2_QEDDSGNKP|0.0
P16234|Q9BT78_AIQLSGAEQ|0.0
P16234|Q9BT78_AKEIYHFTL|0.061
P16234|Q9BT78_GQKQYNVDY|0.116
P16234|Q92905__MAASGSGM|0.0
P16234|Q92905_QEAQSIDEI|0.0
P16234|Q92905_HYFKYCKIS|0.468
P16234|Q92905_YCKISALAL|0.19
P16234|Q92905_MHARSGGNL|0.0
P16234|Q92905_GPSEYQTIP|0.305
P16234|Q92905_KLEQSEAQL|0.0
P16234|Q92905_LGRGSFMLG|0.0
P16234|Q92905_LGLETHDRK|0.0
P16234|Q92905_LAKATRDSC|0.0
P16234|Q92905_ATRDSCKTT|0.0
P16234|Q92905_DSCKTTIEA|0.003
P16234|Q7L5N1_DKEYYYTKE|0.429
P16234|Q7L5N1_KEYYYTKEE|0.28
P16234|Q7L5N1_LREAYALCH|0.002
P16234|Q7L5N1_KTDFYDQCN|0.433
P16234|Q7L5N1_TITKTCNTM|0.0
P16234|Q7L5N1_KTCNTMNQF|0.001
P16234|Q7L5N1_FNVLYDRQG|0.313
P16234|Q9UBW8_IEAVYADVL|0.207
P16234|Q9UBW8_NLKKTIKVT|0.0
P16234|Q9UBW8_EQHLTELRE|0.0
P16234|Q9UBW8_PAPGTNQRQ|0.0
P16234|Q9UBW8_QRQPSKKAS|0.0
P16234|Q9H9Q2_KATASSSAQ|0.0
P16234|Q9H9Q2_TKKMSKVKG|0.439
P16234|Q9H9Q2-3_SVPLTLSRG|0.0
P16234|Q9H9Q2-3_PLTLSRGSP|0.0
P16234|Q99627_KSANSELGG|0.0
P16234|Q99627_RLTDYVAFL|0.528
P16234|P61923_YYDDTYPSV|0.0
P16234|P61923_YDDTYPSVK|0.009
P16234|P61923_LTEQTVSQV|0.0
P16234|P61923_QVLQSAKEQ|0.0
P16234|P61923_QIKWSLLR_|0.0
P16234|Q9P299_FNKTSRTES|0.0
P16234|Q9P299_DGGLTEQSV|0.0
P16234|Q96MF6_SLVVSSRKG|0.0
P16234|Q96MF6_VMERYTSAV|0.448
P16234|Q96MF6_AYPRTCTVD|0.074
P16234|Q9H8M1_RRVVSGCRP|0.0
P16234|Q9H8M1_RYLASCGIL|0.0
P16234|Q9H8M1_KRKEYSERR|0.206
P16234|Q96H96_LLGWSAIKG|0.0
P16234|Q5HYK3_FGFETVSEE|0.0
P16234|Q5HYK3_FETVSEEEK|0.0
P16234|Q5HYK3_GGKVYQVFE|0.315
P16234|Q5HYK3_KSYQYLVES|0.532
P16234|Q9Y2Z9_SNRVSSISP|0.0
P16234|Q9Y2Z9_PTKVSARQL|0.0
P16234|Q9Y2Z9_QLPPSVARV|0.0
P16234|Q9Y2Z9_TGYETERQR|0.0
P16234|Q99807_GARRSLSAY|0.105
P16234|Q99807_SLSAYGRRT|0.2
P16234|O75208_AAAVSGALG|0.0
P16234|O75208_ESSHSPPRY|0.001
P16234|O75208_EEEDYESEE|0.458
P16234|O75208_EDYESEEQL|0.001
P16234|O75208_EKRKTDQFL|0.0
P16234|O75208_NMGHTAKQV|0.0
P16234|O75208_KQVKSTGEA|0.0
P16234|O75208_LKNLTGLNQ|0.0
P16234|O75128_GALGSQQNL|0.0
P16234|O75128_ELSKSLNEL|0.0
P16234|O75128_FRKSSLGND|0.0
P16234|O75128_VNKRSNSKG|0.0
P16234|O75128_KRSNSKGCL|0.0
P16234|O75128_KGCLTTPNS|0.0
P16234|O75128_GCLTTPNSP|0.0
P16234|O75128_PNSPSMHSR|0.0
P16234|O75128_MHSRSLTLG|0.0
P16234|O75128_TLGPSLSLG|0.0
P16234|O75128_GPSLSLGSI|0.0
P16234|O75128_LSLGSISGV|0.0
P16234|O75128_ISGVSVKSE|0.0
P16234|O75128_VSVKSEMKK|0.0
P16234|O75128_PPPGSGPPV|0.0
P16234|O75128_SEKVSLGSQ|0.0
P16234|O75128_DKWATDQED|0.0
P16234|O75128_QEDCSDQDL|0.015
P16234|O75128_DLAGTPDLG|0.0
P16234|O75128_GPQKSPLWE|0.0
P16234|O75128_NNAGSFDSE|0.001
P16234|O75128_GSFDSEGVA|0.0
P16234|O75128_QAEHSQPHE|0.0
P16234|O75128_KDKVYGCAD|0.388
P16234|O75128_GLTTYKIIP|0.0
P16234|O75128_WRCNSVEKH|0.0
P16234|O75128_GPPSTPVPT|0.0
P16234|O75128_TPVPTQTQN|0.0
P16234|O75128_QRRTSSQYV|0.301
P16234|O75128_RRTSSQYVA|0.211
P16234|O75128_TSSQYVASA|0.156
P16234|O75128_RPHGYAEKG|0.439
P16234|O75128_DRTSSPHSE|0.0
P16234|O75128_WPCVTPPNN|0.0
P16234|O75128_IHRSSCFSL|0.0
P16234|O75128_SGKQSTSSQ|0.0
P16234|O75128_PPPHTSDTQ|0.0
P16234|O75128_PPHTSDTQA|0.0
P16234|O75128_PAKLSYTEA|0.236
P16234|O75128_AKLSYTEAE|0.115
P16234|O75128_KLSYTEAEG|0.0
P16234|O75128_RKVASSASE|0.0
P16234|O75128-2_QLVLSGADS|0.0
P16234|O75128-2_SGADSDEDT|0.0
P16234|O75128-2_GCLTTPNSP|0.0
P16234|O75128-2_TTPNSPSMH|0.0
P16234|P31146_ADQCYEDVR|0.422
P16234|P31146_RVSQTTWDS|0.0
P16234|P31146_VSQTTWDSG|0.0
P16234|P31146_ICEASGGGA|0.0
P16234|P31146_VHPDTIYSV|0.032
P16234|P31146_PDTIYSVDW|0.087
P16234|P31146_DTIYSVDWS|0.004
P16234|P31146_FEITSEAPF|0.0
P16234|P31146_VPRKSDLFQ|0.0
P16234|P31146_QEDLYPPTA|0.333
P16234|P31146_APEASGTPS|0.0
P16234|P31146_SGTPSSDAV|0.0
P16234|P31146_SDAVSRLEE|0.008
P16234|Q9BR76_NDQCYEDIR|0.389
P16234|Q9BR76_VLPLSKTGR|0.0
P16234|Q9BR76_CKDKSVRII|0.007
P16234|Q9BR76_PRRGTLVAE|0.223
P16234|Q9BR76_AYVPSKQRD|0.393
P16234|Q9BR76_DLKISRRNV|0.0
P16234|Q9BR76_AADATPSGS|0.191
P16234|Q9ULV4_NRNGSLICT|0.0
P16234|Q9ULV4_SSIRYFEIT|0.108
P16234|Q9ULV4_ITDESPYVH|0.36
P16234|Q9ULV4_PYVHYLNTF|0.446
P16234|Q9ULV4_PILISLKHG|0.006
P16234|Q9ULV4_LKHGYIPGK|0.473
P16234|Q9ULV4_CDLISIPKK|0.0
P16234|Q9ULV4_PKKTTDTAS|0.166
P16234|Q9ULV4_TDTASVQNE|0.097
P16234|Q92828_KENCYDSVP|0.0
P16234|Q92828_IKIWSIPKQ|0.0
P16234|Q92828_TRNLTAYRK|0.0
P16234|Q92828_NLTAYRKEL|0.0
P16234|Q92828_GHRASKVLF|0.0
P16234|Q92828_KLITTKSLI|0.0
P16234|Q92828_ITTKSLIEP|0.0
P16234|Q92828_IEPISMIVP|0.0
P16234|Q92828_RRSESYQED|0.0
P16234|Q92828_RSESYQEDI|0.0
P16234|Q92828_PIFNSMAPA|0.0
P16234|Q92828_WRSSSLLEE|0.0
P16234|Q9UQ03_KRNMTEALL|0.0
P16234|Q9UQ03_RSDSYQEDI|0.305
P16234|Q9UQ03_QEDIYPMTP|0.423
P16234|Q9UQ03_KEKKSVVVN|0.0
P16234|Q6QEF8_VRPPSGPRR|0.0
P16234|Q6QEF8-3_RRSQSASDA|0.793
P16234|P57737_ESWISDIRA|0.0
P16234|P57737_PSLRSLQSL|0.0
P16234|P57737_RSLQSLLGP|0.0
P16234|P57737_LLGPSSKFR|0.0
P16234|P57737_EEVLTTPET|0.032
P16234|P57737_EVLTTPETV|0.0
P16234|P57737_TTPETVLTG|0.041
P16234|P57737_ASSSYDLTV|0.332
P16234|P57737_YRPRSGPEP|0.001
P16234|P57737_LLPESPFFL|0.0
P16234|P57737_RLRQSSLEP|0.0
P16234|P57737_LRQSSLEPV|0.0
P16234|P57737_RRAPSSAQY|0.0
P16234|P57737_RAPSSAQYL|0.0
P16234|P57737_SSAQYLEEK|0.049
P16234|P57737-3_EWAKYLAQI|0.0
P16234|O00230_TGRDSEHMQ|0.0
P16234|Q14247_VNDVSEKEQ|0.002
P16234|Q14247_WGAKTVQGS|0.034
P16234|Q14247_QEHQTLKEK|0.109
P16234|Q14247_GPKASHGYG|0.224
P16234|Q14247_ASHGYGGKF|0.449
P16234|Q14247_RMDKSAVGH|0.006
P16234|Q14247_VGHEYQSKL|0.38
P16234|Q14247_HEYQSKLSK|0.0
P16234|Q14247_QSKLSKHCS|0.0
P16234|Q14247_SQKDYSSGF|0.446
P16234|Q14247_QKDYSSGFG|0.081
P16234|Q14247_KDYSSGFGG|0.027
P16234|Q14247_FGGKYGVQA|0.248
P16234|Q14247_VGFDYQGKT|0.368
P16234|Q14247_EKHESQRDY|0.374
P16234|Q14247_SQRDYSKGF|0.387
P16234|Q14247_QRDYSKGFG|0.184
P16234|Q14247_FGGKYGIDK|0.404
P16234|Q14247_EKHESQKDY|0.448
P16234|Q14247_SQKDYVKGF|0.466
P16234|Q14247_SQKDYKTGF|0.407
P16234|Q14247_KDYKTGFGG|0.445
P16234|Q14247_FGVQSERQD|0.0
P16234|Q14247_SQQDYSKGF|0.152
P16234|Q14247_QQDYSKGFG|0.397
P16234|Q14247_FGGKYGVQK|0.462
P16234|Q14247_DKNASTFED|0.0
P16234|Q14247_KNASTFEDV|0.124
P16234|Q14247_VTQVSSAYQ|0.199
P16234|Q14247_TQVSSAYQK|0.295
P16234|Q14247_AYQKTVPVE|0.137
P16234|Q14247_KAELSYRGP|0.024
P16234|Q14247_PVSGTEPEP|0.0
P16234|Q14247_QGLAYATEA|0.2
P16234|Q14247_APGHYPAED|0.56
P16234|Q14247_AEDSTYDEY|0.101
P16234|Q14247_CKGRYGLFP|0.043
P16234|Q14247_FPANYVELR|0.309
P16234|Q14247-2_QLHESQKDY|0.0
P16234|Q14247-2_ALYDYQAAG|0.311
P16234|Q14247-3_VGHEYQSKL|0.215
P16234|Q14247-3_SQKDYSSGF|0.424
P16234|Q14247-3_VGFDYQGKT|0.145
P16234|Q14247-3_SQKDYSKGF|0.351
P16234|Q14247-3_QKDYSKGFG|0.002
P16234|Q14247-3_DKNASTFED|0.0
P16234|Q14247-3_KNASTFEDV|0.0
P16234|Q14247-3_QGLAYATEA|0.0
P16234|P41279_YQIDSDVLL|0.0
P16234|P41279_WKLTYRNIG|0.415
P16234|P41279_FGKVYLAQD|0.069
P16234|P41279_RYPRSAYPS|0.443
P16234|P41279_LIEASLERN|0.0
P16234|Q14019_CRAAYNLVR|0.438
P16234|Q14019_GDAMSKRSK|0.0
P16234|Q14019_GGANYDAQT|0.376
P16234|Q14019_YDAQTE___|0.216
P16234|P23219_GLDRYQCDC|0.414
P16234|P23219_RLVLTVRSN|0.0
P16234|P23219_GPGFTKALG|0.0
P16234|P35354_LKERSTEL_|0.0
P16234|P00395_KDIGTLYLL|0.071
P16234|P00395_IGTLYLLFG|0.289
P16234|P00395_GVLGTALSL|0.0
P16234|P00395_GTALSLLIR|0.0
P16234|P00395_IAIPTGVKV|0.0
P16234|P00395_TLHGSNMKW|0.0
P16234|Q12887_KAEIYEMRP|0.252
P16234|Q12887_KLQVYDLPG|0.0
P16234|Q9Y6N1_IHPGSPTRA|0.0
P16234|Q9Y6N1_AVPLYRLYC|0.379
P16234|Q7KZN9_LLGWYMVKS|0.001
P16234|Q9P0S2_SQIRYDAVK|0.0
P16234|Q9P0S2_ISLESEYEK|0.0
P16234|Q9P0S2_LESEYEKIK|0.0
P16234|Q14061_GLVDSNPAP|0.0
P16234|Q8N8Q8_RGAVTLPLA|0.0
P16234|Q8N8Q8_PLAAYQHYI|0.0
P16234|Q8N8Q8_AYQHYILAK|0.0
P16234|Q49B96_CRKESKEYL|0.0
P16234|Q49B96_ESKEYLECR|0.334
P16234|P00414_RESTYQGHH|0.336
P16234|P13073_RAHESVVKS|0.0
P16234|P13073_SVVKSEDFS|0.0
P16234|P13073_SEDFSLPAY|0.001
P16234|P13073_SLPAYMDRR|0.345
P16234|P13073_ASWSSLSMD|0.0
P16234|P13073_WSSLSMDEK|0.0
P16234|P13073_WQKHYVYGP|0.423
P16234|P13073_PLPQSFDKE|0.0
P16234|O43402_VKDASPNQV|0.0
P16234|O43402_RISASLLDS|0.0
P16234|O43402_SLLDSRSYE|0.0
P16234|P20674_GSQETDEEF|0.0
P16234|P20674_TLVTYDMVP|0.282
P16234|P10606_GGVPTDEEQ|0.001
P16234|P10606_GLDPYNVLA|0.017
P16234|P10606_PKGASGTRE|0.0
P16234|P14854_CWQNYLDFH|0.332
P16234|P14854_QKAMTAKGG|0.0
P16234|P14854_GGDISVCEW|0.0
P16234|P14854_RAEGTFPGK|0.0
P16234|P09669_RKKAYADFY|0.407
P16234|P09669_YADFYRNYD|0.423
P16234|P09669_GIFQSVK__|0.0
P16234|P24310_ALIRSFSST|0.0
P16234|P24310_RSFSSTARN|0.0
P16234|P24310_SFSSTARNR|0.0
P16234|P14406_EIPLYLKGG|0.316
P16234|P14406_DALLYRATM|0.316
P16234|P14406_AYAIYELAV|0.228
P16234|O14548_TKLTSDSTV|0.001
P16234|O14548_DSTVYDYAG|0.046
P16234|Q8TF08_VGRVTPKEW|0.0
P16234|P15954_MLGQSIRRF|0.0
P16234|P15954_VVRRSHYEE|0.0
P16234|P15954_RRSHYEEGP|0.0
P16234|P15954_QLLKT____|0.0
P16234|P00450_KKALYLQYT|0.439
P16234|P00450_CKKDSLDKE|0.315
P16234|P00450_VYREYTDAS|0.443
P16234|P00450_YTDASFTNR|0.104
P16234|P00450_DASFTNRKE|0.444
P16234|P00450_GTYYSPNYN|0.445
P16234|P00450_YNPQSRSVP|0.112
P16234|P00450_LAKMYYSAV|0.435
P16234|P00450_QSEDSTFYL|0.454
P16234|P00450_EQNVSNAFL|0.0
P16234|O43303_WEMETVYSN|0.368
P16234|O43303_METVYSNSE|0.458
P16234|O43303_LARDSEGFN|0.081
P16234|O43303_QSRRSLRGS|0.0
P16234|O43303_SLRGSINRI|0.0
P16234|O43303_IVNESHLDK|0.0
P16234|O43303_NVIKSLTGS|0.0
P16234|O43303_SPEPSMSPK|0.0
P16234|O43303_HRRRSRTSS|0.0
P16234|O43303_RRSRTSSAC|0.0
P16234|O43303_RSRTSSACH|0.0
P16234|O43303_SRTSSACHI|0.001
P16234|O43303_SSKVYVGKN|0.267
P16234|O43303_LHEPYASSQ|0.266
P16234|O43303_EKNCSLQTE|0.001
P16234|O43303_ELNKSYDVK|0.0
P16234|O43303_FLDNSFEKV|0.0
P16234|O43303_ENCPYVITS|0.226
P16234|O43303_YPKGSGFVN|0.368
P16234|O43303_KTRWSQVFS|0.0
P16234|O43303_SQVFSLEIQ|0.0
P16234|O43303_AQDASLQER|0.0
P16234|O43303_RVPVSGVYA|0.006
P16234|O43303_VSGVYAGKI|0.033
P16234|O43303_PNVATI___|0.0
P16234|P15085_IGNTYEGRP|0.472
P16234|P15085_GRPIYVLKF|0.115
P16234|P15085_SNPCSETYH|0.235
P16234|P15085_PCSETYHGK|0.431
P16234|P15085_KAAVTALAS|0.02
P16234|P15085_LASLYGTKF|0.0
P16234|P15085_SLYGTKFNY|0.283
P16234|P15085_FNYGSIIKA|0.0
P16234|P48052_LMFPYGYKC|0.356
P16234|P48052_FPYGYKCTK|0.448
P16234|P48052_IDWSYDYGI|0.073
P16234|P48052_WSYDYGIKY|0.088
P16234|P48052_YGIKYSFAF|0.0
P16234|P15088_NFNASWNSI|0.0
P16234|P15088_ASWNSIPNT|0.0
P16234|P15088_SIPNTNDPC|0.198
P16234|P15088_CADNYRGSA|0.256
P16234|P15088_YETRYIYGP|0.452
P16234|P15088_ESTIYPISG|0.037
P16234|Q9UI42_GDEISKLSQ|0.0
P16234|Q8WXQ8_QMNFTGDQV|0.0
P16234|Q8N4T0_LKKISYQLK|0.09
P16234|Q8N4T0_EALLTYKSD|0.001
P16234|Q8N4T0_SFHAYAQML|0.357
P16234|Q8N4T0_LLYPYSYKY|0.351
P16234|Q8N4T0_YPYSYKYAT|0.352
P16234|Q8N4T0_VRYRYGPAS|0.0
P16234|Q8N4T0_STTLYVSSG|0.103
P16234|Q8N4T0_MDWAYKNGI|0.3
P16234|Q8IZJ3_QAPGYLIAA|0.0
P16234|Q8IZJ3_IAAPSVFRA|0.0
P16234|Q8IZJ3_MINMTVNGV|0.0
P16234|Q8IZJ3_PGLAYVGKV|0.007
P16234|Q8IZJ3_NIYTSEVVS|0.026
P16234|Q8IZJ3_SEVVSQRGL|0.0
P16234|Q8IZJ3_DKSVYLLRS|0.361
P16234|Q8IZJ3_WAGLTAQRR|0.0
P16234|Q8IZJ3_TFWISWRGG|0.0
P16234|Q8IZJ3_RATASIIGD|0.0
P16234|Q8IZJ3_QRQLTYKRQ|0.349
P16234|Q8IZJ3_RQLTYKRQD|0.341
P16234|Q8IZJ3_KVLQTAAIP|0.0
P16234|Q8IZJ3_RWGQTPAPQ|0.0
P16234|Q96IY4_SLVASEAVR|0.0
P16234|Q96IY4_LGIKYSFTI|0.237
P16234|Q96IY4_KYSFTIELR|0.063
P16234|O75976_LLLGSSARA|0.0
P16234|O75976_DGGPSGASG|0.0
P16234|O75976_IYSKTSDDE|0.061
P16234|O75976_YSKTSDDEV|0.065
P16234|O75976_SCCKYPPAS|0.103
P16234|O75976_FANEYPNIT|0.074
P16234|O75976_ITRLYSLGK|0.008
P16234|O75976_SLGKSVESR|0.0
P16234|O75976_KNFGTDPEV|0.013
P16234|O75976_NPDGYEKSQ|0.091
P16234|O75976_TNDASDPTT|0.0
P16234|O75976_ASDPTTKEF|0.0
P16234|O75976_SDPTTKEFE|0.0
P16234|O75976_KEFETLIKD|0.0
P16234|O75976_IKDLSAENG|0.0
P16234|O75976_VIVPSLNPD|0.0
P16234|O75976_EKDCTSKIG|0.0
P16234|O75976_KDCTSKIGQ|0.0
P16234|O75976_KIGQTNARG|0.0
P16234|O75976_WCICSIKSN|0.0
P16234|O75976_IRMMSTGSK|0.0
P16234|O75976_MSTGSKKSL|0.0
P16234|O75976_TEEETLYSS|0.0
P16234|O75976_ETLYSSKH_|0.0
P16234|O75976_TLYSSKH__|0.009
P16234|P16870_DNKNSLISY|0.204
P16234|P16870_SLISYLEQI|0.375
P16234|P16870_IANATISVE|0.0
P16234|P16870_NATISVEGI|0.196
P16234|P16870_DHDVTSAKD|0.063
P16234|P16870_HDVTSAKDG|0.127
P16234|P16870_NYKLTASAP|0.376
P16234|P16870_SAPGYLAIT|0.309
P16234|P16870_YLAITKKVA|0.388
P16234|Q9BZB8_RVCTTPINR|0.227
P16234|Q9BZB8_MLFPTSAQE|0.0
P16234|Q9BZB8_SLRISPPLP|0.0
P16234|Q9BZB8_MGVGSRMDQ|0.0
P16234|Q7Z5Q1_QSRRSPVSP|0.041
P16234|Q7Z5Q1_RSPVSPQLQ|0.0
P16234|Q7Z5Q1_QQRNSYNHH|0.449
P16234|Q7Z5Q1_KFTRSTPSL|0.0
P16234|Q7Z5Q1_TPSLTPKSW|0.0
P16234|Q7Z5Q1_LNMHSLENS|0.0
P16234|Q7Z5Q1_SLENSLIDI|0.0
P16234|Q7Z5Q1_KGRLSYPHP|0.422
P16234|Q7Z5Q1_GVLNSPTCY|0.317
P16234|Q7Z5Q1_PTCYSAHQN|0.294
P16234|Q7Z5Q1_ESKSYFPPK|0.219
P16234|Q7Z5Q1_MDRLYGGVC|0.286
P16234|Q7Z5Q1_GGVCYAGID|0.187
P16234|Q7Z5Q1_AGIDTDPEL|0.0
P16234|Q7Z5Q1_PELKYPKGA|0.401
P16234|Q7Z5Q1_NQQSYIAAI|0.072
P16234|Q8NE35_VGVPSPLNP|0.0
P16234|Q8NE35_LNPISPLKK|0.0
P16234|Q8NE35_ESKSYFPPK|0.035
P16234|Q8NE35_MDRLYGGVC|0.13
P16234|Q8NE35_GGVCYAGID|0.001
P16234|Q8NE35_AGIDTDPEL|0.0
P16234|Q8NE35_PELKYPKGA|0.242
P16234|Q8NE35_NQQSYIAAI|0.0
P16234|Q17RY0_EILGSEKAK|0.0
P16234|Q17RY0_KNFASNHIQ|0.0
P16234|Q17RY0_MDRLYGGVC|0.188
P16234|Q17RY0_GGVCYAGID|0.11
P16234|Q17RY0_AGIDTDPEL|0.0
P16234|Q17RY0_PELKYPKGA|0.293
P16234|Q17RY0_NQQSYIAAI|0.001
P16234|Q17RY0_PRHISFRWN|0.0
P16234|A4D0V7_SRKLTAAAP|0.0
P16234|A4D0V7_FLRASSPQQ|0.0
P16234|A4D0V7_LRASSPQQA|0.0
P16234|A4D0V7_FQRLYRSDV|0.0
P16234|A4D0V7_NSIMTFIKE|0.0
P16234|A4D0V7_LSKEYNFIK|0.0
P16234|Q9H799_VLTTSSNDA|0.0
P16234|Q9H799_LEKIYQSVI|0.527
P16234|Q9H799_GVDRYSLGT|0.227
P16234|Q9H799_LFLSYILER|0.022
P16234|Q9H799_LTSFSGKLR|0.0
P16234|Q9H799_QRSIYKIQD|0.498
P16234|Q9H799_LIQRSSNHI|0.0
P16234|Q9H799_IQRSSNHIF|0.003
P16234|Q9H799_GITESSSEY|0.0
P16234|Q9H799_SSEYSPVIR|0.005
P16234|Q9H799_IRVKTSTAA|0.0
P16234|Q9H799_VKTSTAAIL|0.0
P16234|Q9H799_HISDYEEDI|0.344
P16234|Q9H799_EFKKTLASK|0.0
P16234|Q9H799_SKTISISEE|0.0
P16234|Q9H799_VRFLTHMDE|0.0
P16234|Q9H799_EFSITENYS|0.006
P16234|Q9H799_ITENYSGQK|0.005
P16234|Q9H799_TENYSGQKT|0.421
P16234|Q9H799_GKVKYMSKP|0.304
P16234|Q9H799_VKYMSKPSY|0.414
P16234|Q9H799_KATQSPVTF|0.0
P16234|O14810_EGSLTRPKK|0.0
P16234|O14810_EEDESILDT|0.0
P16234|Q6PUV4_IRDKYGLKK|0.0
P16234|P14384_HIMPSMNPD|0.0
P16234|P15169_PEVKYVGNM|0.134
P16234|P15169_NFVLSANLH|0.0
P16234|P15169_ANYPYDKSF|0.469
P16234|P22792_RAFGSNPNL|0.0
P16234|P22792_NPNLTKVVF|0.0
P16234|Q99829_VGGGSWAEL|0.0
P16234|Q99829_VRNCSSPEF|0.0
P16234|Q99829_RNCSSPEFS|0.0
P16234|Q99829_IDNKTPELR|0.0
P16234|Q99829_RGTITVSAQ|0.0
P16234|Q99829_TITVSAQEL|0.0
P16234|Q99829_FLGKSDPFL|0.0
P16234|Q99829_QKKKSYKNS|0.24
P16234|Q99829_KNSGTIRVK|0.0
P16234|Q99829_QVRLYGPTN|0.487
P16234|Q99829_LYGPTNFAP|0.004
P16234|Q99829_ALAQTVLAE|0.0
P16234|Q96FN4_AAQATQQRT|0.0
P16234|O75131_KDIGSKSDP|0.0
P16234|O75131_NPQFSKTFI|0.0
P16234|O75131_TIELSDDDF|0.0
P16234|O75131_LFGKSDPYL|0.321
P16234|O75131_ISLNSLCYG|0.001
P16234|O75131_NSLCYGDMD|0.303
P16234|O75131_DMDKTIKVE|0.404
P16234|O75131_SGVISVKQC|0.0
P16234|O75131_QIKLYGPTN|0.207
P16234|O75131_GSLRSPLGE|0.0
P16234|Q96A23_INPVYSKLF|0.274
P16234|Q96A23_KLSKSLLKH|0.0
P16234|Q96A23_SFKVSVNSL|0.323
P16234|Q96A23_VSVNSLCSG|0.0
P16234|Q96A23_NSLCSGDPD|0.0
P16234|Q96A23_GILRSPKGE|0.0
P16234|Q9HCH3_QFNIYEVVN|0.022
P16234|Q9HCH3_TPPASPLHT|0.0
P16234|O95741____MSDPEM|0.0
P16234|Q9UBL6_GAAATPGGL|0.0
P16234|Q9UBL6_GNNGYVELS|0.001
P16234|Q9UBL6_APIISKVAR|0.0
P16234|Q9UBL6_TGKASQYYI|0.0
P16234|Q9UBL6_AGEASPGCT|0.0
P16234|Q9UBL6_SPGCTP___|0.0
P16234|Q86YQ8_MDSRYNSTA|0.219
P16234|Q86YQ8_VIDNTLNPD|0.295
P16234|Q86YQ8_VDSKSPNLS|0.336
P16234|Q86YQ8_QDYDSDKMF|0.394
P16234|Q86YQ8_SVQLYGPTN|0.412
P16234|Q86YQ8_YTPPTHVLQ|0.414
P16234|Q8IYJ1_VIDNTLNPD|0.035
P16234|Q8IVL8_YLKISQPSG|0.005
P16234|Q8IVL8_TMHSYGQLI|0.0
P16234|Q8IVL8_ILTPYGYTK|0.384
P16234|Q8IVL8_TPYGYTKNK|0.342
P16234|Q8IVL8_YGTNYRVGS|0.381
P16234|Q8IVL8_GRVTSATML|0.0
P16234|Q8IVL8_GLLVSCMSL|0.0
P16234|P36551_TRATSLGRP|0.0
P16234|P36551_RFVQSCARA|0.026
P16234|P36551_FGLFTPGSR|0.0
P16234|P36551_SRIESILMS|0.0
P16234|P36551_SILMSLPLT|0.0
P16234|Q9BRF8_EDDDYYFNL|0.35
P16234|Q9BRF8_DDDYYFNLS|0.383
P16234|P31327_KWKFSRPGI|0.03
P16234|P31327_VKAQTAHIV|0.0
P16234|P31327_GIKVSGLLV|0.0
P16234|P31327_VLDYSKDYN|0.36
P16234|P31327_YSKDYNHWL|0.273
P16234|P31327_VPAIYGVDT|0.414
P16234|P31327_KILESDRKE|0.09
P16234|P31327_VLNITNKQA|0.003
P16234|P31327_IMHESKPFF|0.0
P16234|P31327_ALVASRVEV|0.281
P16234|P31327_RVEVSKVLI|0.0
P16234|P31327_LILGSGGLS|0.0
P16234|P31327_PNIASVQTN|0.066
P16234|P31327_FLPITPQFV|0.046
P16234|P31327_VLKEYGVKV|0.411
P16234|P31327_VLGTSVESI|0.0
P16234|P31327_SIMATEDRQ|0.0
P16234|P31327_KIAPSFAVE|0.157
P16234|P31327_VMIRSAYAL|0.365
P16234|P31327_IRSAYALGG|0.139
P16234|P31327_LRRTSINVV|0.0
P16234|P31327_ALHPTSMEY|0.242
P16234|P31327_KATGYPLAF|0.535
P16234|P31327_PSLDYMVTK|0.433
P16234|P31327_SSMKSVGEV|0.0
P16234|P31327_MCHPSIEGF|0.0
P16234|P31327_DDNMSLDEI|0.0
P16234|P31327_EKLTYIDKW|0.189
P16234|P31327_KWFLYKMRD|0.284
P16234|P31327_LNSESMTEE|0.0
P16234|P31327_DKQISKCLG|0.256
P16234|P31327_CLGLTEAQT|0.002
P16234|P31327_GCIISVGGQ|0.207
P16234|P31327_AEDRSIFSA|0.0
P16234|P31327_ATRVSQEHP|0.049
P16234|P31327_NLRASRSFP|0.185
P16234|P31327_FPFVSKTLG|0.0
P16234|P31327_FVSKTLGVD|0.0
P16234|P31327_IDVATKVMI|0.173
P16234|P31327_KHLPTLDHP|0.253
P16234|P31327_IPADYVAIK|0.562
P16234|P31327_APMFSWPRL|0.0
P16234|P31327_CEMASTGEV|0.068
P16234|P31327_EMASTGEVA|0.067
P16234|P31327_NPSLSSIRK|0.0
P16234|P31327_PSLSSIRKL|0.0
P16234|P31327_VHDNYVIRR|0.244
P16234|P31327_VIRRTAVDS|0.232
P16234|P31327_SLFHYRQYS|0.391
P16234|Q10570____MYAVYK|0.405
P16234|Q10570_HDLKTLSLH|0.0
P16234|Q10570_LSLHYFEEP|0.014
P16234|Q10570_QNVHTPRVR|0.003
P16234|Q10570_FRRESLAEE|0.0
P16234|Q10570_EQEPSTTPE|0.0
P16234|Q10570_EEMLYGDSG|0.05
P16234|Q10570_LFSPSKEEA|0.0
P16234|Q10570_GSRQSRPYL|0.009
P16234|Q10570_ICGPSPHWL|0.0
P16234|Q10570_WLLVTGRGA|0.0
P16234|Q10570_TSTNTPCAR|0.0
P16234|Q9P2I0_AIYATIPVY|0.171
P16234|Q9P2I0_EQLLTNVLE|0.0
P16234|Q9P2I0_NVLETLRGD|0.143
P16234|Q9P2I0_IAVDTAGRV|0.0
P16234|Q9P2I0_VEWMSDKLM|0.0
P16234|Q9P2I0_KGEGSRKGS|0.0
P16234|Q9P2I0_SRKGSFFKQ|0.09
P16234|Q9P2I0_QAKKSYPMF|0.381
P16234|Q9P2I0_KWDEYGEII|0.0
P16234|Q9P2I0_ELQATEEEK|0.0
P16234|Q9P2I0_RDLLYEQYA|0.367
P16234|Q9P2I0_LYEQYAIV_|0.405
P16234|Q9UKF6_LYTETDLEE|0.005
P16234|Q9UKF6_VVMASPGMM|0.0
P16234|Q9UKF6_KHIMSEPEE|0.0
P16234|Q9UKF6_GQRVSGILV|0.0
P16234|Q9UKF6_RNFNYHILS|0.09
P16234|Q9UKF6_YHILSPCDL|0.0
P16234|Q9UKF6_DLSNYTDLA|0.001
P16234|Q9UKF6_LSNYTDLAM|0.346
P16234|Q9UKF6_VKDDSILSV|0.0
P16234|Q9UKF6_CEEGSEDDE|0.0
P16234|Q9UKF6_AQRLYEALT|0.005
P16234|O95639_FRHISGEKT|0.0
P16234|O95639_MPECYFYSK|0.0
P16234|O95639_LQRSSSLIQ|0.0
P16234|O95639_IQLTSQNSS|0.0
P16234|O95639_TSQNSSPNQ|0.0
P16234|O95639_SQNSSAGNR|0.0
P16234|O95639-2_AKQRTPQVI|0.0
P16234|A6NMK7_FLHQYDLTR|0.0
P16234|A6NMK7_QYDLTRMPE|0.002
P16234|A6NMK7_MPECYFYSK|0.0
P16234|Q16630_PNVVYTYTG|0.369
P16234|Q16630_NVVYTYTGK|0.403
P16234|Q16630_VVYTYTGKR|0.085
P16234|Q16630_VYTYTGKRI|0.148
P16234|Q16630_SEASSKKLM|0.0
P16234|Q16630_PTDPYGRPP|0.369
P16234|Q16630_RPPPYDRGD|0.362
P16234|Q16630_DRGDYGPPG|0.001
P16234|Q16630_GDYGSAIET|0.141
P16234|Q16630_KSYGSGSRR|0.001
P16234|Q16630_YGSGSRRER|0.0
P16234|Q16630_DHSRSREKS|0.0
P16234|Q16630_RHDDYYRER|0.154
P16234|Q16630_HDDYYRERS|0.413
P16234|Q16630-2_HMGHSIEEI|0.0
P16234|Q8N684_QIDLYDDVL|0.209
P16234|Q8N684_SDDRSSSTE|0.0
P16234|Q8N684_DRSSSTEPP|0.0
P16234|Q8N684_RSSSTEPPP|0.0
P16234|Q8N684_RQEPSPKPN|0.001
P16234|Q8N684_ILYTYSGLR|0.354
P16234|Q8N684_LYTYSGLRN|0.0
P16234|Q8N684_ANGQSKGYA|0.001
P16234|Q8N684_QSKGYAEVV|0.007
P16234|Q8N684_VVVASENSV|0.0
P16234|Q8N684_RQNLSQFEA|0.0
P16234|Q8N684_PRAHSRDSS|0.0
P16234|Q8N684_HSRDSSDSA|0.0
P16234|Q8N684_SRDSSDSAD|0.0
P16234|Q8N684_LVPSSARVD|0.0
P16234|Q8N684_ASAPYNHHG|0.237
P16234|Q8N684_NHHGSRDSG|0.0
P16234|Q8N684_GSRDSGPPP|0.0
P16234|Q8N684_PSTVSEAEF|0.0
P16234|Q8N684_NRAISSSAI|0.0
P16234|Q8N684_RVLISSLKD|0.0
P16234|Q8N684_AKSYSVGAS|0.0
P16234|Q8N684_GASGSSSRK|0.0
P16234|Q8N684_ASGSSSRKR|0.0
P16234|Q8N684_SGSSSRKRH|0.0
P16234|Q8N684_SPSRSRESS|0.0
P16234|Q8N684_RHDDYFQER|0.298
P16234|P50416_KNVVSGVLF|0.0
P16234|P50416_VKIFSGRKP|0.0
P16234|P50416_KPMLYSFQT|0.351
P16234|P50416_PGEETDTIQ|0.0
P16234|P50416_LDNTSEPQP|0.0
P16234|P50416_PNIPYPTRL|0.323
P16234|P50416_LAVESPFLK|0.0
P16234|P50416_LSSNSKK__|0.0
P16234|Q92523_LKHVYLSGI|0.008
P16234|Q92523_HVYLSGINS|0.287
P16234|Q92523_SGINSWKKR|0.0
P16234|Q92523_YSFQTSLPK|0.001
P16234|Q92523_LQHLSDSRH|0.0
P16234|Q92523_KLWLYEGAR|0.462
P16234|Q92523_HGNCYNRWF|0.433
P16234|Q92523_VIESSYQVA|0.0
P16234|Q92523_IESSYQVAK|0.062
P16234|Q92523_HQNMYRLAM|0.436
P16234|Q8TCG5_AKILSENVD|0.009
P16234|P23786_NMTVSAIRF|0.0
P16234|P23786_FPLAYLTSE|0.4
P16234|P23786_YESCSTAAF|0.001
P16234|P23786_ESCSTAAFK|0.0
P16234|P23786_PASVYTKRC|0.431
P16234|P23786_TKRCSEAFV|0.0
P16234|Q9H3G5_FLTPYIEAG|0.0
P16234|Q9H3G5_LNMKSYAGF|0.0
P16234|Q9H3G5_NMKSYAGFL|0.103
P16234|Q9H3G5_AGFLTVNKT|0.0
P16234|Q9H3G5_KVLIYNGQL|0.0
P16234|Q9H3G5_GSQEYKKAE|0.0
P16234|Q96SM3_IGKSYQGLK|0.119
P16234|Q96SM3_FRWLSTVYA|0.354
P16234|Q96SM3_RWLSTVYAG|0.0
P16234|Q96SM3_LSTVYAGSN|0.423
P16234|Q8N436_KVMRTKSSE|0.0
P16234|Q8N436_MRTKSSEKA|0.421
P16234|Q8N436_NDDHSVRVA|0.016
P16234|Q8N436_NPDGYEKAY|0.325
P16234|Q8N436_AEGFTASTK|0.003
P16234|Q8N436_KQPVSLPAR|0.0
P16234|Q66K79_VIEFSSRPG|0.0
P16234|Q66K79_IEFSSRPGQ|0.284
P16234|P17927_IGESTIRCT|0.0
P16234|P17927_GDFISTNRE|0.0
P16234|P17927_DRGMTFNLI|0.001
P16234|P17927_LIGESTIRC|0.0
P16234|P17927_IGESSIRCT|0.0
P16234|P17927_SIRCTSDPQ|0.0
P16234|P17927_IRCTSDPQG|0.0
P16234|P17927_QNGHYIGGH|0.404
P16234|P17927_GGHVSLYLP|0.157
P16234|P20023_GSTPYRHGD|0.136
P16234|P20023_MWGPTRLPT|0.0
P16234|P20023_TRLPTCVSV|0.0
P16234|P20023_PTCVSVFPL|0.488
P16234|P20023_SGKWSAVPP|0.0
P16234|P20023_AVPPTCEEA|0.0
P16234|P20023_SGSVYQECQ|0.336
P16234|P20023_QCLRSPPVT|0.0
P16234|P20023_LIVITLYVI|0.016
P16234|P20023_AREVYSVDP|0.519
P16234|P29762_WKMRSSENF|0.0
P16234|P29762_TVRTTEINF|0.0
P16234|P29373_KIIRSENFE|0.0
P16234|P29373_TVRTTEINF|0.0
P16234|P29373_VKWESENKM|0.0
P16234|Q6ZU35_FGQRSPNAI|0.0
P16234|Q6ZU35_PSSLSPLNL|0.0
P16234|Q6ZU35_SSAGTIESV|0.0
P16234|Q6ZU35_RQEDYWREL|0.0
P16234|Q6ZU35_PAKDTGLTA|0.0
P16234|Q6ZU35_APKASPVQH|0.0
P16234|Q6ZU35_KNAESDPRS|0.0
P16234|Q6ZU35_GDESTPRGR|0.0
P16234|Q6ZU35_NQRKTPPVN|0.0
P16234|Q6ZU35_TSKQSTEAE|0.0
P16234|Q6ZU35_SKQSTEAES|0.0
P16234|Q6ZU35_PSEETAPQP|0.0
P16234|Q6ZU35_EEKASPFGI|0.0
P16234|Q6ZU35_KKRHSSTGD|0.0
P16234|Q6ZU35_RHSSTGDSA|0.0
P16234|Q6ZU35_STGDSADAG|0.019
P16234|Q6ZU35_TRRDSAEPS|0.0
P16234|Q6ZU35_AEPSSSRSV|0.0
P16234|Q6ZU35_QSRHSLDGS|0.0
P16234|Q6ZU35_SSSVSRAGS|0.0
P16234|Q6ZU35_TKRFSTPDA|0.0
P16234|Q6ZU35_AKAWSDCPQ|0.0
P16234|Q6NV74_KRKESPSST|0.0
P16234|Q6NV74_KESPSSTGS|0.0
P16234|Q6NV74_SSTGSSTWK|0.0
P16234|Q6NV74_TGSSTWKQS|0.0
P16234|Q6NV74_TWKQSQTRN|0.0
P16234|Q6NV74_VGYDSEDEL|0.215
P16234|Q6NV74_LSHDSIFIP|0.01
P16234|Q6NV74_VRVFSQENV|0.072
P16234|Q6NV74_DAGMSSEDD|0.0
P16234|Q6NV74_AGMSSEDDG|0.0
P16234|Q6NV74_GLPRSPPEM|0.0
P16234|Q6NV74_VSVVSPDHV|0.0
P16234|Q6NV74_ALTASVEEG|0.0
P16234|Q6NV74_GEDPSSRPA|0.151
P16234|Q6NV74_EDPSSRPAT|0.0
P16234|Q6NV74_SRPATPELA|0.0
P16234|Q6NV74_AEPESAPTL|0.044
P16234|Q6NV74_VEPPSPPEG|0.0
P16234|Q6NV74_LERASGRLP|0.007
P16234|Q6NV74_PLARSGPVW|0.0
P16234|Q6NV74_PVWRSEAAL|0.0
P16234|Q6NV74_DRAASPAGP|0.0
P16234|Q6NV74_GPRKSPQEA|0.0
P16234|Q6NV74_VKLRSTSLS|0.0
P16234|Q6NV74_KLRSTSLSL|0.0
P16234|Q6NV74_STSLSLKYR|0.273
P16234|Q6NV74_VKRYSAEVR|0.257
P16234|Q6NV74_RLERSLTVL|0.0
P16234|Q6NV74_ERSLTVLPK|0.148
P16234|Q6NV74_LQSFTLPHQ|0.0
P16234|Q6NV74_GAEKSLPPA|0.003
P16234|Q6NV74_PPAATGPGA|0.0
P16234|Q6NV74_PPWITVTRQ|0.013
P16234|Q6NV74_WITVTRQKR|0.238
P16234|Q6NV74_KRRGTLDQP|0.0
P16234|Q6NV74_DFVRSKSFL|0.0
P16234|Q6NV74_VRSKSFLIT|0.026
P16234|Q6NV74_QRGISLSHQ|0.0
P16234|Q6NV74_GISLSHQNL|0.0
P16234|Q6NV74_LKRASYAST|0.351
P16234|Q6NV74_ASYASTDQP|0.299
P16234|Q6NV74_ARKKSQAWS|0.0
P16234|Q6NV74_SQAWSDMPQ|0.0
P16234|P78560_QVLRSLRLE|0.0
P16234|P78560_INAQTTGLR|0.0
P16234|P78560_NSSPSDRQI|0.0
P16234|P78560_SLGLSQTDI|0.0
P16234|Q96RY5_ADEESLEGE|0.0
P16234|Q96RY5_PPQGSPQDQ|0.0
P16234|Q96RY5_SAVGSGNAG|0.0
P16234|Q96RY5_FEGLYEHGK|0.437
P16234|Q96RY5_DKNATKLNE|0.0
P16234|Q96RY5_ARVQSLAQN|0.0
P16234|Q96RY5_SSPESAPGE|0.0
P16234|Q96RY5_EGRDSPTRE|0.0
P16234|Q96RY5_RDSPTREPG|0.0
P16234|Q96RY5_RYLKSCQDL|0.068
P16234|Q96RY5_GGAASPEVL|0.0
P16234|Q96RY5_PTGPSPRPG|0.0
P16234|Q96RY5_QEKGSPAGP|0.0
P16234|Q96RY5_PRPGSLPTA|0.0
P16234|Q96RY5_VSSRSPRCP|0.0
P16234|Q96RY5_ASLRSSKTF|0.0
P16234|Q96RY5_LLGPSLLDG|0.0
P16234|Q96RY5_LDGNSRDSF|0.0
P16234|Q96RY5_MNENSIDYI|0.0
P16234|P43155_QPIVSEEEW|0.0
P16234|P43155_LKTAYLQYR|0.391
P16234|P43155_AYLQYRQPV|0.43
P16234|P43155_PVVIYSSPG|0.008
P16234|P43155_KKPPTHITV|0.0
P16234|P43155_GRTDTIRSA|0.0
P16234|P43155_IRSASMDSL|0.0
P16234|P43155_AMDDSSVTE|0.0
P16234|P43155_RLAHYLEKA|0.401
P16234|P82279_GQDDSTGYV|0.072
P16234|P82279_QDDSTGYVI|0.0
P16234|P82279_ATQGTYSPS|0.0
P16234|Q5IJ48_GTLATRNDT|0.0
P16234|Q5IJ48_TRNDTKESL|0.0
P16234|Q5IJ48_PAATTSRWL|0.0
P16234|Q5IJ48_AATTSRWLL|0.0
P16234|Q9BUF7_QTEGTYRPS|0.448
P16234|Q9BUF7_TEGTYRPSS|0.0
P16234|Q9BUF7_TYRPSSEEQ|0.0
P16234|Q9BUF7_RVPPTPNLK|0.0
P16234|Q96SW2_LRTQSDGIQ|0.0
P16234|Q96SW2_KKDMSPQKF|0.286
P16234|Q96SW2_EDEISPDKV|0.0
P16234|Q96SW2-2_LLPESEEED|0.0
P16234|P16220_VDSVTDSQK|0.0
P16234|P16220_RRPSYRKIL|0.281
P16234|P16220_YQIRTAPTS|0.034
P16234|P16220_YCHKSD___|0.403
P16234|O43889_RETVSMDLE|0.0
P16234|O43889_MDLESESCR|0.0
P16234|O43889_HGVLSRQLR|0.0
P16234|Q96BA8_KMEDTTQDA|0.037
P16234|Q96BA8_MEDTTQDAE|0.055
P16234|Q96BA8_ARSSTAIST|0.0
P16234|Q96BA8_AISTSPLLT|0.0
P16234|Q96BA8_SPLLTAPHK|0.0
P16234|Q96BA8_KLPLTKAEE|0.0
P16234|Q96BA8_KMAATQTGT|0.326
P16234|Q70SY1_PSPTSPAPL|0.0
P16234|Q70SY1_LHPFSLPQT|0.007
P16234|Q70SY1_PQTHSPSRA|0.0
P16234|Q70SY1_PRAPSALSS|0.0
P16234|Q70SY1_ALSSSPLLT|0.0
P16234|Q70SY1_KLQGSGPLV|0.0
P16234|Q70SY1_PLVLTEEEK|0.001
P16234|Q70SY1_PLSKSEEKA|0.346
P16234|Q70SY1_KVSRTCKLA|0.301
P16234|Q70SY1_ISNETSLEK|0.0
P16234|Q68CJ9_KEGITLPTQ|0.0
P16234|Q68CJ9_KKKEYIDGL|0.217
P16234|Q68CJ9_DGLETRMSA|0.0
P16234|Q68CJ9_ETRMSACTA|0.176
P16234|Q8TEY5_GLQESEPED|0.0
P16234|Q8TEY5_CHPDSPPAP|0.0
P16234|Q8TEY5_RATSSPMLY|0.287
P16234|Q8TEY5_YEVVYEAGA|0.445
P16234|Q8TEY5_QEGVSLPSH|0.0
P16234|Q8TEY5_DANGSTRTL|0.0
P16234|Q8TEY5_ANGSTRTLL|0.0
P16234|Q8TEY5_GRIRSVLHA|0.0
P16234|Q02930___MIYEESK|0.275
P16234|Q02930_KRNISMHNA|0.0
P16234|Q02930_PAAMSNGNM|0.0
P16234|Q02930_GNMNTMGHM|0.023
P16234|Q02930_QMQPTQTIQ|0.0
P16234|Q02930_QPTQTIQPP|0.0
P16234|Q02930_PPQPTGGRR|0.0
P16234|Q9NS37_AASGSNSPT|0.0
P16234|Q9NS37_SGSNSPTRS|0.0
P16234|Q9NS37_SPTRSESPE|0.0
P16234|Q9NS37_TRSESPEPA|0.0
P16234|Q9NS37_EPAATCSLP|0.0
P16234|Q9NS37_AATCSLPSD|0.0
P16234|Q9NS37_GEEETAAAG|0.0
P16234|Q9NS37_IGGCSSSSD|0.0
P16234|Q9NS37_SSSDSGSAE|0.0
P16234|Q9NS37_RRRKSPGGG|0.0
P16234|Q9NS37_GGGGSGNDN|0.0
P16234|Q9NS37_NQAATKSPR|0.0
P16234|Q9NS37_AATKSPRKA|0.0
P16234|Q9NS37_LANETGLAR|0.0
P16234|Q9NS37_ARLLSRLSG|0.0
P16234|Q9NS37_LSRLSGVGL|0.0
P16234|Q9NS37_RLTTSLFRD|0.0
P16234|Q9NS37_LFRDSPAGD|0.0
P16234|O75629_LSRGSARAL|0.0
P16234|O75629_ALLASTLLA|0.0
P16234|O75629_ALLVSPARG|0.0
P16234|Q8IUH2_GMFSYRREG|0.311
P16234|Q8IUH2_GGASSISRE|0.0
P16234|Q96HD1_QCENTEGGY|0.063
P16234|Q96HD1_TEGGYRCIC|0.0
P16234|Q96HD1-2_WKLGSHPHS|0.0
P16234|Q6UXH1_TLSKYESSE|0.154
P16234|Q6UXH1_SKYESSEIR|0.0
P16234|Q6UXH1_KYESSEIRL|0.0
P16234|Q6UXH1_CQGGSQRPC|0.0
P16234|Q6UXH1_QRPCSGNGH|0.0
P16234|Q6UXH1_GYFSSLRNE|0.001
P16234|Q6UXH1-5_RGRNTHTQP|0.0
P16234|Q6UXH1-5_QPGYSSRVW|0.0
P16234|Q03060_SRRPSYRKI|0.0
P16234|Q03060_RRPSYRKIL|0.079
P16234|Q03060_IRAPTAALP|0.0
P16234|Q03060-2_SRRPSYRKI|0.0
P16234|Q03060-8_TDEETELAP|0.0
P16234|P34998_QDKHSIRAR|0.0
P16234|P34998_ARAMSIPTS|0.0
P16234|P34998_PTRVSFHSI|0.0
P16234|P34998_VSFHSIKQS|0.0
P16234|P34998_SIKQSTAV_|0.0
P16234|P34998_IKQSTAV__|0.0
P16234|P34998-2_MSIPTSPTR|0.0
P16234|P06850_LPRRSLDSP|0.126
P16234|P24387_HRNCSFSII|0.0
P16234|O14578_QQQMSPLSR|0.0
P16234|O14578_LVDRTGHIK|0.0
P16234|O14578_AEGTSARTF|0.0
P16234|O14578_NIRNSPPPF|0.0
P16234|O14578_ILGRSESVV|0.0
P16234|O14578_ESVVSGLDS|0.0
P16234|O14578_RMEVSQEDD|0.01
P16234|O14578_ADKETLENM|0.243
P16234|O14578_NAMDSKIRS|0.0
P16234|O14578_LAANSSLFT|0.0
P16234|O14578_LEKISHQDH|0.0
P16234|O14578_HQDHSDKNR|0.0
P16234|O14578_AALESQLRQ|0.0
P16234|O14578_NQNFYLSKQ|0.227
P16234|O14578_MNARSLQQK|0.0
P16234|O14578_HRKATDHPH|0.0
P16234|O14578_HPHPSTPAT|0.0
P16234|O14578_PHPSTPATA|0.0
P16234|O14578_STPATARQQ|0.0
P16234|O14578_RKESSTPEE|0.0
P16234|O14578_PEEFSRRLK|0.0
P16234|O14578_VCLDTVHFG|0.028
P16234|O14578_CLPATCGLP|0.0
P16234|O14578_LPAEYATHF|0.252
P16234|O14578_AEYATHFTE|0.317
P16234|O14578_WDRKYIVLE|0.352
P16234|O14578_VLEGSKVLI|0.0
P16234|O14578_LLGNSLLKL|0.0
P16234|O14578_DMKQYTLEE|0.006
P16234|O14578_MKQYTLEEF|0.001
P16234|O14578_GPPTYNEHI|0.393
P16234|O14578_NEHITKRVA|0.16
P16234|O14578_PEGPSHPRE|0.0
P16234|O14578_PREPSTPHR|0.0
P16234|O14578_REPSTPHRY|0.036
P16234|O14578_RMLSTRRER|0.0
P16234|O14578_LFEDSSRGR|0.0
P16234|O14578_FEDSSRGRL|0.0
P16234|O14578_VWDQSSV__|0.0
P16234|O14578_WDQSSV___|0.0
P16234|O14578-3_STSRSPNKR|0.0
P16234|O14578-4_HRRVSEVEA|0.0
P16234|O14578-4_ERRHSLENK|0.0
P16234|O14578-4_KRLETMERR|0.0
P16234|Q9NZV1_NCPGSIVQG|0.136
P16234|Q9NZV1_CREASASAG|0.0
P16234|Q9NZV1_EASASAGPP|0.0
P16234|Q9NZV1_CRECYCLNG|0.0
P16234|Q9NZV1_QCCPYCIED|0.253
P16234|Q9NZV1_SGKAYADEE|0.002
P16234|Q9NZV1_NQLVSVDCK|0.063
P16234|Q9NZV1_CKKGTRVQV|0.052
P16234|Q9NZV1_FSGFYSMQK|0.361
P16234|Q9NZV1_SGFYSMQKQ|0.157
P16234|Q9NZV1_ADNFYQTV_|0.329
P16234|Q6ZWJ8_GGKEYPSGA|0.0
P16234|Q6ZWJ8_GERWTVDTC|0.0
P16234|Q6ZWJ8_CMAGTVRCQ|0.453
P16234|Q6ZWJ8_DRGRSGVAW|0.0
P16234|Q6ZWJ8_GVAWTQEVA|0.0
P16234|P50238_AERVTSLGK|0.0
P16234|P50238_KCGKTLTSG|0.0
P16234|P50238_EGKPYCNHP|0.0
P16234|P50238_NHPCYAAMF|0.357
P16234|P50238_GGAESHTFK|0.0
P16234|P50238_AESHTFK__|0.0
P16234|P52943_KCDKTVYFA|0.426
P16234|P52943_DKTVYFAEK|0.169
P16234|P52943_RCSKTLTPG|0.0
P16234|P52943_SKTLTPGGH|0.0
P16234|P52943_HKPCYATLF|0.397
P16234|P52943_GGAGSYIYE|0.0
P16234|P52943_GAGSYIYEK|0.303
P16234|P52943_GPQVTGPIE|0.0
P16234|P52943_PKGPSRASS|0.0
P16234|P52943_VTTFTGEPN|0.0
P16234|P52943_GEPNTCPRC|0.0
P16234|P52943_SKKVYFAEK|0.074
P16234|P52943_RCGKTLTPG|0.0
P16234|P52943_GKTLTPGGH|0.0
P16234|P52943_GAVGSYIYD|0.0
P16234|Q6Q6R5_GEPVYFAEK|0.403
P16234|Q6Q6R5_EKVMSLGRN|0.001
P16234|Q9P021_GTVITPDTW|0.0
P16234|Q9P021_ITPDTWKDG|0.0
P16234|Q9P021_GARNTTESG|0.0
P16234|Q9P021_NTTESGGRK|0.0
P16234|Q9P021_RFDPYGKNK|0.0
P16234|Q9P021_NKFSTCRIC|0.0
P16234|P16562_RKAVSPPAS|0.08
P16234|P16562_SPPASNMLK|0.0
P16234|P16562_NRKNTPYQQ|0.006
P16234|P16562_KNTPYQQGT|0.43
P16234|P16562_YQQGTPCAG|0.182
P16234|P54108_RRAVSPPAR|0.0
P16234|P54108_SCKASCNCS|0.0
P16234|P54108_NCSNSIY__|0.359
P16234|P54108_SNSIY____|0.445
P16234|Q9H336_QVHDTHVRT|0.373
P16234|Q9H336_CPRVYCPRN|0.442
P16234|Q9H336_ANPHYARVI|0.426
P16234|Q9H336_YSDLSSICR|0.138
P16234|Q9H336_SDLSSICRA|0.0
P16234|Q9H0B8_KIFGTLFYE|0.0
P16234|Q9H0B8_SLSKYKPSS|0.2
P16234|Q9H0B8_KYKPSSSFM|0.0
P16234|Q9H0B8_SFMVSKVKV|0.0
P16234|Q9H0B8_KKKTYVGSL|0.007
P16234|P46108_DSSTSPGDY|0.221
P16234|P46108_SPGDYVLSV|0.265
P16234|P46108_QEFDSLPAL|0.131
P16234|P46108_HYLDTTTLI|0.404
P16234|P46108_YLDTTTLIE|0.29
P16234|P46108_LDTTTLIEP|0.223
P16234|P46108_PVSRSRQGS|0.018
P16234|P46108_EEAEYVRAL|0.618
P16234|P46108_NAEDSEGKR|0.183
P16234|P46108_YVEKYRPAS|0.406
P16234|P46108_PASASVSAL|0.0
P16234|P46108_SASVSALIG|0.0
P16234|P46108_NQEGSHPQP|0.0
P16234|P46108_YAQPSVNTP|0.145
P16234|P46108_PSVNTPLPN|0.0
P16234|P46108_AYDKTALAL|0.397
P16234|P46109_CPGDYVLSV|0.406
P16234|P46109_YKIHYLDTT|0.318
P16234|P46109_HYLDTTTLI|0.299
P16234|P46109_YLDTTTLIE|0.148
P16234|P46109_LDTTTLIEP|0.068
P16234|P46109_PPMGSVSAP|0.0
P16234|P46109_EYVRTLYDF|0.376
P16234|P46109_IPVPYVEKL|0.0
P16234|P46109_LVRSSPHGK|0.0
P16234|P46109_QPQTTTPLP|0.0
P16234|P46109_PQTTTPLPA|0.001
P16234|P46109_LPAVSGSPG|0.0
P16234|P46109_GAAITPLPS|0.0
P16234|P46109_TPLPSTQNG|0.006
P16234|P46109_PLPSTQNGP|0.0
P16234|P46109_AYDKTALAL|0.262
P16234|O75462_FQAKYQIRY|0.355
P16234|Q8IUI8_QLDDSILNI|0.0
P16234|Q14194____MSYQGK|0.008
P16234|Q14194_QGKKSIPHI|0.0
P16234|Q14194_PHITSDRLL|0.0
P16234|Q14194_DQSLYADVY|0.422
P16234|Q14194_PVYITKVMS|0.0
P16234|Q14194_TKVMSKSAA|0.0
P16234|Q14194_VMSKSAADI|0.0
P16234|Q14194_AFVTSPPLS|0.001
P16234|Q14194_SPPLSPDPT|0.0
P16234|Q14194_VAVTSTNAA|0.0
P16234|Q14194_LVVISQGKI|0.0
P16234|Q14194_SRGMYDGPV|0.0
P16234|Q14194_ATPKYATPA|0.349
P16234|Q14194_KSSPSKHQP|0.0
P16234|Q14194_NFSLSGAQI|0.0
P16234|Q14194_RSNITSLG_|0.0
P16234|Q14194_SNITSLG__|0.0
P16234|Q14194-2_RAWNTEDDL|0.0
P16234|Q14194-2_DLPVYLARP|0.0
P16234|Q14194-2_ARPGSAAQT|0.0
P16234|Q14194-2_SAAQTPRQK|0.0
P16234|Q14194-2_PRQKYGGMF|0.0
P16234|Q14194-2_DFDAYSVGR|0.0
P16234|Q16555____MSYQGK|0.0
P16234|Q16555_IPRITSDRL|0.0
P16234|Q16555_PRITSDRLL|0.0
P16234|Q16555_NDDQSFYAD|0.073
P16234|Q16555_GGVKTIEAH|0.0
P16234|Q16555_IDVHTRFQM|0.0
P16234|Q16555_QGMTSADDF|0.0
P16234|Q16555_GEPITASLG|0.068
P16234|Q16555_AFVTSPPLS|0.0
P16234|Q16555_SPPLSPDPT|0.0
P16234|Q16555_GTNGTEERM|0.0
P16234|Q16555_WDPDSVKTI|0.0
P16234|Q16555_ISAKTHNSS|0.0
P16234|Q16555_SSLEYNIFE|0.328
P16234|Q16555_VCEVSVTPK|0.0
P16234|Q16555_QSGFSLSGA|0.0
P16234|Q16555_IPRRTTQRI|0.0
P16234|Q16555_RANITSLG_|0.0
P16234|Q16555_ANITSLG__|0.0
P16234|O14531_SHYWSKNWA|0.0
P16234|O14531_VPRKTFPDF|0.0
P16234|O14531_RSNITSLS_|0.0
P16234|O14531_SNITSLS__|0.0
P16234|O14531_ITSLS____|0.0
P16234|Q14195____MSYQGK|0.035
P16234|Q14195_IPRITSDRL|0.0
P16234|Q14195_PRITSDRLL|0.001
P16234|Q14195_NDDQSFYAD|0.141
P16234|Q14195_DQSFYADIY|0.418
P16234|Q14195_NCPLYVTKV|0.386
P16234|Q14195_PLYVTKVMS|0.411
P16234|Q14195_TKVMSKSAA|0.0
P16234|Q14195_ADLISQARK|0.021
P16234|Q14195_PITASLGID|0.0
P16234|Q14195_AFVTSPPLS|0.0
P16234|Q14195_SPPLSPDPT|0.0
P16234|Q14195_VAVTSTNAA|0.0
P16234|Q14195_KGRISVGSD|0.0
P16234|Q14195_SAAEYNIFE|0.0
P16234|Q14195_NLHVTQGAG|0.0
P16234|Q14195_FIPCSPFSD|0.0
P16234|Q14195_PRGMYDGPV|0.344
P16234|Q14195_VFDLTTTPK|0.0
P16234|Q14195_NLHQSGFSL|0.0
P16234|Q14195_QSGFSLSGT|0.0
P16234|Q14195_GFSLSGTQV|0.001
P16234|Q14195_SLSGTQVDE|0.0
P16234|Q14195_PGGRSNITS|0.0
P16234|Q14195_RSNITSLS_|0.0
P16234|Q14195_SNITSLS__|0.0
P16234|Q14195_ITSLS____|0.0
P16234|Q14195-2_RGWDSSHED|0.0
P16234|Q14195-2_DLPVYLARP|0.0
P16234|Q14195-2_FESKTLDFD|0.0
P16234|Q14195-2_FDALSVGQR|0.0
P16234|Q14195-2_RGAKTPRSG|0.0
P16234|Q14195-2_SDRGSGSRP|0.0
P16234|Q14195-2_RGSGSRPGI|0.0
P16234|Q14195-2_IEGDTPRRG|0.0
P16234|Q14195-2_GREESREPA|0.0
P16234|Q14195-2_PAPASPAPA|0.0
P16234|Q14195-2_VEIRSATGK|0.0
P16234|Q9BPU6_MFMTYKDLY|0.427
P16234|Q9BPU6_YKDLYMLRD|0.451
P16234|Q9BPU6_LLNLYPRKG|0.018
P16234|Q9BPU6_CPLRSFPDT|0.0
P16234|Q9BPU6_SFPDTVYKK|0.085
P16234|Q9BPU6_QREKTLKVR|0.0
P16234|Q9BPU6_SFSLSGSQI|0.0
P16234|Q9BPU6_SLSGSQIDD|0.0
P16234|Q9BPU6_PKRASARIL|0.0
P16234|Q9BPU6_PGGRSSGIW|0.0
P16234|Q9BPU6_GGRSSGIW_|0.0
P16234|Q9BZJ0____MTATVE|0.0
P16234|Q9BZJ0_DKNTSRLEL|0.0
P16234|Q9BZJ0_VSVSSQSRF|0.0
P16234|Q9BZJ0_VSSQSRFLA|0.0
P16234|Q9BZJ0_ARSIYERAL|0.086
P16234|Q9BZJ0_VIYKYALDR|0.269
P16234|Q9BZJ0_LDRISKQDA|0.0
P16234|Q9BZJ0_VREVYERAI|0.0
P16234|Q9BZJ0_QFELSSGKE|0.0
P16234|Q9UBG3_EGNCTALTR|0.0
P16234|Q9UBG3_KGQHYEGSS|0.0
P16234|Q9UBG3_KRGITAREL|0.0
P16234|Q9UBG3_ARELYSYLR|0.075
P16234|Q9UBG3_ELYSYLRST|0.0
P16234|Q9UBG3_SYLRSTKP_|0.037
P16234|Q9UBG3_YLRSTKP__|0.0
P16234|Q5TZA2_EEQASYRRK|0.28
P16234|Q5TZA2_REEESFNAY|0.001
P16234|Q5TZA2_SFNAYFSNE|0.295
P16234|Q5TZA2_SARVTELGL|0.0
P16234|Q5TZA2_QAVLSDSES|0.0
P16234|Q5TZA2_ASNGSLRGL|0.0
P16234|Q5TZA2_LRGLSGQRT|0.0
P16234|Q5TZA2_SGQRTPSPP|0.0
P16234|Q5TZA2_QRTPSPPRR|0.0
P16234|Q5TZA2_PRRSSPGRG|0.0
P16234|Q5TZA2_GRGRSPRRG|0.0
P16234|Q5TZA2_RRGPSPACS|0.0
P16234|Q5TZA2_SPACSDSST|0.0
P16234|Q5TZA2_SDSSTLALI|0.0
P16234|Q5TZA2_ELSMTKLRA|0.0
P16234|Q5TZA2_GLEGSLRVA|0.0
P16234|Q5TZA2_RHERSQLQE|0.0
P16234|Q5TZA2_SRQLSGREQ|0.0
P16234|Q5TZA2_KQRDSCLRE|0.0
P16234|Q5TZA2_ALRRSNEEL|0.0
P16234|Q5TZA2_GRAPSPAPR|0.0
P16234|Q5TZA2_SQPPSPGPA|0.0
P16234|Q5TZA2_LQEESVRRS|0.0
P16234|Q5TZA2_ERRATLDQV|0.263
P16234|Q5TZA2_VLDASESRT|0.0
P16234|Q5TZA2_AALNTVQKL|0.135
P16234|Q5TZA2_ERLGSLQRA|0.192
P16234|Q5TZA2_EKLRSHEDT|0.0
P16234|Q5TZA2_TVRLSAEKG|0.0
P16234|Q5TZA2_RLDRTLTGA|0.0
P16234|Q5TZA2_DRTLTGAEL|0.212
P16234|Q5TZA2_LRRSSAPFS|0.0
P16234|Q5TZA2_SAPFSPPSG|0.0
P16234|Q5TZA2_FSPPSGPPE|0.0
P16234|Q8IVE0_DKTDSTMQA|0.0
P16234|O95232_VCKYYLCGF|0.0
P16234|O95232_NQQSSGAAG|0.0
P16234|O95232_EELGSEGKV|0.0
P16234|O95232_ERRRSRSRD|0.0
P16234|O95232_RRSRSRDRR|0.0
P16234|O95232_RKHRSRSRD|0.0
P16234|O95232_HRSRSRDRR|0.0
P16234|O95232_HRSKSRDRE|0.0
P16234|O95232_QDRKSKEKE|0.0
P16234|O95232_DDKKSSVKS|0.0
P16234|O95232_DKKSSVKSG|0.0
P16234|O95232_SSVKSGSRE|0.0
P16234|O95232_EDTNTESKE|0.0
P16234|O95232_EVNGTSEDI|0.0
P16234|Q9UKG9_SLKKYLESV|0.137
P16234|Q9UKG9_KYLESVKPF|0.212
P16234|Q9UKG9_AKAQYLREA|0.331
P16234|Q9UKG9_GKKLTKNKM|0.438
P16234|Q9UKG9_LQLAYYRLH|0.392
P16234|Q9UKG9_QLAYYRLHG|0.0
P16234|Q9UKG9_LFSKSGGGG|0.0
P16234|A4D126_IIQKYQHKR|0.379
P16234|A4D126_LVEGSPDLW|0.0
P16234|A4D126_WKVTYKRDL|0.434
P16234|Q2VPA4_DRGMTFNLI|0.0
P16234|Q2VPA4_LIGESTIRR|0.0
P16234|Q2VPA4_IGESTIRRT|0.0
P16234|Q9NQ79_VDIVYGNWN|0.285
P16234|Q9NQ79_FSMPSPVRT|0.0
P16234|Q9NQ79_KVVLYTKKS|0.002
P16234|Q9NQ79_VVLYTKKSG|0.0
P16234|Q9NQ79_YTKKSGAHL|0.0
P16234|O95727_EETASDALE|0.131
P16234|O95727_LERNSLSSQ|0.0
P16234|O95727_NSLSSQDPQ|0.0
P16234|O95727_ARKKSGILL|0.0
P16234|O95727_ILLLTLVSF|0.0
P16234|O95727_LTLVSFLIF|0.0
P16234|O95727_SEAKTKRKE|0.0
P16234|O95727_NVQHSKLEE|0.246
P16234|O75718_GAEDYIKDL|0.272
P16234|O43186_AKTQYPDVY|0.385
P16234|O43186_YPDVYAREE|0.389
P16234|Q16526_SPPLSLYGQ|0.0
P16234|Q16526_YQQLSRYRG|0.206
P16234|Q16526_GKRPSQEED|0.0
P16234|Q49AN0_VGLVTSQQM|0.044
P16234|Q49AN0_GLVTSQQME|0.0
P16234|Q49AN0_QQMESCRAE|0.0
P16234|Q49AN0_YIRRYLPKL|0.184
P16234|Q49AN0_FPSRYIYEP|0.314
P16234|Q49AN0_SRYIYEPWN|0.304
P16234|Q49AN0_YQQLSRYRG|0.303
P16234|Q49AN0_GEELSKRAR|0.004
P16234|P02489_LGPFYPSRL|0.147
P16234|P02489_PFYPSRLFD|0.094
P16234|P02489_ISPYYRQSL|0.353
P16234|P02511_VKHFSPEEL|0.0
P16234|P02511_VDPLTITSS|0.0
P16234|P02511_PLTITSSLS|0.002
P16234|P02511_LTITSSLSS|0.0
P16234|P02511_TITSSLSSD|0.0
P16234|P02511_DGVLTVNGP|0.365
P16234|P02511_GPERTIPIT|0.0
P16234|P05813_ETLPTTKMA|0.0
P16234|P05813_ERLMSFRPI|0.0
P16234|P05813_GYRGYQYIL|0.001
P16234|P05813_RGYQYILEC|0.23
P16234|P05813_SHAQTSQIQ|0.0
P16234|P53674_KASASATVA|0.0
P16234|P53674_SASATVAVN|0.108
P16234|P53674_AFEQSNFRG|0.063
P16234|P53674_TWSSSYRSD|0.0
P16234|P53674_WSSSYRSDR|0.408
P16234|P53674_FKGNTIEIQ|0.029
P16234|P43320_SSRRTDSLS|0.0
P16234|P43320_RRTDSLSSL|0.0
P16234|P43320_TDSLSSLRP|0.0
P16234|P43320_DSLSSLRPI|0.0
P16234|P43320_IKVDSQEHK|0.0
P16234|Q68DQ2_RRRGSAPWH|0.122
P16234|Q68DQ2_FAPRSPSRD|0.0
P16234|Q68DQ2_PRSPSRDKE|0.0
P16234|Q68DQ2_APGRSAASV|0.0
P16234|Q68DQ2_NEPMSTSQK|0.0
P16234|Q68DQ2_EPMSTSQKK|0.0
P16234|Q68DQ2_PMSTSQKKE|0.0
P16234|Q68DQ2_ENVLSSEAV|0.0
P16234|Q68DQ2_NVLSSEAVK|0.0
P16234|Q68DQ2_PKKAYDLSS|0.075
P16234|Q68DQ2_YDLSSSTSD|0.082
P16234|Q68DQ2_REIFSGSLR|0.0
P16234|Q68DQ2_IFSGSLRTQ|0.0
P16234|Q68DQ2_PSVTYATYR|0.299
P16234|Q68DQ2_TYATYRGPR|0.214
P16234|Q68DQ2_QNIASSNNL|0.0
P16234|Q68DQ2_NAWGSIERN|0.0
P16234|Q68DQ2_KVPCSPDFQ|0.0
P16234|Q68DQ2_MSNRTLVQR|0.0
P16234|Q68DQ2_TNLPSPNKS|0.0
P16234|Q68DQ2_RHAVTDTEF|0.0
P16234|Q68DQ2_AVTDTEFVN|0.0
P16234|Q68DQ2_SAQDSQKNV|0.135
P16234|Q68DQ2_KDLASLNYI|0.224
P16234|Q68DQ2_AVVASLGNE|0.0
P16234|Q68DQ2_ELNRSHISE|0.0
P16234|Q68DQ2_LDSESPQQA|0.0
P16234|Q68DQ2_KLNFSISPP|0.0
P16234|Q68DQ2_NFSISPPTF|0.0
P16234|Q68DQ2_VLSNSEKCQ|0.0
P16234|Q68DQ2_VELVSSNTK|0.0
P16234|Q68DQ2_ELVSSNTKA|0.0
P16234|Q68DQ2_EKSDSLSLE|0.0
P16234|Q68DQ2_SDSLSLEAK|0.0
P16234|Q68DQ2_KVSLSKVEP|0.0
P16234|Q68DQ2_QAELSPAAS|0.0
P16234|Q68DQ2_KSNISWILP|0.0
P16234|Q68DQ2_MAELSLTNI|0.0
P16234|Q68DQ2_LTNISPKFQ|0.0
P16234|Q68DQ2_MKVNSPFLD|0.0
P16234|Q68DQ2_LEKNSSASE|0.0
P16234|Q68DQ2_NSSASEDSS|0.0
P16234|Q68DQ2_LKVPSVLKL|0.0
P16234|Q68DQ2_KKADTLIGE|0.0
P16234|Q68DQ2_EIFNSVREE|0.0
P16234|Q68DQ2_KPCVSPTVG|0.0
P16234|Q68DQ2_NEIIYVAQE|0.193
P16234|Q68DQ2_EFLVSEQPV|0.0
P16234|Q68DQ2_LYQKSLFSG|0.001
P16234|Q68DQ2_KSLFSGNGS|0.0
P16234|Q68DQ2_DNNKTETED|0.0
P16234|Q68DQ2_NKTETEDRR|0.0
P16234|Q68DQ2_EDRRTLVLN|0.0
P16234|Q68DQ2_NVTKTEPKA|0.0
P16234|Q68DQ2_DIVKTEMTP|0.0
P16234|Q68DQ2_KTEMTPVTV|0.001
P16234|Q68DQ2_AKGFTGNTE|0.015
P16234|Q68DQ2_VIKNTEIVP|0.0
P16234|Q68DQ2_MEKISPEDR|0.0
P16234|Q68DQ2_FESKTPQEY|0.0
P16234|Q68DQ2_RGYESPTLS|0.0
P16234|Q68DQ2_DKRMSLTAI|0.0
P16234|Q68DQ2_LTAIYDKRR|0.098
P16234|Q68DQ2_DSDSSEMFL|0.0
P16234|Q68DQ2_PLALSPIYE|0.0
P16234|Q68DQ2_SSEVSPGHH|0.0
P16234|Q68DQ2_ENQSSSVLS|0.0
P16234|Q68DQ2_LQSVSERLK|0.0
P16234|Q68DQ2_SSLKSAYHQ|0.0
P16234|Q68DQ2_QYLQTSQSH|0.0
P16234|Q68DQ2_RVQDSPGRL|0.0
P16234|Q68DQ2_PGRLSPFIE|0.0
P16234|Q68DQ2_QPAVYIRIK|0.003
P16234|Q68DQ2_GGRDTPGAK|0.0
P16234|P07320_KITLYEDRG|0.454
P16234|Q8WXF5_TIKVYGDGA|0.216
P16234|Q8WXF5_GAAWSPRSF|0.0
P16234|P22914_QGRRYDCDC|0.345
P16234|P22914_ADFHTYLSR|0.0
P16234|P22914_DFHTYLSRC|0.251
P16234|P22914_HTYLSRCNS|0.0
P16234|Q9Y2S2_QVKLYDIEQ|0.441
P16234|Q9Y2S2_CLMPSKLFA|0.02
P16234|Q9Y2S2_NRLQYAIIS|0.275
P16234|Q14894_PAFLSAAEV|0.0
P16234|Q14894_KHRGYLGVM|0.282
P16234|Q14894_AKLIYDSWS|0.438
P16234|Q08257_LKLRSDIAV|0.0
P16234|Q08257_NPVETYIRS|0.295
P16234|Q08257_PVETYIRSG|0.521
P16234|Q08257_DRVFTSSTI|0.0
P16234|Q08257_RVFTSSTIS|0.0
P16234|Q08257_VFTSSTISG|0.0
P16234|Q08257_FTSSTISGG|0.0
P16234|Q08257_ISGGYAEYA|0.401
P16234|Q08257_GYAEYALAA|0.459
P16234|Q08257_IGIPYFTAY|0.529
P16234|Q08257_IPYFTAYRA|0.525
P16234|Q08257_YFTAYRALI|0.341
P16234|Q08257_MAKESSIIG|0.0
P16234|Q08257_IIHGSGATG|0.0
P16234|O95825_LDVGSKVSF|0.111
P16234|O95825_VIDVSNGKV|0.0
P16234|O75390_KGLVYETSV|0.344
P16234|O75390_LVYETSVLD|0.048
P16234|O75390_VYETSVLDP|0.0
P16234|O75390_FRGFSIPEC|0.065
P16234|O75390_FARAYAQGI|0.332
P16234|O75390_AQGISRTKY|0.034
P16234|O75390_KLRDYIWNT|0.305
P16234|O75390_NTLNSGRVV|0.0
P16234|O75390_VAQLYKIVP|0.385
P16234|O75390_ERPKSMSTE|0.0
P16234|O75390_KFVDSKSG_|0.0
P16234|Q9Y600_VIRYSVKTG|0.0
P16234|Q9Y600_YSVKTGHPR|0.189
P16234|Q9Y600_ISNMYAVNL|0.0
P16234|Q6PB30_SSPFSNNHP|0.0
P16234|Q9Y5P2_PRASSPLSN|0.0
P16234|P0DP91_LDHASLEED|0.0
P16234|P0DP91_PAPVTPPAP|0.0
P16234|P16989_GEATTTTTT|0.0
P16234|P16989_VRNGYGFIN|0.423
P16234|P16989_FVHQTAIKK|0.0
P16234|P16989_NPRKYLRSV|0.336
P16234|P16989_RRGYYGRRR|0.433
P16234|P16989_DPPATDRQF|0.299
P16234|P16989_RRPQYRPQY|0.31
P16234|P16989_YRPQYRQRR|0.264
P16234|P16989_RFPPYHVGQ|0.008
P16234|P16989_HVGQTFDRR|0.0
P16234|P16989_FDRRSRVLP|0.0
P16234|P16989_HRNPTYRPR|0.181
P16234|P16989_RNPTYRPRY|0.35
P16234|P16989_PRYRSRGPP|0.191
P16234|P16989_NQQATSGPN|0.0
P16234|P16989_QQATSGPNQ|0.0
P16234|P16989_YRRPYNYRR|0.405
P16234|P16989_PNAPSQDGK|0.0
P16234|P16989_PAPPTQQSS|0.0
P16234|P16989-2_HRNPTYRPR|0.0
P16234|P16989-2_RNPTYRPRY|0.0
P16234|Q9Y534_SESTSPPVV|0.0
P16234|Q9Y534_PPLHSPKSP|0.0
P16234|Q9Y534_HREGSRVWE|0.0
P16234|Q9Y534_TRTYSATAR|0.0
P16234|Q9Y534_IEGEYVPVE|0.0
P16234|O75534____MSFDPN|0.0
P16234|O75534_SPTGSVCYE|0.014
P16234|O75534_GEVFYLTYT|0.433
P16234|O75534_KDTKSKVTL|0.0
P16234|O75534_KGTVSFHSH|0.0
P16234|O75534_VSFHSHSDH|0.0
P16234|O75534_FHSHSDHRF|0.0
P16234|O75534_RFLGTVEKE|0.0
P16234|O75534_SNPKTTSPN|0.001
P16234|O75534_EGSTSPQIG|0.0
P16234|O75534_GYVATLKDN|0.0
P16234|O75534_DPTIYSGKV|0.0
P16234|O75534_RPLRSVDPT|0.0
P16234|O75534_LRRATVECV|0.0
P16234|O75534_GFINYEVGD|0.049
P16234|O75534_GPDNSMGFG|0.0
P16234|P15509_VAPASSLNV|0.0
P16234|P15509_TMNLSWDCQ|0.0
P16234|P15509_CQENTTFSK|0.356
P16234|P15509_QENTTFSKC|0.006
P16234|P15509_FNPPSNVTV|0.035
P16234|P15509_PSNVTVRCN|0.0
P16234|P15509_EEVLTVKEI|0.0
P16234|P15509-5_GMDISASAT|0.0
P16234|P15509-6_KKIGSLGYS|0.0
P16234|P15509-6_GSLGYSGCS|0.0
P16234|P15509-6_SLGYSGCSR|0.0
P16234|P15509-6_YSGCSRQFH|0.0
P16234|P32927_LAPGSRLSG|0.0
P16234|P32927_FQNGSAELW|0.277
P16234|P07333_DYQCSALMG|0.347
P16234|P07333_TYRHTFTLS|0.312
P16234|P07333_RHTFTLSLP|0.013
P16234|P07333_KIIESYEGN|0.126
P16234|P07333_IIESYEGNS|0.475
P16234|P07333_YEGNSYTFI|0.088
P16234|P07333_GNSYTFIDP|0.215
P16234|P07333_FIDPTQLPY|0.482
P16234|P07333_TQLPYNEKW|0.0
P16234|P07333_MLGPSLSPG|0.0
P16234|P07333_GPSLSPGQD|0.005
P16234|P07333_DSGFSSQGV|0.0
P16234|P07333_LLHFSSQVA|0.0
P16234|P07333_VKDGYQMAQ|0.371
P16234|Q9P2E5_RLDQSDEDF|0.0
P16234|Q9P2E5_PNKPYKKVL|0.471
P16234|Q9P2E5_KVLRTRYIQ|0.161
P16234|Q9P2E5_SAFLSAFAV|0.0
P16234|Q9P2E5_GTLMYRLHK|0.429
P16234|Q9P2E5_VQKFSLRDC|0.057
P16234|P0DML2_NMEETQQKS|0.0
P16234|P0DML2_TQQKSNLEL|0.0
P16234|P0DML2_RFLRSMFAN|0.0
P16234|O76021_SAAATGTST|0.0
P16234|O76021_TSTSTPAAP|0.0
P16234|O76021_DALLTHCKS|0.0
P16234|O76021_RKNNYGLLL|0.064
P16234|O76021_TLPHSIRSD|0.0
P16234|O76021_IRSDSEDIC|0.0
P16234|O76021_IKTVSQIIS|0.001
P16234|O76021_LKKEYKSYE|0.389
P16234|O76021_KEYKSYEAK|0.309
P16234|O76021_EYKSYEAKL|0.362
P16234|O76021_LRLLSSFDF|0.0
P16234|O76021_RLLPSLIGR|0.0
P16234|O76021_PIFSSFVSN|0.0
P16234|O76021_WDEATKRSL|0.0
P16234|O76021_RKTASVLSK|0.001
P16234|O76021_ASVLSKDDV|0.0
P16234|O76021_QKHATGKKS|0.007
P16234|O76021_KASHTPKKW|0.0
P16234|O76021_VPQST____|0.0
P16234|P41240____MSAIQA|0.535
P16234|P41240_AAWPSGTEC|0.289
P16234|P41240_CIAKYNFHG|0.417
P16234|P41240_NFHGTAEQD|0.153
P16234|P41240_IPANYVQKR|0.556
P16234|P41240_ERLLYPPET|0.424
P16234|P41240_MYHASKLSI|0.286
P16234|P41240_VMEGTVAAQ|0.575
P16234|P41240_EFYRSGWAL|0.252
P16234|P41240_KLLQTIGKG|0.416
P16234|P41240_SLVDYLRSR|0.432
P16234|P41240_SRGRSVLGG|0.419
P16234|Q96PZ7_RRFQSLLLL|0.0
P16234|Q96PZ7_GIPAYGKRT|0.434
P16234|Q96PZ7_VARLTGSVL|0.0
P16234|Q96PZ7_RLTGSVLPH|0.0
P16234|Q96PZ7_LEGATKLTC|0.0
P16234|Q96PZ7_RRVWSAPLP|0.0
P16234|Q96PZ7_IGNDTRVCQ|0.053
P16234|Q96PZ7_ILVGSSRRV|0.0
P16234|Q96PZ7_LVGSSRRVC|0.0
P16234|Q7Z408_VPAYSIRKG|0.0
P16234|Q7Z408_GERRTWDRP|0.0
P16234|Q7Z408_RPLPTCVAE|0.0
P16234|Q7Z408_HTGESLPLA|0.0
P16234|Q7Z408_PEPRYGKRL|0.017
P16234|Q7Z408_RDAATGGIF|0.0
P16234|Q7Z408_NGKWSLGDS|0.0
P16234|Q7Z408_SLGDSTPTC|0.0
P16234|Q7Z408_LGDSTPTCR|0.0
P16234|Q7Z408_DSTPTCRII|0.0
P16234|Q7Z408_IGKRTLVGN|0.0
P16234|Q7Z408_LVGNSTRMC|0.0
P16234|Q7Z408_VSVLSCTKD|0.0
P16234|Q7Z408_VLVGSPRRF|0.0
P16234|Q7Z408_CQKGYLLQG|0.005
P16234|Q7Z408_KVNATMIDH|0.0
P16234|Q7Z408_MIDHSGVEL|0.0
P16234|Q7Z407_IHRLSEEQR|0.0
P16234|Q7Z407_KDKTTHLLG|0.0
P16234|Q7Z407_FTGASMRGL|0.0
P16234|Q7Z407_LGMDYKLGS|0.0
P16234|Q7Z407_CDAGYVLQG|0.476
P16234|Q7Z407_AWSISVEKG|0.0
P16234|Q7Z407_IVNGSHYEY|0.205
P16234|Q7Z407_NGSHYEYKT|0.0
P16234|Q7Z407_SHYEYKTKV|0.449
P16234|Q7Z407_YEYKTKVVF|0.467
P16234|Q7Z407_SRIRTCTIN|0.0
P16234|Q7Z407_GVMPTCRAV|0.0
P16234|Q7Z407_VTCPTPPQI|0.0
P16234|Q7Z407_PPQISNGRL|0.0
P16234|Q7Z407_PALGTPSPK|0.0
P16234|Q7Z407_LGTPSPKLS|0.0
P16234|P05814_PVLKSPTIP|0.0
P16234|Q8NEV1____MSGPVP|0.0
P16234|Q8NEV1_RARVYTDVN|0.401
P16234|Q8NEV1_ARVYTDVNT|0.383
P16234|Q8NEV1_TDVNTHRPR|0.008
P16234|Q8NEV1_GRGKYSEVF|0.003
P16234|Q8NEV1_RGKYSEVFE|0.125
P16234|Q8NEV1_AINITNNEK|0.0
P16234|Q8NEV1_YQTLTDYDI|0.401
P16234|Q8NEV1_TLTDYDIRF|0.489
P16234|Q8NEV1_VRVASRYFK|0.391
P16234|Q8NEV1_RFVHSENQH|0.0
P16234|Q8NEV1_MEHPYFYTV|0.421
P16234|P13611_QTVRYPIRA|0.0
P16234|P13611_AETASPSLS|0.0
P16234|P13611_SPSLSKEPQ|0.0
P16234|P13611_KYLSTTPFP|0.049
P16234|P13611_TPFPSQHRT|0.0
P16234|P13611_FMGKTEEEV|0.0
P16234|P13611_GMKLSTSLS|0.0
P16234|P13611_HPIDSESKE|0.0
P16234|P13611_IDSESKEDE|0.0
P16234|P13611_GEVGTVNEI|0.0
P16234|P13611_IDRRSTILP|0.0
P16234|P13611_DRRSTILPT|0.0
P16234|P13611_ESETTSEEQ|0.0
P16234|P13611_TTKKTYSDD|0.045
P16234|P13611_VTSTTLIEI|0.0
P16234|P13611_IEILSDTGA|0.0
P16234|P13611_DGQVSGEAI|0.0
P16234|P13611_GAHLTSILS|0.0
P16234|P13611_AHLTSILSH|0.0
P16234|P13611_TSILSHEEQ|0.0
P16234|P13611_QRTYSMKYF|0.001
P16234|O95196_FRTPSELHN|0.513
P16234|O95196_ALAHYDNVI|0.05
P16234|O95196-2_NDDPSAPHK|0.001
P16234|Q1MSJ5_TRARSPEIC|0.184
P16234|Q1MSJ5_AELESDPPY|0.325
P16234|Q1MSJ5_SDPPYMEMK|0.511
P16234|Q1MSJ5_SAKLSENSK|0.0
P16234|Q1MSJ5_LSENSKILI|0.051
P16234|Q1MSJ5_KILISMAKE|0.0
P16234|Q1MSJ5_QTRGSLGID|0.0
P16234|Q1MSJ5_RNKEYNQFL|0.139
P16234|Q1MSJ5_QVEKSTEPK|0.401
P16234|Q1MSJ5_PSEAYEELL|0.377
P16234|Q1MSJ5_ERFRYESDF|0.373
P16234|Q1MSJ5_QDTCSPFAG|0.21
P16234|Q1MSJ5_LKQFSVAPR|0.197
P16234|Q1MSJ5_YDDAYYFYG|0.529
P16234|Q1MSJ5_DDAYYFYGS|0.448
P16234|Q1MSJ5_AYYFYGSRN|0.58
P16234|Q1MSJ5_EMRTYNPWG|0.561
P16234|Q1MSJ5_NIDAYHNPD|0.512
P16234|Q1MSJ5_QTQSSPFAR|0.0
P16234|Q1MSJ5_MRQPSPIVP|0.052
P16234|Q1MSJ5_PSVDSIIRS|0.117
P16234|Q1MSJ5_LSLKSISSV|0.0
P16234|Q1MSJ5_KPINTDDES|0.015
P16234|Q1MSJ5_DDESSLVDP|0.159
P16234|Q1MSJ5-1_RRYLTQERL|0.274
P16234|Q6AZY7_TLGASSQRI|0.0
P16234|Q6AZY7-2_LRGHTLFSH|0.0
P16234|Q6AZY7-2_HTLFSHNRI|0.0
P16234|P21291_VCQKTVYFA|0.408
P16234|P21291_QKTVYFAEE|0.364
P16234|P21291_SFHKSCFLC|0.0
P16234|P21291_GEEIYCKSC|0.415
P16234|P21291_CKSCYGKKY|0.449
P16234|P21291_GPKGYGYGQ|0.305
P16234|P21291_KGYGYGQGA|0.291
P16234|P21291_AGTLSTDKG|0.0
P16234|P21291_DKGESLGIK|0.0
P16234|P21291_HRPTTNPNA|0.256
P16234|P21291_KIGGSERCP|0.0
P16234|P21291_CPRCSQAVY|0.15
P16234|P21291_SQAVYAAEK|0.416
P16234|P21291_KGLESTTLA|0.0
P16234|P21291_DGEIYCKGC|0.145
P16234|P21291_CKGCYAKNF|0.046
P16234|Q16527_DEEIYCKSC|0.437
P16234|Q16527_CKSCYGKKY|0.444
P16234|Q16527_YGKKYGPKG|0.448
P16234|Q16527_GPKGYGYGQ|0.251
P16234|Q16527_KCGKSLEST|0.0
P16234|Q16527_KSLESTTLT|0.0
P16234|Q16527_STTLTEKEG|0.0
P16234|Q9H8E8_FFRFTCSDC|0.0
P16234|Q9H8E8_RFTCSDCSA|0.0
P16234|Q9H8E8_CSDCSADGK|0.0
P16234|Q9H8E8_GKEQYERLK|0.094
P16234|Q9H8E8_RLKLTWQQV|0.0
P16234|Q9H8E8_KLSASTLKI|0.0
P16234|Q9H8E8_LSASTLKIK|0.0
P16234|Q9H8E8_DRSTSSTPV|0.0
P16234|Q9H8E8_STSSTPVKF|0.0
P16234|Q9H8E8_GSVASGPVV|0.0
P16234|Q9H8E8_AVAMTPEAR|0.0
P16234|Q9H8E8_VDGIYGAKE|0.427
P16234|P50461_ACEKTVYHA|0.45
P16234|P50461_EKTVYHAEE|0.34
P16234|P50461_AAHESEIYC|0.226
P16234|P50461_ESEIYCKVC|0.428
P16234|P50461_KGIGYGQGA|0.43
P16234|P50461_QFQQSPKPA|0.0
P16234|P50461_KPARSVTTS|0.001
P16234|P50461_ICGKSLEST|0.0
P16234|P50461_DGELYCKVC|0.203
P16234|P50461_CKVCYAKNF|0.339
P16234|Q70JA7_APGITSFRS|0.0
P16234|Q70JA7_PGITSFRSS|0.0
P16234|Q70JA7_IQYGYRRVN|0.27
P16234|Q70JA7_KAEMTLIPM|0.0
P16234|Q70JA7_STFASTMQL|0.0
P16234|Q9H112_AILLTLMAL|0.0
P16234|P01036_RPLCTLLLL|0.0
P16234|P01036_PGGIYDADL|0.001
P16234|P01036_TEDEYYRRP|0.313
P16234|Q15828__MARSNLPL|0.0
P16234|O76096_KTIKTNDPG|0.0
P16234|O76096_ESRITRALV|0.0
P16234|O76096_KGLKYMLEV|0.411
P16234|O76096_EIGRTTCKK|0.385
P16234|O76096_IGRTTCKKN|0.0
P16234|Q9H4G1_HILNSWKEQ|0.0
P16234|Q9H4G1_KTVFSMELL|0.0
P16234|Q9H4G1_LLNKTCLEG|0.0
P16234|P04080_APSATQPAT|0.0
P16234|P04080_VSFKSQVVA|0.0
P16234|P04080_VVAGTNYFI|0.0
P16234|P04080_AGTNYFIKV|0.0
P16234|P04080_RVFQSLPHE|0.0
P16234|P04080_PLTLSNYQT|0.0
P16234|P04080_HDELTYF__|0.0
P16234|Q9H0L4____MSSLAV|0.0
P16234|Q9H0L4___MSSLAVR|0.0
P16234|Q9H0L4_PIIDSPYGD|0.0
P16234|Q9H0L4_KIHVTPLIP|0.0
P16234|Q9H0L4_IPGKSQSVS|0.0
P16234|Q9H0L4_AGPGSLTPG|0.0
P16234|Q9H0L4_PRGGTLLSV|0.0
P16234|Q9H0L4_GTLLSVTGE|0.0
P16234|Q9H0L4_LLSVTGEVE|0.0
P16234|Q9H0L4_MHHASGHDT|0.0
P16234|Q9H0L4_GPVPSSRGP|0.0
P16234|Q9H0L4_PVPSSRGPM|0.0
P16234|Q9H0L4_RGPMTGGIQ|0.0
P16234|Q9H0L4_QSQVTPQDQ|0.0
P16234|Q12996____MSGDGA|0.0
P16234|Q12996_ARKTYERLV|0.0
P16234|Q12996_AQFPSSGRF|0.0
P16234|Q12996_QFPSSGRFW|0.0
P16234|Q12996_LWKCYLSYV|0.0
P16234|Q12996_CYLSYVRET|0.199
P16234|Q12996_MAQAYDFAL|0.381
P16234|Q12996_MEIMSYQIW|0.0
P16234|Q12996_EIMSYQIWV|0.064
P16234|Q12996_QWEKSNPLR|0.0
P16234|Q12996_AKLFSDEAA|0.0
P16234|Q12996_FMDLYPCSA|0.095
P16234|Q12996_KALGYKDVS|0.364
P16234|Q12996_VVAPSIVPV|0.0
P16234|Q12996_VHDIYRARQ|0.0
P16234|Q05048_TAVQYAIGR|0.001
P16234|Q05048_GSRDYTLKL|0.0
P16234|Q05048_VFNHTEDYV|0.369
P16234|Q05048_RNLLSLGHN|0.0
P16234|P33240_PVIESPYGE|0.0
P16234|P33240_IESPYGETI|0.474
P16234|P33240_PYGETISPE|0.006
P16234|P33240_GETISPEDA|0.0
P16234|P33240_MQRGSLPAN|0.0
P16234|P33240_ANVPTPRGL|0.002
P16234|P33240_PRGGTLLSV|0.0
P16234|P33240_GTLLSVTGE|0.0
P16234|P33240_LLSVTGEVE|0.0
P16234|P33240_EQRQSILIL|0.0
P16234|Q9H6J7_DRHKYSCPP|0.0
P16234|Q9H6J7_KEALSNVQR|0.0
P16234|Q9H6J7_RLTFYGFLM|0.094
P16234|Q9H6J7_SVTASPEAS|0.0
P16234|Q9H6J7_SPEASCLPS|0.0
P16234|Q9H6J7_SCLPSRTPP|0.0
P16234|Q9H6J7_LPSRTPPRV|0.0
P16234|Q9H6J7_PRVGSPWRP|0.0
P16234|Q9H6J7_VDGESDGST|0.0
P16234|Q9H6J7-4_VPTPYHYRW|0.157
P16234|Q9H6J7-4_TPYHYRWEP|0.356
P16234|Q5HYN5_RECDSPSYQ|0.0
P16234|Q5HYN5_GAGDSLIAG|0.0
P16234|Q5HYN5_LIAGSAMSK|0.0
P16234|Q5HYN5_GSAMSKAKK|0.0
P16234|Q5HYN5_VQGPTAVRK|0.0
P16234|Q5DJT8_RECDSPSYQ|0.0
P16234|Q5DJT8_VQGPTAVRK|0.0
P16234|P0DMU9_RECDSPSYQ|0.0
P16234|Q8NHU0_RECDSPSYQ|0.0
P16234|Q8NHU0_GAGDSLIAG|0.0
P16234|Q8NHU0_LIAGSAMSK|0.0
P16234|Q8NHU0_GSAMSKEKK|0.0
P16234|Q8NHU0_RETASSPKS|0.0
P16234|Q8NHU0_SSPKSQREI|0.0
P16234|Q8NHU0_VQGPTAVRK|0.0
P16234|P0DMU8_RECDSPSYQ|0.0
P16234|P0DMU8_VQGPTAVRK|0.0
P16234|P0DMU7_RECDSPSYQ|0.0
P16234|P0DMV0_RECDSPSYQ|0.0
P16234|P0DMV1_RECDSPSYQ|0.0
P16234|P0DMV2_RECDSPSYQ|0.0
P16234|Q8WUE5_DKPHYGLRA|0.0
P16234|P0C5K7_RKFCSHSSE|0.0
P16234|P0C5K7_FCSHSSEDM|0.0
P16234|P0C5K7_CSHSSEDMS|0.0
P16234|P0C5K7_SEDMSKMVS|0.0
P16234|P78358_AARASGPGG|0.0
P16234|P78358_GNILTIRLT|0.0
P16234|O75638_WGLGSASPE|0.0
P16234|O75638_LGSASPEGQ|0.0
P16234|O75638_QRPGTPGPP|0.0
P16234|Q96RT6_RSFRSVTSR|0.0
P16234|Q96RT6_TEAQSLEAT|0.0
P16234|Q96RT6_ELETYRKRA|0.058
P16234|Q96RT6_GRQHSPYGP|0.108
P16234|Q96RT6_PYGPSPLGW|0.0
P16234|Q96RT6_RGESSCDRL|0.0
P16234|Q96RT6_CDRLTDPHR|0.0
P16234|Q96RT6_CARLSGPAE|0.0
P16234|Q96RT6_AELRSFNMP|0.0
P16234|Q96RT6_FNMPSLDKM|0.0
P16234|Q96RT6_KMDGSMPSE|0.0
P16234|Q96RT6_GSMPSEMES|0.0
P16234|Q96RT6_SEMESSRND|0.0
P16234|Q96RT6_EMESSRNDT|0.0
P16234|A4D2H0_RSFRSVRSR|0.0
P16234|A4D2H0_RSRLYVGRE|0.0
P16234|A4D2H0_NRSNSELED|0.0
P16234|A4D2H0_NHIKTLTGH|0.0
P16234|A4D2H0_IKTLTGHLP|0.0
P16234|A4D2H0_VEENYRIEE|0.0
P16234|A4D2H0_SEMESSRND|0.0
P16234|A4D2H0_EMESSRNDA|0.0
P16234|A4D2H0_NVPDSSLPA|0.0
P16234|Q8IX94_RSFRSVRSR|0.0
P16234|Q8IX94_RSRLYVGRE|0.0
P16234|Q8IX94_KLNRSNSEL|0.0
P16234|Q8IX94_NRSNSELED|0.0
P16234|Q8IX94_NHIKTLTGH|0.0
P16234|Q8IX94_IKTLTGHLP|0.0
P16234|Q8IX94_KLNVSLKSL|0.0
P16234|Q8IX94_YRKLTVEEN|0.232
P16234|Q8IX94_VEENYRIEE|0.0
P16234|Q8IX94_ISRATEGLE|0.0
P16234|Q8IX94_GLETYRKLA|0.079
P16234|Q8IX94_TVHFYQKQV|0.288
P16234|Q8IX94_RSMPSEMES|0.0
P16234|Q8IX94_NVPDSSLPA|0.0
P16234|Q86UF2_RSFRSVRSR|0.0
P16234|Q86UF2_RSRLYVGRE|0.0
P16234|Q86UF2_EEARSLEAT|0.0
P16234|Q86UF2_SLEATCEKL|0.0
P16234|Q86UF2_KLNRSNSEL|0.0
P16234|Q86UF2_NRSNSELED|0.0
P16234|Q86UF2_NHIKTLTGH|0.0
P16234|Q86UF2_IKTLTGHLP|0.0
P16234|Q86UF2_KLNVSLKSL|0.0
P16234|Q86UF2_YRKLTVEEN|0.069
P16234|Q86UF2_VEENYRIEE|0.0
P16234|Q86UF2_TVHFYQKQV|0.201
P16234|Q86UF2_DHQITNERG|0.0
P16234|Q86UF2_KMDGSMPSE|0.0
P16234|Q86UF2_GSMPSEMES|0.0
P16234|Q86UF2_SEMESSRND|0.0
P16234|Q86UF2_EMESSRNDA|0.0
P16234|Q86UF2_NVPDSSLPA|0.0
P16234|P0CG41_RSFRSVRSR|0.0
P16234|P0CG41_RSRLYVGRE|0.0
P16234|P0CG41_KLNRSNSEL|0.0
P16234|P0CG41_NRSNSELED|0.0
P16234|P0CG41_NHIKTLTGH|0.0
P16234|P0CG41_IKTLTGHLP|0.0
P16234|P0CG41_KLNVSLKSL|0.0
P16234|P0CG41_YRKLTVEEN|0.298
P16234|P0CG41_VEENYRIEE|0.005
P16234|P0CG41_ISRATEGLE|0.0
P16234|P0CG41_GLETYRKLA|0.178
P16234|P0CG41_RSMPSEMES|0.0
P16234|P0CG41_NVPDSSLPA|0.0
P16234|A4FU28_RSFRSVRSR|0.0
P16234|A4FU28_RSRLYVGRE|0.0
P16234|A4FU28_KLSRSNSEL|0.0
P16234|A4FU28_SRSNSELED|0.0
P16234|A4FU28_NHIKTLTGH|0.0
P16234|A4FU28_IKTLTGHLP|0.0
P16234|A4FU28_KLNVSLKSL|0.0
P16234|A4FU28_YRKLTVEEN|0.092
P16234|A4FU28_VEENYRIEE|0.0
P16234|A4FU28_ELETYRKLA|0.053
P16234|A4FU28_RSMPSEMES|0.0
P16234|A4FU28_NVPDSSLPA|0.0
P16234|Q13363_GALMYHTIT|0.421
P16234|Q13363-2_TRVQSVEQI|0.0
P16234|P56545_IGSGYDNVD|0.001
P16234|P56545_FFVTSAPWS|0.0
P16234|P56545_SAPWSVIDQ|0.0
P16234|P56545-2_TFYDSRQAV|0.018
P16234|P56545-2_QAVMSGRSP|0.0
P16234|P56545-2_EQPDTRYGA|0.0
P16234|P56545-2_PDTRYGAEV|0.0
P16234|P56545-2_LNRGYGPAR|0.0
P16234|P56545-2_ESIPSKMAY|0.0
P16234|P56545-2_SKMAYETYE|0.177
P16234|Q01459_WRLVSSPPS|0.081
P16234|Q01459_NCLDYSGDA|0.022
P16234|Q01459_CLDYSGDAV|0.007
P16234|Q2NKJ3_PPGASPEVP|0.0
P16234|Q2NKJ3_TRLGSTCPT|0.038
P16234|Q2NKJ3_STCPTQTAI|0.0
P16234|Q2NKJ3_CPTQTAISQ|0.0
P16234|P49711_KDPDYQPPA|0.328
P16234|P49711_DVDVSVYDF|0.168
P16234|P49711_DVSVYDFEE|0.36
P16234|P49711_RHMKSHTDE|0.0
P16234|P49711_RAFRTVTLL|0.204
P16234|P49711_FRTVTLLRN|0.008
P16234|P49711_THTGTRPHK|0.001
P16234|P49711_PFQCSLCSY|0.324
P16234|P49711_KQHSYIEQG|0.048
P16234|P49711_MHKRTHTGE|0.0
P16234|P49711_PYACSHCDK|0.234
P16234|P49711_HFKRYHDPN|0.236
P16234|P49711_AFVCSKCGK|0.05
P16234|P49711_PQPVTPAPP|0.0
P16234|P49711_QPAATDAPN|0.187
P16234|P49711_EMILSMMDR|0.0
P16234|Q9Y5B0_ELMVSSEQA|0.0
P16234|Q9Y5B0_LMVSSEQAE|0.0
P16234|Q9Y5B0_IAKLYELHV|0.0
P16234|Q9Y5B0_SEAATPRDS|0.0
P16234|Q9Y5B0_TKSSSSASD|0.0
P16234|Q9Y5B0_KSSSSASDG|0.0
P16234|Q9Y5B0_SSSASDGES|0.0
P16234|Q9Y5B0_SDGESEGKR|0.0
P16234|Q9Y5B0_EVRIYDSNT|0.0
P16234|Q9Y5B0_QPSMSETMP|0.0
P16234|Q9Y5B0_SMSETMPLY|0.0
P16234|Q9Y5B0_TMPLYTLCK|0.0
P16234|Q9Y5B0_EDLESMDKE|0.0
P16234|Q9Y5B0_SSRESSNED|0.0
P16234|Q9Y5B0_SRESSNEDE|0.0
P16234|Q9Y5B0_DEGSSSEAD|0.0
P16234|Q9Y5B0-4_SRRRSPSPG|0.0
P16234|Q9Y5B0-4_RRSPSPGSQ|0.0
P16234|Q9Y5B0-4_PSPGSQGPA|0.0
P16234|Q9Y5B0-4_GPAGSGRSG|0.0
P16234|Q9GZU7_IPKQTPVQY|0.09
P16234|Q9GZU7_LFRESCVFH|0.0
P16234|Q9GZU7_HRGNYVKDL|0.0
P16234|Q9GZU7_FEQLSRVDD|0.0
P16234|Q9GZU7_VDDVYSVLR|0.201
P16234|Q9GZU7_DDVYSVLRQ|0.377
P16234|O15194_QCNVSLKKQ|0.315
P16234|O15194_IPIPSPPAK|0.0
P16234|O15194_PPAKYLLPE|0.041
P16234|O15194_LFRESCVFH|0.0
P16234|O15194_HRGNYVKDL|0.027
P16234|O15194_EDDVYSMLH|0.349
P16234|O15194_DDVYSMLHR|0.12
P16234|Q05D32_TRKASQQSN|0.0
P16234|Q05D32_ASQQSNQIQ|0.0
P16234|Q05D32_NQIQTQRTA|0.0
P16234|Q05D32_DSLPSGGEK|0.0
P16234|Q05D32_GEKPSKNET|0.0
P16234|Q05D32_FIKGSTPKE|0.0
P16234|Q05D32_IKGSTPKEE|0.0
P16234|Q05D32_RENPSKRSR|0.0
P16234|Q05D32_GEAGSYEMT|0.0
P16234|Q05D32_EAGSYEMTN|0.0
P16234|Q05D32_SYEMTNQHV|0.09
P16234|Q05D32_EDNPSSGSP|0.0
P16234|Q05D32_GTIFSPVFN|0.0
P16234|Q05D32_FNFFSPANK|0.0
P16234|Q05D32_NKNGTSGSD|0.0
P16234|Q05D32_GTSGSDSPG|0.0
P16234|Q16619_RREGSLEDP|0.0
P16234|Q8WVB6_EGASTPSPS|0.0
P16234|Q8WVB6_ASTPSPSGV|0.0
P16234|Q8WVB6_QPAGSLPHA|0.0
P16234|Q8WVB6_SDDRSPEVF|0.0
P16234|Q8WVB6_PAVPSGGGR|0.0
P16234|Q8WVB6_AVRRSLYIR|0.0
P16234|Q8WVB6-2_EASGSLHVS|0.0
P16234|Q8WVB6-2_SLHVSPPAP|0.0
P16234|P29279_ESFQSSCKY|0.277
P16234|P29279_SSCKYQCTC|0.488
P16234|P29279_VRLPSPDCP|0.0
P16234|P29279_MGISTRVTN|0.0
P16234|P29279_STRVTNDNA|0.282
P16234|P29279_LEKQSRLCM|0.0
P16234|P29279_MFIKTCACH|0.0
P16234|P29279_FESLYYRKM|0.296
P16234|Q5VW22_SNLFTSEKG|0.0
P16234|Q5VW22_WKKKYVTLC|0.393
P16234|Q5VW22_GMLTYYSSL|0.259
P16234|Q5VW22_MLTYYSSLG|0.411
P16234|Q5VW22_SLGDYMKNI|0.153
P16234|Q5VW22_IDLQTSTIK|0.0
P16234|Q5VW22_QAIQSQILA|0.0
P16234|Q5VUJ5_SNLFTSEKG|0.0
P16234|Q5VUJ5_WKKKYVTLC|0.383
P16234|Q5VUJ5_SLGDYMKYI|0.407
P16234|Q5VUJ5_IDLQTSTIK|0.0
P16234|Q5VUJ5_GKWPSLATL|0.0
P16234|Q5VUJ5_PSLATLACT|0.0
P16234|Q5VUJ5_SDGLSKDMD|0.0
P16234|Q5VUJ5_QAIQSQILA|0.0
P16234|Q5VUJ5_SQGRTKPTE|0.0
P16234|Q5VUJ5_RTKPTEKST|0.0
P16234|Q5VTM2_SNLFTSEKG|0.0
P16234|Q5VTM2_WKKKYVTLC|0.24
P16234|Q5VTM2_SLGDYMKNI|0.0
P16234|P32929_PGQHSGFEY|0.172
P16234|P32929_SGFEYSRSG|0.019
P16234|P32929_GGFESLAEL|0.0
P16234|P32929_PAIMTHASV|0.0
P16234|Q96CG8_GDASTGWNS|0.0
P16234|O43310_SSAASASSE|0.0
P16234|O43310_AASASSEAG|0.0
P16234|O43310_DHQKSYQGG|0.3
P16234|O43310_KLEDTAGDT|0.0
P16234|O43310_DTGHSSLEA|0.0
P16234|O43310_RSPDTLAPV|0.0
P16234|O43310_KRKDSILPE|0.02
P16234|Q99708_SADTSSDFK|0.0
P16234|Q99708_ADTSSDFKD|0.0
P16234|Q99708_SLRFSDSTS|0.0
P16234|Q99708_EELPTRVSS|0.0
P16234|Q99708_DLNTSLSPS|0.0
P16234|Q99708_KHLKTLPFS|0.0
P16234|Q99708_EQNRTEYGK|0.048
P16234|Q99708_NRTEYGKDS|0.001
P16234|Q99708_YGKDSNTDK|0.002
P16234|Q99708_EPLKSLGGR|0.0
P16234|Q99708_KRKKTEEES|0.0
P16234|Q99708_QVTLYEALK|0.319
P16234|Q99708_SRKASDGNC|0.0
P16234|Q99708_GEPCSQECI|0.0
P16234|Q99708_NQDVSFENI|0.0
P16234|P42679_LPRVSPRFL|0.0
P16234|P42679_GDVVTILEA|0.0
P16234|P42679_CENKSWYRV|0.479
P16234|P42679_NKSWYRVKH|0.429
P16234|P42679_MEHVSKGNL|0.444
P16234|P42679-2_PRRGTRGQQ|0.0
P16234|P42679-2_QLLVSPRFL|0.0
P16234|P16410_RGIASFVCE|0.0
P16234|P16410_FVCEYASPG|0.287
P16234|P35221____MTAVHA|0.0
P16234|P35221_TQVTTLVNT|0.0
P16234|P35221_TLVNTNSKG|0.0
P16234|P35221_VNTNSKGPS|0.03
P16234|P35221_IAKESQFLK|0.0
P16234|P35221_DPCSSVKRG|0.0
P16234|P35221_MADVYKLLV|0.499
P16234|P35221_VPILYTASQ|0.011
P16234|P35221_PILYTASQA|0.006
P16234|P35221_DVAAYKANR|0.449
P16234|P35221_RDLIYKQLQ|0.198
P16234|P35221_GELAYALNN|0.537
P16234|P35221_RFRPSLEER|0.0
P16234|P35221_ERLESIISG|0.0
P16234|P35221_MADSSCTRD|0.0
P16234|P35221_RKERSDALN|0.0
P16234|P35221_DALNSAIDK|0.0
P16234|P35221_IDKMTKKTR|0.105
P16234|P35221_HVSDSFLET|0.0
P16234|P35221_EVKEYAQVF|0.003
P16234|P35221_NLACSISNN|0.0
P16234|P35221_LVRMSASQL|0.0
P16234|P35221_RMSASQLEA|0.0
P16234|P35221_AKPQSKLAQ|0.0
P16234|P35221_VDDITSIDD|0.0
P16234|P35221_DDITSIDDF|0.0
P16234|P35221_GLDRTAGAI|0.004
P16234|P35221_EMDNYEPGV|0.409
P16234|P35221_IAGQSARAI|0.0
P16234|P35221_EQVASFQEE|0.0
P16234|P35221_QEEKSKLDA|0.0
P16234|P35221_SDVISAAKK|0.0
P16234|P35221_AEAGSRMDK|0.0
P16234|P35221_HCPDSACKQ|0.02
P16234|P35221_DLLAYLQRI|0.001
P16234|P35221_VKASYVAST|0.317
P16234|P35221_KYQKSQGMA|0.127
P16234|P35221_LPAVSWKMK|0.003
P16234|P35221_IKRASQKKH|0.0
P16234|P35221_VQALSEFKA|0.0
P16234|P35221_KAMDSI___|0.0
P16234|P26232_TLVNTSNKG|0.0
P16234|P26232_LVNTSNKGP|0.0
P16234|P26232_MRLLSHLKI|0.0
P16234|P26232_RFRPSLEER|0.001
P16234|P26232_ERLESIISG|0.0
P16234|P26232_MADSSCTRD|0.0
P16234|P26232_EVKEYAQVF|0.013
P16234|P26232_GDVDTLDRT|0.047
P16234|P26232_YDVRSRTSV|0.0
P16234|P26232_VRSRTSVQT|0.0
P16234|P26232_RSRTSVQTE|0.0
P16234|P26232_TSVQTEDDQ|0.0
P16234|P26232_IAGQSARAI|0.0
P16234|P26232_PLKNTSDVI|0.0
P16234|P26232_LKNTSDVIN|0.06
P16234|P26232_AEAGSRMDK|0.0
P16234|P26232_DLLAYLQRI|0.005
P16234|P26232_KKHISPVQA|0.0
P16234|P26232_VQALSEFKA|0.0
P16234|Q9UI47_ENLDYLAFK|0.218
P16234|Q9UI47_DDITSIDDF|0.0
P16234|Q9UI47_AHIVTGEMD|0.0
P16234|Q9UI47_SKKIYDTIH|0.01
P16234|Q9UI47_RSHTSIQTE|0.0
P16234|Q9UI47_TEGKTDRAK|0.0
P16234|Q9UI47_RAKMTQLPE|0.0
P16234|Q9UI47_IRIQSPAGP|0.0
P16234|Q9UI47_GRQIY____|0.113
P16234|Q9UBT7_SVEQTLLPL|0.0
P16234|Q9UBT7_NTKKSDKTL|0.0
P16234|Q9UBT7_MMLLTASKT|0.0
P16234|Q9UBT7_LLTASKTCL|0.0
P16234|Q9UBT7_ALAEYACKL|0.137
P16234|Q9UBT7_RGEKYGYLS|0.004
P16234|Q9UBT7_EKYGYLSLP|0.149
P16234|Q9UBT7_KLTSSVQAF|0.0
P16234|P35222_APSLSGKGN|0.0
P16234|P35222_GFSQSFTQE|0.0
P16234|P35222_MQIPSTQFD|0.028
P16234|P35222_LAEPSQMLK|0.009
P16234|P35222_KKEASRHAI|0.0
P16234|P35222_PQMVSAIVR|0.0
P16234|P35222_LHNLSHHRE|0.0
P16234|P35222_LAITTDCLQ|0.0
P16234|P35222_SVCSSNKPA|0.46
P16234|P35222_GLHLTDPSQ|0.0
P16234|P35222_LTDPSQRLV|0.0
P16234|P35222_NCLWTLRNL|0.016
P16234|P35222_REDITEPAI|0.0
P16234|P35222_LIKATVGLI|0.0
P16234|P35222_AHQDTQRRT|0.0
P16234|P35222_ELLHSRNEG|0.0
P16234|P35222_EGVATYAAA|0.0
P16234|P35222_SVELTSSLF|0.0
P16234|P35222_VELTSSLFR|0.0
P16234|P35222_DDPSYRSFH|0.409
P16234|P35222_RSFHSGGYG|0.099
P16234|P35222_HSGGYGQDA|0.213
P16234|P35222_PGADYPVDG|0.317
P16234|Q9NSA3_APGKSPEEM|0.0
P16234|Q9NSA3_PEEMYIQQK|0.0
P16234|Q9NSA3_RKMGSNLTA|0.0
P16234|Q8WYA6_EEEMTVVEE|0.001
P16234|Q8WYA6_PLDESSVKK|0.0
P16234|Q8WYA6_LDESSVKKM|0.0
P16234|Q8WYA6_KKVGTTEKE|0.0
P16234|Q8WYA6_KVGTTEKEH|0.0
P16234|Q8WYA6_IDNDTEEEF|0.0
P16234|Q8WYA6_IIKEYAENI|0.569
P16234|O60716_FEKLTRALE|0.006
P16234|O60716_RRHVSAQLE|0.0
P16234|O60716_NGTLTRRHQ|0.0
P16234|O60716_RQKFSDLKL|0.0
P16234|O60716_HLLYSTIPR|0.0
P16234|O60716_LLYSTIPRM|0.002
P16234|O60716_SVETSDDGT|0.0
P16234|O60716_SDDGTTRRT|0.0
P16234|O60716_DDGTTRRTE|0.087
P16234|O60716_KVVKTVTTR|0.0
P16234|O60716_VKTVTTRTV|0.0
P16234|O60716_VTTRTVQPV|0.0
P16234|O60716_PVDASSVSN|0.0
P16234|O60716_VDASSVSNN|0.364
P16234|O60716_ASSVSNNYI|0.0
P16234|O60716_NYIQTLGRD|0.0
P16234|O60716_GPGPYVGQA|0.452
P16234|O60716_GQAGTATLP|0.093
P16234|O60716_AGTATLPRN|0.0
P16234|O60716_PDGYSRHYE|0.039
P16234|O60716_LSRVTRIEE|0.0
P16234|O60716_IEERYRPSM|0.088
P16234|O60716_SMEGYRAPS|0.382
P16234|O60716_TGTPSDPRR|0.0
P16234|O60716_EEVPSDQYY|0.231
P16234|O60716_SDQYYWAPL|0.406
P16234|O60716_NAAAYLQHL|0.425
P16234|O60716_QHLCYRNDK|0.263
P16234|O60716_DMDLTEVIT|0.0
P16234|O60716_RNVSSERSE|0.0
P16234|O60716_SSERSEARR|0.0
P16234|O60716_RNLSYQVHR|0.141
P16234|O60716_QAERYQEAA|0.025
P16234|O60716_VANNTGPHA|0.001
P16234|O60716_PANDTVDFP|0.0
P16234|O60716_FPKRTSPAR|0.0
P16234|O60716_PKRTSPARG|0.0
P16234|O60716_PARGYELLF|0.067
P16234|O60716_VVRIYISLL|0.359
P16234|O60716_RIYISLLKE|0.0
P16234|O60716_EKALSAIAD|0.0
P16234|O60716_VKAASGALR|0.0
P16234|O60716_FSEDTVISI|0.0
P16234|O60716_DTVISILNT|0.0
P16234|O60716_KLRETQGIE|0.0
P16234|O60716_SNTKSLDNN|0.002
P16234|O60716_DNNYSTPNE|0.008
P16234|O60716_GQVSYPSMQ|0.35
P16234|O60716_VSYPSMQKI|0.0
P16234|O60716-22_SDNNYSTPN|0.0
P16234|O60716-3_SHLLYSTIP|0.01
P16234|O60716-3_VSNNYIQTL|0.17
P16234|O60716-3_GPGPYVGQA|0.398
P16234|O60716-3_PPDGYSRHY|0.23
P16234|O60716-3_YSRHYEDGY|0.256
P16234|O60716-3_YEDGYPGGS|0.275
P16234|O60716-3_IEERYRPSM|0.001
P16234|O60716-3_SMEGYRAPS|0.287
P16234|O60716-3_YRAPSRQDV|0.001
P16234|O60716-3_RQDVYGPQP|0.106
P16234|O60716-3_HPEPYGLED|0.0
P16234|O60716-3_DDLDYGMMS|0.313
P16234|O60716-3_MMSDYGTAR|0.127
P16234|O60716-3_TARRTGTPS|0.0
P16234|O60716-3_RRTGTPSDP|0.0
P16234|O60716-3_EEVPSDQYY|0.01
P16234|O60716-3_PSDQYYWAP|0.252
P16234|O60716-3_SDQYYWAPL|0.357
P16234|O60716-3_QAERYQEAA|0.0
P16234|O60716-3_SSHSYDDST|0.088
P16234|O60716-3_LDNNYSTPN|0.015
P16234|O60716-3_LKGTTPLMQ|0.0
P16234|O60716-4_SHLLYSTIP|0.0
P16234|O60716-4_VSNNYIQTL|0.115
P16234|O60716-4_GPGPYVGQA|0.399
P16234|O60716-4_PPDGYSRHY|0.167
P16234|O60716-4_YSRHYEDGY|0.208
P16234|O60716-4_YEDGYPGGS|0.246
P16234|O60716-4_GSDNYGSLS|0.159
P16234|O60716-4_IEERYRPSM|0.0
P16234|O60716-4_SMEGYRAPS|0.244
P16234|O60716-4_YRAPSRQDV|0.0
P16234|O60716-4_RQDVYGPQP|0.036
P16234|O60716-4_HPEPYGLED|0.0
P16234|O60716-4_RSMGYDDLD|0.039
P16234|O60716-4_DDLDYGMMS|0.28
P16234|O60716-4_MMSDYGTAR|0.069
P16234|O60716-4_TARRTGTPS|0.0
P16234|O60716-4_RRTGTPSDP|0.0
P16234|O60716-4_RRLRSYEDM|0.0
P16234|O60716-4_RLRSYEDMI|0.002
P16234|O60716-4_EEVPSDQYY|0.001
P16234|O60716-4_PSDQYYWAP|0.211
P16234|O60716-4_SDQYYWAPL|0.358
P16234|O60716-4_QAERYQEAA|0.0
P16234|O60716-4_SSHSYDDST|0.026
P16234|O60716-4_SDNNYSTPN|0.0
P16234|O60716-4_NNYSTPNER|0.0
P16234|O60716-4_GQVSYPSMQ|0.194
P16234|Q9UQB3_NGDGSETET|0.0
P16234|Q9UQB3_ATGQSFSQG|0.0
P16234|Q9UQB3_PRGGSPLAA|0.0
P16234|Q9UQB3_PQGGSPTKL|0.0
P16234|Q9UQB3_QRGGSAPEG|0.0
P16234|Q9UQB3_EGATYAAPR|0.083
P16234|Q9UQB3_APRGSSPKQ|0.0
P16234|Q9UQB3_KQSPSRLAK|0.0
P16234|Q9UQB3_ASEQYSKHS|0.069
P16234|Q9UQB3_SQELYATAT|0.336
P16234|Q9UQB3_SRASYSSQH|0.359
P16234|Q9UQB3_RALQSPEHH|0.0
P16234|Q9UQB3_IDPIYEDRV|0.037
P16234|Q9UQB3_TAPSSPGVD|0.0
P16234|Q9UQB3_FQRASYAAG|0.0
P16234|Q9UQB3_AGPASNYAD|0.0
P16234|Q9UQB3_PASNYADPY|0.519
P16234|Q9UQB3_YADPYRQLQ|0.246
P16234|Q9UQB3_RQLQYCPSV|0.401
P16234|Q9UQB3_QYCPSVESP|0.0
P16234|Q9UQB3_PSVESPYSK|0.099
P16234|Q9UQB3_VESPYSKSG|0.343
P16234|Q9UQB3_ESPYSKSGP|0.0
P16234|Q9UQB3_TLARSPSID|0.0
P16234|Q9UQB3_ARSPSIDSI|0.0
P16234|Q9UQB3_PSIDSIQKD|0.0
P16234|Q9UQB3_LIGKYAMRD|0.32
P16234|Q9UQB3_GDKHSPKVV|0.325
P16234|Q9UQB3_ASSSTIERD|0.0
P16234|Q9UQB3_TPSISPVRV|0.0
P16234|Q9UQB3_PVRVSPNNR|0.0
P16234|Q9UQB3_NRSASAPAS|0.0
P16234|Q9UQB3_RKTDYECTG|0.458
P16234|Q9UQB3_SNATYHGAK|0.223
P16234|Q9UQB3_TGISTLYRN|0.0
P16234|Q9UQB3_LYRNSYGAP|0.0
P16234|Q9UQB3_SRKDYETYQ|0.495
P16234|Q9UQB3_DYETYQPFQ|0.378
P16234|Q9UQB3_LGLKSTGNY|0.001
P16234|Q9UQB3_STGNYVDFY|0.187
P16234|Q9UQB3_YVDFYSAAR|0.328
P16234|Q9UQB3_AARPYSELN|0.0
P16234|Q9UQB3_ETSHYPASP|0.282
P16234|P14923_EWQQTYTYD|0.439
P16234|P14923_QQTYTYDSG|0.504
P16234|P14923_YTYDSGIHS|0.069
P16234|P14923_CGRQYTLKK|0.327
P16234|P14923_GRQYTLKKT|0.399
P16234|P14923_TLKKTTTYT|0.184
P16234|P14923_LKKTTTYTQ|0.362
P16234|P14923_KKTTTYTQG|0.411
P16234|P14923_KTTTYTQGV|0.465
P16234|P14923_TTTYTQGVP|0.294
P16234|P14923_GVPPSQGDL|0.0
P16234|P14923_GDLEYQMST|0.329
P16234|P14923_EYQMSTTAR|0.409
P16234|P14923_CPGVSGEDS|0.0
P16234|P14923_LLLATQVEG|0.0
P16234|P14923_AELATRALP|0.012
P16234|P14923_PVVVTKAAM|0.0
P16234|P14923_VNQLSKKEA|0.0
P16234|P14923_TMQNTSDLD|0.0
P16234|P14923_MQNTSDLDT|0.011
P16234|P14923_KTLVTQNSG|0.0
P16234|P14923_LRHLTSRHP|0.0
P16234|P14923_VRLNYGIPA|0.239
P16234|P14923_VAAGTQQPY|0.313
P16234|P14923_QQPYTDGVR|0.031
P16234|P14923_VEGCTGALH|0.0
P16234|P14923_LLYSSVENI|0.0
P16234|P14923_SVELTNSLF|0.0
P16234|P14923_ELTNSLFKH|0.047
P16234|P14923_MDATYRPMY|0.429
P16234|P14923_MDGDYPIDT|0.396
P16234|P14923_YPIDTYSDG|0.076
P16234|P14923_PIDTYSDGL|0.0
P16234|O60931_AWSISFYPQ|0.304
P16234|O60931_SISFYPQVI|0.245
P16234|O60931-2_TGSGSRLRQ|0.0
P16234|O60931-2_VSASSLKG_|0.0
P16234|P17812_GGVISGIGK|0.0
P16234|P17812_IIASSVGTI|0.0
P16234|P17812_TFSPYEHGE|0.152
P16234|P17812_TGKIYQYVI|0.497
P16234|P17812_KIYQYVINK|0.4
P16234|P17812_GLGLSPDLV|0.0
P16234|P17812_KEKISMFCH|0.212
P16234|P17812_GVVDYFLRR|0.412
P16234|P17812_LVGKYTKFS|0.143
P16234|P17812_LEPITSQEE|0.001
P16234|P17812_EPITSQEEP|0.0
P16234|P17812_FDPTTSHPV|0.001
P16234|P17812_QMGGTMRLG|0.026
P16234|P17812_GDADYLEER|0.475
P16234|P17812_VGRLSHYLQ|0.052
P16234|Q9NRF8_GGVISGIGK|0.0
P16234|Q9NRF8_TFSPYEHGE|0.0
P16234|Q9NRF8_QLSATGEQK|0.0
P16234|Q9NRF8_LEEQSIVKY|0.02
P16234|Q9NRF8_PIGDSASNL|0.0
P16234|Q9NRF8_LNLMYIDSI|0.0
P16234|Q9NRF8_GIRGTLGKL|0.0
P16234|Q9NRF8_GCKLSSSDR|0.0
P16234|P17538_GSLISEDWV|0.0
P16234|Q6GPI1_GSLISEDWV|0.0
P16234|Q6GPI1_RTCSTTTPA|0.0
P16234|Q6GPI1_TCSTTTPAV|0.393
P16234|Q6GPI1_TPAVYARVA|0.34
P16234|P40313_AQYTTRISP|0.0
P16234|P10619_YEKDTVVVQ|0.075
P16234|P10619_WLVKYGDSG|0.002
P16234|P10619_LAAFTMFSR|0.0
P16234|P10619_FTMFSRFLN|0.0
P16234|P07858_ELVNYVNKR|0.422
P16234|P07858_KGLVSGGLY|0.088
P16234|P07858_SGGLYESHV|0.16
P16234|P07858_CEPGYSPTY|0.062
P16234|P07858_YSPTYKQDK|0.299
P16234|P07858_MAEIYKNGP|0.0
P16234|P53634_KVVVYLQKL|0.392
P16234|P53634_SENVYVNIA|0.383
P16234|P53634_RNQASCGSC|0.0
P16234|P53634_ASCGSCYSF|0.152
P16234|P53634_YSSEYHYVG|0.418
P16234|P53634_SEYHYVGGF|0.416
P16234|P53634_VGGFYGGCN|0.45
P16234|P53634_KKGIYHHTG|0.145
P16234|P53634_CAIESIAVA|0.0
P16234|P07339_RRTMSEVGG|0.238
P16234|P07339_EVGGSVEDL|0.187
P16234|P07339_MLGGTDSKY|0.144
P16234|P07339_IQGEYMIPC|0.335
P16234|P07339_CEKVSTLPA|0.0
P16234|P07339_EKVSTLPAI|0.298
P16234|P07339_LPAITLKLG|0.325
P16234|P07339_GGKGYKLSP|0.298
P16234|P07339_SPEDYTLKV|0.494
P16234|P07339_IGRYYTVFD|0.426
P16234|P14091_EAQGSLHRV|0.0
P16234|Q9UBX1_LHRGSGACG|0.008
P16234|P08311_TRVSSFLPW|0.0
P16234|P09668_IKHKYLWSE|0.129
P16234|P09668_PQNCSATKS|0.069
P16234|P09668_MGEDTYPYQ|0.429
P16234|P09668_GEDTYPYQG|0.437
P16234|P43235_VGPVSVAID|0.0
P16234|P43235_FQFYSKGVY|0.298
P16234|P07711_VANDTGFVD|0.018
P16234|P07711_DNNKYWLVK|0.42
P16234|P07711_LVKNSWGEE|0.0
P16234|P07711_GMGGYVKMA|0.756
P16234|P07711_ASAASYPTV|0.503
P16234|O60911_QWKATHRRL|0.0
P16234|P43234_GIADSVSSI|0.0
P16234|P25774_LVDCSTEKY|0.0
P16234|P25774_STEKYGNKG|0.141
P16234|P25774_KGIDSDASY|0.0
P16234|P25774_QKCQYDSKY|0.418
P16234|P25774_CQYDSKYRA|0.434
P16234|P25774_TELPYGRED|0.205
P16234|P25774_SFFLYRSGV|0.053
P16234|Q9UBR2_DGVNYASIT|0.136
P16234|Q8WZ74_QERMSAQLA|0.0
P16234|Q8WZ74_AAAESRQKK|0.0
P16234|Q8WZ74_LKRGSDSKP|0.0
P16234|Q8WZ74_DRQASYGDL|0.0
P16234|Q8WZ74_SRDVSPTSR|0.0
P16234|Q8WZ74_LSRFTSPQA|0.0
P16234|Q8WZ74_SRFTSPQAG|0.0
P16234|Q8WZ74_AGAPSRPGV|0.0
P16234|Q8WZ74_GDVGTHPPV|0.0
P16234|Q8WZ74_SQTPSPPHP|0.0
P16234|Q8WZ74_LFISSACLI|0.0
P16234|Q8WZ74_SKQKSLEND|0.0
P16234|Q8WZ74_CSSKSESDI|0.0
P16234|Q8WZ74_KRSSSSSNT|0.0
P16234|Q9P2B4_QKKLSSQLE|0.0
P16234|Q9P2B4_PGPATPAYS|0.0
P16234|Q9P2B4_RLLGSSASS|0.0
P16234|Q9P2B4_GSSASSPGY|0.0
P16234|Q9P2B4_LIDNSAAKQ|0.0
P16234|Q9P2B4_SPFGTDYRN|0.169
P16234|Q9P2B4_FGTDYRNLA|0.0
P16234|Q9P2B4_TPSPSATTP|0.0
P16234|Q9P2B4_PSATTPLTK|0.0
P16234|Q9P2B4_TTPLTKTHS|0.0
P16234|Q2VPK5_TETRTPPGP|0.0
P16234|Q2VPK5_EAGQS____|0.268
P16234|P60606_PLPPSTGPP|0.0
P16234|P60606_LPPSTGPPV|0.0
P16234|P60606_GQFDYALV_|0.0
P16234|Q4LDR2_LLDPYRSMP|0.0
P16234|Q4LDR2_RSMPTSTWA|0.0
P16234|O60494_PQNISSQIY|0.239
P16234|O60494_QNISSQIYQ|0.0
P16234|O60494_SSQIYQLNS|0.121
P16234|O60494_YQLNSKLVD|0.369
P16234|O60494_CTTFSVPPL|0.153
P16234|O60494_IYRITVRTG|0.19
P16234|O60494_QMGRYCGVD|0.189
P16234|O60494_IRFTSDSSV|0.0
P16234|O60494_FTSDSSVTR|0.0
P16234|O60494_TSDSSVTRA|0.0
P16234|O60494_TSPKYPETY|0.49
P16234|O60494_EWRITAPEG|0.0
P16234|O60494_KFCGSKRPP|0.0
P16234|O60494_DSFQTAKGW|0.0
P16234|O60494_NNELYLRFK|0.516
P16234|O60494_LRFKSDSVT|0.0
P16234|O60494_FKSDSVTSD|0.273
P16234|O60494_SDSVTSDRG|0.0
P16234|O60494_SDRGYEIIW|0.014
P16234|O60494_TSSPSGCGG|0.0
P16234|O60494_GGTLYGDRG|0.5
P16234|Q9NWM3_FRRSSSGSG|0.0
P16234|Q9NWM3_RRSSSGSGG|0.0
P16234|Q9NWM3_SSSGSGGGG|0.0
P16234|Q9NWM3_GGGGTAGAR|0.0
P16234|Q9NWM3_SGGVYEDSS|0.0
P16234|Q9NWM3_LEPDSSDEE|0.0
P16234|Q9NWM3_EPDSSDEEP|0.0
P16234|Q9NWM3_LAPPTPPPR|0.0
P16234|Q9NWM3_SGAPTSQRR|0.0
P16234|Q9NWM3_GAPTSQRRY|0.0
P16234|Q9NWM3_RWKQYLEDE|0.0
P16234|Q9NWM3_ARAFSEKTK|0.0
P16234|Q9NWM3_FSEKTKMRK|0.0
P16234|Q9NWM3_LKHQSLGAA|0.0
P16234|Q9H467_EMKATYINL|0.297
P16234|Q9H467_MKATYINLK|0.475
P16234|Q13616_SSTRSQNPH|0.131
P16234|Q13616_KKGQTPGGA|0.0
P16234|Q13616_NNAVTKMAQ|0.0
P16234|Q13616_LLARYCDSL|0.414
P16234|Q13617_FSDIYALCV|0.136
P16234|Q13617_MANMYVLLR|0.018
P16234|Q13617_LHRMYTDMS|0.006
P16234|Q13617_YTDMSVSAD|0.008
P16234|Q13617_KTIKSLLDV|0.0
P16234|Q13617_DAESSFSLN|0.0
P16234|Q13618_RKNNSGLSF|0.0
P16234|Q13618_RNAYTMVLH|0.315
P16234|Q13618_HLRQTLLDM|0.0
P16234|Q13618_NGLKTMCEC|0.002
P16234|Q13618_CECMSSYLR|0.385
P16234|Q13618_ECMSSYLRE|0.4
P16234|Q13618_CMSSYLREQ|0.206
P16234|Q13618_RSPEYLSLF|0.383
P16234|Q13618_RRLLTNKSV|0.0
P16234|Q13618_KNMISKLKT|0.0
P16234|Q13618_FRDMSISNT|0.0
P16234|Q13618_ISNTTMDEF|0.147
P16234|Q13618_LTTGYWPTQ|0.399
P16234|Q13618_TQSATPKCN|0.0
P16234|Q13618_HHMGSADLN|0.0
P16234|Q13618_KQGESDPER|0.0
P16234|Q13618_DRKVYTYVA|0.581
P16234|Q13619_KGSFSALVG|0.0
P16234|Q13619_TNGLTKPAA|0.32
P16234|Q13619_GAGGSKKLV|0.0
P16234|Q13619_IMIRSIFLF|0.0
P16234|Q13619_DLQVYKDSF|0.286
P16234|Q13619_EVPEYLNHV|0.404
P16234|Q13619_NKEATDEEL|0.0
P16234|Q13619_FEAFYKKDL|0.505
P16234|Q13619_VLIKSPKGK|0.0
P16234|Q13619_KRIESLIDR|0.0
P16234|Q13619_IDRDYMERD|0.4
P16234|Q13620_KLNSSSSSS|0.0
P16234|Q13620_SSSSSSSNS|0.0
P16234|Q13620_SSSSSSNSS|0.0
P16234|Q13620_SSNSSNERE|0.0
P16234|Q13620_SSSSSTPPL|0.0
P16234|Q13620_RDSASPSTS|0.0
P16234|Q13620_AEESSSSSS|0.0
P16234|Q13620_EESSSSSSS|0.0
P16234|Q13620_LKNKSILIS|0.0
P16234|Q13620_LAKSSTTVS|0.0
P16234|Q13620_IMIRSIFLF|0.0
P16234|Q13620_EVPEYLHHV|0.158
P16234|Q13620_FRFIYGKDV|0.209
P16234|Q13620_FEAFYKKDL|0.402
P16234|Q13620_VSEVYNQLK|0.0
P16234|Q13620_KRIESLIDR|0.0
P16234|Q13620_IDRDYMERD|0.191
P16234|Q13620-1__MFPTGFSS|0.0
P16234|Q13620-1_QEVRSATDG|0.0
P16234|Q13620-1_RKLNSSSSS|0.0
P16234|Q13620-1_LNSSSSSSS|0.0
P16234|Q13620-1_NSSSSSSSN|0.639
P16234|Q13620-1_SSSSSSSNS|0.253
P16234|Q13620-1_SSSSSSNSS|0.003
P16234|Q13620-1_SSSSSNSSN|0.002
P16234|Q13620-1_SSSNSSNER|0.273
P16234|Q13620-1_SSNSSNERE|0.39
P16234|Q13620-1_EDFDSTSSS|0.002
P16234|Q13620-1_DFDSTSSSS|0.138
P16234|Q13620-1_DSTSSSSST|0.0
P16234|Q13620-1_STSSSSSTP|0.482
P16234|Q13620-1_TSSSSSTPP|0.0
P16234|Q13620-1_SSSSSTPPL|0.0
P16234|Q13620-1_RFEDTLEFV|0.0
P16234|Q13620-1_EESSSSSSS|0.005
P16234|Q13620-1_SFANSKPGS|0.0
P16234|Q13620-1_TTQKSLIAT|0.0
P16234|Q93034_QESVTKQQW|0.0
P16234|Q93034_GKQGSNKKS|0.0
P16234|Q93034_SNKKSNVED|0.0
P16234|Q93034_PQVNSPKDF|0.0
P16234|Q93034_RLQLTTERM|0.0
P16234|Q93034_IEHKYIRRD|0.05
P16234|Q14999_ALDKSVLEE|0.0
P16234|Q14999_SGNTYALYV|0.003
P16234|Q14999_TYALYVRDT|0.32
P16234|Q14999_EADEYQGAV|0.0
P16234|Q14999_QAYPSLLEA|0.0
P16234|Q14999_PPSQSPNTP|0.0
P16234|Q14999_GRNRSHDWS|0.0
P16234|Q14999_HDWSSLATR|0.0
P16234|Q14999_RGLPSSIMR|0.0
P16234|Q14999_MRNLTRCWR|0.0
P16234|Q14999_LQNSSSELF|0.0
P16234|Q14999_IRDGSKEPR|0.0
P16234|Q14999-2_LSVSTPSRG|0.0
P16234|Q14999-2_IRTRTQILL|0.0
P16234|Q14999-2_QILLSLSQQ|0.0
P16234|Q14999-2_LLSLSQQEA|0.0
P16234|Q8IWT3_LIRWSVLKC|0.0
P16234|Q8IWT3_HDAGSRAHV|0.002
P16234|Q8IWT3_GDQSSPCAT|0.0
P16234|Q8IWT3_ELVRSMGWA|0.0
P16234|Q8IWT3_EQGMSPPRP|0.0
P16234|Q8IWT3_PPRPTRSIF|0.0
P16234|Q8IWT3_TIVTTPRRQ|0.0
P16234|Q8IWT3_SRNHSCTPD|0.0
P16234|Q8IWT3_NHSCTPDPE|0.0
P16234|Q8IWT3_KSEASFSEE|0.0
P16234|Q8IWT3_EASFSEEET|0.0
P16234|Q8IWT3_YLLMTKHEW|0.054
P16234|Q8IWT3_EPPGSPERA|0.0
P16234|Q8IWT3_AALETPIIQ|0.0
P16234|Q8IWT3_LQQETQPFL|0.0
P16234|Q8IWT3_QRETSRNPL|0.0
P16234|Q8IWT3_RNPLSRAAS|0.0
P16234|Q8IWT3_SRAASFASR|0.0
P16234|Q8IWT3_TRPFSKNSK|0.023
P16234|Q8IWT3_KRCPSCQAP|0.001
P16234|Q8IWT3_RNRVSAIHE|0.097
P16234|O60888_ITSIYEWKG|0.088
P16234|O60888_MMIKTQSSL|0.0
P16234|O60888_DFVRSVHPY|0.005
P16234|Q9NTM9_ARIPSGKAG|0.0
P16234|Q9NTM9_IELCSGLSE|0.0
P16234|Q9NTM9_GTTPSMGVL|0.0
P16234|Q9NTM9_GDFLYSDRE|0.0
P16234|Q9NTM9_AALETLLTL|0.0
P16234|Q9NTM9_ETLLTLGFE|0.0
P16234|Q9NTM9_ERVLTSGCD|0.0
P16234|P39880_PLLKSFQGE|0.0
P16234|P39880_GQADYEEVK|0.0
P16234|P39880_NILKSMEFA|0.0
P16234|P39880_EFAPSEGAG|0.0
P16234|P39880_EGAGTQDAA|0.0
P16234|P39880_NSDLSGSAR|0.0
P16234|P39880_RRPGSLPAP|0.0
P16234|P39880_APPPSQLPR|0.0
P16234|P39880_LSQGSVSEI|0.0
P16234|P39880_WNKLTVRGK|0.0
P16234|P39880_RRNGSEGNI|0.0
P16234|P39880_QSDITILTP|0.0
P16234|P39880_ITILTPKLL|0.0
P16234|P39880_MPTVSSYPP|0.0
P16234|P39880_PTVSSYPPL|0.023
P16234|P39880_LKKPSAAPE|0.0
P16234|P39880_EVGRSGAWK|0.0
P16234|P39880_RAERSQLQG|0.0
P16234|P39880_LQGPSSSEY|0.0
P16234|P39880_PSAESPYSQ|0.0
P16234|P39880_AESPYSQSS|0.0
P16234|P39880_LTGASRSET|0.0
P16234|P39880_TPQNSPLPS|0.0
P16234|P39880_ESVKSLTEL|0.0
P16234|P39880_PASDSQPTT|0.0
P16234|P39880_DSQPTTPLP|0.0
P16234|P39880_SQPTTPLPL|0.0
P16234|P39880_HSALSIQEL|0.0
P16234|P39880_ILGLTQGSV|0.0
P16234|P39880_RRHSSVSDS|0.0
P16234|P39880_PSVGTEYSQ|0.0
P16234|P39880_QAGASDSPS|0.0
P16234|P39880_GASDSPSAR|0.0
P16234|P39880_AAPSSEGDS|0.0
P16234|P39880_SEGDSCDGV|0.0
P16234|P39880_GSADTEEPK|0.0
P16234|P39880_PPSGTPGPD|0.0
P16234|P39880_GPLPSPASA|0.0
P16234|P39880_SSLQSLFGL|0.0
P16234|Q13948_QVRITEAVA|0.0
P16234|Q13948_EAVATATEQ|0.0
P16234|Q13948_VATATEQRE|0.0
P16234|Q13948_GQVDSLLSI|0.0
P16234|Q13948_DSLLSIISS|0.0
P16234|Q13948_SIISSQRER|0.0
P16234|Q13948_PGRGSGSDD|0.0
P16234|Q13948_YSSQYEERL|0.416
P16234|Q13948_DPFSSFSKR|0.0
P16234|P39880-9_PGRGSGSDD|0.0
P16234|O14529_AQSDYEEIK|0.003
P16234|O14529_KTELSILKA|0.0
P16234|O14529_RGSITPRIR|0.0
P16234|O14529_GEPKTSVAP|0.0
P16234|O14529_EPKTSVAPL|0.0
P16234|O14529_VLGLSQGSV|0.0
P16234|O14529_PPSPTEPEK|0.0
P16234|O14529_SECPSPCLQ|0.0
P16234|O14529_NNIIYRVER|0.065
P16234|Q86UP6_LMPLTLLIL|0.0
P16234|Q86UP6_ASSTSEVIT|0.0
P16234|Q86UP6_DISSYKWKT|0.0
P16234|Q69YN2_MLCTTSQFK|0.302
P16234|Q69YN2_LCTTSQFKG|0.0
P16234|Q69YN2_EKKKYLYAF|0.475
P16234|Q69YN2_KKYLYAFSI|0.184
P16234|Q69YN2_LYAFSIVPM|0.0
P16234|Q69YN2_EVEKYKATL|0.0
P16234|Q2TBE0_MAAASGRFE|0.0
P16234|Q2TBE0_ESAKSIEER|0.0
P16234|Q2TBE0_IEQFSQEHS|0.0
P16234|Q2TBE0_SSSSSEDEW|0.0
P16234|Q2TBE0_DLVKYGNSS|0.419
P16234|Q2TBE0_KRPGSLETC|0.0
P16234|Q2TBE0_CRRESNPRQ|0.0
P16234|Q2TBE0_DEELSFHSK|0.0
P16234|Q2TBE0_FEPLSSSSA|0.0
P16234|Q2TBE0_EPLSSSSAL|0.0
P16234|Q2TBE0_PLSSSSALV|0.0
P16234|Q2TBE0_LSSSSALVA|0.0
P16234|Q2TBE0_VAQGSLCSG|0.0
P16234|Q2TBE0_FRKPTKNSE|0.0
P16234|Q2TBE0_PTKNSEERL|0.0
P16234|Q2TBE0_PREKSQDEV|0.0
P16234|Q2TBE0_RDTKSTFAG|0.0
P16234|Q2TBE0_DTKSTFAGS|0.0
P16234|Q2TBE0_IHILSVDEK|0.0
P16234|Q2TBE0_WPVNTPGKS|0.0
P16234|Q2TBE0_FMGKTDGDY|0.144
P16234|Q2TBE0_TDGDYYTLD|0.311
P16234|Q2TBE0_AIMESDEEW|0.0
P16234|Q2TBE0_DEEWSMNKK|0.0
P16234|Q9H720_ILTLSAIAT|0.0
P16234|Q9H720_VLLGTMMLI|0.0
P16234|Q9H720_RHKAYERKL|0.061
P16234|Q9H720_HREVSEKIH|0.0
P16234|P78423_AAALTRNGG|0.0
P16234|P78423_TQDPSTQAS|0.001
P16234|P78423_CGSNSYVLV|0.424
P16234|P49238_SIDRYLAIV|0.433
P16234|P49238_LAANSMNNR|0.0
P16234|P49238_KFRRYLYHL|0.178
P16234|P49238_SSSESQRSR|0.0
P16234|P78310_NDLKSGDAS|0.0
P16234|P78310_VVPPSNKAG|0.0
P16234|P78310_PKSRTSTAR|0.0
P16234|P78310_TARSYIGSN|0.0
P16234|P78310_SYIGSNHSS|0.0
P16234|P78310_SNHSSLGSM|0.0
P16234|P78310_SSLGSMSPS|0.0
P16234|P78310_NMEGYSKTQ|0.0
P16234|P78310_SKTQYNQVP|0.245
P16234|P78310_PQSPTLPPA|0.0
P16234|P78310_APNLSRMGA|0.0
P16234|P78310_IPAQSKDGS|0.001
P16234|P78310_SKDGSIV__|0.0
P16234|P78310-4_SITKYQVKT|0.328
P16234|P78310-5_SITKYQVKT|0.413
P16234|O14625_IEKASIMYP|0.362
P16234|O14625_ASIMYPSNN|0.0
P16234|P48061_VSLSYRCPC|0.239
P16234|P48061_WIQEYLEKA|0.157
P16234|P48061-4_NNLISAAPA|0.0
P16234|O43927_CVQESSVFI|0.0
P16234|O43927_VQESSVFIP|0.0
P16234|O95715_APPVSMRLL|0.0
P16234|O95715_VIITTKSVS|0.0
P16234|Q9H2A7_GKRISSDSP|0.0
P16234|Q9H2A7_KRISSDSPP|0.0
P16234|Q9H2A7_ISSDSPPSV|0.0
P16234|Q9H2A7_QELMSCLDL|0.0
P16234|P42830_MSLLSSRAA|0.0
P16234|P80162_VNPKTIGKL|0.0
P16234|P49682_SGLGYMHCC|0.374
P16234|P61073_TSDNYTEEM|0.405
P16234|P61073_SLDRYLAIV|0.401
P16234|P61073_EKVVYVGVW|0.741
P16234|P61073_KFKTSAQHA|0.211
P16234|P61073_SSVSTESES|0.0
P16234|P61073_VSTESESSS|0.0
P16234|P32302_WRRSSLSES|0.0
P16234|O00574_LICGYHDEA|0.433
P16234|O96002_YRMQSPRAL|0.0
P16234|Q8TB03__MVLSELAA|0.0
P16234|Q8TB03_LQEIYLQAE|0.0
P16234|Q8TB03_PEELSNRLE|0.0
P16234|A8MYA2_SRTASPGAP|0.0
P16234|A8MYA2_GVPGSGDGK|0.0
P16234|A8MYA2_PEGFSFESE|0.0
P16234|A8MYA2_VLGHSPGKW|0.0
P16234|A8MYA2_PTHDSDSAD|0.0
P16234|A8MYA2_HDSDSADES|0.0
P16234|A8MYA2_AKPGSPKKR|0.0
P16234|A8MYA2_SRQASFHCK|0.0
P16234|A8MYA2_PRGLTPVAE|0.0
P16234|A8MYA2_ELEDSPQKK|0.0
P16234|A0A1B0GTR3_LRGSSSQKA|0.0
P16234|A0A1B0GTR3_RGSSSQKAG|0.0
P16234|Q96LI9_LYRPYKQQN|0.0
P16234|Q96LI9_TEPKTGPSG|0.0
P16234|Q96LI9_KTGPSGTKD|0.0
P16234|Q96LI9_GPSGTKDNY|0.0
P16234|Q5JRM2_CSPETQPML|0.0
P16234|Q5JRM2_QPMLSTADK|0.0
P16234|Q5JRM2_PKRSSKSSC|0.0
P16234|Q9P0U4_AGEDSKSEN|0.001
P16234|Q9P0U4_AGSGTGVGA|0.0
P16234|Q9P0U4_PHKSSPQPL|0.0
P16234|Q9P0U4_PLVATPSQH|0.0
P16234|Q9P0U4_VATPSQHHQ|0.0
P16234|Q9P0U4_ESYKYFPSS|0.365
P16234|Q9P0U4_KYFPSSLSP|0.0
P16234|Q9P0U4_YFPSSLSPV|0.0
P16234|Q9P0U4_VASSTVKEP|0.38
P16234|Q9P0U4_LPWMSDTEE|0.0
P16234|Q9P0U4_ANRIYEILP|0.092
P16234|Q9P0U4_CYAKYESQT|0.095
P16234|Q9P0U4_AKYESQTSF|0.0
P16234|Q9P0U4_SMYPTRIEG|0.067
P16234|Q9H2H0_CGVCSSCRN|0.021
P16234|Q9H2H0_GVCSSCRNR|0.011
P16234|Q7LFL8_SSSSSTNGS|0.0
P16234|Q7LFL8_RRNKSGIIS|0.0
P16234|Q7LFL8_PLNKSLRRS|0.0
P16234|P49447_EQALSMDFK|0.0
P16234|P49447_TEGDSPGSQ|0.0
P16234|P49447_DSPGSQ___|0.0
P16234|Q8N8Q1_GAAWYLCLA|0.0
P16234|Q8N8Q1_ISRSYLPRK|0.0
P16234|Q8N8Q1-4_YESTSFFSG|0.0
P16234|O14569_YLLGSASLL|0.0
P16234|O14569_LGSASLLLG|0.0
P16234|P00167_MAEQSDEAV|0.012
P16234|P00167_NHSKSTWLI|0.0
P16234|P00167_HHKVYDLTK|0.447
P16234|P00167_GGDATENFE|0.0
P16234|P00167_VGHSTDARE|0.106
P16234|O43169__MSGSMATA|0.0
P16234|O43169_TAEASGSDG|0.0
P16234|O43169_EASGSDGKG|0.0
P16234|Q6P9G0_YTWKYEGKN|0.081
P16234|Q6P9G0_NMDFTLEEN|0.019
P16234|Q8WUJ1_PRKLYKPGA|0.36
P16234|Q8WUJ1_TGPPSGQMP|0.0
P16234|Q9UHQ9_LDKTTVSHN|0.0
P16234|Q9UHQ9_GKHIYLSTR|0.078
P16234|Q9UHQ9_FRGPSGLLT|0.0
P16234|Q9UHQ9_PNKKSPPEP|0.0
P16234|Q9UHQ9_KGFVTADMI|0.0
P16234|Q6BCY4_FGLPSPDHV|0.0
P16234|Q6BCY4_EPKKTLADH|0.0
P16234|Q6BCY4_IAGGTGITP|0.0
P16234|P00387_WFLYSLLMK|0.0
P16234|P00387_FQRSTPAIT|0.0
P16234|P00387_ITLESPDIK|0.04
P16234|P00387_FALPSPQHI|0.0
P16234|P00387_GQHIYLSAR|0.475
P16234|P00387_HIYLSARID|0.234
P16234|P00387_VRPYTPISS|0.488
P16234|P00387_FRGPSGLLV|0.001
P16234|P00387_PIIRTVKSV|0.027
P16234|P00387_RTVKSVGMI|0.0
P16234|P00387_IAGGTGITP|0.001
P16234|P00387_GTGITPMLQ|0.0
P16234|P00387_EAWDYGQGF|0.451
P16234|Q7L1T6_PAPRSQQRV|0.364
P16234|Q7L1T6_MLPKSQVTD|0.444
P16234|Q7L1T6_KSQVTDTLA|0.0
P16234|Q7L1T6_IVKPYTPVS|0.017
P16234|Q7L1T6_TGLFTPELD|0.0
P16234|Q7L1T6_QGHISPALL|0.0
P16234|Q7L1T6_PALLSEFLK|0.026
P16234|Q6IPT4_LNPETFVAF|0.0
P16234|P13498_WGQKYMTAV|0.207
P16234|P13498_FTRNYYVRA|0.428
P16234|P13498_TRNYYVRAV|0.437
P16234|P13498_KQPPSNPPP|0.0
P16234|P13498_RKKPSEEEA|0.0
P16234|P04839_PKFFYTRKL|0.292
P16234|P04839_KFFYTRKLL|0.313
P16234|P04839_EGGLYLAVT|0.307
P16234|P04839_KVVITKVVT|0.394
P16234|P04839_EVGQYIFVK|0.339
P16234|P04839_GWDESQANH|0.002
P16234|Q53TN4_KLIFSLRDP|0.0
P16234|Q53TN4_EPNSTILHP|0.0
P16234|Q53TN4_SMPAYSGNN|0.301
P16234|Q53TN4_SELNSEVAA|0.0
P16234|Q53TN4_AGQRSTM__|0.0
P16234|P08574_RGLLSSLDH|0.0
P16234|P08574_KLFDYFPKP|0.464
P16234|P08574_FPKPYPNSE|0.0
P16234|P08574_PDLSYIVRA|0.009
P16234|P08574_LRWASEPEH|0.0
P16234|P99999_FGRKTGQAP|0.045
P16234|P99999_APGYSYTAA|0.001
P16234|P99999_PGYSYTAAN|0.068
P16234|P99999_GYSYTAANK|0.421
P16234|P99999_TLMEYLENP|0.335
P16234|P99999_NPKKYIPGT|0.0
P16234|P99999_YIPGTKMIF|0.353
P16234|P99999_DLIAYLKKA|0.406
P16234|Q7L576_KDFVSEAYL|0.425
P16234|Q7L576_ENRMYLTPS|0.189
P16234|Q7L576_RMYLTPSEK|0.176
P16234|Q7L576_KIDKYFKQL|0.439
P16234|Q7L576_YIKTSAHYE|0.328
P16234|Q7L576_ELARYSNSE|0.424
P16234|Q7L576_LARYSNSEV|0.129
P16234|Q7L576_LVHPTDKYS|0.362
P16234|Q7L576_STQLYMVRT|0.432
P16234|Q7L576_IADKSGSKK|0.058
P16234|Q7L576_GSKKTLRSS|0.0
P16234|Q7L576_KTLRSSLEG|0.0
P16234|Q7L576_NRLITQRVS|0.0
P16234|Q7L576_VLPFSQEFQ|0.0
P16234|Q7L576_AQPQYLHGS|0.413
P16234|Q7L576_LAYSSIYGS|0.017
P16234|Q7L576_PRHEYGSPG|0.257
P16234|Q7L576_DIVEYAELK|0.197
P16234|Q7L576_KRLESKYAP|0.423
P16234|Q7L576_LESKYAPLH|0.396
P16234|Q7L576_SLASS____|0.0
P16234|Q7L576-2_ESLGSAELL|0.0
P16234|Q7L576-2_RQLKSLGME|0.0
P16234|Q96F07_ENKMYLTPS|0.364
P16234|Q96F07_KMYLTPSEK|0.373
P16234|Q96F07_DGNVSNIYK|0.312
P16234|Q96F07_YIKTSAHYE|0.414
P16234|Q96F07_LVHPTDKFC|0.36
P16234|Q96F07_NVLISVLQA|0.099
P16234|Q96F07_TMLESLIAD|0.116
P16234|Q96F07_IADKSGSKK|0.203
P16234|Q96F07_GSKKTLRSS|0.0
P16234|Q96F07_VQPYYLYGS|0.724
P16234|Q96F07_PRHEYGSPG|0.368
P16234|Q96F07_LEAKYAPLH|0.5
P16234|Q96F07_ERLGTPQQI|0.369
P16234|Q96F07-2_TLRSSLDGP|0.0
P16234|Q96F07-2_ERLGTPQQI|0.0
P16234|Q8WWM9_PNATTPPAT|0.0
P16234|Q8WWM9_TPPATLPSS|0.0
P16234|P35663_EADKTPLKS|0.0
P16234|P35663_QSKKSKSSS|0.002
P16234|P35663_ESQNSKTVS|0.018
P16234|P35663_ESGDSKDER|0.0
P16234|P35663_DTKKYPEST|0.306
P16234|P35663_KYPESTDTE|0.337
P16234|P35663_YPESTDTES|0.0
P16234|P35663_ESTDTESGD|0.0
P16234|P35663_KITFSTDSE|0.0
P16234|P35663_FSTDSESEL|0.0
P16234|P35663_TDSESELES|0.0
P16234|P35663_KIKGSDTES|0.0
P16234|P35663_KGSDTESEE|0.0
P16234|P35663_SDTESEESL|0.001
P16234|P35663_ESEESLYKP|0.125
P16234|P35663_KIDESDGTS|0.0
P16234|P35663_TSANSKMEG|0.119
P16234|Q14093_KPTRTVEVD|0.0
P16234|Q14093_TDSESELKQ|0.0
P16234|Q14093_DKKDSNKGK|0.0
P16234|Q14093_KGKDSATES|0.0
P16234|Q14093_KDSATESEG|0.0
P16234|Q14093_SATESEGEK|0.0
P16234|Q14093_EKGGTEKDS|0.0
P16234|Q14093_KGKDSAIEL|0.0
P16234|Q14093_KKDATKDAK|0.0
P16234|Q9NQC7___MSSGLWS|0.0
P16234|Q9NQC7_QEKVTSPYW|0.214
P16234|Q9NQC7_EKVTSPYWE|0.244
P16234|Q9NQC7_VTSPYWEER|0.578
P16234|Q9NQC7_ERIFYLLLQ|0.147
P16234|Q9NQC7_LQECSVTDK|0.0
P16234|Q9NQC7_ECSVTDKQT|0.0
P16234|Q9NQC7_TDKQTQKLL|0.0
P16234|Q9NQC7_VPKGSIGQY|0.016
P16234|Q9NQC7_VQLCSFACV|0.0
P16234|Q9NQC7_ATGSTSDPG|0.0
P16234|Q9NQC7_TGSTSDPGN|0.318
P16234|Q9NQC7_SELFYTLNG|0.443
P16234|Q9NQC7_SQPQSKSKN|0.0
P16234|Q9NQC7_KNTWYIDEV|0.415
P16234|Q9NQC7_AKSLTEIST|0.038
P16234|Q9NQC7_LTEISTDFD|0.0
P16234|Q9NQC7_PPVNSLTTE|0.0
P16234|Q9NQC7_PFSLTKMPN|0.0
P16234|Q9NQC7_RGTRYFTCA|0.596
P16234|Q9NQC7_SRFASLQPV|0.0
P16234|Q9NQC7_LQPVSNQIE|0.0
P16234|Q9NQC7_ERCNSLAFG|0.0
P16234|Q9UDT6_MQKPSGLKP|0.0
P16234|Q9UDT6_GKHSSPMGR|0.0
P16234|Q9UDT6_PMGRTSTGS|0.0
P16234|Q9UDT6_MGRTSTGSA|0.0
P16234|Q9UDT6_TSTGSASSS|0.0
P16234|Q9UDT6_GSASSSAAV|0.0
P16234|Q9UDT6_VAASSKEGS|0.0
P16234|Q9UDT6_SKEGSPLHK|0.0
P16234|Q9UDT6_HKQSSGPSS|0.0
P16234|Q9UDT6_GPSSSPAAA|0.0
P16234|Q9UDT6_TRQPTAEGS|0.0
P16234|Q9UDT6_TAEGSGSDA|0.0
P16234|Q9UDT6_EGSGSDAHS|0.0
P16234|Q9UDT6_SDAHSVESL|0.0
P16234|Q9UDT6_SGTATPPLT|0.0
P16234|Q9UDT6_PLRESVLNS|0.0
P16234|Q9UDT6_SVLNSSVKT|0.0
P16234|Q9UDT6_SSVKTGNES|0.0
P16234|Q9UDT6_NLSDSGSVK|0.0
P16234|Q9UDT6_AVAGTRYFQ|0.001
P16234|Q9UDT6_ARKISGTTA|0.0
P16234|Q9UDT6_KISGTTALQ|0.0
P16234|Q9UDT6_ISGTTALQE|0.0
P16234|Q9UDT6_KVDLSNQLE|0.0
P16234|Q9UDT6_ELEQSLLLE|0.0
P16234|Q9UDT6_DHQKSLEDL|0.0
P16234|Q9UDT6_EVQASQHRL|0.0
P16234|Q9UDT6_RTKETVEGL|0.0
P16234|Q9UDT6_RKERSLNEL|0.0
P16234|Q9UDT6_QRRYSLIDR|0.0
P16234|P05108_LLFKSEGPN|0.0
P16234|P05108_APEATKNFL|0.0
P16234|P15538_PIFRYDLGG|0.481
P16234|P15538_PEVLSPNAV|0.0
P16234|P15538_ARDFSQALK|0.0
P16234|P15538_VMFKSTVQL|0.005
P16234|P19099_QQVDSLHPC|0.0
P16234|P19099_VMFKSTVQL|0.0
P16234|P05093_LQKKYGPIY|0.394
P16234|P05093_VRMGTKTTV|0.0
P16234|P05093_MGTKTTVIV|0.0
P16234|P05093_KKKLYEEID|0.423
P16234|P11511_VCAESLKTH|0.0
P16234|P11511_DTSNTLFLR|0.0
P16234|P11511_ISWLYKKYE|0.504
P16234|P11511_CAGKYIAMV|0.369
P16234|P11511_HPDETKNML|0.0
P16234|P11511_TPRNSDRCL|0.0
P16234|P04798_LPNPSLNAF|0.0
P16234|P04798_VKEHYKTFE|0.042
P16234|P05177_MSQRYGDVL|0.0
P16234|P05177_FLQKTVQEH|0.001
P16234|P05177_VQEHYQDFD|0.437
P16234|P05177_FDKNSVRDI|0.228
P16234|P05177_GPRASGNLI|0.338
P16234|P05177_KELDTVIGR|0.0
P16234|P05177_TADGTAINK|0.303
P16234|Q16678_NKDLTSRVM|0.0
P16234|Q6UW02_RLVVSLGTV|0.0
P16234|Q6UW02_VSLGTVDVL|0.0
P16234|Q6UW02_ENGVTDSLK|0.016
P16234|Q6UW02_RKKQYEDAL|0.194
P16234|Q6UW02_MQLESVLRN|0.0
P16234|Q6UW02_NGPVTPEKI|0.0
P16234|P08686_NSKRTIEEA|0.0
P16234|P08686_LMPAYYKCI|0.384
P16234|Q07973_QQLRSPRQP|0.0
P16234|Q07973_TAYTSPQPR|0.002
P16234|Q07973_TESAYPQRL|0.051
P16234|Q07973_CLVLYEKRF|0.227
P16234|Q07973_SMRLTPSVP|0.0
P16234|Q07973_VPFTTRTLD|0.001
P16234|Q07973_VLGEYALPK|0.055
P16234|Q07973_TLVPSRELP|0.0
P16234|O43174_NLHDSSHKQ|0.0
P16234|O43174_LHDSSHKQR|0.0
P16234|Q9NR63_LKDGTLELI|0.0
P16234|Q9NR63_IFAAYATTA|0.392
P16234|Q9NR63_LKHPTVLEK|0.0
P16234|Q9NR63_LASTSRFEL|0.0
P16234|Q9NR63_LATRTFPRI|0.0
P16234|Q6V0L0_RRERYGTVF|0.32
P16234|Q6V0L0_ARVFSRAAL|0.0
P16234|Q6V0L0_AAFFTTASA|0.023
P16234|Q02318_NAIFSFGKK|0.0
P16234|Q02318_PTAFSEPES|0.0
P16234|Q4G0S4_GRRVSGGLL|0.0
P16234|Q16696_LRRFSIATL|0.0
P16234|Q16696_TFFLSRTVS|0.0
P16234|Q16696_FLSRTVSNV|0.0
P16234|Q16696_SNVISSIVF|0.0
P16234|Q16696_NVISSIVFG|0.0
P16234|Q16696_PRNYTMSFL|0.11
P16234|P11509__MLASGMLL|0.0
P16234|P11509_LVCLTVMVL|0.0
P16234|P11509_MVLMSVWQQ|0.0
P16234|P11509_ALRGTGGAN|0.0
P16234|P11509_TFFLSRTVS|0.0
P16234|P11509_FLSRTVSNV|0.0
P16234|P11509_SNVISSIVF|0.0
P16234|P11509_NVISSIVFG|0.0
P16234|P11509_LVMTTLNLF|0.154
P16234|P11509_LRDPSFFSN|0.0
P16234|P11509_PRNYTMSFL|0.203
P16234|P20853_TFFLSRTVS|0.0
P16234|P20853_FLSRTVSNV|0.0
P16234|P20853_SNVISSIVF|0.0
P16234|P20853_NVISSIVFG|0.0
P16234|P20853_TKMPYMEAV|0.214
P16234|P20853_VVFATIPRN|0.0
P16234|P20853_PRNYTMSFL|0.157
P16234|P33260_VLCLSCLFL|0.0
P16234|P33260_WRQSSGRGR|0.0
P16234|P33260_KFKNYLIPK|0.023
P16234|P33261_GEEFSGRGH|0.0
P16234|P10632_IRRFSLTTL|0.0
P16234|P10632_RFSLTTLRN|0.0
P16234|P10632_EHQASLDVN|0.002
P16234|P11712_GEEFSGRGI|0.0
P16234|P11712_IRRFSLMTL|0.0
P16234|P11712_SHMPYTDAV|0.496
P16234|P11712_KFRNYLIPK|0.419
P16234|P11712_TILISLTSV|0.0
P16234|P11712_LISLTSVLH|0.0
P16234|P11712_ISLTSVLHD|0.007
P16234|P10635_FLARYGPAW|0.0
P16234|P10635_LKEESGFLR|0.0
P16234|P05181_VMHGYKAVK|0.001
P16234|P05181_EVKEYVSER|0.0
P16234|P24903___MDSISTA|0.004
P16234|P24903_YGSMYTVHL|0.316
P16234|P24903_SFKKSPAFM|0.0
P16234|P24903_FMPFSAGRR|0.431
P16234|P51589_VHPRTLLLG|0.042
P16234|P51589_LLLGTVAFL|0.0
P16234|P51589_QRRFTLTAL|0.0
P16234|P51589_RFTLTALRN|0.127
P16234|P51589_KLFVSHMID|0.0
P16234|P51589_GITISPVSH|0.0
P16234|Q6VVX0_IPKGTTVIT|0.0
P16234|Q6VVX0_TTVITNLYS|0.004
P16234|Q96SQ9_PPGPTPLPL|0.0
P16234|Q96SQ9_PGALYSGLM|0.0
P16234|Q96SQ9_GALYSGLMR|0.0
P16234|Q96SQ9_LMRLSKKYG|0.0
P16234|Q96SQ9_LRKFTMLAL|0.0
P16234|Q96SQ9_NMLMTVIYL|0.42
P16234|Q96SQ9_GIPRTLMRT|0.0
P16234|Q96SQ9_TLMRTTRFR|0.0
P16234|Q96SQ9_LMRTTRFRG|0.157
P16234|Q7Z449_LRRRSWLSS|0.0
P16234|Q7Z449_QRKFSHSTL|0.0
P16234|Q8TAV3_VPRCTAADT|0.305
P16234|Q8TAV3_TAADTQLGG|0.0
P16234|Q9NYL5_QNIVYRTAS|0.513
P16234|Q9NYL5_DNSMTLLQA|0.229
P16234|Q9NYL5_LLQATLDIV|0.0
P16234|Q9NYL5_PGVITRKVV|0.0
P16234|Q9NYL5_YIIPSGDLL|0.47
P16234|Q9NYL5_LLMLSPFWL|0.0
P16234|P08684_APPTYDTVL|0.401
P16234|P08684_PKYWTEPEK|0.386
P16234|P08684_DPYIYTPFG|0.586
P16234|P08684_TPFGSGPRN|0.0
P16234|Q9HB55_MWGLYEGQQ|0.002
P16234|Q9HB55_RFALTNIKL|0.0
P16234|P20815_VKECYSVFT|0.48
P16234|P20815_RSLLSPTFT|0.0
P16234|P20815_GKPVTLKDI|0.011
P16234|P20815_PLFLSIILF|0.0
P16234|P20815-2_RICATTSTI|0.52
P16234|P20815-2_ICATTSTIK|0.509
P16234|P20815-2_CATTSTIKM|0.009
P16234|P24462_VWGIYDCQQ|0.043
P16234|P24462_RSLLSPTFT|0.0
P16234|P24462_NSKDSETHK|0.0
P16234|P24462_KDSETHKAL|0.0
P16234|P24462_DPYIYTPFG|0.486
P16234|P24462_TPFGSGPRN|0.0
P16234|P24462_GLLLTEKPI|0.0
P16234|Q9Y6A2_DLAFSRSSL|0.0
P16234|Q9Y6A2_AFSRSSLVS|0.0
P16234|Q9Y6A2_GSKRYLDFE|0.0
P16234|Q9Y6A2_GRLQYLSQV|0.031
P16234|Q9Y6A2_LQYLSQVLK|0.0
P16234|Q02928_VSVLSPSRL|0.0
P16234|Q02928_GSILSDKDL|0.0
P16234|Q02928_GRELSTPVT|0.0
P16234|Q02928_RELSTPVTF|0.002
P16234|Q02928_LPDPTRIPI|0.0
P16234|Q5TCH4____MSVSVL|0.055
P16234|Q5TCH4__MSVSVLSP|0.0
P16234|Q5TCH4_VSVLSPSRR|0.0
P16234|Q5TCH4_VLSPSRRLG|0.0
P16234|Q5TCH4_SACPYWIWG|0.375
P16234|Q5TCH4_RVQLYDPDY|0.378
P16234|Q5TCH4_YDPDYMKVI|0.534
P16234|Q5TCH4_GSILSDKDL|0.0
P16234|Q5TCH4_GRELSTPVT|0.0
P16234|Q5TCH4_RELSTPVTF|0.243
P16234|P13584_LRRQTLAKA|0.0
P16234|P13584_CIKESFRLY|0.0
P16234|P13584_SFRLYPPVP|0.007
P16234|P13584_LGPGSGK__|0.0
P16234|Q9HBI6_QGLVTPTEE|0.0
P16234|Q9HBI6_RRMLTPAFH|0.0
P16234|Q9HBI6_GKELSDEDI|0.0
P16234|Q9HBI6_LGANSQ___|0.0
P16234|Q9HCS2_RRMLTPAFH|0.024
P16234|Q9HCS2_FEHISLMTL|0.0
P16234|Q9HCS2_GKALSDEDI|0.0
P16234|Q9HCS2_GGHDTTASG|0.0
P16234|P78329_QLSLSWLGL|0.0
P16234|P78329_RRMLTPAFH|0.0
P16234|P78329_KPSEYIAAI|0.001
P16234|Q6NT55_GKELSDEDI|0.0
P16234|Q6NT55_SPLAYVPFS|0.518
P16234|Q6NT55_YVPFSAGPR|0.0
P16234|Q08477_RRMLTPAFH|0.004
P16234|Q9H0H9_GLVPTPPRI|0.0
P16234|P98187_RRLLTPAFH|0.0
P16234|P98187_IFSKSANIM|0.0
P16234|P98187_GKELSDEDI|0.0
P16234|P98187_GGHDTTASG|0.0
P16234|P98187_CLKESLRLH|0.0
P16234|P98187_PPIPTFARG|0.0
P16234|Q6ZWL3_EVAGYRVLK|0.427
P16234|Q8N118_ERKKSLQAG|0.0
P16234|Q8N118_DIVLSAKDE|0.0
P16234|Q86W10_AHWFYGHKE|0.374
P16234|Q86W10_KIFITMMSE|0.0
P16234|Q86W10_CLRLYAPVV|0.084
P16234|Q16850_QAGGSVLGQ|0.0
P16234|Q16850_AGVKSPPYI|0.0
P16234|Q16850_PYIFSPIPF|0.0
P16234|Q16850_AEDVYSRLT|0.081
P16234|Q16850_EDVYSRLTT|0.0
P16234|Q16850_SRLTTPVFG|0.0
P16234|Q16850_KGVAYDVPN|0.35
P16234|Q16850_KRRQSQEKI|0.0
P16234|Q16850_CIKETLRLR|0.0
P16234|Q16850_TVAGYTIPP|0.0
P16234|Q16850_QVCVSPTVN|0.0
P16234|Q16850_DNPASGEKF|0.128
P16234|Q16850_EKFAYVPFG|0.106
P16234|Q16850_ENFAYVQIK|0.006
P16234|P22680__MMTTSLIW|0.0
P16234|P22680_YSFCYRVMF|0.428
P16234|P22680_LKLKYYYMP|0.456
P16234|P22680_KLKYYYMPF|0.449
P16234|P22680_MPFGSGATI|0.0
P16234|O75881_LVRRTRRPG|0.0
P16234|O75881_QHGDTFTVL|0.29
P16234|O75881_EVFQSRQDV|0.0
P16234|O75881_PIHLTREQL|0.0
P16234|O75881_CLESSIFEA|0.0
P16234|O75881_LSSYSTTIR|0.0
P16234|O75881_SSYSTTIRF|0.383
P16234|O75881_LTLSSETGD|0.0
P16234|O75881_ETGDYCVRK|0.641
P16234|Q9UNU6_KRMRTKHGD|0.0
P16234|Q9UNU6_GDVFTVQLG|0.109
P16234|Q9UNU6_LGGQYFTFV|0.08
P16234|Q9UNU6_GQYFTFVMD|0.0
P16234|Q9UNU6_QGVPSAMQD|0.0
P16234|Q9UNU6_VVEETLRLR|0.0
P16234|Q9UNU6_RAAPTLLRL|0.0
P16234|Q9UNU6_TLKMSSGQE|0.0
P16234|Q9UNU6_LKMSSGQEY|0.0
P16234|Q9UNU6_FFALSEVKL|0.0
P16234|O00622_ALVVTLLHL|0.07
P16234|O00622_FGASSTALK|0.0
P16234|O00622_GASSTALKG|0.443
P16234|O00622_CDEDSIKDP|0.08
P16234|O00622_PRILYNPLQ|0.009
P16234|O00622_GQPVYSSLK|0.008
P16234|O00622_QPVYSSLKK|0.415
P16234|Q9BWK5_AQVATKNVA|0.0
P16234|Q9BWK5_APGLSPSQR|0.0
P16234|Q9BWK5_GLSPSQRPG|0.0
P16234|Q9BWK5_ACSRSPEEE|0.0
P16234|Q9H0Q0_ANRMSLFYA|0.036
P16234|Q9NUQ9_EKEIYNQVN|0.455
P16234|Q9NUQ9_EDLQSYRGA|0.0
P16234|Q9NUQ9_TSTPYSPTQ|0.456
P16234|Q9NUQ9_STPYSPTQH|0.0
P16234|Q9NUQ9_PYSPTQHLE|0.0
P16234|Q9NUQ9_ILHFTLRFD|0.0
P16234|Q717R9_RRRRSPESL|0.0
P16234|Q717R9_RSPESLPAG|0.0
P16234|Q717R9_LEGGTRRRV|0.0
P16234|Q717R9_GRDPSPVAP|0.0
P16234|Q9Y271_TGNLTVSSA|0.0
P16234|Q9Y271_NLTVSSATC|0.0
P16234|Q9Y271_RKRLSTFRK|0.0
P16234|Q9Y271_KRLSTFRKH|0.0
P16234|Q9Y271_RKKASLPEK|0.0
P16234|A8MQ03_VKNPYAHIS|0.431
P16234|A8MQ03_YAHISIPRA|0.001
P16234|A8MQ03_PGNPYSSSQ|0.002
P16234|A8MQ03_GNPYSSSQR|0.085
P16234|A8MQ03_NPYSSSQRQ|0.0
P16234|A8MQ03_PYSSSQRQA|0.0
P16234|A8MQ03_QAGLTYAGP|0.0
P16234|A8MQ03_AGLTYAGPP|0.001
P16234|Q9NRR1_DIHNYCVLD|0.388
P16234|Q15438_RDPFYEMLA|0.474
P16234|Q99418_SEAMSEVEG|0.0
P16234|Q99418_ANEGSKTLQ|0.0
P16234|Q99418_EGSKTLQRN|0.001
P16234|Q99418_LRNLYDSIR|0.322
P16234|Q99418_ISAPTQEEK|0.0
P16234|O43739_NHVVYRISA|0.332
P16234|O43739_VYRISAPSP|0.0
P16234|O43739_EWMKSIKAS|0.0
P16234|O43739_RDPFYDMLA|0.402
P16234|O43739_DMLATRKRR|0.0
P16234|Q9UIA0_GLNKTAIGT|0.0
P16234|Q9UIA0_AIGTYLGER|0.0
P16234|Q9UIA0_ERFVSMNRG|0.0
P16234|Q9NWV4_DKWQYIRLM|0.0
P16234|Q9NWV4_RLMDSVALK|0.011
P16234|Q9NWV4_EKDWTDYDE|0.0
P16234|Q9NWV4_SVGIYEVTH|0.0
P16234|P42857_TKTEYEPDR|0.27
P16234|P42857_EEKLSEQET|0.0
P16234|P42857_SEQETEAAE|0.0
P16234|Q9Y4D1_GRGISFIFC|0.0
P16234|Q9Y4D1_HPEITYRLR|0.374
P16234|Q9Y4D1_PEITYRLRN|0.42
P16234|Q9Y4D1_AARKSLLAL|0.0
P16234|Q9Y4D1_AMLHYQKYA|0.461
P16234|Q9Y4D1_ASERTRFQT|0.0
P16234|Q9Y4D1_TRFQTLIND|0.0
P16234|Q9Y4D1_STGRYRDEV|0.02
P16234|Q9Y4D1_NTVQYWLLL|0.448
P16234|Q9Y4D1_DPDSTPLEN|0.25
P16234|Q9Y4D1_EKETTEHKQ|0.0
P16234|Q9Y4D1_QRLQSLYFK|0.426
P16234|Q9Y4D1_EAIRSGSEE|0.0
P16234|Q9Y4D1_IRSGSEEVF|0.0
P16234|Q9Y4D1_RGNAYGFKI|0.295
P16234|Q9Y4D1_TELEYQKSQ|0.172
P16234|Q9Y4D1_RKRITNQMT|0.0
P16234|Q9Y4D1_ERPITKLNF|0.402
P16234|Q86T65_IDTKSASQM|0.56
P16234|Q86T65_KELGSTEDI|0.0
P16234|Q86T65_AAGSSLEEG|0.487
P16234|Q86T65_SRKRSGSQA|0.0
P16234|Q86T65_KRSGSQALE|0.0
P16234|O75553_LTPVTSTTP|0.0
P16234|O75553_QSSPSKSSA|0.0
P16234|P98082____MSNEVE|0.0
P16234|P98082_WVNISLSGI|0.0
P16234|P98082_NISLSGIKI|0.0
P16234|P98082_FAIKTGQQA|0.0
P16234|P98082_FQVIYNVKK|0.382
P16234|P98082_VENGSEALM|0.0
P16234|P98082_NKLKSGVDQ|0.0
P16234|P98082_VDLNSEIDT|0.0
P16234|P98082_ITSCSLPRP|0.0
P16234|P98082_PDQSTPSSF|0.0
P16234|P98082_SSFDSLKSP|0.0
P16234|P98082_DSLKSPDQK|0.0
P16234|P98082_KENSSSSST|0.0
P16234|P98082_SSSSSTPLS|0.0
P16234|P98082_STPLSNGPL|0.0
P16234|P98082_QNGFSVKSS|0.0
P16234|P98082_PKGLSIQNG|0.0
P16234|P98082_QDLESSVQS|0.0
P16234|P98082_DLESSVQSS|0.0
P16234|P98082_SVQSSPHDS|0.0
P16234|P98082_SPHDSIAII|0.0
P16234|P98082_PPPQSTKPG|0.0
P16234|P98082_PPQSTKPGR|0.0
P16234|P98082_VSEPSGQAS|0.0
P16234|P98082_TGQPTALQP|0.0
P16234|P98082_SAFASYFNS|0.0
P16234|P98082_AFASYFNSK|0.444
P16234|P98082_PVTKSTDNA|0.0
P16234|P98082_VTKSTDNAF|0.0
P16234|P98082_SSEMYRDPF|0.0
P16234|Q5VWQ8____MSAGGS|0.0
P16234|Q5VWQ8_GSRRSLPGS|0.0
P16234|Q5VWQ8_PFRVTGFLS|0.101
P16234|Q5VWQ8_DRNHSFRHI|0.423
P16234|Q5VWQ8_DNERSHLMP|0.0
P16234|Q5VWQ8_KERNSYLGL|0.503
P16234|Q5VWQ8_LGLVSLPAA|0.054
P16234|Q5VWQ8_LPAASVAGR|0.331
P16234|Q5VWQ8_GFEGYIDLG|0.449
P16234|Q5VWQ8_DLASTPGSG|0.369
P16234|Q5VWQ8_GVQPSPARS|0.005
P16234|Q5VWQ8_NGGKSLSMV|0.0
P16234|Q5VWQ8_AGLATVRRA|0.179
P16234|Q5VWQ8_TTPGTSEGA|0.0
P16234|Q5VWQ8_QNPVYQMAA|0.649
P16234|Q5VWQ8_GLPLSPRGL|0.169
P16234|Q5VWQ8_SEGHSSLSS|0.0
P16234|Q5VWQ8_HSSLSSHSN|0.0
P16234|Q5VWQ8_LSSHSNSEE|0.001
P16234|Q5VWQ8_AKLGSFSTA|0.202
P16234|Q5VWQ8_RRQMSLTEK|0.035
P16234|Q5VWQ8_PRQNSAGPQ|0.208
P16234|Q5VWQ8_PRPSSGTLA|0.0
P16234|Q5VWQ8_RQQSSSSKG|0.0
P16234|Q5VWQ8_QQSSSSKGD|0.0
P16234|Q5VWQ8_QSSSSKGDS|0.006
P16234|Q5VWQ8_DRLRSKDEL|0.0
P16234|Q5VWQ8_KLEEYETLF|0.471
P16234|Q5VWQ8_EEYETLFKC|0.479
P16234|Q5VWQ8_SRLMSVEEE|0.0
P16234|Q5VWQ8_AAVDSKQKI|0.146
P16234|Q5VWQ8_KRIASLDAA|0.0
P16234|Q5VWQ8_ARLMSALTQ|0.0
P16234|Q5VWQ8_MSALTQLKE|0.0
P16234|Q5VWQ8_RNGISPTNP|0.0
P16234|Q9UI36_TGSSSSSSS|0.0
P16234|Q9UI36_GSSSSSSSS|0.0
P16234|Q9UI36_SSSSSSSSS|0.0
P16234|Q9UI36_VASFTVEGC|0.0
P16234|Q9UI36_CTNASSRPG|0.023
P16234|Q9UI36_TNASSRPGR|0.0
P16234|Q9UI36_PSSPSQGPQ|0.0
P16234|Q9UI36_RVPDSPSPA|0.0
P16234|Q9UI36_PDSPSPAPS|0.0
P16234|Q9UI36_SPAPSLEEG|0.0
P16234|Q9UI36_TARDSLDKL|0.0
P16234|Q9UI36_VLNDSLTPE|0.0
P16234|Q9UI36_NDSLTPEIE|0.0
P16234|Q9UI36_EADRSGGRT|0.0
P16234|Q96NX9_MAMNTLQGN|0.443
P16234|Q96NX9_QGNGSQNGT|0.0
P16234|Q96NX9_AQIHSPLSR|0.0
P16234|Q96NX9_LEFESKRRE|0.0
P16234|Q9NYF0_PSPSSLWSA|0.0
P16234|Q9NYF0_NKPRTSVNA|0.0
P16234|Q9NYF0_KPRTSVNAD|0.0
P16234|Q9NYF0_NADPTKGLL|0.0
P16234|Q9NYF0_PKQWSKESK|0.0
P16234|Q9NYF0_WSKESKAEQ|0.0
P16234|Q9NYF0_EQAESKRVP|0.0
P16234|Q9NYF0_GSSQSLEEA|0.0
P16234|Q9NYF0_GQQPSVRLH|0.0
P16234|Q9NYF0_VVKNSSLKH|0.0
P16234|Q9NYF0_VKNSSLKHR|0.0
P16234|Q9NYF0_KGRKSGGGP|0.0
P16234|Q9NYF0_HRAGSRAHG|0.0
P16234|Q9NYF0_RRWKSSAEI|0.0
P16234|Q5SW24_GPPGSAGWD|0.0
P16234|Q5SW24_PRPVSTGDL|0.0
P16234|Q5SW24_LPADTGLQK|0.0
P16234|Q5SW24_PSKHSAECD|0.001
P16234|Q5SW24_RFQPTALKV|0.249
P16234|Q96B18_SFPVSPERG|0.0
P16234|Q96B18_GIYASERPK|0.0
P16234|Q96B18_PRSFSAPYP|0.175
P16234|Q96B18_FLTPSPLHA|0.0
P16234|Q96B18_AREPSLERV|0.0
P16234|Q96B18_GGHPTSPAA|0.0
P16234|Q96B18_GHPTSPAAL|0.0
P16234|Q96B18_PAAPSPPDS|0.0
P16234|Q96B18_SPPDSPAEG|0.0
P16234|Q96B18_TRGRSVEQS|0.0
P16234|Q96B18_SVEQSPPRE|0.0
P16234|Q96B18_MAEASGRRG|0.0
P16234|Q96B18_ARKASRSQS|0.0
P16234|Q96B18_KASRSQSET|0.0
P16234|Q96B18_LGRASAVPS|0.0
P16234|Q96B18_PKYPTAERE|0.209
P16234|Q96B18_QAAGSCRRW|0.0
P16234|Q96B18_RRWRSTAEI|0.0
P16234|Q96B18_GPGPSPSAP|0.0
P16234|Q96B18_AGSDSECSA|0.0
P16234|P61803_FLEEYLSST|0.168
P16234|P61803_EEYLSSTPQ|0.0
P16234|P61803_YLSSTPQRL|0.282
P16234|Q14118_KGVHYISVS|0.439
P16234|Q14118_HRMRSFSEV|0.002
P16234|Q14118_MRSFSEVEL|0.152
P16234|Q14118_YVEPTAVAT|0.4
P16234|Q14118_TTKVSITRL|0.0
P16234|Q14118_KVSITRLET|0.0
P16234|Q14118_TRLETASPP|0.001
P16234|Q14118_LETASPPTR|0.0
P16234|Q14118_ASPPTRIRT|0.153
P16234|Q14118_RTTTSGVPR|0.033
P16234|Q14118_VKIPSDTFY|0.312
P16234|Q14118_GKHEYFMHA|0.387
P16234|Q14118_KGKLTLEDQ|0.0
P16234|Q14118_ELDDSKPPP|0.013
P16234|Q14118_KPPPSSSMP|0.0
P16234|Q14118_PPSSSMPLI|0.0
P16234|Q14118_NAPPYQPPP|0.362
P16234|Q14118_PKNMTPYRS|0.1
P16234|Q14118_NMTPYRSPP|0.355
P16234|Q14118_TPYRSPPPY|0.122
P16234|Q8NCG7_SAGPSHLDS|0.0
P16234|Q8NCG7_SHLDSHDSS|0.0
P16234|Q8NCG7_RTTDYDLVG|0.001
P16234|Q8NCG7_WSPAYSFSS|0.0
P16234|Q8NCG7_AYSFSSDSP|0.0
P16234|Q8NCG7_YSFSSDSPL|0.0
P16234|Q3LXA3_VAAVSITGR|0.0
P16234|Q3LXA3_EAPDSTAAG|0.005
P16234|Q3LXA3_AAGGSASKR|0.0
P16234|Q3LXA3_GGSASKRMA|0.0
P16234|Q3LXA3_PPPASPAQL|0.0
P16234|Q3LXA3_AGRASYISS|0.0
P16234|Q3LXA3_GRASYISSA|0.358
P16234|Q3LXA3_EVLQS____|0.016
P16234|Q5D0E6_ALRLSQLRT|0.0
P16234|Q5D0E6_SQLRTVLVA|0.0
P16234|Q5D0E6_GRTLSPGIL|0.0
P16234|Q5D0E6_VCKASALKH|0.0
P16234|Q5D0E6_LFESYKCSM|0.0
P16234|Q8N907_GCHCSPKA_|0.029
P16234|P14920_IHERYHSVL|0.0
P16234|P51398_VPVESPRAI|0.0
P16234|P51398_PAIRYLLYG|0.204
P16234|P51398_EQGITRVRN|0.0
P16234|P51398_LWGRTTLKR|0.0
P16234|P51398_WGRTTLKRE|0.0
P16234|P51398_VSALSQTGS|0.0
P16234|P51398_NANPSLLER|0.0
P16234|P53355_DYYDTGEEL|0.462
P16234|P53355_TGLQYAAKF|0.528
P16234|P53355_RRGVSREDI|0.0
P16234|P53355_KESLTEEEA|0.0
P16234|P53355_RLSRSFLSR|0.0
P16234|P53355_RSFLSRSNM|0.361
P16234|P53355_FLSRSNMSV|0.374
P16234|P53355_RSDDTLDEE|0.391
P16234|P53355_NLDISNKYG|0.402
P16234|P53355_RPRLSSTNS|0.0
P16234|P53355_PRLSSTNSS|0.0
P16234|P53355_SSTNSSRFP|0.357
P16234|P53355_VRSRSMMFE|0.0
P16234|P53355_LSVETPRAL|0.235
P16234|P53355_ALHHYRGRY|0.457
P16234|P53355_NLHRSWADE|0.243
P16234|P53355_TLKETSLTN|0.499
P16234|P53355_LKETSLTNT|0.0
P16234|P53355_ETSLTNTMG|0.0
P16234|Q9UIK4_ASMRSPNME|0.425
P16234|Q9UIK4_TGLEYAAKF|0.439
P16234|Q9UIK4_RKRLTIQEA|0.323
P16234|Q9UIK4_KLSFSIVSL|0.496
P16234|O43293_TGKEYAAKF|0.592
P16234|O43293_KESLTEDEA|0.375
P16234|O43293_RLKEYTIKS|0.432
P16234|O43293_ELLKTEALK|0.0
P16234|O43293_LLGTSGLKR|0.0
P16234|A0PJW8_QDLLSPRKG|0.0
P16234|A0PJW8_QEIGTLERH|0.0
P16234|A0PJW8_KFPATVHMA|0.241
P16234|A0PJW8_HQKPTPALE|0.0
P16234|A0PJW8_LKRIYIIQQ|0.002
P16234|Q9P219_RNIKTYYQE|0.45
P16234|Q9P219_QERDYLQAQ|0.405
P16234|Q9P219_NADLSDASR|0.0
P16234|Q9P219_ASRKSFVFE|0.037
P16234|Q9P219_RAMWSLRER|0.164
P16234|Q9P219_RSQVSSEAR|0.219
P16234|Q9P219_SQVSSEARM|0.07
P16234|Q9P219_YQSVSAENL|0.156
P16234|Q9P219_HLQNSFKHP|0.0
P16234|Q9P219_IRQHSCLKT|0.007
P16234|Q9P219_EKVLTTERE|0.0
P16234|Q9P219_LKGEYEELH|0.331
P16234|Q9P219_RLKSTVDSP|0.217
P16234|Q9P219_STVDSPPWQ|0.0
P16234|Q9P219_QLESSDPAS|0.046
P16234|Q9P219_ENPDTPALG|0.181
P16234|Q9P219_AHNGSVGKG|0.236
P16234|Q9P219_PKRGSPHRG|0.422
P16234|Q9P219_PHRGSLDRT|0.041
P16234|Q9P219_LAMRSWPSE|0.0
P16234|Q9P219_RSWPSELGS|0.135
P16234|Q9P219_SRTCSTSAT|0.428
P16234|Q9P219_TTAPSNSTP|0.0
P16234|Q9P219_PSNSTPIAR|0.023
P16234|Q9P219_HPGRTKGYN|0.45
P16234|Q9P219_KGYNSDDNL|0.242
P16234|Q9P219_LCEPSLEFE|0.002
P16234|Q9P219_VSRPSSLES|0.0
P16234|Q9P219_SRPSSLESS|0.0
P16234|Q9P219_SRNTSSNSS|0.0
P16234|Q9P219_SSNSSPLNL|0.0
P16234|Q9P219_NLKGSSEQL|0.0
P16234|Q9P219_SESFSSEDL|0.0
P16234|Q9P219_ESFSSEDLI|0.0
P16234|Q9P219_RDLATLPRE|0.325
P16234|Q9P219_REASTPGRN|0.0
P16234|Q9P219_SEMVTLEEF|0.39
P16234|Q9P219_SNRSSPTHD|0.273
P16234|Q9P219_LLSDYFRKA|0.407
P16234|Q9P219_FRKASDPPA|0.0
P16234|Q9P219_AAPTSEGRP|0.184
P16234|Q9P219_PQSLSLGRP|0.005
P16234|Q9P219_CKQESPQKL|0.002
P16234|Q9P219_HTLQSPAPP|0.029
P16234|Q9P219_ARERTPLVG|0.423
P16234|Q9P219_TRRFSLAPP|0.153
P16234|Q9P219_LLHFSPAAA|0.0
P16234|Q9P219_GLSLSEGDG|0.0
P16234|Q9P219_LPAKSPGRS|0.056
P16234|Q9P219_SPGRSPDLA|0.005
P16234|Q9P219_CSRGSVSKS|0.045
P16234|Q9P219_SSPASPEPG|0.0
P16234|Q9UN19_VEEPSIYES|0.0
P16234|Q9UN19_SIYESVRVH|0.0
P16234|Q9UN19_GTIRSRSFI|0.0
P16234|Q9UN19_IRSRSFIFK|0.0
P16234|Q9UD71_KIQFSVPAP|0.002
P16234|Q9UD71_PAPPSQLDP|0.0
P16234|Q9UD71_SEHSSPEEE|0.006
P16234|Q9UD71_EEEASPHQR|0.0
P16234|Q9UD71_HQRASGEGH|0.001
P16234|Q9UD71_NPCAYTPPS|0.371
P16234|Q9UD71_YTPPSLKAV|0.006
P16234|Q9UD71_RELGYPREE|0.386
P16234|Q9UD71_VIRQSAGQK|0.0
P16234|Q9UD71_PLDESERDG|0.012
P16234|Q9UD71_RDGGSEDQV|0.05
P16234|Q9UD71_DPALSEPGE|0.0
P16234|P14868_ASRKSQEKP|0.138
P16234|P14868_AAEDYAKER|0.449
P16234|P14868_INKESIVDV|0.0
P16234|P14868_RTSTSQAVF|0.0
P16234|P14868_VEIQTPKII|0.0
P16234|P14868_FTVSYFKNN|0.376
P16234|P14868_KNNAYLAQS|0.0
P16234|P14868_FLEPTLRLE|0.0
P16234|P14868_EDDLSTPNE|0.009
P16234|P14868_DDLSTPNEK|0.0
P16234|P14868_VKEKYDTDF|0.408
P16234|P14868_EKYDTDFYI|0.343
P16234|P14868_DTDFYILDK|0.136
P16234|P14868_ILDKYPLAV|0.14
P16234|P14868_VRPFYTMPD|0.37
P16234|P14868_RPFYTMPDP|0.35
P16234|P14868_EEILSGAQR|0.0
P16234|P14868_PKRLTP___|0.003
P16234|Q6PI48_QALDYGAPP|0.37
P16234|Q01959_GLMSSVVAP|0.0
P16234|Q01959_SSTLTNPRQ|0.0
P16234|Q01959_QDRETWGKK|0.0
P16234|Q01959_YVVLTALLL|0.333
P16234|Q01959_LRGVTLPGA|0.0
P16234|Q01959_EKLAYAIAP|0.405
P16234|Q9BTC0_KGDPSNEEA|0.0
P16234|Q9BTC0_GFRRTTIAK|0.0
P16234|Q9BTC0_FRRTTIAKR|0.0
P16234|Q9BTC0_RGRRSMPVS|0.0
P16234|Q9BTC0_SMPVSLEDS|0.0
P16234|Q9BTC0_GEPTSCPAT|0.0
P16234|Q9BTC0_TDAETASEG|0.0
P16234|Q9BTC0_AETASEGSV|0.0
P16234|Q9BTC0_ASEGSVESA|0.0
P16234|Q9BTC0_GSVESASET|0.0
P16234|Q9BTC0_SETRSGPQS|0.0
P16234|Q9BTC0_ETVGSEASD|0.0
P16234|Q9BTC0_AANPSGKKK|0.0
P16234|Q9BTC0_GIKISSVHK|0.0
P16234|Q9BTC0_IKISSVHKR|0.0
P16234|Q9BTC0_ACESSTPSW|0.0
P16234|Q9BTC0_CESSTPSWA|0.0
P16234|Q9BTC0_SSTPSWASD|0.0
P16234|Q9BTC0_PSWASDHNY|0.346
P16234|Q9BTC0_KPEKTAAPS|0.0
P16234|Q9BTC0_APSPSLLYK|0.0
P16234|Q9BTC0_APPGSAVGK|0.0
P16234|Q9BTC0_PKKSSFANV|0.0
P16234|Q9BTC0_WLSATPSSG|0.0
P16234|Q9BTC0_SSGASAARQ|0.0
P16234|Q9BTC0_PVVPSVPMA|0.193
P16234|Q9BTC0_VPMASPAPG|0.0
P16234|Q9BTC0_LGAMSAAPS|0.0
P16234|Q9BTC0_TDNRYKSKY|0.157
P16234|Q9BTC0_NRYKSKYRS|0.268
P16234|Q9BTC0_SVMESRTKL|0.0
P16234|Q9BTC0_GQVPSAEDE|0.0
P16234|Q9BTC0_PGLESASHP|0.0
P16234|Q9BTC0_LESASHPNV|0.0
P16234|Q9BTC0_LEDLSPCPA|0.0
P16234|Q9BTC0_MVPKSILAK|0.0
P16234|Q9BTC0_AKPSSSPDP|0.0
P16234|Q9BTC0_SPNISTSES|0.0
P16234|Q9BTC0_NISTSESRS|0.0
P16234|Q9BTC0_RPANSGELD|0.0
P16234|Q9BTC0_DVPAYPKVA|0.319
P16234|Q9BTC0_TVPQSEKKP|0.0
P16234|Q9BTC0_EKKPSKYPL|0.0
P16234|Q9BTC0_PAAPSPATA|0.0
P16234|Q9BTC0_SASKTASPL|0.0
P16234|Q9BTC0_GKKKSFDPS|0.0
P16234|Q9BTC0_SFDPSAREP|0.0
P16234|Q9BTC0_EPPGSTAGL|0.0
P16234|Q9BTC0_QEQQSADKP|0.0
P16234|Q9BTC0_KEPASSPWA|0.0
P16234|Q9BTC0_EPASSPWAS|0.0
P16234|Q9BTC0_VLLPTPPCG|0.0
P16234|Q9BTC0_KALGSAQYE|0.0
P16234|Q9BTC0_GSAQYEDPR|0.0
P16234|Q9BTC0_AGRSSSPAG|0.0
P16234|Q9BTC0_PAGETEGDR|0.0
P16234|Q9BTC0_PYGDSRGPS|0.0
P16234|Q9BTC0_SRGPSPSYL|0.0
P16234|Q9BTC0_QRVHSPPRF|0.0
P16234|Q9BTC0_QGRASEDRR|0.0
P16234|Q9BTC0_KPEASRASD|0.0
P16234|Q9BTC0_ASRASDAGT|0.0
P16234|Q9BTC0_AGTASQA__|0.0
P16234|Q9UER7_PNAASPGAE|0.001
P16234|Q9UER7_RGSSSSGGK|0.0
P16234|Q9UER7_PAKLYVYIN|0.42
P16234|Q9UER7_KLYVYINEL|0.232
P16234|Q9UER7_LKDCSSLTG|0.0
P16234|Q9UER7_CSSLTGRVI|0.0
P16234|Q9UER7_QRIPYRGTR|0.0
P16234|Q9UER7_RGTRYPEVN|0.413
P16234|Q9UER7_LDLIYNFGC|0.06
P16234|Q9UER7_LTDDYRPGV|0.251
P16234|Q9UER7_LQGTSSHSA|0.0
P16234|Q9UER7_TSSHSADTP|0.0
P16234|Q9UER7_HSADTPEAS|0.0
P16234|Q9UER7_ASLDSGEGP|0.0
P16234|Q9UER7_GEGPSGMAS|0.106
P16234|Q9UER7_QGCPSASRA|0.0
P16234|Q9UER7_SLQISNEKN|0.0
P16234|Q9UER7_NGGVSPHNW|0.0
P16234|Q9UER7_EKKQTGSGP|0.0
P16234|Q9UER7_KQTGSGPLG|0.0
P16234|Q9UER7_PLGNSYVER|0.0
P16234|Q9UER7_ERQRSVHEK|0.0
P16234|Q9UER7_VADSSTRVD|0.0
P16234|Q9UER7_HGLVTSSLC|0.0
P16234|Q9UER7_GLVTSSLCI|0.0
P16234|Q9NQZ3_CFGRYGSVK|0.078
P16234|Q9NQZ3_VTTGYQLPV|0.415
P16234|Q9NQZ3_QLPVYNYQA|0.308
P16234|Q9NQZ3_PVYNYQAFP|0.437
P16234|Q13117_CFGRYGSVK|0.088
P16234|Q13117_VTTGYQLPV|0.387
P16234|Q13117_QLPVYNYQA|0.272
P16234|Q13117_PVYNYQAFP|0.429
P16234|Q9NR90_CFGRYGSVK|0.0
P16234|Q86SG3_CFGRYGSVK|0.155
P16234|Q96EP5__MNNSGADE|0.0
P16234|Q96EP5_PKPCTPRGM|0.0
P16234|Q96EP5_RDSKSQAPG|0.0
P16234|Q96EP5_SQWGSRVVP|0.0
P16234|Q96EP5_GFHPYRR__|0.104
P16234|Q15038_VEGGYDAGA|0.435
P16234|Q15038_FMGGSDGGY|0.414
P16234|Q15038_SDGGYTIW_|0.403
P16234|Q15038_DGGYTIW__|0.386
P16234|Q92904____MSTANP|0.0
P16234|Q8N163_VKVQTLSNQ|0.0
P16234|Q8N163_VQTLSNQPL|0.0
P16234|Q8N163_DQGRSDDYD|0.004
P16234|Q8N163_RSDDYDSKK|0.001
P16234|Q8N163_VLLLSSPGL|0.0
P16234|Q8N163_LLLSSPGLE|0.0
P16234|Q8N163_LEELYRCCM|0.005
P16234|Q8N163_AEFQYLQPG|0.255
P16234|Q8N163_PEATTQQET|0.0
P16234|Q8N163_EGPATESEA|0.0
P16234|Q8N163_PKPLSSGGE|0.0
P16234|Q8N163_RGEASEDLC|0.0
P16234|Q8N163_GAAPTEHKA|0.0
P16234|Q8N163_KALVSHNGS|0.0
P16234|Q8N163_INVGSLLQR|0.0
P16234|Q8N163_SGRLYLENK|0.0
P16234|Q8N163_EPAPSN___|0.0
P16234|O60477_RQGFTTRYK|0.107
P16234|Q9UBU7_MRIHSKGHF|0.0
P16234|Q9UBU7_KFAQTLGRI|0.0
P16234|Q9UBU7_LGRISPVPS|0.004
P16234|Q9UBU7_SPVPSPESA|0.0
P16234|Q9UBU7_SSFKSPDTV|0.001
P16234|Q9UBU7_DDIRYYIEQ|0.018
P16234|Q9UBU7_KKSSTSVRD|0.001
P16234|Q9UBU7_KSSTSVRDG|0.0
P16234|Q9UBU7_DKPSSMQKQ|0.0
P16234|Q9UBU7_DGDKYGGTS|0.013
P16234|Q9UBU7_YGGTSIQLQ|0.0
P16234|Q9UBU7_CLQKYEDLE|0.1
P16234|Q9UBU7_YSVGSLSPV|0.015
P16234|Q9UBU7_LSPVSASVL|0.0
P16234|Q9UBU7_PVSASVLKK|0.0
P16234|Q9UBU7_SNKCSMLST|0.0
P16234|Q9UBU7_ILDISEHTL|0.0
P16234|Q9UBU7_ISEHTLSEN|0.0
P16234|Q9UBU7_EHTLSENDL|0.0
P16234|Q9UBU7_QKSDTVLFP|0.0
P16234|Q9UBU7_KNMDSLPSG|0.0
P16234|Q9UBU7_DSLPSGKIH|0.0
P16234|Q9UBU7_NRICSSPVQ|0.0
P16234|Q9UBU7_RICSSPVQS|0.0
P16234|Q9UBU7_SEEKSEFLG|0.0
P16234|Q9UBU7_FLGFTSYTE|0.0
P16234|Q9UBU7_FTSYTEKSG|0.085
P16234|Q9UBU7_TAFFSSPST|0.0
P16234|Q9UBU7_AFFSSPSTS|0.0
P16234|Q8NFT6_KHPFSGKSF|0.0
P16234|Q8NFT6_SGGSSSLLT|0.0
P16234|Q8NFT6_GGSSSLLTN|0.0
P16234|Q8NFT6_SSLLTNARS|0.0
P16234|Q8NFT6-3_VQFPSGSAK|0.0
P16234|Q8NFT6-3_FPSGSAKKR|0.0
P16234|Q8NFT6-3_KRLPSLPLT|0.0
P16234|Q8NFT6-3_KVLGSSQGQ|0.0
P16234|Q8NFT6-3_VLGSSQGQA|0.0
P16234|P09172_AKAFYYPEE|0.161
P16234|P09172_GSSRYLRLE|0.0
P16234|P09172_LEVHYHNPL|0.216
P16234|P09172_IRLYYTAKL|0.467
P16234|P09172_RKVVTVLVR|0.004
P16234|P09172_PKVISTLEE|0.0
P16234|P09172_KVISTLEEP|0.0
P16234|P09172_SQGRSPAGP|0.0
P16234|P07108____MSQAEF|0.0
P16234|P07108_IYGHYKQAT|0.218
P16234|P07108_ELKGTSKED|0.0
P16234|P07108_LKGTSKEDA|0.0
P16234|P07108-5_GQGKYGAGC|0.067
P16234|P07108-5_GAGCSECGT|0.0
P16234|P07108-5_SECGTRRIA|0.0
P16234|Q16643_MAGVSFSGH|0.0
P16234|Q16643_GVSFSGHRL|0.054
P16234|Q16643_DWALYTYED|0.341
P16234|Q16643_QKVMYGFCS|0.498
P16234|Q16643_YGFCSVKDS|0.244
P16234|Q16643_SVKDSQAAL|0.114
P16234|Q16643_PVGTTYQKT|0.455
P16234|Q16643_VGTTYQKTD|0.469
P16234|Q16643_LKEQSIFGD|0.0
P16234|Q16643_HMKKSESEV|0.0
P16234|Q16643_KKSESEVEE|0.0
P16234|Q16643_ASAGSCDVP|0.0
P16234|Q16643_HRPGSHLDS|0.0
P16234|Q16643_SHLDSHRRM|0.0
P16234|Q16643_AAPQTPTLP|0.0
P16234|Q16643_GTQASEGYF|0.346
P16234|Q16643_ASEGYFSQS|0.224
P16234|Q16643_EFAQSEELC|0.0
P16234|Q9H9R9_PRAGYLRSP|0.347
P16234|Q9H9R9_LRSPSWTRT|0.0
P16234|Q9H9R9_SPSWTRTRA|0.0
P16234|Q9BQY9_PLAQSDEEE|0.0
P16234|Q9UJU6_AANLSRNGP|0.0
P16234|Q9UJU6_LQEAYVRVV|0.0
P16234|Q9UJU6_VRVVTEKSP|0.07
P16234|Q9UJU6_VTEKSPTDW|0.0
P16234|Q9UJU6_EKSPTDWAL|0.0
P16234|Q9UJU6_RVAGTGEGG|0.0
P16234|Q9UJU6_GACASHVST|0.0
P16234|Q9UJU6_STMASFLKG|0.0
P16234|Q9UJU6_GAHVTINAR|0.0
P16234|Q9UJU6_VAKASGANY|0.0
P16234|Q9UJU6_GANYSFHKE|0.0
P16234|Q9UJU6_FHKESGRFQ|0.0
P16234|Q9UJU6_VYQKTNAVS|0.165
P16234|Q9UJU6_TNAVSEIKR|0.0
P16234|Q9UJU6_REQRYQEQG|0.523
P16234|Q9UJU6_SPQRTWEQQ|0.0
P16234|Q9UJU6_QEVVSRNRN|0.0
P16234|Q9UJU6_AMSTTSISS|0.0
P16234|Q9UJU6_AAAISRPRA|0.0
P16234|Q9UJU6_PAPSTPPCL|0.0
P16234|Q9UJU6-2_REQRYQEQG|0.312
P16234|Q9UJU6-2_ASPQSRTWE|0.0
P16234|Q9UJU6-2_AMSTTSISS|0.0
P16234|Q9UJU6-3_REQRYQEQG|0.005
P16234|Q9UJU6-3_GGEASPQSR|0.0
P16234|Q9UJU6-3_ASPQSRTWE|0.0
P16234|Q9UJU6-3_STCASLQES|0.0
P16234|Q10586_GPAGTPPGG|0.0
P16234|Q10586_PAATTPGPG|0.0
P16234|Q10586_SPEPSPART|0.0
P16234|Q10586_CGSASPRSS|0.0
P16234|Q9UK59_YRYYSGEKK|0.0
P16234|Q9UK59_VCGEYEEQD|0.002
P16234|Q9UK59_DTVDSTIDR|0.0
P16234|Q9UK59_GTVESGNGE|0.0
P16234|Q9UK59_NQAIYAAVD|0.0
P16234|P11182_HFLKTTAAL|0.0
P16234|P11182_FLKTTAALR|0.026
P16234|P11182_IREVTVKEW|0.0
P16234|P11182_DVVETPAVS|0.25
P16234|P11182_KGRKTLATP|0.0
P16234|P11182_LEKQTGAIL|0.0
P16234|P11182_TTDLTGGTF|0.0
P16234|P11182_SNIGSIGGT|0.0
P16234|P11182_IMNVSWSAD|0.0
P16234|P11182_NLWKSYLEN|0.128
P16234|A6NMT0_YLPRSVPTA|0.04
P16234|A6NMT0_TASMSPPRQ|0.0
P16234|A6NMT0_PRTETSPAL|0.0
P16234|A6NMT0_RTETSPALL|0.0
P16234|A6NMT0_ALLQSVPPK|0.0
P16234|A6NMT0_RAVFSDVQR|0.0
P16234|Q6ZNG2_GGAPTPRLQ|0.0
P16234|Q6ZNG2_PLPASPVPL|0.0
P16234|Q66K64_YPFPTFQPA|0.0
P16234|Q66K64_PEPQSPELP|0.0
P16234|Q66K64_APARSSGSP|0.0
P16234|Q66K64_APRDSPPAS|0.0
P16234|Q66K64_SEPGYVNYT|0.032
P16234|Q66K64_SYRKSCVDM|0.151
P16234|Q66K64_LVPESSGRY|0.0
P16234|Q66K64_VPESSGRYV|0.033
P16234|Q66K64_SSGRYVNRM|0.416
P16234|Q9NXF7_LDPSTPVHI|0.0
P16234|Q9NXF7_PIPEYLKQI|0.0
P16234|Q5H9S7__MGPTRKPN|0.0
P16234|Q5H9S7_KNVWTTHSR|0.0
P16234|Q5H9S7_NVWTTHSRS|0.0
P16234|Q5H9S7_MPKCSKSEK|0.0
P16234|Q5H9S7_KCSKSEKIE|0.0
P16234|Q5H9S7_VTDATLSHG|0.0
P16234|Q5H9S7_LIVMYSSGL|0.031
P16234|A6NGE4_ARFVYEACG|0.0
P16234|Q8WVC6_RGYRYVILD|0.309
P16234|Q8WVC6_KLLKYMKHT|0.353
P16234|Q8WVC6_TVVVYCDRD|0.271
P16234|O15075____MSFGRD|0.0
P16234|O15075_NGLPSPTHS|0.0
P16234|O15075_LPSPTHSAH|0.0
P16234|O15075_SPTHSAHCS|0.0
P16234|O15075_YRTRTLQTL|0.207
P16234|O15075_KGIVYAISP|0.0
P16234|O15075_VYAISPDRF|0.026
P16234|O15075_SRAVSSLAT|0.0
P16234|O15075_TAKGSPSEV|0.0
P16234|O15075_EKFRYQDDF|0.434
P16234|O15075_LLDESECRV|0.0
P16234|O15075_STTKSPGPS|0.0
P16234|O15075_PSRRSKSPA|0.0
P16234|O15075_RRSKSPAST|0.0
P16234|O15075_PASTSSVNG|0.0
P16234|O15075_ASTSSVNGT|0.0
P16234|O15075_SQLSTPRSG|0.0
P16234|O15075_STPRSGKSP|0.0
P16234|O15075_RSGKSPSPS|0.0
P16234|O15075_GKSPSPSPT|0.0
P16234|O15075_SPSPSPTSP|0.0
P16234|O15075_SPSPTSPGS|0.0
P16234|O15075_PSPTSPGSL|0.0
P16234|O15075_TSPGSLRKQ|0.0
P16234|O15075_HGGSSTSLA|0.0
P16234|O15075_TSLASTKVC|0.0
P16234|O15075_ERDASGMLY|0.0
P16234|O15075_SGMLYNLAS|0.363
P16234|O15075_PELNSESED|0.0
P16234|O15075_SEDYSPSSS|0.0
P16234|O15075_YSPSSSETV|0.232
P16234|O15075_RSPNSPF__|0.0
P16234|O15075-2_RGRFSDEDA|0.0
P16234|Q8N568_ASTRSIELE|0.0
P16234|Q8N568_GLIPSPAHS|0.0
P16234|Q8N568_SPAHSAHCS|0.0
P16234|Q8N568_NGDRYFKGL|0.001
P16234|Q8N568_FAISSDRFR|0.0
P16234|Q8N568_IKGGTSRAL|0.0
P16234|Q8N568_SSVKSEVKE|0.0
P16234|Q8N568_SGSKSPGPS|0.0
P16234|Q8N568_SPGPSRRSK|0.0
P16234|Q8N568_RRSKSPASV|0.0
P16234|Q8N568_KSPASVNGT|0.0
P16234|Q8N568_GTPSSQLST|0.0
P16234|Q8N568_SQLSTPKST|0.0
P16234|Q8N568_KSTKSSSSS|0.0
P16234|Q8N568_STKSSSSSP|0.0
P16234|Q8N568_KSSSSSPTS|0.0
P16234|Q8N568_SSPTSPGSF|0.0
P16234|Q8N568_TSPGSFRGL|0.0
P16234|Q8N568_LKQISAHGR|0.0
P16234|Q8N568_AHGRSSSNV|0.0
P16234|Q8N568_DRCISPEGV|0.0
P16234|Q8N568_NALRYLHGL|0.0
P16234|Q8N568_PKQNSTTTG|0.0
P16234|Q8N568_NSTTTGVSV|0.0
P16234|Q9C098_IEKTSGEII|0.0
P16234|Q9C098_RERLSLGTS|0.0
P16234|Q9C098_SLGTSELDM|0.0
P16234|Q9C098_VRTRSCRRS|0.0
P16234|Q9C098_TRQAYAMKI|0.0
P16234|Q9C098_IIDKSRLKG|0.0
P16234|Q9C098_KDLVSRLLV|0.0
P16234|Q8TF63_SFRLYPFTV|0.129
P16234|Q8TF63_LYPFTVHTV|0.394
P16234|Q8TF63_KLCPSETSF|0.0
P16234|Q8N8Z6_LLNTSEVTV|0.0
P16234|Q8N8Z6_KKKGSPYGS|0.406
P16234|Q8N8Z6_SPYGSAEAQ|0.137
P16234|Q8N8Z6_KQIKYPFAR|0.409
P16234|Q8N8Z6_SAEFTISYD|0.0
P16234|Q8N8Z6_PEYATPIVE|0.058
P16234|Q8N8Z6_AHTFSAQSG|0.0
P16234|Q8N8Z6_FSAQSGYRV|0.174
P16234|Q8N8Z6_GHKHSLSSG|0.0
P16234|Q8N8Z6_KHSLSSGGF|0.0
P16234|Q8N8Z6_HSLSSGGFS|0.0
P16234|Q8N8Z6_SGGFSPVAG|0.0
P16234|Q8N8Z6_PKAVSALAT|0.0
P16234|Q8N8Z6_GHPDSQKPP|0.0
P16234|Q96PD2___MASRAVV|0.364
P16234|Q96PD2_PLSRSLPPC|0.0
P16234|Q96PD2_YLRIYNGIG|0.417
P16234|Q96PD2_TGIITTGST|0.0
P16234|Q96PD2_KTEGTYDLP|0.217
P16234|Q96PD2_GIVGTLHQR|0.085
P16234|Q96PD2_NTLLSRTDS|0.0
P16234|Q96PD2_LLSRTDSCS|0.0
P16234|Q96PD2_TDSCSSAQA|0.0
P16234|Q96PD2_DSCSSAQAQ|0.0
P16234|Q96PD2_AQYDTPKAG|0.215
P16234|P43146_DEGLYQCEA|0.03
P16234|P43146_GSIISRTAK|0.0
P16234|P43146_FMGDTVLLK|0.0
P16234|P43146_RALNTTQPG|0.129
P16234|P43146_SLQLTVGNL|0.0
P16234|P43146_IKVATQPEL|0.0
P16234|P43146_SIKVSWLPP|0.0
P16234|P43146_GVPLYESAT|0.202
P16234|P43146_PLYESATTR|0.068
P16234|P43146_YESATTRSI|0.0
P16234|P43146_ESATTRSIT|0.0
P16234|P43146_WADNSVPKN|0.005
P16234|P43146_EVRLYTVRW|0.203
P16234|P43146_LIDRSTLNE|0.0
P16234|P43146_IDRSTLNEP|0.0
P16234|P43146_PKVPYTPLL|0.409
P16234|Q9BVC3_PGCKTPDQL|0.002
P16234|Q9BVC3_EGPDSQKEK|0.0
P16234|Q9BVC3_LLTKYSHSS|0.111
P16234|P81605_LVCAYDPEA|0.281
P16234|M0R2J8_KPVLSIRMK|0.0
P16234|M0R2J8_VGKETMKKV|0.0
P16234|M0R2J8_RAYRSPLNL|0.293
P16234|M0R2J8_VWLITKTGM|0.0
P16234|M0R2J8_PGRKTQCTE|0.0
P16234|M0R2J8_LNLPSAARR|0.0
P16234|M0R2J8_LEVQSDIVS|0.0
P16234|M0R2J8_SDIVSGSKL|0.0
P16234|M0R2J8_IVSGSKLAV|0.0
P16234|M0R2J8_AVSMTKTRN|0.0
P16234|M0R2J8_LFAKSVTSD|0.0
P16234|M0R2J8_AKSVTSDSL|0.0
P16234|M0R2J8_KSVTSDSLD|0.0
P16234|M0R2J8_VTSDSLDGI|0.0
P16234|M0R2J8_TMVPTKSPV|0.0
P16234|Q9UHG0_PVVKSVLVY|0.369
P16234|Q9UHG0_SVLVYRNGD|0.0
P16234|Q9UHG0_EKKVSSFEV|0.0
P16234|Q9UHG0_KKVSSFEVF|0.083
P16234|Q9UHG0_RINVSARFR|0.003
P16234|Q9UHG0_KLPYSELLF|0.007
P16234|Q9UHG0_LFDKSTMRR|0.0
P16234|Q9UHG0_FDKSTMRRP|0.0
P16234|Q9UHG0_PIVGSRKSK|0.0
P16234|Q9UHG0_TVGSSDNSS|0.0
P16234|Q9UHG0_SSDNSSPQP|0.0
P16234|Q9UHG0_SDNSSPQPL|0.0
P16234|Q9UHG0_EDVNSEKLT|0.0
P16234|Q9UHG0_KLKNSQETI|0.0
P16234|Q9UHG0_GREATDAPE|0.0
P16234|Q9UHG0_KERKSQGAG|0.008
P16234|Q9UHG0_QGAGSGQDE|0.0
P16234|A2VCK2_RVVVYRNGD|0.444
P16234|A2VCK2_RRFPTMEAF|0.0
P16234|A2VCK2_PGGKSCRLQ|0.0
P16234|A2VCK2_AGAPSYIHV|0.116
P16234|A2VCK2_GAPSYIHVF|0.223
P16234|A2VCK2_VPSPSLPRG|0.0
P16234|A2VCK2_RAQVTQPSP|0.0
P16234|A2VCK2_RIKPSAFYA|0.274
P16234|A2VCK2_PSAFYARPQ|0.041
P16234|A8MYV0_TRGPSAPVD|0.0
P16234|A8MYV0_APVDTTPAK|0.0
P16234|A8MYV0_PVDTTPAKT|0.0
P16234|A8MYV0_KYFPYWKSP|0.0
P16234|A8MYV0_PYWKSPRVP|0.002
P16234|Q96JQ0_ERDAYNLRV|0.164
P16234|Q96JQ0_GGAFTVDPT|0.14
P16234|Q96JQ0_TVDPTTGHV|0.203
P16234|Q96JQ0_VDPTTGHVR|0.233
P16234|Q96JQ0_FNSPTYRVD|0.389
P16234|Q96JQ0_NSPTYRVDL|0.332
P16234|Q96JQ0_VMAVSGSKA|0.0
P16234|Q96JQ0_AVSGSKAEL|0.0
P16234|Q96JQ0_TTLQTLDRE|0.0
P16234|Q96JQ0_STTGTVHVA|0.0
P16234|Q96JQ0_LNDNSPTFL|0.0
P16234|Q96JQ0_DNSPTFLQA|0.009
P16234|Q96JQ0_VPPGTLVTT|0.0
P16234|Q96JQ0_GTLVTTLQA|0.0
P16234|Q96JQ0_TLVTTLQAK|0.0
P16234|Q96JQ0_AARVSYRLA|0.26
P16234|Q96JQ0_ARVSYRLAS|0.497
P16234|Q96JQ0_YRLASGGDG|0.079
P16234|Q96JQ0_DHAPTFPTS|0.395
P16234|Q96JQ0_RLAGTPPPG|0.0
P16234|Q96JQ0_PPPGTTVDS|0.0
P16234|Q96JQ0_TVDSYTGEI|0.38
P16234|Q96JQ0_VDSYTGEIR|0.34
P16234|Q96JQ0_RPARSATGV|0.0
P16234|Q96JQ0_QTLPSYGGP|0.01
P16234|Q96JQ0_PRVASVASS|0.003
P16234|Q96JQ0_ASVASSLAA|0.0
P16234|Q96JQ0_SVASSLAAR|0.0
P16234|Q96JQ0_GATLYREEG|0.414
P16234|Q6V1P9_TFLVYEDVP|0.364
P16234|Q6V1P9_KVEESPVPQ|0.0
P16234|Q6V1P9_IGKITAIDM|0.0
P16234|Q6V1P9_IDMDSGKNG|0.0
P16234|Q6V1P9_DYRPSYRMS|0.41
P16234|Q6V1P9_YRPSYRMSV|0.477
P16234|Q6V1P9_TLKTSNTLD|0.0
P16234|Q6V1P9_KTSNTLDRE|0.0
P16234|Q6V1P9_DGVLSLCSK|0.0
P16234|Q6V1P9_LSLCSKSGQ|0.0
P16234|Q6V1P9_SVNKTNGNI|0.0
P16234|Q6V1P9_DLRVTRDAS|0.007
P16234|Q6V1P9_DSALSDHES|0.0
P16234|Q6V1P9-5_GGGLSAQAF|0.0
P16234|Q6V1P9-5_TNKQTNKIL|0.0
P16234|P42126_QNFVSFISK|0.0
P16234|P42126_VSFISKDSI|0.0
P16234|P42126_ISKDSIQKS|0.0
P16234|P27707_FSASSEGTR|0.0
P16234|P27707_AAGKSTFVN|0.0
P16234|P27707_CNVQSTQDE|0.0
P16234|P27707_LHRIYLRGR|0.0
P16234|P27707_IPLEYLEKL|0.133
P16234|Q6PJP8_NILKSVEKA|0.0
P16234|Q6PJP8_VEKATDGKY|0.0
P16234|Q6PJP8_TDGKYQSKR|0.284
P16234|Q6PJP8_GKYQSKRSR|0.0
P16234|Q6PJP8_SQHVSPKIR|0.001
P16234|Q6PJP8_YFKKSPSLT|0.0
P16234|Q6PJP8_HIQTSQQAL|0.0
P16234|Q6PJP8_SKDGSLEED|0.0
P16234|Q6PJP8_EDDDSCGFF|0.0
P16234|Q6PJP8_YRFNSLNDL|0.002
P16234|Q6PJP8_YNQVSLPLV|0.0
P16234|Q6PJP8_IRKLSSENL|0.0
P16234|Q6PJP8_NLSSTPAPK|0.0
P16234|Q6PJP8_NPVPSPNQK|0.0
P16234|Q6PJP8_CQKRSDHLI|0.0
P16234|Q6PJP8_HLINTESEA|0.0
P16234|Q6PJP8_INTESEAVN|0.0
P16234|Q6PJP8_AVNLSKVKV|0.0
P16234|Q6PJP8_NVGGSRKKT|0.056
P16234|Q6PJP8_AFRPTGWTH|0.0
P16234|Q6PJP8_GTWKSRSTM|0.0
P16234|Q9H816_QDSLSPRIS|0.0
P16234|Q9H816_SRKPSLLWL|0.0
P16234|Q9H816_KEKLSPWPA|0.0
P16234|P07585_PGAFTPLVK|0.0
P16234|P07585_YSGVSLFSN|0.007
P16234|P07585_VSLFSNPVQ|0.0
P16234|Q9NPI6_GQEMSLAAL|0.0
P16234|Q9NPI6_VYRRSASPY|0.183
P16234|Q9NPI6_SASPYHGFT|0.151
P16234|Q9NPI6_QMGDSNISS|0.0
P16234|Q9NPI6_DSNISSPGL|0.0
P16234|Q9NPI6_GLQPSTQLS|0.0
P16234|Q9NPI6_NLGSTETLE|0.0
P16234|Q9NPI6_GSTETLEEM|0.0
P16234|Q9NPI6_LFGTSLPKE|0.0
P16234|Q9NPI6_PEITTPVLI|0.0
P16234|Q9NPI6_PVLITPASI|0.0
P16234|Q9NPI6_KHAPTYTIP|0.115
P16234|Q9NPI6_HAPTYTIPL|0.0
P16234|Q9NPI6_APTYTIPLS|0.0
P16234|Q9NPI6_PRNSTMMQA|0.388
P16234|Q9NPI6_QAVKTTPRQ|0.0
P16234|Q9NPI6_IANQSPFRA|0.0
P16234|Q9NPI6_GQLATPESF|0.0
P16234|Q9NPI6_ATPESFIEP|0.0
P16234|Q9NPI6_GTPESQRKP|0.0
P16234|Q9NPI6_QRKPSIILS|0.0
P16234|Q9NPI6_QLQDTLIHL|0.0
P16234|Q8IZD4_TRSASPKHG|0.0
P16234|Q8IZD4_AHQGTGAGI|0.0
P16234|Q8IZD4_AKDEYTKCK|0.382
P16234|Q8IZD4_KDEYTKCKT|0.128
P16234|Q8IZD4_KKITSSSAI|0.0
P16234|Q8IZD4_KITSSSAIY|0.0
P16234|Q8IZD4_ITSSSAIYD|0.0
P16234|Q8IZD4_PQHLSLTAL|0.0
P16234|Q8IZD4_HLSLTALFG|0.0
P16234|Q8IZD4_RSLSYEEPR|0.158
P16234|Q8IZD4_PRRHSPPIE|0.0
P16234|Q8IZD4_KLQSTPGAA|0.0
P16234|Q8IZD4_KCDPSTPAP|0.0
P16234|Q8IZD4_CDPSTPAPA|0.352
P16234|Q8IZD4_ALNRSRAPT|0.0
P16234|Q8IZD4_TEQQTPLFQ|0.0
P16234|Q8IZD4_LPIQSPEPS|0.0
P16234|Q8IU60_EWKEYKMGV|0.002
P16234|Q8IU60_GVPTYGAII|0.147
P16234|Q8IU60_CKDDYIELR|0.188
P16234|Q8IU60_RNDMTPKSK|0.0
P16234|Q8IU60_DNGFSSTGS|0.0
P16234|Q8IU60_HSEMSDLLK|0.0
P16234|Q8IU60_GRKQYQDSP|0.0
P16234|Q8IU60_QYQDSPNQK|0.0
P16234|Q8IU60_TDAVYDLPS|0.208
P16234|Q8IU60_YDLPSSSED|0.0
P16234|Q8IU60_DLPSSSEDQ|0.0
P16234|Q8IU60_LPSSSEDQL|0.0
P16234|Q8IU60_RAFLSFKFD|0.0
P16234|Q96C86_HAASTEEKE|0.0
P16234|Q96C86_VGNGTCAPV|0.261
P16234|Q96C86_RLPFSGFRL|0.0
P16234|Q96C86_VNEASGDGD|0.0
P16234|Q5T197_AEEKTVIFP|0.0
P16234|Q5T197_VGGDSMLAR|0.0
P16234|Q5T1A1_EAVRSTAGL|0.0
P16234|Q5T1A1_AVRSTAGLP|0.0
P16234|Q5T1A1_AGLPTVLPL|0.0
P16234|P32321_KRDDYLEWP|0.021
P16234|P32321_KDPNSQVGA|0.0
P16234|P32321_CIVNSENKI|0.0
P16234|P32321_NKLDTKYPY|0.427
P16234|Q96GG9_LYNRYKDPQ|0.232
P16234|Q6PH85_RTAIYCLTQ|0.414
P16234|Q6PH85_LERLYGRYK|0.066
P16234|Q8IWE4_CKNPSSTLG|0.0
P16234|Q8IWE4_MCKFTRKEF|0.0
P16234|Q8IWE4_CKAISADSI|0.0
P16234|Q8IWE4_ISADSIDGI|0.0
P16234|Q8IWE4_ARFPSLLTE|0.001
P16234|Q92564_RSCSSSDCF|0.0
P16234|Q92564_RRPASGDDL|0.0
P16234|Q92564_GDDLSAKKS|0.0
P16234|Q9BTE7_DTAKSMLAL|0.0
P16234|Q7Z4W1_IGRGTVQAL|0.0
P16234|Q7Z4W1_VVAVSRTQA|0.0
P16234|Q7Z4W1_AVSRTQADL|0.0
P16234|Q7Z4W1_DWEATERAL|0.0
P16234|Q7Z4W1_VTNHSVYCS|0.407
P16234|Q7Z4W1_SVYCSTKGA|0.398
P16234|Q7Z4W1_VYCSTKGAL|0.098
P16234|Q7Z4W1_AVNPTVVMT|0.002
P16234|A8MPP1_GAAGTPRPA|0.0
P16234|A8MPP1_VLAEYESDE|0.0
P16234|A8MPP1_AEYESDEEK|0.0
P16234|A8MPP1_SRTHSQLAQ|0.0
P16234|A8MPP1_VSLGSRQNL|0.0
P16234|A8MPP1_TQSLSQTGT|0.0
P16234|A8MPP1_VLLAYSRCI|0.0
P16234|A8MPP1_LLAYSRCIQ|0.0
P16234|Q9BW61_FHADSVCKA|0.04
P16234|Q9BW61_VCKASNRRP|0.0
P16234|Q9BW61_RPSVYLPTR|0.161
P16234|Q9BW61_QIIVTEKTN|0.149
P16234|Q9BW61_VTEKTNILL|0.0
P16234|O94760_QHQLYVGVL|0.135
P16234|O94760_GVLGSKLGL|0.0
P16234|O94760_PGAPSRRKE|0.0
P16234|O94760_ILADTFKDY|0.001
P16234|O94760_TFKDYAVST|0.267
P16234|O95865_TLDGTDVLF|0.113
P16234|O95865_DVLFTGREF|0.0
P16234|O95865_FVGLSKWTN|0.0
P16234|O95865_VVAGSSDAA|0.0
P16234|O95865_TDHPYASLT|0.375
P16234|O95865_LVPVSCSEL|0.0
P16234|O95865_PVSCSELEK|0.0
P16234|O95865_TRPHS____|0.0
P16234|Q16531_RLEIYVVTA|0.093
P16234|Q16531_LFILTAKYN|0.0
P16234|Q16531_IGRPSETGI|0.0
P16234|Q16531_HVKTYEVSL|0.247
P16234|Q16531_TYEVSLREK|0.0
P16234|Q16531_QMDGTVTLK|0.0
P16234|Q16531_DGTVTLKDL|0.0
P16234|Q16531_RLGDSQLVK|0.0
P16234|Q16531_LKLPSFELL|0.0
P16234|Q16531_TVLRTFRSL|0.001
P16234|Q16531_RSLSTTNVF|0.0
P16234|Q16531_PTVIYSSNH|0.297
P16234|Q16531_KLVFSNVNL|0.0
P16234|Q16531_LHIRTVPLY|0.0
P16234|Q16531_PLYESPRKI|0.0
P16234|Q16531_ALRPSASTQ|0.0
P16234|Q16531_SSSVSSSKL|0.0
P16234|Q16531_PHETSFGEE|0.046
P16234|Q16531_DPNTYFIVG|0.296
P16234|Q16531_VFQYSDGKL|0.0
P16234|Q16531_GKLQTVAEK|0.0
P16234|Q16531_KGAVYSMVE|0.002
P16234|Q16531_FLDISRPKM|0.0
P16234|Q16531_KREATADDL|0.002
P16234|Q16531_VEELTRIH_|0.0
P16234|Q92466_RRCDSDCLW|0.0
P16234|Q92466_RRATSLAWH|0.0
P16234|Q92466_AWHPTHPST|0.0
P16234|Q92466_VAVGSKGGD|0.0
P16234|Q92466_AACFSPDGA|0.0
P16234|Q92466_FQHLTPIKA|0.0
P16234|P20711_DQAHSSVER|0.0
P16234|Q96MC4_NEPDSQGPI|0.0
P16234|Q96MC4_IQRRSARPP|0.014
P16234|Q96MC4_EKPQTTKAT|0.0
P16234|Q96MC4_KPQTTKATG|0.0
P16234|Q9ULH1_SRLSSFSSR|0.0
P16234|Q9ULH1_FIAETTEDY|0.325
P16234|Q9ULH1_QKEDSQSRQ|0.0
P16234|Q9ULH1_RQGGYSMHQ|0.302
P16234|Q9ULH1_LNLLTCQVK|0.0
P16234|Q9ULH1_AGENSLEDL|0.0
P16234|Q9ULH1_SRIQSLELD|0.0
P16234|Q9ULH1_VGNNSFNDI|0.0
P16234|Q9ULH1_ANLPSPSPK|0.0
P16234|Q9ULH1_DDKPSPIKK|0.0
P16234|Q9ULH1_KKERSPRPQ|0.0
P16234|Q9ULH1_PRPQSFCHS|0.0
P16234|Q9ULH1_CHSSSISPQ|0.0
P16234|Q9ULH1_SSSISPQDK|0.0
P16234|Q9ULH1_LPGFSTPRD|0.0
P16234|Q9ULH1_STQTSSGSS|0.0
P16234|Q9ULH1_GGPSSSSKT|0.0
P16234|Q9ULH1_FEGLSQQSS|0.0
P16234|Q9ULH1_SQQSSTSSA|0.0
P16234|Q9ULH1_TDHLSLDKA|0.0
P16234|Q9ULH1_PNVQSRDAI|0.0
P16234|Q9ULH1_ASEDSNDLT|0.01
P16234|Q9ULH1_SNDLTPTLP|0.0
P16234|Q9ULH1_TLPETPVPL|0.0
P16234|Q9ULH1_VIIVTGEED|0.0
P16234|Q9ULH1_VFPVSFVHI|0.0
P16234|Q9ULH1_VHILSD___|0.001
P16234|O43150_QMCEYLLKV|0.254
P16234|O43150_QKEDSQIRQ|0.0
P16234|O43150_QSTAYSLHQ|0.19
P16234|O43150_STAYSLHQP|0.005
P16234|O43150_ERNGSLYKK|0.44
P16234|O43150_KRKCSVKNG|0.0
P16234|O43150_NGFLTISHG|0.0
P16234|O43150_FLTISHGTA|0.0
P16234|O43150_EAVKTRDIF|0.0
P16234|O43150_VHVEYEWRL|0.252
P16234|O43150_KLQPSPNRR|0.0
P16234|O43150_DRPISFYQL|0.041
P16234|O43150_PISFYQLGS|0.241
P16234|O43150_YQLGSNQLQ|0.363
P16234|O43150_QNETYGALL|0.29
P16234|O43150_QTASSANTL|0.0
P16234|O43150_WKTNSVSVD|0.189
P16234|O43150_SRQRSSSDP|0.0
P16234|O43150_PLTPTPPPP|0.0
P16234|O43150_ADKSTPLTN|0.0
P16234|O43150-2_KDPLTPTPP|0.0
P16234|O43150-2_PLTPTPPPP|0.0
P16234|Q8TDY4_NEEQYREAV|0.388
P16234|Q8TDY4_SRKNSGCGY|0.002
P16234|Q8TDY4_TRRDYIMAK|0.431
P16234|Q8TDY4_IMAKYVEHR|0.401
P16234|Q8TDY4_TEPGSDSEE|0.0
P16234|Q8TDY4_AHWASGRLD|0.0
P16234|Q8TDY4_LGAATPQGE|0.0
P16234|Q8TDY4_PSEMYLPVR|0.0
P16234|Q8TDY4_RGARSPEDG|0.0
P16234|Q8TDY4_EDGPSARQP|0.0
P16234|Q8TDY4_DGSRTGSLP|0.0
P16234|Q8TDY4-3_GRQASLSLG|0.0
P16234|Q8NEL9_DPCLSDENY|0.002
P16234|Q8NEL9_SDENYDFSS|0.243
P16234|Q8NEL9_ERKRTRLGG|0.0
P16234|Q8NEL9_EDKKTWKPF|0.0
P16234|Q8NEL9_PFIGYDSLR|0.0
P16234|Q8NEL9_RGGLYEVDV|0.016
P16234|Q8NEL9_EVSKSIDGK|0.0
P16234|Q8NEL9_DAVHSFKLS|0.0
P16234|Q8NEL9_KLGFSKASS|0.0
P16234|Q8NEL9_SSSGTRLHR|0.0
P16234|Q8NEL9_LDELYITKR|0.131
P16234|Q8NEL9_GLKASSMTQ|0.0
P16234|Q8NEL9_LKASSMTQT|0.0
P16234|Q8NEL9_RPGNTGSQD|0.0
P16234|Q8NEL9_GNTGSQDHI|0.0
P16234|Q8NEL9_STIPSPVTS|0.0
P16234|Q8NEL9_PSPVTSPVL|0.0
P16234|Q8NEL9_LGAASIGKG|0.0
P16234|Q8NEL9_GMLFSRFGR|0.0
P16234|Q8NEL9_GRSSTTQSS|0.0
P16234|O94830_KYVPYSESF|0.351
P16234|O94830_YVPYSESFS|0.282
P16234|O94830_DDWGSTPTE|0.0
P16234|O94830_DWGSTPTEQ|0.0
P16234|O94830_GSTPTEQGR|0.0
P16234|O94830_GDIDSEKDS|0.0
P16234|O94830_TRKNSMGIK|0.001
P16234|O94830_RNGDYLDVG|0.283
P16234|O94830_LTRMSMDLK|0.0
P16234|Q8WTU0_GTSSSRPQH|0.0
P16234|Q8WTU0_RLRLYTADP|0.0
P16234|Q8WTU0_LRLYTADPL|0.349
P16234|Q8WTU0_GQDESSDKE|0.0
P16234|Q8WTU0_QDESSDKEI|0.0
P16234|Q5TDH0_IDFSSIAVP|0.0
P16234|Q5TDH0_GEITSSPQG|0.0
P16234|P35638_EEEESKIFT|0.0
P16234|P35638_KIFTTLDPA|0.0
P16234|P35638_LAWLTEEEP|0.408
P16234|Q9NX09_STSSSPSSL|0.0
P16234|Q9NX09_SSSPSSLPR|0.0
P16234|Q96D03_NCSWTSFRD|0.313
P16234|Q96D03_CSWTSFRDF|0.0
P16234|O94850_GSAGTAPRR|0.0
P16234|O94850_SQVPTSSAP|0.0
P16234|O94850_QVPTSSAPA|0.0
P16234|O94850_APAATPART|0.0
P16234|O94850_TVFPSPCQK|0.0
P16234|O94850_TQPGSPEHQ|0.0
P16234|Q99489_SDKFTPDTT|0.23
P16234|Q99489_HALRTPIPK|0.0
P16234|Q99489-4_AIANSAEAG|0.0
P16234|Q99489-4_VHLVSGIKG|0.0
P16234|P39656_DPSLSLIKY|0.0
P16234|P39656_IVGKSSLNP|0.0
P16234|P39656_AAPGSQRYS|0.448
P16234|P39656_QTGNYELAV|0.44
P16234|P39656_VGPVSHHRV|0.417
P16234|P39656_LPDVYGVFQ|0.396
P16234|P39656_YTHLYSSTQ|0.407
P16234|P39656_THLYSSTQV|0.0
P16234|Q08345_TIPDSDISA|0.335
P16234|Q08345_VPGDTILIN|0.344
P16234|Q08345_NPPHSAPCV|0.411
P16234|Q08345_LLLATYARP|0.43
P16234|Q08345_LCMITDYME|0.488
P16234|Q08345_DALNTV___|0.448
P16234|Q08345-2_LCMITDYME|0.287
P16234|Q16832_PLGMSGGQI|0.008
P16234|Q16832_NNNRSSSPS|0.303
P16234|Q16832_SEQGSNSTY|0.195
P16234|Q16832_QGSNSTYDR|0.443
P16234|Q16832_GSNSTYDRI|0.444
P16234|Q16832_YQEPSRLIR|0.439
P16234|Q16832_GVPHYAEAD|0.508
P16234|Q16832_RNLYSGDYY|0.416
P16234|Q96HY6_ILFLTRSRG|0.0
P16234|Q96HY6_GRAASAGQE|0.0
P16234|Q96HY6_KRLESQREA|0.0
P16234|Q96HY6_EHEEYLKLK|0.0
P16234|Q96HY6_YIKQSKVVL|0.0
P16234|Q96HY6_EDLASQVGL|0.0
P16234|Q96HY6_VGLRTQDTI|0.0
P16234|Q96HY6_RTQDTINRI|0.0
P16234|Q96HY6_RGRVSIAEL|0.0
P16234|Q96HY6_WGRESPAQA|0.0
P16234|P30046_LELDTNLPA|0.0
P16234|P30046_FPLESWQIG|0.0
P16234|A6NHG4_LELDTNLPA|0.0
P16234|A6NHG4_AAAASILGK|0.0
P16234|Q92499_IQIVYETLK|0.171
P16234|Q92499_KTGASVLNK|0.0
P16234|Q92499_QMNPYDRGS|0.391
P16234|Q92499_FAIGSDGLC|0.0
P16234|Q92499_TMQASLDLG|0.0
P16234|Q92499_GFGGTGKKS|0.0
P16234|Q92499_FVALSKAPD|0.008
P16234|Q92499_QVTQTKFLP|0.0
P16234|Q92499_KLNLSQVRF|0.0
P16234|Q92499_LSQGYSDFI|0.0
P16234|Q92499_SQGYSDFIN|0.222
P16234|Q92499_KGEDSVPDT|0.0
P16234|Q92499_LKGEYAVRA|0.435
P16234|Q92499_GHQFSCVCL|0.038
P16234|Q92499_HGVPYVINV|0.263
P16234|Q92499_VINVTLPDE|0.063
P16234|Q92499_SLVATEKEK|0.0
P16234|Q92499_YHVCSSRGK|0.036
P16234|Q92499_HVCSSRGKG|0.0
P16234|Q92499_AGGGSYKGH|0.0
P16234|Q92499_LHLGYLPNQ|0.0
P16234|Q13206_NSPGSGARP|0.0
P16234|Q13206_VERESISRL|0.0
P16234|Q13206_QEAQYRLVT|0.0
P16234|Q13206_YRLVTEIQK|0.004
P16234|Q13206_ILVCTPGRL|0.0
P16234|Q13206_HMDETVSFH|0.216
P16234|Q13206_KKRQTLLFS|0.0
P16234|Q13206_LFSATQTKS|0.0
P16234|Q13206_KNPEYVWVH|0.34
P16234|Q13206_LEQNYIVCE|0.0
P16234|Q13206_RMEVYNEFV|0.441
P16234|Q13206_SQAPSLPNT|0.0
P16234|Q13206_SLPNTSEAQ|0.0
P16234|Q13206_LPNTSEAQK|0.0
P16234|Q13206_EPSKSSIKK|0.0
P16234|Q13206_PSKSSIKKK|0.003
P16234|Q13206_EDDDTGGIN|0.0
P16234|Q13206_DKYRSSEDS|0.0
P16234|Q13206_VGPTSHNRK|0.0
P16234|Q13206_HLLRSQS__|0.0
P16234|Q13206_LRSQS____|0.0
P16234|Q96FC9_GAAGTPRPA|0.0
P16234|Q96FC9_VLAEYESDE|0.123
P16234|Q96FC9_SRTHSQLAQ|0.0
P16234|Q96FC9_PNTQSLSQT|0.0
P16234|Q96FC9_TQSLSQTGT|0.0
P16234|Q96FC9_SRQGSLSQS|0.0
P16234|Q96FC9_VLLAYSRCI|0.001
P16234|Q96FC9_LLAYSRCIQ|0.0
P16234|Q96FC9_YLDQTLSPR|0.0
P16234|Q96FC9_PRPGTPREG|0.014
P16234|Q92771_GAAGTPRPA|0.0
P16234|Q92771_VLAEYESDE|0.356
P16234|Q92771_SRTHSQLAQ|0.009
P16234|Q92771_VSLGSRQNL|0.0
P16234|Q92771_SRQGSLSQS|0.0
P16234|Q92771_VLLAYSRCL|0.256
P16234|Q92771_LLAYSRCLQ|0.002
P16234|O43143_LGEDYPSGK|0.0
P16234|O43143_AMLISAGLP|0.0
P16234|O43143_TPRYYDILK|0.214
P16234|O43143_PVWEYKDRF|0.425
P16234|O43143_VRHQSFVLV|0.267
P16234|O43143_LVGETGSGK|0.0
P16234|O43143_GETGSGKTT|0.0
P16234|O43143_LLERYGVII|0.459
P16234|O43143_AHERTLATD|0.001
P16234|O43143_EIFYTPEPE|0.115
P16234|O43143_PERDYLEAA|0.37
P16234|O43143_ISKASAQQR|0.0
P16234|O43143_TEKAYKTEM|0.384
P16234|O43143_QDNTYPEIL|0.17
P16234|O43143_EILRSNLGS|0.0
P16234|O43143_SNLGSVVLQ|0.0
P16234|O43143_LLNVYHAFK|0.166
P16234|O43143_INYRSLMSA|0.12
P16234|O43143_SRDYYINIR|0.4
P16234|O43143_RTGHYLTVK|0.41
P16234|O43143_QSKEYSQY_|0.283
P16234|O43143_SKEYSQY__|0.366
P16234|O43143_EYSQY____|0.515
P16234|O60231___MATPAGL|0.0
P16234|O60231_EETVSRAGS|0.0
P16234|O60231_DKKAYEEAQ|0.445
P16234|O60231_LGAASLKFG|0.0
P16234|O60231_RDAASQEPK|0.0
P16234|O60231_VAAMSVAAR|0.0
P16234|O60231_IFQPTPPGA|0.002
P16234|O60231_RKAITAGYF|0.007
P16234|Q92841_APPPSVVTR|0.268
P16234|Q92841_LPDLYPFGT|0.42
P16234|Q92841_YPFGTMRGG|0.354
P16234|Q92841_EKNFYVEHP|0.424
P16234|Q92841_VARLTPYEV|0.415
P16234|Q92841_RLTPYEVDE|0.367
P16234|Q92841_NFPQYVMDV|0.408
P16234|Q92841_VADDYGKCS|0.37
P16234|Q92841_RLKSTCIYG|0.212
P16234|Q92841_STCIYGGAP|0.397
P16234|Q92841_ICIATPGRL|0.153
P16234|Q92841_DFLESGKTN|0.0
P16234|Q92841_RRCTYLVLD|0.357
P16234|Q92841_TLMWSATWP|0.0
P16234|Q92841_TDVASRGLD|0.076
P16234|Q92841_DYPNSSEDY|0.238
P16234|Q92841_YPNSSEDYV|0.375
P16234|Q92841_SSEDYVHRI|0.308
P16234|Q92841_GRSRYRTTS|0.467
P16234|Q92841_SRYRTTSSA|0.403
P16234|Q92841_RYRTTSSAN|0.281
P16234|Q92841_RTTSSANNP|0.065
P16234|Q92841_PNLMYQDEC|0.376
P16234|Q92841_SGYGSPNSA|0.428
P16234|Q92841_GSPNSAFGA|0.175
P16234|Q92841_TAQEYGAGT|0.311
P16234|Q92841_GAGTYGASS|0.417
P16234|Q92841_STGRSSQSS|0.0
P16234|Q92841_RSSQSSSQQ|0.0
P16234|Q92841_SSQSSSQQF|0.282
P16234|Q92841_SQQFSGIGR|0.115
P16234|Q92841-3_KGGRSRYRT|0.002
P16234|Q92841-3_SRYRTTSSA|0.037
P16234|Q92841-3_YRTTSSANN|0.001
P16234|Q92841-3_RTTSSANNP|0.0
P16234|Q9NVP1_NLTLSETQN|0.0
P16234|Q9NVP1_VSEETMGSR|0.0
P16234|Q9NVP1_ETMGSRKVK|0.0
P16234|Q9NVP1_GLSETQNGG|0.0
P16234|Q9NVP1_PQKSTVLTN|0.0
P16234|Q9NVP1_SNSESKKKK|0.0
P16234|Q9NVP1_NKGKSEEES|0.0
P16234|Q9NVP1_GSGKTLAFL|0.0
P16234|Q9NVP1_VLILSPTRE|0.0
P16234|Q9NVP1_ILSPTRELA|0.0
P16234|Q9NVP1_IIVATPGRL|0.0
P16234|Q9NVP1_HMQNTPGFM|0.0
P16234|Q9NVP1_PGFMYKNLQ|0.0
P16234|Q9NVP1_TRRQTMLFS|0.0
P16234|Q9NVP1_KEPLYVGVD|0.0
P16234|Q9NVP1_VFFSSCMSV|0.0
P16234|Q9NVP1_SSCMSVKYH|0.0
P16234|Q9NVP1_MSVKYHYEL|0.01
P16234|Q9NVP1_VKYHYELLN|0.305
P16234|Q9NVP1_ELLNYIDLP|0.0
P16234|Q9NVP1_KVPLSEFDF|0.0
P16234|Q9NVP1_LNVNSNEGK|0.0
P16234|Q9NVP1_GGFGYQKTK|0.0
P16234|Q9NUU7_AAVKSMTNL|0.001
P16234|Q9NUU7_VKADTNGII|0.006
P16234|Q9NUU7_TAEKTDEEE|0.001
P16234|Q9NUU7_RAAQSLLNK|0.009
P16234|Q9NUU7_RDPNSPLYS|0.193
P16234|Q9NUU7_GTGKTAAFV|0.002
P16234|Q9NUU7_PDNETYLHR|0.247
P16234|Q9NUU7_DNETYLHRI|0.282
P16234|Q9NUU7_NMVDSKHSM|0.3
P16234|Q9NUU7_ERLDTDDLD|0.005
P16234|Q9UMR2_AAAESLSNL|0.0
P16234|Q9UMR2_NAEKTDEEE|0.014
P16234|Q9UMR2_RAAQSLLNK|0.013
P16234|Q9UMR2_LAMLSQVEP|0.0
P16234|Q9UMR2_PDNETYLHR|0.208
P16234|Q9UMR2_DNETYLHRI|0.291
P16234|Q9UMR2_NMVDSKHSM|0.358
P16234|Q9UMR2_ERLDTDDLD|0.007
P16234|Q9UMR2-2_YSVKSFEEL|0.0
P16234|Q9NR30_LESDTAMKK|0.0
P16234|Q9NR30_KKGETLRKQ|0.052
P16234|Q9NR30_KAEPSEVDM|0.0
P16234|Q9NR30_KEEPSQNDI|0.0
P16234|Q9NR30_TKKVTKNEE|0.151
P16234|Q9NR30_TREKSPKLK|0.0
P16234|Q9NR30_FHHVYSGKD|0.282
P16234|Q9NR30_HHVYSGKDL|0.223
P16234|Q9NR30_MKSTYEQVD|0.393
P16234|Q9NR30_AQELSQNSA|0.0
P16234|Q9NR30_LSQNSAIKQ|0.0
P16234|Q9NR30_DVESYIHRS|0.252
P16234|Q9NR30_CICFYQHKE|0.441
P16234|Q9NR30_HKEEYQLVQ|0.327
P16234|Q9NR30_SVPPTAISH|0.0
P16234|Q9NR30_HFKQSAEKL|0.024
P16234|Q9NR30_VDQRSLINS|0.0
P16234|Q9NR30_SLINSNVGF|0.046
P16234|Q9NR30_ILQCSIEMP|0.0
P16234|Q9NR30_EEIDSKVKG|0.0
P16234|Q9NR30_PREGYGGFR|0.079
P16234|Q9NR30_QREGSRGFR|0.0
P16234|Q9NR30_QREGSRGPR|0.0
P16234|Q9NR30_RGQRSGGGN|0.0
P16234|Q9NR30_GQKRSFSKA|0.0
P16234|Q9NR30_KRSFSKAFG|0.0
P16234|Q9BUQ8_AQPLSLEEL|0.0
P16234|Q9BUQ8_KRRRTRHLN|0.001
P16234|Q9BUQ8_FREDYSITT|0.382
P16234|Q9BUQ8_REDYSITTK|0.255
P16234|Q9BUQ8_DYSITTKGG|0.0
P16234|Q9BUQ8_YSITTKGGK|0.0
P16234|Q9BUQ8_GVAETGSGK|0.0
P16234|Q9BUQ8_AETGSGKTA|0.0
P16234|Q9BUQ8_DQGPYAIIL|0.257
P16234|Q9BUQ8_ILAPTRELA|0.0
P16234|Q9BUQ8_QKPDTDEAE|0.071
P16234|Q9BUQ8_LARSYLRRP|0.308
P16234|Q9BUQ8_PAVVYIGSA|0.0
P16234|Q9BUQ8_VFLMSESEK|0.005
P16234|Q9BUQ8_NIEDYIHRI|0.098
P16234|Q9BUQ8_RIGRTGRAG|0.0
P16234|Q9BUQ8_RAGKSGVAI|0.0
P16234|Q9BUQ8_SAVFYELKQ|0.041
P16234|Q9BUQ8_SPVSSCPPE|0.01
P16234|Q9BUQ8_HKPGTILTK|0.0
P16234|Q9GZR7_KLKDTKSRP|0.0
P16234|Q9GZR7_ELTDYQLVS|0.0
P16234|Q9GZR7_KNPSSLFSK|0.0
P16234|Q9GZR7_SSLFSKEAP|0.0
P16234|Q9GZR7_EEGKSSSPK|0.0
P16234|Q9GZR7_AGEMTSENL|0.0
P16234|Q9GZR7_LRALSFLGF|0.0
P16234|Q9GZR7_GETRTEAGA|0.0
P16234|Q9GZR7_EGPSSLIRE|0.0
P16234|Q9GZR7_VARFTGIKT|0.0
P16234|Q9GZR7_FKKIYKTLK|0.0
P16234|Q9GZR7_KIYKTLKKD|0.0
P16234|Q9GZR7_RHLLSQPLF|0.0
P16234|Q9GZR7_LSCLSKQKK|0.0
P16234|Q9UHL0_LKGIYAMGF|0.0
P16234|Q9UHL0_GTGKTAAFV|0.0
P16234|Q9UHL0_GHQVSLLSG|0.0
P16234|Q9UHL0_VSLLSGELT|0.0
P16234|Q5JSJ4_RGDRYMLVT|0.009
P16234|Q5JSJ4_DEPPYCIKA|0.0
P16234|Q5JSJ4_NFEKTGPDP|0.0
P16234|Q5JSJ4_TLPPYYLLT|0.018
P16234|Q5JSJ4_LPPYYLLTK|0.447
P16234|Q5JSJ4_RILASVGKK|0.0
P16234|Q5JSJ4_YRNAYDIPR|0.402
P16234|Q5JSJ4_LDQLTRMRS|0.0
P16234|Q5JSJ4_KTLASPLRE|0.0
P16234|Q5JSJ4_KRLHTFGNP|0.0
P16234|Q5JSJ4_KRRRSMSLL|0.0
P16234|Q5JSJ4_RRSMSLLLR|0.0
P16234|Q5JSJ4_NGQITPDGF|0.0
P16234|Q96GQ7_KEGTYDGSW|0.001
P16234|Q96GQ7_ADVMSQLKK|0.036
P16234|Q96GQ7_KKRKTEDKE|0.0
P16234|Q96GQ7_AKEGSEPKE|0.0
P16234|Q96GQ7_FEDASQYDE|0.307
P16234|Q96GQ7_VLVPTRELG|0.0
P16234|Q96GQ7_IQVHSVTRQ|0.0
P16234|Q96GQ7_VHSVTRQLA|0.0
P16234|Q96GQ7_LDVKSQEAA|0.038
P16234|Q96GQ7_KDLASVSLK|0.0
P16234|Q96GQ7_LASVSLKNP|0.0
P16234|Q96GQ7_AALLTRTFT|0.0
P16234|Q96GQ7_VMLFTQTKK|0.001
P16234|Q96GQ7_LFTQTKKQA|0.077
P16234|Q96GQ7_AQINTAKRL|0.0
P16234|Q96GQ7_EPERSWFQT|0.0
P16234|Q96GQ7_KGEMTAEER|0.0
P16234|Q96GQ7_QGKKSVFDE|0.0
P16234|Q96GQ7_ELTNTSKKA|0.0
P16234|Q96GQ7_ALKQYRAGP|0.0
P16234|Q96GQ7_RAGPSFEER|0.0
P16234|Q9NUL7_LTVRSPDEP|0.0
P16234|Q9NUL7_PLLVSARRP|0.491
P16234|Q9NUL7_LGQPSLDSL|0.0
P16234|Q9NUL7_PSLDSLPIP|0.0
P16234|Q9NUL7_SRLISLEQL|0.0
P16234|Q9NUL7_LEQLSFLVL|0.0
P16234|Q7Z478_SRAKSAEAG|0.0
P16234|Q7Z478_GEAQSKKPV|0.0
P16234|Q7Z478_KKPVSRPAT|0.0
P16234|Q7Z478_GPKIYSFNS|0.441
P16234|Q7Z478_PKIYSFNST|0.049
P16234|Q7Z478_LQDLYMALQ|0.374
P16234|Q7Z478_LQAFSFKTK|0.243
P16234|Q7Z478_GDLHSALDW|0.0
P16234|Q7Z478_QIQATISPP|0.0
P16234|Q7Z478_KTKTYEEDP|0.293
P16234|Q7Z478_ENSKSLEEE|0.0
P16234|Q7Z478_PPVATEGES|0.246
P16234|Q7Z478_NLPKSPNPS|0.0
P16234|Q7Z478_KHRDSIVET|0.005
P16234|Q7Z478_PRRISAVSL|0.0
P16234|Q7Z478_ISAVSLANR|0.121
P16234|Q7Z478_ATVDSEKFS|0.0
P16234|Q7Z478_GIKKYQEYI|0.307
P16234|Q7Z478_KYQEYIPVQ|0.433
P16234|Q7Z478_RSEITYCRR|0.018
P16234|Q7Z478_SEITYCRRN|0.397
P16234|Q7Z478_LQIITELIK|0.15
P16234|Q7Z478_ELIKTENN_|0.0
P16234|O00571_DLNSSDNQS|0.002
P16234|O00571_TKGFYDKDS|0.133
P16234|O00571_KDAYSSFGS|0.204
P16234|O00571_DAYSSFGSR|0.0
P16234|O00571_DGIGSRGDR|0.0
P16234|O00571_RGDRSGFGK|0.0
P16234|O00571_QELFSGGNT|0.0
P16234|O00571_SGGNTGINF|0.0
P16234|O00571_NFEKYDDIP|0.152
P16234|O00571_ELTRYTRPT|0.157
P16234|O00571_AQTGSGKTA|0.0
P16234|O00571_LSQIYSDGP|0.124
P16234|O00571_ENGRYGRRK|0.372
P16234|O00571_RRKQYPISL|0.136
P16234|O00571_AVQIYEEAR|0.004
P16234|O00571_PCVVYGGAD|0.358
P16234|O00571_GRVGSTSEN|0.0
P16234|O00571_EDFLYHEGY|0.315
P16234|O00571_YHEGYACTS|0.409
P16234|O00571_HQFRSGKSP|0.0
P16234|O00571_RSGKSPILV|0.0
P16234|O00571_GLDISNVKH|0.0
P16234|O00571_ENMAYEHHY|0.396
P16234|O00571_YEHHYKGSS|0.329
P16234|O00571_RSKSSRFSG|0.0
P16234|O00571_GARDYRQSS|0.386
P16234|O00571_YRQSSGASS|0.0
P16234|O00571_SSGASSSSF|0.0
P16234|O00571_SSSFSSSRA|0.0
P16234|O00571_SSFSSSRAS|0.0
P16234|O00571_SFSSSRASS|0.0
P16234|O00571_SSRASSSRS|0.0
P16234|O00571_GGGGYGGFY|0.274
P16234|O00571_YGGNYNSQG|0.247
P16234|Q7L2E3___MFSLDSF|0.0
P16234|Q7L2E3_NLLNSVIGR|0.0
P16234|Q7L2E3_DKLVYVHTN|0.316
P16234|Q7L2E3_VYVHTNGPK|0.42
P16234|Q7L2E3_PLRDSRGSS|0.0
P16234|Q7L2E3_SFEMTDDDS|0.004
P16234|Q7L2E3_IRALTQFPL|0.0
P16234|Q7L2E3_LGKDSGPLS|0.0
P16234|Q7L2E3_SGPLSDPIT|0.0
P16234|Q7L2E3_PRRISAVSV|0.0
P16234|Q7L2E3_SRENYLEEN|0.0
P16234|Q7L2E3_ENLLYAPSL|0.608
P16234|Q7L2E3_MAVKSNGSV|0.002
P16234|Q7L2E3_KSNGSVFVR|0.0
P16234|Q7L2E3_VRDSSQVHP|0.0
P16234|Q7L2E3_VLLLTDGDV|0.004
P16234|Q7L2E3_TISLSDSDL|0.0
P16234|Q7L2E3_MVERSLRSE|0.0
P16234|Q7L2E3_RSLRSELAA|0.0
P16234|Q7L2E3_ALPPSVQEE|0.197
P16234|Q7L2E3-2_AAGISPRLQ|0.0
P16234|Q7L2E3-2_SRGFSSSCA|0.0
P16234|Q9H8H2_PVPPSPAPL|0.0
P16234|Q9H8H2_PRTFSRRPP|0.0
P16234|Q9H8H2_PAQASRQAK|0.0
P16234|Q9H8H2_QKMFSPKKH|0.0
P16234|Q9H8H2_KHSVSTSDR|0.0
P16234|Q9H8H2_SVSTSDRNQ|0.0
P16234|Q9H8H2_NILISTPGR|0.0
P16234|Q9H8H2_ILISTPGRL|0.0
P16234|Q9H8H2_QEERTAVFQ|0.0
P16234|Q9H8H2_FHVRSLHLG|0.0
P16234|Q9H8H2_HVAKSFGLR|0.0
P16234|Q9H8H2_LSALTRKKR|0.0
P16234|Q9H8H2_QSKHSLAEI|0.0
P16234|Q9H8H2_SLQPTPCFG|0.245
P16234|O00148_DLLDYDEEE|0.517
P16234|O00148_IKGSYVSIH|0.504
P16234|O00148_VSIHSSGFR|0.0
P16234|O00148_SVKVSVFFG|0.0
P16234|O00148_VRNRSFSLK|0.0
P16234|O00148_NRSFSLKNV|0.009
P16234|O00148_IFRLTPHEK|0.0
P16234|O00148_GLQQYYVKL|0.391
P16234|O00148_LQQYYVKLK|0.555
P16234|O00148_RLSRYQQFK|0.0
P16234|O00148_ILVATNLFG|0.0
P16234|O00148_GRFGTKGLA|0.0
P16234|O00148_ITFVSDEND|0.0
P16234|O15523_SKGRYIPPH|0.294
P16234|O15523_DAYSSFGSR|0.0
P16234|O15523_SSFGSRDSR|0.0
P16234|O15523_DRGRSDYDG|0.0
P16234|O15523_GRSDYDGIG|0.0
P16234|O15523_QELFSGGNT|0.0
P16234|O15523_ELTRYTRPT|0.051
P16234|O15523_YTRPTPVQK|0.021
P16234|O15523_AQTGSGKTA|0.0
P16234|O15523_ENGRYGRRK|0.343
P16234|O15523_RRKQYPISL|0.098
P16234|O15523_AVQIYEEAR|0.0
P16234|O15523_PCVVYGGAD|0.334
P16234|O15523_GRVGSTSEN|0.0
P16234|O15523_ILGATGSDS|0.0
P16234|O15523_GATGSDSLT|0.0
P16234|O15523_TGSDSLTLV|0.0
P16234|O15523_KGADSLEDF|0.0
P16234|O15523_EDFLYHEGY|0.279
P16234|O15523_YHEGYACTS|0.422
P16234|O15523_HQFRSGKSP|0.0
P16234|O15523_RSGKSPILV|0.0
P16234|O15523_FDLPSDIEE|0.0
P16234|O15523_ENMAYEHHY|0.387
P16234|O15523_YEHHYKGGS|0.443
P16234|O15523_GARDYRQSS|0.379
P16234|O15523_DYRQSSGSS|0.0
P16234|O15523_YRQSSGSSS|0.0
P16234|O15523_GGGGYGGFY|0.224
P16234|O15523_YGGNYNSQG|0.206
P16234|Q9NQI0_NFNRTPASS|0.0
P16234|Q9NQI0_GVGKSFGNR|0.0
P16234|Q9NQI0_KRGGYRDGN|0.134
P16234|Q9NQI0_DGNNSEASG|0.0
P16234|Q9NQI0_YTKLTPVQK|0.523
P16234|Q9NQI0_AQTGSGKTA|0.0
P16234|Q9NQI0_GSGKTAAFL|0.0
P16234|Q9NQI0_AVVIYGGTQ|0.32
P16234|Q9NQI0_QLGHSIRQI|0.0
P16234|Q9NQI0_KQIKYLVLD|0.188
P16234|Q9NQI0-3_FLTNSPESS|0.0
P16234|Q9NQI0-3_NSPESSNDC|0.0
P16234|Q9NQI0-3_SERDSWKSE|0.0
P16234|Q9NQI0-3_DSWKSEAEG|0.0
P16234|Q9UJV9_KRARTDEVP|0.0
P16234|Q9UJV9_EQQDSGSEP|0.0
P16234|Q9UJV9_QDSGSEPRG|0.0
P16234|Q9UJV9_KGITYDDPI|0.001
P16234|Q9UJV9_KTSWTPPRY|0.327
P16234|Q9UJV9_LQEDSSPLL|0.0
P16234|Q9UJV9_MMVATPGRL|0.0
P16234|Q9UJV9_NFAKSALVK|0.0
P16234|Q9UJV9_VKPVTINVG|0.0
P16234|Q9UJV9_EAMQTKQVS|0.0
P16234|Q9UJV9_LAHSSMDF_|0.0
P16234|Q86XP3_GFGKSAPPQ|0.287
P16234|Q86XP3_DQEAYFRYM|0.374
P16234|Q86XP3_ITNLTPQQL|0.132
P16234|Q86XP3_VLVATDVAA|0.0
P16234|Q86XP3_GVAYTLLTP|0.299
P16234|Q86XP3_YTLLTPKDS|0.195
P16234|Q86XP3_VMSNYEAYK|0.257
P16234|Q86XP3_AAFQSQYKS|0.392
P16234|Q86XP3_FQSQYKSHF|0.4
P16234|Q86XP3_FVAASLSNQ|0.007
P16234|Q86XP3_AASLSNQKA|0.0
P16234|Q86XP3_SSRHSHGET|0.0
P16234|Q86XP3_HGDGYRHPE|0.383
P16234|Q86XP3_FNRESKMEP|0.018
P16234|Q86XP3_DKVDSKTDK|0.0
P16234|Q86XP3_SRWDS____|0.0
P16234|Q9NXZ2_KNIQSTTNT|0.0
P16234|Q9NXZ2_EQPESLVKI|0.0
P16234|Q9NXZ2_FYKESTATS|0.384
P16234|Q9NXZ2_YKESTATSA|0.037
P16234|Q9NXZ2_MLVLTPTRE|0.455
P16234|Q9NXZ2_ECCKYSYKG|0.436
P16234|Q9NXZ2_KGLRSVCVY|0.0
P16234|Q9NXZ2_IIIATPGRL|0.0
P16234|Q9NXZ2_ILIATDLAS|0.0
P16234|Q9NXZ2_ITTLTRNDW|0.045
P16234|Q7L014_SRSPSDKRS|0.0
P16234|Q7L014_RRSRSRDRD|0.0
P16234|Q7L014_DKRRSRSRD|0.001
P16234|Q7L014_RRSRSRDRK|0.0
P16234|Q7L014_ERRRSRSRD|0.0
P16234|Q7L014_RRSRSRDRR|0.0
P16234|Q7L014_RRSRSRSRG|0.0
P16234|Q7L014_RSRSSSPGN|0.0
P16234|Q7L014_FNMRSVKGG|0.0
P16234|Q7L014_VDLQTALTG|0.455
P16234|Q7L014_GKIEYEPFR|0.0
P16234|Q7L014_RKNFYVEVP|0.403
P16234|Q7L014_MDQRSLEEG|0.001
P16234|Q7L014_AVIMTPTRE|0.0
P16234|Q7L014_IMTPTRELA|0.003
P16234|Q7L014_ALQITKECK|0.0
P16234|Q7L014_LRRVTYVVL|0.357
P16234|Q7L014_RRVTYVVLD|0.208
P16234|Q7L014_RRILSKPIE|0.0
P16234|Q7L014_SVVCSDVEQ|0.0
P16234|Q7L014_FKNGTCKLL|0.0
P16234|Q7L014_KGYAYTFIT|0.278
P16234|Q7L014_DQARYAGDI|0.142
P16234|Q7L014_KFDETEQAL|0.118
P16234|Q7L014_LRGGTILAP|0.0
P16234|Q7L014_APTVSAKTI|0.102
P16234|Q7L014_VSAKTIAEQ|0.0
P16234|Q7L014_AKLNYVPLE|0.316
P16234|Q7L014_SFKRYEEEL|0.291
P16234|Q7L014_DFPQTARWK|0.0
P16234|Q7L014_KAEITRLIK|0.0
P16234|Q7L014_LQNSYQPTN|0.222
P16234|Q9H0S4_ALVLTPTRE|0.0
P16234|Q9H0S4_MDFETEVDK|0.0
P16234|Q9H0S4_RDRKTFLFS|0.0
P16234|Q9H0S4_ILLATDVAS|0.0
P16234|Q9H0S4_DNDDTEGAI|0.0
P16234|P38919___MATTATM|0.0
P16234|P38919_EFETSEEVD|0.0
P16234|P38919_LRGIYAYGF|0.125
P16234|P38919_GIYAYGFEK|0.282
P16234|P38919_AQSQSGTGK|0.0
P16234|P38919_ALGDYMNVQ|0.065
P16234|P38919_RKLDYGQHV|0.432
P16234|P38919_KEQIYDVYR|0.292
P16234|P38919_IYDVYRYLP|0.246
P16234|P38919_VVLISATLP|0.0
P16234|P38919_RDELTLEGI|0.0
P16234|Q9Y6V7_VVIATPGRL|0.0
P16234|Q9Y6V7_LDQRYLLVP|0.001
P16234|Q9Y6V7_LRKFSFPTV|0.0
P16234|Q9Y6V7_LEEFSVEEA|0.0
P16234|Q9Y6V7_LQILTQVNV|0.0
P16234|Q9Y6V7_PRTPSGSHS|0.0
P16234|P17844_EKNFYQEHP|0.199
P16234|P17844_TYRRSKEIT|0.0
P16234|P17844_SKEITVRGH|0.0
P16234|P17844_VLNFYEANF|0.41
P16234|P17844_VAAEYCRAC|0.386
P16234|P17844_RLKSTCIYG|0.027
P16234|P17844_LRRTTYLVL|0.335
P16234|P17844_TLMWSATWP|0.0
P16234|P17844_EEIMSEKEN|0.0
P16234|P17844_KENKTIVFV|0.0
P16234|P17844_TDVASRGLD|0.0
P16234|P17844_FVINYDYPN|0.449
P16234|P17844_DYPNSSEDY|0.058
P16234|P17844_SSEDYIHRI|0.186
P16234|P17844_RSTKTGTAY|0.0
P16234|P17844_TKTGTAYTF|0.441
P16234|P17844_TGTAYTFFT|0.454
P16234|P17844_IKQVSDLIS|0.0
P16234|P17844_SDLISVLRE|0.0
P16234|P17844_GSGRSRGRG|0.0
P16234|P17844_DRENYDRGY|0.368
P16234|P17844_YDRGYSSLL|0.17
P16234|P17844_QNGVYSAAN|0.0
P16234|Q9BQ39_DRRKSRHHY|0.25
P16234|Q9BQ39_SRHHYDSDE|0.331
P16234|Q9BQ39_DIDEYEKKS|0.241
P16234|Q9BQ39_SKRVSSLDT|0.0
P16234|Q9BQ39_KRVSSLDTS|0.0
P16234|Q9BQ39_SSLDTSTHK|0.0
P16234|Q9BQ39_KKSRSPKVL|0.0
P16234|Q9BQ39_TSYQSQINH|0.035
P16234|Q9BQ39_ILVGTPGRI|0.0
P16234|Q9BQ39_DNPQTLLFS|0.309
P16234|Q9BQ39_MKSRYEQVD|0.331
P16234|Q9BQ39_DVESYIHRS|0.346
P16234|Q9BQ39_DGNTSSNSR|0.0
P16234|Q9BQ39_TSSNSRQRS|0.019
P16234|Q9BQ39_RSGWSSGRS|0.0
P16234|Q9BQ39_SRSGSRQDG|0.0
P16234|Q9BQ39_GHKRSFD__|0.178
P16234|Q8N8A6_TEPATRRRR|0.0
P16234|Q8N8A6_ERSTSASAE|0.0
P16234|Q8N8A6_ALLESAACG|0.0
P16234|Q8N8A6_DAPQYLRTY|0.358
P16234|Q8N8A6_QYLRTYVHR|0.33
P16234|Q8N8A6_RVGRTARAG|0.0
P16234|Q9Y2R4_DFDSSEVLQ|0.0
P16234|Q9Y2R4_EEGATIQWM|0.0
P16234|Q9Y2R4_IQWMSSVEA|0.0
P16234|Q9Y2R4_QWMSSVEAK|0.0
P16234|Q9Y2R4_DILVTTPNR|0.0
P16234|Q9Y2R4_LERESISTT|0.0
P16234|Q9Y2R4_SISTTPKCF|0.001
P16234|Q86TM3_TVMTSATWP|0.0
P16234|Q86TM3_MTSATWPDT|0.0
P16234|Q86TM3_TWPDTVRQL|0.0
P16234|Q86TM3_NIDVYVHRV|0.247
P16234|Q86TM3_HRVGYIGRT|0.0
P16234|Q8TDD1_KKKKSGGFQ|0.0
P16234|Q8TDD1_MKKGYKVPT|0.29
P16234|Q8TDD1_AMARTGSGK|0.0
P16234|Q8TDD1_GSGKTACFL|0.0
P16234|Q8TDD1_LKTHSAQTG|0.0
P16234|Q8TDD1_ALILSPTRE|0.0
P16234|Q8TDD1_TLKFTKELG|0.0
P16234|Q8TDD1_IIIATPGRL|0.0
P16234|Q8TDD1_FLGRSLTLA|0.0
P16234|Q8TDD1_GRSLTLARP|0.0
P16234|Q8TDD1_LKEPSGVAG|0.0
P16234|Q8TDD1_SGLQSTLEA|0.0
P16234|Q8TDD1_RPAPSPESI|0.0
P16234|Q8TDD1_RLVDSIKNY|0.249
P16234|Q8TDD1_KRQRSGPNR|0.0
P16234|Q8TDD1_FVGQSGQED|0.0
P16234|Q8TDD1_KKIKTESGR|0.0
P16234|Q8TDD1_IKTESGRYI|0.0
P16234|Q8TDD1_YISSSYKRD|0.087
P16234|Q8TDD1_HAPGTPAGR|0.0
P16234|Q8TDD1-2_HAPGTPAGR|0.0
P16234|Q8NHQ9_LGFPYMTPV|0.0
P16234|Q8NHQ9_FPYMTPVQS|0.0
P16234|Q8NHQ9_TPVQSATIP|0.0
P16234|Q8NHQ9_VQSATIPLF|0.0
P16234|Q8NHQ9_KLKKSQVGA|0.0
P16234|Q8NHQ9_IIVATPGRL|0.0
P16234|Q8NHQ9_SAQKTPSRL|0.0
P16234|Q9NY93_QLATYCARD|0.361
P16234|Q9NY93_VANVSAAED|0.0
P16234|Q9NY93_FSIPTCVLN|0.0
P16234|Q9NY93_LPLRSRCHI|0.0
P16234|Q9NY93_KRAKSQNPL|0.0
P16234|Q9NY93_TAKPS____|0.0
P16234|Q5T1V6_DDGKSCVAK|0.0
P16234|Q5T1V6_QLDKSRDVP|0.0
P16234|Q5T1V6_PLNASYVYK|0.006
P16234|Q5T1V6_NLKKSGYEV|0.003
P16234|Q5T1V6_KKSGYEVPT|0.0
P16234|Q5T1V6_YEVPTPIQM|0.001
P16234|Q5T1V6_PRMKTVLLV|0.002
P16234|Q5T1V6_PPQLYRLQQ|0.067
P16234|Q5T1V6_QLLNSPYLH|0.02
P16234|P26196_IMGLSSQNG|0.0
P16234|P26196_MGLSSQNGQ|0.0
P16234|P26196_GGTQTQQQM|0.0
P16234|P26196_QSMTTTIKP|0.0
P16234|P26196_DWKKTLKLP|0.0
P16234|P26196_LRIKTSDVT|0.0
P16234|P26196_GTGKSGAYL|0.0
P16234|P26196_GVTQYYAYV|0.314
P16234|P26196_VTQYYAYVT|0.487
P16234|P26196_HCLNTLFSR|0.001
P16234|P26196_NTLFSRLQI|0.0
P16234|P26196_INLITYDDR|0.263
P16234|P26196_NLITYDDRF|0.404
P16234|P26196_KPIPSNIDK|0.0
P16234|Q8IY21_RVLRSVQKY|0.007
P16234|Q8IY21_SVQKYHVFQ|0.005
P16234|Q8IY21_KIIVTQTIK|0.0
P16234|Q8IY21_QTIKSKKDF|0.23
P16234|Q8IY21_KRNKYSVGI|0.284
P16234|Q8IY21_SGKTYASYY|0.62
P16234|Q8IY21_TYASYYCME|0.516
P16234|Q8IY21_IENNTASKR|0.0
P16234|Q8IY21_PPDLTLSPR|0.0
P16234|Q8IY21_DLTLSPRES|0.0
P16234|Q8IY21_LQNLSPEAD|0.0
P16234|Q8IY21_EADLSPENM|0.005
P16234|Q8IY21_ENMITMFPL|0.0
P16234|Q8IY21_HFPLSITLV|0.0
P16234|Q8IY21_PLSITLVLR|0.0
P16234|Q5H9U9_QHYPYFLIV|0.571
P16234|Q5H9U9_DRNQTFSKE|0.0
P16234|Q5H9U9_NQTFSKENE|0.0
P16234|Q5H9U9_SKKKSFLKE|0.0
P16234|Q5H9U9_EGKISKDLS|0.002
P16234|Q5H9U9_SKDLSIAVQ|0.0
P16234|Q5H9U9_RLLASSVPE|0.0
P16234|Q5H9U9_LLASSVPEL|0.0
P16234|Q5H9U9_QFPLSITLV|0.0
P16234|Q5H9U9_PLSITLVLR|0.0
P16234|Q5H9U9_MLLASKGDD|0.0
P16234|Q14562_ALIGSEPGP|0.0
P16234|Q14562_PDNPSVRTM|0.0
P16234|Q14562_KKKRSRSRD|0.0
P16234|Q14562_KRSRSRDRN|0.0
P16234|Q14562_YRSRSRSQS|0.066
P16234|Q14562_DRDKYGERN|0.296
P16234|Q14562_PEEPTIGDI|0.0
P16234|Q14562_NGKVTSIMQ|0.0
P16234|Q14562_VLSFTGTKT|0.0
P16234|Q14562_KTSLSMKDV|0.0
P16234|Q14562_LVGETNEET|0.0
P16234|Q14562_TNEETSMRN|0.108
P16234|Q14562_VEDDSLERK|0.0
P16234|Q14562_ANVLSKEEF|0.0
P16234|Q14562_RTIHTDVLF|0.0
P16234|Q14562_DEMLTTNVP|0.0
P16234|Q14562_EMLTTNVPE|0.0
P16234|Q14562_MLIMSVHLG|0.0
P16234|Q14562_EGYRTLIDQ|0.0
P16234|Q14562_LEPLYNRYE|0.166
P16234|Q14562_LYNRYEEPN|0.18
P16234|Q08211_KNFLYAWCG|0.418
P16234|Q08211_MTPSYEIRA|0.05
P16234|Q08211_KDAQSNAAR|0.097
P16234|Q08211_DFVNYLVRI|0.158
P16234|Q08211_NEIKSEEVP|0.0
P16234|Q08211_PLTDTPDTT|0.297
P16234|Q08211_TPDTTANAE|0.302
P16234|Q08211_EVGASGYGV|0.593
P16234|Q08211_GASGYGVPG|0.212
P16234|Q08211_VPGPTWDRG|0.027
P16234|Q08211_LKDYYSRKE|0.442
P16234|Q08211_KDYYSRKEE|0.423
P16234|Q08211_EVQATLESE|0.0
P16234|Q08211_IAEMTIYIK|0.36
P16234|Q08211_LAAQSCALS|0.0
P16234|Q08211_VVEAYSGLT|0.383
P16234|Q08211_KVNLSQDLE|0.023
P16234|Q08211_PEDPSVPVA|0.02
P16234|Q08211_NIVVTQPRR|0.32
P16234|Q08211_SCGYSVRFE|0.46
P16234|Q08211_IMFCTVGVL|0.488
P16234|Q08211_RLSMSQLNE|0.0
P16234|Q08211_PHFGSHRYQ|0.357
P16234|Q08211_LPLHSQIPR|0.0
P16234|Q08211_PVGVTKVIL|0.0
P16234|Q08211_VKLFTAHNN|0.114
P16234|Q08211_NMTNYATVW|0.82
P16234|Q08211_ERLETHMTP|0.0
P16234|Q08211_EMFRTPLHE|0.0
P16234|Q08211_NDELTPLGR|0.4
P16234|Q08211_IHKSSVNCP|0.0
P16234|Q08211_NCPFSSQDM|0.0
P16234|Q08211_CPFSSQDMK|0.0
P16234|Q08211_QDMKYPSPF|0.357
P16234|Q08211_MKYPSPFFV|0.302
P16234|Q08211_MTLVTPLQL|0.0
P16234|Q08211_KKVQSDGQI|0.0
P16234|Q08211_KMARYDNGS|0.184
P16234|Q08211_YDNGSGYRR|0.0
P16234|Q08211_NGSGYRRGG|0.208
P16234|Q08211_SSGGYGSGG|0.078
P16234|Q08211_FRAGYGAGV|0.416
P16234|O75398_RDEDSEEDA|0.012
P16234|O75398_EDADSEAER|0.0
P16234|O75398_AAPLTPGPQ|0.0
P16234|O75398_CRNISGTLY|0.014
P16234|O75398_ELPTTPVKK|0.0
P16234|O75398_VKKDSPKNI|0.0
P16234|O75398_GLELSEPRS|0.0
P16234|O75398_HASTYREAA|0.164
P16234|O75398_REAATNQAK|0.0
P16234|Q16698_VAFITGGGT|0.0
P16234|Q16698_KGAFSRLDP|0.0
P16234|Q9NUI1_PRVLTAARK|0.008
P16234|Q9NUI1_GPQASLSTK|0.0
P16234|Q9NUI1_STKVTASPL|0.0
P16234|Q9NUI1_KVTASPLQR|0.0
P16234|Q9NUI1_FASFSAKL_|0.0
P16234|Q9BXN2_IAVVSEKGS|0.0
P16234|Q9BXN2_EDSVTPTKA|0.0
P16234|Q9BXN2_LKIDSSNEL|0.0
P16234|Q9BXN2-3_LKIDSSNEL|0.0
P16234|Q9BXN2-3_KIDSSNELI|0.0
P16234|Q9BXN2-3_DQNHSYPRK|0.0
P16234|Q9BXN2-9_VVLGTMAGF|0.0
P16234|O75618_KRRASQVWP|0.0
P16234|O75618_VRVLSFLFV|0.0
P16234|O75618_KRRKSVTPD|0.0
P16234|Q8WXF8_SPERYSYGT|0.103
P16234|Q8WXF8_ERYSYGTSS|0.469
P16234|Q8WXF8_YSYGTSSSS|0.488
P16234|Q8WXF8_GSPPTKRQR|0.0
P16234|Q8WXF8_PARPSSEGK|0.0
P16234|Q8WXF8_ARPSSEGKV|0.0
P16234|Q9H4E7_SGKVSKSQL|0.0
P16234|Q9H4E7_ERRRSQHRE|0.0
P16234|Q9H4E7_LRQASTNVK|0.006
P16234|Q9H4E7_RQASTNVKH|0.0
P16234|Q9H4E7_KRPVTSSSF|0.0
P16234|Q9H4E7_RPVTSSSFS|0.0
P16234|Q9H4E7_VTSSSFSGF|0.0
P16234|Q9H4E7_AHRDSSLKR|0.388
P16234|Q9H4E7_HRDSSLKRL|0.001
P16234|Q9H4E7_PSPNSNEQQ|0.006
P16234|Q9H4E7_EQQKSLNGG|0.0
P16234|Q9H4E7_PAPASTPQE|0.0
P16234|Q9H4E7_APASTPQED|0.0
P16234|Q6ZN54_AAGRTREAR|0.0
P16234|Q6ZN54_DAMEYDEKL|0.0
P16234|Q6ZN54_YKEKSKSVK|0.19
P16234|Q6ZN54_LRKQSLFQE|0.0
P16234|Q30KQ9-2_GICKTFCDD|0.0
P16234|Q30KQ9-2_DDVEYDYGY|0.0
P16234|Q30KQ9-2_VEYDYGYCI|0.0
P16234|Q30KQ9-2_YDYGYCIKW|0.036
P16234|Q96PH6_TVRFTTDYF|0.399
P16234|Q96PH6_VRFTTDYFE|0.289
P16234|Q96PH6_FTTDYFEVS|0.489
P16234|Q96PH6_YFEVSSKKD|0.0
P16234|Q5J5C9_LAQVTPVMK|0.0
P16234|P59665_NMACYCRIP|0.071
P16234|P59665_GERRYGTCI|0.039
P16234|P59665_RRYGTCIYQ|0.438
P16234|P59666_NMDCYCRIP|0.033
P16234|P59666_GERRYGTCI|0.006
P16234|P59666_RRYGTCIYQ|0.436
P16234|Q01524_RRSCYSTEY|0.429
P16234|Q30KQ5_FSPLSGDIK|0.0
P16234|Q30KQ4____MSVMKP|0.0
P16234|Q30KQ4_PCLMTIAIL|0.0
P16234|Q30KQ4_LAQKTPGGL|0.0
P16234|Q30KQ4_NSSSYSHI_|0.002
P16234|Q30KQ4_SSSYSHI__|0.037
P16234|Q8N690_MKLLYLFLA|0.316
P16234|Q8N690_CCLQSYMRI|0.111
P16234|Q8N690_TDWSYEKQW|0.131
P16234|Q8N687_DTERYILLC|0.0
P16234|O15121_FEWVYTDQP|0.396
P16234|Q6QHC5_DQPHTQRRK|0.0
P16234|Q6QHC5_ILAKYPAIK|0.0
P16234|P35659__MSASAPAA|0.0
P16234|P35659_TMQVSSLQR|0.0
P16234|P35659_VGQFSGFPF|0.0
P16234|P35659_KSVKSANVK|0.0
P16234|P35659_LEEVTMKQI|0.0
P16234|P35659_CKKVYENYP|0.449
P16234|P35659-2_PREESEEEE|0.0
P16234|Q14154_ENMKSGDHT|0.0
P16234|Q14154_SGDHTAAFS|0.0
P16234|Q14154_TAAFSYFQK|0.0
P16234|Q14154_AAFSYFQKA|0.131
P16234|Q14154_ARGYSKAQY|0.002
P16234|Q14154_HGRGTPRDI|0.0
P16234|Q14154_PRDISKAVL|0.0
P16234|Q14154_AQYRYARCL|0.444
P16234|Q14154_RALFSMGAA|0.0
P16234|Q9H790_TDLATQNWC|0.0
P16234|Q9H790_AVLDTGASI|0.0
P16234|Q9H790_QVSLYKYIF|0.407
P16234|Q9H790_WRKGSGVLS|0.0
P16234|Q9H790_SGVLSSTLA|0.0
P16234|Q9H790_GVLSSTLAP|0.0
P16234|Q9H790_VLSSTLAPQ|0.0
P16234|Q08495_QPLTSPGSV|0.005
P16234|Q08495_PSRDSSVPG|0.0
P16234|Q08495_QVLGYKDLA|0.438
P16234|Q08495_DLMIYEPHF|0.393
P16234|Q08495_EPHFTYSLL|0.056
P16234|Q08495_PHFTYSLLE|0.256
P16234|Q08495_HFTYSLLEH|0.0
P16234|Q08495_ELPRSRERS|0.0
P16234|Q08495_SRERSLSPK|0.0
P16234|Q08495_VWADSRSPG|0.0
P16234|Q08495_PGIISQASA|0.0
P16234|Q08495_ISQASAPRT|0.0
P16234|Q08495_RTTGTPRTS|0.0
P16234|Q08495_SRPDSNIYK|0.282
P16234|Q08495_DSNIYKKPP|0.413
P16234|Q08495_KQRESVGGS|0.0
P16234|Q08495_GSPQTKHLI|0.0
P16234|Q08495_IETDYWPCP|0.39
P16234|Q08495_KRKASRRGA|0.0
P16234|Q08495_LPDRTPFHT|0.262
P16234|Q08495_TPFHTSLHQ|0.004
P16234|Q08495_HQGTSKSSS|0.0
P16234|Q08495_GTSKSSSLP|0.0
P16234|Q08495_TSKSSSLPA|0.0
P16234|Q08495_SLPAYGRTT|0.183
P16234|Q08495_YGRTTLSRL|0.001
P16234|Q08495_RLQSTEFSP|0.0
P16234|Q08495_EQKIYPYEM|0.341
P16234|Q08495-2_GTSKSSSLP|0.0
P16234|Q08495-2_SRLQSTEFS|0.0
P16234|Q08495-2_RLQSTEFSP|0.0
P16234|Q08495-2_STEFSPSGS|0.0
P16234|Q8TCE6_QYRRTWFYI|0.001
P16234|Q8TCE6_RTWFYITTI|0.089
P16234|Q8TCE6_VPDSSILKK|0.0
P16234|Q8TEH3_AYPRTGGTL|0.281
P16234|Q8TEH3_KKVSTTTGD|0.001
P16234|Q8TEH3_KVSTTTGDG|0.0
P16234|Q8TEH3_VSTTTGDGV|0.007
P16234|Q8TEH3_DLLNSGEGF|0.0
P16234|Q8TEH3_NMGEYAGSD|0.252
P16234|Q8TEH3_VRKGSGAIL|0.0
P16234|Q8TEH3_AILNTVKTK|0.253
P16234|Q8TEH3_KRPKSNIAV|0.0
P16234|Q8TEH3_QPQPYRTLR|0.327
P16234|Q8TEH3_QPYRTLRES|0.204
P16234|Q8TEH3_DRAASIDLL|0.0
P16234|Q8TEH3_DLGGSERSR|0.0
P16234|Q8TEH3_NKLWSLGQD|0.0
P16234|Q8TEH3_PPAASPEKP|0.001
P16234|Q8TEH3_ILNPSDKEE|0.002
P16234|Q8TEH3_LSALSMPNL|0.0
P16234|Q8TEH3_SRIRTLPLA|0.0
P16234|Q8TEH3_PAPDSVEQL|0.037
P16234|Q8TEH3-2_EGRRTSVPS|0.0
P16234|Q8TEH3-2_TSVPSPEQN|0.0
P16234|Q8TEH3-2_AKFPTRGWT|0.0
P16234|Q8TEH3-2_GWTSSSH__|0.0
P16234|Q8TEH3-6_GRRTSVPSP|0.0
P16234|Q8TEH3-6_TSVPSPEHL|0.001
P16234|Q8TEH3-6_TLRESDSAE|0.0
P16234|Q6P3S1_LRSLYNHPV|0.0
P16234|Q6P3S1_NEEDYGTCS|0.365
P16234|Q6P3S1_GTCSSSVQY|0.26
P16234|Q6P3S1_TCSSSVQYT|0.009
P16234|Q6P3S1_SSVQYTPVY|0.404
P16234|Q6P3S1_SVQYTPVYK|0.004
P16234|Q6P3S1_YTPVYKLHN|0.519
P16234|Q6P3S1_RPLKSLDGA|0.0
P16234|Q6P3S1_DGALYDDED|0.0
P16234|Q6P3S1_YLYESDDSV|0.0
P16234|Q6P3S1_ESDDSVETR|0.0
P16234|Q6P3S1_TRVKTPYSG|0.0
P16234|Q6P3S1_LDTLSTHSS|0.0
P16234|Q6P3S1_LSTHSSDQG|0.0
P16234|Q6P3S1_AAAKSLDFF|0.0
P16234|Q6P3S1_DFFRSMDDI|0.0
P16234|Q6P3S1_DYKPTNKSN|0.011
P16234|Q6P3S1_PTNKSNAPS|0.0
P16234|Q6P3S1_SNAPSENNL|0.0
P16234|Q6P3S1_HLPPSPRKR|0.0
P16234|Q6P3S1_KRVSSSGLT|0.0
P16234|Q6P3S1_FQLTSPEVS|0.0
P16234|Q6P3S1_LSQISDDLL|0.0
P16234|Q6P3S1_LGRHSSTFV|0.0
P16234|Q6P3S1_GRHSSTFVP|0.0
P16234|Q6P3S1-5_GRGFSDVFE|0.0
P16234|Q8IV53_VAPDSGRLP|0.186
P16234|Q8IV53_ALLHSVKAK|0.0
P16234|Q8IV53_KGVQSLLMY|0.0
P16234|Q8IV53_QRGGSLRAP|0.0
P16234|Q8IV53_MGAKSAGSL|0.0
P16234|Q8IV53_KSAGSLRPS|0.0
P16234|Q8IV53_SLRPSQSLD|0.0
P16234|Q8IV53_RPSQSLDCC|0.0
P16234|Q8IV53_DSCFSLPNI|0.0
P16234|Q8IV53_PQPLSLPSL|0.0
P16234|Q9ULE3_GQEDYLPSS|0.002
P16234|Q9ULE3_ERRSSDGVR|0.0
P16234|Q9ULE3_LKDGSAGLD|0.0
P16234|Q9ULE3_QLPGTCYSP|0.0
P16234|Q9ULE3_PWDRSLENV|0.0
P16234|Q9ULE3_DHRKSYEFE|0.396
P16234|Q9ULE3_RVDWYAQTK|0.17
P16234|Q9ULE3_KLGLTRTLS|0.0
P16234|Q9ULE3_GLTRTLSEE|0.0
P16234|Q9ULE3_TRTLSEENV|0.0
P16234|Q9ULE3_KENPYEDIE|0.196
P16234|Q9ULE3_NFPASPTSS|0.0
P16234|Q9ULE3_ASPTSSIPD|0.0
P16234|Q9ULE3_SPTSSIPDT|0.0
P16234|P78524_NSSITHGAG|0.0
P16234|P78524_TLSRSQSVS|0.0
P16234|P78524_SQSVSPPPV|0.0
P16234|P78524_PPAPSPQNP|0.0
P16234|P78524_PQDPSPDTS|0.0
P16234|P78524_FKTASFGYL|0.0
P16234|P78524_YLDRSPSAC|0.048
P16234|P78524_DRSPSACKR|0.0
P16234|P78524_TRAHSLGIR|0.0
P16234|P78524_SPRMSMCGE|0.0
P16234|P78524_KREGSGSEW|0.446
P16234|P78524_EGSGSEWAA|0.0
P16234|P78524_EWAASEGCP|0.0
P16234|P78524_EGCPSLGCP|0.0
P16234|P78524_SVVPSPCSS|0.0
P16234|P78524_SRTFSECSY|0.09
P16234|P78524_FSECSYPET|0.0
P16234|P78524_SYPETEEEG|0.053
P16234|P78524_RDSFYRLEK|0.002
P16234|P78524_RKESSAVLS|0.0
P16234|P78524_PSSCYSVDR|0.008
P16234|P78524_SSCYSVDRG|0.0
P16234|P78524_GTLGSLEEP|0.0
P16234|P78524_EREGSGSTK|0.0
P16234|P78524_QRLPSKSSL|0.0
P16234|P78524_RTFEYEADK|0.0
P16234|P78524_GLPPSPTPA|0.0
P16234|P78524_QSRKSFEFE|0.0
P16234|P78524_SLYPSSPTE|0.0
P16234|P78524_LYPSSPTEN|0.0
P16234|P78524_PSSPTENGT|0.0
P16234|P78524_EENAYEDIV|0.0
P16234|P78524_KENPYEDVD|0.132
P16234|P78524_AGRKSQQLS|0.0
P16234|P78524_SQQLSENSL|0.0
P16234|P78524_LSENSLDSL|0.0
P16234|P78524_NSLDSLHRM|0.0
P16234|P78524_HRMWSPQDR|0.001
P16234|P78524_QDRKYNSPP|0.0
P16234|P78524_RKYNSPPTQ|0.0
P16234|P78524_PNSQSLRSG|0.0
P16234|P78524_PKRHSHDDM|0.0
P16234|P78524_LKKLSMSSI|0.0
P16234|P78524_VHIQSMLKR|0.0
P16234|P78524_APGKTIKVK|0.0
P16234|P78524_TVGHYSLFL|0.0
P16234|P78524_VGHYSLFLT|0.004
P16234|Q68D51_RVLDSSYGI|0.13
P16234|Q68D51_LDSSYGITK|0.044
P16234|Q68D51_GITKSLENI|0.0
P16234|Q68D51_LENIYSEPE|0.538
P16234|Q68D51_FRYLSESGV|0.007
P16234|Q68D51_YLSESGVTP|0.0
P16234|Q68D51_SKRKSFEFE|0.008
P16234|Q68D51_RNRNSQTIR|0.01
P16234|Q68D51_RNSQTIREE|0.0
P16234|Q68D51_SGNESDAEY|0.106
P16234|Q68D51_QKKPSGISY|0.069
P16234|Q68D51_FKCLSVCHL|0.398
P16234|Q68D51_RSLGSKMKF|0.0
P16234|Q9H6A0_MAVIYPFMQ|0.326
P16234|Q9H6A0_DILDSLGQG|0.0
P16234|Q9H6A0_LTSKTNRRF|0.025
P16234|A2RUS2_QIQQTTLQL|0.0
P16234|A2RUS2_QLLVSIFRD|0.0
P16234|A2RUS2_PRRPTVEKR|0.011
P16234|A2RUS2_ASRKSSHLH|0.0
P16234|A2RUS2_SLRLTDTAG|0.0
P16234|A2RUS2_VLNVTPKSP|0.0
P16234|A2RUS2_VTPKSPYTF|0.004
P16234|A2RUS2_MRLISEILD|0.0
P16234|A2RUS2_IDPETFKDF|0.0
P16234|A2RUS2_VRRTTTTFL|0.0
P16234|A2RUS2_RRTTTTFLL|0.0
P16234|A2RUS2_RRIPTLKIR|0.0
P16234|A2RUS2_VWVGSRGLG|0.0
P16234|Q7Z401_NLNNSMWGS|0.0
P16234|Q7Z401_SMWGSAVYL|0.0
P16234|Q7Z401_CYKKSVAKT|0.0
P16234|Q7Z401_TNTVSYKAG|0.389
P16234|Q7Z401_NTVSYKAGL|0.0
P16234|Q7Z401_LLGLTSADG|0.0
P16234|Q7Z401_LGLTSADGK|0.0
P16234|Q7Z401_NLMNTLNNL|0.0
P16234|Q7Z401_AINDYDFNS|0.001
P16234|Q7Z401_LCGQYDQPV|0.009
P16234|Q7Z401_VLGVTQFKR|0.0
P16234|Q7Z401_QTTLSGGQS|0.0
P16234|Q7Z401_LGYNSLSKD|0.0
P16234|Q7Z401_RRGDTSTED|0.0
P16234|Q7Z401_RGDTSTEDI|0.0
P16234|Q7Z401_GDTSTEDIQ|0.0
P16234|Q7Z401_DKKGSDCSS|0.0
P16234|Q7Z401_SDCSSLSES|0.0
P16234|Q7Z401_CSSLSESES|0.0
P16234|Q7Z401_SLSESESTK|0.0
P16234|Q7Z401_PKLSYQNSS|0.302
P16234|Q7Z401_QNSSSIVRL|0.0
P16234|Q7Z401_SDNETNLQQ|0.0
P16234|Q7Z401_SKRDSLEKE|0.0
P16234|Q7Z401_EDLDSETDV|0.0
P16234|Q7Z401_LDSETDVSK|0.0
P16234|Q7Z401_NSSFSVKPF|0.0
P16234|Q7Z401_DEDDSKSIS|0.0
P16234|Q7Z401_KSISTPSAR|0.0
P16234|Q7Z401_ISTPSARRD|0.0
P16234|Q7Z401_NNMSSPLTS|0.0
P16234|Q7Z401_LTSRTPSID|0.0
P16234|Q7Z401_LPPNSPKPV|0.0
P16234|Q7Z401_RLWSSPAFS|0.0
P16234|Q7Z401_SPAFSPTCP|0.0
P16234|Q7Z401_AFSPTCPFR|0.0
P16234|Q7Z401_FREESQDTL|0.0
P16234|Q7Z401_HSSPSFNLD|0.0
P16234|Q7Z401_ASKWYSRFT|0.0
P16234|Q7Z401_RFTMYTTSS|0.018
P16234|Q7Z401_LSRISLESS|0.0
P16234|Q7Z401_SSPSTENMH|0.0
P16234|Q7Z401_FCTRSIQIP|0.0
P16234|Q7Z401_PANRSKTAM|0.0
P16234|Q7Z401-2_LGYNSLSKD|0.0
P16234|O75064_RLVDYFVVA|0.002
P16234|O75064_DTTPYSHSA|0.0
P16234|O75064_ELSGSELTV|0.0
P16234|O75064_GSELTVFIT|0.0
P16234|O75064_TVFITPPEE|0.0
P16234|O75064_GPSRSAPSS|0.0
P16234|O75064_SAPSSPAPR|0.0
P16234|O75064_QRQTTWAGR|0.0
P16234|O75064_WAGRSLRDP|0.0
P16234|O75064_VKSGSLGSA|0.0
P16234|O75064_DEAGTPRRG|0.0
P16234|O75064_QQLLTPSRH|0.0
P16234|O75064_LLTPSRHSP|0.0
P16234|O75064_PSRHSPASR|0.0
P16234|O75064_HSPASRIPP|0.0
P16234|O75064_SLRRSSERL|0.0
P16234|Q5VZ89_LGLLTPVER|0.0
P16234|Q5VZ89_LKKLYPQLS|0.0
P16234|Q5VZ89_YPQLSSVHQ|0.374
P16234|Q5VZ89_TQEGSAIDM|0.0
P16234|Q5VZ89_RDRAYAKFY|0.431
P16234|Q5VZ89_ELDDSQKSE|0.0
P16234|Q5VZ89_SRHPTGNSI|0.0
P16234|Q5VZ89_QEIKTAHKL|0.0
P16234|Q5VZ89_VVLESPWPS|0.0
P16234|Q5VZ89_PWPSSTRSG|0.0
P16234|Q5VZ89_TVQRSQVSS|0.0
P16234|Q5VZ89_RSQVSSISG|0.0
P16234|Q5VZ89_VSSISGGQS|0.0
P16234|Q5VZ89_RELITKTKM|0.0
P16234|Q5VZ89_LITKTKMQT|0.002
P16234|Q5VZ89_PAWGSSIVK|0.0
P16234|Q5VZ89_NSRKSSTGS|0.0
P16234|Q5VZ89_SRKSSTGSI|0.0
P16234|Q5VZ89_RKSSTGSIS|0.0
P16234|Q5VZ89_TGSISNVLF|0.0
P16234|Q5VZ89_SCSFSSESR|0.0
P16234|Q5VZ89_CSFSSESRA|0.0
P16234|Q5VZ89_SSLDSNSSE|0.0
P16234|Q5VZ89_DSNSSEMAI|0.0
P16234|Q5VZ89_TAALTCPKT|0.0
P16234|Q5VZ89_CPKTSLLHI|0.0
P16234|Q5VZ89_HIARTHSFE|0.0
P16234|Q5VZ89_RTCMSESTW|0.0
P16234|Q5VZ89_PEHRSSPVP|0.0
P16234|Q5VZ89_MLEESQELL|0.0
P16234|Q5VZ89_TVDTYESLL|0.385
P16234|Q5VZ89_DTYESLLSD|0.0
P16234|Q5VZ89_LLSDSNSNQ|0.001
P16234|Q5VZ89_SDSNSNQSR|0.0
P16234|Q5VZ89_RNKRSSLYG|0.0
P16234|Q5VZ89_RSSLYGIAK|0.005
P16234|Q5VZ89_ATECTGGKT|0.0
P16234|Q5VZ89_TGGKTPDSE|0.0
P16234|Q5VZ89_KTPDSEDKL|0.0
P16234|Q5VZ89_DEIESYMNL|0.0
P16234|Q5VZ89_EIESYMNLK|0.012
P16234|Q5VZ89_SPLGSKSSS|0.0
P16234|Q5VZ89_LGSKSSSME|0.0
P16234|Q5VZ89_SKSSSMELH|0.0
P16234|Q5VZ89_LERRSSLPL|0.0
P16234|Q5VZ89_LDHGSPAQE|0.0
P16234|Q5VZ89_ENPESEKSS|0.0
P16234|Q5VZ89_ESEKSSPAV|0.0
P16234|Q5VZ89_SEKSSPAVS|0.0
P16234|Q5VZ89_SPAVSRSKT|0.0
P16234|Q5VZ89_SRSKTFTGR|0.0
P16234|Q5VZ89_FKQQTPSRT|0.0
P16234|Q5VZ89_HKERSTSLS|0.0
P16234|Q5VZ89_KERSTSLSA|0.0
P16234|Q5VZ89_STSLSALVR|0.0
P16234|Q5VZ89_ALVRSSPHG|0.0
P16234|Q5VZ89_LVRSSPHGS|0.0
P16234|Q5VZ89_GSLGSVVNS|0.0
P16234|Q5VZ89_SVVNSLSGL|0.0
P16234|Q5VZ89_DNILSGPKI|0.0
P16234|Q5VZ89_DVLKSGMKQ|0.004
P16234|Q5VZ89_KQAATVASK|0.0
P16234|Q5VZ89_ATVASKMWV|0.0
P16234|Q5VZ89_DFEKSDHGS|0.0
P16234|Q5VZ89_EVLMSSCSQ|0.0
P16234|Q5VZ89_KPSTSGDSL|0.0
P16234|Q5VZ89_TSGDSLQSG|0.0
P16234|Q5VZ89_DSLQSGSIP|0.0
P16234|Q5VZ89_ITEETGSAV|0.0
P16234|Q5VZ89_EETGSAVEP|0.0
P16234|Q5VZ89_IKRASGDVQ|0.0
P16234|Q5VZ89_KRNVSLTRS|0.0
P16234|Q5VZ89_SLTRSHSVG|0.0
P16234|Q5VZ89_TRSHSVGGP|0.0
P16234|Q5VZ89_NIDFTQRPF|0.407
P16234|Q5VZ89_FHGISTVSL|0.0
P16234|Q5VZ89_HGISTVSLP|0.0
P16234|Q5VZ89_ISTVSLPNS|0.0
P16234|Q5VZ89_SLPNSLQEV|0.0
P16234|Q5VZ89_LSQDSKLVY|0.0
P16234|Q5VZ89_REPLYVSWR|0.318
P16234|Q5VZ89_SEKKSSLLS|0.194
P16234|Q5VZ89_SSLLSEEQQ|0.0
P16234|Q5VZ89_EQQETSTLV|0.0
P16234|Q5VZ89-7_SDGDTVSHG|0.0
P16234|Q5VZ89-7_VSHGSVDSS|0.0
P16234|Q5VZ89-7_GSVDSSNDA|0.0
P16234|Q5VZ89-7_IRLESIDNH|0.0
P16234|Q5VZ89-7_ERRSSLPLD|0.0
P16234|Q5VZ89-7_ESEKSSPAV|0.0
P16234|Q5VZ89-7_SLTRSHSVG|0.0
P16234|Q5VZ89-7_TRSHSVGGP|0.0
P16234|Q5VZ89-7_ISTVSLPNS|0.0
P16234|Q6ZUT9_KLQRYNSYD|0.2
P16234|Q6ZUT9_QRYNSYDIS|0.171
P16234|Q6ZUT9_SKEGTDRSK|0.0
P16234|Q6ZUT9_TNNISMYEL|0.189
P16234|Q6ZUT9_NISMYELLK|0.048
P16234|Q6ZUT9_DLSASLGEK|0.0
P16234|Q6ZUT9_LRQHSEHVG|0.0
P16234|Q6ZUT9_LSDLSPAVI|0.0
P16234|Q6ZUT9_KQCRTPPQQ|0.156
P16234|Q6ZUT9_PQQKSPTTA|0.0
P16234|Q6ZUT9_ITSLTGKNN|0.0
P16234|Q6ZUT9-2_RHGKSQGAA|0.002
P16234|Q8NEG7_DKEKSSICY|0.003
P16234|Q8NEG7_DDRHYNSRA|0.412
P16234|Q8NEG7_RHYNSRAPV|0.217
P16234|Q8NEG7_KKRPSDVQS|0.032
P16234|Q8NEG7_SDVQSALLR|0.0
P16234|O43583_AADISESSG|0.0
P16234|O43583_ISESSGADC|0.0
P16234|O43583_EAGISEGQG|0.0
P16234|O43583_VDDDSIEDL|0.0
P16234|Q5TB30_RFPATSPLK|0.0
P16234|Q5TB30_LQNKSDDLP|0.003
P16234|Q5TB30_HWVLSAMKC|0.0
P16234|Q5TB30_NNLNSFKST|0.0
P16234|Q5TB30_NSFKSTECL|0.0
P16234|Q5TB30_CLLLSLLHR|0.0
P16234|Q5TB30_EESDSTERL|0.0
P16234|Q5TB30_NRRVSANDI|0.0
P16234|Q5TB30_PRCCSLEGI|0.0
P16234|Q5TB30_VFHQSFPNI|0.0
P16234|Q5TB30_LNLHSEENI|0.0
P16234|Q5TB30_TRRNSYINT|0.0
P16234|Q5TB30_MRMISRMSQ|0.0
P16234|Q8WUY9_RRQLTEANV|0.0
P16234|Q8WUY9_SMTLSYLQK|0.405
P16234|Q8WUY9_MTLSYLQKI|0.332
P16234|Q8WUY9_VQIKYPGAD|0.203
P16234|Q8WUY9_DITLSAPSF|0.081
P16234|Q8WUY9_LSAPSFCRQ|0.0
P16234|Q8WUY9_EEFEYQRSY|0.478
P16234|Q8WUY9_EYQRSYGSQ|0.256
P16234|Q8WUY9_RSYGSQEPL|0.0
P16234|Q8WUY9_QRTRSFRM_|0.0
P16234|O75140_LQKETISVD|0.0
P16234|O75140_VMCGYISED|0.181
P16234|O75140_SLLVTIKKL|0.0
P16234|O75140_KKPASEKAK|0.1
P16234|O75140_RERESHSRK|0.0
P16234|O75140_RESHSRKSA|0.0
P16234|O75140_HSRKSASSC|0.0
P16234|O75140_RKSASSCDV|0.0
P16234|O75140_KSASSCDVS|0.0
P16234|O75140_DVSSSPSLP|0.001
P16234|O75140_PSLPSRTLP|0.006
P16234|O75140_RSQASDDSS|0.001
P16234|O75140_ASDDSSLGK|0.0
P16234|O75140_SDDSSLGKS|0.0
P16234|O75140_EVSSSLGYT|0.268
P16234|O75140_KSLTTPACL|0.0
P16234|O75140_LTTDYFPDR|0.327
P16234|O75140_PPPLSSSPL|0.0
P16234|O75140_PLSSSPLYS|0.001
P16234|O75140_YKWNYLDQY|0.506
P16234|O75140_YLDQYICSA|0.366
P16234|O75140_HSLESTAPP|0.0
P16234|O75140_RRNSTSSTN|0.0
P16234|O75140_ERVGYNWAY|0.433
P16234|O75140_YNWAYNTML|0.446
P16234|O75140-1_PRKVSVDQT|0.0
P16234|Q96QD5_ALNLSALHS|0.0
P16234|Q96QD5_SALHSPAHR|0.0
P16234|Q96QD5_IQNKYFGDV|0.518
P16234|Q96QD5_SPARYADAL|0.127
P16234|Q96QD5_IRSASLEDL|0.0
P16234|Q96QD5_KPANSPHVN|0.001
P16234|Q96QD5_SATLSPQVI|0.0
P16234|Q96QD5_PKRQSTMVN|0.0
P16234|Q96QD5_NSSNYLDRG|0.47
P16234|Q96QD5_NKNLSKGKT|0.0
P16234|Q96QD5_RDAGYIYCQ|0.694
P16234|Q96QD5_AGYIYCQRI|0.734
P16234|Q96QD5_NLLKTLDED|0.0
P16234|Q96QD5_DSKLSAKEK|0.0
P16234|Q9NTK1_MPGHSLARP|0.0
P16234|Q9NTK1_PRPSSVLRT|0.288
P16234|Q8TB45_EEGGSTGSA|0.0
P16234|Q8TB45_EGGSTGSAG|0.0
P16234|Q8TB45_HHLKTYPNC|0.399
P16234|Q8TB45_EKLMSPENT|0.0
P16234|Q8TB45_TFMASEFLD|0.0
P16234|Q8TB45_EKSPSSQET|0.0
P16234|Q8TB45_RKSTSFMSV|0.0
P16234|Q8TB45_SVSPSKEIK|0.0
P16234|Q8TB45_AVRRSSMSS|0.0
P16234|Q8TB45_VRRSSMSSC|0.0
P16234|Q8TB45_GYFSSSPTL|0.0
P16234|Q8TB45_KRPVTSEEL|0.0
P16234|Q8TB45_EELLTPGAP|0.0
P16234|Q8TB45_PGAPYARKT|0.159
P16234|Q8TB45_VDYRTVSNL|0.0
P16234|Q8TB45_YRTVSNLIL|0.0
P16234|Q8TB45_NLILTGPRT|0.0
P16234|Q9Y315_GGIRSAKDS|0.0
P16234|Q9Y315_IGASTLLSD|0.0
P16234|Q9Y315_STLLSDIER|0.0
P16234|Q9Y315_ERQIYHHVT|0.0
P16234|Q9Y315_VTGRYAAYH|0.189
P16234|Q9BUN8_LMFRYPMDL|0.382
P16234|Q9BUN8_RGGVSGFGV|0.0
P16234|Q9GZP9_AIFDTPDED|0.0
P16234|Q9GZP9_EDPNYNPLP|0.149
P16234|Q8TE02__MTPSEGAR|0.105
P16234|Q8TE02_WEGRSLLKA|0.372
P16234|Q8TE02_PFQFSSEKQ|0.0
P16234|Q8TE02_EPDAYDDLD|0.431
P16234|P0CG12_PRNPSPFPA|0.0
P16234|P0CG12_PGPLSNPRL|0.0
P16234|P0CG12_PGPMSNPRA|0.0
P16234|P0CG12_FTRPTGTLG|0.0
P16234|P0CG12_RPTGTLGLN|0.0
P16234|P0CG12_LNPASFPRM|0.0
P16234|P17661_MSQAYSSSQ|0.0
P16234|P17661_QRVSSYRRT|0.025
P16234|P17661_AGFGSKGSS|0.0
P16234|P17661_VYQVSRTSG|0.001
P16234|P17661_QVSRTSGGA|0.0
P16234|P17661_SLRASRLGT|0.0
P16234|P17661_GTTRTPSSY|0.0
P16234|P17661_TRTPSSYGA|0.009
P16234|P17661_RTPSSYGAG|0.0
P16234|P17661_TPSSYGAGE|0.076
P16234|P17661_LTTRTNEKV|0.0
P16234|P17661_RFANYIEKV|0.279
P16234|P17661_VAELYEEEL|0.006
P16234|P17661_VEVLTNQRA|0.0
P16234|P17661_RRIESLNEE|0.0
P16234|P17661_IRAQYETIA|0.07
P16234|P17661_AEEWYKSKV|0.165
P16234|P17661_KSKVSDLTQ|0.0
P16234|P17661_EMMEYRHQI|0.258
P16234|P17661_HQIQSYTCE|0.028
P16234|P17661_QIQSYTCEI|0.124
P16234|P17661_IQSYTCEID|0.0
P16234|P17661_DRFASEASG|0.0
P16234|P17661_EASGYQDNI|0.25
P16234|P17661_HLREYQDLL|0.025
P16234|P17661_EGEESRINL|0.0
P16234|P17661_PIQTYSALN|0.293
P16234|P17661_IQTYSALNF|0.054
P16234|P17661_FRETSPEQR|0.0
P16234|P15924____MSCNGG|0.0
P16234|P15924_CNGGSHPRI|0.0
P16234|P15924_PRINTLGRM|0.0
P16234|P15924_RYEVTSGGG|0.0
P16234|P15924_YEVTSGGGG|0.0
P16234|P15924_GGGGTSRMY|0.0
P16234|P15924_GGGTSRMYY|0.0
P16234|P15924_TSRMYYSRR|0.313
P16234|P15924_SRMYYSRRG|0.381
P16234|P15924_RMYYSRRGV|0.14
P16234|P15924_RGVITDQNS|0.0
P16234|P15924_GYCQTGTMS|0.287
P16234|P15924_CQTGTMSRH|0.36
P16234|P15924_PELKYGDGI|0.234
P16234|P15924_GIQLTRSRE|0.0
P16234|P15924_GIHNSIGDY|0.0
P16234|P15924_SIGDYRWQL|0.081
P16234|P15924_KSAIYQLEE|0.0
P16234|P15924_LEEEYENLL|0.0
P16234|P15924_LYDWSDKNT|0.017
P16234|P15924_QEAFSIRMS|0.0
P16234|P15924_SIRMSQLEV|0.0
P16234|P15924_GLQDSIRKK|0.0
P16234|P15924_LVNKSKKIV|0.0
P16234|P15924_RKIQSQFTD|0.0
P16234|P15924_QSQFTDAQK|0.0
P16234|P15924_MLKVYEARL|0.409
P16234|P15924_RRQDSLESM|0.0
P16234|P15924_DSLESMKFG|0.0
P16234|P15924_KRDKSEEVQ|0.0
P16234|P15924_LCANSIKDY|0.0
P16234|P15924_SIKDYELQL|0.437
P16234|P15924_NLQKYQAEC|0.411
P16234|P15924_QAECSQFKA|0.0
P16234|P15924_AKLASLEEL|0.0
P16234|P15924_LDKCYGQIK|0.376
P16234|P15924_TRLTYEIED|0.0
P16234|P15924_QKNDYDQLQ|0.375
P16234|P15924_KEKEYEIER|0.251
P16234|P15924_QEEGTRKRE|0.0
P16234|P15924_VRNHYNEEM|0.367
P16234|P15924_RLNDSILQA|0.0
P16234|P15924_KACGSEIMQ|0.0
P16234|P15924_EAAKTIQDK|0.0
P16234|P15924_EEIISLKNQ|0.0
P16234|P15924_EINITKTTI|0.115
P16234|P15924_DTSGYRAQI|0.088
P16234|P15924_QRVQYDLQK|0.486
P16234|P15924_LRIDYERVS|0.0
P16234|P15924_RLKRTASED|0.0
P16234|P15924_KRTASEDSC|0.0
P16234|P15924_AIKITNLTQ|0.001
P16234|P15924_LEQASIVKK|0.009
P16234|P15924_VKKRSEDDL|0.008
P16234|P15924_RRLSSEVEA|0.0
P16234|P15924_TENLTKEHL|0.0
P16234|P15924_LELRSQLQI|0.0
P16234|P15924_NRAKSTLEA|0.0
P16234|P15924_RETQSQLET|0.0
P16234|P15924_SQLETERSR|0.0
P16234|P15924_AMQLYECQL|0.265
P16234|P15924_KGKKSVEEV|0.0
P16234|P15924_IAGASASPK|0.0
P16234|P15924_PKEKYSLVE|0.0
P16234|P15924_KEKYSLVEA|0.283
P16234|P15924_RQQIYAAEK|0.154
P16234|P15924_TVSVSEAIK|0.0
P16234|P15924_DRDLYRSLN|0.417
P16234|P15924_DLYRSLNDP|0.0
P16234|P15924_LLLLSVQKR|0.0
P16234|P15924_RQPVTVTEL|0.0
P16234|P15924_SGQISYDEV|0.0
P16234|P15924_IAGIYNETT|0.092
P16234|P15924_VEEAYKRGL|0.003
P16234|P15924_DPKESHRLP|0.0
P16234|P15924_SEILSDPSD|0.0
P16234|P15924_ENLTYLQLK|0.28
P16234|P15924_VDPETNKEM|0.011
P16234|P15924_NKEMSVQEA|0.173
P16234|P15924_GLIDYETFK|0.387
P16234|P15924_VDRKTGSQY|0.307
P16234|P15924_RKTGSQYDI|0.001
P16234|P15924_FFDQYRSGS|0.321
P16234|P15924_ADMISLKNG|0.0
P16234|P15924_SRHESVSKI|0.0
P16234|P15924_ISTISSVRN|0.0
P16234|P15924_STISSVRNL|0.0
P16234|P15924_SFSDTLEES|0.0
P16234|P15924_LEKISITEG|0.0
P16234|P15924_KKKMSAAEA|0.0
P16234|P15924_KWLPYEAGQ|0.287
P16234|P15924_LEFQYLTGG|0.225
P16234|P15924_FQYLTGGLV|0.0
P16234|P15924_HGRISTEEA|0.0
P16234|P15924_LKISYKDAI|0.0
P16234|P15924_AINRSMVED|0.0
P16234|P15924_VEDITGLRL|0.0
P16234|P15924_SGSRSGSRS|0.0
P16234|P15924_SGSRSGSRR|0.0
P16234|P15924_NSSYSYSYS|0.162
P16234|P15924_SYSFSSSSI|0.264
P16234|P15924_YSFSSSSIG|0.0
P16234|P60981_CRIFYDMKV|0.427
P16234|P60981_RKCSTPEEI|0.0
P16234|P60981_IFCLSADKK|0.0
P16234|P60981_RYALYDASF|0.447
P16234|P60981_LYDASFETK|0.108
P16234|P60981_SKMIYASSK|0.363
P16234|P60981_MIYASSKDA|0.03
P16234|P60981_IYASSKDAI|0.199
P16234|P60981_KLGGSLIVA|0.0
P16234|Q7L5Y6_IKYTSEDVV|0.0
P16234|Q7L5Y6_EDVVTLRVT|0.034
P16234|Q7L5Y6_ERPKTCGDH|0.0
P16234|O00273_LRRNYSREQ|0.201
P16234|O00273_GVAASCLED|0.096
P16234|O00273_DDDDYFLCL|0.407
P16234|O00273_ISQESFDVD|0.078
P16234|O00273_SRETSSDVA|0.0
P16234|O00273_RETSSDVAL|0.103
P16234|O00273_QQTQSLHSL|0.0
P16234|O00273-2_DDDDYFLCL|0.0
P16234|O00273-2_ELSLSSQDL|0.0
P16234|O76075_GYLRYSCES|0.185
P16234|O76075_NCDPSRIYK|0.371
P16234|O76075_PSRIYKPQT|0.416
P16234|O76075_YKPQTRLKR|0.382
P16234|O60443_DFVKYEGKF|0.368
P16234|O60443_NLGGSSRVE|0.0
P16234|O60443_SSFGTLRKQ|0.0
P16234|O60443_LIRDSAERT|0.0
P16234|Q0ZLH3_KEITTRKIN|0.0
P16234|O75907_RRTGSRPSS|0.0
P16234|O75907_FSSDSGFSN|0.0
P16234|O75907_KDMDYSRII|0.253
P16234|Q96PD7_EADRSQRSH|0.0
P16234|Q96PD7_RSQRSHGGP|0.0
P16234|Q96PD7_GPALSREGS|0.0
P16234|Q96PD7_SREGSGRWG|0.0
P16234|Q96PD7_KFQKYIGFA|0.015
P16234|Q96PD7_LVPYSKPIT|0.0
P16234|Q6E213_THKGTGNMV|0.002
P16234|Q6E213_LKNRSGFVR|0.0
P16234|Q96DF8_DEEEYIEGL|0.0
P16234|Q96DF8_PPPPYVTPA|0.28
P16234|Q96DF8_PPYVTPATF|0.007
P16234|Q96DF8_VTPATFETP|0.002
P16234|Q96DF8_ATFETPEVH|0.0
P16234|Q96DF8_VHAGTGVVG|0.0
P16234|Q96DF8_HAWLYQAEE|0.177
P16234|Q96DF8_EGSETPYVD|0.142
P16234|Q96DF8_YVDRTPGPA|0.0
P16234|Q96DF8_LRRVTENLA|0.0
P16234|Q96DF8_QRLVSRTAS|0.0
P16234|Q96DF8_LVSRTASKY|0.0
P16234|Q96DF8_SRTASKYTD|0.0
P16234|Q96DF8_ASKYTDRAL|0.0
P16234|Q96DF8_ALRASYTPS|0.0
P16234|Q96DF8_LRASYTPSP|0.098
P16234|Q96DF8_RASYTPSPA|0.0
P16234|Q96DF8_SYTPSPARS|0.001
P16234|Q96DF8_PARSTHLKT|0.0
P16234|Q96DF8_THLKTPASG|0.0
P16234|Q96DF8_SGLQTPTST|0.0
P16234|Q96DF8_LQTPTSTPA|0.0
P16234|Q96DF8_PAPGSATRT|0.0
P16234|Q96DF8_SATRTPLTQ|0.0
P16234|Q96DF8_QDPASITDN|0.0
P16234|Q96DF8_RRKASDFF_|0.0
P16234|P98153_GGDPSHFHA|0.0
P16234|P98153_DPCLSCTCH|0.0
P16234|P98153_CLSCTCHGG|0.012
P16234|P98153_PDGNSLFDS|0.0
P16234|P98153_SLFDSMASG|0.0
P16234|P98153_DSMASGMRL|0.0
P16234|P98153_HSRSSLNTV|0.0
P16234|Q14129_QERHYQLLS|0.0
P16234|Q9BY27_QERHYQLLS|0.0
P16234|Q8WYQ5_ETDESPSPL|0.0
P16234|Q8WYQ5_DESPSPLPC|0.0
P16234|Q8WYQ5_KISVSFTES|0.0
P16234|Q8WYQ5_SVSFTESCR|0.0
P16234|Q8WYQ5_DGETSVQPM|0.0
P16234|Q8WYQ5_LGTGSIRKH|0.0
P16234|Q8WYQ5_EREQSSDLT|0.0
P16234|Q8WYQ5_REQSSDLTP|0.0
P16234|Q8WYQ5_PLSRSAELE|0.0
P16234|Q8WYQ5_DEPDSMGAD|0.001
P16234|Q8WYQ5_CKDESVDLE|0.0
P16234|Q8WYQ5_LITLSVQDA|0.0
P16234|Q8WYQ5_PFGASVTID|0.0
P16234|Q8WYQ5_GASVTIDGV|0.0
P16234|Q8WYQ5_AGLLSPYQI|0.0
P16234|Q8WYQ5_KQETSDKSV|0.0
P16234|Q8WYQ5_TSDKSVIEL|0.0
P16234|P23743_YMEYSTKKV|0.474
P16234|P23743_MEYSTKKVS|0.361
P16234|P23743_DAIGYEGFQ|0.329
P16234|P23743_PRPVYCNLC|0.481
P16234|P23743_DRKNSKTSQ|0.0
P16234|P23743_DLEMSKVVH|0.0
P16234|P23743_HGDIYGINQ|0.56
P16234|P23743_AKVITDPDI|0.013
P16234|P23743_MGQIYTKLK|0.244
P16234|P23743_GQIYTKLKN|0.219
P16234|P23743_FGFLS____|0.001
P16234|Q9Y6T7_EKSGSQQPN|0.001
P16234|Q9Y6T7_QRANSVTVD|0.158
P16234|Q9Y6T7_RKFQYLLNP|0.526
P16234|Q9Y6T7_IINNYFSIG|0.494
P16234|Q9Y6T7_NNYFSIGVD|0.411
P16234|Q9Y6T7_GVDASIAHR|0.057
P16234|Q16760_IRKVSTSGQ|0.078
P16234|Q16760_RKVSTSGQI|0.0
P16234|Q16760_ERASTKMLD|0.0
P16234|Q16760_PRQASSSTV|0.0
P16234|Q16760_LRANSLKKA|0.0
P16234|Q16760_SHSESFGVP|0.0
P16234|Q16760_ETLEYYTEK|0.385
P16234|Q16760_ELLLSGKMA|0.0
P16234|Q16760-2_NMFLYFQTI|0.002
P16234|P52429_KKTDYEVLA|0.375
P16234|P52429_LQLCTLLPY|0.22
P16234|P49619_CASVTIRTN|0.0
P16234|Q86XP1_RKVSTSGQI|0.0
P16234|Q86XP1_IRTKTSIKE|0.0
P16234|Q86XP1_ERASTKMLD|0.0
P16234|Q86XP1_TYDKTLENA|0.364
P16234|Q86XP1_DAVASKCSV|0.0
P16234|Q86XP1_TKPSSQKAV|0.0
P16234|Q86XP1_LRANSLKKA|0.0
P16234|Q86XP1_QSSDYDSTE|0.274
P16234|Q86XP1_DSTETDESK|0.0
P16234|Q86XP1_ETDESKEEA|0.0
P16234|Q86XP1_ITVKTAPRS|0.0
P16234|Q86XP1_TAPRSPDAR|0.0
P16234|Q86XP1_DARASYGHS|0.301
P16234|Q86XP1_LQLESPHEE|0.0
P16234|Q86XP1-2_CEANSPGN_|0.0
P16234|O75912_VCDGTDLTP|0.0
P16234|O75912_GTDLTPKIQ|0.0
P16234|O75912_TCRMYIDRL|0.441
P16234|O75912_PRALSAQRL|0.0
P16234|O75912_AQRLSPRWC|0.0
P16234|O75912_AYLESRQNY|0.353
P16234|O75912_SRQNYKVIG|0.24
P16234|Q5KSL6_RTPMSWSRI|0.002
P16234|Q5KSL6_QGEIYKIPA|0.233
P16234|Q5KSL6_DINQTSPRR|0.0
P16234|Q5KSL6_INQTSPRRR|0.418
P16234|Q5KSL6_PRRRSRRGT|0.0
P16234|P52824_LGGGSPRPG|0.0
P16234|P52824_PRPGSPACS|0.0
P16234|P52824_SPACSPVLG|0.0
P16234|P52824_EEGRSPGSG|0.0
P16234|P52824_VGVAYVSVR|0.064
P16234|P52824_SDSDTRFEK|0.0
P16234|Q13574-1_QQRPSSVGL|0.0
P16234|Q13574-1_ARRRSPAGQ|0.0
P16234|Q13574-1_AGQASSSLA|0.0
P16234|Q13574-1_QASSSLAQR|0.0
P16234|Q13574-1_QRRRSSAQL|0.0
P16234|Q13574-1_RRRSSAQLQ|0.125
P16234|Q13574-1_GCLLSCGVR|0.0
P16234|Q13574-1_SRRRSSTVP|0.0
P16234|Q13574-1_RRRSSTVPP|0.0
P16234|Q13574-1_RRSSTVPPS|0.0
P16234|Q13574-1_LRRASSHLL|0.0
P16234|Q13574-1_RRASSHLLP|0.0
P16234|Q13574-1_ADAVYDHAL|0.069
P16234|Q13574-1_GLHGYYRRL|0.245
P16234|Q13574-1_YRRLSQRRP|0.0
P16234|Q13574-1_QRRPSGQHP|0.0
P16234|Q13574-1_GRRASGTTA|0.0
P16234|Q13574-1_RASGTTAGT|0.0
P16234|Q13574-1_TTAGTMLPT|0.0
P16234|Q13574-1_TMLPTRVRP|0.0
P16234|Q13574-1_PPPPTPGAP|0.0
P16234|Q13574-1_RCKPSFRES|0.0
P16234|Q13574-1_RESGSRNVR|0.0
P16234|Q13574-1_RPQNTLKAS|0.0
P16234|Q13574-1_TLKASKKKK|0.0
P16234|Q13574-1_SFLWYLNPR|0.01
P16234|Q13574-1_ALEMYRKVH|0.334
P16234|Q13574-1_NKMFYAGTA|0.0
P16234|Q13574-1_GERLTQCRE|0.0
P16234|Q13574-1_EVVLTTSKA|0.0
P16234|Q13574-1_AKRRSAAPL|0.0
P16234|Q13574-1_VSRVSMHDY|0.349
P16234|Q13574-1_SMHDYEALH|0.22
P16234|Q13574-1_AGAKSPTCQ|0.0
P16234|Q13574-1_AKSPTCQKL|0.0
P16234|Q13574-1_CQKLSPKWC|0.0
P16234|Q13574-1_PTPTSPLPT|0.0
P16234|Q13574-1_SPLPTSPCS|0.0
P16234|Q13574-1_PLPTSPCSP|0.0
P16234|Q13574-1_TSPCSPTPR|0.0
P16234|Q13574-1_PTPRSLQGD|0.0
P16234|Q13574-1_RDEQSRTLL|0.0
P16234|Q13574-1_HAVSTGSKD|0.0
P16234|Q13574-1_VSTGSKDVV|0.0
P16234|Q13574-1_LGQRTICHY|0.0
P16234|Q13574-1_TICHYIVEA|0.228
P16234|Q13574-1_QQGDTPRQR|0.0
P16234|Q13574-1_NRQHYQMIQ|0.0
P16234|Q7Z3D6_SAIRSLILQ|0.0
P16234|Q7Z3D6_NIRNTSSMA|0.0
P16234|Q7Z3D6_LLKASLSLS|0.0
P16234|Q7Z3D6_KASLSLSHA|0.0
P16234|Q16854_PRRLSIEGN|0.0
P16234|Q9UBM7_MAAKSQPNI|0.0
P16234|Q9UBM7_DRTASQGQW|0.0
P16234|Q9UBM7_EGAVTPAGV|0.199
P16234|Q9UBM7_FFPTSARDC|0.0
P16234|Q9UBM7_IECSYTSAD|0.0
P16234|Q9UBM7_KLLVSGFWG|0.012
P16234|Q9UBM7_AAVPYRLLP|0.308
P16234|Q86SQ9_CFAYTSRHE|0.237
P16234|Q86SQ9_FAYTSRHEI|0.16
P16234|Q86SQ9_RHEISNAVR|0.0
P16234|Q86SQ9_LHKLSARRE|0.0
P16234|P00374__MVGSLNCI|0.0
P16234|P00374_FLSRSLDDA|0.0
P16234|P00374_DLEKYKLLP|0.159
P16234|P00374_KFEVYEKND|0.396
P16234|Q86XF0_FLARSLDDA|0.0
P16234|Q86XF0_KLFVTRIMQ|0.0
P16234|Q86XF0_DLEKYKLLP|0.183
P16234|Q86XF0_LLPEYPGVL|0.354
P16234|O43323_TLGASGPAE|0.0
P16234|Q02127_AVRFTSLGL|0.0
P16234|Q02127_VRFTSLGLL|0.0
P16234|Q02127_VINRYGFNS|0.432
P16234|Q02127_AAEDYAEGV|0.41
P16234|Q02127_VNVSSPNTA|0.0
P16234|Q02127_SSPNTAGLR|0.007
P16234|Q02127_LVQLYTALT|0.0
P16234|Q02127_VQLYTALTF|0.222
P16234|Q02127_YTALTFWGP|0.381
P16234|P49366__MEGSLERE|0.0
P16234|P49366_LGYTSNLIS|0.0
P16234|P49366-3_EEFETSLAN|0.093
P16234|P49366-3_DLTQSRRPL|0.0
P16234|Q96LJ7_FCSVYGARL|0.085
P16234|Q96LJ7_KSAFSSAET|0.0
P16234|Q96LJ7_PNILSLSGK|0.0
P16234|Q96LJ7_ILSLSGKVL|0.0
P16234|Q6UX07_LRGRTAVVT|0.0
P16234|Q6UX07_TAVVTGANS|0.0
P16234|Q6UX07_TGANSGIGK|0.0
P16234|Q6UX07_PFLLTHLLL|0.0
P16234|Q6UX07_GGAQTPLYC|0.0
P16234|Q6UX07_EIQLS____|0.0
P16234|Q13268_GEGLSVAGI|0.0
P16234|Q13268_HGNESLWKN|0.0
P16234|O75911_SLMDSDDDA|0.261
P16234|Q9BTZ2_VVVSSRKQQ|0.0
P16234|Q9BTZ2_VGGGTPSRL|0.0
P16234|Q9BTZ2-5_RGGGSVVIV|0.0
P16234|Q9BTZ2-5_IAAFSPSPL|0.0
P16234|P0CG22_RAGKSVRLA|0.0
P16234|P0CG22_LPGFSPYNV|0.0
P16234|P0CG22_GFSPYNVSK|0.001
P16234|P0CG22_PYNVSKTAL|0.0
P16234|Q6PKH6_PALMTKAVV|0.0
P16234|Q9BUT1_IINMSSVAS|0.0
P16234|Q9BUT1_GTVDTPSLQ|0.0
P16234|Q9BUT1_VDTPSLQER|0.0
P16234|Q9Y394_MSQRSLCMD|0.0
P16234|Q9Y394_ENFKSGVDA|0.0
P16234|Q9Y394_VDADSSYFK|0.282
P16234|Q9Y394_ADSSYFKIF|0.043
P16234|Q6IAN0_SYRGTIMDT|0.0
P16234|Q6IAN0_TIMDTTVDV|0.0
P16234|Q6IAN0_METNYFGPV|0.0
P16234|Q6IAN0_ALLPSMIKR|0.0
P16234|Q6IAN0_IVAISSIQG|0.0
P16234|Q6IAN0_VAISSIQGK|0.0
P16234|Q6IAN0_GLFFSLMAS|0.0
P16234|Q6IAN0_SLMASRARK|0.0
P16234|A6NNS2_MDANYFGPI|0.002
P16234|A6NNS2-2_LENLYDALI|0.0
P16234|Q96HY7_LQKETFTTE|0.0
P16234|Q96HY7_LVFCSGKHF|0.0
P16234|Q7L7V1_IRANSLVMQ|0.0
P16234|Q7L7V1_ILGSSSSGK|0.0
P16234|Q7L7V1_LGSSSSGKF|0.0
P16234|Q7L7V1_EEFASKDMT|0.001
P16234|Q7L7V1_SKDMTPLKP|0.0
P16234|Q9H6R0_FRPGSGPPS|0.0
P16234|Q9H6R0_LTAGSGGRG|0.0
P16234|Q9H6R0_QPSASPYPE|0.159
P16234|Q9H6R0_SASPYPEAV|0.363
P16234|Q9H6R0_IIAVTQPRR|0.336
P16234|Q9H6R0_IKFLTDGML|0.0
P16234|Q9H6R0_ETSITITGI|0.0
P16234|Q9H6R0_TGIKYVVDT|0.407
P16234|Q9H6R0_YVVDTGMVK|0.511
P16234|Q9H6R0_KAKKYNPDS|0.455
P16234|Q9H6R0_CYRLYTEDE|0.481
P16234|Q9H6R0_YRLYTEDEF|0.375
P16234|Q9H6R0_PNVLTFDFM|0.367
P16234|Q9H6R0_FDFMSKPSP|0.0
P16234|Q9H6R0_CLKMSMPIA|0.0
P16234|Q9H6R0_MPIASSRGD|0.0
P16234|Q9H6R0_PIASSRGDV|0.0
P16234|Q14147_HRAPSEEEA|0.0
P16234|Q14147_LGPATRGSQ|0.0
P16234|Q14147_IACISLAKR|0.0
P16234|Q14147_HQLLSFVSL|0.0
P16234|Q14147_LLQFTASKI|0.0
P16234|Q14147_QFTASKIPY|0.281
P16234|Q9H5Z1_VVGVTQPRR|0.0
P16234|Q9H5Z1_VDIFYLQSP|0.0
P16234|Q9H5Z1_FYLQSPVPD|0.057
P16234|Q9H5Z1_PVPDYIKST|0.082
P16234|Q9H5Z1_SGIVYVIDC|0.011
P16234|Q9H5Z1_DCRLTEPLG|0.005
P16234|Q9H5Z1_STGAYRTIR|0.124
P16234|Q9H2U1____MSYDYH|0.166
P16234|Q9H2U1___MSYDYHQ|0.221
P16234|Q9H2U1_GPRSSGGGY|0.001
P16234|Q9H2U1_SGGGYGGGP|0.0
P16234|Q9H2U1_GNRGSGGGG|0.0
P16234|Q9H2U1_IGMWYAKKQ|0.259
P16234|Q9H2U1_HGYGTEVST|0.383
P16234|Q9H2U1_STKNTPCSE|0.0
P16234|Q9H2U1_NTPCSENKL|0.0
P16234|Q9H2U1_RDSEYLLQE|0.227
P16234|Q9H2U1_ILDNYIERG|0.151
P16234|Q9H2U1_ERAESCGSG|0.0
P16234|Q9H2U1_ESCGSGNST|0.0
P16234|Q9H2U1_TVNQTQVFK|0.433
P16234|Q9H2U1_LLDDYQLPE|0.172
P16234|Q9H2U1_AYFLSRLMD|0.129
P16234|Q9H2U1_MVKVYTKTD|0.147
P16234|Q9H2U1_QEKATPRNF|0.068
P16234|Q9H2U1_FQDGYYS__|0.373
P16234|Q9H2U1_QDGYYS___|0.448
P16234|Q8IY37_EVQASEAEM|0.0
P16234|Q8IY37_MRLFYTTSK|0.254
P16234|Q8IY37_FYTTSKLGT|0.021
P16234|Q8IY37_EKISSLSGA|0.0
P16234|Q8IY37_PVNRSPEMQ|0.0
P16234|Q8IY37_EAGFSSEDS|0.0
P16234|Q8IY37_VEDFTQNPR|0.001
P16234|Q8IY37_DQKDSVEEM|0.0
P16234|Q8IY37_PPEGTRLCV|0.0
P16234|Q8IY37_PPTESQVTY|0.015
P16234|Q8IY37_ESQVTYLRQ|0.002
P16234|Q8IY37_NAYKTPLLD|0.371
P16234|Q8IY37_KLASYRSCL|0.185
P16234|Q92620_APRPSLLGL|0.0
P16234|Q92620_EHGVYASSK|0.0
P16234|Q92620_SQWESPSPT|0.0
P16234|Q92620_WESPSPTPS|0.0
P16234|Q92620_SPSPTPSYR|0.0
P16234|Q92620_SYRDSERSH|0.0
P16234|Q92620_DRDRSVRGK|0.0
P16234|Q92620_YSDDTPLPT|0.0
P16234|Q92620_TPLPTPSYK|0.0
P16234|Q92620_PTPSYKYNE|0.0
P16234|Q92620_TPRLSRGRG|0.0
P16234|Q92620_NRMLTSGVV|0.0
P16234|Q92620_ARKGSQTVR|0.0
P16234|Q92620_MKRKSEASS|0.0
P16234|Q92620_IPGRTFPVD|0.0
P16234|Q92620_CIVATNIAE|0.0
P16234|Q92620_RAGRTGPGQ|0.0
P16234|Q92620_ASCGTDWDI|0.0
P16234|Q92620_SPLGSVRST|0.0
P16234|Q92620_TKIYTPGRK|0.0
P16234|Q92620_GEPMTPRRT|0.0
P16234|Q92620_TPRRTPARF|0.0
P16234|Q8IX18_EGGTTPTFP|0.005
P16234|Q8IX18_VTGNTGSGK|0.019
P16234|Q8IX18_GSGKTTQLP|0.0
P16234|Q8IX18_SGKTTQLPK|0.0
P16234|Q8IX18_PKYLYEAGF|0.345
P16234|Q8IX18_MIGVTQPRK|0.001
P16234|Q8IX18_LTKFSVIIL|0.0
P16234|Q8IX18_FQEKSPNRK|0.0
P16234|Q8IX18_ALQRSGRAG|0.0
P16234|Q8IX18_FRIYSKDFW|0.02
P16234|Q8IX18_DGRGSPVHI|0.0
P16234|Q8IX18_KQQRTQDHS|0.004
P16234|Q8IX18_TQDHSDTRK|0.001
P16234|Q8IX18_DHSDTRKET|0.0
P16234|Q6P158_RSHASKSHG|0.0
P16234|Q6P158_SRRPSRPSN|0.0
P16234|Q6P158_PSRPSNSNI|0.0
P16234|Q6P158_AFYSTNENL|0.007
P16234|Q6P158_LPVPSRTRI|0.0
P16234|Q6P158_NSFVSNQIP|0.0
P16234|Q6P158_KSSATRLLY|0.0
P16234|Q6P158_AVTRYVLQD|0.462
P16234|Q6P158_GVRASYNYC|0.023
P16234|Q6P158_KNDGYVHIH|0.332
P16234|Q6P158_HIHPSSVNY|0.417
P16234|Q6P158_SSVNYQVRH|0.077
P16234|Q96C10_CHRRSQDPF|0.0
P16234|Q96C10_LQDFYHREH|0.262
P16234|Q96C10_DQAEYQAKI|0.027
P16234|Q9NR28_WLSRSVTSF|0.0
P16234|Q9NR28_SRSVTSFFR|0.0
P16234|Q9NR28_GKMNSEEED|0.214
P16234|Q9NR28_LRQKTQEEG|0.0
P16234|Q9NR28_ERAESEQEA|0.0
P16234|O60610_PGRGTRDKK|0.0
P16234|O60610_DELPSAGGD|0.0
P16234|O60610_SKKFTLKRL|0.404
P16234|O60610_ERFTSMRIK|0.0
P16234|O60610_AHRNSSASY|0.317
P16234|O60610_SSASYGDDP|0.419
P16234|O60610_MVSQYLYTS|0.46
P16234|O60610_SQYLYTSKA|0.09
P16234|O60610_QYLYTSKAG|0.204
P16234|O60610_YLYTSKAGM|0.0
P16234|O60610_QELRSGLRD|0.0
P16234|O60610_TAGSYDSRN|0.188
P16234|O60610_GEEDSYDLK|0.154
P16234|O60610_EEDSYDLKG|0.265
P16234|O60610_VRNDYEARP|0.405
P16234|O60610_KKMESDFEQ|0.0
P16234|O60610_EAEVSQLTG|0.0
P16234|O60610_PKKLYKPEV|0.344
P16234|O60610_FRMPYQEIK|0.02
P16234|O60610_ASRVSAENL|0.0
P16234|O60610_VEKMTSFVK|0.0
P16234|O60610_ELGEYFLFD|0.197
P16234|O60610_ASELTKDDA|0.0
P16234|O60610_KNSETFPTI|0.0
P16234|O60879_AGGGSEEPG|0.0
P16234|O60879_GGGRSNKRS|0.0
P16234|O60879_DRITSFRKS|0.0
P16234|O60879_SFRKSTVKK|0.0
P16234|O60879_AQPLYDERS|0.34
P16234|O60879_DEEFTARQE|0.0
P16234|O60879_KPEVSMKRI|0.0
P16234|Q9NSV4_TPYPSSASL|0.0
P16234|Q9NSV4_LNIRTLTDD|0.0
P16234|Q9NSV4_PKPLSENEL|0.0
P16234|Q9NSV4_EKDFSIKKE|0.0
P16234|Q9NSV4_NENKYENVD|0.301
P16234|Q9NSV4_KFLDSKIAQ|0.0
P16234|Q9NSV4_SIFLSSFRV|0.0
P16234|Q9NSV4_IFLSSFRVP|0.0
P16234|Q9NSV4_KELNYNLDT|0.025
P16234|Q9NSV4_DTHTSTGRI|0.0
P16234|Q9NSV4_CNVESNRKK|0.0
P16234|Q9UPY3_TKELSYQIR|0.243
P16234|Q9UPY3_AETATDLVV|0.0
P16234|Q9UPY3_QQFESVEWY|0.012
P16234|Q9UPY3_VERRYTAVV|0.001
P16234|Q9UPY3_ARLPSDPFT|0.0
P16234|Q9UPY3_YSTLYLPIN|0.008
P16234|Q9UPY3_HFPVYTRSG|0.166
P16234|Q9UPY3_FPVYTRSGE|0.193
P16234|Q9UPY3_EVTISIELK|0.0
P16234|Q9UPY3_SKFPSPEYE|0.422
P16234|Q9UPY3_PEYETFAEY|0.37
P16234|Q9UPY3_LNLLTPRHL|0.159
P16234|Q9UPY3_ADFRYPNLD|0.214
P16234|Q9UPY3_ENDNYCKHS|0.0
P16234|Q9UPY3_NRTSSLENH|0.0
P16234|Q9UPY3_NQLNYYKQE|0.379
P16234|Q9UPY3_NKSTSDGSP|0.0
P16234|Q9UPY3_DSEQSPSIG|0.0
P16234|Q9UPY3_HAITTYLFC|0.04
P16234|Q9UPY3_AITTYLFCT|0.328
P16234|Q9UPY3_EEADYEDDF|0.315
P16234|Q9UPY3_DFLEYDQEH|0.402
P16234|Q9UPY3_VKKISLSPF|0.0
P16234|Q9UPY3_TDSAYEWKM|0.391
P16234|Q9UPY3_ENFNSQQKN|0.284
P16234|Q9UPY3_QVPNS____|0.0
P16234|Q15392_SSHKYGLFQ|0.415
P16234|Q15392_QHICTAYEL|0.401
P16234|Q15392_ICTAYELVL|0.406
P16234|Q15392_LADGSFVRC|0.0
P16234|Q15392_SIGNYYKPW|0.704
P16234|Q15392_IGNYYKPWF|0.648
P16234|Q15392_EGLEYIPLR|0.033
P16234|Q15392_LLKLTQGET|0.0
P16234|Q15392_TQGETLRKL|0.0
P16234|Q15392_FPEVYDKIC|0.646
P16234|Q9UNQ2_KRARSMDID|0.0
P16234|P49895_NPHFSHDNW|0.0
P16234|P55073_NSSSSAYGA|0.0
P16234|Q6IC98_DTECSDEIP|0.0
P16234|Q6IC98_EEPLSARRL|0.0
P16234|Q6IC98_LRAKYDTPY|0.197
P16234|Q6IC98_YDTPYIIWR|0.557
P16234|Q6IC98_KERSSAAVS|0.0
P16234|Q6IC98_SAAVSRRLQ|0.0
P16234|Q6IC98_GRFHSTKKG|0.0
P16234|Q6IC98_RFHSTKKGN|0.0
P16234|Q6IC98_VTENYLCFE|0.405
P16234|Q6IC98_SGGDS____|0.0
P16234|Q14689_EVRESLAEL|0.293
P16234|Q14689_ELELSEGDI|0.0
P16234|Q14689_EGDITQKGY|0.181
P16234|Q14689_TQKGYEKKR|0.45
P16234|Q14689_LLARYIPLI|0.229
P16234|Q14689_GIDPSLQAE|0.0
P16234|Q14689_SDVHTEAVQ|0.0
P16234|Q14689_VETYTPPDT|0.338
P16234|Q14689_TPLQSHSSV|0.0
P16234|Q14689_QSHSSVEPW|0.0
P16234|Q14689_QLLNTLKRP|0.0
P16234|Q14689_GKAVYTLTY|0.449
P16234|Q14689_HGVLTSVMN|0.0
P16234|Q14689_VSVPYALMK|0.446
P16234|Q14689_VSLSSLRML|0.0
P16234|Q14689_KAVLSMNGL|0.0
P16234|Q14689_KLEGTPYLC|0.229
P16234|Q14689_EGTPYLCKT|0.383
P16234|Q14689_GLMVTGVRR|0.035
P16234|Q14689_DVVATALAV|0.0
P16234|Q14689_RLLRSKEAA|0.0
P16234|Q14689_KKIASVFRP|0.127
P16234|Q14689_GVNLSCVRT|0.0
P16234|Q9P265_QTQETDSAV|0.0
P16234|Q9P265_TPAPSAAQT|0.0
P16234|Q9P265_AAQTSAPSK|0.0
P16234|Q9P265_SDIHTEAVQ|0.0
P16234|Q9P265_LPMPTKRRS|0.0
P16234|Q9P265_TFVQSPADA|0.0
P16234|Q9P265_ALQQSLQNA|0.0
P16234|Q9P265_GSSTSSSAS|0.0
P16234|Q9P265_SSTSSSASS|0.0
P16234|Q9P265_VKGTSGSLA|0.0
P16234|Q9P265_MHKGSNRSS|0.0
P16234|Q9P265_GSNRSSLMD|0.0
P16234|Q9P265_QLLNTLKRP|0.0
P16234|Q9P265_GRQMTPVKG|0.0
P16234|Q9P265_LKLAYTLLN|0.0
P16234|Q9P265_KLAYTLLNK|0.254
P16234|Q9P265_NKLGTKNEP|0.0
P16234|Q9P265_VMGVTVSRL|0.0
P16234|Q9P265_VSLSSLRML|0.0
P16234|Q9P265_QLCKTDEIG|0.0
P16234|Q9P265_EICVSSRTG|0.0
P16234|Q9P265_ICVSSRTGG|0.0
P16234|Q9P265_DIVATGLAV|0.0
P16234|Q9P265_LAVESIKTV|0.0
P16234|Q9P265_VGPASVMVG|0.0
P16234|Q9P265_ERIASVLGD|0.0
P16234|Q9P265_YKPPTPEML|0.0
P16234|Q9P265_EMLAYLDFS|0.007
P16234|Q9P265_DIGLSPRAV|0.0
P16234|Q9P265_GAPQSLLLS|0.0
P16234|Q9P265_TASGYYTIY|0.231
P16234|Q9P265_DAAQTLWAR|0.0
P16234|Q9P265_ARTGYLGFV|0.359
P16234|Q9Y2E4_MADRSLEGM|0.0
P16234|Q9Y2E4_RAPVTPSSA|0.0
P16234|Q9Y2E4_PVTPSSASR|0.0
P16234|Q9Y2E4_VTPSSASRY|0.0
P16234|Q9Y2E4_PSSASRYHR|0.0
P16234|Q9Y2E4_RDERYRSDV|0.064
P16234|Q9Y2E4_ERYRSDVHT|0.076
P16234|Q9Y2E4_SDVHTEAVQ|0.0
P16234|Q9Y2E4_DVTTYTSEH|0.326
P16234|Q9Y2E4_ELMETGDGV|0.0
P16234|Q9Y2E4_GVPVSSRVS|0.0
P16234|Q9Y2E4_VPVSSRVSA|0.0
P16234|Q9Y2E4_LWTRSMKVA|0.0
P16234|Q9Y2E4_GLPKSPTGE|0.0
P16234|Q9Y2E4_GILTSVMNM|0.0
P16234|Q9Y2E4_ISIPYSLMK|0.0
P16234|Q9Y2E4_VNPLSWIQK|0.0
P16234|Q9Y2E4_INLSSLRML|0.0
P16234|Q9Y2E4_QAIDSIHQV|0.0
P16234|Q9Y2E4_QVGVYCLAL|0.263
P16234|Q9Y2E4_VPANTLPKT|0.0
P16234|Q9Y2E4_TLPKTPLGG|0.0
P16234|Q9Y2E4_GIHLSETKQ|0.0
P16234|Q9Y2E4_HLSETKQLF|0.0
P16234|Q9Y2E4_GNLVSGKRI|0.0
P16234|Q9Y2E4_GLDLSRVRT|0.0
P16234|Q5T7M9_QGNLSELVN|0.086
P16234|Q5T7M9_NLILTVADG|0.0
P16234|Q5T7M9_KNLGYNDKY|0.437
P16234|Q5T7M9_YNDKYDLKM|0.446
P16234|Q5T7M9_SCDQSTMKC|0.0
P16234|Q5T7M9_CDQSTMKCT|0.297
P16234|Q5VUD6_CEHSTDCTY|0.001
P16234|Q5VUD6_TDCTYGRDC|0.006
P16234|Q5VUD6_WKKISNTKY|0.433
P16234|Q5VUD6_KISNTKYS_|0.251
P16234|Q5VUD6_SNTKYS___|0.02
P16234|Q0P6D2_PGVLSERCT|0.0
P16234|Q8NDZ4_LGRLSRSLK|0.0
P16234|Q8NDZ4_VKNVYFAQY|0.424
P16234|Q8NDZ4_YFAQYGEPR|0.418
P16234|Q8NDZ4_LVRRYAETK|0.435
P16234|Q9H7Y0-2_AKRLTPDLV|0.0
P16234|O95057_SCDKSVCTL|0.0
P16234|O95661_VVVGTAGVG|0.0
P16234|O95661_MLLNYKKKP|0.0
P16234|Q96SL1_GLGASWRSR|0.0
P16234|Q96SL1_GLRITVLLT|0.0
P16234|Q9Y2L1_IRDVTNNQE|0.0
P16234|Q9Y2L1_FYTFTNEHH|0.002
P16234|Q9Y2L1_LKKMSADNQ|0.0
P16234|Q9Y2L1_VIFITNDRR|0.0
P16234|Q9Y2L1_YLQGTFRAS|0.0
P16234|Q9Y2L1_LRIDSANMN|0.0
P16234|Q9Y2L1_DDITTSLRG|0.0
P16234|Q9Y2L1_ALTLSSPEV|0.0
P16234|Q9Y2L1_LTLSSPEVR|0.0
P16234|Q9Y2L1_ELRETNSMV|0.0
P16234|Q9Y2L1_LANISVAKK|0.0
P16234|Q9Y2L1_DQAESPTFP|0.0
P16234|Q8TF46_DYVVTFPSK|0.288
P16234|Q8TF46_VTFPSKEEV|0.0
P16234|Q8TF46_EEVQSQGKN|0.0
P16234|Q8TF46_KILVTPWDY|0.416
P16234|Q8TF46_DLRKSHLVF|0.0
P16234|Q8TF46_ADRRYDMLP|0.441
P16234|Q8TF46_PSVLSADLC|0.334
P16234|Q8TF46_PIRRYSDIV|0.274
P16234|Q8TF46_IRRYSDIVV|0.02
P16234|Q8TF46_GNLFSNKDL|0.0
P16234|Q8TF46_DGVIYSIRT|0.129
P16234|Q8TF46_LIHQSSPLL|0.0
P16234|Q8TF46_VKEVTKSVE|0.0
P16234|Q8TF46_IQEEYQEYR|0.236
P16234|Q8TF46_EYRQTKGRS|0.001
P16234|Q8TF46_GRSLYTLLE|0.0
P16234|Q8IYB7_RPLGTPRGV|0.0
P16234|Q8IYB7_KEDVSEGLK|0.0
P16234|Q8IYB7_TEAAYESDI|0.0
P16234|Q8IYB7_AAYESDIPE|0.054
P16234|Q8IYB7_DGSDSEDGH|0.0
P16234|Q8IYB7_VKKLSVCVS|0.0
P16234|Q8IYB7_SVCVSEKGR|0.006
P16234|Q8IYB7_ALNKSLTQT|0.0
P16234|Q8IYB7_KEVLTNMCS|0.0
P16234|Q8IYB7_AALGYRERL|0.322
P16234|Q8IYB7_LVLRYGVQK|0.375
P16234|Q8IYB7_DSSTS____|0.0
P16234|Q9NRI5_MRSSTGPGI|0.013
P16234|Q9NRI5_LLVRSPVSK|0.0
P16234|Q9NRI5_AAAPTVTSV|0.0
P16234|Q9NRI5_APTVTSVRG|0.168
P16234|Q9NRI5_PTVTSVRGT|0.0
P16234|Q9NRI5_SHCQSPQEM|0.263
P16234|Q9NRI5_SRPFSLLAT|0.299
P16234|Q9NRI5_ATRVSADLA|0.209
P16234|Q9NRI5_EGLLSKLLV|0.0
P16234|Q9NRI5-6_SLNLSLKEI|0.0
P16234|Q96F81_RTKVSPNGC|0.0
P16234|Q96F81_GYKATLANY|0.407
P16234|Q96F81_FHKDSFFCD|0.0
P16234|Q96F81_KGKLTLDSS|0.0
P16234|Q96F81_CSAFSHALS|0.0
P16234|Q96F81_SHALSTSPS|0.0
P16234|Q96F81_ALSTSPSDK|0.0
P16234|Q96F81_DKGQSKTHT|0.0
P16234|Q96F81_GMQNSLPRN|0.0
P16234|Q96F81_KIGKTNVHS|0.0
P16234|Q96F81_TNVHSLQRS|0.166
P16234|Q96F81_SLQRSIEEH|0.0
P16234|Q96F81_MAEPSSFVC|0.005
P16234|Q96F81_FVCRSTGSL|0.0
P16234|A7MBM2_ALQEYQGGS|0.0
P16234|A7MBM2_QGGSSLPGL|0.0
P16234|A7MBM2_SLSPSPAPS|0.0
P16234|A7MBM2_SPAPSQRDG|0.0
P16234|A7MBM2_MSTSSGSLW|0.0
P16234|A7MBM2_LWRLSKSQL|0.0
P16234|A7MBM2_AAAGTSRLL|0.0
P16234|A7MBM2_PRPGSVGGM|0.0
P16234|A7MBM2_CSEQYELQP|0.002
P16234|A7MBM2_ARRRSPSFD|0.0
P16234|A7MBM2_RRSPSFDTS|0.0
P16234|A7MBM2_FDTSTATSK|0.0
P16234|A7MBM2_ARQDSQGEE|0.0
P16234|A7MBM2_PLPASPEAP|0.0
P16234|A7MBM2_APAHSPKAK|0.0
P16234|A7MBM2_RETVYDPSL|0.0
P16234|A7MBM2_PGDGSPVVL|0.0
P16234|A7MBM2_LRRPSTHTS|0.0
P16234|A7MBM2_RRPSTHTSG|0.0
P16234|A7MBM2_PSTHTSGYS|0.01
P16234|Q155Q3_GVQLSPGNQ|0.0
P16234|Q155Q3_QFVASKKIR|0.0
P16234|Q155Q3_DVFRYRQRN|0.43
P16234|Q155Q3_LVQQYEGQQ|0.386
P16234|Q155Q3_QRSPSESSC|0.0
P16234|Q155Q3_CSSLTSPSP|0.0
P16234|Q155Q3_SSLTSPSPI|0.0
P16234|Q155Q3_EGTDSPLSR|0.0
P16234|Q155Q3_RLDQSMEEN|0.0
P16234|Q155Q3_SDVSYHQVD|0.402
P16234|Q155Q3_HSQSSPTVS|0.0
P16234|Q155Q3_GNHRYHFKA|0.376
P16234|Q155Q3-2_LTSPSPIHS|0.0
P16234|Q99497_EEMETVIPV|0.0
P16234|Q99497_PVQCSRDVV|0.0
P16234|Q99497_CPDASLEDA|0.0
P16234|Q99497_NGGHYTYSE|0.466
P16234|Q99497_GHYTYSENR|0.396
P16234|Q9UF83_MRRPSTASL|0.0
P16234|Q9UF83_SLKMTPFRA|0.0
P16234|Q9UF83_PFRASLTKM|0.0
P16234|Q9UF83_ASPRTPSRA|0.0
P16234|Q9UF83_PSRASPTRR|0.0
P16234|Q9UF83_PSWASPTTT|0.0
P16234|Q9UF83_SPTTTPSRA|0.051
P16234|Q9UF83_SITRTPPRA|0.0
P16234|Q9UF83_PPRASPTGT|0.0
P16234|Q9UF83_TGTPSRASP|0.0
P16234|Q9UF83_PSRASPTGT|0.0
P16234|Q9UF83_SLTGTSSTA|0.0
P16234|Q9UF83_LTGTSSTAS|0.0
P16234|Q9UF83_TGTSSTASL|0.0
P16234|Q9UF83_GTSSTASLT|0.0
P16234|Q9UF83_SSTASLTRT|0.0
P16234|Q9UF83_TASLTRTPS|0.0
P16234|Q9UF83_SLTRTPSRA|0.0
P16234|Q9UF83_TRTPSRASL|0.0
P16234|Q9UF83_PSRASLTMT|0.0
P16234|Q9UF83_PSRASLTRT|0.0
P16234|Q9UF83_SLTGTPPTA|0.0
P16234|Q6UWI2_KIRHSSYGR|0.001
P16234|Q6UWI2_DDHDYGSWG|0.175
P16234|Q6UWI2_HDYGSWGNY|0.417
P16234|Q6MZP7_LGAQTPVTI|0.0
P16234|Q6MZP7_KKPRTPTSG|0.0
P16234|Q6MZP7_GPVITKLIF|0.0
P16234|Q6MZP7_VLSQSTPGT|0.0
P16234|Q6MZP7_STLNSTTQT|0.0
P16234|Q6MZP7_TSASSSTQP|0.0
P16234|Q6MZP7_PERKTLMHL|0.0
P16234|Q6MZP7_SSQISDLLT|0.0
P16234|Q6MZP7_SDLLTRPTP|0.0
P16234|Q6MZP7-3_KKPRTPTSG|0.0
P16234|Q6ZUS6_TGVLSAKQV|0.0
P16234|Q6ZUS6_SGQRSRSPL|0.0
P16234|Q6ZUS6_QRSRSPLLK|0.0
P16234|Q6ZUS6_LFHPSLPQL|0.0
P16234|Q6ZUS6_PQLPSEEEV|0.0
P16234|Q6ZUS6_IIKLTKEQA|0.0
P16234|Q6ZUS6_VRRESPIEG|0.0
P16234|Q68DL7_NINVTETQV|0.002
P16234|Q68DL7_KSFLSDLKS|0.002
P16234|Q68DL7_QVQHTNLSS|0.0
P16234|Q68DL7_HTNLSSQSN|0.0
P16234|Q68DL7_TNLSSQSNI|0.0
P16234|Q68DL7_LSSQSNITP|0.0
P16234|Q68DL7_QHDVTQSKL|0.001
P16234|Q68DL7_SENMTKFPS|0.002
P16234|Q68DL7_KKHHSDTVH|0.0
P16234|O94907_CPGNYCKNG|0.531
P16234|O94907_GICVSSDQN|0.084
P16234|O94907_ICVSSDQNH|0.003
P16234|O94907_GQVCTKHRR|0.0
P16234|O94907_HHQASNSSR|0.0
P16234|O94907_QASNSSRLH|0.0
P16234|O94907_ASNSSRLHT|0.0
P16234|O94907_SRLHTCQRH|0.0
P16234|Q9UBU2_SAGMYQGLA|0.122
P16234|Q9UBU2_EVGRYCHSP|0.397
P16234|Q9UBU2_RYCHSPHQG|0.428
P16234|Q9UBU2_PHQGSSACM|0.0
P16234|Q9UBU2_HQGSSACMV|0.0
P16234|Q9UBU2_NHGHYSNHD|0.447
P16234|Q9UBU2_HGHYSNHDL|0.286
P16234|Q9UBP4_IHKITNNQT|0.16
P16234|Q9UBP4_QMVFSETVI|0.0
P16234|P10515_TPRVTSRSG|0.0
P16234|P10515_ARRNSVTTG|0.0
P16234|P10515_VTTGYGGVR|0.108
P16234|P10515_QLLGSPGRR|0.0
P16234|P10515_VPLPSLSPT|0.0
P16234|P10515_SLSPTMQAG|0.0
P16234|P10515_QEEGYLAKI|0.067
P16234|P10515_VPEGTRDVP|0.0
P16234|P10515_VPLGTPLCI|0.0
P16234|P10515_RVFVSPLAK|0.305
P16234|P10515_KDIDSFVPS|0.0
P16234|P10515_LEGRSKISV|0.0
P16234|P10515_RSKISVNDF|0.0
P16234|Q96QB1_ARLDSMVLL|0.0
P16234|Q96QB1_ENALSTSSS|0.0
P16234|Q96QB1_PCAISGKWT|0.0
P16234|Q96QB1_FQRDSKRWS|0.0
P16234|Q96QB1_SKRWSRLEE|0.0
P16234|Q96QB1_LVPGSPDDS|0.0
P16234|Q96QB1_KDGPSPGGT|0.0
P16234|Q96QB1_SFSFSMKGH|0.0
P16234|Q96QB1_KRMESLKLK|0.0
P16234|Q96QB1_VRKRSVSNS|0.0
P16234|Q96QB1_SVSNSTQTS|0.25
P16234|Q96QB1_VSNSTQTSS|0.0
P16234|Q96QB1_NSTQTSSSS|0.0
P16234|Q96QB1_QTSSSSSQS|0.0
P16234|Q96QB1_SSSSSQSET|0.0
P16234|Q96QB1_SSSQSETSS|0.0
P16234|Q96QB1_QSETSSAVS|0.0
P16234|Q96QB1_SAVSTPSPV|0.009
P16234|Q96QB1_VNWRTGSFH|0.0
P16234|Q96QB1_WRTGSFHGP|0.0
P16234|Q96QB1_PGHISLRRE|0.0
P16234|Q96QB1_RRENSSDSP|0.0
P16234|Q96QB1_KRRNSSSSM|0.0
P16234|Q96QB1_SEKFSDEGD|0.0
P16234|Q96QB1_GVGASLTRS|0.0
P16234|Q96QB1_GASLTRSNR|0.0
P16234|Q96QB1_SLTRSNRHR|0.0
P16234|Q96QB1_KHGFSWAVP|0.001
P16234|Q96QB1_LYFLSDVTA|0.247
P16234|Q96QB1_QAELSYKKV|0.408
P16234|Q96QB1_RTWRTNLPK|0.003
P16234|Q96QB1-6_RRSFSDHIR|0.0
P16234|P09622_HVNGYGKIT|0.35
P16234|P09622_VELGSVWQR|0.001
P16234|P09622_IEAASGGKA|0.0
P16234|P09622_TNADTDGMV|0.344
P16234|Q9Y238_ARMESRNHF|0.0
P16234|Q9Y238_FPPNTRYGG|0.182
P16234|Q9Y238_PNTRYGGKS|0.315
P16234|Q9Y238_LKFEYFGSP|0.0
P16234|Q9Y238_SPQNSLSKK|0.0
P16234|Q9Y238_SKKTSLPNM|0.0
P16234|Q9Y238_ETDSSVEGS|0.0
P16234|Q6UYE1_MAMRSALAR|0.0
P16234|Q6UYE1_RVVDSTSEL|0.0
P16234|Q6UYE1_VVDSTSELV|0.0
P16234|Q6UYE1_VDSTSELVS|0.0
P16234|Q6UYE1-2_QQERSFPIH|0.0
P16234|Q12959_LLEEYRSKL|0.241
P16234|Q12959_IQEFYEVTL|0.524
P16234|Q12959_SLSPSVEKY|0.16
P16234|Q12959_SPQITNEVI|0.064
P16234|Q12959_HGFVSHSHI|0.0
P16234|Q12959_KEAGSIVRL|0.0
P16234|Q12959_SIYVTKIIE|0.262
P16234|Q12959_SDFVYLKVA|0.627
P16234|Q12959_MNDGYAPPD|0.414
P16234|Q12959_DNHVSPSSF|0.0
P16234|Q12959_FLGQTPASP|0.0
P16234|Q12959_PARYSPVSK|0.002
P16234|Q12959_YSPVSKAVL|0.207
P16234|Q12959_ISVNSVDLR|0.0
P16234|Q12959_GSLRTSQKR|0.0
P16234|Q12959_SQKRSLYVR|0.17
P16234|Q12959_KRSLYVRAL|0.308
P16234|Q12959_KTKDSGLPS|0.0
P16234|Q12959_SGLPSQGLN|0.066
P16234|Q12959_ARQVTPDGE|0.033
P16234|Q12959_PDGESDEVG|0.505
P16234|Q12959_VKFNSKTRD|0.043
P16234|Q12959_LKHVTSNAS|0.0
P16234|Q12959_PKRDYEVDG|0.304
P16234|Q12959_YHFVTSREQ|0.051
P16234|Q12959_HFVTSREQM|0.0
P16234|Q12959_EAGQYNNHL|0.303
P16234|Q12959_NNHLYGTSV|0.056
P16234|Q12959_HLYGTSVQS|0.207
P16234|Q12959_IAQLYPISI|0.228
P16234|Q12959_QARKTFERA|0.0
P16234|Q12959_IEEQSGSYI|0.004
P16234|Q12959_QSGSYIWVP|0.146
P16234|Q12959-2_DKGQSFNDK|0.0
P16234|Q12959-2_NKDQSEQET|0.008
P16234|Q12959-2_SESSYRGQE|0.002
P16234|Q12959-5_HSHISPIKV|0.0
P16234|Q12959-9___MNYIFGN|0.376
P16234|Q12959-9_NTLLYSRGS|0.188
P16234|Q92796_KLIPTGRDV|0.0
P16234|Q92796_GIFITKIIP|0.0
P16234|Q92796_SDMVYLKVA|0.182
P16234|Q92796_RAGQSVTIV|0.0
P16234|Q92796_QMMNSSMSS|0.0
P16234|Q92796_MMNSSMSSG|0.0
P16234|Q92796_NSSMSSGSG|0.0
P16234|Q92796_SSMSSGSGS|0.0
P16234|Q92796_SGSGSLRTS|0.0
P16234|Q92796_SEKRSLYVR|0.007
P16234|Q92796_KRSLYVRAL|0.306
P16234|Q92796_DYDRTRDSC|0.0
P16234|Q92796_ARLVTPHGE|0.105
P16234|Q92796_GMIESNRDF|0.086
P16234|Q92796_QEIHYARPV|0.269
P16234|Q92796_VPHTTRPRR|0.0
P16234|Q92796_HFVVSREQM|0.0
P16234|Q92796_NRRQTYEQA|0.095
P16234|Q92796_RRQTYEQAN|0.417
P16234|Q92796_IWVPSPEKL|0.0
P16234|Q92796-2_ARKFSGSGL|0.0
P16234|Q92796-2_GMIESNRSI|0.0
P16234|Q92796-2_ESNRSIKTK|0.0
P16234|Q92796-2_KRKKSFRLS|0.0
P16234|Q92796-2_SFRLSRKFP|0.0
P16234|Q92796-2_PFYKSKENM|0.0
P16234|Q92796-2_MAQESSIQE|0.0
P16234|Q92796-2_AQESSIQEQ|0.0
P16234|Q92796-2_VTSNTSDSE|0.0
P16234|Q92796-2_NRRQTYEQA|0.0
P16234|Q8TDM6_AGALSPGER|0.0
P16234|Q8TDM6_VENLSIQLR|0.0
P16234|Q8TDM6_DKRPYHRLN|0.136
P16234|Q8TDM6_LNPDYERLK|0.531
P16234|Q8TDM6_VRAMSDLQS|0.0
P16234|Q8TDM6_SDLQSLQNQ|0.0
P16234|Q8TDM6_QNQHTNALK|0.0
P16234|Q8TDM6_ETDFYHTLH|0.491
P16234|Q8TDM6_HNGSSEILN|0.0
P16234|Q8TDM6_RDAVYSEYK|0.398
P16234|Q8TDM6_DAVYSEYKL|0.566
P16234|Q8TDM6_VYSEYKLIM|0.538
P16234|Q8TDM6_RRRKSLGGK|0.0
P16234|Q8TDM6_GKVVTPLHI|0.0
P16234|Q8TDM6_HINLSGQKD|0.0
P16234|Q8TDM6_GQKDSGISL|0.002
P16234|Q8TDM6_DSGISLENG|0.0
P16234|Q8TDM6_LDNKSLNEC|0.0
P16234|Q8TDM6_SLTLSLLKV|0.0
P16234|Q8TDM6_SSSWSGQNI|0.0
P16234|Q8TDM6_NIKDSDKML|0.0
P16234|Q8TDM6_DKMLSFRAH|0.0
P16234|Q8TDM6_QHNNSTQTD|0.002
P16234|Q8TDM6_VGEASLDKA|0.0
P16234|Q8TDM6_DKADSEGSN|0.0
P16234|Q8TDM6_DSEGSNSGG|0.0
P16234|Q8TDM6_EGSNSGGTW|0.001
P16234|Q8TDM6_NSGGTWPKA|0.0
P16234|Q8TDM6_PEKLSVYKK|0.174
P16234|Q8TDM6_KLSVYKKPK|0.467
P16234|Q8TDM6_KQRKSIFDP|0.0
P16234|Q8TDM6_PKIDYLLPG|0.651
P16234|Q8TDM6_PMHASPPRK|0.0
P16234|Q8TDM6_VRIASSYYP|0.153
P16234|Q8TDM6_RIASSYYPE|0.137
P16234|Q8TDM6_IASSYYPEG|0.463
P16234|Q8TDM6_ASSYYPEGD|0.496
P16234|Q8TDM6_DGDSSHLPA|0.0
P16234|Q8TDM6_PAKKSCDED|0.0
P16234|Q8TDM6_SGELSPELQ|0.0
P16234|Q8TDM6_WAPYSPGHS|0.012
P16234|Q8TDM6_PLYPSRPSV|0.069
P16234|Q8TDM6_RNPIYTVRS|0.576
P16234|Q8TDM6_NPIYTVRSH|0.475
P16234|Q8TDM6_VGPCSSPPA|0.0
P16234|Q8TDM6_HRTCSDYSE|0.198
P16234|Q8TDM6_TCSDYSEMR|0.769
P16234|Q8TDM6_CSDYSEMRA|0.355
P16234|Q8TDM6_EMRATHGSN|0.0
P16234|Q8TDM6_ATHGSNSLP|0.0
P16234|Q8TDM6_HGSNSLPSS|0.0
P16234|Q8TDM6_RLGSSSNLQ|0.0
P16234|Q8TDM6_LGSSSNLQF|0.0
P16234|Q8TDM6_SVVGSERGS|0.269
P16234|Q8TDM6_SERGSVSHS|0.0
P16234|Q8TDM6_SECSTPPQS|0.0
P16234|Q8TDM6_TPPQSPLNI|0.0
P16234|Q8TDM6_KDRPYVEEP|0.667
P16234|Q8TDM6_VQKGSEPLG|0.0
P16234|Q8TDM6_PLGISIVSG|0.0
P16234|Q8TDM6_DEGPSTPPA|0.001
P16234|Q8TDM6_EGPSTPPAK|0.0
P16234|Q8TDM6_RLSMSEVKD|0.0
P16234|Q8TDM6_YKRRSGHFD|0.009
P16234|Q96JB8_NIPESEEAM|0.0
P16234|Q96JB8_GLVPSNHLL|0.0
P16234|Q96JB8_AVPHTTRTK|0.002
P16234|Q15398_SHFASRHRK|0.0
P16234|Q15398_RKDISTEMI|0.0
P16234|Q15398_AHRKSLSQK|0.0
P16234|Q15398_RKSLSQKEN|0.157
P16234|Q15398_RAMKTILGD|0.004
P16234|Q15398_GPRQTSEKK|0.001
P16234|Q15398_EKKVSDKEK|0.0
P16234|Q15398_PVMPTSLRM|0.0
P16234|Q15398_MTPRSANAF|0.0
P16234|Q15398_FLTPSYTWT|0.002
P16234|Q15398_TPLKTEVDE|0.002
P16234|Q15398_EVDESQATK|0.0
P16234|Q15398_ESQATKEIL|0.0
P16234|Q15398_CKTYSTKTI|0.02
P16234|Q15398_IQQDSNKLP|0.0
P16234|Q15398_KEVPSLERN|0.064
P16234|Q15398_DLIRTAVGQ|0.071
P16234|Q15398_GPQNTKSEH|0.0
P16234|Q15398_DCLSSERMS|0.0
P16234|Q15398_VLMSSPEKN|0.0
P16234|Q15398_FDNKSLTTE|0.0
P16234|Q15398_NKSLTTECH|0.0
P16234|Q15398_SNPFTQLER|0.0
P16234|Q15398_GNLITFSPL|0.046
P16234|Q15398-3_DPTTSASRV|0.0
P16234|Q12852_KPHPSRGLL|0.0
P16234|Q12852_PQKLSPHSK|0.0
P16234|Q12852_KGPPSPGRS|0.0
P16234|Q12852_HRKASAKGS|0.0
P16234|Q12852_SAKGSCGDL|0.0
P16234|Q12852_KMSSSSPDL|0.0
P16234|Q12852_PDLLSAALG|0.0
P16234|Q12852_GDPGSPPPA|0.0
P16234|Q12852_ARGDTPPSE|0.0
P16234|Q12852_DTPPSEGSA|0.0
P16234|Q12852_SRAGSQHLT|0.0
P16234|Q12852_SQHLTPAAL|0.0
P16234|Q12852_SENPSDGEE|0.101
P16234|P80370_LLLQYNSGE|0.0
P16234|P80370_LQYNSGEDL|0.086
P16234|O00548_EKDISVSII|0.002
P16234|O00548_PAVDYNLVQ|0.362
P16234|O00548_TSKDTKYQS|0.364
P16234|O00548_KDTKYQSVY|0.437
P16234|O00548_TKYQSVYVI|0.44
P16234|Q9NYJ7_AWPGTFSFI|0.0
P16234|Q9NYJ7_PGTFSFIIE|0.0
P16234|Q9NYJ7_FIIETWREE|0.0
P16234|Q9NYJ7_LLAGTPEPS|0.0
P16234|Q9NR61_AASRSASGW|0.0
P16234|Q1XH10_SQVFTDLLK|0.0
P16234|Q1XH10_KAINSIAFH|0.0
P16234|Q1XH10_AAKCTLISR|0.0
P16234|Q1XH10_AEGASSPSP|0.0
P16234|Q1XH10_EGASSPSPK|0.0
P16234|Q1XH10_ASSPSPKTN|0.0
P16234|Q1XH10_PSPKTNNAF|0.0
P16234|Q1XH10_CTLGSPKPE|0.0
P16234|P36957_AFAESVTEG|0.0
P16234|P36957_AESVTEGDV|0.0
P16234|P36957_VEGGTPLFT|0.0
P16234|P36957_LGFMSAFVK|0.0
P16234|P36957_VAVATPRGL|0.0
P16234|P56177____MTMTTM|0.017
P16234|P56177_ESLNSPVSG|0.0
P16234|P56177_PGADSEKST|0.0
P16234|P56177_LSAGSPPVP|0.0
P16234|Q07687_GTSSSPANN|0.0
P16234|Q07687_HPGASASPP|0.0
P16234|Q07687_GGPGSGGSG|0.0
P16234|O60479_QYGAYREQP|0.071
P16234|Q92988____MTSLPC|0.0
P16234|Q92988___MTSLPCP|0.0
P16234|Q92988_GRDASKAVF|0.0
P16234|Q92988_LEADSEKPR|0.001
P16234|Q92988_VSPCSPPLP|0.046
P16234|P56178_HGYCSPTSA|0.057
P16234|P56178_TSASYGKAL|0.425
P16234|P56179_RTIYSSLQL|0.0
P16234|P56179_SAALSPRSP|0.0
P16234|P56179_LSPRSPALP|0.0
P16234|P56179-2_YMSHSQHSP|0.0
P16234|Q9NPF5_SKKSSETLT|0.284
P16234|Q9NPF5_HREVYALLY|0.316
P16234|Q9NPF5_YALLYSDKK|0.383
P16234|Q9NPF5_LERLYNRTP|0.421
P16234|Q9NPF5_EQRRTERKA|0.0
P16234|Q9NPF5_GVELSPTPT|0.0
P16234|Q9NPF5_ELSPTPTEE|0.0
P16234|Q9NPF5_SPTPTEELV|0.208
P16234|Q9NPF5_ATPASGPGP|0.0
P16234|Q9NPF5_PGPASAEPA|0.0
P16234|Q9NPF5_DPKDTIIDV|0.014
P16234|Q9NPF5_KRRESASSS|0.0
P16234|Q9NPF5_ASSSSSVKK|0.0
P16234|Q9NPF5_SSSSSVKKA|0.0
P16234|Q9UGM3_VAEGSPFPS|0.0
P16234|Q9UGM3_FPSESTLES|0.0
P16234|Q9UGM3_VAEGSPISL|0.0
P16234|Q9UGM3_PRPDTWLTT|0.0
P16234|Q9UGM3_SSPSYPAYY|0.479
P16234|Q9UGM3_YPAYYPNNA|0.436
P16234|Q9UGM3_IHFRSDISF|0.0
P16234|Q9UGM3_RIHVSCRML|0.0
P16234|Q8NFW5_CKRGSPKAD|0.374
P16234|Q8NFW5_SKTTSIENL|0.0
P16234|Q9UI17_ALLKYPAPV|0.303
P16234|Q9UI17_PAPVTSLKA|0.0
P16234|Q9UI17_TPQGSMRAN|0.0
P16234|Q9UI17_NGPITYSPD|0.0
P16234|Q9UI17_GPITYSPDI|0.0
P16234|Q9UI17_QYRPSFRRT|0.324
P16234|Q9UI17_LITGSGSEL|0.0
P16234|Q9UI17_LQKLTSEDL|0.0
P16234|Q9UI17_SVALYDAIM|0.216
P16234|Q6E0U4_GGKYSVKTP|0.0
P16234|Q6E0U4_YSVKTPAKG|0.121
P16234|Q6E0U4-2_SGDNYRGQG|0.0
P16234|O15061_NARLYDYVC|0.02
P16234|O15061_ARAASLTMH|0.0
P16234|O15061_MREEYGIQA|0.0
P16234|O15061_FRNKSYHYT|0.0
P16234|O15061_SSALYSNLS|0.003
P16234|O15061_SALYSNLSG|0.0
P16234|O15061_GHRGSQTGT|0.0
P16234|O15061_RGSQTGTSI|0.0
P16234|O15061_LGSGYSSSA|0.0
P16234|O15061_SGYSSSATT|0.0
P16234|O15061_SSATTQQEN|0.0
P16234|O15061_QENSYGKAV|0.0
P16234|O15061_FSPTYGLLR|0.001
P16234|O15061_EVPVYIGED|0.0
P16234|O15061_LGKKTEVKA|0.0
P16234|O15061_NRPETIRTK|0.0
P16234|O15061_EVPISLEVS|0.0
P16234|O15061_SLEVSQDRR|0.0
P16234|O15061_LQGDSMTET|0.0
P16234|O15061_SMTETVAEN|0.0
P16234|O15061_QSPETEASA|0.0
P16234|O15061_DVDVSDEAG|0.0
P16234|O15061_VEDVSPGPW|0.0
P16234|O15061_VEEVTEAGD|0.0
P16234|O15061_TRRRTQKDG|0.0
P16234|O15061_VPAPSLEGD|0.0
P16234|O15061_EQARSGEFH|0.0
P16234|O15061_EFHTSMKGI|0.0
P16234|O15061_VVRESLSRQ|0.0
P16234|O15061_RESLSRQRS|0.0
P16234|O15061_RRWATRELY|0.0
P16234|O15061_SGQRTPQGP|0.0
P16234|O15061_KLGPSEVWR|0.0
P16234|O15061_EVWRTERMS|0.0
P16234|O15061_SQAASPTGA|0.0
P16234|O15061_VRHVTLGPG|0.0
P16234|O15061_EAWGSPEPG|0.0
P16234|O15061_DMDGSGRHS|0.0
P16234|O15061_IRHISIGPQ|0.0
P16234|O15061_VLAGSADSP|0.0
P16234|O15061_ALGVSDRGS|0.0
P16234|O15061_AVGVSFKAS|0.0
P16234|O15061_VDQRSVISD|0.0
P16234|O15061-2_TERMSYEGP|0.0
P16234|Q13316_DTGLSQPRR|0.001
P16234|Q09013____MSAEVR|0.0
P16234|Q09013_AEGATAVTG|0.0
P16234|Q09013_ATAVTGVPS|0.0
P16234|Q09013_TGVPSPRAT|0.0
P16234|Q6DT37_RRERSVAQF|0.0
P16234|Q6DT37_KRAETACFR|0.0
P16234|Q6DT37_LRLNTNGMV|0.0
P16234|Q6DT37_VAVGTPDYI|0.0
P16234|Q6DT37_PDYISPEIL|0.012
P16234|Q6DT37_PPAGSPGQD|0.0
P16234|Q6DT37_NRRLSREQE|0.0
P16234|Q6DT37_KMEASARLE|0.0
P16234|Q6DT37_LELQSALEA|0.0
P16234|Q6DT37_IPFLSFRSS|0.0
P16234|Q6DT37_EGRRSLRMG|0.0
P16234|Q6DT37_RSFPSPTKC|0.0
P16234|Q6DT37_IHLRSNDIF|0.0
P16234|Q6DT37_ARDKSPAPE|0.0
P16234|Q6DT37_PHSFSEALR|0.0
P16234|Q6DT37_RRPASMGSE|0.0
P16234|Q6DT37_ASMGSEGLG|0.0
P16234|Q6DT37_WTSLSSESV|0.0
P16234|Q6DT37_TSLSSESVS|0.0
P16234|Q6DT37_SESVSCPQG|0.012
P16234|Q6DT37_CPQGSLSPA|0.0
P16234|Q6DT37_ERPRSLPLS|0.0
P16234|Q6DT37_SLPLSPELE|0.0
P16234|Q6DT37_ELESSP___|0.0
P16234|Q9Y5R6_GSKKSPRLP|0.0
P16234|Q9Y5R6_ENNGSNPCL|0.0
P16234|Q9Y5R5_VATTYRQYP|0.323
P16234|Q9Y5R5_QYPLSSRFL|0.322
P16234|Q9Y5R5_DTLLYQQCL|0.294
P16234|Q9Y5R5_NATTSVQAL|0.0
P16234|Q9Y5R5_KPGASWDLK|0.0
P16234|Q9Y5R5_QTTRSDLQG|0.0
P16234|Q9Y5R5_VPERSAFSP|0.0
P16234|Q9Y5R5_DNQKYTFTI|0.007
P16234|Q9NQL9_SADNTEVFS|0.002
P16234|Q9NQL9_TEVFSDKDT|0.0
P16234|Q9NQL9_FTPESPEIV|0.0
P16234|Q9NQL9_GNPESRPDS|0.0
P16234|Q9NQL9_SRPDSPKCH|0.0
P16234|Q9NQL9_NQKPTVLEL|0.0
P16234|Q9NQL9_VLLSSRSSV|0.0
P16234|Q9NQL9_TLRFSADSS|0.0
P16234|Q9NQL9_FSADSSNVV|0.287
P16234|Q9NQL9_SADSSNVVP|0.0
P16234|Q9NQL9_NVVPSPLAG|0.0
P16234|Q9NQL9_RSQSSPFLP|0.0
P16234|Q9NQL9_PNDVTLWNT|0.0
P16234|Q9NQL9_WNTMTLQQQ|0.0
P16234|Q9NQL9_YQLRSQYVS|0.261
P16234|Q9NQL9_PSNSTSVFR|0.0
P16234|Q9NQL9_YDERSDSSD|0.002
P16234|Q9NQL9_ERSDSSDSR|0.0
P16234|Q9NQL9_RSDSSDSRT|0.0
P16234|Q5VZB9_PTVSSRPRD|0.0
P16234|Q5VZB9_FMSPYLTPG|0.186
P16234|Q96SC8_LGSESGSEA|0.0
P16234|Q96SC8_MRDRSAAAA|0.0
P16234|Q96SC8_KEPTYGGGL|0.174
P16234|Q96SC8_GGGLYGPMV|0.409
P16234|Q96MA1_VAMPSLAGP|0.0
P16234|Q8IXT2_PQVPSGKEN|0.0
P16234|Q8IXT2_LLAPTPPGK|0.0
P16234|Q9Y222_VLRMYDDRN|0.418
P16234|Q9Y222_EEEISDTDL|0.0
P16234|Q09019_GSQRSIDLN|0.0
P16234|Q09019_GFSVYAAKS|0.0
P16234|Q09019_DGERSGEEE|0.0
P16234|Q09019_GAPLSPLPK|0.0
P16234|Q09019_PLARTRTLP|0.0
P16234|Q09019_ARTRTLPGT|0.0
P16234|Q09019_GTPGTTPPA|0.0
P16234|Q09019_PRSLSRSNS|0.0
P16234|Q09019_SLSRSNSLP|0.0
P16234|Q09019_AEPGTPFSI|0.0
P16234|Q09019_GRFATLTLQ|0.0
P16234|Q09019_LGNISRGGS|0.0
P16234|Q09019_SRGGSGGSG|0.0
P16234|Q09019_SWPRSPSKS|0.0
P16234|Q09019_VEGISSQPG|0.0
P16234|Q09019_EGISSQPGN|0.0
P16234|Q9Y485_WHCKTASQV|0.0
P16234|Q9Y485_CKTASQVHL|0.0
P16234|Q9Y485_LMKFSPDGE|0.0
P16234|Q9Y485_TAVTSPDGS|0.0
P16234|Q9Y485_KTSKYMPRA|0.0
P16234|Q9Y485_SSEASVEDS|0.0
P16234|Q9Y485_SVEDSNQAD|0.0
P16234|Q9Y485_LSEWSKNAD|0.0
P16234|Q9Y485_GLTRSTSML|0.0
P16234|Q9Y485_LTRSTSMLI|0.0
P16234|Q9Y485_TRSTSMLIS|0.0
P16234|Q9Y485_IEECSLTQQ|0.0
P16234|Q9Y485_PSAVYSELI|0.0
P16234|Q9Y485_VGPLSFSGG|0.0
P16234|Q9Y485_PLSFSGGVS|0.0
P16234|Q9Y485_EKVDTKLSE|0.0
P16234|Q9Y485_EEHYSSSPE|0.0
P16234|Q9Y485_EHYSSSPEK|0.0
P16234|Q9Y485_SYSGSTPSI|0.0
P16234|Q9Y485_GSTPSITSL|0.0
P16234|Q9Y485_KQSNSSSGL|0.0
P16234|Q9Y485_TLTRSMTSL|0.0
P16234|Q9Y485_TRSMTSLAQ|0.0
P16234|Q9Y485_RSMTSLAQK|0.0
P16234|Q9Y485_RRLRSLTIS|0.0
P16234|Q9Y485_LRSLTISAS|0.0
P16234|Q9Y485_SLTISASGS|0.0
P16234|Q9Y485_TISASGSTT|0.0
P16234|Q9Y485_SASGSTTRD|0.0
P16234|Q9Y485_SLEKSSNES|0.0
P16234|Q9Y485_LEKSSNEST|0.0
P16234|Q9Y485_SSNESTLSK|0.0
P16234|Q9Y485_ATTSTDIGE|0.0
P16234|Q9Y485_RLYESEFDT|0.0
P16234|Q9Y485_LGIDSPVSE|0.0
P16234|Q9Y485_HFGSSDTFS|0.0
P16234|Q9Y485_GSSDTFSTH|0.0
P16234|Q9Y485_HMSLTGKSG|0.0
P16234|Q9Y485_FYRASSFLD|0.0
P16234|Q9Y485_FLDTSKDCS|0.0
P16234|Q9Y485_DCSPSSPLK|0.0
P16234|Q9Y485_FGSSSEGSS|0.0
P16234|Q9Y485_ISSNYTESF|0.0
P16234|Q9Y485_VELRTLSTG|0.0
P16234|Q9Y485_PHRPSLKTG|0.0
P16234|Q9Y485_PSKMSCRES|0.0
P16234|Q9Y485_SCRESAPLT|0.0
P16234|Q9Y485_SAPLTPSSA|0.0
P16234|Q9Y485_SAPVSQESL|0.0
P16234|Q9Y485_PFLPSSQSR|0.0
P16234|Q9Y485_FLPSSQSRA|0.0
P16234|Q9Y485_FVTGSAEGN|0.003
P16234|Q9Y485_PDQFSPLNE|0.0
P16234|P51530_KVVASFPRT|0.0
P16234|P51530_RLNLSQDEI|0.0
P16234|P51530_DIEESIWSP|0.0
P16234|P51530_ESIWSPRFG|0.0
P16234|P51530_YKTKYKIMP|0.37
P16234|P51530_YTLLSQERR|0.299
P16234|P51530_NCALYSRAV|0.251
P16234|P51530_DAKDTVACI|0.0
P16234|P51530_GMPGTGKTT|0.0
P16234|P51530_VRILYACGF|0.0
P16234|P51530_ACGFSVLLT|0.0
P16234|P51530_GRDKSIVLV|0.0
P16234|P51530_SFVRSNKDG|0.0
P16234|P51530_NKDGTVGEL|0.0
P16234|P51530_IDLPSREHE|0.0
P16234|Q96MX6____MSAFEK|0.005
P16234|Q96MX6_FARGTGVIQ|0.0
P16234|Q96MX6_VIQLYEIQH|0.003
P16234|Q8N9W5_LGSRYDARR|0.001
P16234|Q8N9W5_RWRDTGVAF|0.0
P16234|Q8N9W5_ELRDSSAYH|0.0
P16234|Q8N9W5_QGFNTRVRE|0.0
P16234|Q8IYS4_GMAPSLGSP|0.0
P16234|Q8IYS4_ALLCTTQSK|0.0
P16234|Q8IYS4_LLCTTQSKA|0.0
P16234|Q8IYS4_CTTQSKASA|0.0
P16234|Q8IYS4_QSKASACAR|0.0
P16234|Q8IYS4_LNAESPTIF|0.0
P16234|Q9P2D7_DHVVSSKPE|0.0
P16234|Q9P2D7_ELVKYMLQD|0.001
P16234|Q9P2D7_VMDDYQVMD|0.442
P16234|Q9P2D7_QKGLSEYLE|0.024
P16234|Q9P2D7_GLSEYLETK|0.0
P16234|Q9P2D7_EYLETKRSA|0.0
P16234|Q9P2D7_EVERSMKAS|0.0
P16234|Q9P2D7_SQLRYYWTN|0.414
P16234|Q9P2D7_QLRYYWTNN|0.43
P16234|Q9P2D7_RYYWTNNDL|0.407
P16234|Q9P2D7_TDRCYLTLT|0.388
P16234|Q9P2D7_QQITTIQKA|0.0
P16234|Q9P2D7_KITTTFKLS|0.0
P16234|Q9P2D7_ITSDTNKKW|0.0
P16234|Q9P2D7_KLCLSSGEI|0.0
P16234|Q9P2D7_LCLSSGEII|0.0
P16234|Q9P2D7_SEKLSRIVE|0.0
P16234|Q9P2D7_GVGGSGRSS|0.0
P16234|Q9P2D7_EALKSVATV|0.0
P16234|Q9P2D7_HFLESLFKF|0.0
P16234|Q9P2D7_DGIATMQAK|0.0
P16234|Q9P2D7_LSGGSISIM|0.0
P16234|Q9P2D7_KDSNSTTPL|0.0
P16234|Q9P2D7_DDIPYKVLK|0.0
P16234|Q8IVF4_DKEISEKLP|0.0
P16234|Q8IVF4_AYFDTRAKI|0.001
P16234|Q8IVF4_EDRKYEQWM|0.431
P16234|Q8IVF4_WMEVTEQVL|0.021
P16234|Q8IVF4_KLQFYSKIA|0.0
P16234|Q8IVF4_SKIAYEVMR|0.434
P16234|Q8IVF4_GLSVTYYLE|0.344
P16234|Q8IVF4_SVTYYLEAK|0.404
P16234|Q8IVF4_IMGETLKDP|0.005
P16234|Q8IVF4_MIKMYDNIA|0.442
P16234|Q8IVF4_DNIASLRFN|0.0
P16234|Q8IVF4_TMPLSKNDR|0.0
P16234|Q8IVF4_KKYNTVLII|0.194
P16234|Q8IVF4_AKKMTVLYK|0.367
P16234|Q8IVF4_LVPEYIHAP|0.232
P16234|Q8IVF4_FVGESGTSK|0.001
P16234|Q8IVF4_GESGTSKTA|0.0
P16234|Q8IVF4_ESGTSKTAT|0.0
P16234|Q8IVF4_IVAVSGKLT|0.0
P16234|Q8IVF4_KELETLGAK|0.25
P16234|Q8IVF4_LGAKYEAAI|0.001
P16234|Q8IVF4_NGILTTRAS|0.0
P16234|Q8IVF4_EETKSKATE|0.0
P16234|Q8IVF4_KSKATEVSE|0.0
P16234|Q8IVF4_ATEVSEKLK|0.0
P16234|Q8IVF4_EILNTYLTK|0.281
P16234|Q8IVF4_ILNTYLTKA|0.006
P16234|Q8IVF4_NTYLTKAFQ|0.412
P16234|Q8IVF4_NTFRTPVYT|0.071
P16234|Q96DT5_LFKQSTYDP|0.0
P16234|Q96DT5_FKQSTYDPS|0.051
P16234|Q96DT5_NMPFTSGNM|0.418
P16234|Q96DT5_MPFTSGNMK|0.0
P16234|Q96DT5_KKRNTILKY|0.0
P16234|Q96DT5_VRAATSELE|0.0
P16234|Q96DT5_RAATSELEH|0.0
P16234|Q96DT5_RVERTQKNV|0.0
P16234|Q96DT5_PFKVSLLTI|0.0
P16234|Q96DT5_VSLLTIIKK|0.0
P16234|Q96DT5_LLESYGQKM|0.115
P16234|Q96DT5_NAEVTLIRK|0.001
P16234|Q96DT5_QKVVSPQAF|0.295
P16234|Q96DT5_PQAFTWLSQ|0.0
P16234|Q96DT5_FTWLSQLRH|0.0
P16234|Q96DT5_EQMDYKSIG|0.0
P16234|Q96DT5_IHHATREWK|0.0
P16234|Q96DT5_ARLRYFMEL|0.393
P16234|Q96DT5_GVGKTVFVG|0.0
P16234|Q96DT5_ILCFSPVGR|0.0
P16234|Q96DT5_KLKTTASQV|0.0
P16234|Q96DT5_RVNLSELKA|0.32
P16234|Q96DT5_LSRLTASFE|0.0
P16234|Q96DT5_RLTASFEKA|0.001
P16234|Q96DT5_FEKATAEKV|0.0
P16234|Q96DT5_FTRQYRQEL|0.399
P16234|Q96DT5_SKLAYPSTY|0.445
P16234|Q96DT5_YPSTYGLAQ|0.262
P16234|Q96DT5_TKEDYGHPP|0.215
P16234|Q0VDD8_LVDNSKLHA|0.0
P16234|Q0VDD8_LHAISVQKS|0.0
P16234|Q0VDD8_SVQKSEVKT|0.0
P16234|Q0VDD8_SEVKTDTDI|0.0
P16234|Q0VDD8_SMKISSMGE|0.0
P16234|Q0VDD8_VSSYSREKL|0.0
P16234|Q0VDD8_DNLKSLFRP|0.0
P16234|Q0VDD8_FGLRSLKIV|0.0
P16234|Q0VDD8_IMAGTKKRE|0.0
P16234|Q0VDD8_LLSATIRSY|0.0
P16234|Q0VDD8_LRLKSRISD|0.0
P16234|Q0VDD8_VLDDTRTLC|0.0
P16234|Q0VDD8_DDTRTLCLA|0.0
P16234|Q0VDD8_CLANSERIA|0.0
P16234|Q0VDD8_RIALTNKIR|0.0
P16234|Q0VDD8_LESISLDAI|0.0
P16234|Q0VDD8_LDAITLEEL|0.0
P16234|Q0VDD8_KHIKSAIDM|0.0
P16234|Q0VDD8_IDMLTKSIF|0.0
P16234|Q0VDD8_MLTKSIFKV|0.0
P16234|Q0VDD8_AFKGSASSH|0.0
P16234|Q0VDD8-3_QHMVSPEPA|0.0
P16234|Q0VDD8-3_ISKRYLVIC|0.0
P16234|Q0VDD8-4_QHMVSPEPA|0.0
P16234|Q0VDD8-4_TEIETEFEN|0.0
P16234|Q0VDD8-4_KQVVTEFKQ|0.0
P16234|Q0VDD8-4_DTLLYSEIK|0.0
P16234|Q0VDD8-4_KQNITILIP|0.0
P16234|Q0VDD8-4_ETHKTATGS|0.0
P16234|Q0VDD8-4_HKTATGSSD|0.0
P16234|Q0VDD8-4_KSLFYRLLS|0.003
P16234|Q0VDD8-4_NKWETFCIE|0.0
P16234|Q0VDD8-4_ERKNYGILG|0.0
P16234|Q9UFH2_MFVMSGKIK|0.0
P16234|Q9UFH2_QLKWSLELQ|0.0
P16234|Q9UFH2_DRMNYKMDL|0.362
P16234|Q9UFH2_KEGDYDGLV|0.0
P16234|Q9UFH2_QKSISAMEG|0.0
P16234|Q9UFH2_MEALSKSGG|0.0
P16234|Q9UFH2_KEMKTWDAF|0.0
P16234|Q9UFH2_KALDSTWSM|0.0
P16234|Q9UFH2_ALKKSLAIC|0.0
P16234|Q9UFH2_FPRFYFVSS|0.43
P16234|Q9UFH2_FYFVSSADL|0.409
P16234|Q9UFH2_PVEVSRHLS|0.0
P16234|Q9UFH2_RLDASDKPL|0.0
P16234|Q9UFH2_KKQISQLNV|0.0
P16234|Q9UFH2_MKIMTICTI|0.0
P16234|Q9UFH2_GTGKTETTK|0.0
P16234|Q9UFH2_VPPDSPREL|0.0
P16234|Q9UFH2_PLQASLVHT|0.0
P16234|Q9UFH2_RHKLTLKDI|0.0
P16234|Q9UFH2_LKKGYGIPD|0.332
P16234|Q9UFH2_FLGDTALVE|0.0
P16234|Q9UFH2_TTKHTASEI|0.0
P16234|Q9UFH2_KHTASEIEE|0.0
P16234|Q9UFH2_LAQVTFQVL|0.0
P16234|Q9UFH2_FQVLSMKKE|0.0
P16234|Q9UFH2_YLAEYIRTE|0.267
P16234|Q9UFH2_GTGVSREEK|0.0
P16234|Q9UFH2_KIPETFNMA|0.0
P16234|Q9P225_LKEPYQELA|0.0
P16234|Q9P225_PKLISLIRI|0.0
P16234|Q9P225_DRVMTCLAG|0.0
P16234|Q9P225_LVRISGKRV|0.0
P16234|Q9P225_DLQGSVAQV|0.0
P16234|Q9P225_EPIQTVVEQ|0.004
P16234|Q9P225_QFKRTMPLI|0.0
P16234|Q9P225_NIAKTWDVT|0.0
P16234|Q9P225_QVALSTMKA|0.0
P16234|Q9P225_VALSTMKAS|0.0
P16234|Q9P225_TMKASRFVK|0.0
P16234|Q9P225_FPRFYFLSN|0.077
P16234|Q9P225_ILGQSRNPE|0.001
P16234|Q9P225_GKTETVKDL|0.0
P16234|Q9P225_PFTLTKVFQ|0.002
P16234|Q9P225_SRHSTMIVG|0.0
P16234|Q9P225_IVGCTGSGK|0.0
P16234|Q9P225_PNKDTVYEY|0.479
P16234|Q9P225_KDTVYEYFV|0.516
P16234|Q9P225_VRYNYLVSS|0.124
P16234|Q9P225_GGGRTVISP|0.0
P16234|Q9P225_RTVISPRLR|0.0
P16234|Q9P225_MTFPTKSQI|0.0
P16234|Q9P225_FPTKSQIIR|0.0
P16234|Q9P225_TVLKTVMET|0.0
P16234|Q9P225_NFIKSLINF|0.0
P16234|Q9P225_KDNISDKVL|0.0
P16234|Q9P225_AMELYGRLY|0.312
P16234|Q9P225_LRKKSEEME|0.0
P16234|Q9P225_NPHYSPETS|0.075
P16234|Q9P225_IDPMYQFSL|0.241
P16234|Q9P225_SLDAYISLF|0.201
P16234|Q9P225_DRIDYLNDY|0.465
P16234|Q9P225_YLNDYHTYA|0.315
P16234|Q9P225_TYAVYRYTC|0.494
P16234|Q9P225_LNMKSVLED|0.0
P16234|Q9P225_VLEDSTPRS|0.0
P16234|Q9P225_LEDSTPRSP|0.0
P16234|Q9P225_FHRLSALET|0.0
P16234|Q9P225_SALETYFIP|0.062
P16234|Q8TD57_PRDRTGQGL|0.0
P16234|Q8TD57_LFIESIPRL|0.0
P16234|Q8TD57_ELKGYNLLL|0.001
P16234|Q8TD57_LLLGTVNAE|0.0
P16234|Q8TD57_LLDNTAEQN|0.005
P16234|Q8TD57_ADKVSEVPA|0.0
P16234|Q8TD57_VPANTKELV|0.0
P16234|Q8TD57_KELVSLIEF|0.005
P16234|Q8TD57_EKSTYPLLQ|0.184
P16234|Q8TD57_FLKKSNDQI|0.0
P16234|Q8TD57_FAVEYKIIN|0.316
P16234|Q8TD57_DIIMSKLDR|0.0
P16234|Q8TD57_VKKLSLDYY|0.184
P16234|Q8TD57_LSLDYYNKL|0.433
P16234|Q8TD57_SLDYYNKLR|0.385
P16234|Q8TD57_MIEDYWGVS|0.421
P16234|Q8TD57_SLKTYDKDN|0.429
P16234|Q8TD57_EKLISGLGG|0.0
P16234|Q8TD57_KDRWTEAAR|0.0
P16234|Q8TD57_LIVESAKNK|0.0
P16234|Q8TD57_WNIPYEFNE|0.323
P16234|Q8TD57_FLNDYKEVP|0.345
P16234|Q8TD57_VMKLYPVVY|0.419
P16234|Q8TD57_YPVVYEESM|0.403
P16234|Q8TD57_VVRRSLINL|0.0
P16234|Q8TD57_AAKSYPSLK|0.231
P16234|Q8TD57_PLGGYVADL|0.231
P16234|Q8TD57_WDRKTMQIG|0.001
P16234|Q8TE73_HLMFYYQDV|0.455
P16234|Q8TE73_LMFYYQDVE|0.493
P16234|Q8TE73_EEAETGQLG|0.0
P16234|Q8TE73_FVKVTNQII|0.0
P16234|Q8TE73_NQIISACKA|0.0
P16234|Q8TE73_NGTASIWNQ|0.0
P16234|Q8TE73_ILENYGADI|0.217
P16234|Q8TE73_MLAEYQRVK|0.475
P16234|Q8TE73_ALLLTTVTR|0.294
P16234|Q8TE73_VTRNTLEAI|0.0
P16234|Q8TE73_SVLSTIINS|0.0
P16234|Q8TE73_TIINSTKKE|0.0
P16234|Q8TE73_LSNRYNMPF|0.211
P16234|Q8TE73_FFTLYKLCE|0.44
P16234|Q8TE73_RTQEYLYPS|0.411
P16234|Q8TE73_QEYLYPSDT|0.464
P16234|Q8TE73_TTPEYGSIL|0.0
P16234|Q8TE73_SGKQSLTRL|0.0
P16234|Q8TE73_TPKSYLSFI|0.387
P16234|Q8TE73_FIQGYKFIY|0.457
P16234|Q8TE73_HKMQTASTL|0.028
P16234|Q8TE73_STLISGLAG|0.0
P16234|Q8TE73_EDSLSLGRP|0.0
P16234|Q8TE73_EKERTHLME|0.0
P16234|Q8TE73_MEDVTANKR|0.0
P16234|Q8TE73_ILDITWLNL|0.249
P16234|Q8TE73_LVELSKLRQ|0.0
P16234|Q8TE73_LDQISRNEK|0.0
P16234|Q8TE73_LKIETRYVS|0.0
P16234|Q8TE73_IETRYVSMG|0.038
P16234|Q8TE73_TRYVSMGQG|0.13
P16234|Q8TE73_TTIRYMIGE|0.021
P16234|Q8TE73_GEIQYGGRV|0.0
P16234|Q8TE73_GGRVTDDYD|0.391
P16234|Q8TE73_VTDDYDKRL|0.155
P16234|Q8TE73_TIIMSENLR|0.141
P16234|Q8TE73_KLIESKPKV|0.0
P16234|Q9C0G6_FQLMTAGII|0.0
P16234|Q9C0G6_KRPVSIAKK|0.0
P16234|Q9C0G6_IHRPYVEVF|0.375
P16234|Q9C0G6_VEVFSPSPP|0.0
P16234|Q9C0G6_VFSPSPPKL|0.0
P16234|Q9C0G6_SEKMTYTEQ|0.338
P16234|Q9C0G6_KMTYTEQAS|0.521
P16234|Q9C0G6_TEQASKRHY|0.249
P16234|Q9C0G6_CMRLTCFIR|0.0
P16234|Q9C0G6_VPTTTTEYV|0.228
P16234|Q9C0G6_PTTTTEYVH|0.536
P16234|Q9C0G6_TTTEYVHSL|0.282
P16234|Q9C0G6_EYVHSLLFL|0.003
P16234|Q9C0G6_PEKVYTNDI|0.076
P16234|Q9C0G6_EKVYTNDIL|0.485
P16234|Q9C0G6_LAMLSPEGE|0.0
P16234|Q9C0G6_ILTVSQIMW|0.0
P16234|Q9C0G6_RNILTALIT|0.205
P16234|Q9C0G6_TALITIDVH|0.0
P16234|Q9C0G6_ELVQSKVET|0.0
P16234|Q9C0G6_KLVMTCAAF|0.0
P16234|Q9C0G6_AAFITMNPG|0.291
P16234|Q9C0G6_QQDHYDFGM|0.362
P16234|Q9C0G6_VIQFYETML|0.577
P16234|Q9C0G6_QFYETMLVR|0.123
P16234|Q9C0G6_GGGKTTVYR|0.481
P16234|Q9C0G6_LMALSVRAA|0.0
P16234|Q9C0G6_LLRQYQDFG|0.497
P16234|Q9C0G6_FGGFYDRNK|0.441
P16234|Q9C0G6_RNPVTPRFI|0.126
P16234|Q9C0G6_CDPGTIREE|0.372
P16234|Q9C0G6_VLQDYLDDY|0.363
P16234|Q9C0G6_YLDDYNLTN|0.491
P16234|Q9C0G6_EVGISEGNR|0.0
P16234|Q9C0G6_LRRRYYTTP|0.285
P16234|Q9C0G6_RRRYYTTPT|0.433
P16234|Q9C0G6_LINLYLSML|0.377
P16234|Q9C0G6_EEAESTEQM|0.0
P16234|Q9C0G6_EAESTEQMI|0.0
P16234|Q9C0G6_VQSISLGQG|0.0
P16234|Q9C0G6_HLAVSWMLA|0.0
P16234|Q9C0G6_RLFLSSMPS|0.0
P16234|Q8WXX0____MSSEQD|0.0
P16234|Q8WXX0_EQDKSASKE|0.0
P16234|Q8WXX0_LPQLSMEKL|0.0
P16234|Q8WXX0_QVDDSYVGP|0.297
P16234|Q8WXX0_STSKSKGKS|0.0
P16234|Q8WXX0_SKGKSPHKE|0.0
P16234|Q8WXX0_LKVFTDSIV|0.025
P16234|Q8WXX0_DSIVTLSDE|0.002
P16234|Q8WXX0_IVTLSDEMR|0.0
P16234|Q8WXX0_DYLLSVRKS|0.309
P16234|Q8WXX0_SVRKSIVDF|0.001
P16234|Q8WXX0_LDNDTIKFE|0.0
P16234|Q8WXX0_IMKESVAPT|0.0
P16234|Q8WXX0_DIGNYWRGL|0.049
P16234|Q8WXX0_KLEKTFHDS|0.0
P16234|Q8WXX0_SKEYSLEKA|0.324
P16234|Q8WXX0_TMRGSPFIK|0.027
P16234|Q8WXX0_FIKPYEKQM|0.0
P16234|Q8WXX0_VMINSIHKV|0.0
P16234|Q8WXX0_RDVLSSLVK|0.0
P16234|Q8WXX0_DVLSSLVKK|0.0
P16234|Q8WXX0_LLLRSIIDV|0.0
P16234|Q8WXX0_IFLFSLIWS|0.0
P16234|Q8WXX0_GASCTDDDR|0.211
P16234|Q8WXX0_LRDFSRVIQ|0.0
P16234|Q8WXX0_YVTPTSYLE|0.154
P16234|Q8WXX0_GGEKTRWSH|0.0
P16234|Q8WXX0_TKEWTTLCK|0.0
P16234|Q8WXX0_KEWTTLCKG|0.0
P16234|Q8WXX0_RYPTTYTQS|0.301
P16234|Q8WXX0_TYTQSMNTV|0.0
P16234|Q96JB1_WKRMSAKFN|0.0
P16234|Q96JB1_AKFNYIIEQ|0.098
P16234|Q96JB1_WDQETPVVL|0.0
P16234|Q96JB1_RKLISESSG|0.0
P16234|Q96JB1_SGEKSFEVS|0.0
P16234|Q96JB1_DPRRTEFDT|0.357
P16234|Q96JB1_TEFDTDFLD|0.0
P16234|Q96JB1_LDFMTKING|0.0
P16234|Q96JB1_VLTWSSLTL|0.0
P16234|Q96JB1_WSSLTLESF|0.0
P16234|Q96JB1_EIAKTVLIS|0.0
P16234|Q96JB1_DFQKYKTLW|0.415
P16234|Q96JB1_QKYKTLWTE|0.402
P16234|Q96JB1_KTLWTEDRD|0.303
P16234|Q96JB1_KKKMSYMIA|0.343
P16234|Q96JB1_KKMSYMIAF|0.412
P16234|Q96JB1_SKAVSVQED|0.001
P16234|Q96JB1_GLMWSLGAL|0.0
P16234|Q96JB1_PEYSSILVP|0.0
P16234|Q96JB1_TIESYVDKR|0.038
P16234|Q96JB1_IGSTYGPPG|0.002
P16234|Q96JB1_LKALYKVAG|0.468
P16234|Q96JB1_MDWFSRWPR|0.011
P16234|Q96JB1_EDSLSLGRP|0.0
P16234|Q96JB1_DNLLYKLSA|0.136
P16234|Q96JB1_QARKYIADS|0.172
P16234|Q96JB1_AFLHSTVQE|0.0
P16234|Q96JB1_SFCFYTGYK|0.421
P16234|Q96JB1_TLDQYFEYI|0.525
P16234|Q96JB1_ILRSSLSDL|0.0
P16234|Q96JB1_RSSLSDLKL|0.0
P16234|Q96JB1_ITVVYLRTV|0.479
P16234|Q9NYC9_LPAGSEKME|0.0
P16234|Q9NYC9_VIKWSYQVQ|0.417
P16234|Q9NYC9_MQQKYEDML|0.006
P16234|Q9NYC9_PQLISVLKE|0.0
P16234|Q9NYC9_LKEMSYLEP|0.002
P16234|Q9NYC9_NTLSSLRAV|0.0
P16234|Q9NYC9_AQLKTLITM|0.0
P16234|Q9NYC9_KTLITMLIG|0.0
P16234|Q9NYC9_IGQLSKGDR|0.0
P16234|Q9NYC9_AKLASLDPE|0.0
P16234|Q9NYC9_VQYVSCMNP|0.055
P16234|Q9NYC9_DKIQTEVLK|0.0
P16234|Q9NYC9_SQLKTPIPV|0.0
P16234|Q9NYC9_PIPVTPALD|0.0
P16234|Q9NYC9_EEFRSPPRE|0.0
P16234|Q9NYC9_KENPSKWVL|0.371
P16234|Q6ZR08_LGKRTPLLP|0.0
P16234|Q6ZR08_PPPDYPQTM|0.456
P16234|Q6ZR08_KGFNYIYMK|0.0
P16234|Q6ZR08_FNYIYMKQC|0.425
P16234|Q6ZR08_DLGYTTFAD|0.003
P16234|Q6ZR08_LGYTTFADT|0.025
P16234|Q6ZR08_ESLKTDLSI|0.0
P16234|Q6ZR08_KTDLSIQTR|0.0
P16234|Q6ZR08_MNTWYPKVI|0.301
P16234|Q6ZR08_INLFTKKEA|0.0
P16234|Q6ZR08_NIEPYQKFF|0.225
P16234|Q6ZR08_AQWLYLEPI|0.01
P16234|Q6ZR08_RGKLSKQTR|0.0
P16234|Q6ZR08_GALVTIDVH|0.001
P16234|Q6ZR08_KGLVYDYMY|0.183
P16234|Q6ZR08_VLKQSGGNA|0.0
P16234|Q6ZR08_GLGGSGRQS|0.0
P16234|Q6ZR08_AITNYVTDK|0.005
P16234|Q6ZR08_TNYVTDKLG|0.063
P16234|Q6ZR08_FTSETCNSS|0.0
P16234|Q6ZR08_ETCNSSFRL|0.0
P16234|Q6ZR08_TCNSSFRLW|0.004
P16234|Q6ZR08_PPKGTYEDY|0.027
P16234|Q6ZR08_PKGTYEDYI|0.033
P16234|Q6ZR08_TYEDYIEFI|0.345
P16234|Q6ZR08_TLFESLLLT|0.0
P16234|Q6ZR08_YPVRYEESM|0.441
P16234|Q9UI46_TRILTANNP|0.003
P16234|Q9UI46_EELMTPKQP|0.337
P16234|Q9UI46_NQNTYDDIA|0.371
P16234|Q9UI46_QDFKYYDDA|0.448
P16234|Q9UI46_AADEYRDQV|0.42
P16234|Q9GZS0_IRKMSEPTE|0.0
P16234|Q9GZS0_MSEPTEVVI|0.0
P16234|Q9GZS0_STLPTKFMV|0.147
P16234|Q9GZS0_FMVGTEQGI|0.003
P16234|Q9GZS0_GIVISCNRK|0.117
P16234|Q9GZS0_MWTKYHMAY|0.435
P16234|Q9GZS0_YHMAYLTDA|0.426
P16234|P31689_KETTYYDVL|0.418
P16234|P31689_ETTYYDVLG|0.411
P16234|P31689_FKQISQAYE|0.0
P16234|P31689_ISQAYEVLS|0.0
P16234|P31689_YEVLSDAKK|0.002
P16234|P31689_VHQLSVTLE|0.0
P16234|P31689_QLSVTLEDL|0.0
P16234|P31689_LEDLYNGAT|0.0
P16234|P31689_NCRGTGMQI|0.0
P16234|P31689_QKPISTLDN|0.0
P16234|P31689_IVITSHPGQ|0.0
P16234|P31689_GMPIYRRPY|0.33
P16234|P31689_RRRHYNGEA|0.404
P16234|O60884_PPGASENEL|0.0
P16234|O60884_PLKVSLEDL|0.0
P16234|O60884_QGGKSGAVQ|0.0
P16234|O60884_KGDLYIKFD|0.0
P16234|Q96EY1_GAWLSRKLS|0.0
P16234|Q96EY1_IKKAYYQLA|0.364
P16234|Q96EY1_KKAYYQLAK|0.48
P16234|Q96EY1_LAEAYEVLS|0.437
P16234|Q96EY1_DAYGSAGFD|0.193
P16234|Q96EY1_SIIISPCVV|0.0
P16234|Q96EY1_RINSYGYGD|0.465
P16234|Q96EY1_NSYGYGDHY|0.4
P16234|Q96EY1_YGDHYIHIK|0.447
P16234|Q96EY1_PKRLTSRQQ|0.0
P16234|Q8WW22_GVKPSASPE|0.0
P16234|Q8WW22_IKKAYRKLA|0.002
P16234|Q8WW22_KRDVYDQGG|0.325
P16234|Q8WW22_GGSGSPSFS|0.0
P16234|Q8WW22_SGSPSFSSP|0.0
P16234|Q8WW22_VHQLSVTLE|0.0
P16234|Q8WW22_YNGVTKKLA|0.347
P16234|Q8WW22_GKKGSVEKC|0.0
P16234|Q8WW22_KHWLSLEKL|0.0
P16234|Q8WW22-2_ARGGSQSWS|0.0
P16234|Q8WW22-2_GGSQSWSSG|0.0
P16234|Q8WW22-2_PKEQTPEKP|0.0
P16234|Q5F1R6_RRDASEEEL|0.0
P16234|Q5F1R6_FDGEYQDDS|0.413
P16234|Q5F1R6_YREQSWMTM|0.004
P16234|Q5F1R6_MEARYEKEF|0.292
P16234|Q5F1R6_PAQNYDDNF|0.273
P16234|Q5F1R6_LNQDSAKEL|0.0
P16234|Q5F1R6_ELEDSPQEN|0.0
P16234|Q5F1R6_QENVSVTEI|0.0
P16234|Q5F1R6_DDPKSEAKS|0.0
P16234|Q5F1R6_PSSSSLNSA|0.0
P16234|Q5F1R6_SATSSQSKK|0.0
P16234|Q5F1R6_TSSQSKKEK|0.0
P16234|Q9UBS4_YEVLSDSEK|0.177
P16234|Q9UBS4_KQYDTYGEE|0.04
P16234|Q9UBS4_NEERTLEVE|0.0
P16234|Q9UBS4_VQKVYNGLQ|0.148
P16234|Q9UBS4_GLQGY____|0.217
P16234|Q9NXW2_TDAPSANGE|0.0
P16234|Q9NXW2_CKDYYEILG|0.317
P16234|Q9NXW2_KAIGTAYAV|0.004
P16234|Q9NXW2_IGTAYAVLS|0.188
P16234|Q9NXW2_YAVLSNPEK|0.0
P16234|Q9NXW2_GDDKSQAAR|0.0
P16234|Q9NXW2_GGFPSSNVH|0.0
P16234|Q9NXW2_VEDDYIANL|0.174
P16234|Q9NXW2_EGLLYRARY|0.002
P16234|Q9NXW2_YRARYFGDT|0.175
P16234|Q9NXW2_DTDMYHRAQ|0.342
P16234|P59910_ITRNSEDAQ|0.0
P16234|P59910_IAEAYDVLS|0.0
P16234|P59910_YDVLSDPMK|0.246
P16234|P59910_PEDPTKKGD|0.333
P16234|P59910_QALLT____|0.0
P16234|Q8TBM8_CRKPSGSGD|0.0
P16234|Q8TBM8_KPSGSGDQS|0.001
P16234|Q8TBM8_SGDQSKPNC|0.0
P16234|Q8TBM8_KPNCTKDST|0.45
P16234|Q8TBM8_VEEDYVTNI|0.356
P16234|P25686_KREIYDRYG|0.266
P16234|P25686_GLTGTGTGP|0.0
P16234|P25686_TGTGTGPSR|0.0
P16234|P25686_AEAGSGGPG|0.0
P16234|P25686_GFTFTFRSP|0.0
P16234|P25686_FRSVSTSTT|0.0
P16234|P25686_GQLKSVTIN|0.0
P16234|P25686_LKSVTINGV|0.0
P16234|P25686_GLELSRREQ|0.0
P16234|P25686_QVQQTPASC|0.0
P16234|P25686_LAMAYSLSE|0.21
P16234|P25686_RGEATKRSP|0.0
P16234|P25686_ATKRSPSPE|0.0
P16234|P25686_KRSPSPEEK|0.0
P16234|Q8WWF6_VAEAYEVLS|0.0
P16234|Q8WWF6_YEVLSDAKK|0.0
P16234|Q8WWF6_EGGCTGGRP|0.0
P16234|Q9UDY4_IKKAYRKQA|0.02
P16234|Q9UDY4_GAGGTDGQG|0.0
P16234|Q9UDY4_GQGGTFRYT|0.0
P16234|Q9UDY4_ELRVSLEEI|0.0
P16234|Q9UDY4_KRDGSNIIY|0.0
P16234|Q9UDY4_NIPMSVNDI|0.0
P16234|Q9UDY4_RIIGYGLPF|0.001
P16234|O75953_PEPLYPRRK|0.0
P16234|O75953_TNVLYSALI|0.0
P16234|O75190__MVDYYEVL|0.338
P16234|O75190_QRHASPEDI|0.0
P16234|O75190_VAEAYEVLS|0.0
P16234|O75190_YEVLSDAKK|0.01
P16234|O75190_KRDIYDKYG|0.477
P16234|O75190_GQLKSLTIN|0.0
P16234|O75190_LKSLTINGV|0.0
P16234|O75190_PRPASLLRH|0.0
P16234|O75190_QREESKKKK|0.0
P16234|O75190-3_EQAQSETSL|0.0
P16234|O75190-3_QSETSLGAR|0.0
P16234|Q7Z6W7_MVDYYEVLG|0.503
P16234|Q7Z6W7_IKKAYHKVA|0.198
P16234|Q7Z6W7_CSWRTQSFN|0.003
P16234|Q8NHS0_LKSVTVNGK|0.0
P16234|Q8NHS0_KWMDSK___|0.0
P16234|Q9UBS3_TNQHTVQTE|0.0
P16234|Q96KC8_SVDVSKLGA|0.0
P16234|Q96KC8_WFCLTLKAL|0.0
P16234|Q96KC8_AGQFYAKYK|0.373
P16234|Q96KC8_LETTYIQSY|0.071
P16234|Q96KC8_YIQSYDHGT|0.015
P16234|Q96KC8_FPGGTPGRW|0.0
P16234|Q96KC8_ELGRSVTDV|0.0
P16234|Q96KC8_MVRLSELKS|0.001
P16234|Q96KC8_KTATTLPDD|0.0
P16234|Q96KC8_GEQETGATD|0.0
P16234|Q8IXB1_QGGQYESWN|0.0
P16234|Q8IXB1_PEIITLERR|0.0
P16234|Q8IXB1_KEKNSILFL|0.0
P16234|Q8IXB1_LPQVSTDLT|0.0
P16234|Q8IXB1_PQVSTDLTP|0.0
P16234|Q8IXB1_PQTFSEKVL|0.0
P16234|Q9NVH1_ATALSEEEL|0.0
P16234|Q9NVH1_RREASSEEL|0.0
P16234|Q9NVH1_PELKSQAER|0.0
P16234|Q9NVH1_YEVLSDPQT|0.0
P16234|Q9NVH1_IYDIYGKRG|0.257
P16234|Q9NVH1_ERRRTPAEI|0.0
P16234|Q9NVH1_FRNLTPRCF|0.025
P16234|Q9NVH1_RPGLTTVLA|0.0
P16234|Q9NVH1_PGLTTVLAR|0.0
P16234|Q9NVH1_WGIQSAMNT|0.0
P16234|Q9NVH1_SAMNTSIVR|0.0
P16234|Q9NVH1_TVVEYGAER|0.271
P16234|Q9NVH1_VNAWYGKFV|0.034
P16234|Q9UKB3_RFRWSKDAP|0.0
P16234|O75165_EGKITGRRY|0.405
P16234|O75165_TGRRYNCYK|0.211
P16234|O75165_RYNCYKHHW|0.444
P16234|O75165_HAGNYIGIS|0.0
P16234|O75165_RKYSSTERD|0.26
P16234|O75165_TERDSLLAS|0.0
P16234|O75165_ELALSEGAL|0.0
P16234|O75165_NRQLSRHLV|0.074
P16234|O75165_VGLWTADNA|0.0
P16234|O75165_AMDQYGKFN|0.357
P16234|O75165_KIGDYYLRL|0.285
P16234|O75165_RFLLTPKVN|0.148
P16234|O75165_VDLLTLAHL|0.0
P16234|O75165_RLYLSGVFF|0.012
P16234|O75165_RFLKYTHTK|0.335
P16234|O75165_LADFTPRLQ|0.005
P16234|O75165_DLQPYKYAG|0.377
P16234|O75165_QPYKYAGYP|0.416
P16234|O75165_KYAGYPMLI|0.375
P16234|O75165_ASKPSDMSV|0.0
P16234|O75165_TIRKSLAGM|0.0
P16234|O75165_MLTPYVARK|0.438
P16234|O75165_LAVASVTEI|0.0
P16234|O75165_TESPYLIWN|0.379
P16234|O75165_NEVPTFQLE|0.0
P16234|O75165_SLPSSRQLV|0.0
P16234|O75165_LETLYALTS|0.331
P16234|O75165_IHALSENEL|0.0
P16234|Q6Y2X3_SGGASLRTL|0.0
P16234|Q6Y2X3_TLGPSVDPE|0.0
P16234|Q6Y2X3_PEGPYSEGG|0.02
P16234|Q6Y2X3_EGPYSEGGN|0.0
P16234|Q6Y2X3_FSRVSSGKK|0.0
P16234|Q6Y2X3_SRVSSGKKP|0.0
P16234|Q6Y2X3_HRFPTKEDT|0.04
P16234|Q6Y2X3_ELSRSVNEF|0.0
P16234|Q6Y2X3_ISPDTHRVP|0.0
P16234|Q6Y2X3_RQRATPDAP|0.0
P16234|Q9Y5T4_KKISTPSFS|0.0
P16234|Q9Y5T4_ISTPSFSSY|0.031
P16234|Q9Y5T4_SFSSYYKGG|0.384
P16234|Q9Y5T4_GVSPSAGKA|0.0
P16234|Q9Y2G8_NYDQYGDAG|0.0
P16234|Q9NVM6_KAENTEGQG|0.0
P16234|Q9NVM6_GSVLSERDY|0.0
P16234|Q9NVM6_SERDYESLV|0.0
P16234|Q9H819_GERWTEAYI|0.03
P16234|Q9H819_WTEAYIDAV|0.001
P16234|Q9H819_RRNKYPEDT|0.0
P16234|Q9H819_YPEDTPPES|0.0
P16234|Q9H819_FSNVTDDTY|0.134
P16234|Q9H819_DTYYYRRRH|0.375
P16234|Q9H819_KSELTNLAG|0.0
P16234|Q99543_NQDHYAVLG|0.373
P16234|Q99543_GHVRYKATQ|0.356
P16234|Q99543_GDNDYFTCI|0.127
P16234|Q99543_FTCITKAYE|0.295
P16234|Q99543_FEVFTPVFE|0.0
P16234|Q99543_VDNAYSCDP|0.004
P16234|Q99543_WNHFSDNEA|0.0
P16234|Q99543_ADNATPSER|0.0
P16234|Q99543_FEGPYTDFT|0.155
P16234|Q99543_YPVNTPERW|0.001
P16234|Q99543_VLNASRAKK|0.0
P16234|Q6P3W2_ELLHYN___|0.27
P16234|Q9H1X3_TRDCYEVLG|0.319
P16234|Q9H1X3_TRKDYDYML|0.415
P16234|Q9H1X3_PEEYYSHYY|0.308
P16234|Q9H1X3_KMSKSQFDS|0.0
P16234|Q9H1X3_PGRLTFVDD|0.001
P16234|Q9NZQ0_IKVISMGNA|0.0
P16234|Q9NZQ0_EVGKSCIIK|0.0
P16234|Q9NZQ0_VILVYDVGQ|0.289
P16234|Q9NX36_KMLPYFGII|0.0
P16234|Q9NX36_PDSGSNTAD|0.0
P16234|Q9NX36_EKFKYKTPQ|0.0
P16234|Q9NX36_FKYKTPQHR|0.0
P16234|Q13217_VAPGSVTSR|0.003
P16234|Q13217_PGSVTSRLG|0.0
P16234|Q13217_GSVTSRLGS|0.0
P16234|Q13217_LPDLTKVIQ|0.0
P16234|Q13217_QRLRSQALN|0.0
P16234|Q13217_GSGDYTAAI|0.416
P16234|Q13217_KNDNTEAFY|0.213
P16234|Q13217_ISTLYYQLG|0.433
P16234|Q13217_SIAEYTVRS|0.359
P16234|Q13217_IAEYTVRSK|0.0
P16234|Q13217_KEVLSDPEM|0.065
P16234|Q96LL9_LGARTYSQG|0.0
P16234|Q96LL9_ARTYSQGDC|0.0
P16234|Q96LL9_QGDCSYSRT|0.0
P16234|Q96LL9_RGLLSDEDL|0.0
P16234|Q96LL9_GSPRTPPPT|0.0
P16234|Q9NNZ3_RNPPSRLLG|0.0
P16234|Q9H3Z4_LALKYHPDK|0.093
P16234|Q9H3Z4_ETEFYVSPE|0.408
P16234|Q9H3Z4_SHPSYHTDG|0.435
P16234|Q9UF47_QRTLSTTGE|0.0
P16234|Q8N7S2_HAILSDSKK|0.0
P16234|Q8N7S2_ILSDSKKRK|0.0
P16234|Q8N7S2_KRKIYDQHG|0.059
P16234|Q8N7S2_DQHGSLGIY|0.0
P16234|Q8N7S2_SLGIYLYDH|0.0
P16234|O75061_FCNLYSTPG|0.0
P16234|O75061_IRLLYAKRP|0.273
P16234|O75061_SITVSPIPF|0.0
P16234|O75061_LIGETKIYS|0.0
P16234|O75061_SASPTLRVG|0.07
P16234|O75061_MGSKSAATS|0.0
P16234|O75061_SAATSPTGS|0.0
P16234|O75061_PQKASPQPM|0.0
P16234|O75061_MPHSSPQNR|0.0
P16234|Q99615_YNEAYNYYT|0.359
P16234|Q99615_AYNYYTKAI|0.421
P16234|Q99615_KIAETDFEK|0.0
P16234|Q99615_LRMDSTNAD|0.0
P16234|Q99615_LDDTYIKAY|0.335
P16234|Q99615_YEKVYQTEK|0.33
P16234|Q99615_KRKDYYKIL|0.335
P16234|Q99615_TRYDSGQDL|0.109
P16234|O75937_FMTFYSEVK|0.0
P16234|O75937_MTFYSEVKQ|0.0
P16234|O75937_FRQLSILVH|0.0
P16234|O75937_AGKEYVEHT|0.0
P16234|O75937_YVEHTVKER|0.0
P16234|O75937_FQANTKGKK|0.0
P16234|Q8WXX5_SPVLTQDRD|0.007
P16234|Q8WXX5_GGKKSALKK|0.0
P16234|Q4LDG9_WEEKTGQRP|0.0
P16234|Q4LDG9_GQRPSEAKE|0.0
P16234|Q4LDG9_EIKLYAQIP|0.0
P16234|Q4LDG9_KLSLSTNCI|0.0
P16234|O96015_DEADYKRLQ|0.396
P16234|O14645_LYESSVAFG|0.122
P16234|Q15762_TDNQYTLFV|0.013
P16234|Q15762_DNQYTLFVA|0.405
P16234|Q15762_ESWDTQKAP|0.07
P16234|Q15762_PTNQSMDDT|0.0
P16234|Q15762_IYVNYPTFS|0.58
P16234|P78527_RLQETLSAA|0.0
P16234|P78527_QETLSAADR|0.0
P16234|P78527_TQMTSAVRE|0.0
P16234|P78527_KAALSALES|0.0
P16234|P78527_SALESFLKQ|0.0
P16234|P78527_NKELSIAIR|0.0
P16234|P78527_QMFLTQTDT|0.0
P16234|P78527_FLTQTDTGD|0.0
P16234|P78527_IRICSKPVV|0.0
P16234|P78527_KGPESESED|0.0
P16234|P78527_PESESEDHR|0.0
P16234|P78527_GEVRTGKWK|0.0
P16234|P78527_TYKDYVDLF|0.425
P16234|P78527_EAFFSVNSS|0.0
P16234|P78527_ISGFYKLLS|0.457
P16234|P78527_KKIKYFEGV|0.085
P16234|P78527_KMKQYKDEL|0.292
P16234|P78527_EWSIYIDRH|0.0
P16234|P78527_KNLSSNEAI|0.001
P16234|P78527_NEAISLEEI|0.0
P16234|P78527_QMLGSLGGQ|0.0
P16234|P78527_LTVTSSDEM|0.0
P16234|P78527_TVTSSDEMM|0.0
P16234|P78527_EMMKSYVAW|0.141
P16234|P78527_MMKSYVAWD|0.345
P16234|P78527_ALTASDRQT|0.0
P16234|P78527_FKRLYSLAL|0.435
P16234|P78527_FNNIYREFR|0.198
P16234|P78527_CRHKSIELF|0.0
P16234|P78527_NILPSQSTD|0.0
P16234|P78527_HSVGTELLS|0.0
P16234|P78527_ASLGSSQGS|0.0
P16234|P78527_SLGSSQGSV|0.0
P16234|P78527_TKMVSAVLN|0.0
P16234|P78527_LKLATTILQ|0.0
P16234|P78527_KLATTILQH|0.0
P16234|P78527_FPMQSREFP|0.0
P16234|P78527_FPPGTPRFN|0.0
P16234|P78527_ARRGSCVTQ|0.031
P16234|P78527_GSCVTQVGL|0.0
P16234|P78527_KSRFTKLNE|0.0
P16234|P78527_KLNESTFDT|0.0
P16234|P78527_YLADSTLSE|0.356
P16234|P78527_TGVQSYSYS|0.123
P16234|P78527_HMHRSLGPP|0.0
P16234|P78527_KDCLSIPYR|0.018
P16234|P78527_LILRYVMER|0.378
P16234|P78527_LDIIYKMMP|0.255
P16234|P78527_NSLYSPKIE|0.0
P16234|P78527_RFRSTVLTP|0.0
P16234|P78527_ASQGTLQTR|0.0
P16234|P78527_GTLQTRTQE|0.0
P16234|P78527_EGSLSARWP|0.0
P16234|P78527_ADGRSSFDW|0.0
P16234|P78527_DGRSSFDWL|0.0
P16234|P78527_APLKSVGPD|0.0
P16234|P78527_SSLFSGILK|0.0
P16234|P78527_FKTLSEKNN|0.0
P16234|P78527_KLYRSIGEY|0.0
P16234|P78527_SIGEYDVLR|0.401
P16234|P78527_QITQSALLA|0.0
P16234|P78527_DGEPTEAEK|0.0
P16234|P78527_WELASLDCY|0.086
P16234|P78527_AEWKSLEYC|0.013
P16234|P78527_CSTASIDSE|0.0
P16234|P78527_ASIDSENPP|0.0
P16234|P78527_EEKLTPLPE|0.0
P16234|P78527_DGDPSDRME|0.0
P16234|P78527_QNNFSLAMK|0.0
P16234|P78527_CRSRSQGCS|0.0
P16234|P78527_SQGCSEQVL|0.0
P16234|P78527_EQVLTVLKT|0.0
P16234|P78527_NNVSSYLSK|0.0
P16234|P78527_NVSSYLSKN|0.0
P16234|P78527_ILELSGSSS|0.0
P16234|P78527_LSGSSSEDS|0.0
P16234|P78527_SGSSSEDSE|0.0
P16234|P78527_IAGLYQRAF|0.011
P16234|P78527_EENASVIDS|0.0
P16234|P78527_KEISSVPCW|0.565
P16234|P78527_WQFISWISH|0.0
P16234|P78527_ISWISHMVA|0.0
P16234|P78527_ELAKTPVNK|0.0
P16234|P78527_RMKLSDFND|0.0
P16234|P78527_FNDITNMLL|0.003
P16234|P78527_PLPEYHVRI|0.337
P16234|P78527_LAQDSACSQ|0.0
P16234|P78527_QLRTYSVVP|0.455
P16234|P78527_VVPMTSRLG|0.0
P16234|P78527_ENTVTLKDL|0.0
P16234|P78527_DVGAYMLMY|0.293
P16234|P78527_YMLMYKGAN|0.489
P16234|P78527_GANRTETVT|0.0
P16234|P78527_ETVTSFRKR|0.0
P16234|P78527_VRMSTSPEA|0.0
P16234|P78527_RAFRSDPGL|0.0
P16234|P78527_AFRDYVAVA|0.387
P16234|P78527_VARGSKDHN|0.0
P16234|P78527_QEPESGLSE|0.0
P16234|Q9NUQ6_KEKIYAVRS|0.401
P16234|Q9NUQ6_FVDGSAIQV|0.0
P16234|Q9NUQ6_EKDSSSTDS|0.0
P16234|Q9NUQ6_DSSSTDSAN|0.0
P16234|Q9NUQ6_EKKISILEE|0.0
P16234|Q9NUQ6_QQKLSLDGN|0.0
P16234|Q9NUQ6_VKSNTPAAH|0.0
P16234|Q9NUQ6_RCTVSLTRY|0.012
P16234|Q9NUQ6_AARFSCDIE|0.0
P16234|Q9NUQ6_YSSRTPCSS|0.0
P16234|Q9NUQ6_TPCSSLLPL|0.0
P16234|Q9NUQ6_FSRKSSTHN|0.0
P16234|Q9NUQ6_HNKPSEGKA|0.002
P16234|Q9NUQ6_KMVSSLPST|0.0
P16234|Q9NUQ6_KQNGSSNQR|0.0
P16234|Q9NUQ6_QNGSSNQRR|0.0
P16234|Q9NUQ6_FNPQYHNNR|0.444
P16234|Q9NUQ6_GPAKSQGSG|0.0
P16234|Q9NUQ6_LGMKTPEAP|0.0
P16234|Q9NUQ6_AADTSEARP|0.0
P16234|Q9NUQ6_PFRGSVGRV|0.0
P16234|Q9NUQ6_VGRVSQCNL|0.0
P16234|P24855_ETKMSNATL|0.0
P16234|P24855_MSNATLVSY|0.018
P16234|P24855_TLVSYIVQI|0.218
P16234|P24855_VQILSRYDI|0.235
P16234|P49184_YVYFYRSHK|0.373
P16234|Q92874_FNIQSFGDS|0.0
P16234|Q13609_LNRNSRRGI|0.0
P16234|Q13609_YAFLYKEKL|0.002
P16234|Q13609_IPLHTTPET|0.0
P16234|Q13609_TTPETSVKE|0.0
P16234|O00115_ALTCYGDSG|0.385
P16234|O00115_ALRGSGEAA|0.0
P16234|O00115_ALINSPEGA|0.0
P16234|O00115_ARKPSRAYK|0.335
P16234|Q8WZ79_GICITFKYN|0.102
P16234|Q8WZ79_PQLCTRASS|0.0
P16234|Q8WZ79_CTRASSSEI|0.0
P16234|Q14204_GEDGSAGLE|0.0
P16234|Q14204_DKPVSSQLR|0.0
P16234|Q14204_VSFDTDTGL|0.0
P16234|Q14204_NDLLSATEL|0.0
P16234|Q14204_LLSATELDK|0.0
P16234|Q14204_VAIFTHLRK|0.0
P16234|Q14204_MHVAYEEFE|0.0
P16234|Q14204_RPQVTAVAQ|0.0
P16234|Q14204_GLDVSKEGT|0.0
P16234|Q14204_DQLGTAKNA|0.0
P16234|Q14204_TIESTRVRG|0.0
P16234|Q14204_NQVIYLNPP|0.209
P16234|Q14204_VGVHYELTE|0.0
P16234|Q14204_QMLGSNMTE|0.0
P16234|Q14204_LEQHSVDTA|0.0
P16234|Q14204_TASTSDAVT|0.0
P16234|Q14204_SDAVTFITY|0.0
P16234|Q14204_TFITYVQSL|0.0
P16234|Q14204_TYVQSLKRK|0.0
P16234|Q14204_RRKDSAIQQ|0.0
P16234|Q14204_TDLLTDWEK|0.0
P16234|Q14204_ALTIYEGKF|0.0
P16234|Q14204_ALELTDTGL|0.0
P16234|Q14204_TGLLSGSEE|0.0
P16234|Q14204_ALGEYLERE|0.096
P16234|Q14204_DPNTYITWI|0.04
P16234|Q14204_QRDVTRSLI|0.0
P16234|Q14204_DVTRSLIKS|0.0
P16234|Q14204_DNAKSFEWL|0.0
P16234|Q14204_FEWLSQMRF|0.0
P16234|Q14204_DPKQTDVLQ|0.0
P16234|Q14204_KLVQTPLTD|0.0
P16234|Q14204_QTPLTDRCY|0.2
P16234|Q14204_RLGGSPFGP|0.0
P16234|Q14204_SLAMTKPDR|0.0
P16234|Q14204_RALKSVLVS|0.0
P16234|Q14204_SVLVSAGNV|0.0
P16234|Q14204_GSGKSMAWR|0.0
P16234|Q14204_KDHLYGTLD|0.0
P16234|Q14204_HLYGTLDPN|0.001
P16234|Q14204_LDPNTREWT|0.0
P16234|Q14204_TREWTDGLF|0.0
P16234|Q14204_DGLFTHVLR|0.25
P16234|Q14204_ARLRSIPLD|0.0
P16234|Q14204_PYFTSNGLV|0.162
P16234|Q14204_LWSLSGDSR|0.0
P16234|Q14204_ELGEYIRRI|0.0
P16234|Q14204_SGEWSPWQA|0.0
P16234|Q14204_IEVETHKVA|0.0
P16234|Q14204_GFYRTSDQT|0.002
P16234|Q14204_VPVVYVDYP|0.032
P16234|Q14204_PGPASLTQI|0.0
P16234|Q14204_PASLTQIYG|0.0
P16234|Q14204_QIYGTFNRA|0.002
P16234|Q14204_AEPLTAAMV|0.0
P16234|Q14204_MVEFYTMSQ|0.0
P16234|Q14204_HYIYSPREM|0.0
P16234|Q14204_LSKDYIPVD|0.0
P16234|Q14204_ELRDYVKAR|0.426
P16234|Q14204_IMDESNVLD|0.0
P16234|Q14204_HEELYKWFT|0.015
P16234|Q14204_RAATSPALF|0.0
P16234|Q14204_TEALYQVGK|0.035
P16234|Q14204_IVPDYMPVV|0.0
P16234|Q14204_MPVVYDKLP|0.194
P16234|Q14204_KKVMSQEIQ|0.0
P16234|Q14204_LALESICLL|0.0
P16234|Q14204_SNPSYNYEI|0.032
P16234|Q14204_PSYNYEIVN|0.027
P16234|Q14204_VNRASLACG|0.0
P16234|Q14204_SIARYKEEY|0.0
P16234|Q14204_YKEEYAVLI|0.19
P16234|Q14204_KVNRSTALL|0.0
P16234|Q14204_VNRSTALLK|0.0
P16234|Q14204_ARTEYLSNA|0.0
P16234|Q14204_TEYLSNADE|0.011
P16234|Q14204_QDVESYDPV|0.003
P16234|Q14204_TVTRSSLQS|0.0
P16234|Q14204_QLEKSLLQA|0.0
P16234|Q14204_EIVLSAGST|0.0
P16234|Q14204_SAGSTPRIQ|0.0
P16234|Q14204_RQNISPDKI|0.0
P16234|Q14204_KIPWSALKT|0.0
P16234|Q14204_ERLFTTRSF|0.0
P16234|Q14204_FTTRSFDSE|0.0
P16234|Q14204_RSFDSEFKL|0.0
P16234|Q14204_VDMISKMLK|0.0
P16234|Q14204_LQNISLAAA|0.0
P16234|Q14204_SNAISTALP|0.0
P16234|Q14204_NAISTALPL|0.0
P16234|Q14204_ALPLTQLRW|0.0
P16234|Q14204_TLPVYLNFT|0.006
P16234|Q9Y6G9_GRVGSFGSS|0.0
P16234|Q9Y6G9_GIEEYKKGR|0.0
P16234|Q9Y6G9_LEYLYLNVH|0.249
P16234|Q9Y6G9_DFQEYVEPG|0.394
P16234|Q9Y6G9_RNTASQEDK|0.0
P16234|Q9Y6G9_DKDDSVVLP|0.0
P16234|Q9Y6G9_LGADTLTHN|0.0
P16234|Q9Y6G9_MKLQSLLAK|0.0
P16234|Q9Y6G9_KQPPTAAGR|0.0
P16234|Q9Y6G9_RSVSSNVAS|0.0
P16234|Q9Y6G9_KAGATSEGV|0.0
P16234|Q9Y6G9_AGATSEGVL|0.0
P16234|Q9Y6G9_NFFNSLLSK|0.0
P16234|Q9Y6G9_NSLLSKKTG|0.0
P16234|Q9Y6G9_AGGGSSGLP|0.0
P16234|Q9Y6G9_GGGSSGLPP|0.0
P16234|O43237_DFQDYMEPE|0.338
P16234|O43237_LTSGSDEEN|0.0
P16234|O43237_IVHKTYGFH|0.0
P16234|O43237_VHKTYGFHF|0.333
P16234|O43237_GFHFTTPAL|0.0
P16234|O43237_PEDAYEDFI|0.0
P16234|O43237_MKQQSLLAK|0.0
P16234|O43237_KQPATPTRA|0.0
P16234|O43237_PTRASESPA|0.0
P16234|O43237_GSPRTQGRG|0.0
P16234|O43237_GGPASVPSS|0.0
P16234|O43237_SSPGTSVKK|0.0
P16234|O43237_NNAASEGVL|0.0
P16234|O43237_GGVQSTAKK|0.0
P16234|O43237_TAKKSGQKT|0.0
P16234|O43237_KTVLSNVQE|0.322
P16234|O43237_MVTNSSTEN|0.026
P16234|Q8IYX4_PFLRSPQPE|0.0
P16234|Q8IYX4_QPEGSQLAL|0.0
P16234|Q8IYX4_AEAGTMVKQ|0.0
P16234|Q8NFT8_SRPAYEEFY|0.605
P16234|Q8NFT8_YEEFYNCRS|0.566
P16234|Q8NFT8_YNCRSIDSE|0.206
P16234|Q8NFT8_RSIDSEFSN|0.206
P16234|Q8NFT8_DSEFSNAIA|0.0
P16234|Q8NFT8_NAIASIRHA|0.0
P16234|Q8NFT8_RPAMYDVSP|0.365
P16234|Q8NFT8_SPIAYEDYS|0.527
P16234|Q8NFT8_YEDYSPDDK|0.328
P16234|Q96M86_VTLVSRLNV|0.0
P16234|Q96M86_ARVSSMPIE|0.0
P16234|Q96M86_ALDISVRRQ|0.004
P16234|Q96M86_LSRASGILL|0.0
P16234|Q96M86_GPAGSGKTT|0.0
P16234|Q96M86_RILHSLLDL|0.0
P16234|Q96M86_SSKSSFLNR|0.0
P16234|Q96M86_FLNRSQVDS|0.0
P16234|Q96M86_SQVDSDDVP|0.013
P16234|Q96M86_GLRGTCLTV|0.0
P16234|Q96M86_GTCLTVMMA|0.0
P16234|Q96M86_VMMATRNVV|0.0
P16234|Q96M86_VARVSNSRD|0.0
P16234|Q96M86_GLLLSGALG|0.0
P16234|Q96M86_GALGTGRHT|0.0
P16234|Q96M86_LYLSTTLSL|0.001
P16234|Q5SXM8__MLRTALRG|0.0
P16234|Q5SXM8_PRLLSRVQP|0.0
P16234|Q5SXM8_GWRRSSSEQ|0.0
P16234|Q5SXM8_RRSSSEQGP|0.0
P16234|Q5SXM8_EGPPSPGKT|0.0
P16234|Q6ZS02_NLVDSYMAI|0.0
P16234|Q6ZS02_LVDSYMAIV|0.014
P16234|Q6ZS02_GRAGTAARR|0.002
P16234|Q6ZS02_ARRDSRGNE|0.0
P16234|Q6XZF7_KEDVTGQFP|0.0
P16234|Q6XZF7_RILATLEDG|0.0
P16234|Q6XZF7_WLEGSLKGR|0.0
P16234|Q6XZF7_PQEGSLARI|0.0
P16234|Q6XZF7_IPETSLDCL|0.0
P16234|Q6XZF7_QRHETSDHE|0.0
P16234|Q6XZF7_RHETSDHEA|0.0
P16234|Q6XZF7_EAPTSPLGH|0.0
P16234|Q6XZF7_QKSQYYSTV|0.286
P16234|Q6XZF7_KSQYYSTVG|0.426
P16234|Q6XZF7_QYYSTVGGS|0.07
P16234|Q6XZF7_LEARTRDYA|0.0
P16234|Q6XZF7_RTRDYASLP|0.028
P16234|Q6XZF7_RDYASLPPK|0.078
P16234|Q6XZF7_PKRMYSQLK|0.263
P16234|Q6XZF7_VLPLYRGSS|0.007
P16234|Q6XZF7_YRGSSVSAS|0.0
P16234|Q6XZF7_GSSVSASRV|0.0
P16234|Q6XZF7_HNLASYTKK|0.092
P16234|Q6XZF7_NLASYTKKH|0.264
P16234|Q6XZF7_KKHHTSSVY|0.0
P16234|Q6XZF7_KHHTSSVYS|0.0
P16234|Q6XZF7_HHTSSVYSI|0.0
P16234|Q6XZF7_TSSVYSISE|0.158
P16234|Q6XZF7_SSVYSISER|0.0
P16234|Q6XZF7_VYSISERLE|0.0
P16234|Q6XZF7_AATHSQGDG|0.0
P16234|Q6XZF7_LRHFSIMDF|0.005
P16234|Q6XZF7_PRPCTPVST|0.0
P16234|Q6XZF7_SLDQTSPCP|0.007
P16234|Q6XZF7_LDQTSPCPL|0.0
P16234|Q6XZF7_DLDMYSRAQ|0.249
P16234|Q6XZF7_SNIESLNME|0.0
P16234|Q6XZF7_HLQDSLADL|0.0
P16234|Q6XZF7_KVPLTNAVL|0.0
P16234|Q6XZF7_SNRVSSHLK|0.0
P16234|Q6XZF7_RLVISPLNQ|0.0
P16234|Q6XZF7_LSMFTGPHK|0.0
P16234|Q6XZF7_IDRQSARKP|0.0
P16234|Q6XZF7_LGLPSYMLQ|0.0
P16234|Q6XZF7_KGFVYSSFL|0.0
P16234|Q6XZF7_RRSHSDASV|0.0
P16234|Q6XZF7_SHSSTESEH|0.35
P16234|Q6XZF7_PRQNSGSTL|0.0
P16234|Q6XZF7_PQDASPPPK|0.0
P16234|Q6XZF7_SRCPSDPDS|0.0
P16234|Q6XZF7_VKQPTATPR|0.0
P16234|Q6XZF7_QPTATPRSY|0.0
P16234|Q6XZF7_EIVGYSVPG|0.414
P16234|Q6XZF7_VPSNYIRKT|0.427
P16234|P26358_AKVKSLLNK|0.299
P16234|P26358_STRQTTITS|0.0
P16234|P26358_QTTITSHFA|0.0
P16234|P26358_ERAKSDESI|0.0
P16234|P26358_KSDESIKEE|0.0
P16234|P26358_ERAKSGTRT|0.0
P16234|P26358_KRLRSQTKE|0.0
P16234|P26358_KKHRSQPKD|0.012
P16234|P26358_RRKTTPKEP|0.0
P16234|P26358_QCGQYLDDP|0.327
P16234|P26358_GFESYEALP|0.358
P16234|P26358_LAGVTLGQR|0.136
P16234|P26358_SPPKTQPTE|0.12
P16234|P26358_EDLDSRVLY|0.248
P16234|P26358_YRKYSDYIK|0.424
P16234|P26358_YIKGSNLDA|0.003
P16234|P26358_GKPKSQACE|0.004
P16234|P26358_AGETTNSRG|0.0
P16234|P26358_SFLSYCDYY|0.39
P16234|P26358_ITRLSSGPF|0.0
P16234|P26358_RGAQYQPIL|0.199
P16234|P26358_EVRLSDGTM|0.0
P16234|P26358_RKLRYTHHD|0.321
P16234|P26358_KLRYTHHDR|0.293
P16234|P26358_DGFFSTTVT|0.023
P16234|P26358_GFFSTTVTN|0.023
P16234|P26358_FFSTTVTNP|0.0
P16234|P26358_RESASAKIK|0.0
P16234|P26358-2_EAKRSRDPP|0.001
P16234|P26358-2_DPPASASQV|0.002
P16234|P26358-2_PASASQVTG|0.0
P16234|P26358-2_ASQVTGIRA|0.0
P16234|P26358-2_RAEPSPSPR|0.0
P16234|Q9Y6K1_ESGDTPKDP|0.0
P16234|Q9Y6K1_NGCCTPKEG|0.0
P16234|Q9Y6K1_EQKETNIES|0.0
P16234|Q9Y6K1_LGWESSLRQ|0.0
P16234|Q9Y6K1_GWESSLRQR|0.0
P16234|Q9Y6K1_PYYISKRKR|0.0
P16234|Q9Y6K1_GPGESQKVE|0.0
P16234|Q9Y6K1_LQVASSRAG|0.0
P16234|Q9Y6K1_IRVLSLFDG|0.0
P16234|Q9Y6K1_DGIATGLLV|0.0
P16234|Q9Y6K1_TRSNSIKQG|0.0
P16234|Q9Y6K1_GRSWSVPVI|0.0
P16234|Q9UBC3_RGRRSSSRL|0.0
P16234|Q9UBC3_GRRSSSRLS|0.0
P16234|Q9UBC3_RRSSSRLSK|0.0
P16234|Q9UBC3_SSRLSKREV|0.0
P16234|Q9UBC3_TRTRSESPA|0.0
P16234|Q9UBC3_PAVRTRNNN|0.0
P16234|Q9UBC3_NNSVSSRER|0.0
P16234|Q9UBC3_NSVSSRERH|0.0
P16234|Q9UBC3_RHRPSPRST|0.0
P16234|Q9UBC3_DGKFSEVSA|0.0
P16234|Q9UBC3_RKAMYHALE|0.031
P16234|Q9UBC3_TFPSSPGDS|0.0
P16234|Q9UBC3_KRLKTNCYN|0.351
P16234|Q9UBC3_KTNCYNNGK|0.221
P16234|Q9UBC3_DEDQSREQM|0.0
P16234|Q9UBC3_IATGYLVLK|0.002
P16234|Q9UBC3_KRDISRFLE|0.0
P16234|Q9UBC3_TKSNSIKQG|0.002
P16234|Q9UBC3_FPVHYTDVS|0.423
P16234|Q9UBC3_PVHYTDVSN|0.043
P16234|Q9UBC3_YTDVSNMGR|0.012
P16234|Q9UBC3_GRSWSVPVI|0.0
P16234|Q9UBC3-3_RGRRSSSRL|0.139
P16234|Q9UBC3-3_GRRSSSRLS|0.001
P16234|Q9UBC3-3_TRTRSESPA|0.003
P16234|Q9UBC3-3_PAVRTRNNN|0.0
P16234|Q9UBC3-3_NSVSSRERH|0.075
P16234|Q9UBC3-3_FPVHYTDVS|0.325
P16234|Q9UBC3-6__MEPSPEPP|0.0
P16234|Q9UBC3-6_PEPPSLESM|0.0
P16234|Q9UBC3-6_PSLESMKGD|0.0
P16234|Q9UBC3-8_TRSESPASL|0.0
P16234|Q9UBC3-8_ESPASLRRR|0.0
P16234|Q9UBC3-8_TRRRTADDS|0.0
P16234|Q9UBC3-8_TADDSATSD|0.0
P16234|Q9UJW3_PPSWYLFQF|0.42
P16234|Q9UJW3_RLLQYARPK|0.0
P16234|Q9UJW3-2_VRVWSNIPA|0.0
P16234|Q9ULA0_GHSPTRGAM|0.0
P16234|Q9ULA0_EAVQTAAKE|0.0
P16234|Q9ULA0_NRSPSPFHA|0.016
P16234|Q9ULA0_IKPESKYFM|0.002
P16234|Q9ULA0_RSRRSQVGF|0.0
P16234|Q9ULA0_PILATAIQE|0.0
P16234|Q9ULA0_VRMVTLYDN|0.235
P16234|Q9ULA0_VHPNYLDKH|0.33
P16234|Q9ULA0_QRYASNAVS|0.07
P16234|Q9ULA0_LDLGSPQLA|0.0
P16234|O43598_VPGRSESWE|0.0
P16234|O43598_VAEVTQPSL|0.0
P16234|O43598_SPDPTT___|0.0
P16234|O43598_PDPTT____|0.0
P16234|P04053_ASHLSPRKK|0.0
P16234|P04053_RRDYSDSTN|0.321
P16234|P04053_YSDSTNPGP|0.141
P16234|P04053_GPPKTPPIA|0.0
P16234|P04053_DLVESTFEK|0.0
P16234|P04053_LVESTFEKL|0.0
P16234|Q9H147_SQMTTSFTD|0.001
P16234|Q9H147_TTSFTDPAI|0.0
P16234|Q9H147_KLLFSDGEK|0.0
P16234|Q9H147_APPQT____|0.001
P16234|Q14183_VPLASPSSM|0.0
P16234|Q14183_YVKTYLRPD|0.334
P16234|Q14183_VKKKTLNPE|0.336
P16234|Q14183_EIELSTLAT|0.0
P16234|Q14183_STLATKTLE|0.0
P16234|Q14184_MIRKTLRIS|0.0
P16234|Q14184_TLRISVCDE|0.0
P16234|Q14184_YSDPYVKTY|0.395
P16234|Q14184_YVKTYLRPD|0.405
P16234|Q14184_GAVLSD___|0.242
P16234|Q14185_LREWSTIWR|0.0
P16234|Q14185_REWSTIWRQ|0.0
P16234|Q14185_WRQLYVQDN|0.436
P16234|Q14185_KKKVTAKID|0.0
P16234|Q14185_AKIDYGNRI|0.12
P16234|Q14185_QEEKSQKQN|0.145
P16234|Q14185_VRWSSSGLP|0.0
P16234|Q14185_RDNNTRKLT|0.0
P16234|Q14185_RKLTSGLRR|0.0
P16234|Q14185_AISEYKSVI|0.016
P16234|Q14185_KSVIYYQVK|0.395
P16234|Q14185_EDAATYLSL|0.063
P16234|Q14185_DAATYLSLP|0.0
P16234|Q14185_LSLPSTKAE|0.0
P16234|Q14185_EKGHSATGK|0.0
P16234|Q14185_ATGKSMQSL|0.0
P16234|Q14185_KSMQSLGSC|0.0
P16234|Q14185_FNQLYENKG|0.0
P16234|Q14185_NDMMSSMSD|0.0
P16234|Q14185_AALKYLPTI|0.0
P16234|Q14185_KYLPTIVND|0.321
P16234|Q14185_PKELSKMFT|0.0
P16234|Q14185_LAEQYENEM|0.101
P16234|Q14185_VEKEYGVRI|0.258
P16234|Q14185_VRSFTMPSS|0.0
P16234|Q14185_MPSSSRPLS|0.0
P16234|Q14185_SRPGSDGFA|0.014
P16234|Q14185_EKRNSKHQE|0.001
P16234|Q14185_QRPKSQVMN|0.0
P16234|Q14185_ERRFSVSPS|0.0
P16234|Q14185_RFSVSPSSP|0.0
P16234|Q14185_PSSPSSQQT|0.0
P16234|Q14185_SSQQTPPPV|0.0
P16234|Q14185_PLKGSVADY|0.0
P16234|Q14185_DLLGSPTPP|0.0
P16234|Q14185_LGSPTPPPP|0.0
P16234|Q14185_PPLPSKTPP|0.0
P16234|Q14185_LPSKTPPPP|0.0
P16234|Q96BY6_TRRFTRSLL|0.0
P16234|Q96BY6_RFTRSLLRP|0.0
P16234|Q96BY6_ELRHSAASA|0.0
P16234|Q96BY6_VNYKYEQYS|0.432
P16234|Q96BY6_KYEQYSGDI|0.395
P16234|Q96BY6_YEQYSGDIR|0.398
P16234|Q96BY6_LPSHSFEID|0.0
P16234|Q96BY6_EDTTSHSSS|0.0
P16234|Q96BY6_NNTVTVRSF|0.039
P16234|Q96BY6_VTVRSFKKR|0.0
P16234|Q96BY6_YFQLTQLPD|0.398
P16234|Q96BY6_LPDNSYIMN|0.063
P16234|Q96BY6_PDNSYIMNF|0.001
P16234|Q96BY6_PDIDTLKLQ|0.0
P16234|Q96BY6_GAEPYIKNP|0.001
P16234|Q96BY6_LVSDYRRAD|0.399
P16234|Q96BY6_LFSFYHVTC|0.19
P16234|Q96BY6_DMSQSPTSN|0.0
P16234|Q96BY6_SMFSSGDLK|0.0
P16234|Q96BY6_LYPFTVNTS|0.02
P16234|Q96BY6_SNQGSRDDL|0.0
P16234|Q96BY6_RDDLSTNGG|0.0
P16234|Q96BY6_KHANSVDTS|0.001
P16234|Q96BY6_SVDTSFSKD|0.0
P16234|Q96BY6_NHADSRASL|0.0
P16234|Q96BY6_SLIGSTLRF|0.0
P16234|Q96BY6_LIGSTLRFD|0.0
P16234|Q96BY6_KTISYETLI|0.0
P16234|Q96BY6_TLKGSNPSC|0.0
P16234|Q96BY6_GSNPSCQTS|0.0
P16234|Q96BY6_KQHRSQTLP|0.0
P16234|Q96BY6_KNALSNPKL|0.0
P16234|Q96BY6_NKQKSIVRS|0.0
P16234|Q96BY6_LSDLYYDIH|0.551
P16234|Q96BY6_SDLYYDIHR|0.396
P16234|Q96BY6_EVVNSEKRL|0.0
P16234|Q96BY6_LLKLYADKF|0.428
P16234|Q96BY6_IQVISQSST|0.0
P16234|Q96BY6_IDEMSKKVS|0.0
P16234|Q96BY6_GPMAYARAF|0.433
P16234|Q96BY6_FLEETNAKK|0.0
P16234|Q96BY6_DQLEYQEEL|0.353
P16234|Q96BY6_NEQITGRDD|0.0
P16234|Q96BY6_SISSSAEV_|0.0
P16234|Q96BY6-3_KREPSEFWK|0.0
P16234|Q96BY6-3_HRFSSQEKP|0.0
P16234|Q5JSL3_RQSVSEAVR|0.0
P16234|Q5JSL3_AVRGSVVLE|0.003
P16234|Q5JSL3_KTQIYSDPL|0.294
P16234|Q5JSL3_TQIYSDPLR|0.0
P16234|Q5JSL3_KRAQSLFVK|0.0
P16234|Q5JSL3_LDKYSHYLA|0.0
P16234|Q5JSL3_KYSHYLAAE|0.079
P16234|Q5JSL3_EWLITLKKI|0.0
P16234|Q5JSL3_IQINTDSLV|0.0
P16234|Q5JSL3_INTDSLVQE|0.0
P16234|Q5JSL3_QDDETSSQG|0.0
P16234|Q5JSL3_DETSSQGKA|0.0
P16234|Q5JSL3_YGRETEQLN|0.0
P16234|Q5JSL3_NCKISADFH|0.0
P16234|Q5JSL3_TQLASDGSP|0.0
P16234|Q5JSL3_YIKNSDPVK|0.002
P16234|Q5JSL3_DPVKTAQKV|0.0
P16234|Q5JSL3_SSKLSSEDI|0.0
P16234|Q5JSL3_LLSEYKKPE|0.0
P16234|Q5JSL3_HLLFTFYHV|0.0
P16234|Q5JSL3_IPHVTIRYA|0.005
P16234|Q5JSL3_YSLASFLKR|0.001
P16234|Q5JSL3_RDTLYSCAA|0.416
P16234|Q5JSL3_CGFTSPANR|0.0
P16234|Q5JSL3_TDKDTAYGS|0.0
P16234|Q5JSL3_KDTAYGSFQ|0.092
P16234|Q5JSL3_STRSSVSQY|0.0
P16234|Q5JSL3_RSSVSQYNR|0.289
P16234|Q5JSL3_SVSQYNRLD|0.0
P16234|Q5JSL3_RLDQYEIRS|0.0
P16234|Q5JSL3_MCYLYIVKM|0.201
P16234|Q5JSL3_IDRKSQTMP|0.0
P16234|Q5JSL3_RKSQTMPAL|0.0
P16234|Q5JSL3_ESSFTLNHS|0.0
P16234|Q5JSL3_EPKLTGLSE|0.0
P16234|Q5JSL3_EKFGTENVK|0.0
P16234|Q92608_WYRGYLIKH|0.26
P16234|Q92608_KEEMSKDQP|0.014
P16234|Q92608_RISSSPTHS|0.0
P16234|Q92608_SPTHSLYVF|0.003
P16234|Q92608_KVVFTDLGN|0.0
P16234|Q92608_VMDITDIIK|0.293
P16234|Q92608_SVVYYQVKQ|0.238
P16234|Q92608_TLSRSSSSV|0.0
P16234|Q92608_LSRSSSSVG|0.0
P16234|Q92608_SRSSSSVGG|0.0
P16234|Q92608_STKLTQNVG|0.0
P16234|Q92608_VLEAYIQQH|0.0
P16234|Q92608_RTLFSQLYE|0.055
P16234|Q92608_FSQLYEGKE|0.032
P16234|Q92608_AALKYIPSV|0.0
P16234|Q92608_KYIPSVLHD|0.098
P16234|Q92608_QKVQSMNEI|0.0
P16234|Q92608_MLCEYQRSG|0.107
P16234|Q92608_AEHPTIAKS|0.003
P16234|Q92608_TIAKSVENF|0.011
P16234|Q92608_EQCASQVMQ|0.001
P16234|Q92608_QGFPSFLRN|0.063
P16234|Q92608_EKMNTTSAP|0.086
P16234|Q92608_KMNTTSAPG|0.0
P16234|Q92608_MNTTSAPGD|0.0
P16234|Q92608_IINFYKSNY|0.428
P16234|Q92608_NFYKSNYVQ|0.228
P16234|Q92608_VVHMSQTTI|0.0
P16234|Q92608_FTEEYVRDH|0.224
P16234|Q92608_EKRVSDNLR|0.0
P16234|Q92608_VEKEYGVRE|0.172
P16234|Q92608_GRPRSMLRS|0.0
P16234|Q92608_SMLRSYRQM|0.0
P16234|Q92608_YRQMSIISL|0.047
P16234|Q92608_SDCSTPSKP|0.0
P16234|Q92608_LELASPKTP|0.0
P16234|Q92608_ASPKTPRVE|0.0
P16234|Q92608_KLRRSKKRT|0.0
P16234|Q92608_SKKRTKRSS|0.075
P16234|Q92608_RTKRSSVVF|0.0
P16234|Q92608_LKRLSRKHE|0.0
P16234|Q92608_FMSDTNLSE|0.101
P16234|Q92608_DTNLSEHAA|0.007
P16234|Q92608_FASQSMPTI|0.0
P16234|Q92608_RLSQTFLQL|0.002
P16234|Q92608_FLQLSDGDK|0.0
P16234|Q92608_GDKKTLTRK|0.0
P16234|Q92608_KKTLTRKKV|0.0
P16234|Q92608_QFFKTMLAS|0.115
P16234|Q8IZD9_KMHLSSRQS|0.0
P16234|Q8IZD9_MHLSSRQSV|0.0
P16234|Q8IZD9_LLNDSKKGP|0.0
P16234|Q8IZD9_YSAPSASHG|0.0
P16234|Q8IZD9_DDGTTLSDD|0.0
P16234|Q8IZD9_ELYVYKCDE|0.446
P16234|Q8IZD9_STKLTQNVD|0.0
P16234|Q8IZD9_RDIKYFHFR|0.201
P16234|Q8IZD9_VMDTYIQKH|0.42
P16234|Q8IZD9_GALAYKELI|0.275
P16234|Q8IZD9_FVRGTLGSM|0.0
P16234|Q8IZD9_GSMPSTVHI|0.0
P16234|Q8IZD9_NFTETDFDF|0.0
P16234|Q8IZD9_RLLDYRDCM|0.043
P16234|Q8IZD9_GIARYQEAF|0.001
P16234|Q8IZD9_FDKDYINKH|0.439
P16234|Q8N1I0_PRKEYAMVD|0.285
P16234|Q8N1I0_ITELYRLME|0.005
P16234|Q8N1I0_LNARYNLTG|0.403
P16234|Q8N1I0_GLAVSLQLL|0.0
P16234|Q8N1I0_IRREYSSVF|0.291
P16234|Q8N1I0_LFGFSFVPL|0.0
P16234|Q8N1I0_SFCITSFLC|0.0
P16234|Q8N1I0_FCITSFLCS|0.0
P16234|Q8N1I0_SFLCSTKLT|0.0
P16234|Q8N1I0_FLCSTKLTQ|0.0
P16234|Q8N1I0_GALAYRDLI|0.0
P16234|Q8N1I0_ESQLYTNPD|0.097
P16234|Q8N1I0_ILLRTILEI|0.0
P16234|Q8N1I0_ILEITSRPQ|0.0
P16234|Q8N1I0_RLLDYRDCM|0.005
P16234|Q8N1I0_MMEASLYDK|0.014
P16234|Q8N1I0_CMQASPVHF|0.0
P16234|Q8N1I0_FPNGSPRVC|0.0
P16234|Q8N1I0_IPRRSPLSY|0.005
P16234|Q8N1I0_SARASPLLS|0.0
P16234|Q8N1I0_SPLLSDKHK|0.002
P16234|Q8N1I0_NSCLSPRER|0.001
P16234|Q8N1I0_ERPCSAIYP|0.086
P16234|Q8N1I0_CSAIYPTPV|0.432
P16234|Q8N1I0_ALPRSDPNL|0.0
P16234|Q8N1I0_PSSWSLDSG|0.0
P16234|Q8N1I0_GKLISPPVP|0.0
P16234|Q8N1I0_PARHTTSVS|0.095
P16234|Q8N1I0_RHTTSVSPS|0.0
P16234|Q8N1I0_TTSVSPSPA|0.0
P16234|Q8N1I0_SVSPSPAGR|0.0
P16234|Q8N1I0_PAGRSPLKG|0.0
P16234|Q8N1I0_SPVEYHSPG|0.32
P16234|Q8N1I0_VEYHSPGLI|0.15
P16234|Q8N1I0_KESKTPPPY|0.004
P16234|Q8N1I0_TPPPYSVYE|0.296
P16234|Q8N1I0_PYSVYERTL|0.414
P16234|Q8N1I0_PHSLSIPVT|0.0
P16234|Q9H7D0_WRKLYVNNK|0.449
P16234|Q9H7D0_SPLITSHVI|0.0
P16234|Q9H7D0_LVTFTPSKD|0.007
P16234|Q9H7D0_STKDSFQIA|0.0
P16234|Q9H7D0_FQIATLICS|0.0
P16234|Q9H7D0_ALLVSSLLE|0.0
P16234|Q9H7D0_ENRMSCTVN|0.0
P16234|Q9H7D0_RMSCTVNVL|0.006
P16234|Q9H7D0_LQKDSYYVY|0.048
P16234|Q9H7D0_SYYVYTQQE|0.489
P16234|Q9H7D0_KKRASFYEN|0.0
P16234|Q9H7D0_RASFYENII|0.046
P16234|Q9H7D0_REDFSLRLL|0.0
P16234|Q9H7D0_MPLLTEGIR|0.0
P16234|Q9H7D0_VEKHYGVIT|0.165
P16234|Q9H7D0_YGVITLPPN|0.212
P16234|Q9H7D0_ERKQSRTGS|0.0
P16234|Q9H7D0_KQSRTGSIV|0.0
P16234|Q9H7D0_IVLPYIMSS|0.0
P16234|Q9H7D0_LRRLSITSV|0.0
P16234|Q9H7D0_RLSITSVTS|0.0
P16234|Q9H7D0_SSNSSDNAP|0.0
P16234|Q9H7D0_VEDLSLREE|0.0
P16234|Q9H7D0_REENSENRI|0.0
P16234|Q9H7D0_RKDWSLSKS|0.0
P16234|Q9H7D0_DWSLSKSQV|0.0
P16234|Q9H7D0_SLSKSQVIA|0.0
P16234|Q9H7D0_LMSPTRKAQ|0.0
P16234|Q9H7D0_SPPQSTPLS|0.0
P16234|Q9H7D0_PPPKSKPYE|0.0
P16234|Q9H7D0_KSKPYEGSQ|0.043
P16234|Q9H7D0_PYEGSQRNS|0.0
P16234|Q9H7D0_KARKSGIPT|0.0
P16234|Q9H7D0_SGIPTSEPG|0.0
P16234|Q96HP0__MAASERRA|0.0
P16234|Q96HP0_SRERSGSPH|0.0
P16234|Q96HP0_GSPHSSRRC|0.0
P16234|Q96HP0_RRCSSSLGV|0.0
P16234|Q96HP0_RCSSSLGVP|0.0
P16234|Q96HP0_GVPLTEVVE|0.0
P16234|Q96HP0_EQDASGDER|0.0
P16234|Q96HP0_SRRGSGSPE|0.0
P16234|Q96HP0_RGSGSPEDT|0.0
P16234|Q96HP0_SPEDTPRSS|0.0
P16234|Q96HP0_DTPRSSGAS|0.0
P16234|Q96HP0_TPRSSGASS|0.0
P16234|Q96HP0_PFAWTAVHL|0.0
P16234|Q96HP0_MRRPSSLLR|0.0
P16234|Q96HP0_RRPSSLLRR|0.0
P16234|Q96HP0_LRPVTAQLK|0.0
P16234|Q96HP0_HLLFTFYHV|0.0
P16234|Q96HP0_DTVLSEGNV|0.0
P16234|Q96HP0_PASLYLARS|0.0
P16234|Q96HP0_SKSISSSNP|0.0
P16234|Q96HP0_KSISSSNPD|0.0
P16234|Q96HP0_SISSSNPDL|0.0
P16234|Q96HP0_PGQRSRLAS|0.0
P16234|Q96HP0_GSRASISQG|0.0
P16234|Q96HP0_GCALSAESS|0.0
P16234|Q96HP0_SRERSPFGN|0.0
P16234|Q96HP0_RWRKSVTHW|0.0
P16234|Q96HP0_GKHFTELGL|0.0
P16234|Q96HP0_LMAPTPPGL|0.0
P16234|Q96HP0_LNRASFRKA|0.0
P16234|Q96N67_RKQISGQYS|0.0
P16234|Q96N67_ISGQYSGSP|0.0
P16234|Q96N67_HKLGTGFNP|0.0
P16234|Q96N67_FNPNTLDKQ|0.0
P16234|Q96N67_PDGNSYQDD|0.002
P16234|Q96N67_DGNSYQDDQ|0.0
P16234|Q96N67_SIDDTPRGS|0.0
P16234|Q96N67_TPRGSWACS|0.0
P16234|Q96N67_LLDRTPNEE|0.0
P16234|Q96N67_SSAGSLERD|0.0
P16234|Q96N67_ERKGSWSER|0.0
P16234|Q96N67_ERRNSSIVG|0.0
P16234|Q96N67_RRNSSIVGR|0.0
P16234|Q96N67_VGRRSLERT|0.0
P16234|Q96N67_SLERTTSGD|0.0
P16234|Q96N67_LERTTSGDD|0.0
P16234|Q96N67_RRPSSVLRR|0.0
P16234|Q96N67_ENPHYCLTP|0.0
P16234|Q96N67_HLLFTFYHV|0.0
P16234|Q96N67_GLGGSVHYA|0.0
P16234|Q96N67_GSVHYATMA|0.0
P16234|Q96N67_VHYATMARS|0.24
P16234|Q96N67_DEVRSIIGS|0.0
P16234|Q96N67_GLDRSNSWV|0.0
P16234|Q96N67_GSNPSPSAE|0.0
P16234|Q96N67_NPSPSAEST|0.0
P16234|Q96N67_AMDRSCNRM|0.125
P16234|Q96N67_HTETSSFLQ|0.0
P16234|Q96N67_GRLPTKKLF|0.012
P16234|Q96N67_VAMLYLPLI|0.001
P16234|Q96N67_AIAGTSVPQ|0.0
P16234|Q96N67_IAGTSVPQL|0.0
P16234|Q96N67_VPQLTRPGS|0.0
P16234|Q96N67_TRPGSFLLT|0.0
P16234|Q96N67_SCFEYKGKK|0.035
P16234|Q96N67_MNSLTFKKS|0.0
P16234|Q96N67_AILGSIGAR|0.0
P16234|Q96N67_LGTYTIASP|0.0
P16234|Q96N67_WRQNTEKLD|0.0
P16234|Q96N67_LAEISHRLE|0.0
P16234|Q96N67_EIILTPIEV|0.0
P16234|Q96N67_IPQLYKAVL|0.0
P16234|Q96N67_VLPVTCHRD|0.0
P16234|Q96N67_RDSFSRMSL|0.0
P16234|Q96N67_FSRMSLRKM|0.0
P16234|Q96N67-2_ISGQYSGSP|0.0
P16234|Q96N67-2_SIDDTPRGS|0.0
P16234|Q96N67-2_ERRNSSIVG|0.0
P16234|Q96N67-2_RRNSSIVGR|0.0
P16234|Q96N67-2_AIAGTSVPQ|0.0
P16234|Q96N67-2_IAGTSVPQL|0.0
P16234|Q96N67-2_TRPGSFLLT|0.0
P16234|Q96N67-2_QLERSPSGS|0.0
P16234|Q96N67-2_ERSPSGSAF|0.0
P16234|Q96N67-2_SPSGSAFGS|0.0
P16234|Q96N67-2_SAFGSQENL|0.0
P16234|Q96N67-2_FSRMSLRKM|0.0
P16234|Q96N67-3_ISGQYSGSP|0.0
P16234|Q96N67-3_RRNSSIVGR|0.0
P16234|Q96N67-3_DEVRSIIGS|0.0
P16234|Q96N67-3_SIIGSKAMD|0.0
P16234|Q96N67-3_CNRMSSHTE|0.0
P16234|Q96N67-3_NRMSSHTET|0.0
P16234|Q96N67-3_AIAGTSVPQ|0.0
P16234|Q96N67-3_IAGTSVPQL|0.0
P16234|Q96N67-3_TRPGSFLLT|0.0
P16234|Q96N67-3_QLERSPSGS|0.0
P16234|Q96N67-3_ERSPSGSAF|0.0
P16234|Q96N67-3_SPSGSAFGS|0.0
P16234|Q96N67-3_SAFGSQENL|0.0
P16234|Q8NF50___MATLPSA|0.0
P16234|Q8NF50_KINRYSSAE|0.121
P16234|Q8NF50_RKQFTLPPN|0.048
P16234|Q8NF50_CAEPYTVIK|0.427
P16234|Q8NF50_AEPYTVIKE|0.346
P16234|Q8NF50_PHTVYRNLL|0.429
P16234|Q8NF50_LQEVYTAVT|0.0
P16234|Q8NF50_HLLFTFYHI|0.128
P16234|Q8NF50_RSYHTYGRT|0.332
P16234|Q8NF50_SYHTYGRTS|0.359
P16234|Q8NF50_YGRTSAAAV|0.155
P16234|Q8NF50_ARVMSSSNP|0.0
P16234|Q8NF50_RVMSSSNPD|0.0
P16234|Q8NF50_VMSSSNPDL|0.0
P16234|Q8NF50_DRNCSRMSY|0.391
P16234|Q8NF50_SRMSYYCSG|0.443
P16234|Q8NF50_PRPASKKHF|0.0
P16234|Q8NF50_LLVKSMAQH|0.276
P16234|Q8NF50_LIRHYCSQL|0.0
P16234|Q8NF50_RHYCSQLSA|0.109
P16234|Q8NF50_CSQLSAKLS|0.15
P16234|Q8NF50_NLKTSGIVL|0.001
P16234|Q8NF50_LCFEYKGKQ|0.478
P16234|Q8NF50_SDKVSTQVL|0.145
P16234|Q8NF50_DKVSTQVLQ|0.357
P16234|Q8NF50_DVTRSQACA|0.0
P16234|Q8NF50_MDLMYRIAK|0.375
P16234|Q8NF50_KDRVTYFEK|0.443
P16234|Q8NF50_DRVTYFEKN|0.375
P16234|Q8NF50_RRFMYTTPF|0.408
P16234|Q8NF50_MKKKTLQLA|0.0
P16234|Q8NF50_IPELYKPIF|0.215
P16234|Q8NF50_ETQLSQGS_|0.0
P16234|Q8NF50_LSQGS____|0.0
P16234|Q5T8R8_RMDSSGLGP|0.0
P16234|Q5T8R8_LGPCSEAPL|0.0
P16234|Q5T8R8_LVCRSALET|0.0
P16234|Q5T8R8_ALETSAFPP|0.0
P16234|Q9BZ29_SKPGTAAEL|0.0
P16234|Q9BZ29_VVRGSVLLA|0.0
P16234|Q9BZ29_EPLDYENVI|0.299
P16234|Q9BZ29_KLEGSGSGL|0.0
P16234|Q9BZ29_IKLKSESRV|0.0
P16234|Q9BZ29_LKSESRVKL|0.0
P16234|Q9BZ29_VKLFYLDPD|0.003
P16234|Q9BZ29_PEVKSFEEK|0.0
P16234|Q9BZ29_QMLATTSPA|0.0
P16234|Q9BZ29_GSGQSPSVL|0.0
P16234|Q9BZ29_DVVETQVGY|0.001
P16234|Q9BZ29_TQVGYSWLP|0.031
P16234|Q9BZ29_QVGYSWLPL|0.01
P16234|Q9BZ29_VKDESLALP|0.0
P16234|Q9BZ29_NPLVTPQKG|0.0
P16234|Q9BZ29_QKGSTLDNS|0.0
P16234|Q9BZ29_TLDNSLHKD|0.0
P16234|Q9BZ29_LGAISGIAS|0.0
P16234|Q9BZ29_PYTTSTPNI|0.0
P16234|Q9BZ29_RNADSRGSL|0.0
P16234|Q9BZ29_ISTDSGNSL|0.0
P16234|Q9BZ29_NSEKSNSLD|0.0
P16234|Q9BZ29_EKSNSLDKH|0.0
P16234|Q9BZ29_KHQQSSTLG|0.0
P16234|Q9BZ29_HQQSSTLGN|0.0
P16234|Q9BZ29_TLGNSVVRC|0.0
P16234|Q9BZ29_HQFQYMGKR|0.398
P16234|Q9BZ29_MGKRYIART|0.0
P16234|Q9BZ29_YIARTGMMH|0.0
P16234|Q9BZ29_PSTFYEGRA|0.001
P16234|Q9BZ29_AALCYEILK|0.399
P16234|Q9BZ29_NSKLSSIRT|0.0
P16234|Q9BZ29_SKLSSIRTE|0.0
P16234|Q9BZ29_TSFSSDVKD|0.0
P16234|Q9BZ29_VDLQYSLAK|0.0
P16234|Q9BZ29_LAKSYASTP|0.0
P16234|Q9BZ29_EVMHSGRRL|0.0
P16234|Q9BZ29-5_LVIESPLQY|0.0
P16234|Q9BZ29-5_VEAESPGPV|0.0
P16234|Q9BU89_IAWISQAFD|0.314
P16234|Q9BU89_VLQDTRQEP|0.402
P16234|Q9BU89_AAGPYLSVD|0.379
P16234|Q9BU89_RAFQYADGL|0.389
P16234|Q99704_WAVLYPASP|0.415
P16234|Q99704_LYPASPHGV|0.243
P16234|Q99704_FRLDTAQRS|0.383
P16234|Q99704_FPKGSWTLA|0.2
P16234|Q99704_KGSWTLAPT|0.0
P16234|Q99704_KVMFSFEAG|0.0
P16234|Q99704_PSQDSLYSD|0.242
P16234|Q99704_DSLYSDPLD|0.111
P16234|Q99704_KAKLTDPKE|0.138
P16234|Q99704_YNPATDDYA|0.391
P16234|Q99704_PEPGTATGS|0.0
P16234|Q99704_KSGASGSWD|0.001
P16234|Q99704_SRVGTDKTG|0.175
P16234|Q99704_SEGST____|0.0
P16234|O60496_QGFLYLQQQ|0.455
P16234|O60496_LYGGSDCAL|0.004
P16234|O60496_VIRLSDCLR|0.0
P16234|O60496_GEASSPRDT|0.0
P16234|O60496_RKELSGPEG|0.0
P16234|O60496_EGKQSRPCM|0.0
P16234|O60496_NELYSSAVT|0.441
P16234|O60496_ELYSSAVTV|0.0
P16234|O60496_SSAVTVGPH|0.0
P16234|O60496_HLRGSYTLR|0.332
P16234|O60496_LRGSYTLRA|0.084
P16234|O60496_PEPGTQLYD|0.108
P16234|O60496_GTQLYDWPY|0.313
P16234|O60496_PRPDSPYSR|0.002
P16234|O60496_RPHDSLPPP|0.0
P16234|O60496_LPPPSPTTP|0.0
P16234|O60496_AVARSLGKN|0.0
P16234|O60496_ADPLYDSIE|0.0
P16234|O60496_PLYDSIEET|0.013
P16234|O60496_SIEETLPPR|0.0
P16234|O60496_ALSLYDSPQ|0.122
P16234|O60496_PGTEYDNVV|0.47
P16234|Q7L591_ARLRSDARA|0.0
P16234|Q7L591_WALLYAGGP|0.0
P16234|Q7L591_PEPPTSRKM|0.0
P16234|Q7L591_EPPTSRKMH|0.0
P16234|Q7L591_NDLASGLYA|0.213
P16234|Q7L591_CKRASGPPG|0.0
P16234|Q7L591_VLEASPTLH|0.0
P16234|Q7L591_AKLVTLLSR|0.0
P16234|Q7L591_VTLLSRERR|0.0
P16234|Q7L591-2_LCSCSWRHP|0.0
P16234|Q8TEW6_VKQGYVKMK|0.304
P16234|Q8TEW6_FRKSSSKGP|0.0
P16234|Q8TEW6_AEEWYKTLS|0.0
P16234|Q8TEW6_EWYKTLSVE|0.091
P16234|Q8TEW6_HENIYLWDI|0.0
P16234|Q8TEW6_GEQIYQRVH|0.018
P16234|Q8TEW6_GTEHYSYPC|0.351
P16234|Q8TEW6_TEHYSYPCT|0.288
P16234|Q8TEW6_EHYSYPCTP|0.103
P16234|Q8TEW6_SYPCTPTTM|0.007
P16234|Q8TEW6_KPKPSQGDS|0.0
P16234|Q8TEW6_QGDSSEAKT|0.0
P16234|Q8TEW6_SEAKTPSQ_|0.0
P16234|Q9P104_TRQHSTGQL|0.0
P16234|Q6PKX4_WPLSSLRRY|0.037
P16234|Q6PKX4_GEMIYQKVH|0.268
P16234|Q6PKX4_ARLQTSLTE|0.0
P16234|Q6PKX4_RLQTSLTEP|0.0
P16234|Q6PKX4_SKSISLPRS|0.0
P16234|Q18PE1_LPDPSPPGP|0.0
P16234|Q18PE1_EKRLSLLSH|0.0
P16234|Q18PE1_GRPGSGGDD|0.0
P16234|Q18PE1_GTVEYQVPT|0.066
P16234|Q18PE1_LRAHYDTPR|0.315
P16234|Q18PE1_PRDHSPPSQ|0.0
P16234|Q18PE1_PSQGSPGNS|0.0
P16234|Q9UPQ8_DTRIYLLAY|0.416
P16234|Q9UPQ8_RPLLYVAAT|0.417
P16234|Q9UPQ8_IFLEYVRYF|0.422
P16234|O77932_GEVNTNVAF|0.0
P16234|O77932_KEMHSPGQW|0.0
P16234|O77932_WRSFYRHKL|0.052
P16234|Q9NYP3_VPGYSPGFR|0.003
P16234|Q9NYP3_GIEFSLPLI|0.0
P16234|Q9NYP3_INSKSLVAT|0.0
P16234|Q5JWR5___MNTEELE|0.0
P16234|Q5JWR5_EAVSTSVQD|0.0
P16234|Q5JWR5_GQNNSVKEW|0.0
P16234|Q5JWR5_WDRNSQGDV|0.255
P16234|Q5JWR5_YWNKSPCYP|0.001
P16234|Q5JWR5_PMVVSDFDL|0.0
P16234|Q5JWR5_ASVTSQLEI|0.0
P16234|Q5JWR5_SRNSSSPCI|0.0
P16234|Q5JWR5_QRSHSSIQF|0.0
P16234|Q5JWR5_RSHSSIQFS|0.0
P16234|Q5JWR5_SEKETIVKE|0.0
P16234|Q5JWR5_VIESSAKGF|0.0
P16234|Q5JWR5_KGFPSFISD|0.0
P16234|Q5JWR5_QQYKYETGL|0.404
P16234|Q5JWR5_ETGLSDSRP|0.0
P16234|Q5JWR5_FEARSGILS|0.0
P16234|Q5JWR5_EVKPSPKIM|0.0
P16234|Q5JWR5_MVDGTNLES|0.526
P16234|Q5JWR5_SLSGYQYTR|0.272
P16234|Q5JWR5_AQSSSLNLF|0.0
P16234|Q5JWR5_GHSGSPILY|0.0
P16234|Q9Y3R5_YRYRSYSSV|0.033
P16234|Q9Y3R5_REQKYMLGT|0.033
P16234|Q9Y3R5_SLRASLLDS|0.0
P16234|Q9Y3R5_AATQTLLRR|0.0
P16234|Q9Y3R5_TESTSGTSS|0.0
P16234|Q9Y3R5_DEDASFPPL|0.0
P16234|Q9Y3R5_KSEDSGIGL|0.0
P16234|Q9Y3R5_GLSASSPEL|0.0
P16234|Q9Y3R5_LSASSPELS|0.0
P16234|Q9Y3R5_VPRVSLERD|0.0
P16234|Q9Y3R5_QLTASGEES|0.0
P16234|Q9Y3R5_SRKNSWEPK|0.0
P16234|Q9Y3R5_TARGSPFKT|0.0
P16234|Q9Y3R5_KSSESPSSS|0.0
P16234|Q9Y3R5_SESPSSSPS|0.0
P16234|Q9Y3R5_ESPSSSPSS|0.0
P16234|Q9Y3R5_SPSSSPSSP|0.0
P16234|Q9Y3R5_SSSPSSPAR|0.0
P16234|Q9Y3R5_SSPSSPARK|0.0
P16234|Q9Y3R5_LFRFSVIWH|0.0
P16234|Q9Y3R5_EIQGSRVTS|0.0
P16234|Q9Y3R5_GSRVTSHNR|0.0
P16234|Q9Y3R5_SRVTSHNRS|0.0
P16234|Q9Y3R5_SHNRSFDRS|0.0
P16234|Q9Y3R5_KQENSADDL|0.0
P16234|Q9Y3R5_RKKTSFREA|0.0
P16234|Q9Y3R5_RGELSEEEL|0.0
P16234|Q9Y3R5_YPKRSALLA|0.0
P16234|Q9Y3R5_AAFQSESFK|0.001
P16234|Q9Y3R5_FQSESFKAG|0.0
P16234|Q9Y3R5_GAKLSLVRV|0.0
P16234|Q9Y3R5_VRVDSDKTQ|0.0
P16234|Q9Y3R5_SESFSSDEE|0.0
P16234|Q9Y3R5_ESFSSDEEA|0.0
P16234|Q9Y3R5_IEAVSRTSM|0.0
P16234|Q9Y3R5_GQSFYGKLQ|0.364
P16234|Q9Y3R5_YYPCYLKVS|0.353
P16234|Q9Y3R5_MQLVSVAKS|0.0
P16234|Q9Y3R5_KGSSSVYFK|0.0
P16234|Q9Y3R5_VYFKTTKTI|0.0
P16234|Q9Y3R5_YFKTTKTIR|0.008
P16234|Q9Y3R5_RLLYYVFPY|0.278
P16234|Q9Y3R5_RVGQTSIVA|0.0
P16234|Q9Y3R5_DTALSFPPD|0.0
P16234|Q9Y3R5_DSPGTPFLD|0.0
P16234|P41143_WYWDTVTKI|0.093
P16234|P41143_WDTVTKICV|0.191
P16234|Q8N350_ERFLSTSST|0.0
P16234|Q8N350_RFLSTSSTG|0.0
P16234|Q8N350_FLSTSSTGR|0.0
P16234|Q8N350_STSSTGRRV|0.0
P16234|Q8N350_GRRVSFNEA|0.0
P16234|Q8N350_KGRRYTLTE|0.0
P16234|Q8N350_GRRYTLTEG|0.129
P16234|Q8N350_RYTLTEGDF|0.015
P16234|Q8N350_HPATSPKAT|0.0
P16234|Q8N350_AGPGSGAGT|0.0
P16234|Q8N350_SGAGTVLQF|0.0
P16234|Q8N350_GASPYFKVK|0.417
P16234|Q8N350_QRAASLDTR|0.0
P16234|Q8N350_ASLDTRGSP|0.0
P16234|Q8N350_DTRGSPKRH|0.0
P16234|Q8N350_QRAASESTE|0.0
P16234|Q8N350_ASESTEQEE|0.0
P16234|Q8N350_PFLASPPPA|0.0
P16234|Q8N350_AGGASPDSP|0.0
P16234|Q8N350_ASPDSPPER|0.117
P16234|Q8N350_HAAASDHSS|0.0
P16234|Q8N350_ASDHSSSGN|0.0
P16234|Q8N350_SDHSSSGND|0.0
P16234|Q8N350_DHSSSGNDR|0.0
P16234|Q8N350_RRDYSIDEK|0.008
P16234|Q8N350_RRGDSVDGP|0.0
P16234|Q8N350-4_ERFLSTSST|0.0
P16234|Q8N350-4_RFLSTSSTG|0.0
P16234|Q8N350-4_FLSTSSTGR|0.0
P16234|Q8N350-4_STSSTGRRV|0.0
P16234|Q8N350-4_GRRYTLTEG|0.001
P16234|Q8N350-4_QRAASLDTR|0.0
P16234|Q8N350-4_DTRGSPKRH|0.0
P16234|Q8N350-4_GRYFSVDGG|0.36
P16234|Q8N350-4_PCPPSPPPR|0.0
P16234|Q8N350-4_PRERSPGPV|0.0
P16234|Q8N350-4_RSPASSGKA|0.0
P16234|Q8N350-4_SPASSGKAP|0.0
P16234|Q8N350-4_SPAWTRGGK|0.0
P16234|Q8TEK3_YDTKSFESM|0.058
P16234|Q8TEK3_TRPSTGLLR|0.0
P16234|Q8TEK3_RESKSNAAT|0.0
P16234|Q8TEK3_SNAATPTKG|0.001
P16234|Q8TEK3_VKKPSPSKA|0.0
P16234|Q8TEK3_AQTVSQTAA|0.003
P16234|Q8TEK3_RSPHSPFYQ|0.001
P16234|Q8TEK3_HSPFYQLPP|0.0
P16234|Q8TEK3_QALKSQISE|0.0
P16234|Q8TEK3_KSQISEKQR|0.0
P16234|Q8TEK3_CGVLSRPSS|0.0
P16234|Q8TEK3_SRPSSKQNT|0.0
P16234|Q8TEK3_SKQNTPQYL|0.0
P16234|Q8TEK3_NTPQYLASP|0.003
P16234|Q8TEK3_QYLASPLDQ|0.004
P16234|Q8TEK3_VVPCTPSHV|0.0
P16234|Q8TEK3_PCTPSHVGR|0.0
P16234|Q8TEK3_LEKLSGLAA|0.0
P16234|Q8TEK3_NGLPYQSPS|0.317
P16234|Q8TEK3_GEKSSEKGL|0.0
P16234|Q8TEK3_RERAYGSSG|0.326
P16234|Q8TEK3_RAYGSSGEL|0.0
P16234|Q8TEK3_AYGSSGELI|0.0
P16234|Q8TEK3_KLPVSIPLA|0.0
P16234|Q8TEK3_VVLPSRAER|0.0
P16234|Q8TEK3_VGSRSSTPQ|0.0
P16234|Q8TEK3_GDLPSDSGF|0.0
P16234|Q8TEK3_SDPESEAKR|0.0
P16234|Q8TEK3_TGAGSAKQS|0.0
P16234|Q8TEK3_SSKHSPLTA|0.0
P16234|Q8TEK3_ASAGTPSLS|0.0
P16234|Q8TEK3_QPSGSPLNL|0.0
P16234|Q8TEK3_SLKSSPVPY|0.0
P16234|Q8TEK3_RKIATISLE|0.0
P16234|Q8TEK3_IATISLESK|0.0
P16234|Q8TEK3_SPPKTLENG|0.0
P16234|Q8TEK3_GLAKSADSP|0.0
P16234|Q8TEK3_SSALSQNSL|0.029
P16234|Q8TEK3_GKEGSDANP|0.0
P16234|Q8TEK3_KGEGSRGKE|0.0
P16234|Q8TEK3_PTDKTPLLS|0.0
P16234|O43602_LPSPTHSAH|0.0
P16234|O43602_NGDRYFKGI|0.0
P16234|O43602_YAVSSDRFR|0.06
P16234|O43602_QGVRYIYTI|0.062
P16234|O43602_VRYIYTIDG|0.004
P16234|O43602_LNKKTAHSF|0.0
P16234|O43602_KTAHSFEQV|0.0
P16234|O43602_IKLETGVVK|0.0
P16234|O43602_SSQLSTPKS|0.0
P16234|O43602_STPKSKQSP|0.0
P16234|A5PLL1_KSGKTALMH|0.0
P16234|A5PLL1_NRVASLQEE|0.0
P16234|A5PLL1_GLALSKRFI|0.0
P16234|A5PLL1_KRFITRHQS|0.0
P16234|A5PLL1_TRHQSIDVK|0.0
P16234|A5PLL1_PGPLSRRNH|0.0
P16234|A5PLL1_ERRGSGAFP|0.0
P16234|A5PLL1_LRRQSLQTE|0.0
P16234|Q9H3H5_LNIKTGKLE|0.0
P16234|Q9BVM2_WRVKSALGA|0.0
P16234|Q9BVM2_RNLPYPKDV|0.394
P16234|Q9BVM2_YKKFSIPDL|0.0
P16234|Q3MIW9_RNQRSVDPA|0.0
P16234|Q3MIW9_NCRKSTTGK|0.0
P16234|Q3MIW9_CRKSTTGKS|0.0
P16234|Q3MIW9_RKSTTGKST|0.0
P16234|Q3MIW9_SVKVTGDKS|0.0
P16234|Q3MIW9_RTKLSSITS|0.0
P16234|P16444_MCRMYPETF|0.568
P16234|P16444_ETFLYVTSS|0.497
P16234|P16444_HSSAYSVCA|0.424
P16234|P16444_SSAYSVCAS|0.366
P16234|P16444_FYNNYISCT|0.524
P16234|Q9H4A9_PRAHTMPGT|0.343
P16234|Q9H4B8_RHHMYTNVS|0.011
P16234|Q9H4B8_HHMYTNVSG|0.278
P16234|Q92782_CAERSLRLP|0.0
P16234|Q92782_PFLDSQTGV|0.0
P16234|Q92782_LDSQTGVAQ|0.0
P16234|Q92784_QDQETRSPP|0.0
P16234|Q92784_QETRSPPNH|0.0
P16234|Q92784-2_REEESIQEI|0.0
P16234|Q92784-2_AAARTTEDL|0.0
P16234|Q92784-2_DLFGSTSES|0.0
P16234|Q92784-2_LFGSTSESD|0.0
P16234|Q92784-2_FGSTSESDT|0.0
P16234|Q92784-2_STSESDTST|0.0
P16234|Q92784-2_RGRRSGRGS|0.0
P16234|Q92784-2_RGSPTADKK|0.0
P16234|Q9BZG8_CKPLSPGEI|0.0
P16234|Q9BZG8_LGCTSPRLS|0.0
P16234|Q9BZG8_FHLESVMIA|0.105
P16234|Q9BZG8_PAYRYDPYS|0.271
P16234|Q9BZG8_EHLESRLRA|0.003
P16234|Q9BZG8_ARPPSAVAC|0.0
P16234|Q9BQC3_QPVGSLSPE|0.0
P16234|Q9BQC3_AWKSSNDHG|0.0
P16234|Q9BQC3_NDHGSLALT|0.0
P16234|Q9BQC3_SPAASFLSS|0.0
P16234|Q9BQC3_QTPVTEAVS|0.0
P16234|Q9BQC3_TEAVSGRRG|0.0
P16234|Q9H2P9___MLYLIGL|0.422
P16234|Q9H2P9_AKDITVKGL|0.0
P16234|Q9H2P9_GRKIYEPPR|0.149
P16234|Q9H2P9_EPPRYMSVN|0.121
P16234|Q7L8W6_VEDLYELLK|0.355
P16234|Q7L8W6_VPDNYRTSN|0.023
P16234|Q7L8W6_RTSNYIYNF|0.194
P16234|Q7L8W6_SNYIYNF__|0.372
P16234|O60762_RQNKYSVLL|0.0
P16234|O60762_QNKYSVLLP|0.034
P16234|O60762_LGTAYIHGM|0.0
P16234|O60762_ATGNYIIIM|0.507
P16234|O60762_NEIVSFLKG|0.0
P16234|Q9P2X0_YRVATFHDC|0.292
P16234|Q8N608_IPRFTGALY|0.288
P16234|Q8N608_TGALYPKGK|0.0
P16234|Q8N608_KGKQYPYPK|0.43
P16234|Q8N608_KQYPYPKAG|0.107
P16234|Q8N608_DSFKSREYY|0.155
P16234|Q8N608_KSREYYITM|0.233
P16234|Q8N608_SREYYITMV|0.474
P16234|Q8N608_VKWVSNTKT|0.0
P16234|Q8N608_NPAKYFILE|0.384
P16234|Q8N608_TMQVYPDEG|0.404
P16234|Q9NY33_FRLLSPTER|0.0
P16234|Q9NY33_LLSPTERLY|0.077
P16234|Q9NY33_VILGSEAAQ|0.0
P16234|Q9NY33_VRLASVLGS|0.0
P16234|Q9NY33_YAANSHQGQ|0.079
P16234|Q9NY33_IESFTQGSI|0.0
P16234|Q9NY33_FTQGSIEAH|0.0
P16234|Q9NY33_HKRGSRFWI|0.0
P16234|Q9NY33_FKNVSLGNV|0.0
P16234|Q9NY33_QVLKSTGDV|0.0
P16234|Q9NY33_VLKSTGDVA|0.02
P16234|Q9NY33_GRALYEGYA|0.38
P16234|Q9NY33_VQPNTRLEG|0.0
P16234|Q9NY33_RLEGSDVQL|0.0
P16234|Q9NY33_EYEASAAGL|0.0
P16234|Q9NY33_GLIRSFSER|0.0
P16234|Q9NY33_IRSFSERFP|0.0
P16234|P27487_RKTYTLTDY|0.437
P16234|P27487_YLKNTYRLK|0.33
P16234|P27487_VRVPYPKAG|0.415
P16234|P27487_QLSDYTKVT|0.226
P16234|P27487_LSDYTKVTC|0.22
P16234|P27487_NLDHYRNST|0.407
P16234|P42658_PPEVSNAKL|0.0
P16234|P42658_ENNIYYCAH|0.434
P16234|P42658_NNIYYCAHV|0.351
P16234|P42658_IRVVSTGKE|0.0
P16234|P42658_RVVSTGKEG|0.0
P16234|P42658_LKEQYIDRT|0.239
P16234|P42658_FGKDYGGYL|0.367
P16234|P42658_DYGGYLSTY|0.422
P16234|P42658_DKLLTVTAK|0.0
P16234|P42658_LLTVTAKED|0.0
P16234|Q9UHL4_FGGSYGGML|0.0
P16234|Q9UHL4_MLSAYLRMK|0.0
P16234|Q9UHL4_FRDVTADFE|0.001
P16234|Q9UHL4_FEGQSPKCT|0.02
P16234|Q9UHL4_GAYDTVRWE|0.427
P16234|Q6V1X1_GIASYDYHQ|0.424
P16234|Q6V1X1_GSGIYHVKD|0.006
P16234|Q6V1X1_RRADSFRYP|0.465
P16234|Q6V1X1_PKTGTANPK|0.104
P16234|Q6V1X1_NPKVTFKMS|0.327
P16234|Q6V1X1_KYKRSSGGL|0.371
P16234|Q6V1X1_LPAPSDFKC|0.215
P16234|Q6V1X1_GRHGSNIQV|0.001
P16234|Q6V1X1_YFEGTKDSP|0.264
P16234|Q6V1X1_FRLNTLASL|0.084
P16234|Q86TI2___MATTGTP|0.0
P16234|Q86TI2_ATTGTPTAD|0.0
P16234|Q86TI2_SRKYSGLIV|0.009
P16234|Q86TI2_LLLLSWKQM|0.0
P16234|Q86TI2_GFMVSPMKP|0.0
P16234|Q86TI2_IHVPSPALE|0.0
P16234|Q86TI2_DSYRYPRTG|0.391
P16234|Q86TI2_RYPRTGSKN|0.221
P16234|Q86TI2_RAGWTRDGK|0.0
P16234|Q86TI2_RDGKYAWAM|0.151
P16234|Q86TI2_AGKPYQLQI|0.028
P16234|Q86TI2_NERHSIRCP|0.0
P16234|Q86TI2-2_GSWRSFSLN|0.0
P16234|Q86TI2-2_WRSFSLNSE|0.0
P16234|Q86TI2-2_ATTGTPTAD|0.0
P16234|Q7Z7J5_HRHAYPEQR|0.049
P16234|Q6W0C5_SRDDSGASQ|0.0
P16234|Q6W0C5_INASSESVS|0.0
P16234|Q6W0C5_ASSESVSPL|0.001
P16234|Q6W0C5_ARLRYMLLG|0.148
P16234|Q7L190_STEKSREED|0.0
P16234|Q7L190_KEKMSIKGS|0.0
P16234|A6NFQ7_RTMFTKKQL|0.028
P16234|Q5T2R2_ELLISTSEL|0.0
P16234|Q07507_YPGHYGEEM|0.426
P16234|Q07507_ISYNYDYYI|0.438
P16234|Q2PZI1_MAFRTEMGL|0.0
P16234|Q2PZI1_MGLYYSYFK|0.315
P16234|Q2PZI1_YRIYTKIMD|0.0
P16234|Q2PZI1_GNLLTSKFF|0.0
P16234|Q2PZI1_GAMPTMASV|0.0
P16234|Q2PZI1_PTMASVKLS|0.0
P16234|Q2PZI1_NHPHYEDAG|0.0
P16234|Q2PZI1_TKIVYSMYS|0.007
P16234|Q2PZI1_KIVYSMYSR|0.0
P16234|Q2PZI1_VYSMYSRKA|0.001
P16234|Q2PZI1_YSMYSRKAA|0.0
P16234|Q2PZI1_LKVNYYILE|0.017
P16234|Q6NUT2_ATNIYLRKQ|0.22
P16234|Q6NUT2_SIQGYANLR|0.001
P16234|Q6NUT2_GAMPTMASI|0.0
P16234|Q6NUT2_PTMASIKLS|0.0
P16234|Q6NUT2_YSTYSRKSA|0.078
P16234|Q6NXN4_ARRSSPGRI|0.0
P16234|Q6ZPD9_IGLLTSVYL|0.0
P16234|Q6ZPD9_GLLTSVYLA|0.0
P16234|Q6ZPD9_ESMKTINLL|0.0
P16234|Q7Z388_DSAIYYSYY|0.044
P16234|Q7Z388_SAIYYSYYK|0.388
P16234|Q7Z388_TYSKYGRFC|0.368
P16234|Q7Z388_NYSPYVNYF|0.408
P16234|Q12882_TLCSTSAKK|0.0
P16234|Q12882_LCSTSAKKL|0.0
P16234|Q12882_LDIKSFITS|0.0
P16234|Q12882_KSFITSIAN|0.0
P16234|Q12882_SFITSIANK|0.0
P16234|Q12882_IRNPSLPPP|0.0
P16234|Q12882_ICGKSLSVN|0.0
P16234|Q12882_GKSLSVNEM|0.0
P16234|Q12882_CACHSPLPS|0.0
P16234|Q12882_DVVISAFGS|0.0
P16234|Q12882_SAFGSVLSD|0.0
P16234|Q12882_KEALSPIKF|0.0
P16234|Q12882_GFALTKTFS|0.0
P16234|Q12882_ALTKTFSLD|0.0
P16234|Q12882_TKTFSLDKD|0.0
P16234|Q12882_VTNVSPRII|0.0
P16234|Q12882_KRTTYGGVS|0.433
P16234|Q12882_YGGVSGTAI|0.0
P16234|Q12882_GVSGTAIRP|0.027
P16234|Q14117_DRTCTPTPV|0.011
P16234|Q8TE96_LRPISKCQA|0.0
P16234|Q01658__MASSSGND|0.0
P16234|Q01658_KKTISPEHV|0.0
P16234|Q01658_QECKTVALK|0.0
P16234|O75509__MGTSPSSS|0.0
P16234|O75509_TALASCSRI|0.0
P16234|O75509_ARRATATMI|0.0
P16234|O75509_RATATMIAG|0.0
P16234|O75509_RGTFSDVPS|0.0
P16234|O75509_SDVPSSVMK|0.0
P16234|O75509_DVPSSVMKC|0.0
P16234|O75509_KLLPSMEAT|0.207
P16234|O75509_SMEATGGEK|0.0
P16234|O75509_KSSRTLKKG|0.0
P16234|O75509_RQDPSAIVE|0.0
P16234|O75509_EKWIYYCNG|0.521
P16234|O75509_KWIYYCNGH|0.503
P16234|O75509_WKDIYQFLC|0.31
P16234|O75509_HERAYAALQ|0.412
P16234|O75509_SPIPSPNAK|0.0
P16234|O75509_KLENSALLT|0.0
P16234|O75509_LRCDSTSSG|0.0
P16234|O75509_RCDSTSSGS|0.0
P16234|O75509_CDSTSSGSS|0.0
P16234|O75509_DSTSSGSSA|0.0
P16234|O75509_TSSGSSALS|0.0
P16234|O75509_SSGSSALSR|0.0
P16234|O75509_SSALSRNGS|0.0
P16234|O75509_SRNGSFITK|0.001
P16234|O75509_LDSVYSHLP|0.474
P16234|O75509_DSVYSHLPD|0.059
P16234|Q9UEE5_GSGGSSPGA|0.0
P16234|Q9UEE5_PGATSGSGR|0.0
P16234|Q9UEE5_IQEPSFRME|0.009
P16234|Q9UEE5_QEGHSVPEI|0.0
P16234|Q9UEE5_PEINSDTDK|0.0
P16234|O94768_SCNGTCGDR|0.0
P16234|Q8N682_RMVISAVSC|0.0
P16234|Q8N682_ISAVSCAAV|0.0
P16234|Q14919_KKKKYNARF|0.249
P16234|Q14919_KIMQTDEEI|0.0
P16234|Q14919_PVIISRALE|0.0
P16234|Q14919_DLVASVPDM|0.0
P16234|Q14919_RKPGSGGRK|0.0
P16234|Q14919_EDYDS____|0.376
P16234|Q14919-2_ARRWTVPSQ|0.0
P16234|Q8NBI3_PAIHTAPML|0.0
P16234|Q8IUH3_RERFSPFGD|0.0
P16234|Q8IUH3_KFKVYGDIE|0.29
P16234|Q8IUH3_IEYCSIIKN|0.115
P16234|Q8IUH3_KGLGYVRYL|0.416
P16234|Q8IUH3_NCDRSFRAI|0.0
P16234|Q8IUH3_ASESSEQDY|0.125
P16234|Q8IUH3_SEQDYYSNM|0.463
P16234|Q8IUH3_LIEVYLVSG|0.0
P16234|Q8IUH3_KNVGYAKYA|0.475
P16234|Q8IUH3_GYAKYADRI|0.342
P16234|Q8IUH3_ADRISANDA|0.039
P16234|Q96MC2_KELEYLNNR|0.047
P16234|Q96MC2_LRVPTK___|0.258
P16234|P21728_RHLRSKVTN|0.424
P16234|P21728_ERKMTPKAA|0.311
P16234|P21728_NCQTTTGNG|0.0
P16234|P21728_CQTTTGNGK|0.064
P16234|P21728_PVECSQPES|0.0
P16234|P21728_SQPESSFKM|0.0
P16234|P21728_QPESSFKMS|0.0
P16234|P21728_SFKMSFKRE|0.0
P16234|P21728_LDYDTDVSL|0.054
P16234|P21728_DTDVSLEKI|0.0
P16234|P21728_IQPITQNGQ|0.0
P16234|P14416_IDRYTAVAM|0.11
P16234|P14416_MLYNTRYSS|0.001
P16234|P14416_NTRYSSKRR|0.204
P16234|P14416_TRYSSKRRV|0.032
P16234|P14416_KRVNTKRSS|0.0
P16234|P14416_KTRTSLKTM|0.0
P16234|P14416_LKTMSRRKL|0.012
P16234|P14416-2_IDRYTAVAM|0.0
P16234|P14416-2_KRVNTKRSS|0.0
P16234|P14416-2_NTKRSSRAF|0.0
P16234|P14416-2_TKRSSRAFR|0.0
P16234|P14416-2_KTRTSLKTM|0.0
P16234|P35462_YQHGTGQSS|0.0
P16234|P35462_KRILTRQNS|0.0
P16234|P35462_SQCNSVRPG|0.0
P16234|P35462_RLSTSLKLG|0.0
P16234|P35462-3_REEKTRNSL|0.0
P16234|P35462-3_KTRNSLMPL|0.0
P16234|P21917_LIGATWLLS|0.0
P16234|P21917_TWLLSAAVA|0.0
P16234|P21917_PRRPSGPGP|0.0
P16234|P21917_PGPPSPTPP|0.0
P16234|Q9Y295_EVAAYEFTT|0.158
P16234|Q9Y295_GNRVYIPCI|0.207
P16234|Q9Y295_LDIIYKVPH|0.143
P16234|Q9Y295_VRIYTKPKG|0.062
P16234|Q9Y295_QLPDYTSPV|0.132
P16234|Q9Y295_LPDYTSPVV|0.002
P16234|Q9Y295_PDYTSPVVL|0.0
P16234|Q9Y295_VVLPYSRTT|0.133
P16234|P55039_KLAKYRAQL|0.371
P16234|P55039_GVIEYKGAN|0.414
P16234|P55039_AVARTADVI|0.0
P16234|P55039_KPNIYFKPK|0.345
P16234|P55039_SVVISCGMK|0.009
P16234|P55039_YLALTCIYT|0.0
P16234|P55039_TCIYTKKRG|0.072
P16234|P55039_SQFKYALVW|0.3
P16234|A6NNA5_SFLPTYGCQ|0.0
P16234|A6NNA5_SQEKTSPTK|0.0
P16234|A6NNA5_QEKTSPTKE|0.0
P16234|Q6PGQ1_DIHITARIE|0.0
P16234|O75691_VSHKTENTY|0.0
P16234|O75691_ELNLTEHFG|0.0
P16234|O75691_VKHGSGTKI|0.0
P16234|O75691_HGSGTKIPT|0.0
P16234|O75691_AIEKYPLVF|0.033
P16234|O75691_PLVFSPQMV|0.0
P16234|O75691_IPLVTGFIE|0.0
P16234|O75691_ALFMTVDKG|0.313
P16234|O75691_VDKGSFGKG|0.0
P16234|O75691_SERQSVFAI|0.0
P16234|O75691_TVNDYREKL|0.0
P16234|O75691_SRELSPLFL|0.0
P16234|O75691_FSKFSNPRA|0.0
P16234|O75691_PRALYLESK|0.147
P16234|O75691_TATVSHILD|0.0
P16234|O75691_KVVLSSKSL|0.0
P16234|O75691_HVLQTGQIN|0.0
P16234|O75691_EKEYTCKSL|0.002
P16234|O75691_YTCKSLSDN|0.0
P16234|O75691_CKSLSDNGQ|0.0
P16234|O75691_EIERTIKNI|0.0
P16234|O75691_NIQGTITGD|0.0
P16234|O75691_QGTITGDIL|0.0
P16234|O75691_LQNTTSLKL|0.0
P16234|O75691_LPLLTEKEK|0.0
P16234|O75691_SKIKSSGEC|0.0
P16234|O75691_KIKSSGECV|0.001
P16234|O75691_AEQLTKHLF|0.0
P16234|O75691_SRQATAFGL|0.0
P16234|O75691_MRKVSKLAV|0.0
P16234|O75691_VSAQSEPAR|0.0
P16234|O75691_KKMASMTIK|0.0
P16234|O75691_MASMTIKSL|0.0
P16234|O75691_MTIKSLLGK|0.0
P16234|O75691_IMEETEEKA|0.0
P16234|O75691_AETLSKIWS|0.0
P16234|O75691_KFLASDLDQ|0.0
P16234|O75691_FLDQSLGEQ|0.0
P16234|O75691_GRPATLLWL|0.0
P16234|Q9NRR4_RLKHYDDHR|0.006
P16234|Q9NRR4_SRYRSDYDR|0.301
P16234|Q9NRR4_YRSDYDRGR|0.491
P16234|Q9NRR4_GRTPSRHRS|0.0
P16234|Q9NRR4_RSGRSYGLS|0.37
P16234|Q9NRR4_SDEDSTCSS|0.0
P16234|Q9NRR4_KEVLSMHQI|0.0
P16234|Q9NRR4_QILLYLLRC|0.448
P16234|Q9NRR4_TNPGTKPSS|0.0
P16234|Q9NRR4_LLANSPKVK|0.0
P16234|Q9NRR4_TVGPSHART|0.064
P16234|O00429_DKRKTTGEE|0.001
P16234|O00429_KRKTTGEEN|0.0
P16234|O00429_NKLYTDFDE|0.23
P16234|O00429_NKGVSPEPI|0.0
P16234|O00429_LKIFSPNVV|0.0
P16234|O00429_SNPNSIILA|0.0
P16234|O00429_ALKISREVD|0.0
P16234|O00429_VDDKSATLL|0.0
P16234|O00429_IDILTAIRN|0.0
P16234|O00429_IRNATGPRP|0.0
P16234|O00429_VPEVSFELL|0.0
P16234|O00429_LAPASQEPS|0.0
P16234|O00429_SPAASAEAD|0.0
P16234|O00429_KNVASGGGG|0.0
P16234|O00429_QEPTTGNWR|0.0
P16234|O00429_DDLLTESED|0.0
P16234|O00429_LQGASQIIA|0.0
P16234|O00429-2_LAPASQEPS|0.0
P16234|O00429-2_SQEPSPAAS|0.0
P16234|O00429-2_GKVASGGGG|0.001
P16234|O00429-3_RELPSAVSR|0.0
P16234|O00429-3_PSAVSRDKL|0.0
P16234|O00429-3_ARKLSAREQ|0.0
P16234|O00429-4_DKVASGGGG|0.0
P16234|O00429-4_QEPTTGNWR|0.0
P16234|Q13474_QLQASVSER|0.0
P16234|Q13474_QASVSERLK|0.0
P16234|Q13474_LSFKTGIAC|0.0
P16234|Q13474_LEPQSMVWL|0.0
P16234|Q13474_NKLHYPIME|0.0
P16234|Q13474_IMEYYTPTT|0.313
P16234|Q13474_RSKHYFSKH|0.281
P16234|Q13474_KHYFSKHPQ|0.221
P16234|Q13474_PQRGYLPVQ|0.0
P16234|Q13474_LPVQSVLEA|0.0
P16234|Q13474_AEAPSLADG|0.0
P16234|Q13474_TEAATDHRN|0.0
P16234|Q13474_GSAGSSLAS|0.0
P16234|P54259_QNKDSMSMR|0.0
P16234|P54259_KDSMSMRSG|0.0
P16234|P54259_PGGVSTSSS|0.0
P16234|P54259_GGVSTSSSD|0.0
P16234|P54259_GVSTSSSDG|0.0
P16234|P54259_VSTSSSDGK|0.0
P16234|P54259_STSSSDGKA|0.0
P16234|P54259_EEASTPKVN|0.051
P16234|P54259_NDDGSSDPR|0.0
P16234|P54259_LFPPSPQPP|0.106
P16234|P54259_TLAPSPHSL|0.0
P16234|P54259_AASSSSSSS|0.0
P16234|P54259_ASSSSSSSS|0.0
P16234|P54259_SSSSSSSSS|0.0
P16234|P54259_SPGAYKTAT|0.267
P16234|P54259_TPPGYKPGS|0.158
P16234|P54259_GSPPSFRTG|0.0
P16234|P54259_YRGTSPPAG|0.0
P16234|P54259_FKPGSPTVG|0.0
P16234|P54259_NHPFYVPLG|0.365
P16234|Q08554_LKSASLIRS|0.0
P16234|Q08554_DLILSSERK|0.0
P16234|Q08554_QFALYGYAT|0.377
P16234|Q08554_EAQFSKAAS|0.323
P16234|Q08554_QNLDYNYYS|0.42
P16234|Q08554_DYNYYSVPI|0.463
P16234|Q08554_GLVATHMLT|0.0
P16234|Q08554_HCEDYVCSY|0.431
P16234|Q08554-2_LGEESIRGH|0.0
P16234|Q08554-2_IRGHTLIKN|0.0
P16234|Q02487_DTMHTRLKY|0.0
P16234|Q02487_IDENTGSIK|0.0
P16234|Q02487_ENTGSIKVF|0.0
P16234|Q02487_TVLASDQGG|0.0
P16234|Q02487_DDKVYSANG|0.001
P16234|Q02487_FTTQTVGAS|0.0
P16234|Q02487_TVGASAQGV|0.0
P16234|Q02487_GGQETIEMV|0.0
P16234|Q02487_GHHHTLDSC|0.0
P16234|Q02487_HTLDSCRGG|0.0
P16234|Q02487_RGGHTEVDN|0.007
P16234|Q02487_DNCRYTYSE|0.389
P16234|Q02487_NCRYTYSEW|0.001
P16234|Q02487_RYTYSEWHS|0.0
P16234|Q02487_SEWHSFTQP|0.0
P16234|Q02487_GEKVYLCNQ|0.279
P16234|Q02487_HAQDYVLTY|0.446
P16234|Q02487_YVLTYNYEG|0.0
P16234|Q02487_LTYNYEGRG|0.385
P16234|Q02487-2_LGEESIRGH|0.0
P16234|Q02487-2_IRGHTLIKN|0.0
P16234|Q14574_GSVYTARAV|0.365
P16234|Q14574_KRSFTIWLS|0.0
P16234|Q14574_TIWLSDKRK|0.0
P16234|Q14574_DTMHTRLKY|0.0
P16234|Q14574_TRLKYSILQ|0.0
P16234|Q14574_RLKYSILQQ|0.0
P16234|Q14574_ILQQTPRSP|0.0
P16234|Q14574_AARLSYQKN|0.046
P16234|Q14574_ARLSYQKNA|0.487
P16234|Q14574_GGNQTLESC|0.07
P16234|Q14574_GHHHTLDSC|0.0
P16234|Q14574_HTLDSCRGG|0.0
P16234|Q14574_DNCRYTYSE|0.44
P16234|Q14574_NCRYTYSEW|0.106
P16234|Q14574_CRYTYSEWH|0.542
P16234|Q14574_RYTYSEWHS|0.107
P16234|Q14574_PSQDYVLTY|0.353
P16234|Q14574_VGCCSEKQE|0.0
P16234|Q14574_AEACTKR__|0.015
P16234|Q14574-2_IRGHTG___|0.0
P16234|O60469_GKIRSQDVH|0.0
P16234|O60469_EDQKTMRGN|0.0
P16234|O60469_RFQKTVTGL|0.0
P16234|O60469_QKTVTGLLI|0.0
P16234|O60469_VYRCTANNS|0.408
P16234|O60469_GVVLYQARI|0.178
P16234|O60469_QDGIYGKAV|0.291
P16234|O60469_LCKVSNDVG|0.015
P16234|O60469_SKSMYLTVK|0.072
P16234|O60469_SYPNTTLAT|0.208
P16234|O60469_YPNTTLATQ|0.14
P16234|O60469_EEVISTLQI|0.0
P16234|O60469_VREDSGFFS|0.0
P16234|O60469_DSWDSAQRT|0.008
P16234|O60469_SAQRTKDVS|0.001
P16234|O60469_SSMVSTESA|0.0
P16234|O60469_HLPPYLRMD|0.327
P16234|O60469_QKSRTLKRP|0.0
P16234|O60469_LKRPTVLEP|0.0
P16234|O60469_KMSSSQESL|0.0
P16234|Q8TD84_GKIRSPNIR|0.0
P16234|Q8TD84_SVQEYVSVV|0.342
P16234|Q8TD84_TVILSCALT|0.0
P16234|Q8TD84_RVIGYPYYS|0.374
P16234|Q8TD84_IGYPYYSIK|0.029
P16234|Q8TD84_GYPYYSIKW|0.32
P16234|Q8TD84_PCVVSSGDM|0.0
P16234|Q8TD84_CVVSSGDMP|0.0
P16234|Q8TD84_PIRITWRKD|0.0
P16234|Q8TD84_GTDISKSMF|0.0
P16234|Q8TD84_SNGQYSIVE|0.0
P16234|Q8TD84_KFAQYGVVV|0.05
P16234|Q8TD84_DVFISSSER|0.0
P16234|Q8TD84_IEAKTHGRE|0.0
P16234|Q8TD84_CGNETAQFA|0.0
P16234|Q8TD84_SDWRTVGSQ|0.0
P16234|Q8TD84_PASKSLGLP|0.0
P16234|Q8TD84_PAAASTATL|0.0
P16234|O95456_GRRETPEDR|0.0
P16234|O95456_TSESTGSLP|0.0
P16234|O95456_GSLPSPFLR|0.0
P16234|O95456_KPILSTRSL|0.0
P16234|O95456_SNIYT____|0.0
P16234|O95456-2_SVFGSCPRK|0.0
P16234|O14972_FEAFYNSVK|0.335
P16234|P56555_PRIFTPDSD|0.0
P16234|P56555_SDAASPALH|0.0
P16234|P56555_CNIVSCLSF|0.0
P16234|P56555_CLSFSLPAS|0.0
P16234|P56555_SLPASPTDS|0.0
P16234|P56555_LIWKYQLYL|0.0
P16234|P56555_KYQLYLHGL|0.0
P16234|Q8IZU8_RAIRSAVTV|0.0
P16234|Q8IZU8_TEEMYEYSK|0.47
P16234|Q8IZU8_EMYEYSKVR|0.25
P16234|Q8IZU8_WGVVTYGAG|0.023
P16234|Q8IZU8_GEAVSAYSS|0.173
P16234|Q8IZU8_AVSAYSSAM|0.468
P16234|Q8IZU8_LKSVYRALL|0.008
P16234|Q8IZU8_KKRWTQFVN|0.009
P16234|Q8IZU8_EPTITRIAY|0.002
P16234|Q8IZU8_YSMLYNSKP|0.471
P16234|Q8IZU8_MLYNSKPSL|0.007
P16234|Q8IZU8_ELSKSKSNA|0.0
P16234|Q8IZU8_VSLLSHLWL|0.013
P16234|Q8IZU8_WLANTAAAL|0.0
P16234|Q02413_VEVNSEFRI|0.006
P16234|Q02413_QVRDYNTKN|0.434
P16234|Q02413_TKNGTIKWH|0.0
P16234|Q02413_IKWHSIRRQ|0.0
P16234|Q02413_GEDNSKRNP|0.032
P16234|Q02413_EPSDSPMFI|0.0
P16234|Q02413_INRNTGEIR|0.0
P16234|Q02413_SSTNYDTST|0.322
P16234|Q02413_YDTSTTSTD|0.066
P16234|Q02413_DTSTTSTDS|0.0
P16234|Q02413_CIDNSGVYT|0.0
P16234|Q02413_NSGVYTNEY|0.166
P16234|Q02413_SGVYTNEYG|0.373
P16234|Q02413_YTNEYGGRE|0.262
P16234|Q02413_GERMTGFEL|0.376
P16234|Q02413_ICQEYSGTL|0.336
P16234|Q02413_RITKYSTVQ|0.352
P16234|Q02413_ITKYSTVQY|0.144
P16234|Q02413_TKYSTVQYS|0.432
P16234|Q14126__MARSPGRA|0.0
P16234|Q14126_AKIHSDLAE|0.0
P16234|Q14126_LEPAYPPVF|0.001
P16234|Q14126_PPVFYLNKD|0.423
P16234|Q14126_TGEIYTTSV|0.0
P16234|Q14126_EHSSYTLTV|0.414
P16234|Q14126_NVEVTRIKV|0.0
P16234|Q14126_AFHKSIRSK|0.0
P16234|Q14126_TITGTVLIN|0.0
P16234|Q14126_ARQESTSVL|0.0
P16234|Q14126_PIPGTIEML|0.0
P16234|Q14126_AKEATMKGS|0.0
P16234|Q14126_TMKGSSSAS|0.0
P16234|Q14126_KGSSSASIV|0.0
P16234|Q14126_QHEMSEMDG|0.0
P16234|Q14126_MTTETTKTA|0.0
P16234|Q14126_TTETTKTAR|0.0
P16234|Q14126_FLRNYFTDK|0.093
P16234|Q14126_KAASYTEED|0.105
P16234|Q14126_DENHTAKDC|0.006
P16234|Q14126_LKFKTLAEV|0.0
P16234|Q14126_LCEQTMVNS|0.0
P16234|Q14126_NSENTYSSG|0.0
P16234|Q14126_SENTYSSGS|0.383
P16234|Q14126_NTYSSGSSF|0.315
P16234|Q14126_PVPKSLQEA|0.0
P16234|Q14126_VTERSVSSR|0.0
P16234|Q14126_ATETSYVTG|0.0
P16234|Q14126_TSYVTGSTM|0.012
P16234|Q14126_APASTLVDQ|0.0
P16234|Q14126_VDQPYANEG|0.464
P16234|Q14126_ANEGTVVVT|0.0
P16234|Q14126_HGGGSNPLE|0.0
P16234|Q14126_LAPASTLQS|0.0
P16234|Q14126_APASTLQSS|0.0
P16234|Q14126_STLQSSYQI|0.0
P16234|Q14126_TLQSSYQIP|0.0
P16234|Q14126_LQSSYQIPT|0.0
P16234|Q14126_GLEESGHSN|0.0
P16234|Q14126_GHSNSTITT|0.0
P16234|Q14126_HSNSTITTS|0.0
P16234|Q14126_VTKHSTVQH|0.0
P16234|Q14126_VQHSYS___|0.176
P16234|P32926_TKGQYDEEE|0.418
P16234|P32926_PASKTFTVQ|0.0
P16234|P32926_SKTFTVQKG|0.0
P16234|P32926_PGTRYGRPH|0.0
P16234|P32926_MEMTTKLGA|0.0
P16234|P32926_GTMRTRHST|0.0
P16234|P32926_RTRHSTGGT|0.0
P16234|P32926_TRHSTGGTN|0.0
P16234|P32926_STGGTNKDY|0.04
P16234|P32926_TNKDYADGA|0.191
P16234|P32926_DGAISMNFL|0.0
P16234|P32926_CPISSVPGN|0.0
P16234|P32926_QLRGSHTML|0.0
P16234|P32926_TMLCTEDPC|0.0
P16234|Q86SJ6_GEDNSKRNP|0.0
P16234|Q86SJ6_DREITPLFL|0.0
P16234|Q86SJ6_ILNRYTGEV|0.0
P16234|Q86SJ6_LNRYTGEVC|0.0
P16234|Q86SJ6_VCTMSSFLD|0.0
P16234|Q86SJ6_DVRSTNATS|0.0
P16234|Q9H410_ERLQSKSLH|0.0
P16234|Q9H410_DRRQSWRRA|0.0
P16234|Q9H410_HQGITELSR|0.0
P16234|Q9H410_FSLESFRAK|0.0
P16234|Q9H410_AKASSLSEE|0.0
P16234|Q9H410_ITKFSLERQ|0.138
P16234|Q9H410_SRGSTEAKI|0.0
P16234|Q9NZW4_RQENTQDGH|0.0
P16234|Q9NZW4_EGNGSKWAE|0.146
P16234|Q9NZW4_SDNNSSSRG|0.0
P16234|Q9NZW4_DNNSSSRGD|0.0
P16234|Q9NZW4_GDASYNSDE|0.295
P16234|Q9NZW4_ASYNSDESK|0.314
P16234|Q9NZW4_NSDESKDNG|0.0
P16234|Q9NZW4_GKSDSSDSD|0.0
P16234|Q9NZW4_KSDSSDSDS|0.0
P16234|Q9NZW4_DSSDSSNSS|0.0
P16234|Q9NZW4_NSSDSSDSS|0.0
P16234|Q9NZW4_SDSNSSSDS|0.0
P16234|Q9NZW4_DSNSSSDSD|0.0
P16234|Q9NZW4_SNSSSDSDS|0.0
P16234|Q9NZW4_SSSDSDSSD|0.0
P16234|Q9NZW4_DSSDSDSSD|0.0
P16234|Q9NZW4_SKSDSSKSE|0.0
P16234|Q9NZW4_KSDSSKSES|0.0
P16234|Q9NZW4_KSDSSDSNS|0.0
P16234|Q9NZW4_DSSDSNSSD|0.0
P16234|Q9NZW4_DSSNSSNSS|0.0
P16234|Q9NZW4_SSSDSSNSS|0.0
P16234|Q9NZW4_DSSNSSESS|0.0
P16234|Q9NZW4_DSSNSNSSD|0.0
P16234|Q9NZW4_SSNSSDSSD|0.0
P16234|Q9NZW4_SSDSSNSSD|0.0
P16234|Q9NZW4_NSSDSSNSS|0.0
P16234|Q9NZW4_SSNRSDSSN|0.0
P16234|Q9NZW4_NRSDSSNSS|0.204
P16234|Q9NZW4_DSSDSSDSS|0.0
P16234|Q9NZW4_SSDSSDSSN|0.0
P16234|Q9NZW4_DSSESSNSS|0.0
P16234|Q9NZW4_SSDNSNSSD|0.0
P16234|Q6XUX3_PKLGSEIID|0.0
P16234|Q6XUX3_QVLQTRLVD|0.0
P16234|Q6XUX3_EAIESLSAS|0.0
P16234|Q6XUX3_IESLSASKL|0.0
P16234|Q6XUX3_SLSASKLAK|0.0
P16234|Q6XUX3_LDDST____|0.0
P16234|Q96FN9_IPQATLGGR|0.0
P16234|Q6ZMT9_HDECTPQQT|0.0
P16234|Q6ZMT9_IEHMTVENI|0.0
P16234|Q6ZMT9_LNPNSLEGM|0.0
P16234|Q6ZMT9_GYKGTCASV|0.095
P16234|Q6ZMT9_LALKSSMDS|0.0
P16234|Q6ZMT9_ALKSSMDSR|0.0
P16234|Q6ZMT9_SSMDSRISL|0.0
P16234|Q6ZMT9_TIVVYKVPK|0.42
P16234|Q9Y4J8_TSWKSPAKK|0.0
P16234|Q9Y4J8_TNALSKSLS|0.0
P16234|Q9Y4J8_SKSLSCASS|0.0
P16234|Q9Y4J8_SPFITRSSP|0.0
P16234|Q9Y4J8_AESSSSQPP|0.0
P16234|Q9Y4J8_ESSSSQPPQ|0.0
P16234|Q9Y4J8_PQQRSAPDI|0.0
P16234|Q9Y4J8_ASQPTPEKA|0.0
P16234|Q9Y4J8_QGAGSPRSS|0.0
P16234|Q9Y4J8_SPRSSPSHT|0.0
P16234|Q9Y4J8_IRSASACST|0.0
P16234|Q9Y4J8_SACSTPTHT|0.0
P16234|Q9Y4J8_TPQDSLTGV|0.0
P16234|Q9Y4J8_VAADSITNT|0.0
P16234|Q9Y4J8_SEVGSETES|0.0
P16234|Q9Y4J8_VPSPTSEKA|0.0
P16234|Q9Y4J8_PSPTSEKAF|0.0
P16234|Q9Y4J8_AYQVSLQG_|0.0
P16234|Q9Y4J8-14_QGAGSPRSS|0.0
P16234|O60941_RGKLTVFSV|0.0
P16234|O60941_SSWKSPAKK|0.0
P16234|O60941_RLQYSQDIP|0.0
P16234|O60941_LDSPSRLDE|0.0
P16234|O60941_AGNVTRPPT|0.0
P16234|O60941_PTDLSFNFD|0.0
P16234|O60941_ASQPTPEKA|0.0
P16234|O60941_AAQATGSPH|0.0
P16234|O60941_QATGSPHTS|0.0
P16234|O60941_GSPHTSPTH|0.0
P16234|O60941_SPHTSPTHG|0.0
P16234|O60941_HTSPTHGGG|0.0
P16234|O60941_TSAGSTPTH|0.0
P16234|O60941_VAADSITNT|0.0
P16234|O60941_KELHSAEEG|0.0
P16234|O60941-2_VPTPTKSVL|0.0
P16234|O60941-2_SVLDSPSRL|0.0
P16234|O60941-2_LDSPSRLDE|0.0
P16234|O60941-3_HINVSPLLP|0.0
P16234|Q96EV8_ADLESMTAN|0.009
P16234|Q96EV8_LESMTANLT|0.0
P16234|Q96EV8_TANLTHLEA|0.0
P16234|Q96EV8_HLEASFEEV|0.0
P16234|Q96EV8_PSSSSTCTD|0.0
P16234|Q96EV8_SSTCTDSAT|0.008
P16234|Q8N5C7_KRKRTEEQE|0.0
P16234|Q8N5C7_DLNDSKCKG|0.0
P16234|Q8N5C7_LKEKYRGQY|0.016
P16234|Q8NBA8_VARPSGASS|0.0
P16234|Q8NBA8_PSGASSSQT|0.0
P16234|Q8NBA8_SGASSSQTP|0.0
P16234|Q8NBA8_GASSSQTPN|0.0
P16234|Q8NBA8_SSSQTPNDK|0.0
P16234|Q8NBA8_ADDDSADGL|0.0
P16234|Q8NBA8_LLMNSVKI_|0.0
P16234|Q86Y01_TRAASNAIL|0.0
P16234|Q86Y01_AILASQRRK|0.0
P16234|Q86Y01_APPRSPGAP|0.0
P16234|Q86Y01_GGARTPGQN|0.001
P16234|Q86Y01_SARASIPPG|0.0
P16234|Q86Y01_TASGYEGVL|0.0
P16234|Q86UW9_SLAPYIIDL|0.0
P16234|Q86UW9_GYNYTVNYT|0.489
P16234|Q86UW9_YTVNYTTHT|0.408
P16234|Q86UW9_RYRHSMTNL|0.001
P16234|Q86UW9_HRTASVFGT|0.0
P16234|Q86UW9_AFAPYNKPS|0.445
P16234|Q86UW9_YNKPSLSGA|0.0
P16234|Q86UW9_KPSLSGARS|0.0
P16234|Q86UW9_SGARSAPRL|0.0
P16234|Q86UW9_SQPLYRSSL|0.394
P16234|Q86UW9_SPPASRLAS|0.0
P16234|Q86UW9_SRLASKSHG|0.0
P16234|Q86UW9_KSHGSVKRL|0.0
P16234|Q86UW9_VKGATPKPE|0.0
P16234|Q8N9I9_KCRHSFCEG|0.0
P16234|Q8TDB6_LVRVYKSGP|0.492
P16234|Q8TDB6_RVYKSGPRV|0.391
P16234|Q8TDB6_RKLESYFQS|0.071
P16234|Q8TDB6_QSSKSSGGG|0.0
P16234|Q8TDB6_QFSPSMTER|0.0
P16234|Q8TDB6_SPSMTERKP|0.113
P16234|Q8TDB6_RKPLSQQER|0.001
P16234|Q8TDB6_AEQKSNYFE|0.144
P16234|Q8TDB6_QKSNYFEVP|0.344
P16234|Q8TDB6_EYFKYICPD|0.426
P16234|Q8TDB6_DKINSIEKR|0.247
P16234|Q8TDB6_QECVSLADS|0.0
P16234|Q8TDB6_SLADSKQAN|0.0
P16234|Q8TDB6_GGGMSSLAG|0.0
P16234|Q8TDB6_GGMSSLAGK|0.0
P16234|Q8TDB6_EGHETPMDI|0.0
P16234|Q8TDB6_PLKGSVSSE|0.0
P16234|Q8TDB6_KGSVSSEAS|0.0
P16234|Q8TDB6_SSEASELDK|0.0
P16234|Q8TDB6_ICMDTISNK|0.0
P16234|Q8TDB6_NKAMSYKPI|0.272
P16234|Q8TDB6_KAMSYKPIC|0.302
P16234|Q8TDB6_CQTSYGIQK|0.146
P16234|Q8TDB6_QPEGSMVFT|0.0
P16234|Q8TDB6_VSRDSLPGY|0.055
P16234|Q8TDB6_VLGVSDVIT|0.0
P16234|Q8TDB6_GPEMYGYPD|0.428
P16234|Q8TDB6_EMYGYPDPS|0.426
P16234|Q9Y2E6_PLDSTGTIR|0.0
P16234|Q9Y2E6_DSTGTIRGP|0.0
P16234|Q9Y2E6_PTGTTMGSP|0.0
P16234|Q9Y2E6_VLIASGVPT|0.0
P16234|Q9Y2E6_SGVPTVPVK|0.0
P16234|Q9Y2E6_VSNTSRKTT|0.0
P16234|Q9Y2E6_VYHIYCLVA|0.236
P16234|Q9Y2E6_LVAMYNNGN|0.141
P16234|Q9Y2E6_IRIIYSIPP|0.003
P16234|Q9Y2E6_RIIYSIPPG|0.0
P16234|P23919_SQGVTLVVD|0.0
P16234|P23919_DASKSIEAV|0.008
P16234|P23919_IRVLSEDAI|0.001
P16234|P23919_DAIRTATEK|0.0
P16234|Q6R6M4_TLHTSAKVL|0.0
P16234|Q6R6M4_LKRFSDVTG|0.052
P16234|Q6R6M4_FSDVTGNKL|0.0
P16234|Q6R6M4_VTACSITSV|0.0
P16234|Q6R6M4_ACSITSVLS|0.0
P16234|Q6R6M4_CSITSVLSQ|0.0
P16234|Q6R6M4_SQQAYVLFY|0.432
P16234|Q6R6M4_GAEDTDRRA|0.0
P16234|O95476_QTVRYDILP|0.469
P16234|O95476_LSPVSRNRL|0.0
P16234|Q9NRD9_PRDLSNTIS|0.0
P16234|Q9NRD9_SNTISRGPA|0.0
P16234|Q9NRD9_AGLASLRNR|0.0
P16234|Q9NRD9_INRNSSVSR|0.0
P16234|Q9NRD9_NRNSSVSRA|0.0
P16234|Q9NRD9_QDRQSIVSE|0.0
P16234|Q9NRD9_QSIVSEKLV|0.0
P16234|Q9NRD9_NFVLSSNRG|0.0
P16234|Q9NRD9_RRASYISQD|0.244
P16234|Q9NRD9_ASYISQDMI|0.001
P16234|Q9NRD9_MICPSPRVS|0.495
P16234|Q9NRD9_LERAYYYAF|0.489
P16234|Q9NRD9_GIILSRGTA|0.0
P16234|Q9NRD9_TPFASILKD|0.0
P16234|Q9NRD8_VPANYADGV|0.368
P16234|Q9NRD8_ADGVYQALE|0.505
P16234|Q9NRD8_PRRLSNAAT|0.0
P16234|Q9NRD8_VAEMSEKEL|0.0
P16234|Q9NRD8_PGERSHPQG|0.0
P16234|Q9NRD8_AAVPTPRLY|0.411
P16234|Q9NRD8_TPRLYTEAL|0.003
P16234|Q9NRD8_PRLYTEALQ|0.211
P16234|Q9NRD8_LREIYSSPK|0.0
P16234|Q9NRD8_REIYSSPKG|0.076
P16234|Q9NRD8_EIYSSPKGN|0.003
P16234|Q9NRD8_GCAGYPKLY|0.42
P16234|Q9NRD8_TPFASILKD|0.0
P16234|Q1HG43_PRYRSMADS|0.165
P16234|Q1HG44_ERGGSPLIL|0.0
P16234|Q6P1R4_AQLCYTPML|0.0
P16234|Q6P1R4_QEEISRQEG|0.0
P16234|Q9NX74_PKQYSTKGG|0.0
P16234|Q9NX74_FRQATAASS|0.0
P16234|Q9NX74_YAVQYDNHY|0.434
P16234|Q9NX74_TNTKYCLCQ|0.402
P16234|Q96G46_SPVRTCGPL|0.0
P16234|Q96G46_RGKLYLAPL|0.0
P16234|Q96G46_HWDISSSER|0.0
P16234|Q96G46_WDISSSERL|0.0
P16234|Q96G46_DISSSERLD|0.0
P16234|Q96G46_LGRDYLETL|0.0
P16234|O95620_LAFRTLVRK|0.0
P16234|O95620_LVRKYSCDL|0.001
P16234|O95620_VRKYSCDLC|0.167
P16234|O95620_EKITSRQEK|0.0
P16234|P28562_CSKQSTPMG|0.0
P16234|P28562_SKQSTPMGL|0.0
P16234|P28562_PMGLSLPLS|0.0
P16234|Q9Y6W6_EIIVYDENT|0.506
P16234|Q9Y6W6_YDENTNEPS|0.146
P16234|O75319_NPHVYQRHH|0.476
P16234|O75319_PGEDYSHRR|0.342
P16234|O75319_GEDYSHRRY|0.371
P16234|O75319_SHRRYSWNV|0.45
P16234|O75319_HRRYSWNVK|0.357
P16234|O75319_RRRWYPYNY|0.437
P16234|Q9UNI6_HREGSGPIA|0.0
P16234|Q9UNI6_HKRMTPSSM|0.0
P16234|Q9UNI6_SSMLTTGRQ|0.0
P16234|Q9UNI6_GRWITPAFQ|0.0
P16234|Q9UII6_PVARYIRAA|0.446
P16234|O95147_SRGHSTLPR|0.0
P16234|O95147_RGHSTLPRT|0.0
P16234|O95147_DKIHSVSRK|0.0
P16234|O95147_IHSVSRKHG|0.0
P16234|O95147_QLIDYERQL|0.0
P16234|Q9H1R2_VREATGRTA|0.0
P16234|Q9H1R2_RPGSSSCTL|0.0
P16234|Q9H1R2_PGSSSCTLS|0.0
P16234|Q9H1R2-2_AGPHSAASE|0.0
P16234|Q9H1R2-2_HSAASEGTV|0.0
P16234|Q9H1R2-2_ASEGTVQRL|0.0
P16234|Q9BY84_DIDCSQKVV|0.001
P16234|Q9BY84_PTCISQPCL|0.0
P16234|Q9BY84_LDEAYRFVK|0.0
P16234|Q9BY84_KRSFSLDIK|0.023
P16234|Q9BY84_RQKPSDRAD|0.0
P16234|Q9BY84_DRADSRRSW|0.0
P16234|Q9BY84_DSRRSWHEE|0.0
P16234|Q9BY84_FKRRSCQME|0.0
P16234|Q9BY84_SFSGSMEII|0.0
P16234|Q8WTR2____MYSLNQ|0.414
P16234|Q8WTR2_CTRVTTLTG|0.0
P16234|Q8WTR2_VTTLTGKKI|0.17
P16234|Q9H596_GVSRSASLC|0.362
P16234|Q9H596_SRSASLCLA|0.0
P16234|Q9H596_LCLAYLMKY|0.143
P16234|Q9H596_RMINSPVGN|0.26
P16234|Q9H596_IPDIYEKDL|0.081
P16234|Q9NRW4_THILSVHDS|0.0
P16234|Q9NRW4_ADSPSQNLT|0.0
P16234|Q9NRW4-2_EQGRTEPQP|0.0
P16234|Q9NRW4-2_RRWSSFPAL|0.0
P16234|Q9BVJ7_PHSDSCPGL|0.0
P16234|Q9BV47_MARFSRSSS|0.0
P16234|Q9BV47_RFSRSSSRS|0.0
P16234|Q9BV47_SRSSSRSPV|0.0
P16234|Q5VZP5___MATRKDT|0.199
P16234|Q5VZP5_TRKDTEEEQ|0.019
P16234|Q5VZP5_FRKASEFLD|0.0
P16234|Q5VZP5_KEEESDAGS|0.0
P16234|Q5VZP5_SDAGSSVGR|0.151
P16234|Q5VZP5_DAGSSVGRR|0.0
P16234|Q5VZP5_SEAGSRVRE|0.0
P16234|Q5VZP5_EDTDSAIGS|0.014
P16234|Q5VZP5_SAIGSFRYS|0.215
P16234|Q5VZP5_DHYASGSRV|0.316
P16234|Q5VZP5_QDTSSYHEA|0.0
P16234|Q5VZP5_DTSSYHEAN|0.205
P16234|Q5VZP5_MHKFSRSTY|0.092
P16234|Q5VZP5_NWARSRDWE|0.0
P16234|Q4G0W2_RGAASPVPP|0.0
P16234|Q68J44_GSPQYTHVN|0.424
P16234|P51452_AEGRSFMHV|0.0
P16234|P51452_FYKDSGITY|0.263
P16234|P51452_KANDTQEFN|0.188
P16234|P51452_NLSAYFERA|0.185
P16234|P51452_MDVKSALSI|0.0
P16234|Q13115_HSAGYILGS|0.0
P16234|Q13115_YILGSVNVR|0.419
P16234|Q13115_VRCNTIVRR|0.41
P16234|Q13115_RSGLYSAVI|0.0
P16234|Q13115_AVIVYDERS|0.286
P16234|Q13115_YDERSPRAE|0.007
P16234|Q13115_FSSEYPEFC|0.376
P16234|Q13115_PEFCSKTKA|0.0
P16234|Q13115_AEAASPSGP|0.0
P16234|Q13115_ERGKTPATP|0.0
P16234|Q13115_KTPATPTSQ|0.0
P16234|Q13115-2_VRAPSMALG|0.0
P16234|Q13115-2_ALGVSQLAG|0.0
P16234|Q13115-2_RCLCSESQG|0.0
P16234|Q13115-2_LCSESQGGY|0.0
P16234|Q13115-2_SQGGYERFS|0.0
P16234|Q16690_VNLNSVVLR|0.0
P16234|Q16690_RVVLTSLLA|0.0
P16234|Q16690_ICMAYLMKT|0.0
P16234|Q16828_SDSSSDIES|0.0
P16234|Q16828_SDIESDLDR|0.0
P16234|Q16828_GEFKYKQIP|0.311
P16234|Q16829_CKAATVLLY|0.475
P16234|Q16829_TVLLYDEAT|0.441
P16234|Q16829_YDEATAEWQ|0.526
P16234|Q16829_GAPASVLGL|0.0
P16234|Q16829_GCQAYYLQG|0.411
P16234|Q16829_CQAYYLQGG|0.442
P16234|Q16829_KSNISPNFN|0.0
P16234|Q13202_EPPPSPAAG|0.002
P16234|Q13202_KRSFSLDIK|0.205
P16234|Q99956_SEGATPPPV|0.0
P16234|Q99956_SARDSANLE|0.0
P16234|Q99956_LGIRYILNV|0.0
P16234|Q99956_ILNVTPNLP|0.0
P16234|P33316_SLLRSAMQN|0.0
P16234|P33316_PRPLSSAGR|0.0
P16234|P33316_RPLSSAGRL|0.0
P16234|P33316_AGRLSQGCR|0.0
P16234|P33316_PGPETPAIS|0.0
P16234|P33316_IALPSGCYG|0.0
P16234|P33316_PSGCYGRVA|0.108
P16234|P33316_IDEDYRGNV|0.16
P16234|P33316-2__MPCSEETP|0.0
P16234|Q9UBX2_RRKRTAVTG|0.232
P16234|Q9UBX2_RTAVTGSQT|0.0
P16234|Q9UBX2_AVTGSQTAL|0.162
P16234|Q9UBX2_TGSQTALLL|0.0
P16234|P0CJ85_RRKRTAVTG|0.0
P16234|P0CJ85_RTAVTGSQT|0.0
P16234|P0CJ85_AVTGSQTAL|0.0
P16234|P0CJ85_TGSQTALLL|0.0
P16234|P0CJ86_RRKRTAVTG|0.057
P16234|P0CJ86_RTAVTGSQT|0.0
P16234|P0CJ86_AVTGSQTAL|0.02
P16234|P0CJ86_TGSQTALLL|0.0
P16234|P0CJ87_RRKRTAVTG|0.0
P16234|P0CJ87_RTAVTGSQT|0.0
P16234|P0CJ87_AVTGSQTAL|0.0
P16234|P0CJ87_TGSQTALLL|0.0
P16234|P0CJ88_RRKRTAVTG|0.0
P16234|P0CJ88_RTAVTGSQT|0.0
P16234|P0CJ88_AVTGSQTAL|0.0
P16234|P0CJ88_TGSQTALLL|0.0
P16234|P0CJ89_RRKRTAVTG|0.0
P16234|P0CJ89_RTAVTGSQT|0.0
P16234|P0CJ89_AVTGSQTAL|0.0
P16234|P0CJ89_TGSQTALLL|0.0
P16234|P0CJ90_RRKRTAVTG|0.0
P16234|P0CJ90_RTAVTGSQT|0.0
P16234|P0CJ90_AVTGSQTAL|0.0
P16234|P0CJ90_TGSQTALLL|0.0
P16234|Q6RFH8_RRKRTAVTG|0.002
P16234|Q6RFH8_RTAVTGSQT|0.0
P16234|Q6RFH8_AVTGSQTAL|0.0
P16234|Q6RFH8_TGSQTALLL|0.0
P16234|A6NLW8_RTKFTEEQL|0.0
P16234|O14640_TKIIYHMDE|0.319
P16234|O14640_EETPYLVKL|0.141
P16234|O14640_FFFKSMDQD|0.069
P16234|O14640_GRVVSWLVL|0.0
P16234|O14640_EGAHSDAGS|0.0
P16234|O14640_SDAGSQGTD|0.0
P16234|O14640_GSQGTDSHT|0.001
P16234|O14640_QGTDSHTDL|0.0
P16234|O14640_TDSHTDLPP|0.0
P16234|O14640_PLERTGGIG|0.0
P16234|O14640_SRPPSFHPN|0.0
P16234|O14640_SELESSSFV|0.0
P16234|O14640_ELESSSFVD|0.0
P16234|O14640_LESSSFVDS|0.0
P16234|O14640_SRLSSSTEQ|0.0
P16234|O14640_RSYFTVPRA|0.247
P16234|O14640_VTRTSSSSL|0.0
P16234|O14640_KSDMSAVVR|0.0
P16234|O14640_GAGGSGSES|0.0
P16234|O14640_GGSGSESDH|0.0
P16234|O14640_SGSESDHTA|0.0
P16234|O14640_AGQLSRGSS|0.0
P16234|O14640_TTKAYTVVG|0.406
P16234|O14640_PPELTGSRQ|0.384
P16234|O14640_ELTGSRQSF|0.0
P16234|O14640_GSRQSFQKA|0.02
P16234|P54792_TKIIYHMDE|0.37
P16234|P54792_EETPYLVKL|0.281
P16234|P54792_FFFKSMDQD|0.168
P16234|P54792_SRLSSSTEQ|0.0
P16234|P54792_RSYFTVPRP|0.376
P16234|P54792_TTKAYTVVG|0.43
P16234|P54792_PPELTGSRQ|0.418
P16234|P54792_ELTGSRQSF|0.0
P16234|P54792_GSRQSFQKA|0.128
P16234|O14641_GVGETKVIY|0.006
P16234|O14641_AERITLGDF|0.0
P16234|O14641_YFFKSMDQD|0.011
P16234|O14641_SRPPSFHPN|0.0
P16234|O14641_PNVSSSHEN|0.0
P16234|O14641_LEPETETES|0.0
P16234|O14641_PETETESVV|0.0
P16234|O14641_TETESVVSL|0.0
P16234|O14641_ESVVSLRRE|0.0
P16234|O14641_RRRDSSEHG|0.0
P16234|O14641_RRDSSEHGA|0.0
P16234|O14641_GYESSSTLM|0.418
P16234|O14641_YESSSTLMT|0.0
P16234|O14641_MSRFSSSTE|0.0
P16234|O14641_RLERTSSFS|0.0
P16234|O14641_ERTSSFSSV|0.0
P16234|O14641_TSSFSSVTD|0.0
P16234|O14641_SSFSSVTDS|0.0
P16234|O14641_FSSVTDSTM|0.0
P16234|O14641_IVGQSNERG|0.0
P16234|O14641_CWDPSPQAY|0.237
P16234|O14641_SPQAYFTLP|0.061
P16234|O14641_QAYFTLPRN|0.174
P16234|O14641_GRGLSVHTD|0.0
P16234|O14641_AAPESGLEV|0.0
P16234|O14641_EARKYASGL|0.081
P16234|O14641_EGSRSSGST|0.0
P16234|O14641_GSRSSGSTR|0.0
P16234|O14641_RSSGSTRSD|0.0
P16234|O14641_SSGSTRSDG|0.0
P16234|O14641_GSTRSDGGA|0.0
P16234|O14641_RAPESKSGS|0.0
P16234|O14641_SEPSSRGGS|0.0
P16234|O14641_SRGGSLRRG|0.0
P16234|O14641_PSRGSTGGA|0.0
P16234|O14641_PPELTASRQ|0.0
P16234|O14641_ASRQSFHMA|0.0
P16234|O14641_MGNPSEFFV|0.0
P16234|Q92997_LQRPSYKFF|0.221
P16234|Q92997_KEEISDDNA|0.0
P16234|Q92997_SRPPSFHPH|0.0
P16234|Q92997_LDNDTETDS|0.0
P16234|Q92997_NDTETDSLV|0.0
P16234|Q92997_TETDSLVSA|0.0
P16234|Q92997_DSLVSAQRE|0.0
P16234|Q92997_GGYDSSSTL|0.0
P16234|Q92997_DEDDSTSRF|0.0
P16234|Q92997_TSRFSSSTE|0.0
P16234|Q92997_SRFSSSTEQ|0.0
P16234|Q92997_RFSSSTEQS|0.0
P16234|Q92997_FSSSTEQSS|0.0
P16234|Q92997_STEQSSASR|0.0
P16234|Q92997_TEQSSASRL|0.0
P16234|Q92997_QSSASRLMR|0.0
P16234|Q92997_RIERSSSFS|0.0
P16234|Q92997_ERSSSFSSI|0.0
P16234|Q92997_SSFSSITDS|0.0
P16234|Q92997_DSTMSLNII|0.0
P16234|Q92997_NMEKYNFLG|0.206
P16234|Q92997_CWDPSPRGC|0.0
P16234|Q92997_TLPRSEPIR|0.0
P16234|Q92997_KAMASPESG|0.0
P16234|Q92997_DHDGSSGAS|0.0
P16234|Q92997_SSGASDQDT|0.0
P16234|Q92997_YGGGSASSQ|0.0
P16234|Q92997_GGSASSQHS|0.0
P16234|Q92997_GSASSQHSE|0.0
P16234|Q92997_SSQHSEGSR|0.0
P16234|Q92997_HSEGSRSSG|0.0
P16234|Q92997_EGSRSSGSN|0.0
P16234|Q92997_GSRSSGSNR|0.0
P16234|Q92997_KAGDSKSGG|0.0
P16234|Q92997_GDSKSGGSG|0.0
P16234|Q92997_KSGGSGSES|0.0
P16234|Q92997_GGSGSESDH|0.0
P16234|Q92997_SGSESDHTT|0.0
P16234|Q92997_ESDHTTRSS|0.0
P16234|Q92997_SDHTTRSSL|0.0
P16234|Q92997_ERAPSERSG|0.0
P16234|Q92997_PSERSGPAA|0.0
P16234|Q92997_RDLASVPPE|0.0
P16234|Q96IM9_EMEMTEMLK|0.0
P16234|Q7RTS9_VVIRTIQYN|0.471
P16234|Q7RTS9_RTIQYNMTR|0.455
P16234|Q7RTS9_QYNMTRTRD|0.36
P16234|Q7RTS9_TRDKYLHTN|0.245
P16234|Q7RTS9_ISLFSLLSK|0.0
P16234|Q05193_AGKSSVLEN|0.261
P16234|Q05193_LPRGSGIVT|0.0
P16234|Q05193_NKGISPVPI|0.0
P16234|Q05193_MDEGTDARD|0.015
P16234|Q05193_KFFLSHPSY|0.012
P16234|Q05193_LSHPSYRHL|0.278
P16234|Q05193_NKLQSQLLS|0.003
P16234|Q05193_SQLLSIEKE|0.0
P16234|Q05193_RIEGSGDQI|0.0
P16234|Q05193_QIDTYELSG|0.058
P16234|Q05193_DMVISELIS|0.0
P16234|Q05193_SELISTVRQ|0.0
P16234|Q05193_ELISTVRQC|0.0
P16234|Q05193_VRQCTKKLQ|0.0
P16234|Q05193_KKKTSGNQD|0.0
P16234|Q05193_NLVDSYMAI|0.0
P16234|Q05193_LVDSYMAIV|0.397
P16234|Q05193_MLRMYHALK|0.28
P16234|Q05193_RPGASPDPF|0.0
P16234|Q05193_SGQASPSRP|0.0
P16234|P50570_AGKSSVLEN|0.323
P16234|P50570_LPRGSGIVT|0.0
P16234|P50570_NKGISPVPI|0.005
P16234|P50570_NLRVYSPHV|0.266
P16234|P50570_LRVYSPHVL|0.252
P16234|P50570_MDEGTDARD|0.124
P16234|P50570_LRRGYIGVV|0.344
P16234|P50570_HLQKTLNQQ|0.005
P16234|P50570_NQQLTNHIR|0.007
P16234|P50570_HIRESLPAL|0.0
P16234|P50570_RIEGSGDQV|0.0
P16234|P50570_DQVDTLELS|0.0
P16234|P50570_TLELSGGAR|0.0
P16234|P50570_HGVRTGLFT|0.0
P16234|P50570_TGLFTPDLA|0.243
P16234|P50570_LREETERIV|0.0
P16234|P50570_IVTTYIRER|0.402
P16234|P50570_RGWLTINNI|0.0
P16234|P50570_ENTFSMDPQ|0.005
P16234|P50570_LVDSYVAII|0.366
P16234|P50570_MLRMYHALK|0.337
P16234|Q9UQ16_AGKSSVLEN|0.302
P16234|Q9UQ16_LPRGSGIVT|0.0
P16234|Q9UQ16_LQLVTSKAE|0.0
P16234|Q9UQ16_NLRVYSPHV|0.229
P16234|Q9UQ16_LRVYSPHVL|0.22
P16234|Q9UQ16_QGLRTIGVI|0.0
P16234|Q9UQ16_MDEGTDARD|0.051
P16234|Q9UQ16_VVNRSQKDI|0.0
P16234|Q9UQ16_DRMGTPHLQ|0.0
P16234|Q9UQ16_NQQLTNHIR|0.001
P16234|Q9UQ16_RIEGSGDQV|0.0
P16234|Q9UQ16_KEKKYMLPL|0.147
P16234|Q9UQ16_RAGVYPDKS|0.393
P16234|Q9UQ16_HSRRSPPPS|0.0
P16234|Q9UQ16_SPPPSPTTQ|0.0
P16234|Q9UQ16_PPSPTTQRR|0.0
P16234|Q9UQ16_RPTLSAPLA|0.0
P16234|Q9UQ16_ARPTSGRGP|0.0
P16234|Q9UQ16_PAIPSPGPH|0.0
P16234|Q9UQ16_PGPHSGAPP|0.0
P16234|Q9UQ16_RPPPSPTRP|0.0
P16234|Q9UQ16-4_RAGVYPDKS|0.0
P16234|Q14203_SAEASARPL|0.0
P16234|Q14203_LRVGSRVEV|0.0
P16234|Q14203_ETPDSSASK|0.0
P16234|Q14203_KREGTDTTA|0.005
P16234|Q14203_RPASTGVAG|0.0
P16234|Q14203_VAGASSSLG|0.0
P16234|Q14203_GPSGSASAG|0.0
P16234|Q14203_EKLETLRLK|0.0
P16234|Q14203_ERAESLQQE|0.0
P16234|Q14203_VDELTTDLE|0.0
P16234|Q14203_DELTTDLEI|0.0
P16234|Q14203_EEKGSDGAA|0.0
P16234|Q14203_QEELSQAES|0.0
P16234|Q14203_TVADYQQTI|0.389
P16234|Q14203_KKVGSLYPE|0.263
P16234|Q14203_YPEMSAHER|0.334
P16234|Q14203_RAEITDAEG|0.0
P16234|Q14203_KKLDSAAKD|0.0
P16234|Q14203_RLEETQALL|0.0
P16234|Q14203_LNSQSKRTI|0.0
P16234|Q14203_AGALYRKTS|0.422
P16234|Q14203_LYRKTSQLL|0.0
P16234|Q14203_YRKTSQLLE|0.003
P16234|Q14203_PAAKSPSAQ|0.0
P16234|Q14203_AKSPSAQLM|0.055
P16234|Q14203_DDTVYMGKV|0.419
P16234|Q14203-3_SKLPTRPAS|0.407
P16234|Q14203-6_KLAPTARKT|0.0
P16234|Q13561_PNAAYDKFK|0.075
P16234|Q13561_GLDFSDRIG|0.0
P16234|Q13561_KRTGYESGE|0.0
P16234|Q13561_ESGEYEMLG|0.348
P16234|Q13561_GVKETPQQK|0.0
P16234|Q13561_QELTTEVEK|0.0
P16234|Q13561_TVKESATEE|0.0
P16234|Q13561_QLVASHLEK|0.0
P16234|Q13561_TPPDSSLVT|0.0
P16234|Q13561_SLVTYELHS|0.128
P16234|Q13561_EKRLTELET|0.0
P16234|Q13561_QNPLSAGLQ|0.0
P16234|Q13561_CLMETVELL|0.0
P16234|Q13561_ARLQSVLGK|0.0
P16234|Q13561_VHQLYETIQ|0.297
P16234|Q13561_QLYETIQRW|0.237
P16234|Q13561_IQRWSPIAS|0.0
P16234|O75935_ERWVYGPGG|0.0
P16234|O75935_GARGSRKVA|0.0
P16234|O75935_DLIKYLDPE|0.001
P16234|O75935_LDPEYIDRI|0.0
P16234|O75935_LLEEYNKTT|0.0
P16234|Q9UJW0_DPAKTTMKK|0.0
P16234|Q9UJW0_MKKAYYLAC|0.288
P16234|Q9UJW0_KKAYYLACG|0.34
P16234|Q9UJW0_RRRNYMPLA|0.446
P16234|Q9UJW0_PLAFSDKYG|0.037
P16234|Q9UJW0_FSDKYGLGT|0.424
P16234|Q9UJW0_ASISTLAGL|0.0
P16234|Q9UJW0_LAGLSLKEG|0.0
P16234|Q9UJW0_LIKRSLRCR|0.0
P16234|Q9UJW0_AAAEYDELA|0.0
P16234|Q9BTE1_VLCGSQNIV|0.006
P16234|O14576_VQDDSDLDR|0.0
P16234|O14576_SKSVSTPSE|0.0
P16234|O14576_KSVSTPSEA|0.0
P16234|O14576_VSTPSEAGS|0.0
P16234|O14576_SEAGSQDSG|0.0
P16234|O14576_REVVSYSKE|0.0
P16234|O14576_ATHQSEEDE|0.0
P16234|O14576_GANLSFNRQ|0.0
P16234|O14576-2_PTPMSPSSK|0.0
P16234|Q13409____MSDKSE|0.0
P16234|Q13409_PHELTEEEK|0.0
P16234|Q13409_QILHSEEFL|0.0
P16234|Q13409_ERALSEQIN|0.0
P16234|Q13409-2_SMGLTPESP|0.0
P16234|Q13409-2_LTPESPIVP|0.0
P16234|Q13409-2_PPPMSPSSK|0.0
P16234|Q13409-2_PMSPSSKSV|0.0
P16234|Q13409-2_MSPSSKSVS|0.0
P16234|Q13409-2_PSSKSVSTP|0.0
P16234|Q13409-2_KSVSTPSEA|0.0
P16234|Q13409-3_ALLQSMGLT|0.0
P16234|Q13409-3_SMGLTPESP|0.0
P16234|Q13409-3_LTPESPIVP|0.0
P16234|Q13409-3_PPPMSPSSK|0.0
P16234|Q13409-3_PMSPSSKSV|0.0
P16234|Q13409-3_MSPSSKSVS|0.0
P16234|Q13409-3_PSSKSVSTP|0.0
P16234|Q13409-3_KSVSTPSEA|0.0
P16234|Q13409-3_SEAGSQDSG|0.0
P16234|Q13409-3_GSQDSGDGA|0.0
P16234|Q8NCM8_EFGDTKDKV|0.005
P16234|Q8NCM8_VLRRSDTNL|0.0
P16234|Q8NCM8_RRSDTNLTK|0.0
P16234|Q8NCM8_DTNLTKLKF|0.0
P16234|Q8NCM8_LVKESLKAG|0.0
P16234|Q8NCM8_KAGISICEQ|0.0
P16234|Q8NCM8_EKFLYFLPA|0.305
P16234|Q8NCM8_FLPASEEKI|0.0
P16234|Q8NCM8_IICLTRVFE|0.128
P16234|Q8NCM8_AFLKYKELV|0.452
P16234|Q8NCM8_VKRPTISKE|0.0
P16234|Q8NCM8_RPTISKELM|0.0
P16234|Q8NCM8_KVHYSDRLV|0.355
P16234|Q8NCM8_GFQASDMHA|0.0
P16234|Q8NCM8_RAKYYREMK|0.422
P16234|Q8NCM8_ANLQYSKLQ|0.019
P16234|Q8NCM8_LMMESHQLM|0.0
P16234|Q8NCM8_VEEHSVMTV|0.0
P16234|Q8NCM8_TLIDYEDSQ|0.426
P16234|Q8NCM8_EDSQSRTMK|0.0
P16234|Q8NCM8_CLLQSLKDS|0.0
P16234|Q8NCM8_RSIMTDIKK|0.0
P16234|Q8NCM8_RCQKSLNEF|0.0
P16234|Q8NCM8_FYMKSDHTC|0.451
P16234|Q8NCM8_GGNPYGPAG|0.15
P16234|Q8NCM8_MSKFTFTDC|0.0
P16234|Q8NCM8_FTDCTRFDA|0.051
P16234|Q8NCM8_KEVEYDELS|0.387
P16234|Q8NCM8_IVGPSGAGK|0.0
P16234|Q8NCM8_PMDTYYDST|0.456
P16234|Q8NCM8_MDTYYDSTR|0.389
P16234|Q8NCM8_RLATYVLKK|0.451
P16234|Q8NCM8_TGRVYRPKD|0.387
P16234|Q8NCM8_GLFRYDLEG|0.134
P16234|Q8NCM8_HPLDYVLEI|0.123
P16234|Q8NCM8_RFLCTESEQ|0.0
P16234|Q8NCM8_LIWKSEGLP|0.0
P16234|Q8NCM8_ALWRTYYNN|0.453
P16234|Q8NCM8_LRAGYNIID|0.24
P16234|Q8TCX1_AKAVSEMRQ|0.0
P16234|Q8TCX1_SLMFTSKSE|0.0
P16234|Q8TCX1_LMFTSKSEA|0.0
P16234|Q96FJ2_NADMSEDMQ|0.0
P16234|Q96FJ2_AMEKYNIEK|0.422
P16234|Q96FJ2_DIAAYIKKE|0.274
P16234|Q96FJ2_RNFGSYVTH|0.207
P16234|Q96FJ2_NFGSYVTHE|0.4
P16234|Q96FJ2_GSYVTHETK|0.357
P16234|Q96FJ2_LLFKSG___|0.0
P16234|Q9NP97_SLMHSFILK|0.0
P16234|Q9NP97_QNDLTFLRI|0.337
P16234|Q9NP97_PDKDYFLIV|0.433
P16234|Q8TF09_KRIQSHKGV|0.0
P16234|Q8TF09_QNDLTFLRI|0.0
P16234|P63172_AGLHTASSC|0.0
P16234|P63172_LHTASSCFW|0.008
P16234|P63172_HTASSCFWD|0.0
P16234|P51808_TSDGTCTVR|0.0
P16234|P51808_DGTCTVRWE|0.082
P16234|Q13627_APSFSFHAA|0.0
P16234|Q13627_NEVYYAKKK|0.446
P16234|Q13627_QGDDSSHKK|0.0
P16234|Q13627_QYIQSRFYR|0.007
P16234|Q13627_YDPKTRIQP|0.083
P16234|Q13627_RSDPTHQHR|0.0
P16234|Q13627_QHRHSGGHF|0.0
P16234|Q13627_GGHFTAAVQ|0.0
P16234|Q13627_MDCETHSPQ|0.0
P16234|Q13627_CETHSPQVR|0.0
P16234|Q13627_NLTVYSNPR|0.039
P16234|Q13627_LTVYSNPRQ|0.002
P16234|Q13627_SPVASS___|0.003
P16234|Q13627-2_VSALSYSDQ|0.0
P16234|Q13627-4_DDDNYDYIV|0.248
P16234|Q13627-4_DNYDYIVKN|0.38
P16234|Q13627-4_GQRIYQYIQ|0.254
P16234|Q13627-4_RIYQYIQSR|0.166
P16234|Q9Y463_LRKLSVDLI|0.0
P16234|Q9Y463_INEVYYAKK|0.346
P16234|Q9Y463_NEVYYAKKK|0.439
P16234|Q9Y463_WLERYEIDS|0.0
P16234|Q9Y463_QYIQSRFYR|0.0
P16234|Q9Y463_RTYRYSNRY|0.398
P16234|Q9Y463_TYRYSNRYC|0.312
P16234|Q9Y463_PADCSPPHP|0.004
P16234|Q92630_TRKPSAAAP|0.0
P16234|Q92630_SGVGTGPPS|0.0
P16234|Q92630_TGPPSPIAL|0.0
P16234|Q92630_TSLKSMEGM|0.0
P16234|Q92630_TYIQSRFYR|0.001
P16234|Q92630-2_PPPSSSASK|0.0
P16234|Q92630-2_PPSSSASKL|0.0
P16234|Q92630-2_SSSASKLRT|0.0
P16234|O43781_GRSSTKVID|0.0
P16234|O43781_YQKLYTYIQ|0.169
P16234|O43781_QKLYTYIQS|0.0
P16234|O43781_TYIQSRFYR|0.0
P16234|O43781_GIPRYCSVT|0.046
P16234|O43781_PRYCSVTTQ|0.065
P16234|O43781_YCSVTTQAD|0.0
P16234|O43781_CSVTTQADG|0.0
P16234|O43781_VGGRSRRGK|0.0
P16234|O43781_GPPGSKDWG|0.175
P16234|O43781_KDWGTALKG|0.0
P16234|O43781_GCDDYLFIE|0.0
P16234|O43781_RPLTTIDKV|0.0
P16234|O43781_IDKVSGKRV|0.0
P16234|Q9NR20_KVTLTAAEA|0.0
P16234|Q9NR20_VRRFTLSVL|0.0
P16234|Q9NR20_RFTLSVLKC|0.0
P16234|Q9NR20_LQMLSVEKI|0.0
P16234|Q9NR20_HQKVYTYIQ|0.026
P16234|Q9NR20_QKVYTYIQS|0.0
P16234|Q9NR20_TYIQSRFYR|0.0
P16234|Q9NR20_GKKRYPDSK|0.001
P16234|Q9NR20_GCHHSSRKA|0.0
P16234|Q9NR20_ADEITKETT|0.0
P16234|Q9NR20_KDSPTKHVQ|0.001
P16234|O75923_ISDAYCSAV|0.349
P16234|O75923_DAYCSAVFA|0.401
P16234|O75923_PGAPTTPRK|0.0
P16234|O75923_GAPTTPRKL|0.0
P16234|O75923_RKLPSRPPP|0.0
P16234|O75923_SAPTSRKLL|0.0
P16234|O75923_MDVGTIYRE|0.378
P16234|O75923_VGTIYREPR|0.368
P16234|O75923_WLLLSDPDD|0.0
P16234|O75923_PDDFSAGAR|0.101
P16234|O75923_ILEKTANPQ|0.169
P16234|O75923_AMFPSMCEK|0.0
P16234|O75923_PLASTTQYS|0.423
P16234|O75923_TTQYSRAVF|0.045
P16234|O75923_DQYLYQLRT|0.439
P16234|O75923_WFGLSVDEK|0.0
P16234|O75923_YPKFSDVTG|0.222
P16234|O75923_GSQPSGELL|0.0
P16234|O75923_EANIYMVPQ|0.431
P16234|O75923_FDICTLFME|0.0
P16234|O75923_YRGKTQEET|0.239
P16234|O75923_DLKITLYDY|0.27
P16234|O75923_KITLYDYDL|0.445
P16234|O75923_TLYDYDLLS|0.383
P16234|O75923_GLPQTYCVS|0.404
P16234|O75923_LPQTYCVSG|0.43
P16234|O75923_TYCVSGPNQ|0.255
P16234|O75923_PFNITPRRA|0.006
P16234|O75923_TDVHYRSLG|0.0
P16234|O75923-10_LVRASNLPS|0.0
P16234|O75923-10_SNLPSAKKD|0.0
P16234|O75923-11_AETWSLLSD|0.0
P16234|O75923-11_WSLLSDSTM|0.0
P16234|O75923-11_WPAPTDTGG|0.0
P16234|O75923-11_GEEDTEDQG|0.0
P16234|O75923-11_DQGLTGDEA|0.0
P16234|O75923-11_FLDQSGGPG|0.0
P16234|Q86WC6_DRDATNDDG|0.0
P16234|O60832_AGKEYVGIV|0.058
P16234|O60832_LRVRTIYES|0.0
P16234|O60832_VRTIYESKM|0.0
P16234|O60832_RRVVYPLEK|0.444
P16234|O60832_WKQEYVDYS|0.398
P16234|O60832_EYVDYSESA|0.408
P16234|O60832_YVDYSESAK|0.0
P16234|P11532_GYERTSSPK|0.0
P16234|P11532_YERTSSPKP|0.253
P16234|P11532_ERTSSPKPR|0.0
P16234|P11532_TSDPTRSPF|0.0
P16234|P11532_MMDLTAHQG|0.0
P16234|P11532_VNRLSDLQP|0.002
P16234|P11532_ALQSSLQEQ|0.0
P16234|P11532_KKAPSEISR|0.297
P16234|P11532_KELNTQWDH|0.0
P16234|P11532_QRVLSQIDV|0.0
P16234|P11532_LQDVSMKFR|0.001
P16234|P11532_CVNLYKSLS|0.333
P16234|P11532_SEVKSEVEM|0.0
P16234|P11532_MVIKTGRQI|0.0
P16234|P11532_LKLHYNELG|0.239
P16234|P11532_SLLNSNWIA|0.0
P16234|P11532_KQEESLKNI|0.0
P16234|P11532_HSKKTAALQ|0.0
P16234|P11532_WIKVSRALP|0.0
P16234|P11532_LLRDYSADD|0.0
P16234|P11532_LRDYSADDT|0.371
P16234|P11532_SADDTRKVH|0.308
P16234|P11532_LLEDSKGVK|0.046
P16234|P11532_STLETVRIF|0.0
P16234|P11532_LEKLYQEPR|0.358
P16234|P11532_EEVNTEWEK|0.0
P16234|P11532_KENVSHVND|0.0
P16234|P11532_ERAISPNKV|0.0
P16234|P11532_ETQTTCWDH|0.043
P16234|P11532_HKMHYPMVE|0.197
P16234|P11532_PMVEYCTPT|0.694
P16234|P11532_VEYCTPTTS|0.292
P16234|P11532_LQAEYDRLK|0.396
P16234|P11532_VNGTTVSSP|0.0
P16234|P11532_RGRNTPGKP|0.0
P16234|P11532_MREDTM___|0.0
P16234|P11532-5_VNGTTVSSP|0.0
P16234|P11532-5_HNVGSLFHM|0.0
P16234|A2CJ06_ENSIYRTAF|0.0
P16234|A2CJ06_LHSKSHQKS|0.0
P16234|A2CJ06_SHQKSHPVI|0.0
P16234|A2CJ06_HKLKTNQDS|0.0
P16234|A2CJ06_TNQDSLWTK|0.0
P16234|A2CJ06_DSLWTKLQQ|0.0
P16234|A2CJ06_KGGDYLQIK|0.209
P16234|A2CJ06_PAEMSSPAL|0.0
P16234|A2CJ06_AEMSSPALA|0.0
P16234|Q8WXU2_EDQKYALSV|0.263
P16234|Q8WXU2_IKYKSLTRN|0.0
P16234|Q8WXU2_RNLASRNLA|0.213
P16234|Q8WXU2_KGRNSENIF|0.0
P16234|Q9NVP4_PNIVSPEDN|0.0
P16234|Q9NVP4_AHLRYCVTC|0.264
P16234|Q9NVP4_RYCVTCEGA|0.24
P16234|Q9NVP4_QELASQKQR|0.0
P16234|Q9NVP4_IRLNYSQVS|0.397
P16234|Q9NVP4_RLNYSQVSN|0.331
P16234|Q9NVP4_SSWVSDYSQ|0.406
P16234|Q9NVP4_EVGPTGEGR|0.002
P16234|Q9NVP4-2_ESFQSPGFA|0.011
P16234|Q86YF9_KKMISTQQL|0.0
P16234|Q86YF9_DLNASNVFY|0.055
P16234|Q86YF9_SNVFYKKRI|0.0
P16234|Q86YF9_GTEGSEIED|0.0
P16234|Q8IYY4___MQSPAAT|0.0
P16234|Q8IYY4_VQRVSLQPP|0.0
P16234|Q86Y13___MDSLPDE|0.0
P16234|Q86Y13_EDLPTTFKD|0.0
P16234|Q86Y13_FIKTTESNI|0.0
P16234|Q86Y13_KEGCTGDMV|0.0
P16234|Q86Y13_LDYNYFYHL|0.0
P16234|Q86Y13_EEELSPPLM|0.0
P16234|Q86Y13_IPSESSTES|0.0
P16234|Q86Y13_KDDASDVQE|0.0
P16234|Q86Y13_RKELTDFLR|0.0
P16234|Q86Y13_VCKISQFID|0.0
P16234|Q86Y13_GKSVSNVNC|0.047
P16234|Q86Y13_VNCVSPSHS|0.0
P16234|Q9BUJ2_QNQFYDTQV|0.145
P16234|Q9BUJ2_NESGYERRP|0.425
P16234|Q9BUJ2_QQQAYRPEM|0.082
P16234|Q9BUJ2_QGAPTSFLP|0.069
P16234|Q9BUJ2_GAPTSFLPP|0.0
P16234|Q9BUJ2_PPEASQLKP|0.0
P16234|Q9BUJ2_RKRPYEENR|0.131
P16234|Q9BUJ2_RGRGYFEHR|0.091
P16234|Q9BUJ2_VAIDTYNCD|0.068
P16234|Q9BUJ2_KHAASNPSK|0.0
P16234|Q9BUJ2_PSKKYNILG|0.258
P16234|Q9BUJ2_NILGTNAIM|0.0
P16234|Q9BUJ2_QTNVYGSAQ|0.169
P16234|Q9BUJ2_GGGYSQNRW|0.0
P16234|Q9BUJ2_NNRGSYNRA|0.002
P16234|P15923_APVGTDKEL|0.0
P16234|P15923_ERGAYASFG|0.0
P16234|P15923_GAYASFGRD|0.203
P16234|P15923_PLSPSGMKG|0.0
P16234|P15923_GTSQYYPSY|0.221
P16234|P15923_TSQYYPSYS|0.31
P16234|P15923_YYPSYSGSS|0.378
P16234|P15923_SYSGSSRRR|0.0
P16234|P15923_SPDHSSNNF|0.0
P16234|P15923_PDHSSNNFS|0.0
P16234|P15923_SNNFSSSPS|0.0
P16234|P15923_NNFSSSPST|0.0
P16234|P15923_SSSPSTPVG|0.0
P16234|P15923_GLAGTSQWP|0.0
P16234|P15923_LAGTSQWPR|0.0
P16234|P15923_HAVGTAGDM|0.0
P16234|P15923_EENTSAADH|0.0
P16234|P15923_PRARTSPDE|0.0
P16234|P15923-2_GTSQYYPSY|0.0
P16234|P15923-2_PRARTSSTD|0.0
P16234|P15923-2_RARTSSTDE|0.0
P16234|P15923-2_ARTSSTDEV|0.0
P16234|P15923-2_RTSSTDEVL|0.0
P16234|P15923-2_DEVLSLEEK|0.0
P16234|P15923-2_MHLKSDKAQ|0.0
P16234|Q01094_LDLETDHQY|0.208
P16234|Q01094_KGVKSPGEK|0.0
P16234|Q01094_SLNLTTKRF|0.352
P16234|Q01094_LNLTTKRFL|0.001
P16234|Q01094_VGGISPGKT|0.0
P16234|Q14209_AAGQTPKVV|0.0
P16234|Q14209_PEFPTPKGK|0.0
P16234|Q14209_DGLPSPKTP|0.0
P16234|Q14209_PSPKTPKSP|0.015
P16234|Q14209_KTPKSPGEK|0.0
P16234|O00716_DGLKTPKGK|0.0
P16234|O00716_AALRSPDSP|0.0
P16234|O00716_RSPDSPKTP|0.0
P16234|O00716_DSPKTPKSP|0.0
P16234|O00716_KTPKSPSEK|0.0
P16234|O00716_PKSPSEKTR|0.0
P16234|O00716_IKKKSKNNV|0.0
P16234|O00716_VTELSQEEK|0.0
P16234|O00716_PIEVYLCPE|0.261
P16234|Q16254_PGTPSRHEK|0.0
P16234|Q16254_RHEKSLGLL|0.0
P16234|Q16254_KRRIYDITN|0.0
P16234|Q16254_SCLAYVTHE|0.0
P16234|Q16254_LAYVTHEDI|0.006
P16234|Q16254_LDSSSSSSS|0.0
P16234|Q16254_DSSSSSSSS|0.0
P16234|Q16254_SSSSSSSSS|0.0
P16234|Q16254_PKELSEIFD|0.0
P16234|Q15329_RHEKSLGLL|0.0
P16234|Q15329_INKESSSSK|0.0
P16234|Q15329_NKESSSSKP|0.0
P16234|Q15329_KESSSSKPV|0.0
P16234|Q15329_ESSSSKPVV|0.0
P16234|Q15329_TQPSSQSLT|0.0
P16234|Q15329_SQSLTPVTP|0.0
P16234|O75461_PTEETVRRR|0.0
P16234|O75461_DNVQYVSMR|0.096
P16234|O75461_EDSITVHIR|0.0
P16234|O75461_VHIRSTNGP|0.0
P16234|O75461_EQGQTSNKR|0.0
P16234|Q96AV8_MAPKTPIKN|0.0
P16234|Q96AV8_PIDLSKQKK|0.0
P16234|Q96AV8_QKKFTPERN|0.0
P16234|Q96AV8_RNPITPVKF|0.0
P16234|Q96AV8_AEPWTPTAN|0.0
P16234|Q96AV8_PWTPTANLK|0.0
P16234|Q96AV8_ARYPSYPLS|0.386
P16234|Q96AV8_EEQKYEEQM|0.06
P16234|Q96AV8_GDPDSQEQQ|0.0
P16234|Q96AV8_LFLVSKTKI|0.0
P16234|Q96AV8_DVSASVLPE|0.0
P16234|Q96AV8_GSFNTVQAS|0.0
P16234|Q96AV8_DDRSSEAPA|0.0
P16234|Q96AV8_DGPLSLVMP|0.0
P16234|Q96AV8_PKKPSDSTD|0.0
P16234|Q96AV8_KPSDSTDLA|0.0
P16234|Q96AV8_TDLASPKTM|0.0
P16234|Q96AV8_VEKPSKENE|0.0
P16234|Q96AV8_SLNLSPVMS|0.0
P16234|Q96AV8_SRSHSVVQQ|0.0
P16234|Q96AV8_KLHQSPVPV|0.0
P16234|Q96AV8_PVPVTPKSI|0.0
P16234|Q96AV8_TFFKTPGSL|0.0
P16234|A0AVK6_FGPLTTPTK|0.237
P16234|A0AVK6_LTTPTKPKE|0.159
P16234|A0AVK6_PKEGSQGEP|0.0
P16234|A0AVK6_GEPWTPTAN|0.0
P16234|A0AVK6_KMLISAVSP|0.0
P16234|A0AVK6_EENKYAEQI|0.0
P16234|A0AVK6_IKSYSIEDH|0.0
P16234|A0AVK6_RKDKSLRVM|0.0
P16234|A0AVK6_LRVMSQKFV|0.41
P16234|A0AVK6_LFLVSTPQI|0.0
P16234|A0AVK6_IRRLYDIAN|0.364
P16234|A0AVK6_GPEISPNTS|0.0
P16234|A0AVK6_SPNTSGSSP|0.0
P16234|A0AVK6_TSGSSPVIH|0.0
P16234|A0AVK6_TRHPSLIKL|0.0
P16234|A0AVK6_KLVKSIESD|0.01
P16234|A0AVK6_KSIESDRRK|0.0
P16234|A0AVK6_NSAPSSPIK|0.0
P16234|A0AVK6_SSALSPNHR|0.001
P16234|A0AVK6_PRIESVNVA|0.198
P16234|A0AVK6_ENAGTQQGR|0.117
P16234|A0AVK6_PVPVTPKGS|0.0
P16234|A0AVK6_KLEVSTEDV|0.0
P16234|A0AVK6_LEVSTEDVH|0.0
P16234|Q16649_MVLNSALTE|0.0
P16234|Q16649_GYSHSPPLL|0.308
P16234|Q16649_AEVVSLKRL|0.0
P16234|Q16649_PISASDSG_|0.0
P16234|Q16649_SASDSG___|0.0
P16234|Q66K89_EAPGSPRQQ|0.0
P16234|Q66K89_HRRHTDERP|0.0
P16234|Q66K89_PYKCSKCGK|0.297
P16234|Q66K89_SFRESGALT|0.0
P16234|Q66K89_RHLKSLTPC|0.0
P16234|Q66K89_EPIETSPVI|0.0
P16234|Q66K89_IHLVTDAKG|0.273
P16234|Q66K89_KRGHTGPRP|0.0
P16234|Q66K89_VRHHTGEKP|0.0
P16234|Q66K89_AEHGTLNRH|0.459
P16234|Q66K89_VSEDSPAAA|0.0
P16234|Q66K89_LVIASPEGQ|0.115
P16234|Q96JC9_RLGESFEKR|0.0
P16234|Q96JC9_DLQLSESGS|0.0
P16234|Q96CJ1_KLGESFEKQ|0.07
P16234|Q96CJ1_LEKLSSNIT|0.0
P16234|Q96CJ1_EKLSSNITV|0.0
P16234|Q96CJ1_SSNITVKKT|0.0
P16234|Q96CJ1_LVKHSPSED|0.0
P16234|Q96CJ1_SSSDSEDED|0.0
P16234|Q96CJ1_DLQLSESGS|0.0
P16234|Q96CJ1_QLSESGSDS|0.0
P16234|Q96CJ1_SESGSDSDD|0.0
P16234|Q96CJ1_SGSDSDD__|0.0
P16234|O43247_KNAGSRSSS|0.0
P16234|Q9H1B7____MSAAQV|0.0
P16234|Q9H1B7_AAQVSSSRR|0.0
P16234|Q9H1B7_AQVSSSRRQ|0.0
P16234|Q9H1B7_QVSSSRRQS|0.0
P16234|Q9H1B7_SRRQSCYLC|0.0
P16234|Q9H1B7_RQSCYLCDL|0.083
P16234|Q9H1B7_VDGSSKPAV|0.0
P16234|Q9H1B7_RYGLSAAAA|0.0
P16234|Q9H1B7_QSPNSSSAA|0.0
P16234|Q9H1B7_SPNSSSAAA|0.0
P16234|Q9H1B7_ASVASRRGT|0.0
P16234|Q9H1B7_RGPPTPAPP|0.0
P16234|Q9H1B7_PGSVSSTDQ|0.0
P16234|Q9H1B7_GSVSSTDQE|0.0
P16234|Q9H1B7_GCTPYEVRF|0.388
P16234|Q9H1B7_KKDHSLLGR|0.0
P16234|Q9H1B7_APPGTGALP|0.0
P16234|Q9H1B7_GAAASLRKR|0.0
P16234|Q9H1B7_QNGPSPMAA|0.0
P16234|Q9H1B7_NIPDSPMAN|0.0
P16234|Q56P03_EDKLSSLGT|0.0
P16234|Q56P03_TGSSSGNGK|0.0
P16234|Q56P03_EVLRYKASE|0.393
P16234|P10588_AEDDSASPP|0.0
P16234|P10588_RRNLSYTCR|0.019
P16234|P10588_LVGKTPIET|0.0
P16234|P10588_TPIETLIRD|0.0
P16234|P10588_DMLLSGSTF|0.0
P16234|Q5JPH6_PCFCSPQRL|0.0
P16234|Q5JPH6_QMGRTLPEL|0.0
P16234|Q5JPH6_VTCHSALLD|0.0
P16234|Q5JPH6_LNPVYVERI|0.002
P16234|Q15691_VNVYSTSVT|0.0
P16234|Q15691_VYSTSVTSD|0.0
P16234|Q15691_LEHEYIQNF|0.011
P16234|Q15691_FDANYDGKD|0.182
P16234|Q15691_ERDFYFGKL|0.06
P16234|Q15691_EQEEY____|0.461
P16234|Q9UPY8_FDANYDGKD|0.234
P16234|Q9UPY8_VPQRTSPTG|0.0
P16234|Q9UPY8_RTSPTGPKN|0.0
P16234|Q9UPY8-2_VPQRTSPTG|0.0
P16234|Q9UPY8-2_RTSPTGPKN|0.0
P16234|Q9UH73_AEALYSVPR|0.0
P16234|Q9HAK2_EVMCSRCCE|0.0
P16234|Q9HAK2_AEALYSVPR|0.283
P16234|Q9H4W6_RFVYTALNE|0.0
P16234|Q9H4W6_PTIDYGFQR|0.001
P16234|Q9H4W6_AEALYSVPR|0.0
P16234|Q9BQW3_NLRKSNFFH|0.007
P16234|Q9BQW3_VLAMYDRQG|0.289
P16234|Q9BQW3_LRLVYNNGL|0.408
P16234|Q9BQW3_IDSMSKQAI|0.0
P16234|Q9BQW3_GYARSCSSA|0.0
P16234|Q9BQW3_RPPSSPPQA|0.0
P16234|P0CF75_DLLISYNAG|0.0
P16234|P0CF75_GLMFTFLFG|0.0
P16234|P0CF75_GEFESPACE|0.0
P16234|P0CF75_RRNSTFSGF|0.159
P16234|P0CF75_NSTFSGFEA|0.0
P16234|Q6P2I7_SYKRSFRPM|0.002
P16234|Q6P2I7_KNRQYPLDA|0.279
P16234|Q6P2I7_AMMASIGRL|0.0
P16234|Q99848_RLDVTLGPV|0.0
P16234|Q99848_RPTDYFAEM|0.044
P16234|Q99848_EMAKSDLQM|0.0
P16234|Q99848_QKGFSDKLD|0.0
P16234|Q99848_TRESYDDVS|0.001
P16234|Q15125_HAQSTLDAK|0.0
P16234|Q15125_DAKATKAKS|0.194
P16234|Q9UQ80_SSGVSVLSL|0.0
P16234|Q9UQ80_IMEETGKIF|0.0
P16234|Q9UQ80_PTSISVNNC|0.12
P16234|Q9UQ80_VCHFSPLKS|0.041
P16234|Q9UQ80_SPLKSDQDY|0.257
P16234|Q9UQ80_SDQDYILKE|0.395
P16234|Q9UQ80_IQNPTDQQK|0.0
P16234|Q9UQ80_PSKQYGLKM|0.083
P16234|Q9UQ80_RAFFSEVER|0.0
P16234|Q9UQ80_DLYKSEMEV|0.0
P16234|Q9UQ80_KKKASKTAE|0.0
P16234|Q9UQ80_KASKTAENA|0.0
P16234|Q9UQ80_AENATSGET|0.0
P16234|P42892_ALGMSTYKR|0.283
P16234|P42892_EGDAYPNGL|0.373
P16234|P42892_EELIYHKVT|0.439
P16234|P42892_TDPHSPSRF|0.0
P16234|P42892_PHSPSRFRV|0.067
P16234|P42892_CPPGSPMNP|0.0
P16234|P42892-3__MMSTYKRA|0.0
P16234|P42892-3_VNFHSPRSG|0.0
P16234|P0DPD6_EGGASPDAM|0.0
P16234|P0DPD6_GKGASPFSP|0.0
P16234|P0DPD6_SPGPSPGMT|0.0
P16234|O95672_ARGASLPPG|0.0
P16234|O95672_AQGVYSAAA|0.027
P16234|O95672_AALFSLTVS|0.0
P16234|O95672_SLTVSLDDR|0.0
P16234|O95672_NSSRYVIRI|0.005
P16234|O95672_VLHNYLVWR|0.006
P16234|O95672_ALNAYYLPN|0.431
P16234|O95672_RRSQSIYLQ|0.0
P16234|O95672_LQVLTDKHA|0.0
P16234|P19971_AALMTPGTG|0.0
P16234|P19971_PGDFSGEGS|0.0
P16234|P19971_SGEGSQGLP|0.0
P16234|P19971_LPDPSPEPK|0.0
P16234|P19971_GGRLSEADI|0.0
P16234|P19971_HTGGTLDKL|0.0
P16234|P19971_GAGRSRAGE|0.0
P16234|P19971_LRRGTPWLR|0.0
P16234|P19971_FAAPSPFAE|0.0
P16234|Q13011_TRRLTGSNY|0.0
P16234|Q13011_RLTGSNYPG|0.0
P16234|Q13011_LTGSSAQEE|0.0
P16234|Q13011_APDHSYESL|0.0
P16234|Q13011_AVVISGAGK|0.0
P16234|Q13011_VARISWYLR|0.0
P16234|Q13011_RISWYLRDI|0.0
P16234|Q13011_IGNQSLVNE|0.0
P16234|Q13011_ELAFTARKM|0.0
P16234|Q13011_AAEISSKSP|0.0
P16234|Q13011_VNLLYSRDH|0.0
P16234|Q13011_NLLYSRDHS|0.0
P16234|Q9NTX5_LKTASLSGR|0.0
P16234|Q9NTX5_FPGGSIDLQ|0.0
P16234|Q9NTX5_FRLMTPESK|0.0
P16234|Q9NTX5_EIIGSRQAL|0.0
P16234|Q9NTX5_EVLQSSDET|0.0
P16234|Q9NTX5_VLQSSDETK|0.0
P16234|Q9NTX5-5_GAKNTFSSG|0.001
P16234|Q9NTX5-5_CCAGSRLGI|0.0
P16234|Q86YB7_GRRLSGTEA|0.0
P16234|Q86YB7_RLSGTEAHV|0.0
P16234|Q96DC8_ARFCSRDPA|0.0
P16234|Q96DC8_KPVWSHEPV|0.0
P16234|P30084_ANFEYIIAE|0.0
P16234|P30084_MQNLSFQDC|0.0
P16234|P30084_AVNGYAFGG|0.433
P16234|P30084_GAGGTQRLT|0.0
P16234|P30084_EMVLTGDRI|0.0
P16234|P30084_GDRISAQDA|0.0
P16234|Q16610___MGTTARA|0.0
P16234|Q16610_LAVASAASE|0.0
P16234|Q16610_QEVGYAAPP|0.326
P16234|Q16610_RDILTIDIG|0.058
P16234|Q16610_IGRVTPNLM|0.314
P16234|Q16610_QRVLTKHKH|0.323
P16234|O94769_VNFDYSMEE|0.0
P16234|O94769_NFDYSMEEK|0.0
P16234|O94769_GQLYSEGDS|0.0
P16234|O94769_SEGDSRGGD|0.0
P16234|O94769_MPSRSPLPA|0.0
P16234|O94769_NITSSGIGP|0.0
P16234|O94769_IDLSYNKLY|0.0
P16234|O94769_NDLKSIPPG|0.0
P16234|Q5VYK3_LLKLSSTQE|0.0
P16234|Q5VYK3_LLIPTLFHM|0.0
P16234|Q5VYK3_LINEYKEDP|0.0
P16234|Q5VYK3_PHLFTKDIA|0.0
P16234|Q5VYK3_MVGAYSTLE|0.0
P16234|Q5VYK3_ALVASYLIK|0.0
P16234|Q5VYK3_LVASYLIKP|0.0
P16234|Q5VYK3_VKFASTVFP|0.0
P16234|Q5VYK3_KFASTVFPS|0.009
P16234|Q5VYK3_TVFPSDHIP|0.0
P16234|Q5VYK3_RYIRTLMSS|0.0
P16234|Q5VYK3_RTLMSSGQM|0.0
P16234|Q5VYK3_TLMSSGQMA|0.0
P16234|Q5VYK3_QMAPSSSNK|0.0
P16234|Q5VYK3_MAPSSSNKS|0.0
P16234|Q5VYK3_APSSSNKSG|0.0
P16234|Q5VYK3_AVSVYPEKL|0.428
P16234|Q5VYK3_EKLATKFVD|0.0
P16234|Q5VYK3_FVDKTEWIK|0.0
P16234|Q5VYK3_TVGRYLAKK|0.021
P16234|Q5VYK3_KHIISPNPH|0.0
P16234|Q5VYK3_ETLMTGKRV|0.0
P16234|Q5VYK3_KHEVSGETV|0.0
P16234|Q5VYK3_VSGETVVFQ|0.0
P16234|Q5VYK3_ALGKTPDGQ|0.0
P16234|Q5VYK3_ASDLSQPDL|0.0
P16234|Q5VYK3_RQAMTSIWN|0.0
P16234|Q5VYK3_QAMTSIWNA|0.0
P16234|Q5VYK3_NALVTDKSM|0.003
P16234|Q5VYK3_VKNLTSNMW|0.0
P16234|Q5VYK3_LSINTLVKI|0.0
P16234|Q5VYK3_SARLSAAKS|0.0
P16234|Q5VYK3_GKLMSALLS|0.0
P16234|Q5VYK3_SALLSGLTD|0.023
P16234|Q5VYK3_TDRNSVIQK|0.0
P16234|Q5VYK3_EEPIYKTSC|0.0
P16234|Q5VYK3_IYKTSCALT|0.0
P16234|Q5VYK3_SCALTIHAI|0.0
P16234|Q5VYK3_FQEFSNIVI|0.0
P16234|Q5VYK3_IKKNSLESS|0.035
P16234|Q5VYK3_MEPDSRPEL|0.0
P16234|Q5VYK3_LLKKTLENL|0.0
P16234|Q96AW1_KHCWYFEGL|0.14
P16234|Q96AW1_FNVSYTRQP|0.2
P16234|Q9BQ95_GRKSYPMLK|0.003
P16234|Q9BQ95-2_LPKDSTGAA|0.0
P16234|Q9BQ95-2_PKDSTGAAD|0.0
P16234|Q9BQ95-2_HIVGSGRDA|0.0
P16234|Q19T08_GLSESCSTA|0.0
P16234|Q19T08_ESCSTANGE|0.0
P16234|Q19T08_GEKDSITLI|0.0
P16234|Q19T08_NGKQSLSAE|0.0
P16234|Q9H8V3_MAENSVLTS|0.208
P16234|Q9H8V3_TTGRTSLAD|0.0
P16234|Q9H8V3_TGRTSLADS|0.0
P16234|Q9H8V3_SLADSSIFD|0.0
P16234|Q9H8V3_SIFDSKVTE|0.003
P16234|Q9H8V3_PEWIYKAWE|0.573
P16234|Q9H8V3_ELKKSVSML|0.0
P16234|Q9H8V3_RLKETLAQL|0.0
P16234|Q9H8V3_LAQLSRETD|0.0
P16234|Q9H8V3_LSRETDVSP|0.0
P16234|Q9H8V3_ETDVSPFPP|0.0
P16234|Q9H8V3_RKRPSAEHS|0.0
P16234|Q9H8V3_EHSLSIGSL|0.0
P16234|Q9H8V3_LSIGSLLDI|0.0
P16234|Q9H8V3_LLDISNTPE|0.0
P16234|Q9H8V3_DISNTPESS|0.0
P16234|Q9H8V3_TPVPSKQSA|0.004
P16234|Q9H8V3_IFLKYSKDL|0.0
P16234|Q9H8V3_QRLPSVALL|0.136
P16234|Q9H8V3_KVIGTFRSP|0.0
P16234|Q9H8V3_SKKVTRAFS|0.0
P16234|Q9H8V3_AFSFSKTPK|0.0
P16234|Q9H8V3_RALMTSHGS|0.0
P16234|Q9H8V3_MSRLSSTSS|0.0
P16234|Q9H8V3_SRLSSTSSL|0.0
P16234|Q9H8V3_RLSSTSSLA|0.0
P16234|Q9H8V3_LSSTSSLAG|0.0
P16234|Q9H8V3_SSTSSLAGI|0.0
P16234|Q9H8V3_AGIPSPSLV|0.0
P16234|Q9H8V3_IPSPSLVSL|0.0
P16234|Q9H8V3_SHTLSRSTT|0.0
P16234|Q9H8V3_TLSRSTTHL|0.0
P16234|Q9H8V3_LSRSTTHLI|0.0
P16234|Q9H8V3_SRSTTHLI_|0.0
P16234|Q9H8V3-2_EKANTPELK|0.0
P16234|Q9H8V3-2_KKSVSMLSL|0.0
P16234|Q9H8V3-2_DMDSTLSRA|0.0
P16234|Q008S8_PRFISLYIF|0.001
P16234|Q008S8_TSLETLPKR|0.0
P16234|Q008S8_RIPAYEMVM|0.0
P16234|Q008S8_RFEEYLNLL|0.048
P16234|Q008S8_LNLLYAVRL|0.0
P16234|Q008S8_VRLHTPAEH|0.0
P16234|Q008S8_QIKKYKGYI|0.279
P16234|Q008S8_KYKGYIDQM|0.424
P16234|Q92838_SINMSKHTT|0.0
P16234|Q9HAV5_CTATSNAVC|0.0
P16234|Q9HAV5_LPRFYRKTR|0.426
P16234|Q9HAV5_LGGNTVEST|0.0
P16234|Q9UNE0_VGATSGASA|0.0
P16234|Q9UNE0_EAQVSKDEE|0.0
P16234|Q9UNE0_RSVDSDEEP|0.001
P16234|Q9UNE0_LEKTSRMLS|0.0
P16234|Q9UNE0_SRMLSSTYN|0.063
P16234|Q9UNE0_MLSSTYNSE|0.0
P16234|Q9UNE0_LSSTYNSEK|0.223
P16234|Q9UNE0_STYNSEKAV|0.2
P16234|Q9UNE0_FDRISTAGY|0.018
P16234|Q9UNE0_STAGYSIPE|0.088
P16234|Q9UNE0_TAGYSIPEL|0.0
P16234|Q8WWZ3_MGLRTTKQM|0.0
P16234|Q8WWZ3_QRPQSPTLE|0.0
P16234|Q8WWZ3_PQSPTLEFL|0.0
P16234|Q8WWZ3_NSQRTVGQL|0.0
P16234|Q8WWZ3-2___MASPDDP|0.0
P16234|Q96F86_AGDITELKI|0.0
P16234|Q96F86_NQNGTGKFV|0.0
P16234|Q96F86_KKPASSSSA|0.066
P16234|Q96F86_RHMESLSQS|0.0
P16234|Q96F86_SLSQSKSFR|0.0
P16234|Q96F86_HNSWSSSSR|0.132
P16234|Q96F86_NSWSSSSRH|0.0
P16234|Q96F86_SWSSSSRHP|0.235
P16234|Q96F86_WSSSSRHPN|0.089
P16234|Q96F86_PNQATPKKS|0.453
P16234|Q96F86_EEIDTYERR|0.428
P16234|Q96F86_EIDTYERRS|0.603
P16234|Q96F86_SGTRSRGIP|0.0
P16234|Q96F86_EPIVYRRII|0.284
P16234|Q96F86_KHGLTLERR|0.28
P16234|Q96F86_GQQVSSLKD|0.0
P16234|Q96F86_AGRIYLCDI|0.025
P16234|Q6P2E9_PSAESPRPS|0.0
P16234|Q6P2E9_SPRPSSAYN|0.0
P16234|Q6P2E9_IVASSDSSI|0.0
P16234|Q6P2E9_ASSDSSISS|0.0
P16234|Q6P2E9_SSISSKARG|0.0
P16234|Q6P2E9_PELGSEGLG|0.0
P16234|Q6P2E9_LSLSSETKP|0.0
P16234|Q6P2E9_LSSETKPKL|0.0
P16234|Q6P2E9_TASPSSSSS|0.0
P16234|Q6P2E9_SGSSSSSSS|0.0
P16234|Q6P2E9_GSSSSSSSS|0.0
P16234|Q6P2E9_SSSSSSSSS|0.0
P16234|Q6P2E9_QLDGSLTMS|0.0
P16234|Q6P2E9_SLQASPRGL|0.0
P16234|Q6P2E9_ISSASTALS|0.0
P16234|Q6P2E9_STPDSQVWP|0.0
P16234|Q6P2E9_ITRETCSTL|0.0
P16234|Q6P2E9_HRPPYHLLQ|0.004
P16234|Q6P2E9_KDWKTKGSP|0.001
P16234|Q6P2E9_EIKKTVPPC|0.0
P16234|Q6P2E9_CVSRSLEPM|0.0
P16234|Q6P2E9_ATKLTAVEG|0.0
P16234|Q6P2E9_AVEGSMKEN|0.0
P16234|Q6P2E9_GTQEYLQQL|0.005
P16234|Q6P2E9_QQLESHMKS|0.0
P16234|Q6P2E9_QAMRSAAGT|0.0
P16234|Q6P2E9_ARRLSLMLH|0.0
P16234|Q6P2E9_LVTPSLP__|0.0
P16234|Q92611_DILQSLEKY|0.0
P16234|Q92611_SGTRYMFTT|0.215
P16234|Q9BV94_MFLEYNKAI|0.404
P16234|Q9BZQ6_VRKDSGVGA|0.0
P16234|Q9BZQ6_GIDSYYEYL|0.0
P16234|Q9BZQ6_IDSYYEYLL|0.0
P16234|Q9BZQ6_GFVASSKPS|0.0
P16234|Q9BZQ6_DQESSEENS|0.0
P16234|O60869_VIADYESGR|0.025
P16234|O60869_ADYESGRAI|0.208
P16234|P21453_FVALSASVF|0.002
P16234|P21453_GMEFSRSKS|0.0
P16234|P21453_EFSRSKSDN|0.0
P16234|P21453_SRSKSDNSS|0.034
P16234|P21453_KSDNSSHPQ|0.0
P16234|P21453_SDNSSHPQK|0.057
P16234|Q9HBW0_NAAVYSCRD|0.442
P16234|Q9HBW0_ESVHYTSSA|0.141
P16234|Q9HBW0_QGGASTRIM|0.0
P16234|Q9HBW0_PLMDSTL__|0.0
P16234|Q9HBW0_LMDSTL___|0.0
P16234|O95136_KLYGSDKSC|0.0
P16234|O95136_RSSSSLERG|0.0
P16234|O95136_HMPTSPTFL|0.031
P16234|Q9UBY5_TASLTNLLV|0.0
P16234|Q9UBY5_MVVVYLRIY|0.0
P16234|Q9UBY5_NPIIYSYKD|0.511
P16234|Q9UBY5_DEDMYGTMK|0.0
P16234|Q9UBY5_ERRPSRIPS|0.0
P16234|Q9UBY5_SRIPSTVLS|0.0
P16234|Q9UBY5_STVLSRSDT|0.0
P16234|Q9H228_PAPVSSRGR|0.0
P16234|Q9H228_YARIYCQVR|0.433
P16234|Q9H228_AMANSLLNP|0.0
P16234|Q9H228_IYTLTNRDL|0.133
P16234|Q9H228_RTLVSEPAA|0.0
P16234|O43854_YRGDTFIGY|0.41
P16234|O43854_TFIGYVCKC|0.431
P16234|O43854_YIKSYKIAY|0.365
P16234|O43854_YKIAYSNDG|0.42
P16234|O43854_TWAMYKVKG|0.427
P16234|O43854_DPPIYARHI|0.246
P16234|P05305_KIRRSSEEH|0.0
P16234|P05305_IRRSSEEHL|0.0
P16234|P05305_HLRQTRSET|0.0
P16234|P14138_RRGVSQAPT|0.0
P16234|P25101_SVDRYRAVA|0.386
P16234|P25101_LFGFYFCMP|0.149
P16234|P25101_TAIFYTLMT|0.0
P16234|P25101_RRNGSLRIA|0.006
P16234|P25101_RIALSEHLK|0.0
P16234|P25101_KKTVYNEMD|0.511
P16234|P25101_NCFQSCLCC|0.0
P16234|P25101_CCCCYQSKS|0.455
P16234|P25101_NNHNTDRSS|0.058
P16234|P25101_NTDRSSHKD|0.002
P16234|P25101_TDRSSHKDS|0.0
P16234|P25101_SHKDSMN__|0.0
P16234|Q3B7T1_SQGESEESS|0.001
P16234|Q3B7T1_KPFSSFGMA|0.003
P16234|Q3B7T1_TEDKYQNPF|0.364
P16234|Q3B7T1_QNPFTMPVA|0.092
P16234|Q3B7T1_AADPSTPIP|0.04
P16234|Q3B7T1_KSLKYCDVD|0.392
P16234|Q3B7T1_CDVDSVSAR|0.024
P16234|Q3B7T1_VDSVSARQP|0.061
P16234|Q3B7T1_PLCQYRAAT|0.267
P16234|Q3B7T1_AADASPSLN|0.068
P16234|Q3B7T1_DASPSLNRE|0.049
P16234|Q15075_ILQRTPGRV|0.0
P16234|Q15075_GSQGSDLDS|0.0
P16234|Q15075_SDLDSSATP|0.0
P16234|Q15075_DLDSSATPI|0.0
P16234|Q15075_DSSATPINT|0.0
P16234|Q15075_QCMKSLGSA|0.0
P16234|Q15075_DLQASLKEE|0.0
P16234|Q15075_AELQSLEQQ|0.0
P16234|Q15075_VQVQTLMDN|0.0
P16234|Q15075_MDNMTLERE|0.0
P16234|Q15075_RERESEKLK|0.0
P16234|Q15075_EVAVYVQEL|0.44
P16234|Q15075_QKLKSSVNE|0.0
P16234|Q15075_KLKSSVNEL|0.0
P16234|Q15075_VNELTQKNQ|0.026
P16234|Q15075_QSRLSASET|0.0
P16234|Q15075_RLSASETSL|0.0
P16234|Q15075_KEELSEVET|0.0
P16234|Q15075_GEGETAVLN|0.388
P16234|Q15075_DRVLSLETS|0.0
P16234|Q15075_LSLETSVNE|0.0
P16234|Q15075_NELNSQLNE|0.0
P16234|Q15075_KEKVSQLDI|0.0
P16234|Q15075_EALMTELST|0.0
P16234|Q15075_MTELSTVKD|0.0
P16234|Q15075_TELSTVKDK|0.0
P16234|Q15075_KDKLSKVSD|0.031
P16234|Q15075_QMENTLKEQ|0.0
P16234|Q15075_EKEASHQLK|0.0
P16234|Q15075_KEKISVLQN|0.0
P16234|Q15075_LQNNYEKSQ|0.371
P16234|Q15075_NYEKSQETF|0.383
P16234|Q15075_KSQETFKQL|0.0
P16234|Q15075_IKEITNLKD|0.0
P16234|Q15075_ENLGTVKKE|0.0
P16234|Q15075_QRRVSELEK|0.0
P16234|O75530_EREVSTAPA|0.0
P16234|O75530_KQKLSSDEN|0.013
P16234|O75530_TPTNTPNAP|0.006
P16234|O75530_LVFATVGSN|0.0
P16234|O75530_AIKESYDYN|0.382
P16234|O75530_IKESYDYNP|0.422
P16234|O75530_ESYDYNPNK|0.441
P16234|O75530-2_RDPVSPNLR|0.0
P16234|O75530-2_RQHLSCENA|0.0
P16234|P68104_SGKSTTTGH|0.0
P16234|P68104_GKSTTTGHL|0.0
P16234|P68104_GSFKYAWVL|0.348
P16234|P68104_TIDISLWKF|0.0
P16234|P68104_WKFETSKYY|0.067
P16234|P68104_ETSKYYVTI|0.273
P16234|P68104_KNMITGTSQ|0.001
P16234|P68104_MITGTSQAD|0.0
P16234|P68104_EAGISKNGQ|0.0
P16234|P68104_KNGQTREHA|0.294
P16234|P68104_LLAYTLGVK|0.083
P16234|P68104_NKMDSTEPP|0.001
P16234|P68104_KMDSTEPPY|0.377
P16234|P68104_EPPYSQKRY|0.287
P16234|P68104_SQKRYEEIV|0.11
P16234|P68104_VKEVSTYIK|0.323
P16234|P68104_KEVSTYIKK|0.233
P16234|P68104_EVSTYIKKI|0.42
P16234|P68104_DGNASGTTL|0.0
P16234|P68104_ILPPTRPTD|0.0
P16234|P68104_GRVETGVLK|0.001
P16234|P68104_PVNVTTEVK|0.024
P16234|P68104_TEVKSVEMH|0.0
P16234|P68104_VKNVSVKDV|0.145
P16234|P68104_PGQISAGYA|0.14
P16234|P68104_ISAGYAPVL|0.308
P16234|P68104_LDCHTAHIA|0.001
P16234|P68104_IDRRSGKKL|0.0
P16234|P68104_MCVESFSDY|0.207
P16234|P68104_VESFSDYPP|0.393
P16234|P68104_SFSDYPPLG|0.42
P16234|P68104_AGKVTKSAQ|0.0
P16234|P68104_KVTKSAQKA|0.0
P16234|Q05639_SGKSTTTGH|0.0
P16234|Q05639_GKSTTTGHL|0.0
P16234|Q05639_KSTTTGHLI|0.0
P16234|Q05639_GSFKYAWVL|0.404
P16234|Q05639_ETTKYYITI|0.199
P16234|Q05639_TTKYYITII|0.282
P16234|Q05639_KYYITIIDA|0.232
P16234|Q05639_KNMITGTSQ|0.013
P16234|Q05639_MITGTSQAD|0.0
P16234|Q05639_EAGISKNGQ|0.002
P16234|Q05639_KNGQTREHA|0.335
P16234|Q05639_VKEVSAYIK|0.398
P16234|Q05639_EVSAYIKKI|0.578
P16234|Q05639_EALDTILPP|0.0
P16234|Q05639_LQDVYKIGG|0.405
P16234|Q05639_GGIGTVPVG|0.0
P16234|Q05639_GRVETGILR|0.0
P16234|Q05639_VNITTEVKS|0.0
P16234|Q05639_TEVKSVEMH|0.0
P16234|Q05639_HEALSEALP|0.0
P16234|Q05639_IDRRSGKKL|0.0
P16234|Q05639_DMRQTVAVG|0.0
P16234|Q05639_AGKVTKSAQ|0.0
P16234|Q8WVE0_NFSIYIFEY|0.0
P16234|Q8WVE0_ETVKYLTRG|0.0
P16234|Q8WVE0_VKYLTRGKI|0.0
P16234|Q96AZ1_HGTIYLASK|0.355
P16234|P0DPD8___MASPGAG|0.0
P16234|P0DPD8_RNCGYREVE|0.426
P16234|P0DPD8_REVEYWDQR|0.361
P16234|P0DPD8_WDQRYQGAA|0.401
P16234|P0DPD8_TFNSSSEAE|0.0
P16234|P0DPD8_YLNRTANEK|0.0
P16234|P0DPD8_GRPTSTREQ|0.0
P16234|P0DPD8_TLSNSRDFL|0.0
P16234|P24534_EAVSSPPPA|0.0
P16234|P24534_ECVRSIQAD|0.0
P16234|P24534_VPVGYGIKK|0.6
P16234|P24534_AFEDYVQSM|0.312
P16234|P29692_DKFKYDDAE|0.37
P16234|P29692_ERRFYEQMN|0.419
P16234|P29692_SLAGSSGPG|0.0
P16234|P29692_GPGASSGTS|0.0
P16234|P29692_SSGTSGDHG|0.0
P16234|P29692_VENQSLRGV|0.0
P16234|P29692_QQAISKLEA|0.0
P16234|P29692_RLRQYAEKK|0.392
P16234|P29692_VAKSSILLD|0.0
P16234|P29692_ACVRSIQLD|0.09
P16234|P29692_VWGASKLVP|0.0
P16234|P29692_VPVGYGIRK|0.252
P16234|P29692-2_CTLETVWED|0.001
P16234|P29692-2_KRKRSPKSG|0.0
P16234|P29692-2_RSPKSGLGP|0.0
P16234|P29692-2_ERGFYEALF|0.0
P16234|P29692-2_ERRFYEQMN|0.351
P16234|P29692-2_KKPATPAED|0.0
P16234|P29692-2_DLFGSDNEE|0.0
P16234|O43324_LLEKSLGLS|0.0
P16234|O43324_KGNKYSAQG|0.454
P16234|O43324_GNKYSAQGE|0.026
P16234|O43324_ANKEYLLGS|0.001
P16234|O43324_DLNSYLEDK|0.109
P16234|P26641_IAAQYSGAQ|0.0
P16234|P26641_AAQYSGAQV|0.245
P16234|P26641_VRVLSAPPH|0.0
P16234|P26641_LLDAYLKTR|0.524
P16234|P26641_KRKYSNEDT|0.391
P16234|P26641_AFPLSPDWQ|0.151
P16234|P26641_LVREYFSWE|0.286
P16234|P26641_REYFSWEGA|0.006
P16234|P13639_IRNMSVIAH|0.0
P16234|P13639_TLTDSLVCK|0.0
P16234|P13639_ITIKSTAIS|0.0
P16234|P13639_TIKSTAISL|0.0
P16234|P13639_STAISLFYE|0.08
P16234|P13639_ISLFYELSE|0.124
P16234|P13639_PEELYQTFQ|0.114
P16234|P13639_ELYQTFQRI|0.442
P16234|P13639_GEGESGPMG|0.0
P16234|P13639_NGKFSKSAT|0.279
P16234|P13639_KSATSPEGK|0.0
P16234|P13639_KLPRTFCQL|0.0
P16234|P13639_IKLDSEDKD|0.0
P16234|P13639_LQMITIHLP|0.0
P16234|P13639_IHLPSPVTA|0.0
P16234|P13639_KMVPTSDKG|0.0
P16234|P13639_KGRFYAFGR|0.0
P16234|P13639_GRVFSGLVS|0.0
P16234|P13639_MGPNYTPGK|0.004
P16234|P13639_PIQRTILMM|0.0
P16234|P13639_RLAKSDPMV|0.0
P16234|P13639_IIEESGEHI|0.0
P16234|P13639_PVVSYRETV|0.061
P16234|P13639_SYRETVSEE|0.384
P16234|P13639_RETVSEESN|0.0
P16234|P13639_VSEESNVLC|0.0
P16234|P13639_VLCLSKSPN|0.0
P16234|P13639_KGVQYLNEI|0.0
P16234|P13639_EIKDSVVAG|0.0
P16234|P13639_RRCLYASVL|0.258
P16234|P13639_CLYASVLTA|0.0
P16234|P13639_MEPIYLVEI|0.0
P16234|P13639_VGGIYGVLN|0.291
P16234|P13639_QVAGTPMFV|0.0
P16234|P13639_PVNESFGFT|0.0
P16234|P13639_ADLRSNTGG|0.006
P16234|O00418_DEEGYFICP|0.0
P16234|O00418_KVNKYYSNL|0.446
P16234|O00418_VNKYYSNLT|0.451
P16234|O00418_ERYSSSGSP|0.0
P16234|O00418_IKYNSNSGF|0.0
P16234|O00418_VNQNTKLLQ|0.0
P16234|O00418_PQVRTLSGS|0.0
P16234|O00418_LSENSGDEN|0.0
P16234|O00418_VTFDSLPSS|0.0
P16234|O00418_DSLPSSPSS|0.0
P16234|O00418_SSPSSATPH|0.0
P16234|O00418_PSSATPHSQ|0.0
P16234|O00418_WPVFSDLDN|0.0
P16234|O00418_ESENSGDSG|0.0
P16234|O00418_GDSGYPSEK|0.0
P16234|O00418_EHGHSYSNR|0.0
P16234|O00418_SLGSSGRVC|0.0
P16234|O00418_LLNSSRLHL|0.0
P16234|O00418_KIGKSILGK|0.0
P16234|P57772_ARALSTTAS|0.0
P16234|P57772_ALSTTASTA|0.0
P16234|P57772_AMDDYSVIG|0.424
P16234|P57772_FKKETNIQL|0.0
P16234|P57772_KVHLSTGEL|0.0
P16234|P57772_VHLSTGELG|0.0
P16234|P57772_KKILTPALK|0.0
P16234|Q5T9C2_DTKNTRQDN|0.0
P16234|Q5T9C2_PCFKTPPST|0.0
P16234|Q5T9C2_GGTSSGGSS|0.0
P16234|Q5T9C2_SSGGSSTNS|0.0
P16234|Q5T9C2_SGGSSTNSL|0.0
P16234|Q5T9C2_GGSSTNSLT|0.0
P16234|Q5T9C2_SSTNSLTGS|0.0
P16234|Q5T9C2_TNSLTGSRP|0.0
P16234|Q5T9C2_SLTGSRPPK|0.0
P16234|Q5T9C2_DQNLSSPEE|0.0
P16234|Q5T9C2_QNLSSPEEV|0.0
P16234|Q5T9C2_SRNSSYASQ|0.0
P16234|Q5T9C2_QSKISGYST|0.0
P16234|Q5T9C2_HSRSSSLSD|0.0
P16234|Q5T9C2_SRSSSLSDL|0.0
P16234|Q5T9C2_SSSASGGLG|0.0
P16234|Q5T9C2_RKKDSVESH|0.0
P16234|Q5T9C2_DSVESHPTW|0.0
P16234|Q5T9C2_SRDGSATLS|0.0
P16234|Q5T9C2_DGSATLSGI|0.0
P16234|Q5T9C2_IQLATRVSS|0.0
P16234|Q5T9C2_ATRVSSGVY|0.0
P16234|Q5T8I3_ACGHSRTSS|0.0
P16234|Q5T8I3_SRTSSYASQ|0.0
P16234|Q5T8I3_KVSGYSTCH|0.0
P16234|Q5T8I3_SGYSTCHSR|0.002
P16234|Q5T8I3_STCHSRSSS|0.0
P16234|Q5T8I3_CHSRSSSFS|0.0
P16234|Q5T8I3_RRNTSVGST|0.0
P16234|Q5T8I3_TGVESILEP|0.0
P16234|Q5T8I3_DSVESQLKR|0.0
P16234|Q5T8I3_GSGAYEQVV|0.0
P16234|Q7L9B9_GCHRSIPRD|0.0
P16234|Q7L9B9_PSDLSHSRK|0.0
P16234|Q7L9B9_DLSHSRKFS|0.0
P16234|Q7L9B9_ACNFSNILV|0.0
P16234|Q7L9B9_EYREYIGGF|0.17
P16234|Q7L9B9_ICVSSKGSS|0.0
P16234|Q7L9B9_SSKGSSAQH|0.0
P16234|Q7L9B9_SKGSSAQHS|0.0
P16234|Q7L9B9_QHSPSSLRR|0.0
P16234|Q7L9B9_HSPSSLRRD|0.0
P16234|Q7L9B9_HHLATAVPL|0.0
P16234|Q7L9B9_AQLMSVRGL|0.0
P16234|Q7L9B9_VRGLSEKMA|0.0
P16234|Q7L9B9_FAERSRPPS|0.0
P16234|Q7L9B9_SRPPSTHTN|0.0
P16234|Q7L9B9_RPPSTHTNG|0.0
P16234|Q7L9B9_PSTHTNGGL|0.0
P16234|Q7L9B9_LAGPSPYLG|0.0
P16234|Q7L9B9_PRNGSGVAL|0.0
P16234|Q7L9B9_ALERSEANI|0.0
P16234|Q9HAE3_ILHVTFGMT|0.0
P16234|Q9BUY7_ARSRTWEAS|0.0
P16234|Q9BUY7_EAQRYRNEV|0.0
P16234|Q6NXP0_KEDQTPLNP|0.0
P16234|Q6NXP0_LNPASQPQA|0.0
P16234|Q6NXP0_LSQRSKLRQ|0.0
P16234|Q6NXP0_VGKRYRERQ|0.0
P16234|Q6NXP0_VYPATYHPD|0.0
P16234|Q6NXP0_YPATYHPDH|0.0
P16234|Q8IY85_PEIRSLSPE|0.0
P16234|Q8IY85_IRSLSPEYK|0.0
P16234|Q8IY85_GEEKSSDFS|0.0
P16234|Q8IY85_ILRISISDL|0.0
P16234|Q8IY85_RISISDLEM|0.0
P16234|Q8IY85_CYLKYKKKN|0.0
P16234|Q8IY85_KSNQYYSKI|0.0
P16234|Q8IY85_SNQYYSKIM|0.0
P16234|Q8IY85_GGVGSSNVG|0.0
P16234|Q8IY85_VQEPYSKNG|0.0
P16234|Q8IY85_QEPYSKNGI|0.0
P16234|Q8IY85_FKKITELTE|0.0
P16234|Q8IY85_ITELTEAGE|0.0
P16234|Q8IY85_EFIDTMMSN|0.0
P16234|Q8IY85_DTMMSNTEC|0.0
P16234|Q8IY85_DAIETLDDL|0.0
P16234|Q8IY85_LRKETMSVS|0.0
P16234|O75071_NQKSSFQEI|0.0
P16234|O75071_EKIESGEMG|0.0
P16234|O75071_KANLSFSMM|0.252
P16234|O75071_NLSFSMMGD|0.0
P16234|O75071_DSSNSQVSK|0.0
P16234|O75071_NSQVSKLRE|0.0
P16234|O75071_PGVSSTEDL|0.0
P16234|O75071_DGRYSFLEL|0.0
P16234|Q8N7B9__MAVSEIKP|0.0
P16234|Q8N7B9_YGKRTLKPD|0.148
P16234|Q8N7B9_PDICTPPSS|0.0
P16234|Q8N7B9_MDPASGYSN|0.059
P16234|Q8N7B9_NESFYDTFS|0.354
P16234|Q8N7B9_LYDAYVNRN|0.441
P16234|Q8N7B9_SSDTSECYT|0.041
P16234|Q8N7B9_SECYTDSGR|0.111
P16234|Q8N4Y2_ELLGSFEDV|0.0
P16234|Q8N4Y2_RRPPSQNFA|0.0
P16234|Q8N4Y2_GERRSRLEL|0.0
P16234|Q8N4Y2_PRRGSGHLP|0.0
P16234|Q8N4Y2_GHLPSAR__|0.0
P16234|Q8N4Y2-3_PATATGAAQ|0.0
P16234|Q9BSW2_KRSGSVIGK|0.0
P16234|Q9BSW2_VIGKYVDSR|0.11
P16234|Q9BSW2_GILRSQSEE|0.0
P16234|Q9BSW2_LRSQSEEEE|0.0
P16234|Q9BSW2_IPRRSSLGL|0.0
P16234|Q9BSW2_PRRSSLGLS|0.0
P16234|Q9BSW2_GLSGYPLTE|0.257
P16234|Q9BSW2_RRIISVEED|0.0
P16234|Q9BSW2_EEEVSDQGV|0.0
P16234|Q9BSW2_LTPTSPRGQ|0.0
P16234|Q9BSW2_EDRFSPGMA|0.0
P16234|Q9BSW2_QLWDTAGQE|0.104
P16234|Q9BSW2_GQERYRCIT|0.43
P16234|Q9BSW2_LGQGSGQGP|0.0
P16234|Q9BSW2_GPKGSGACL|0.0
P16234|Q9BSW2_HPLDSLEQK|0.017
P16234|Q9BSW2_EEKVYLSRG|0.428
P16234|Q9BSW2_KVYLSRGDE|0.203
P16234|Q9BSW2_IQHLYEEME|0.256
P16234|Q9BSW2_FQARSQELE|0.0
P16234|Q9BSW2_EGQCTALHH|0.0
P16234|Q9BSW2_DKHETKAEN|0.005
P16234|Q9BSW2_RVTESLQRE|0.0
P16234|A4FU69_TEADTPSKF|0.0
P16234|A4FU69_KDLKSEMFE|0.0
P16234|A4FU69_ANHASKTQS|0.0
P16234|A4FU69_HASKTQSKL|0.0
P16234|A4FU69_SRRMSAAEQ|0.0
P16234|A4FU69_SLRESVIEE|0.0
P16234|A4FU69_IEEPYQKSE|0.0
P16234|A4FU69_KSTKYGEPI|0.0
P16234|A4FU69_IKKKYILEI|0.0
P16234|Q5THR3_DGPITREEF|0.0
P16234|Q5THR3_LQAFYNMLR|0.0
P16234|Q5THR3_DLGDTGRIG|0.0
P16234|Q5THR3_FLDFSKEPN|0.005
P16234|Q5THR3_KNALYGFDI|0.27
P16234|Q5THR3_LQQSTEKAV|0.0
P16234|Q5THR3_HKAVTSHYH|0.0
P16234|Q5THR3_KAVTSHYHA|0.239
P16234|Q5THR3_VTSHYHAIT|0.0
P16234|A8K855_SSQKSTPSE|0.0
P16234|A8K855_SQKSTPSES|0.0
P16234|A8K855_TPSESPRTK|0.0
P16234|A8K855_ERDPSPVPK|0.0
P16234|A8MZ26_NRLNYQEFK|0.372
P16234|A8MZ26_EFKLYTIIY|0.038
P16234|A8MZ26_YTIIYTDKL|0.147
P16234|Q12805_CTDGYEWDP|0.092
P16234|Q12805_QRIPSNPSH|0.0
P16234|Q12805_IVYKYMSIR|0.203
P16234|Q12805_RSVPSDIFQ|0.0
P16234|Q12805_NTINTFRIK|0.0
P16234|Q12805_VLVKSLSGP|0.0
P16234|Q12805_VKSLSGPRE|0.0
P16234|O95967_YPGAYNAFQ|0.397
P16234|Q96RP9_ERVLYYTGR|0.314
P16234|Q96RP9_RVLYYTGRI|0.066
P16234|Q96RP9_NIIDTPGHV|0.0
P16234|Q96RP9_HVDFTIEVE|0.0
P16234|Q96RP9_QMKRYNVPF|0.004
P16234|Q96RP9_ERAIYFDGD|0.096
P16234|Q96RP9_EKIPSISDL|0.0
P16234|Q96RP9_TLKRSFTPV|0.0
P16234|Q96RP9_KRSFTPVFL|0.0
P16234|Q96RP9_ILMNSSRDN|0.0
P16234|Q96RP9_DPEDYTKLE|0.296
P16234|Q96RP9_PEDYTKLEF|0.325
P16234|Q96RP9_VINKYLEAT|0.009
P16234|Q96RP9_YLEATGQLP|0.0
P16234|Q96RP9-2_RRSGSQIVR|0.003
P16234|Q8N7U6_ETKNTEPQM|0.0
P16234|Q8N7U6_KVSNYYKTT|0.001
P16234|Q8N7U6_VSNYYKTTS|0.441
P16234|Q8N7U6_GEEGSAYSL|0.0
P16234|Q5JVL4_VPMSTEEQY|0.0
P16234|Q5JVL4_TEEQYRIRQ|0.029
P16234|Q5JVL4_ILGRTFFIY|0.0
P16234|Q5JVL4_TFFIYDCDP|0.0
P16234|Q5JVL4_CDPFTRRYY|0.002
P16234|Q5JVL4_AAQYSPEAL|0.0
P16234|Q5JST6_TFKIYDCDA|0.0
P16234|Q5JST6_CKPPSPPPK|0.0
P16234|Q5JST6_AEELYIGVT|0.07
P16234|Q5JST6_NVNGYLFRL|0.22
P16234|Q9BUP0___MASEELA|0.0
P16234|Q9BUP0_DAELSAQLS|0.0
P16234|Q9BUP0_VQALSSASK|0.0
P16234|Q96C19___MATDELA|0.0
P16234|Q96C19_GGGETPEQP|0.0
P16234|Q96C19_VFNPYTEFK|0.34
P16234|Q96C19_FNPYTEFKE|0.076
P16234|Q96C19_MFKQYDAGR|0.058
P16234|Q96C19_KGAKSFFEA|0.0
P16234|Q96C19_ELQSTFK__|0.044
P16234|P20827_CNRPSAKHG|0.445
P16234|P20827_EGHSYYYIS|0.536
P16234|P20827_HSYYYISKP|0.532
P16234|P20827_RLKVTVSGK|0.41
P16234|P20827_KITHSPQAH|0.171
P16234|P52798_KERKSESAH|0.279
P16234|P52798_RKSESAHPV|0.231
P16234|P52798_HPVGSPGES|0.139
P16234|P52803_VEMLTLVFL|0.495
P16234|P98172_YYKLYLVRP|0.396
P16234|P98172_QEEKSGPGA|0.0
P16234|P98172_GPGASGGSS|0.0
P16234|P98172_ASGGSSGDP|0.0
P16234|P98172_SGGSSGDPD|0.0
P16234|P98172_ALSLSTLAS|0.0
P16234|P98172_YEKVSGDYG|0.133
P16234|P98172_ANIYYKV__|0.421
P16234|P52799_SVWKYCWGV|0.315
P16234|P52799_VDSKTVGQY|0.115
P16234|P52799_HRKHSPQHT|0.219
P16234|P52799_SPQHTTTLS|0.0
P16234|P52799_TTTLSLSTL|0.0
P16234|P52799_TLSLSTLAT|0.425
P16234|P52799_STLATPKRS|0.0
P16234|P52799_YEKVSGDYG|0.209
P16234|P52799_ANIYYKV__|0.447
P16234|Q15768_PGPGSFGRG|0.0
P16234|Q15768_FCPHYEKVS|0.496
P16234|Q15768_PNIYYKV__|0.448
P16234|Q14156_GLVKTDMEK|0.0
P16234|Q14156_DRIGSYLAE|0.0
P16234|Q14156_SPSATDKEE|0.0
P16234|Q14156_VTSGYKAKT|0.28
P16234|Q14156_VERLSVPYV|0.0
P16234|Q14156_SRRKSIVDT|0.0
P16234|Q14156_AIDTSGMEE|0.0
P16234|Q14156_GHAQYQSVP|0.162
P16234|Q9Y2G0_LRPRYKRLV|0.072
P16234|Q9Y2G0_RIGAYLSER|0.0
P16234|Q9Y2G0_AESRSPSPL|0.0
P16234|Q9Y2G0_SRSPSPLQA|0.0
P16234|Q9Y2G0_EMFNTLLRQ|0.0
P16234|Q9Y2G0_EDRLSKRRS|0.0
P16234|Q9Y2G0_AEEITYETL|0.0
P16234|Q9Y2G0_EEITYETLK|0.003
P16234|Q9Y2G0_GARASLLQS|0.0
P16234|O43281_NTAESPQEL|0.0
P16234|O43281_PCPPSPDLI|0.001
P16234|O43281_PDLIYKIPR|0.351
P16234|O43281_ALEVYDVPP|0.382
P16234|O43281_RVPSSGPYD|0.16
P16234|O43281_SSGPYDCPA|0.306
P16234|O43281_DDAPYDVPL|0.313
P16234|O43281_DVPLTPKPP|0.0
P16234|O43281_GPPIYAAPS|0.158
P16234|O43281_LLARSPPPP|0.0
P16234|O43281_PEAPSPSPV|0.182
P16234|O43281_APSPSPVPS|0.0
P16234|O43281_SPVPSPAPG|0.0
P16234|O43281_GRKGSIQDR|0.036
P16234|O43281_HHNEYEGIP|0.204
P16234|O43281_MAEEYDYVH|0.386
P16234|O43281_EEYDYVHLK|0.405
P16234|O43281-2_PCPPSPDLI|0.0
P16234|P43897_YPAGSLLRQ|0.134
P16234|P43897_RLSASASSK|0.0
P16234|P43897_ASASSKELL|0.0
P16234|P43897_RKTGYSFVN|0.447
P16234|P43897_PSGFYVGSY|0.083
P16234|P43897_YVGSYVHGA|0.322
P16234|P43897_GAMQSPSLH|0.0
P16234|P49411_VNVGTIGHV|0.0
P16234|P49411_KFKKYEEID|0.235
P16234|P49411_AHVEYSTAA|0.287
P16234|P49411_GHADYVKNM|0.317
P16234|P49411_HVVVYVNKA|0.435
P16234|P49411_RELLTEFGY|0.385
P16234|P49411_TEFGYKGEE|0.395
P16234|P49411_DAVDTYIPV|0.516
P16234|P49411_AVDTYIPVP|0.485
P16234|P49411_VEAVYSVPG|0.0
P16234|P49411_EAVYSVPGR|0.366
P16234|P49411_LLGHSKNIR|0.0
P16234|P49411_RTVVTGIEM|0.0
P16234|P49411_MFHKSLERA|0.0
P16234|P49411_EAQVYILSK|0.217
P16234|P49411_VYILSKEEG|0.001
P16234|P49411_MFSLTWDMA|0.0
P16234|P49411_TLAMTEEEK|0.0
P16234|Q7Z2Z2_GTLFTSKVL|0.0
P16234|Q7Z2Z2_HISVSEPII|0.011
P16234|Q7Z2Z2_DQIWSFGPR|0.0
P16234|Q7Z2Z2_FEKRTSQKG|0.0
P16234|Q7Z2Z2_EKRTSQKGE|0.0
P16234|Q7Z2Z2_QKGESPLTD|0.0
P16234|Q7Z2Z2_ESPLTDCYG|0.476
P16234|Q7Z2Z2_LTDCYGPFS|0.324
P16234|Q7Z2Z2_MKEGTDMFI|0.0
P16234|Q7Z2Z2_FWVPTTEEE|0.0
P16234|Q7Z2Z2_TEEEYLHFG|0.303
P16234|Q15029_AEEVYGPEV|0.534
P16234|Q15029_PEVETIVQE|0.0
P16234|Q15029_TQPLTEPII|0.002
P16234|Q15029_QDLCYTDIL|0.108
P16234|Q15029_DLCYTDILF|0.173
P16234|Q15029_GIKSTPVTV|0.0
P16234|Q15029_GDINYQEFA|0.317
P16234|Q15029_WGDIYFNPK|0.502
P16234|Q15029_GGVDSDLGE|0.0
P16234|Q15029_GEAMSDCDP|0.412
P16234|Q15029_GRVLSGTIH|0.0
P16234|Q15029_RLWISVARY|0.17
P16234|Q15029_PIVKTATIT|0.592
P16234|Q15029_VKTATITEP|0.0
P16234|Q15029_TATITEPRG|0.003
P16234|Q15029_PVNPSELPK|0.271
P16234|Q15029_RKMYSEIDI|0.315
P16234|Q15029_GPDATGPNI|0.019
P16234|Q15029_LVDDTLPSE|0.191
P16234|Q15029_DTLPSEVDK|0.0
P16234|Q15029_QIIPTARRV|0.0
P16234|Q15029_FLMATPRLM|0.0
P16234|Q15029_PIPGSPLYT|0.461
P16234|Q15029_FGFETDLRT|0.0
P16234|Q15029_RKGLSEDVS|0.207
P16234|Q15029_SEDVSISKF|0.0
P16234|Q15029_DVSISKFFD|0.261
P16234|Q6ZQQ2_LGHSYLVTS|0.029
P16234|Q6ZQQ2_YLVTSPVNQ|0.0
P16234|Q6ZQQ2_EKQGTLRRE|0.0
P16234|Q6ZQQ2_PPPHSIVDE|0.0
P16234|Q6ZQQ2_PKSSYLKNQ|0.028
P16234|Q6ZQQ2_FTDMSFALD|0.0
P16234|Q6ZQQ2_GIDITCPQE|0.0
P16234|Q6ZQQ2_QEPLSFPVG|0.0
P16234|Q6ZQQ2_HPNPTCRRQ|0.0
P16234|Q6ZQQ2_AVPTSAKSP|0.0
P16234|Q6ZQQ2_VPFLTGQKM|0.0
P16234|Q6UXH0_ELRASLLET|0.0
P16234|Q6UXH0_SLLETQMEE|0.0
P16234|P01133_RIFYSTWKM|0.275
P16234|P01133_GYALSRDRK|0.014
P16234|Q0D2K5_NLALSRRSS|0.0
P16234|Q0D2K5_SPMKYQQNV|0.001
P16234|Q0D2K5_LCKFSFKIG|0.031
P16234|Q8IUX8_CFPGYTGKT|0.268
P16234|Q9UHF1_VQRVYQPFL|0.012
P16234|Q9UHF1_QPFLTTCDG|0.0
P16234|Q9UHF1_ACSTYRTIY|0.361
P16234|Q99944_PEPPTSASI|0.0
P16234|Q99944_EPPTSASIL|0.0
P16234|Q99944_PTSASILSV|0.0
P16234|Q99944_ASILSVAVR|0.0
P16234|Q63HQ2_EYRVSIAAY|0.296
P16234|Q63HQ2_SIAAYSQAG|0.411
P16234|Q63HQ2_KGRLSSPRH|0.0
P16234|Q63HQ2_GRLSSPRHV|0.0
P16234|Q63HQ2_IQMDSMVIK|0.0
P16234|Q63HQ2_SHGPSPRSW|0.0
P16234|Q63HQ2_DLDISFEEV|0.0
P16234|Q63HQ2_PLPATKGGN|0.0
P16234|Q63HQ2_SKKMSISNP|0.0
P16234|P00533_NYDLSFLKT|0.321
P16234|P00533_RGNMYYENS|0.429
P16234|P00533_GNMYYENSY|0.504
P16234|P00533_YENSYALAV|0.446
P16234|P00533_AVRFSNNPA|0.437
P16234|P00533_SINATNIKH|0.074
P16234|P00533_LKEISDGDV|0.122
P16234|P00533_HALCSPEGC|0.186
P16234|P00533_QCAHYIDGP|0.297
P16234|P00533_PKIPSIATG|0.001
P16234|P00533_PSIATGMVG|0.109
P16234|P00533_REATSPKAN|0.281
P16234|P00533_CLLDYVREH|0.428
P16234|P00533_KGMNYLEDR|0.402
P16234|P00533_PPICTIDVY|0.439
P16234|P00533_SPSTSRTPL|0.128
P16234|P00533_STSRTPLLS|0.0
P16234|P00533_SNNSTVACI|0.0
P16234|P00533_NGLQSCPIK|0.01
P16234|P00533_SSDPTGALT|0.411
P16234|P00533_YINQSVPKR|0.092
P16234|P00533_QDPHSTAVG|0.328
P16234|P00533_DPHSTAVGN|0.471
P16234|P00533_EYLNTVQPT|0.525
P16234|P00533_TVQPTCVNS|0.38
P16234|P00533_CVNSTFDSP|0.118
P16234|P00533_STFDSPAHW|0.024
P16234|P00533_AQKGSHQIS|0.067
P16234|P00533_FKGSTAENA|0.085
P16234|Q9GZT9_MANDSGGPG|0.0
P16234|Q9GZT9_GDALSPGGG|0.0
P16234|Q9GZT9_ALHDTGKFT|0.0
P16234|Q9GZT9_PGNGTGYVR|0.149
P16234|Q9GZT9_VKYLTGEKG|0.361
P16234|Q96KS0_RATATSTTA|0.0
P16234|Q96KS0_EGGMSCSCS|0.014
P16234|Q96KS0_GMSCSCSSG|0.0
P16234|Q96KS0_SCSCSSGSG|0.0
P16234|Q96KS0_CSCSSGSGE|0.0
P16234|Q96KS0_ITVWYFDAK|0.356
P16234|Q9H6Z9_PGNGTGYVR|0.229
P16234|Q9H6Z9_YATRYAMTV|0.419
P16234|Q9H6Z9_RYAMTVWYF|0.401
P16234|Q9H6Z9_MTVWYFDAE|0.285
P16234|P18146_LTAESFPDI|0.0
P16234|P18146_NSGNTLWPE|0.166
P16234|P18146_CAVPSNDSS|0.147
P16234|P18146_THIRTHTGE|0.0
P16234|P11161_GEKRSLDLP|0.0
P16234|P11161_LDLPYPSSF|0.162
P16234|P11161_LPYPSSFAP|0.271
P16234|P11161_PPPLTPLST|0.0
P16234|P11161_THIRTHTGE|0.0
P16234|P11161_IRTHTGEKP|0.0
P16234|Q06889_THIRTHTGE|0.0
P16234|Q06889_IRTHTGEKP|0.011
P16234|Q05215_THVRTHTGE|0.351
P16234|Q05215_VRTHTGEKP|0.0
P16234|Q8NDI1_IENESPSGR|0.0
P16234|Q8NDI1_EEPITETAS|0.0
P16234|Q8NDI1_PITETASPR|0.0
P16234|Q8NDI1_SPRKTEDSF|0.001
P16234|Q8NDI1_EDSFYNNSY|0.303
P16234|Q8NDI1_QTPQYLNPF|0.236
P16234|Q8NDI1_SKYLYADSS|0.307
P16234|Q8NDI1_LYADSSKTE|0.0
P16234|Q8NDI1_ELDESNPFY|0.0
P16234|Q8NDI1_EPKSTPPPN|0.0
P16234|Q8NDI1_ENTVSAGKD|0.0
P16234|Q8NDI1_TDTNSSVDQ|0.0
P16234|Q8NDI1_DTNSSVDQE|0.0
P16234|Q8NDI1_QEKFYAELS|0.245
P16234|Q8NDI1_YAELSDLKR|0.0
P16234|Q8NDI1_YCRRTKSDT|0.0
P16234|Q8NDI1_RRTKSDTEP|0.0
P16234|Q8NDI1_SSGRTSGSD|0.0
P16234|Q8NDI1_RTSGSDDPG|0.0
P16234|Q8NDI1_TLELSDLYV|0.001
P16234|Q8NDI1_LSDLYVSDK|0.244
P16234|Q8NDI1_ICEETDEQK|0.0
P16234|Q8NDI1_LDIGSNLEK|0.0
P16234|Q8NDI1_ENSRSLECR|0.0
P16234|Q8NDI1_LECRSDPES|0.0
P16234|Q8NDI1_SDPESPIKK|0.0
P16234|Q8NDI1_PIKKTSLSP|0.0
P16234|Q8NDI1_KTSLSPTSK|0.0
P16234|Q8NDI1_SKLGYSYSR|0.0
P16234|Q8NDI1_KLGYSYSRD|0.0
P16234|Q8NDI1_LGYSYSRDL|0.001
P16234|Q8NDI1_GYSYSRDLD|0.0
P16234|Q8NDI1_RQTESDPDA|0.0
P16234|Q8NDI1_HRLLSRQEE|0.0
P16234|Q8NDI1_TNTATPFCN|0.0
P16234|Q8NDI1_SELPSYGEM|0.0
P16234|Q8NDI1_ELPSYGEMA|0.0
P16234|Q8NDI1_NSPSSAAQK|0.0
P16234|Q8NDI1_QKAVTESSE|0.0
P16234|Q8NDI1_AVTESSEQD|0.0
P16234|Q8NDI1_VTESSEQDM|0.0
P16234|Q8NDI1_SKDSTVRKT|0.002
P16234|Q8NDI1_TQLQSFSQY|0.0
P16234|Q8NDI1_SFSQYIENR|0.214
P16234|Q8NDI1_KRQRSIQED|0.0
P16234|Q8NDI1_IQEDTKKGN|0.0
P16234|Q8NDI1_GFKDTSQYV|0.114
P16234|Q8NDI1_KRLRYLMDT|0.313
P16234|Q8N3D4_IQNPYRGTV|0.386
P16234|Q8N3D4_SVTLYRDPH|0.035
P16234|Q8N3D4_QAVASPSNA|0.0
P16234|Q8N3D4_AEDTSPAPV|0.0
P16234|Q8N3D4_RGQGSERAN|0.0
P16234|Q8N3D4_DTAPTPAPR|0.0
P16234|Q8N3D4_VPKASGAPP|0.0
P16234|Q8N3D4_RLGPSIEDK|0.0
P16234|Q8N3D4_EEMDTEDRP|0.0
P16234|Q8N3D4_RPEASGVDT|0.0
P16234|Q8N3D4_GPEATGVMP|0.0
P16234|Q8N3D4_RCRGTPEAP|0.0
P16234|Q8N3D4_PPRGSQGRL|0.0
P16234|Q8N3D4_PAGHSGQLG|0.0
P16234|Q8N3D4_GFPETRTLE|0.0
P16234|Q8N3D4_PETRTLEIE|0.0
P16234|Q8N3D4_EAGGSGVLQ|0.0
P16234|Q8N3D4_KILGTQEIT|0.0
P16234|Q8N3D4_RVLMTRKTE|0.0
P16234|Q8N3D4_MTRKTEIIV|0.0
P16234|Q8N3D4_EEAQTSGVQ|0.0
P16234|Q8N3D4_EAQTSGVQE|0.0
P16234|Q8N3D4_SALKYEALR|0.374
P16234|Q8N3D4_PENKSGTFK|0.0
P16234|Q8N3D4_EAEGSLTEA|0.0
P16234|Q8N3D4_LTEASLPEA|0.0
P16234|Q8N3D4_APRASSPEK|0.0
P16234|Q8N3D4_PRASSPEKA|0.0
P16234|Q8N3D4_MVLLSVPDK|0.0
P16234|Q8N3D4_YRVGSAQPS|0.032
P16234|Q8N3D4_AGRASKDGG|0.0
P16234|Q8N3D4_GEPGSVPPP|0.0
P16234|Q8N3D4_HGSFSHVRD|0.0
P16234|Q8N3D4_EPPPSPGEE|0.0
P16234|Q8N3D4_RFQDTSQYV|0.0
P16234|Q8N3D4_DTSQYVCAE|0.0
P16234|Q8N3D4_RRKLSRQLS|0.0
P16234|Q8N3D4_SRQLSRRER|0.0
P16234|Q9H4M9_LRQLYAQKL|0.307
P16234|Q9H4M9_LEEHYRFHE|0.243
P16234|Q9H4M9_GQYSTGKTT|0.0
P16234|Q9H4M9_DQIETQQLM|0.0
P16234|Q9H4M9_KDIQSLPRN|0.0
P16234|Q9H4M9_LGEIYQKIE|0.075
P16234|Q9H4M9_EHQISPGDF|0.0
P16234|Q9H4M9_AFDGTMNGP|0.33
P16234|Q9H4M9_FGHGYGEGA|0.277
P16234|Q9H4M9_KDKPTYDEI|0.011
P16234|Q9H4M9_DKPTYDEIF|0.319
P16234|Q9H4M9_KLPNTVLGK|0.0
P16234|Q9NZN4_EAIRTVTSA|0.0
P16234|Q9NZN4_IRTVTSALK|0.0
P16234|Q9NZN4_RTVTSALKE|0.0
P16234|Q9NZN4_LEEHYRFGA|0.0
P16234|Q9NZN4_RVHAYIISY|0.0
P16234|Q9NZN4_YIISYLKKE|0.105
P16234|Q9NZN4_TKFHSLKPK|0.0
P16234|Q9NZN4_TKDKSKYDE|0.132
P16234|Q9NZN4_DKSKYDEIF|0.288
P16234|Q9NZN4_SKAKTWMVG|0.014
P16234|Q9NZN3_LEEHYRFHE|0.032
P16234|Q9NZN3_GQYSTGKTT|0.0
P16234|Q9NZN3_DQIETQQLM|0.0
P16234|Q9NZN3_RDIQSLPRN|0.0
P16234|Q9NZN3_LAEIYGRIE|0.001
P16234|Q9NZN3_DEIFYTLSP|0.218
P16234|Q9NZN3_DGKITGANA|0.0
P16234|Q9H223_LVGQYSTGK|0.0
P16234|Q9H223_FRKLSRFGN|0.001
P16234|Q9H223_RFMCSQLPN|0.06
P16234|Q9H223_SVIDSPGIL|0.0
P16234|Q9H223_KVINTPEVL|0.403
P16234|Q9H223_KVHAYIISY|0.285
P16234|Q9H223_YIISYLKKE|0.078
P16234|Q9H223_TKFHSLKPK|0.0
P16234|Q9H223_QEETSTPTQ|0.0
P16234|Q9H223_LVPPSHRKS|0.0
P16234|Q9H223_SHRKSLPKA|0.0
P16234|Q9NZC4_PVAESPDMK|0.0
P16234|Q9NZC4_AKCHTKKHN|0.019
P16234|Q9NZC4_RFLKSEAVA|0.0
P16234|Q08426_NAISTTLLR|0.0
P16234|Q08426_AISTTLLRD|0.0
P16234|Q08426_LDLITSGRR|0.0
P16234|Q08426_AQRVSDQPL|0.0
P16234|Q08426_QPLESRRLC|0.0
P16234|Q08426_AAVQYPYEV|0.439
P16234|Q08426_ANKWSTPSG|0.0
P16234|Q08426_RPVSSVGVV|0.0
P16234|Q08426_VGLGTMGRG|0.0
P16234|Q08426_KMITSVLEK|0.0
P16234|Q08426_PRLTSSVKE|0.0
P16234|Q08426_GKGWYQYDK|0.403
P16234|Q08426_GWYQYDKPL|0.43
P16234|Q08426_GPMFYASTV|0.445
P16234|Q08426_KLQKYYRQN|0.299
P16234|Q08426_LQKYYRQNP|0.115
P16234|Q08426_KKLASQGNP|0.0
P16234|Q08426_KEWQSLAGS|0.0
P16234|Q9H329_FRVKYYSSE|0.36
P16234|Q9H329_CRGKSPAQA|0.0
P16234|Q9H329_FRLRTPGNS|0.0
P16234|Q9H329_GRTEYQATH|0.006
P16234|Q9H329_EYQATHGSR|0.0
P16234|Q9H329_ATHGSRLRR|0.0
P16234|Q9H329_RLRRTSTFE|0.0
P16234|Q9H329_LRRTSTFER|0.0
P16234|Q9H329_RRTSTFERK|0.0
P16234|Q9H329_ERKPSKRYP|0.0
P16234|Q9H329_SRRHSTFKA|0.0
P16234|Q9H329_RRHSTFKAS|0.0
P16234|Q9H329_TFKASNPVI|0.0
P16234|Q9H329_EVHNYQPQY|0.26
P16234|Q9H329_YQPQYHPNI|0.251
P16234|Q9H329_EKKVSEKTL|0.0
P16234|Q9H329_VSEKTLQTP|0.0
P16234|Q9H329_KTLQTPLLP|0.0
P16234|Q9H329_PLLPSPVAD|0.0
P16234|Q9H329_KEETTGVCM|0.0
P16234|Q9H329_PPIKTRLIK|0.0
P16234|Q9H329-2_RLRRTSTFE|0.0
P16234|Q9H329-2_RRTSTFERK|0.0
P16234|Q9H329-2_SRRHSTFKA|0.0
P16234|Q9H329-2_RRHSTFKAS|0.0
P16234|Q9H329-2_EVHNYQPQY|0.0
P16234|Q9H329-2_YQPQYHPNI|0.0
P16234|Q9H329-2_WHPHSPNVR|0.0
P16234|Q9H329-2_NVRPSFQDD|0.0
P16234|Q9H329-2_HWKASASGD|0.0
P16234|Q9H329-2_KASASGDDS|0.0
P16234|Q9H329-2_SGDDSHFDY|0.0
P16234|Q9H329-2_QSMMYRDKL|0.0
P16234|Q9H9B1_ADEGSAEKQ|0.0
P16234|Q9H9B1_AAKHTQDSA|0.0
P16234|Q9H9B1_QNHVTADDF|0.062
P16234|Q9H9B1_PLRTTSTLA|0.0
P16234|Q9H9B1_GKGRTPSAF|0.0
P16234|Q9H9B1_AFPQTPAAP|0.0
P16234|Q9H9B1_AAFPTEDSR|0.0
P16234|Q9H9B1_PTEDSRTSK|0.0
P16234|Q9H9B1_EDSRTSKES|0.0
P16234|Q9H9B1_DSRTSKESM|0.0
P16234|Q9H9B1_TSKESMSEA|0.0
P16234|Q9H9B1_KESMSEADR|0.0
P16234|Q9H9B1_DSTGYMEVS|0.22
P16234|Q9H9B1_RCTNSVVKY|0.432
P16234|Q9H9B1_SVVKYELMR|0.156
P16234|Q9H9B1_TSTVTPVPG|0.0
P16234|Q9H9B1_LGRPTPGLS|0.0
P16234|Q9H9B1_IALDSEKPK|0.0
P16234|Q9H9B1_RENRYDCVV|0.44
P16234|Q9H9B1_QRQASAAQE|0.0
P16234|Q96KQ7_RSEETLPKA|0.0
P16234|Q96KQ7_HATKSFPSS|0.0
P16234|Q96KQ7_KSFPSSPSK|0.0
P16234|Q96KQ7_SFPSSPSKG|0.0
P16234|Q96KQ7_PSSPSKGGS|0.0
P16234|Q96KQ7_RAKMSMTGA|0.0
P16234|Q96KQ7_KSPPSVQSL|0.0
P16234|Q96KQ7_MRLLSMPGA|0.0
P16234|Q96KQ7_DDVHSLGKV|0.0
P16234|Q96KQ7_GGGLSEELG|0.0
P16234|Q96KQ7_WVKPSRKRR|0.0
P16234|Q96KQ7_PPAGTAAPA|0.001
P16234|Q96KQ7_IDARYYGNI|0.18
P16234|Q96KQ7_DARYYGNIS|0.204
P16234|Q96KQ7_YGNISRFIN|0.0
P16234|Q96KQ7_ALEQSRLAR|0.0
P16234|Q96KQ7-2_SFPSSPSKG|0.0
P16234|P48553_EWRRSYGRA|0.365
P16234|P48553_WRRSYGRAP|0.354
P16234|P48553_KKNKTNILP|0.0
P16234|P48553_VGLWSYATE|0.278
P16234|P48553_GLWSYATEK|0.438
P16234|P48553_EKLKSLGYL|0.0
P16234|P48553_KSLGYLCGL|0.351
P16234|P48553_DLNRTVDLL|0.005
P16234|P48553_ERPETANTA|0.0
P16234|P48553_QPSDSPGHK|0.0
P16234|P48553_ALELYEMFE|0.385
P16234|P48553_MFERSPSDN|0.0
P16234|P48553_ERSPSDNSL|0.0
P16234|P48553_LEMPSGVAL|0.0
P16234|P48553_RVKFTVTTG|0.327
P16234|P48553_KFTVTTGHY|0.25
P16234|P48553_FTVTTGHYT|0.332
P16234|P48553_DKQRTGRCM|0.0
P16234|P48553_PWSIYSTVI|0.223
P16234|P48553_RTTHSLLSS|0.0
P16234|P48553_PDSSSLKSR|0.0
P16234|P48553_SSLKSRGSV|0.0
P16234|P48553_KSRGSVHSA|0.0
P16234|O14681_RRRASSVLA|0.0
P16234|O14681_RRASSVLAQ|0.0
P16234|O14681_QSALSSSTS|0.0
P16234|O14681_SALSSSTSA|0.0
P16234|O14681_LSSSTSAEK|0.0
P16234|Q9Y6B2____MSEMAE|0.0
P16234|Q9Y6B2_MAELSELYE|0.0
P16234|Q8N6I1_AGRESPAAA|0.0
P16234|Q8N6I1_FLRHYLENY|0.183
P16234|P41567_LPAGTEDYI|0.0
P16234|P41567_NGRKTLTTV|0.0
P16234|P41567_ACNGTVIEH|0.0
P16234|P41567_EHPEYGEVI|0.154
P16234|Q8N9N8_VSMPSKYRK|0.0
P16234|Q8N9N8_RNRQTQPEL|0.0
P16234|Q8N9N8_EPQLSGEES|0.0
P16234|Q8N9N8_SGEESSSED|0.0
P16234|Q8N9N8_GEESSSEDD|0.0
P16234|Q8N9N8_EESSSEDDS|0.0
P16234|Q8N9N8_NRRQYHESE|0.252
P16234|P47813_DGQEYAQVI|0.043
P16234|P47813_VWINTSDII|0.0
P16234|P47813_WINTSDIIL|0.0
P16234|P47813_VILKYNADE|0.188
P16234|P47813_DEARSLKAY|0.01
P16234|P47813_SLKAYGELP|0.0
P16234|O14602_DGQEYAQVI|0.01
P16234|O14602_VWINTSDII|0.0
P16234|O14602_WINTSDIIL|0.0
P16234|O14602_VILKYNADE|0.15
P16234|O14602_DEARSLKAY|0.005
P16234|O14602_SLKAYGELP|0.0
P16234|O60739_LPAGTEDYI|0.0
P16234|O60739_GTEDYIHIR|0.483
P16234|O60739_NGRKTLTTV|0.0
P16234|O60739_EHPEYGEVI|0.202
P16234|P05198_VNVRSIAEM|0.0
P16234|P05198_KEKGYIDLS|0.041
P16234|P05198_YIDLSKRRV|0.34
P16234|P05198_KRRVSPEEA|0.004
P16234|P05198_KTVYSILRH|0.423
P16234|P05198_KRPGYGAYD|0.436
P16234|P05198_GYGAYDAFK|0.545
P16234|P05198_NRRLTPQAV|0.0
P16234|P05198_EVACYGYEG|0.503
P16234|P05198_ACYGYEGID|0.411
P16234|P05198_GLNCSTENM|0.001
P16234|P05198_APPRYVMTT|0.357
P16234|P05198_TLERTEGLS|0.0
P16234|P05198_DTDETELAR|0.036
P16234|P20042_GDTQTEETQ|0.0
P16234|P20042_ETQPSETKE|0.0
P16234|P20042_ERDYTYEEL|0.36
P16234|P20042_RDYTYEELL|0.133
P16234|P20042_YIKEYVTCH|0.396
P16234|P20042_VTCHTCRSP|0.001
P16234|P20042_HTCRSPDTI|0.0
P16234|P20042_DTRLYFLQC|0.36
P16234|P20042_HSRCSVASI|0.0
P16234|P41091_EAGVTLGQP|0.0
P16234|P41091_QPHLSRQDL|0.0
P16234|P41091_AHGKSTVVK|0.0
P16234|P41091_HGKSTVVKA|0.0
P16234|P41091_ECYRSCGSS|0.0
P16234|P41091_CGSSTPDEF|0.0
P16234|P41091_VVCEYIVKK|0.099
P16234|P41091_PGIVSKDSE|0.0
P16234|P41091_NDLQYAAPG|0.301
P16234|P41091_VNIGSLSTG|0.0
P16234|P41091_IGSLSTGGR|0.0
P16234|P41091_GSLSTGGRV|0.0
P16234|P41091_GGRVSAVKA|0.0
P16234|P41091_NPVCTEVGE|0.0
P16234|Q9BY44__MAPSTPLL|0.01
P16234|Q9BY44_TPLLTVRGS|0.0
P16234|Q9BY44_SPKNTVLAT|0.066
P16234|Q9BY44_TVLATWQPY|0.42
P16234|Q9BY44_SKDGTAGIP|0.0
P16234|Q9BY44_DFVLSPGPQ|0.002
P16234|Q9BY44_VIASTDVDK|0.0
P16234|Q9BY44_KTGASYYGE|0.028
P16234|Q9BY44_TGASYYGEQ|0.26
P16234|Q9BY44_GASYYGEQT|0.256
P16234|Q9BY44_QTLHYIATN|0.108
P16234|Q9BY44_ASDSTYFAW|0.23
P16234|Q9BY44_SDSTYFAWC|0.397
P16234|Q9BY44_HYTGSILHK|0.253
P16234|Q9BY44_KTITYQAVP|0.336
P16234|Q9BY44_VATAYRPPA|0.252
P16234|Q9BY44_RNTVSQSIS|0.0
P16234|Q14232_AAIRTLLEF|0.0
P16234|Q14232_ASLEYSDYS|0.432
P16234|Q14232_SLEYSDYSK|0.298
P16234|Q14232_LTHAYSRVV|0.152
P16234|Q14232_KKRFSVYVT|0.263
P16234|P49770_RQIITDHRW|0.0
P16234|P49770_LHGRSDESD|0.0
P16234|P49770_RSDESDQQE|0.0
P16234|P49770_GFSRTVEAF|0.176
P16234|Q9UI10_RLPEYPQVD|0.373
P16234|Q9UI10_HLPQYSRQN|0.33
P16234|Q9UI10_LPQYSRQNS|0.0
P16234|Q9UI10_SRQNSLTQF|0.0
P16234|Q9UI10_LGLQYSQGL|0.002
P16234|Q9UI10_YQKISNGDV|0.197
P16234|Q9UI10_YGCSSLVSR|0.104
P16234|Q9UI10_GVPASYLLI|0.0
P16234|Q9UI10_VPASYLLIP|0.318
P16234|Q9UI10_LPEVSKVLL|0.0
P16234|Q9UI10-2_GSAVSAAQC|0.0
P16234|Q9UI10-2_CQGPTRELP|0.002
P16234|Q9UI10-2_ELPESGIQL|0.0
P16234|Q13144_ANKRSGAGP|0.0
P16234|Q13144_GPGGSGGGG|0.0
P16234|Q13144_VSVMTMIFK|0.0
P16234|Q13144_RRWVYPLTP|0.475
P16234|Q13144_LPEGSVISL|0.0
P16234|Q13144_KMKGYNPAE|0.041
P16234|Q13144_NSLKYAYNI|0.502
P16234|Q13144_QQMDSPLDS|0.0
P16234|Q9NR50_DSLRYIYPK|0.409
P16234|Q9NR50_MENGSITSI|0.0
P16234|Q9NR50_SLDIYSFIK|0.039
P16234|Q9NR50_LDIYSFIKE|0.029
P16234|Q9NR50_CSRVSTLGL|0.027
P16234|Q9NR50_CLIGSGQRI|0.0
P16234|P41214_AIKGSDRRK|0.0
P16234|P41214_LALDSADLS|0.0
P16234|P41214_MRHMTLEGE|0.0
P16234|P41214_PTSQTIQEG|0.0
P16234|P41214_HKKGSFLEG|0.0
P16234|P41214_LPWDSLLTR|0.0
P16234|O75822_GGGGTAGGD|0.0
P16234|O75822_EVKISEKKK|0.0
P16234|O75822_NNAVYGIDA|0.0
P16234|O75822_RDDFTEFGK|0.324
P16234|O75822_EKSLYYASF|0.416
P16234|O75822_TVLCSEKQK|0.0
P16234|O75822_GLKATMKDD|0.0
P16234|O75822_DLADYGGYD|0.425
P16234|O75822_DYGGYDGGY|0.417
P16234|O75822_YDGGYVQDY|0.38
P16234|Q13347_ERSITQIKY|0.004
P16234|Q13347_SADNSCRLW|0.0
P16234|Q13347_NNEPYMKIP|0.421
P16234|Q13347_RPVNSAALS|0.0
P16234|Q13347_SAALSPNYD|0.118
P16234|Q13347_LSPNYDHVV|0.267
P16234|Q13347_AMDVTTTST|0.0
P16234|Q13347_DGKSYSSGG|0.0
P16234|Q13347_GKSYSSGGE|0.0
P16234|Q13347_KSYSSGGED|0.051
P16234|O75821___MPTGDFD|0.0
P16234|O75821_DKCVTSELL|0.0
P16234|O75821_TVTEYKIDE|0.124
P16234|O75821_KIVRTFRIE|0.0
P16234|O75821_KFGNSEFDP|0.0
P16234|O75821_TTTVSDDVS|0.0
P16234|O75821_SDDVSMTFI|0.0
P16234|O75821_LGLSTGEKE|0.0
P16234|O75821_PVQATQNKT|0.0
P16234|O75821_KTGKYVPPS|0.016
P16234|O75821_YVPPSLRDG|0.0
P16234|O75821_DDNATIRVT|0.007
P16234|O75821_FAFISFHRR|0.0
P16234|O00303_SIVDSYERR|0.376
P16234|O00303_PHNESEDEV|0.0
P16234|O00303_GVMFTPLTV|0.258
P16234|O00303_VKYAYYDTE|0.39
P16234|O00303_AYYDTERIG|0.204
P16234|O00303_VIGLSSDLQ|0.079
P16234|O00303_IGLSSDLQQ|0.0
P16234|P55884_SEVRTEPAA|0.001
P16234|P55884_FGKITNDFY|0.479
P16234|P55884_EDGKTKGYI|0.411
P16234|P55884_KTKGYIFLE|0.381
P16234|P55884_IFLEYASPA|0.401
P16234|P55884_NADGYKLDK|0.42
P16234|P55884_VNLFTDFDK|0.276
P16234|P55884_DFDKYMTIS|0.356
P16234|P55884_VIFESGDRT|0.502
P16234|P55884_WTETYVRWS|0.485
P16234|P55884_RYLVTFSPL|0.505
P16234|P55884_LVTFSPLMD|0.321
P16234|P55884_PLMDTQDDP|0.416
P16234|P55884_LDTLSIYET|0.0
P16234|P55884_TLSIYETPS|0.617
P16234|P55884_LDKKSLKIS|0.0
P16234|P55884_SLKISGIKD|0.0
P16234|P55884_DFSWSPGGN|0.001
P16234|P55884_TPKGTQGVV|0.001
P16234|P55884_QGVVTNFEI|0.388
P16234|P55884_EPNGSKFAV|0.0
P16234|P55884_PRPPTLLSQ|0.0
P16234|P55884_PTLLSQEQI|0.0
P16234|P55884_ERRRTMMED|0.411
P16234|P55884_AQELYMEQK|0.487
P16234|Q14152__MPAYFQRP|0.495
P16234|Q14152_LDVLYDVMK|0.435
P16234|Q14152_KEGLYQYKN|0.422
P16234|Q14152_HGLFSLSKK|0.0
P16234|Q14152_LHRLYHLSR|0.0
P16234|Q14152_LYHLSREMR|0.005
P16234|Q14152_RKNLTQDEM|0.146
P16234|Q14152_VLLATLSIP|0.0
P16234|Q14152_LATLSIPIT|0.0
P16234|Q14152_SIPITPERT|0.0
P16234|Q14152_SDLNYATRE|0.304
P16234|Q14152_TAMSSVLAK|0.0
P16234|Q14152_ARRQTIEER|0.0
P16234|Q14152_IKKKTVRER|0.0
P16234|Q14152_QIKKTELGA|0.0
P16234|Q14152_ELREYQERV|0.399
P16234|Q14152_SRKDSRWGD|0.0
P16234|Q14152_DSEGTWRKG|0.0
P16234|Q14152_EDRFSRRGA|0.0
P16234|Q14152_DDRPSWRNT|0.0
P16234|Q14152_DDRLSRRAD|0.005
P16234|Q14152_PAEESSSWR|0.0
P16234|Q14152_AEESSSWRD|0.0
P16234|Q14152_EEVSSWRRA|0.0
P16234|Q14152_KEKASWRAE|0.0
P16234|Q14152_SLRRTKNET|0.0
P16234|Q14152_TKNETDEDG|0.0
P16234|Q14152_EDGWTTVRR|0.0
P16234|Q14152_DGWTTVRR_|0.365
P16234|O75153_PFQVYSWTA|0.001
P16234|O75153_FQVYSWTAP|0.0
P16234|O75153_VYSWTAPQA|0.0
P16234|O75153_SRLGYEEHI|0.0
P16234|O75153_TAAATRGAM|0.0
P16234|O75153_EEEGSSASG|0.0
P16234|O75153_GELITRSAK|0.0
P16234|O75153_LLKEYSFDS|0.0
P16234|O75153_LKEYSFDSR|0.0
P16234|O75153_YSFDSRHKP|0.0
P16234|O75153_DHEKTKESS|0.0
P16234|O75153_MNEIYRNGS|0.0
P16234|O75153_YRNGSSANI|0.0
P16234|O75153_GDLGSQPPA|0.0
P16234|O75153_AKDPSPSVQ|0.0
P16234|O15371_RDMPYQPFS|0.168
P16234|O15371_YQPFSKGDR|0.022
P16234|O15371_VADWTGATY|0.351
P16234|O15371_WTGATYQDK|0.264
P16234|O15371_TGATYQDKR|0.23
P16234|O15371_QDKRYTNKY|0.44
P16234|O15371_GGSQYAYFH|0.399
P16234|O15371_VEVRSDWEV|0.021
P16234|O15371_KLAKTQGNV|0.0
P16234|O15371_QRVGSKLFF|0.0
P16234|O15371_AMEATYINH|0.103
P16234|O15371_ASVAYRYRR|0.359
P16234|O15371_VAYRYRRWK|0.593
P16234|O15371_AGSEYLKLG|0.002
P16234|O15371_EEEET____|0.0
P16234|Q99613_EELVTKPVG|0.0
P16234|Q99613_VGGNYGKQP|0.02
P16234|Q99613_FEELTNLIR|0.0
P16234|Q99613_NLIRTIRNA|0.0
P16234|Q99613_KALSTLRQK|0.023
P16234|Q99613_LKKKSEAPS|0.0
P16234|Q99613_SEAPSGESR|0.0
P16234|Q99613_EGKQTALAS|0.0
P16234|Q99613_KKAPTTDED|0.0
P16234|Q99613_KAPTTDEDK|0.0
P16234|Q99613_HSQEYVEHL|0.0
P16234|Q99613_GSSKSEQDQ|0.0
P16234|Q99613_LYNRTMVQL|0.22
P16234|Q99613_GPPESMREH|0.0
P16234|Q99613_KTCHSFIIN|0.0
P16234|Q99613_IQEESLRTY|0.0
P16234|Q99613_EKLGSLVEN|0.0
P16234|Q99613_HKQGTYGGY|0.005
P16234|Q99613_KQGTYGGYF|0.409
P16234|Q99613_TYGGYFRDQ|0.093
P16234|Q99613_QKDGYRKNE|0.323
P16234|Q99613_KNEGYMRRG|0.091
P16234|Q99613_RRGGYRQQQ|0.442
P16234|Q99613_QQSQTAY__|0.232
P16234|Q99613_SQTAY____|0.309
P16234|B5ME19_SRFFTTGSD|0.23
P16234|B5ME19_RFFTTGSDS|0.0
P16234|B5ME19_FTTGSDSES|0.0
P16234|B5ME19_TGSDSESES|0.0
P16234|B5ME19_SDSESESSL|0.0
P16234|B5ME19_SESESSLSG|0.0
P16234|B5ME19_ESESSLSGE|0.0
P16234|B5ME19_ESSLSGEEL|0.0
P16234|B5ME19_EELVTKPVG|0.0
P16234|B5ME19_VGGNYGKQP|0.077
P16234|B5ME19_PLLLSEDEE|0.0
P16234|B5ME19_DEEDTKRVV|0.303
P16234|B5ME19_FEELTNLIR|0.0
P16234|B5ME19_NLIRTIRNA|0.0
P16234|B5ME19_GKAKSIVDK|0.0
P16234|B5ME19_KALSTLRQK|0.065
P16234|B5ME19_NPEQSADED|0.227
P16234|B5ME19_NEEDSEGSS|0.0
P16234|B5ME19_DSEGSSDED|0.0
P16234|B5ME19_SEGSSDEDE|0.0
P16234|B5ME19_LKKKSEAPS|0.0
P16234|B5ME19_SEAPSGESR|0.0
P16234|B5ME19_EGKQTALAS|0.0
P16234|B5ME19_KKAPTTDED|0.0
P16234|B5ME19_KAPTTDEDK|0.0
P16234|B5ME19_GCILTLVER|0.0
P16234|B5ME19_HSQEYVEHL|0.0
P16234|B5ME19_QRQLTPPEG|0.0
P16234|B5ME19_GSSKSEQDQ|0.0
P16234|B5ME19_LYNRTMVQL|0.285
P16234|B5ME19_GPPESMREH|0.0
P16234|B5ME19_KTCHSFIIN|0.0
P16234|B5ME19_IQEESLRTY|0.0
P16234|B5ME19_EKLGSLVEN|0.0
P16234|B5ME19_HKQGTYGGY|0.027
P16234|B5ME19_KQGTYGGYF|0.425
P16234|B5ME19_TYGGYFRDQ|0.152
P16234|B5ME19_KNEGYMRRG|0.191
P16234|B5ME19_RRGGYRQQQ|0.444
P16234|B5ME19_RQQQSQTAY|0.0
P16234|B5ME19_QQSQTAY__|0.275
P16234|B5ME19_SQTAY____|0.359
P16234|P60228_YKNLYSDDI|0.0
P16234|P60228_MLFDYLADK|0.006
P16234|P60228_QQESYTYKD|0.278
P16234|P60228_AVSPYQQVI|0.041
P16234|P60228_EKTKSLSFR|0.0
P16234|P60228_TKSLSFRSQ|0.0
P16234|P60228_PNWATQDSG|0.161
P16234|P60228_DSGFY____|0.325
P16234|Q9UBQ5_GIDRYNPEN|0.235
P16234|Q9UBQ5_LGDLSDSQL|0.0
P16234|Q9UBQ5_IDFDSVSSI|0.0
P16234|Q7L2H7_KIDQTQRKV|0.0
P16234|Q7L2H7_KVVVSHSTH|0.0
P16234|Q7L2H7_VSHSTHRTF|0.0
P16234|Q7L2H7_STHRTFGKQ|0.0
P16234|Q7L2H7_QLYDTLNAW|0.279
P16234|Q7L2H7_NSLLSLSDT|0.0
P16234|Q7L2H7_LLSLSDT__|0.0
P16234|Q7L2H7_SLSDT____|0.0
P16234|O15372_TATSSSSTA|0.0
P16234|O15372_TSSSSTAGA|0.0
P16234|O15372_QGSLSLKAY|0.0
P16234|O15372_VKYNTYMRN|0.443
P16234|O15372_KYNTYMRNT|0.432
P16234|O15372_MQRQSRGEP|0.0
P16234|O15372_ARMDSLLIA|0.0
P16234|Q9Y262____MSYPAD|0.063
P16234|Q9Y262_SEAAYDPYA|0.395
P16234|Q9Y262_AYDPYAYPS|0.377
P16234|Q9Y262_DPYAYPSDY|0.148
P16234|Q9Y262_YPSDYDMHT|0.164
P16234|Q9Y262_QDLAYERQY|0.4
P16234|Q9Y262_YERQYEQQT|0.453
P16234|Q9Y262_YEQQTYQVI|0.098
P16234|Q9Y262_EQQTYQVIP|0.387
P16234|Q9Y262_HKTVSDLID|0.0
P16234|Q9Y262_DQKVYELQA|0.0
P16234|Q9Y262_ELQASRVSS|0.0
P16234|Q9Y262_DQKVYEIQD|0.356
P16234|Q9Y262_QLEVYTSGG|0.305
P16234|Q9Y262_LLGDYYQAI|0.001
P16234|Q9Y262_LGDYYQAIK|0.072
P16234|Q9Y262_NILLYIQRT|0.335
P16234|Q9Y262_TTYKYEMIN|0.4
P16234|Q9Y262_AIALTMYPM|0.009
P16234|Q9Y262_RIDESIHLQ|0.0
P16234|Q9Y262_LREKYGDKM|0.0
P16234|Q9Y262_DPQVYEELF|0.0
P16234|Q9Y262_ELFSYSCPK|0.1
P16234|Q9Y262_PKFLSPVVP|0.0
P16234|Q9Y262_VARRYGDFF|0.407
P16234|Q9Y262_ELNRTLKKM|0.003
P16234|P60842_LRGIYAYGF|0.046
P16234|P60842_GIYAYGFEK|0.19
P16234|P60842_CIKGYDVIA|0.094
P16234|P60842_AQAQSGTGK|0.0
P16234|P60842_AQSGTGKTA|0.0
P16234|P60842_YMGASCHAC|0.122
P16234|P60842_DEMLSRGFK|0.0
P16234|P60842_KDQIYDIFQ|0.323
P16234|P60842_VVLLSATMP|0.0
P16234|P60842_KEELTLEGI|0.0
P16234|P60842_IRQFYINVE|0.179
P16234|P60842_INMVTEEDK|0.0
P16234|Q14240____MSGGSA|0.0
P16234|Q14240_LRGIYAYGF|0.147
P16234|Q14240_GIYAYGFEK|0.292
P16234|Q14240_CIKGYDVIA|0.217
P16234|Q14240_AQAQSGTGK|0.0
P16234|Q14240_AQSGTGKTA|0.0
P16234|Q14240_YMGATCHAC|0.182
P16234|Q14240_DEMLSRGFK|0.0
P16234|Q14240_KDQIYEIFQ|0.201
P16234|Q14240_KEELTLEGI|0.0
P16234|Q14240_IKQFYINVE|0.491
P16234|Q14240-2_MSGGSADYN|0.001
P16234|P23588_GGSTYVSKP|0.11
P16234|P23588_SKPVSWADE|0.0
P16234|P23588_EGDVSTTWH|0.0
P16234|P23588_TTWHSNDDD|0.0
P16234|P23588_DDDVYRAPP|0.284
P16234|P23588_SPPYTAFLG|0.0
P16234|P23588_GNLPYDVTE|0.021
P16234|P23588_VTEESIKEF|0.272
P16234|P23588_KGFGYAEFE|0.254
P16234|P23588_DKTDTDWRA|0.0
P16234|P23588_ARPATDSFD|0.053
P16234|P23588_FGDKYRDRY|0.161
P16234|P23588_YRDRYDSDR|0.388
P16234|P23588_DSDRYRDGY|0.01
P16234|P23588_YRDGYRDGY|0.303
P16234|P23588_YRDGYRDGP|0.379
P16234|P23588_DMDRYGGRD|0.36
P16234|P23588_GRDRYDDRG|0.016
P16234|P23588_DDRGSRDYD|0.005
P16234|P23588_GSRDYDRGY|0.199
P16234|P23588_YDRGYDSRI|0.11
P16234|P23588_RGYDSRIGS|0.0
P16234|P23588_RDDDYRGGG|0.37
P16234|P23588_GGDRYEDRY|0.352
P16234|P23588_YEDRYDRRD|0.383
P16234|P23588_RDDRSWSSR|0.0
P16234|P23588_RSWSSRDDY|0.0
P16234|P23588_SRDDYSRDD|0.397
P16234|P23588_RDDYSRDDY|0.069
P16234|P23588_SRDDYRRDD|0.315
P16234|P23588_KPRSTPKED|0.0
P16234|P23588_KEDDSSAST|0.0
P16234|P23588_EDDSSASTS|0.0
P16234|P23588_DSSASTSQS|0.0
P16234|P23588_SSASTSQST|0.0
P16234|P23588_SASTSQSTR|0.0
P16234|P23588_STSQSTRAA|0.024
P16234|P23588_TGSESSQTG|0.0
P16234|P23588_ESSQTGTST|0.0
P16234|P23588_SQTGTSTTS|0.0
P16234|P23588_QTGTSTTSS|0.0
P16234|P23588_TGTSTTSSR|0.0
P16234|P23588_GTSTTSSRN|0.175
P16234|P23588_TSTTSSRNA|0.0
P16234|P23588_STTSSRNAR|0.0
P16234|P23588_WVKRSSNPP|0.0
P16234|P23588_QQSPTSGGG|0.0
P16234|P23588_PAQPSEEGP|0.0
P16234|P23588_ENPASKFSS|0.014
P16234|P23588_SKFSSASKY|0.0
P16234|P23588_FSSASKYAA|0.027
P16234|P23588_SASKYAALS|0.345
P16234|P23588_EGEDYAE__|0.114
P16234|P06730___MATVEPE|0.0
P16234|P06730_ETTPTPNPP|0.0
P16234|P06730_PNPPTTEEE|0.053
P16234|P06730_NPPTTEEEK|0.19
P16234|P06730_EKTESNQEV|0.0
P16234|P06730_IGRVYKERL|0.032
P16234|P06730_SHADTATKS|0.0
P16234|P06730_SGSTTKNRF|0.0
P16234|A6NMX2_RTLLSLRGK|0.0
P16234|A6NMX2_GKARTGGPM|0.0
P16234|A6NMX2_VNIRTKGDK|0.0
P16234|A6NMX2_IAVWTREAE|0.0
P16234|O60573_YSRRTPGRP|0.0
P16234|O60573_RPTSSQSYE|0.0
P16234|Q04637_PPAPSPGLP|0.0
P16234|Q04637_TQMNTPSQP|0.0
P16234|Q04637_RQHFYPSRA|0.431
P16234|Q04637_SQGAYYIPG|0.345
P16234|Q04637_RERKTIRIR|0.0
P16234|Q04637_TGEPYRLSP|0.231
P16234|Q04637_EFSSSPLQA|0.018
P16234|Q04637_LQAPTPLAS|0.0
P16234|Q04637_TPLASHTVE|0.0
P16234|Q04637_PSATSPAQE|0.0
P16234|Q04637_PANLSQNLE|0.0
P16234|Q04637_YEYKSDQWK|0.246
P16234|Q04637_GPDFTPSFA|0.0
P16234|Q04637_DFTPSFANL|0.371
P16234|Q04637_NLGRTTLST|0.0
P16234|Q04637_DGSKTQDLF|0.0
P16234|Q04637_RRVRSILNK|0.0
P16234|Q04637_GGWNTVPIS|0.0
P16234|Q04637_RPIDTSRLT|0.0
P16234|Q04637_LTKITKPGS|0.0
P16234|Q04637_WGKGSSGGS|0.0
P16234|Q04637_GAKPSDAAS|0.0
P16234|Q04637_SDAASEAAR|0.0
P16234|Q04637_ARPATSTLN|0.0
P16234|Q04637_PATSTLNRF|0.0
P16234|Q04637_DRARTPATK|0.0
P16234|Q04637_IIEEYLHLN|0.032
P16234|Q04637_QKVEYTLGE|0.002
P16234|Q04637_KVEYTLGEE|0.242
P16234|Q04637_LGEESEAPG|0.0
P16234|Q04637_LQALYALQA|0.0
P16234|Q04637_ALVVTLEQP|0.011
P16234|Q04637_FDALYDEDV|0.398
P16234|Q04637_LKSVTAFFK|0.0
P16234|Q04637-3_RTASTPTPP|0.0
P16234|Q04637-3_ASTPTPPQT|0.0
P16234|Q04637-3_GEQKYEYKS|0.0
P16234|Q04637-3_RSSLSRERG|0.0
P16234|Q04637-3_DRARTPATK|0.0
P16234|Q04637-3_ATKRSFSKE|0.0
P16234|Q04637-3_KRSFSKEVE|0.0
P16234|Q04637-3_LPPVSPLKA|0.0
P16234|Q04637-8_GPRRSQQGP|0.0
P16234|Q04637-8_RSSLSRERG|0.0
P16234|Q04637-8_ATKRSFSKE|0.0
P16234|P78344___MESAIAE|0.32
P16234|P78344_ASRFSASSG|0.0
P16234|P78344_RFSASSGGG|0.0
P16234|P78344_FSASSGGGG|0.0
P16234|P78344_GGGGSRGAP|0.0
P16234|P78344_FLGKTPGQN|0.0
P16234|P78344_NVDVYDKRE|0.397
P16234|P78344_LIHESILHK|0.001
P16234|P78344_ARMCSLMLS|0.0
P16234|P78344_QMPGSGIGT|0.0
P16234|P78344_SGIGTGPGV|0.0
P16234|P78344_KFMKSQGLS|0.0
P16234|P78344_SQGLSQLYH|0.371
P16234|P78344_LSQLYHNQS|0.426
P16234|P78344_QGLLSQLQG|0.0
P16234|P78344_LQGQSKDMP|0.261
P16234|P78344_ADEISLRPA|0.079
P16234|P78344_RPAQSFLMN|0.187
P16234|P78344_MIPPSAQPP|0.0
P16234|P78344_QPPRTQTPP|0.0
P16234|P78344_KEKASSLIS|0.0
P16234|P78344_EKASSLISL|0.0
P16234|P78344_SSLISLLKQ|0.0
P16234|P78344_PLVKSYLAQ|0.392
P16234|P78344_LVKSYLAQF|0.263
P16234|P78344_PQTIYKWIK|0.491
P16234|P78344_KDNISPKLH|0.0
P16234|P78344_QLLLSFKPV|0.0
P16234|P78344-2_KSQISLRPA|0.0
P16234|P78344-2_RPAQSFLMN|0.0
P16234|O43432_SQPVYQSAP|0.158
P16234|O43432_SGGGSRNPT|0.0
P16234|O43432_SRNPTPPIG|0.29
P16234|O43432_PPSPTTVSS|0.0
P16234|O43432_SATESIVEI|0.0
P16234|O43432_QIAITVPKT|0.0
P16234|O43432_DRTRTTEEM|0.0
P16234|O43432_IITVSVKED|0.0
P16234|O43432_QKRDSQADD|0.0
P16234|O43432_IDEPSFSVA|0.0
P16234|O43432_LEAASAPEE|0.0
P16234|O43432_AQLGSWGKG|0.0
P16234|O43432_PPAPSGSTP|0.0
P16234|O43432_APSGSTPST|0.0
P16234|O43432_PSGSTPSTP|0.0
P16234|O43432_STPSTPVEF|0.0
P16234|O43432_VEFDSRRTL|0.0
P16234|O43432_RTLTSRGSM|0.0
P16234|O43432_TSRGSMGRE|0.0
P16234|O43432_RGGSSKDLL|0.0
P16234|O43432_LDNQSQEEQ|0.0
P16234|O43432_VERNSTEAE|0.0
P16234|O43432_ERNSTEAER|0.0
P16234|O43432_ERNKTRESA|0.0
P16234|O43432_DFIESDSPC|0.0
P16234|O43432_AEEESEDN_|0.0
P16234|Q15056_ADFDTYDDR|0.0
P16234|Q15056_DFDTYDDRA|0.055
P16234|Q15056_GGHGSRSQK|0.0
P16234|Q15056_TEPPYTAYV|0.17
P16234|Q15056_EPPYTAYVG|0.331
P16234|Q15056_LSIRSVRLV|0.0
P16234|Q15056_KGFCYVEFD|0.198
P16234|Q15056_DEVDSLKEA|0.0
P16234|Q15056_KEALTYDGA|0.0
P16234|Q15056_PPMGSRFRD|0.001
P16234|Q15056_FREPTEEER|0.0
P16234|Q15056_LKPRTVATP|0.0
P16234|Q15056_RTVATPLNQ|0.009
P16234|P55010____MSVNVN|0.019
P16234|P55010_NVNRSVSDQ|0.0
P16234|P55010_SDQFYRYKM|0.437
P16234|P55010_TIGNSCKAC|0.001
P16234|P55010_HKLCTFILK|0.178
P16234|P55010_ENSDSGTGK|0.0
P16234|P55010_GSVSSSETP|0.0
P16234|P55010_SVSSSETPP|0.0
P16234|P55010_SSSETPPPP|0.0
P16234|P55010_MDEISDHAK|0.288
P16234|P55010_ASKKYVSKE|0.235
P16234|P55010_EVVYSKAAS|0.249
P16234|P55010_PKVETVKSD|0.336
P16234|P63241_DAGASATFP|0.0
P16234|P63241_GASATFPMQ|0.0
P16234|P63241_PMQCSALRK|0.0
P16234|P63241_IDIFTGKKY|0.068
P16234|P63241_TGKKYEDIC|0.262
P16234|P63241_IQDGYLSLL|0.237
P16234|P63241_DGYLSLLQD|0.0
P16234|P63241_IEQKYDCGE|0.16
P16234|Q9GZV4_IVEMSTSKT|0.0
P16234|Q9GZV4_EMSTSKTGK|0.0
P16234|Q9GZV4_IDIFTGKKY|0.125
P16234|Q9GZV4_TGKKYEDIC|0.204
P16234|Q9GZV4_KRNDYQLIC|0.001
P16234|Q6IS14_LDFETGDAG|0.0
P16234|Q6IS14_DAGASATFP|0.0
P16234|Q6IS14_GASATFPMQ|0.0
P16234|Q6IS14_PMQCSALRK|0.0
P16234|Q6IS14_IDIFTGKKY|0.0
P16234|Q6IS14_TGKKYEDIC|0.015
P16234|Q6IS14_IEQKYDCGE|0.0
P16234|O60841_EEFTSKDKK|0.0
P16234|O60841_EFLQSRKGQ|0.0
P16234|O60841_AETPTAAED|0.0
P16234|O60841_LLTKSQREA|0.0
P16234|O60841_VEVPSKDSL|0.0
P16234|O60841_KRPIYEDKK|0.411
P16234|O60841_QQLESKEVS|0.0
P16234|O60841_IDRLYDWKK|0.309
P16234|O60841_DWKKSPDSD|0.0
P16234|O60841_KSPDSDVAA|0.0
P16234|O60841_DVAATLKKQ|0.0
P16234|O60841_EFLKTSEVP|0.002
P16234|O60841_FLKTSEVPY|0.333
P16234|O60841_ILPQYIFNS|0.256
P16234|O60841_YIFNSRDPI|0.0
P16234|O60841_DILVSKISR|0.0
P16234|P56537_AVRASFENN|0.193
P16234|P56537_VLVGSYCVF|0.0
P16234|P56537_LVAGTVNRG|0.0
P16234|P56537-2_RCGGSPGAY|0.121
P16234|Q9H777____MSMDVT|0.0
P16234|Q9H777_SMDVTFLGT|0.004
P16234|Q9H777_YPSPTRGAS|0.014
P16234|Q9H777_NRADSPPKE|0.0
P16234|Q9BQ52_TMTVYQIPI|0.02
P16234|Q9BQ52_SDSESNENE|0.0
P16234|Q9BQ52_VRDSSLVVA|0.0
P16234|Q9BQ52_LCRHYGDQV|0.0
P16234|Q9BQ52_IHEATLEDG|0.0
P16234|Q9BQ52_AVEKTHSTT|0.0
P16234|Q9BQ52_SPNFSEKVG|0.0
P16234|Q9BQ52_KRAHTEEPQ|0.0
P16234|P19957_MRASSFLIV|0.0
P16234|P19957_LIAGTLVLE|0.217
P16234|P19957_EAAVTGVPV|0.376
P16234|P08246_AHNLSRREP|0.0
P16234|Q6UXG2_EGRYSLGTG|0.139
P16234|Q6UXG2_TDKDYFYTH|0.357
P16234|Q6UXG2_KDYFYTHTA|0.42
P16234|Q6UXG2_IDRDSGTCH|0.009
P16234|Q6UXG2_RDSGTCHSC|0.003
P16234|Q6UXG2_GRKMSVCTD|0.055
P16234|Q6UXG2_AGVSSQPVS|0.0
P16234|Q6UXG2_SQPVSLADR|0.0
P16234|Q6UXG2_EYKYSKLVM|0.234
P16234|Q6UXG2_VMNATLKDC|0.0
P16234|Q6UXG2_PAADSCAIM|0.0
P16234|Q6UXG2_GKIKSFTSK|0.0
P16234|Q6UXG2_TSKRTPDGF|0.013
P16234|A8MWY0_GATGSELGR|0.0
P16234|A8MWY0_MVKIYSITA|0.497
P16234|A8MWY0_YKSSTATTS|0.532
P16234|A8MWY0_LEYKYSKLV|0.397
P16234|A8MWY0_EYKYSKLVM|0.381
P16234|A8MWY0_KLVMTTNSK|0.0
P16234|A8MWY0_MTTNSKECE|0.0
P16234|A8MWY0_PAADSCAIM|0.007
P16234|A8MWY0_EEVVYSNKQ|0.579
P16234|P15502_VPLGYPIKA|0.003
P16234|P15502_EGDPSSSQH|0.0
P16234|P15502_PSTPSSPRV|0.0
P16234|Q12926_PQNMTQEEL|0.0
P16234|Q12926_KAINTLNGL|0.0
P16234|Q12926_IKVSYARPS|0.004
P16234|Q12926_YARPSSASI|0.0
P16234|Q12926_ARPSSASIR|0.0
P16234|Q12926_VDQVTGISR|0.0
P16234|Q12926_VTGISRGVG|0.0
P16234|Q14576_IKVSYARPS|0.005
P16234|Q14576_YARPSSASI|0.0
P16234|Q14576_ARPSSASIR|0.0
P16234|Q14576_PKTMSQKEM|0.0
P16234|Q14576_SARRYAGPL|0.041
P16234|Q14576_LHHQTQRFR|0.0
P16234|Q14576_FGFVTMTNY|0.306
P16234|Q14576_VLQVSFKTS|0.179
P16234|P26378_KMIISTMEP|0.0
P16234|P26378_MIISTMEPQ|0.005
P16234|P26378_RNCPSPMQT|0.0
P16234|P26378_KAINTLNGL|0.0
P16234|P26378_IKVSYARPS|0.16
P16234|P26378_YARPSSASI|0.0
P16234|P26378_ARPSSASIR|0.0
P16234|P26378_LSQLYQSPN|0.0
P16234|P26378_QLYQSPNRR|0.0
P16234|P26378_PNRRYPGPL|0.436
P16234|P26378_LNMAYGVKR|0.417
P16234|P32519_KGRKTKPPR|0.0
P16234|P32519_SPATTPNIS|0.0
P16234|P32519_TPNISVKKK|0.0
P16234|P32519_YIKWTQREK|0.0
P16234|P32519_PDMNYETMG|0.205
P16234|P32519_ALRYYYQRG|0.135
P16234|P32519_LRYYYQRGI|0.17
P16234|P32519_RSRVSSSPG|0.0
P16234|P32519_SRVSSSPGV|0.0
P16234|P32519_RVSSSPGVK|0.0
P16234|P32519_KPGNSKAAK|0.0
P16234|P32519_QPTQSPYPT|0.0
P16234|P32519_SVIKTQETK|0.0
P16234|P32519_LEPNSF___|0.0
P16234|Q15723_RDSRSPVEV|0.0
P16234|Q15723_PDVITETVV|0.0
P16234|Q15723_STEESEPMD|0.0
P16234|Q15723_EPMDTSPIP|0.0
P16234|Q15723_RKPKTQQSP|0.0
P16234|Q15723_QSPISNGSP|0.0
P16234|Q15723_PDMNYETMG|0.134
P16234|Q15723_ALRYYYQRG|0.095
P16234|Q15723_LRYYYQRGI|0.129
P16234|Q15723_QRLVYQFKD|0.269
P16234|Q15723_DDDKSETCN|0.0
P16234|Q15723_LERVSLSAE|0.0
P16234|Q15723_RVSLSAESL|0.0
P16234|Q15723_GKNSSPINC|0.0
P16234|Q15723_SRSPTTTAS|0.0
P16234|Q15723_ITSTSPTTA|0.0
P16234|Q15723_STSPTTATS|0.0
P16234|Q15723_PTTATSPKV|0.0
P16234|Q15723_NIVGTPLAV|0.0
P16234|Q15723_VRALTPVSI|0.0
P16234|Q15723_LTPVSIAHG|0.0
P16234|Q15723_IAHGTPVMR|0.0
P16234|Q15723_VMRLSMPTQ|0.313
P16234|Q15723_ALPVTMKTE|0.0
P16234|Q15723-1_LHMESPTCL|0.0
P16234|Q15723-1_RDSRSPEFI|0.0
P16234|P78545_TEKASWLGE|0.0
P16234|P78545_PRKLSKEYW|0.001
P16234|P78545_KFLRSEAVA|0.0
P16234|P78545_KKKNSNMTY|0.054
P16234|P78545_NSNMTYEKL|0.001
P16234|P78545_SNMTYEKLS|0.411
P16234|Q99607_PDMNYETMG|0.292
P16234|Q99607_ALRYYYQRG|0.184
P16234|Q99607_LRYYYQRGI|0.241
P16234|P0C7U0_LTQNSATIT|0.0
P16234|P0C7U0_EVEQYKLVE|0.0
P16234|P0C7U0_KLVESADTP|0.0
P16234|P0C7U0_ASKGSYMEV|0.0
P16234|P0C7U0_SKGSYMEVR|0.003
P16234|P0C7U0_PDSQSSVAE|0.0
P16234|P0C7U0_AEISTIAKE|0.0
P16234|P0C7U0_LAPGYKDAF|0.0
P16234|P0C7U0_AFGHSLQRH|0.0
P16234|P0C7U0_QRHHSVEAA|0.0
P16234|P0C7U0_PPRASTSSS|0.0
P16234|P0C7U0_PRASTSSSG|0.0
P16234|P0C7U0_GSVRSPRAF|0.0
P16234|P0C7U0_EHRHSYPGS|0.0
P16234|P0C7U0_GRKASILEP|0.0
P16234|P0C7U0_RDLAYSQLS|0.006
P16234|P0C7U0_LSPQYHSLS|0.0
P16234|Q5R3F8_KAVLYSSLN|0.0
P16234|Q5R3F8_VTKNYDRLQ|0.0
P16234|Q5R3F8_EFAGYPLLV|0.0
P16234|Q5R3F8_VPRPYHSLN|0.048
P16234|Q5R3F8_HVTFTSATL|0.0
P16234|Q5R3F8_VDAGSIVHA|0.0
P16234|Q5R3F8_SRMASIPSM|0.0
P16234|Q5R3F8_ASIPSMIGE|0.0
P16234|Q5R3F8_EKLPTAKGL|0.0
P16234|Q5R3F8_AGLDTPKVA|0.0
P16234|Q5R3F8_PSFLSPPYK|0.0
P16234|Q5R3F8_VTRKTCSVS|0.0
P16234|Q5R3F8_SVSSSGSIK|0.0
P16234|Q5R3F8_SSSGSIKSA|0.0
P16234|Q5R3F8_GSIKSAKVF|0.0
P16234|Q5R3F8_AKVFSLDVP|0.0
P16234|Q5R3F8_GDSKYIEKG|0.0
P16234|Q5R3F8_IEKGSPLNS|0.0
P16234|Q5R3F8_SPLNSPLDR|0.0
P16234|Q5R3F8_SKRDSTYSQ|0.0
P16234|Q5R3F8_RDSTYSQLS|0.013
P16234|Q5R3F8_YSQLSPRHY|0.001
P16234|Q5R3F8_SPRHYYSGY|0.0
P16234|Q5R3F8_YYSGYSSSP|0.27
P16234|Q5R3F8_SGYSSSPEY|0.0
P16234|Q5R3F8_GYSSSPEYS|0.0
P16234|Q5R3F8_SSPEYSSES|0.0
P16234|Q5R3F8_REEVYMAAG|0.0
P16234|Q5R3F8_DILDYWKGV|0.0
P16234|Q5R3F8_WKGVSAQQK|0.0
P16234|Q53F19_GLRVSVKAE|0.0
P16234|Q53F19_PEAESGVDR|0.0
P16234|Q53F19_PVRRSLKEL|0.0
P16234|Q53F19_LINMSSLPA|0.0
P16234|Q53F19_INMSSLPAQ|0.0
P16234|Q53F19_SRDASEDKS|0.0
P16234|Q53F19_SEDKSAEKR|0.0
P16234|Q53F19_EDENSSDVE|0.003
P16234|Q53F19_DENSSDVEL|0.0
P16234|Q53F19_VEEESLLRN|0.0
P16234|Q53F19_KGILSNSWK|0.0
P16234|Q53F19_ILSNSWKRR|0.0
P16234|Q53F19_ASRRSSASS|0.0
P16234|Q53F19_SRRSSASSS|0.0
P16234|Q53F19_SSSDSDEMD|0.0
P16234|Q53F19_LKMISTPSP|0.0
P16234|Q53F19_KMTMYADEV|0.408
P16234|Q53F19_DEVESQLKN|0.0
P16234|Q53F19_NIRNSMRAD|0.009
P16234|Q53F19_MRADSVSSS|0.0
P16234|Q53F19_ADSVSSSNI|0.0
P16234|Q53F19_DSVSSSNIK|0.0
P16234|Q53F19_SVSSSNIKN|0.0
P16234|Q53F19_KRPHSPEKA|0.0
P16234|Q53F19_EKAFSSNPV|0.0
P16234|Q53F19_KAFSSNPVV|0.0
P16234|Q53F19_RREPSSDVH|0.0
P16234|Q53F19_REPSSDVHS|0.0
P16234|Q53F19_PRQDSKGLY|0.004
P16234|Q53F19_SKGLYADTR|0.433
P16234|Q53F19_EEDDSELQR|0.002
P16234|Q53F19_SRESSSGSE|0.0
P16234|Q53F19_RESSSGSEA|0.0
P16234|Q53F19_SSSGSEAES|0.0
P16234|P19419_TNMNYDKLS|0.093
P16234|P19419_SGLYSTFTI|0.0
P16234|P19419_FTIQSLQPQ|0.0
P16234|P19419_AAPPSGSRS|0.0
P16234|P19419_PPSGSRSTS|0.0
P16234|P19419_GHAASSPEI|0.0
P16234|P19419_VDGLSTPVV|0.0
P16234|P41970_GLYSSFTIN|0.0
P16234|P41970_FTINSLQNP|0.0
P16234|P41970_PPEDSPPVE|0.0
P16234|P41970_SPSLSPNSP|0.0
P16234|P41970_LSPNSPLPS|0.0
P16234|P41970_HDSDSLEPL|0.221
P16234|P41970_TKSPSLPPK|0.0
P16234|P41970_LSSNSQKS_|0.0
P16234|P41970_NSQKS____|0.0
P16234|P28324_GDCESLNFS|0.004
P16234|P28324_PGAKTSSRN|0.0
P16234|P28324_AKTSSRNDY|0.0
P16234|P28324_PQEPTPSVI|0.0
P16234|P28324_ETLVSPKLP|0.0
P16234|P28324_KDQDSVLLE|0.0
P16234|P28324_KVNNSSRSK|0.0
P16234|P28324_LDGPSTPGP|0.0
P16234|P55199_EDRSYGLSC|0.365
P16234|P55199_SYGLSCGRV|0.404
P16234|P55199_CGRVSDGSK|0.042
P16234|P55199_VSDGSKVSV|0.005
P16234|P55199_QDKITVCAT|0.0
P16234|P55199_TVCATDDSY|0.364
P16234|P55199_ATDDSYQKA|0.015
P16234|P55199_TDDSYQKAR|0.407
P16234|P55199_AIRKSGASA|0.0
P16234|P55199_KSGASAVSG|0.0
P16234|P55199_VSGGSGVSQ|0.0
P16234|P55199_GSGVSQRPF|0.0
P16234|P55199_AKDGTCTLQ|0.0
P16234|P55199_DGTCTLQDC|0.0
P16234|P55199_QDCMYKDVQ|0.424
P16234|P55199_DPAASSPPG|0.0
P16234|P55199_ERGRSASPP|0.0
P16234|P55199_GRSASPPQK|0.0
P16234|P55199_LADVSNDLG|0.0
P16234|P55199_LPLLTDCAQ|0.017
P16234|P55199_HGSPSRSKP|0.0
P16234|P55199_AISSSEQRQ|0.0
P16234|P55199_LSQGSEEYE|0.008
P16234|O00472_KLTETAIRA|0.0
P16234|O00472_AEEESRNRS|0.0
P16234|O00472_KDLSYTLKD|0.0
P16234|O00472_IDRRSLESV|0.0
P16234|O00472_GTSRSESPV|0.0
P16234|O00472_SPVCSSRDA|0.0
P16234|O00472_LPVDSFSQN|0.0
P16234|O00472_VDSFSQNDS|0.0
P16234|O00472_SQNDSIYED|0.0
P16234|O00472_KEDCTASME|0.0
P16234|O00472_ELPDYLIKY|0.0
P16234|Q92556_KKPLSAIIK|0.0
P16234|Q92556_ANHEYFALQ|0.658
P16234|Q92556_GTERYQKLQ|0.194
P16234|Q92556_AIDISILQR|0.0
P16234|Q92556_EPNNSSGSM|0.0
P16234|Q92556_PNNSSGSME|0.002
P16234|Q92556_NSSGSMEKR|0.0
P16234|Q92556_EKRKSMYTR|0.561
P16234|Q92556_RKSMYTRDY|0.574
P16234|Q92556_YTRDYKKLG|0.404
P16234|Q92556_PFGRSSIEL|0.0
P16234|Q92556_FGRSSIELT|0.0
P16234|Q92556_LLNKTWKEM|0.0
P16234|Q92556_EMRATSEDF|0.0
P16234|Q92556_NLSYTEILK|0.0
P16234|Q92556_DKFWYCRLS|0.737
P16234|Q92556_KVLHYGDLE|0.406
P16234|Q92556_DLEESPQGE|0.0
P16234|Q92556_PKEPSNYDF|0.399
P16234|Q96JJ3_CDGWSLPNP|0.001
P16234|Q96JJ3_NPEYYTLRY|0.434
P16234|Q96JJ3_NAPGSGTEK|0.0
P16234|Q96JJ3_VHQDTYIRI|0.001
P16234|Q96JJ3_HQDTYIRIV|0.418
P16234|Q96JJ3_RLRQSERMS|0.0
P16234|Q96JJ3_KAIVTGKDC|0.387
P16234|Q96JJ3_KEPSSYDFV|0.25
P16234|Q96JJ3_YDFVYHYG_|0.515
P16234|Q96JJ3_FVYHYG___|0.493
P16234|Q96BJ8_LENSSREDK|0.0
P16234|Q96BJ8_NALTYGEVL|0.387
P16234|Q96BJ8_EEGASPPTL|0.0
P16234|Q8IZ81_RIFDTYVGA|0.327
P16234|Q8IZ81_LGYSYAIVG|0.023
P16234|Q96FG2_CSFHSKEEL|0.0
P16234|Q96FG2_LSAGYSPSY|0.412
P16234|Q96FG2_SAGYSPSYD|0.164
P16234|Q96FG2_TTEAYEWEP|0.44
P16234|Q96FG2_LHLLYLVMD|0.0
P16234|Q96FG2_LVMDSKTLP|0.0
P16234|Q96FG2_TISDSGFVL|0.0
P16234|Q96FG2_LAKKSPRRL|0.005
P16234|Q6PJG2_PPQQSIRVK|0.0
P16234|Q6PJG2_ATKGSPHPG|0.0
P16234|Q6PJG2_GVPTYYNHP|0.002
P16234|Q6PJG2_APLNSFHAA|0.0
P16234|Q6PJG2_SRRLSKEGI|0.0
P16234|Q6PJG2_MRAVSTGDC|0.0
P16234|Q6PJG2_RAVSTGDCG|0.0
P16234|Q6PJG2_VIQSTRRRR|0.0
P16234|Q6PJG2_AKDGSGSEE|0.0
P16234|Q6PJG2_EKRKSVLAS|0.0
P16234|Q6PJG2_PSLATKRAR|0.0
P16234|Q6PJG2_AREDSGMVP|0.392
P16234|Q6PJG2_SVIVTRRRS|0.0
P16234|Q6PJG2_TRRRSTRIP|0.0
P16234|Q6PJG2_RRRSTRIPG|0.0
P16234|Q6PJG2_RIPGTDAQA|0.0
P16234|Q6PJG2_YSNITPYQS|0.0
P16234|Q6PJG2_NITPYQSHL|0.0
P16234|Q6PJG2_TPYQSHLRS|0.0
P16234|Q6PJG2_SHLRSPVRL|0.0
P16234|Q6PJG2_ELPPYTPPP|0.0
P16234|Q6PJG2_PPPITPKSA|0.0
P16234|Q6PJG2_SAHRTLLRT|0.0
P16234|Q6PJG2_DVDTSDEKS|0.0
P16234|Q6PJG2_SDEKSAQEE|0.0
P16234|Q6PJG2_RESPSEERL|0.0
P16234|Q6PJG2_QANESASDI|0.0
P16234|Q6PJG2_RSHESNAPG|0.0
P16234|Q6PJG2_ALPFSEKKK|0.0
P16234|P60002_KKKMTGTLE|0.0
P16234|Q9HB03_ELGDTAFII|0.0
P16234|Q9HB03_PMLITSLQI|0.0
P16234|Q9HB03_MLITSLQIL|0.0
P16234|Q9GZR5_ANGVSKSEK|0.0
P16234|Q9GZR5_GVSKSEKQL|0.0
P16234|Q9H5J4_NGPVSKFWA|0.0
P16234|Q6IA86_VHAVYQRRT|0.425
P16234|Q6IA86_ASQPSDEEE|0.407
P16234|Q6IA86_TGFEYQQVA|0.538
P16234|Q6IA86_KICLYTWKK|0.512
P16234|Q9H9T3_QLGHSVDKV|0.0
P16234|Q9H9T3_LSGHTSNNI|0.0
P16234|Q9H9T3_EAVKYSERS|0.442
P16234|Q9H9T3_GLKLYPTLV|0.427
P16234|Q9H9T3_GTGLYELWK|0.415
P16234|Q9H9T3_VPPWTRVYR|0.385
P16234|Q9H9T3_VRRDYVANG|0.451
P16234|Q96EB1_SNVTSFQRR|0.001
P16234|Q96EB1_DEDVYNHKT|0.231
P16234|Q96EB1_YNHKTPESN|0.201
P16234|Q96EB1_KTPESNIKM|0.0
P16234|Q96EB1_DLAESAKRL|0.0
P16234|Q96BH3_LWCPTTENM|0.0
P16234|Q96BH3_WCPTTENMD|0.0
P16234|Q9HBW9_NHRRTHLTK|0.0
P16234|Q9HBW9_RTHLTKLMH|0.0
P16234|Q9HBW9_VAFVYYKSI|0.172
P16234|Q9HBW9_AFVYYKSIG|0.364
P16234|Q9HBW9_CNHLTHFAI|0.0
P16234|Q8WYP5_KETLTFLKK|0.0
P16234|Q8WYP5_FLKKSGPSL|0.0
P16234|Q8WYP5_DEGGTGKYP|0.0
P16234|Q8WYP5_LARNSILDQ|0.0
P16234|Q8WYP5_PYHLSTSSV|0.0
P16234|Q8WYP5_GTVLTRSVF|0.0
P16234|Q8WYP5_PINSTTPFN|0.0
P16234|Q8WYP5_INSTTPFNS|0.0
P16234|Q8WYP5_TPFNSSKIE|0.0
P16234|Q8WYP5_IEEPSPIVY|0.0
P16234|Q8WYP5_AFFGTPISK|0.0
P16234|Q8WYP5_GTPISKASQ|0.0
P16234|Q8WYP5_VPRPSQCSE|0.0
P16234|Q8WYP5_PSQCSEFIQ|0.0
P16234|Q8WYP5_FIQQSSMKS|0.0
P16234|Q8WYP5_IQQSSMKSP|0.0
P16234|Q8WYP5_KSPLYLVSR|0.0
P16234|Q8WYP5_LYLVSRSLP|0.0
P16234|Q8WYP5_SLPSSSQLK|0.0
P16234|Q8WYP5_ISRASELHL|0.0
P16234|Q8WYP5_MSVTTSGFS|0.0
P16234|Q8WYP5_FSEFTPQSI|0.0
P16234|Q8WYP5_FTPQSILRS|0.0
P16234|Q8WYP5_SILRSTLRS|0.0
P16234|Q8WYP5_ILRSTLRST|0.0
P16234|Q8WYP5_STLRSTPLA|0.0
P16234|Q8WYP5_TLRSTPLAS|0.0
P16234|Q8WYP5_LASPSPSPG|0.0
P16234|Q8WYP5_RLKETRISF|0.0
P16234|Q8WYP5_LEVFTTPKK|0.0
P16234|Q8WYP5_EWLKSKDRT|0.0
P16234|Q8WYP5_SKDRTTSFF|0.0
P16234|Q8WYP5_DRTTSFFLN|0.0
P16234|Q8WYP5_MDEGSQSLE|0.0
P16234|Q8WYP5_EVTPSDLQK|0.0
P16234|Q8WYP5_LNHLSPVQG|0.0
P16234|Q8WYP5_DEGLTSVET|0.0
P16234|Q8WYP5_VETYTPAIR|0.0
P16234|Q8WYP5_NDNKSMADV|0.0
P16234|Q8WYP5_KLPISDSPP|0.0
P16234|Q8WYP5_KLVCSGEND|0.0
P16234|Q8WYP5_SAVTSDQKS|0.0
P16234|Q8WYP5_QKVDTLPYV|0.0
P16234|Q8WYP5_DTLPYVPEP|0.0
P16234|Q8WYP5_ADVATPKMP|0.0
P16234|Q8WYP5_MPGQSVRKK|0.0
P16234|Q8WYP5_ISEASENIY|0.0
P16234|Q8WYP5_SENIYSDVR|0.0
P16234|Q8WYP5_ENIYSDVRG|0.0
P16234|Q8WYP5_VRGLSQNQQ|0.0
P16234|Q8WYP5_LENTSSVEQ|0.0
P16234|Q8WYP5_KRLKSSQLL|0.0
P16234|Q8WYP5_VKVSSVTKR|0.0
P16234|Q8WYP5_VSSVTKRTP|0.0
P16234|Q8WYP5_VTKRTPRRI|0.0
P16234|Q8WYP5_VTSPSRMIR|0.0
P16234|Q8WYP5_RKLRSTNLD|0.0
P16234|Q8WYP5_NLDASENTG|0.0
P16234|Q8WYP5_ASENTGNKQ|0.0
P16234|Q8WYP5_QDDKSSDKQ|0.0
P16234|Q8WYP5_DDKSSDKQL|0.0
P16234|Q8WYP5_VREDSNLES|0.0
P16234|Q8WYP5_EDVGSKAVK|0.0
P16234|Q8WYP5_IRRRSTRNT|0.0
P16234|Q8WYP5_RRRSTRNTP|0.0
P16234|Q8WYP5_STRNTPAKS|0.0
P16234|Q8WYP5_TPAKSENVD|0.0
P16234|Q8WYP5_RSLHSVSEE|0.0
P16234|Q8WYP5_LHSVSEERT|0.0
P16234|Q8WYP5_RLLATASFT|0.0
P16234|Q8WYP5_TASFTKSSR|0.0
P16234|Q8WYP5_SFTKSSRSS|0.0
P16234|Q8WYP5_LPDLSEPNN|0.0
P16234|Q8WYP5_PALRSRQKN|0.0
P16234|Q8WYP5_DDAQSVETL|0.0
P16234|Q8WYP5_DGVKSKPRK|0.0
P16234|Q8WYP5_PRKTTEVTG|0.0
P16234|Q8WYP5_TTEVTGTGL|0.0
P16234|Q8WYP5_RKKLSSYPK|0.0
P16234|Q8WYP5-2___MDSLAGL|0.0
P16234|Q8WYP5-2_LAGLSPREA|0.0
P16234|Q8WYP5-2_SSMKSPLYL|0.0
P16234|Q8WYP5-2_SENIYSDVR|0.0
P16234|Q8WYP5-2_QNSVTPRRG|0.0
P16234|Q8WYP5-2_IRRRSTRNT|0.0
P16234|Q8WYP5-2_PRKTTEVTG|0.0
P16234|Q8WYP5-2_TTEVTGTGL|0.0
P16234|Q00013_LSDLYLEHL|0.094
P16234|Q00013_PEAVSHPLN|0.0
P16234|Q00013_HPLNTVTED|0.053
P16234|Q00013_LNTVTEDMY|0.081
P16234|Q00013_TEDMYTNGS|0.129
P16234|Q00013_YTNGSPAPG|0.003
P16234|Q00013_PNQQSRLPA|0.076
P16234|Q00013_GLIPSPELQ|0.0
P16234|Q00013_KKKKYKDKY|0.431
P16234|Q00013_YKDKYLAKH|0.42
P16234|Q00013_YPVPYTTRP|0.291
P16234|Q00013_PPRKSEEDG|0.0
P16234|Q00013_DGKEYHFIS|0.0
P16234|Q00013_YHFISTEEM|0.128
P16234|Q00013_TRNISANEF|0.0
P16234|Q00013_TDQGTQTEA|0.0
P16234|Q00013_QYAHYFDLS|0.199
P16234|Q00013-2_PAPGSPAQV|0.0
P16234|Q00013-3_PNQQSRLPA|0.0
P16234|Q6PCB8_EQLKSDDSN|0.0
P16234|Q6PCB8_KSDDSNGIE|0.0
P16234|Q6PCB8_RKNESLGQ_|0.0
P16234|Q8N766_LALETEWEL|0.0
P16234|Q8N766_SEDGSMGSF|0.0
P16234|Q8N766_GSMGSFSEK|0.006
P16234|Q8N766_MGSFSEKSS|0.0
P16234|Q8N766_EKSSSKDSL|0.0
P16234|Q8N766_FGIESSSGT|0.0
P16234|Q8N766_MSSLYVFNP|0.071
P16234|Q8N766_IDDEYKVTA|0.129
P16234|Q8N766_EHVHSQGRV|0.0
P16234|Q8N766_IDGVTGRII|0.001
P16234|Q8N766_RIIHSSVQK|0.0
P16234|Q8N766_IIHSSVQKK|0.0
P16234|Q8N766_LIPYSPDVQ|0.055
P16234|Q8N766_MRGIYTAPS|0.37
P16234|Q8N766_LVVAYGLDI|0.003
P16234|Q5UCC4_RKRGSLLWN|0.016
P16234|Q5UCC4_TLSLSQRQL|0.0
P16234|Q9NPA0_VEVVSPAYR|0.0
P16234|Q9NPA0_MRARYVNYI|0.422
P16234|Q9NPA0_VRLPYPLQM|0.323
P16234|Q9NPA0_TRLFSSKSS|0.0
P16234|Q9NPA0_FSSKSSGKS|0.0
P16234|Q9NPA0_SSKSSGKSS|0.0
P16234|Q9NPA0_GKSSSGSSK|0.0
P16234|Q9NPA0_SSSGSSKTG|0.0
P16234|Q9NPA0_SSGSSKTGK|0.0
P16234|Q9ULC0_MSLMSTATF|0.0
P16234|Q9ULC0_QVIGTEGGK|0.0
P16234|Q9ULC0_GKNASTSAT|0.0
P16234|Q9ULC0_KNASTSATS|0.0
P16234|Q9ULC0_NASTSATSR|0.0
P16234|Q96AY2_EPSSTKRRQ|0.0
P16234|Q96AY2_PELFSPPVP|0.0
P16234|Q96AY2_NEGASCDWK|0.001
P16234|Q96AY2_AALVTRMKA|0.001
P16234|P50402_LLRRYNIPH|0.313
P16234|P50402_TRRLYEKKI|0.354
P16234|P50402_FEYETQRRR|0.386
P16234|P50402_SPPSSSAAS|0.0
P16234|P50402_ESYFTTRTY|0.421
P16234|P50402_FTTRTYGEP|0.498
P16234|P50402_ERPMYGRDS|0.238
P16234|P50402_ASRSSLDLS|0.14
P16234|P50402_LDLSYYPTS|0.432
P16234|P50402_DLSYYPTSS|0.002
P16234|P50402_SSSTSFMSS|0.0
P16234|Q96A84-3_EPMWSGSTM|0.0
P16234|Q96A84-3_MWSGSTMRR|0.025
P16234|Q96A84-3_WSGSTMRRM|0.0
P16234|Q96A83_TRTVSCQVQ|0.0
P16234|Q96A83_VQNGSETVV|0.0
P16234|Q96A83_RVYQSCRWP|0.28
P16234|Q96A83_TYRVSYRTV|0.062
P16234|Q96A83_YRVSYRTVT|0.376
P16234|Q96A83_QRRPTGPAG|0.0
P16234|Q9Y6C2_LQGLSGRLA|0.0
P16234|Q9Y6C2_GRRGTELGG|0.0
P16234|Q9Y6C2_PGYTSLASR|0.0
P16234|Q9Y6C2_RVLDSEGQL|0.0
P16234|Q9Y6C2_VGGPSRGPL|0.0
P16234|Q9Y6C2_HATESEERF|0.0
P16234|Q9Y6C2_EAVLSRSNQ|0.0
P16234|Q9Y6C2_VLSRSNQGV|0.0
P16234|Q9BXX0_EPRKTLSPT|0.0
P16234|Q9BXX0_RKTLSPTGT|0.0
P16234|Q9BXX0_TLSPTGTAQ|0.0
P16234|Q9BXX0_GAELSPPGA|0.0
P16234|Q9BXX0_GVSGSGDER|0.0
P16234|Q9NT22_ASRYSLYTT|0.0
P16234|Q9NT22_PNRMTGGPR|0.0
P16234|Q9NT22_RLWGSLLDG|0.0
P16234|Q9NT22_LSHDSASPG|0.0
P16234|O00423_PLMQTLPLR|0.0
P16234|O00423_PKKPTGSLP|0.0
P16234|O00423_KPTGSLPSP|0.0
P16234|O00423_NIKRTSSSE|0.0
P16234|O00423_IKRTSSSER|0.0
P16234|O00423_KRTSSSERV|0.0
P16234|O00423_RTSSSERVS|0.0
P16234|O00423_SERVSPGGR|0.0
P16234|O00423_GRRESNGDS|0.0
P16234|O00423_NRNRTGSTS|0.0
P16234|O00423_NRTGSTSSS|0.0
P16234|O00423_RTGSTSSSS|0.0
P16234|O00423_TGSTSSSSS|0.0
P16234|O00423_GKKNSESKP|0.0
P16234|O00423_KNSESKPKE|0.0
P16234|O00423_EPVFSAEEG|0.0
P16234|O00423_AEEGYVKMF|0.005
P16234|O00423_VTLNTLHVI|0.0
P16234|O00423_KSHLYFWTL|0.0
P16234|O00423_WGKGTNRIS|0.0
P16234|O00423_TNRISYAVQ|0.0
P16234|O00423_NRISYAVQG|0.001
P16234|O00423_LRDGTLVSG|0.0
P16234|O00423_GTLVSGGGK|0.0
P16234|O00423_RKLISWSGN|0.0
P16234|O00423_LISWSGNYQ|0.01
P16234|O00423_WSGNYQKLR|0.0
P16234|O00423_KKLLSTGDD|0.0
P16234|O00423-3_NRSVSLLNA|0.0
P16234|O95834_KSHIYFWTL|0.043
P16234|O95834-3_GYATSPSSP|0.0
P16234|O95834-3_ATSPSSPKK|0.0
P16234|O95834-3_TSPSSPKKE|0.0
P16234|O95834-3_SVRRYLSPE|0.0
P16234|O95834-3_RRYLSPERL|0.0
P16234|O95834-3_ERLASVRRE|0.301
P16234|O95834-3_SRTTSSSSN|0.925
P16234|Q32P44_GSSSSGAGS|0.0
P16234|Q32P44_SGAGSPGPP|0.0
P16234|Q32P44_PRRNSSSSS|0.0
P16234|Q32P44_SSSSSPSER|0.0
P16234|Q32P44_KDPLSSPGG|0.0
P16234|Q32P44_PGNGTLTRK|0.0
P16234|Q32P44_NGTLTRKQG|0.0
P16234|Q32P44_VFGKYKKPK|0.0
P16234|Q32P44_GGHGSHVTS|0.0
P16234|Q32P44_GSHVTSVRF|0.0
P16234|Q32P44_SHVTSVRFT|0.0
P16234|Q32P44_SRTPSLSPA|0.0
P16234|Q32P44_LSPASSLDV|0.0
P16234|Q32P44_SPASSLDV_|0.0
P16234|Q32P44-2_TSRHSRSRI|0.0
P16234|Q9HC35_AASTSDVQD|0.0
P16234|Q9HC35_QDRLSALES|0.0
P16234|Q9HC35_SALESRVQQ|0.0
P16234|Q9HC35_SVKKSVSSK|0.0
P16234|Q9HC35_KSVSSKGQP|0.0
P16234|Q9HC35_KGQPSPRAV|0.153
P16234|Q9HC35_VIPMSCITN|0.0
P16234|Q9HC35_NRKPSHTSA|0.0
P16234|Q9HC35_TSAVSIAGK|0.0
P16234|Q9HC35_KETLSSAAK|0.006
P16234|Q9HC35_ETLSSAAKS|0.0
P16234|Q9HC35_KKEESHSND|0.0
P16234|Q9HC35_PQPSSQPLQ|0.0
P16234|Q9HC35_IHRQTPESK|0.0
P16234|Q9HC35_QTPESKNAT|0.0
P16234|Q9HC35_KSHNSWENS|0.0
P16234|Q9HC35_NSDDSRNKL|0.0
P16234|Q9HC35_IPKVTKTAD|0.0
P16234|Q9HC35_KVTKTADKH|0.392
P16234|Q9HC35_MFIPSDVDN|0.176
P16234|Q9HC35_DVDNYDDIR|0.103
P16234|Q9HC35_LEWAYGYRG|0.415
P16234|Q9HC35_WAYGYRGKD|0.401
P16234|Q9HC35_VLFNYEERT|0.418
P16234|Q9HC35_TQRHYLGHT|0.311
P16234|Q9HC35_IRIATGQIA|0.101
P16234|Q9HC35_IFFWTWSGN|0.0
P16234|Q9HC35_IFGKYEKPK|0.384
P16234|Q9HC35_NSGDYEILY|0.073
P16234|Q9HC35_VEKLSLPQN|0.0
P16234|Q9HC35_PQNETVADT|0.0
P16234|Q9HC35_VADTTLTKA|0.0
P16234|Q9HC35_GEPLYEEPC|0.449
P16234|Q9HC35-2_NRKPSHTSA|0.0
P16234|Q9HC35-2_SAAKSIKRP|0.0
P16234|Q05BV3_KEIVYFVAG|0.0
P16234|Q05BV3_VGVVYSPRE|0.0
P16234|Q05BV3_GKMLSMAPG|0.0
P16234|Q05BV3_APGHTDRIF|0.0
P16234|Q05BV3_APGNSIRLH|0.0
P16234|Q05BV3_KRLASVGID|0.0
P16234|Q05BV3_IARGSKDKI|0.0
P16234|Q05BV3_FSPGSGKYL|0.0
P16234|Q05BV3_EDGGYDSDV|0.0
P16234|Q05BV3_NEISYTIRA|0.0
P16234|Q05BV3_AKIASRAGH|0.0
P16234|Q6ZMW3_IKFWTLCGN|0.0
P16234|Q6ZMW3_GNALTAKRG|0.0
P16234|Q6ZMW3_SPDGSQLAL|0.0
P16234|Q6ZMW3_MKDGSFIVL|0.0
P16234|Q6ZMW3_LAVGSNDGP|0.0
P16234|Q6ZMW3_KFRKYVGHS|0.456
P16234|Q6ZMW3_SAHVTNVRW|0.071
P16234|Q6ZMW3_DKLVTVGIK|0.0
P16234|Q6ZMW3_RFKKYVGHS|0.0
P16234|Q6ZMW3_EDGGYDSDV|0.0
P16234|Q6ZMW3_TTKIYAVSI|0.0
P16234|Q6ZMW3_TLAGSALLY|0.0
P16234|Q6ZMW3_SALLYKKGV|0.0
P16234|Q6ZMW3_GVIGSLGAA|0.0
P16234|Q6ZMW3_AKAHTGPVF|0.0
P16234|Q6ZMW3_GPVFTMYTT|0.435
P16234|Q6ZMW3_VFTMYTTLR|0.109
P16234|Q6ZMW3_ILVGTKDGE|0.0
P16234|Q6ZMW3_LLVNSLKVW|0.0
P16234|Q6ZMW3_KDIPSFVIQ|0.0
P16234|Q6ZMW3_QMDFSADGK|0.0
P16234|Q6ZMW3_ADGKYIQVS|0.009
P16234|Q6ZMW3_DFPCTEKFA|0.0
P16234|P54851_AASIYTDRR|0.061
P16234|P54852____MSLLLL|0.0
P16234|P54852_LLVVSALHI|0.0
P16234|P54852_LFVATLDKS|0.001
P16234|Q14246_TCTNTVDSY|0.395
P16234|Q14246_NTVDSYYCA|0.28
P16234|Q14246_QPQGYGMHN|0.358
P16234|Q14246_IVINSLLLT|0.0
P16234|Q14246_SLLLTWTLW|0.0
P16234|Q9UHX3_NTIQSILQA|0.0
P16234|Q9UHX3_RPHLYGTPS|0.0
P16234|Q9UHX3_HLYGTPSRC|0.002
P16234|Q9UHX3_YGTPSRCWL|0.169
P16234|Q9UHX3_SEMHTLSSS|0.0
P16234|Q9UHX3_MHTLSSSAK|0.0
P16234|Q9UHX3_TLSSSAKAD|0.0
P16234|Q9BY15_RQEISSTAT|0.0
P16234|Q9BY15_QEISSTATT|0.0
P16234|Q9BY15_KRNVSLSKS|0.0
P16234|Q9BY15_NVSLSKSVT|0.0
P16234|Q9BY15_HVKMTPSTK|0.0
P16234|Q9BY15_KMTPSTKKV|0.014
P16234|Q9BY15_MTPSTKKVF|0.0
P16234|Q9BY15_VYWKSTGQG|0.0
P16234|Q9BY15_GSQWSRDGC|0.0
P16234|Q9BY15_HVNKSHTMC|0.0
P16234|Q7Z589_ELEAYAGVI|0.312
P16234|Q7Z589_ASPASNVVV|0.0
P16234|Q7Z589_GSTVYVKSV|0.001
P16234|Q7Z589_VKSVSCSDE|0.0
P16234|Q7Z589_SVSCSDEDE|0.0
P16234|Q7Z589_RTNSSSSSP|0.0
P16234|Q7Z589_TNSSSSSPV|0.0
P16234|Q7Z589_NSSSSSPVV|0.0
P16234|Q7Z589_PPHMSPVKI|0.0
P16234|Q7Z589_TSPSSTFVP|0.0
P16234|Q7Z589_KSHNYAAVT|0.363
P16234|Q7Z589_TRLPSPKSL|0.0
P16234|Q7Z589_QVQPSKILP|0.0
P16234|Q7Z589_KLVTTPTGT|0.0
P16234|Q7Z589_VTTPTGTQA|0.0
P16234|Q7Z589_QATYTRPTV|0.156
P16234|Q7Z589_GSIITVVPK|0.325
P16234|Q7Z589_VVPKSLATL|0.0
P16234|Q7Z589_SGTTTKITT|0.0
P16234|Q7Z589_TTKITTIPM|0.0
P16234|Q7Z589_TKITTIPMT|0.258
P16234|Q7Z589_KGIGSTVQP|0.0
P16234|Q7Z589_AGNSSIQEG|0.0
P16234|Q7Z589_PTIIYQDVS|0.426
P16234|Q7Z589_EKLESKPRQ|0.048
P16234|Q7Z589_PRQPTIDLS|0.0
P16234|Q7Z589_EKRHSPESP|0.0
P16234|Q7Z589_PESPSIAVV|0.079
P16234|Q7Z589_HVAQSQTAT|0.3
P16234|Q7Z589_IPASSPGAI|0.0
P16234|Q7Z589_ALTQSQSAK|0.0
P16234|Q7Z589_VQPQTPQSQ|0.0
P16234|Q7Z589_QSQMSLPAS|0.0
P16234|Q7Z589_SPVTSISPI|0.0
P16234|Q7Z589_PIQASEKTA|0.0
P16234|Q7Z589_GMANSTPQQ|0.0
P16234|Q7Z589_MANSTPQQQ|0.0
P16234|Q7Z589_KCRESCSSP|0.0
P16234|Q7Z589_SSPSTVGSS|0.0
P16234|Q7Z589_STVGSSLTT|0.0
P16234|Q7Z589_SSLTTRKID|0.0
P16234|Q04743_YANSSPINP|0.131
P16234|Q04743-2_HRYRYLGHR|0.0
P16234|P19622_GGGGSSPGE|0.0
P16234|P19622_GGGSSPGEA|0.0
P16234|P19622_GEADTGRRR|0.0
P16234|P19622_SGPRSRKPK|0.0
P16234|Q05925_DRGQTAAGR|0.0
P16234|Q05925_DKDESE___|0.0
P16234|P37088_LDRITEQTL|0.0
P16234|P37088_LVAGSRSRR|0.0
P16234|P37088_PGVETSISM|0.0
P16234|P37088_GVETSISMR|0.0
P16234|P37088_ETSISMRKE|0.0
P16234|P37088_MRKETLDRL|0.0
P16234|P37088_SRYWSPGRG|0.0
P16234|P51168_NITLSRKGI|0.0
P16234|P51168_KLNIYFQEF|0.366
P16234|P51168_QEFNYRTIE|0.218
P16234|P51168_ALAKSLRQR|0.0
P16234|P51168_RAQASYAGP|0.278
P16234|P51168_FQPDTAPRS|0.0
P16234|P51172_TFFCTNATI|0.0
P16234|P51172_CTNATIHGA|0.0
P16234|P51172_RLVCSRGNR|0.0
P16234|P51172_LPLVTLCDG|0.095
P16234|P51172_RAALSATVP|0.0
P16234|P51172_ALSATVPRH|0.0
P16234|P51172_RLSHSGSRV|0.0
P16234|P51172_LGHHSFSVR|0.0
P16234|P51172_HHSFSVRPG|0.0
P16234|P51172_VRPGTEATI|0.0
P16234|P51172_RAWFSWPRA|0.0
P16234|P51172_SAEESWAGP|0.0
P16234|P51170_FPAVTICNI|0.0
P16234|P51170_PYKYSTVRH|0.409
P16234|P51170_YKYSTVRHL|0.4
P16234|P51170_RDFFTGRKR|0.0
P16234|P51170_PKYNTLRLE|0.305
P16234|P51170_ERAFSNQLT|0.0
P16234|P51170_SNQLTDTQM|0.0
P16234|Q9NRM1_LLGNSVAMP|0.012
P16234|Q9NRM1_NSTVTETNS|0.004
P16234|Q9NRM1_YHKAYPPTS|0.335
P16234|Q9NRM1_KHSSYQPAV|0.0
P16234|O14682____MSVSVH|0.254
P16234|O14682_ASSGSINIY|0.0
P16234|O14682_QRLFTDVLL|0.0
P16234|O14682_ACSRYFEAM|0.017
P16234|O14682_QVEHYDPTI|0.182
P16234|O14682_AFGGTSVSH|0.0
P16234|O14682_FGGTSVSHD|0.0
P16234|O14682_GTSVSHDKL|0.001
P16234|Q9H1Y3_AYERYIRVV|0.501
P16234|Q9H1Y3_TSDESLSVD|0.181
P16234|O94919_DYLDSDYQR|0.283
P16234|O94919_VPSDYRVKD|0.052
P16234|O94919_QKSSSPLSS|0.0
P16234|O94919_RSKRSTLLP|0.0
P16234|O94919_SKRSTLLPP|0.0
P16234|O94919_KRIGYKVTF|0.345
P16234|Q7Z3T8_KAAVSDLDK|0.0
P16234|Q7Z3T8_DEQDYLQDV|0.233
P16234|Q7Z3T8_VQNAYDSNH|0.0
P16234|Q7Z3T8_SETSYGTNE|0.184
P16234|Q7Z3T8_LKGLTSIQN|0.0
P16234|Q7Z3T8_KGLTSIQNE|0.0
P16234|Q7Z3T8_IQPLYMGRC|0.161
P16234|Q7Z3T8_LVHATNSEE|0.0
P16234|Q7Z3T8_HATNSEEDI|0.0
P16234|Q7Z3T8_SNADSLIGL|0.0
P16234|Q7Z3T8_DTTLSDSYN|0.0
P16234|Q7Z3T8_TLSDSYNYS|0.0
P16234|Q7Z3T8_TRQSSKMFH|0.0
P16234|Q7Z3T8_ALTCSLPKN|0.0
P16234|Q7Z3T8_NDSNSRDEN|0.0
P16234|Q7Z3T8_LPDFSFQED|0.0
P16234|Q7Z3T8_EDSKSLDLK|0.0
P16234|Q7Z3T8_ALHVSSKDV|0.0
P16234|Q7Z3T8_PSSLSCLPA|0.0
P16234|Q7Z3T8_SLIESKARG|0.0
P16234|Q7Z3T8_EKCKSILLQ|0.0
P16234|Q7Z3T8_QDLDYFNID|0.403
P16234|Q7Z3T8_GPLISDAEL|0.0
P16234|Q7Z3T8_LTEQYLQTT|0.162
P16234|Q7Z3T8_TNIKSFEEN|0.0
P16234|Q7Z3T8_NVNDSKSQM|0.0
P16234|Q7Z3T8_INNIYFNAE|0.057
P16234|Q7Z3T8_GEKSTIPVQ|0.0
P16234|Q7Z3T8_TNQLSVSDI|0.0
P16234|Q7Z3T8_INSQSVGGA|0.0
P16234|Q7Z3T8_KQLFSLPSR|0.0
P16234|Q7Z3T8_SRTRSSKDL|0.0
P16234|Q7Z3T8_CKLQYLEKE|0.103
P16234|Q7Z3T8_PSPATLPVS|0.0
P16234|Q7Z3T8_SKRCSEDFS|0.0
P16234|Q7Z3T8_FSPLSPDVP|0.0
P16234|Q7Z3T8_PNNETGDIT|0.002
P16234|Q7Z3T8_TGDITRNEI|0.0
P16234|Q7Z3T8_LLVASGEKG|0.005
P16234|Q7Z3T8_RLFITIYKD|0.028
P16234|Q7Z3T8_FLFITPTFQ|0.0
P16234|Q7Z3T8_LGAEYKAYP|0.0
P16234|Q7Z3T8_EYKAYPAPL|0.343
P16234|Q7Z3T8_FLAKSSIVE|0.0
P16234|Q7Z3T8_DLREYVDIC|0.127
P16234|Q14249_RAGLTLASG|0.0
P16234|Q14249_LTLASGAGL|0.0
P16234|Q9Y2C4_MAIKSIASR|0.0
P16234|Q99962____MSVAGL|0.0
P16234|Q99962_RQASSQPRR|0.0
P16234|Q99961____MSVAGL|0.0
P16234|Q99961_FYKASQLVS|0.0
P16234|Q99961_SQLVSEKVG|0.0
P16234|Q99961_LNTVSKIRG|0.0
P16234|Q99961_SSFRSSDKP|0.0
P16234|Q99961_TPSRSMPPL|0.0
P16234|Q99963____MSVAGL|0.0
P16234|Q99963_FHKASQLFS|0.0
P16234|Q99963_GQVKTTGYP|0.225
P16234|Q99963_KTTGYPQTE|0.385
P16234|Q99963_RRLDYDYKK|0.291
P16234|Q99963_ISAASSVPR|0.0
P16234|Q99963_PRREYKPRP|0.115
P16234|Q99963_PVKRSSSEL|0.0
P16234|Q99963_VKRSSSELN|0.001
P16234|Q9Y371_GDYKTIAKE|0.295
P16234|Q9Y371_ETRNSSEQE|0.004
P16234|Q9Y371-2_ETRNSQLNS|0.335
P16234|Q9NR46_EEFLYEKLD|0.557
P16234|Q9NR46_ELGPTTPYG|0.372
P16234|Q9NR46_LGPTTPYGK|0.0
P16234|Q9NR46_ISFLTPLRN|0.0
P16234|Q9NR46_AKATTVPDF|0.0
P16234|Q9NR46_DFQETRPRN|0.084
P16234|Q9NR46_ILSASASAL|0.0
P16234|Q9NR46_SASASALWN|0.103
P16234|Q9NR46_EFVKSQTTY|0.008
P16234|Q9NR46_KSQTTYYAQ|0.382
P16234|Q9NR46_SQTTYYAQC|0.484
P16234|Q9NR46_LELLS____|0.0
P16234|Q8N8Q3_LGVLTDLPC|0.0
P16234|Q8N8Q3_RLLQTRGDS|0.0
P16234|Q8N8Q3_TRGDSFPLL|0.0
P16234|Q8N8Q3_HIRKSLGLP|0.0
P16234|Q8N8Q3_PGPPTPRSP|0.0
P16234|Q8N8Q3_PTPRSPKAQ|0.0
P16234|Q8N8Q3_DSGESSALC|0.0
P16234|Q8N8Q3_SGESSALC_|0.001
P16234|Q8N8Q3-3_PKGDSGESS|0.0
P16234|Q8N8Q3-3_PQDHSPGPR|0.0
P16234|P17813_STQSTPCST|0.0
P16234|Q8NFI3_PEAGTQEEQ|0.0
P16234|Q8NFI3_RPGRSIKDE|0.0
P16234|Q8NFI3_REVVSFSPD|0.0
P16234|Q8NFI3_CVLGTFITE|0.0
P16234|Q8NFI3_GTFITEWNE|0.0
P16234|Q8NFI3_GRFDTDKSL|0.0
P16234|Q8NFI3_MSDDSPGRE|0.0
P16234|Q6UWT2_CHSRSADVD|0.0
P16234|Q6UWT2_ADVDSLSES|0.0
P16234|P61570_LWRLTVASH|0.002
P16234|P61570_LTVASHHIR|0.0
P16234|O42043_LWRLTVASH|0.0
P16234|O42043_LTVASHHIR|0.0
P16234|Q9H0I2_PSRISGPIP|0.0
P16234|Q9H0I2_PPDPTLCPD|0.0
P16234|Q9H0I2_RSPKYDKVE|0.329
P16234|Q9H0I2_PHVSSPQPT|0.0
P16234|Q9H0I2_AQEHYNATQ|0.367
P16234|Q9H0I2_HYNATQKGH|0.384
P16234|Q8TC29_QPPRYISIF|0.376
P16234|Q8TC29_PRYISIFKA|0.042
P16234|Q8TC29_QKAKTAMKT|0.0
P16234|Q8TC29_VEVPSPKDF|0.0
P16234|Q8TC29_DLEPSGLVP|0.0
P16234|Q8TC29_LVPKYINKK|0.256
P16234|Q8TC29_AQEDYDRYI|0.336
P16234|P06733____MSILKI|0.0
P16234|P06733_EIFDSRGNP|0.0
P16234|P06733_RGNPTVEVD|0.0
P16234|P06733_VDLFTSKGL|0.099
P16234|P06733_AAVPSGAST|0.0
P16234|P06733_PSGASTGIY|0.0
P16234|P06733_SGASTGIYE|0.0
P16234|P06733_DNDKTRYMG|0.282
P16234|P06733_PALVSKKLN|0.0
P16234|P06733_GVPLYRHIA|0.324
P16234|P06733_LAGNSEVIL|0.0
P16234|P06733_INGGSHAGN|0.0
P16234|P06733_GAEVYHNLK|0.329
P16234|P06733_GKDATNVGD|0.001
P16234|P06733_ELLKTAIGK|0.0
P16234|P06733_GKAGYTDKV|0.093
P16234|P06733_KAGYTDKVV|0.469
P16234|P06733_RSGKYDLDF|0.04
P16234|P06733_DPSRYISPD|0.01
P16234|P06733_LADLYKSFI|0.001
P16234|P06733_KFTASAGIQ|0.0
P16234|P06733_VNEKSCNCL|0.0
P16234|P06733_IGSVTESLQ|0.0
P16234|P06733_SVTESLQAC|0.0
P16234|P06733_GVMVSHRSG|0.0
P16234|P06733_VSHRSGETE|0.0
P16234|P06733_VGLCTGQIK|0.0
P16234|P06733_RLAKYNQLL|0.442
P16234|P09104_AAVPSGAST|0.0
P16234|P09104_PSGASTGIY|0.0
P16234|P09104_SGASTGIYE|0.0
P16234|P09104_ELPLYRHIA|0.354
P16234|P09104_DKAGYTEKI|0.0
P16234|P09104_NQIGSVTEA|0.0
P16234|P09104_VSHRSGETE|0.0
P16234|P09104_VGLCTGQIK|0.0
P16234|P09104_FRNPSVL__|0.0
P16234|P13929_AAVPSGAST|0.0
P16234|P13929_PSGASTGIY|0.0
P16234|P13929_SGASTGIYE|0.0
P16234|P13929_STGIYEALE|0.35
P16234|P13929_NINNTLGPA|0.139
P16234|P13929_QKKLSVVDQ|0.108
P16234|P13929_TENKSKFGA|0.279
P16234|P13929_GVPLYRHIA|0.294
P16234|P13929_VGASSFKEA|0.0
P16234|P13929_GAEVYHHLK|0.403
P16234|P13929_ELLKTAIQA|0.0
P16234|P13929_ASEFYRNGK|0.001
P16234|P13929_RNGKYDLDF|0.319
P16234|P13929_ELYKSFIKN|0.346
P16234|P13929_FIKNYPVVS|0.394
P16234|P13929_NQIGSVTES|0.0
P16234|P13929_SVTESIQAC|0.0
P16234|P13929_KLAQSNGWG|0.0
P16234|P13929_VSHRSGETE|0.0
P16234|P13929_VGLCTGQIK|0.0
P16234|A6NNW6_NSTFYLQPA|0.0
P16234|A6NNW6_PTTLSMPLL|0.0
P16234|A6NNW6_IMGTYKNAA|0.0
P16234|A6NNW6_MVDLYVDLI|0.0
P16234|Q9UHY7_KIADSIGCS|0.0
P16234|P29474_APEHSPPSS|0.0
P16234|P29474_RCLGSLVFP|0.0
P16234|P29474_EMFTYICNH|0.479
P16234|P29474_QQDGSVRGD|0.0
P16234|P29474_KISASLMGT|0.0
P16234|P29474_SLMGTVMAK|0.0
P16234|P29474_RKESSNTDS|0.0
P16234|P29474_ESSNTDSAG|0.0
P16234|P29474_RYRLSAQAE|0.277
P16234|P29474_LPPCTLRQA|0.0
P16234|P29474_TSPPSPQLL|0.0
P16234|P29474_DILRTELAA|0.0
P16234|Q7L5Y1_GPEKTLMMD|0.021
P16234|Q7L5Y1_EHFKYPVMI|0.0
P16234|Q16206_LRPPSPPPV|0.0
P16234|Q16206_YHSASKQKA|0.102
P16234|Q16206_WDHFTKAQR|0.0
P16234|Q16206_EENDSLRWQ|0.0
P16234|Q16206_QLDAYRNEV|0.348
P16234|Q07075_LKRPSGDQV|0.0
P16234|Q07075_VKNVTLLSR|0.0
P16234|Q07075_QHRNTIREW|0.0
P16234|P22413_AGGGSRGGE|0.154
P16234|P22413_ARARTAKDP|0.437
P16234|P22413_YPTKTFPNH|0.279
P16234|P22413_DNKMYDPKM|0.454
P16234|Q13822_NLCKSYTSC|0.388
P16234|Q13822_LCKSYTSCC|0.429
P16234|Q13822_CKSYTSCCH|0.485
P16234|Q13822_KSYTSCCHD|0.0
P16234|Q13822_RRILTILQW|0.0
P16234|Q13822_HERPSVYAF|0.445
P16234|Q13822_YAFYSEQPD|0.453
P16234|Q13822_TCDRTEFLS|0.009
P16234|Q13822_SNYLTNVDD|0.398
P16234|Q13822_IANLTCKKP|0.226
P16234|Q13822_PLDVYKKPS|0.602
P16234|Q13822_RHLLYGRPA|0.439
P16234|Q13822_PAVLYRTRY|0.489
P16234|Q13822_PEAKYDAFL|0.573
P16234|Q13822_TSRSYPEIL|0.389
P16234|Q13822-3_TEAETRKFR|0.0
P16234|O14638_YMTDYFPRI|0.271
P16234|O14638_DKNITHGFL|0.0
P16234|O14638_HGFLYPPAS|0.29
P16234|O14638_VELLTGLDF|0.0
P16234|O14638_GLDFYQDKV|0.345
P16234|Q9Y6X5_ILLFSGLIT|0.0
P16234|Q9Y6X5_RSDSSSSLP|0.0
P16234|Q9Y6X5_DSSSSLPPK|0.0
P16234|Q9Y6X5_NVFITKTFP|0.184
P16234|Q9Y6X5_FITKTFPNH|0.0
P16234|Q9Y6X5_PNHYSIVTG|0.346
P16234|Q9Y6X5_PRPFSRLQL|0.062
P16234|Q9UJA9_NESVSFEDR|0.0
P16234|Q9UJA9_LIDQSPVAA|0.0
P16234|Q9UJA9_YEALTHAHP|0.0
P16234|Q9UJA9_HPNLTVYKK|0.057
P16234|Q9UJA9_NLTVYKKED|0.482
P16234|Q6UWR7_YGPASPQRK|0.168
P16234|O43768_PAEETGEEK|0.0
P16234|O43768_LKAKYPSLG|0.045
P16234|O43768_KPGGSDFLM|0.0
P16234|O43768_KGQKYFDSG|0.0
P16234|O43768_KQLPSAGPD|0.0
P16234|O43768_DHIPTPQDL|0.0
P16234|O43768-3_QKGDYKSLH|0.0
P16234|O43768-3_EMQKYFDSG|0.0
P16234|Q14677_RVYKSLLLL|0.12
P16234|Q14677_IRNGSERVV|0.0
P16234|Q14677_REHIYDLRS|0.215
P16234|Q14677_YDLRSLENY|0.019
P16234|Q14677_SLENYHFVD|0.064
P16234|Q14677_YVGVSSDSV|0.0
P16234|Q14677_YSERYDPEP|0.342
P16234|Q14677_PEPKSKWDE|0.022
P16234|Q14677_LGELSDKIG|0.0
P16234|Q14677_KIGSTIDDT|0.005
P16234|Q14677_TIDDTISKF|0.033
P16234|Q14677_DDTISKFRR|0.0
P16234|Q14677_QATETTTTR|0.006
P16234|Q14677_TANPSKTID|0.0
P16234|Q14677_NPSKTIDLG|0.0
P16234|Q14677_HTPQSSVKT|0.0
P16234|Q14677_SVKTSVPSS|0.0
P16234|Q14677_TSVPSSKSS|0.0
P16234|Q14677_MSTNTVGLG|0.0
P16234|Q14677_GLPMSRSQN|0.008
P16234|Q14677_PMSRSQNTD|0.0
P16234|Q14677_RSQNTDMVQ|0.0
P16234|Q14677_MVQKSVSKT|0.0
P16234|Q14677-2_PMSRSQPLQ|0.0
P16234|Q14677-2_PNPLYNQNT|0.0
P16234|Q14677-2_YNQNTDMVQ|0.0
P16234|Q8IYW4_TRQRTSHSI|0.001
P16234|Q8IYW4_SILFSKRQL|0.0
P16234|Q8IYW4_SNSLTACTS|0.019
P16234|Q8IYW4_TSAPTPDIS|0.001
P16234|Q8IYW4_TPDISASEK|0.0
P16234|Q8IYW4_SEGASSFSP|0.004
P16234|Q8IYW4_SPEKSAHLL|0.0
P16234|Q8IYW4_QLSSTSFKD|0.0
P16234|Q8IYW4_LSSTSFKDE|0.0
P16234|Q96N21_RDRLSFLHR|0.0
P16234|Q96N21_SQNSSQNSD|0.0
P16234|Q96N21_RAFLSREEA|0.0
P16234|Q96N21_HFEASCGQL|0.0
P16234|Q96N21-2_GRTGSAGEA|0.0
P16234|Q96N21-2_PGPESPSTR|0.0
P16234|P49961_ENVKYGIVL|0.47
P16234|P49961_SLYIYKWPA|0.32
P16234|P49961-2__MKGTKDLT|0.0
P16234|Q9Y5L3_PRKGTLGAM|0.0
P16234|Q9Y5L3_FETTSPAED|0.002
P16234|O75355_SFQCYGRNE|0.0
P16234|O75355_HAVDSD___|0.0
P16234|O75356_GYLTSFEMF|0.0
P16234|O75356_MFNSTYKLY|0.403
P16234|O75354_AKVAYPLGL|0.446
P16234|O75354_TYRVSGQKA|0.319
P16234|Q9NQZ7_KHKETPLYI|0.0
P16234|Q9NQZ7_ETPLYILCT|0.41
P16234|Q9NQZ7_YILCTAGMR|0.331
P16234|Q5MY95_FLGATAGMR|0.386
P16234|Q15884_CIDESQISA|0.0
P16234|Q15884_LRTRSKSDP|0.0
P16234|Q15884_CRPRSLIDY|0.0
P16234|Q15884_IDYKSYMDT|0.32
P16234|Q15884_SCTMTPDIH|0.0
P16234|Q15884_ERPHSLIGV|0.0
P16234|O60320_ERPRSLVDS|0.0
P16234|O60320_SLVDSKAYA|0.014
P16234|O60320_DSKAYADAR|0.425
P16234|P81408_DSSRSLTSR|0.0
P16234|P81408_LRGDSQATL|0.0
P16234|P81408_RSVDYVLFR|0.0
P16234|P81408_GYCLSLDCG|0.0
P16234|P81408_AAPPTRAPT|0.0
P16234|P81408_LLPRSHSDP|0.0
P16234|P81408_LHLRSCGDL|0.0
P16234|P81408_RRLLSGRRL|0.0
P16234|P81408_TRPHSLSLN|0.0
P16234|P61565_LWRLTVASH|0.0
P16234|P61565_LTVASHHIR|0.0
P16234|O71037_LWRLTVASH|0.0
P16234|O71037_LTVASHHIR|0.0
P16234|Q9UKH3_LWRLTVASH|0.0
P16234|Q9UKH3_LTVASHHIR|0.0
P16234|Q902F9_LWRLTVASH|0.0
P16234|Q902F9_LTVASHHIR|0.0
P16234|Q902F8_LWRLTVASH|0.0
P16234|Q902F8_LTVASHHIR|0.0
P16234|Q92817_LSKGSQGKG|0.0
P16234|Q92817_PAKGSPKGS|0.0
P16234|Q92817_SPKGSPSRH|0.0
P16234|Q92817_KGSPSRHSR|0.0
P16234|Q92817_ECAEYRALY|0.364
P16234|Q92817_WRGQSLGSL|0.0
P16234|Q92817_ADSVSQTLA|0.0
P16234|Q92817_SVSQTLAKL|0.117
P16234|Q92817_AKLNSNLDA|0.0
P16234|Q92817_DAKYSPAPG|0.0
P16234|Q92817_RLAVTERAT|0.0
P16234|Q92817_RLKASAVES|0.0
P16234|Q92817_DAALTYQQF|0.065
P16234|Q92817_AALTYQQFK|0.429
P16234|Q92817_QEIQSRERD|0.0
P16234|Q92817_AKQGSESPA|0.0
P16234|Q92817_QGSESPAQA|0.0
P16234|Q92817_EAQRSQLLQ|0.0
P16234|Q92817_VVEFYRDPQ|0.462
P16234|Q92817_QLEGSLSRV|0.0
P16234|Q92817_SKRKTMQPH|0.0
P16234|Q92817_ARELSDLHS|0.0
P16234|Q92817_VDPETEQEI|0.0
P16234|Q92817_AGKRSGVEK|0.0
P16234|Q92817_YKEVTQEVV|0.338
P16234|Q92817_EDAVYELQS|0.362
P16234|Q92817_KRPPTVQEK|0.0
P16234|Q92817_EKTIYKEVI|0.216
P16234|Q92817_LQEESKLLS|0.0
P16234|Q92817_SKLLSQKTE|0.0
P16234|Q92817_KDQIYEKER|0.045
P16234|Q92817_HAKVSREEL|0.0
P16234|Q92817_GKDMSPYEA|0.0
P16234|Q92817_DMSPYEAYK|0.405
P16234|Q92817_PYEAYKRGI|0.011
P16234|Q92817_AQAATGGIV|0.0
P16234|Q92817_VDLLSRERY|0.3
P16234|Q92817_EDPVTKKRL|0.0
P16234|Q92817_ERLSYKEAM|0.0
P16234|Q9NPA8__MVVSKMNK|0.0
P16234|Q9NPA8_VAEITPKGR|0.0
P16234|Q9NPA8_AQHASL___|0.0
P16234|O95936_SAAPSPQKL|0.0
P16234|O95936_GRKGSPCGE|0.0
P16234|O95936_EELPSAAAA|0.0
P16234|O95936_YYLQSPGPQ|0.004
P16234|O95936_AGAGSGAGG|0.0
P16234|O95936_GAGGSSGGG|0.0
P16234|O95936_NNNNTQMIV|0.0
P16234|O95936_TSRTSPTVF|0.0
P16234|O95936_SWIETPPSI|0.0
P16234|O95936_PSIKSLDSN|0.0
P16234|O95936_RLSPSNSSN|0.0
P16234|O95936_ENSPSIKCE|0.0
P16234|O95936-3_NDRLTPSPT|0.0
P16234|O95936-3_RLTPSPTDS|0.0
P16234|Q6ZTU2_SSQSSQRHV|0.0
P16234|Q6ZTU2_FEHGSPSYI|0.0
P16234|Q6ZTU2_HGSPSYIQV|0.0
P16234|Q6ZTU2_GSPSYIQVT|0.0
P16234|Q6ZTU2_IQVTSPLSQ|0.0
P16234|Q6ZTU2_TSPLSQQVQ|0.0
P16234|Q6ZTU2_QQVQTQSPT|0.0
P16234|Q6ZTU2_VQTQSPTQP|0.0
P16234|Q6ZTU2_TQSPTQPSP|0.0
P16234|Q6ZTU2_PTQPSPGPG|0.0
P16234|Q6ZTU2_LCSSSPTGD|0.0
P16234|Q6ZTU2_VRQISLSPS|0.0
P16234|Q6ZTU2_QISLSPSSG|0.0
P16234|Q6ZTU2_SLSPSSGGH|0.0
P16234|Q6ZTU2_LSPSSGGHF|0.0
P16234|Q6ZTU2_QHPGTPITV|0.0
P16234|Q6ZTU2_GTPITVRER|0.0
P16234|Q6ZTU2_ERRPSQPHT|0.0
P16234|Q6ZTU2_QSGGTIHHL|0.0
P16234|Q6ZTU2_GFGMTSPPP|0.0
P16234|Q6ZTU2_FGMTSPPPP|0.0
P16234|Q6ZTU2_PPPPTSPSR|0.0
P16234|Q6ZTU2_PPPTSPSRT|0.0
P16234|Q6ZTU2_PTSPSRTAV|0.0
P16234|Q6ZTU2_IPPASPEMA|0.0
P16234|Q6ZTU2_VFKEYLIEL|0.0
P16234|Q6ZTU2_GQPGTPVAI|0.0
P16234|O95398_NSEESLDFS|0.0
P16234|O95398_FEPHSKAGT|0.0
P16234|O95398_SRPPTPGRN|0.0
P16234|O95398_LQKLSDLVG|0.0
P16234|O95398_CGNASPQMK|0.007
P16234|O95398_PVPLSPLRS|0.001
P16234|P16452_RVVTTFASA|0.407
P16234|P16452_TTFASAQGT|0.0
P16234|P16452_VKEGTLGLT|0.0
P16234|P16452_CEDGTLELT|0.0
P16234|P16452_TLELTDSNT|0.0
P16234|P16452_ELTDSNTKY|0.046
P16234|P16452_TDSNTKYVG|0.218
P16234|P16452_ITQNYKYPE|0.352
P16234|P16452_PPENTFLRL|0.0
P16234|P16452_FLRLTAMAT|0.0
P16234|P16452_APELSA___|0.094
P16234|P16452-2_QGEPSQRST|0.0
P16234|P16452-2_KRRGSVPIL|0.0
P16234|P11171_TTEKSLVTE|0.0
P16234|P11171_KLKASNGDT|0.0
P16234|P11171_GDTPTHEDL|0.0
P16234|P11171_SRGLSRLFS|0.0
P16234|P11171_KTDPSLDLH|0.005
P16234|P11171_SSAETQPAQ|0.0
P16234|P11171_LEECSKIEV|0.162
P16234|P11171_SKAETELKA|0.0
P16234|P11171_ELKASQKPI|0.225
P16234|P11171_LLDDTVYEC|0.332
P16234|P11171_DDTVYECVV|0.458
P16234|P11171_LHKSYRSMT|0.413
P16234|P11171_EQEQYESTI|0.513
P16234|P11171_TSTDTIPKS|0.0
P16234|P11171_LALGSKFRY|0.318
P16234|P11171_KFRYSGRTQ|0.0
P16234|P11171_SPRPTSAPA|0.0
P16234|P11171_PRPTSAPAI|0.0
P16234|P11171_APAITQGQV|0.0
P16234|P11171_VLDASAKKT|0.0
P16234|P11171_YIRHSNLML|0.156
P16234|P11171_KRLSTHSPF|0.0
P16234|P11171_SPFRTLNIN|0.0
P16234|P11171_KTITYEAAQ|0.342
P16234|P11171_GVLLTAQTI|0.0
P16234|P11171_ITSETPSST|0.0
P16234|P11171_QITKTVKGG|0.0
P16234|P11171_KGGISETRI|0.0
P16234|P11171_RIVITGDAD|0.345
P16234|P11171_HPDMSVTKV|0.146
P16234|P11171_DMSVTKVVV|0.0
P16234|P11171-2_GENIYIRHS|0.429
P16234|P11171-4_DDTVYECVV|0.247
P16234|P11171-4_TKTITYEAA|0.022
P16234|P11171-4_KTITYEAAQ|0.035
P16234|P11171-4_KGGISETRI|0.0
P16234|P11171-5_DLDKSQEEI|0.0
P16234|Q9H4G0_TGPDSEVKK|0.0
P16234|Q9H4G0_AAVTTPVTP|0.0
P16234|Q9H4G0_PEANSNEKH|0.0
P16234|Q9H4G0_EKHPSQQDT|0.0
P16234|Q9H4G0_PAEQSLDME|0.0
P16234|Q9H4G0_EEKDYSEAD|0.336
P16234|Q9H4G0_EKDYSEADG|0.0
P16234|Q9H4G0_ICRVTLLDA|0.0
P16234|Q9H4G0_LLDASEYEC|0.0
P16234|Q9H4G0_DASEYECEV|0.068
P16234|Q9H4G0_LHKTYRGMT|0.0
P16234|Q9H4G0_RPGEYEQFE|0.219
P16234|Q9H4G0_EQFESTIGF|0.0
P16234|Q9H4G0_QFESTIGFK|0.0
P16234|Q9H4G0_LVMGSKFRY|0.0
P16234|Q9H4G0_KFRYSGRTQ|0.0
P16234|Q9H4G0_TRQASALID|0.0
P16234|Q9H4G0_RYTMSRSLD|0.0
P16234|Q9H4G0_GGQRSEAEE|0.0
P16234|Q9H4G0_VRTPTKIKE|0.001
P16234|Q9H4G0_EQETTPRHK|0.0
P16234|Q9H4G0_PESDTGDED|0.0
P16234|Q9H4G0_QERDTVFLK|0.0
P16234|Q9H4G0_VIGDYHGSA|0.0
P16234|Q9H4G0_SDSDTEGLL|0.0
P16234|Q9H4G0_GLLFSRDLN|0.0
P16234|Q9H4G0_KGAPSQDDE|0.0
P16234|Q9H4G0_QDDESGGIE|0.0
P16234|Q9H4G0_RGACSTPDM|0.0
P16234|Q9H4G0_AMDNTQQVD|0.0
P16234|Q9H4G0_DVLTSTYGA|0.0
P16234|Q9H4G0_VLTSTYGAT|0.0
P16234|Q9H4G0_LTSTYGATA|0.002
P16234|Q9H4G0_TYGATAETL|0.04
P16234|Q9H4G0_AETLSTSTT|0.0
P16234|Q9H4G0_KGGFSETRI|0.0
P16234|Q9H4G0_KAVVYRETD|0.0
P16234|Q9H4G0_VYRETDPSP|0.0
P16234|Q9H4G0_ETDPSPEER|0.0
P16234|Q9H4G0-2_RPGEYEQFE|0.026
P16234|Q9H4G0-2_VIGDYHGSA|0.0
P16234|Q9H4G0-2_TQENSLKSG|0.0
P16234|Q9H4G0-2_LTSTYGATA|0.001
P16234|Q9H4G0-2_KAVVYRETD|0.0
P16234|Q9H4G0-4_EEKDYSEAD|0.001
P16234|Q9H4G0-4_GEVRTPTKI|0.0
P16234|Q9H4G0-4_KHQASINEL|0.0
P16234|Q9H4G0-4_SSPASPSPK|0.0
P16234|Q9H4G0-4_PASPSPKGT|0.0
P16234|Q9H4G0-4_SPKGTPEKA|0.0
P16234|O43491____MTTEVG|0.0
P16234|O43491_VKKDSSQLG|0.0
P16234|O43491_KKDSSQLGT|0.0
P16234|O43491_SQLGTDATK|0.0
P16234|O43491_GTDATKEKP|0.0
P16234|O43491_KKEPTQAVV|0.0
P16234|O43491_KPSVSKEEK|0.0
P16234|O43491_EEKPSVSKV|0.0
P16234|O43491_KPSVSKVEM|0.0
P16234|O43491_KVKETQEDK|0.254
P16234|O43491_AKRETKEVQ|0.002
P16234|O43491_KEVQTNELK|0.0
P16234|O43491_AEKASQKVT|0.0
P16234|O43491_LFQESPEQK|0.0
P16234|O43491_AKRLSMYGV|0.319
P16234|O43491_LTLGSKFRY|0.0
P16234|O43491_SKFRYSGRT|0.0
P16234|O43491_SKRVSRSLD|0.0
P16234|O43491_AGEISAYGP|0.0
P16234|O43491_EISAYGPGL|0.342
P16234|O43491_VRSPTKAPH|0.0
P16234|O43491_YVRHSNLML|0.061
P16234|O43491_QASISELKR|0.0
P16234|O43491_NFMESTPEP|0.0
P16234|O43491_FMESTPEPR|0.0
P16234|O43491_KRRITPLSL|0.0
P16234|O43491_ITPLSLQTQ|0.0
P16234|O43491_LSLQTQGSS|0.0
P16234|O43491_SSHETLNIV|0.0
P16234|O43491_ERVITEEMN|0.0
P16234|O43491_TQKDSTSLS|0.0
P16234|O43491_SSESSSSSS|0.0
P16234|O43491_SESSSSSSE|0.0
P16234|O43491_ESSSSSSES|0.001
P16234|O43491_SSSESEEED|0.0
P16234|O43491_DVGEYRPHH|0.148
P16234|O43491_HHRVTEGTI|0.0
P16234|O43491_VTEGTIREE|0.0
P16234|O43491_ASPVTQAGA|0.0
P16234|O43491_PVVKTEMVT|0.0
P16234|O43491_MVTISDASQ|0.0
P16234|O43491_ISDASQRTE|0.0
P16234|O43491_TKTITYESP|0.0
P16234|O43491_KTITYESPQ|0.005
P16234|O43491_ITYESPQID|0.0
P16234|O43491_HITKTVKGG|0.0
P16234|O43491_KGGISETRI|0.0
P16234|O43491_HPDMSVTRV|0.0
P16234|O43491-4_EGKSSHETL|0.0
P16234|O43491-4_EEQEYEEEV|0.0
P16234|Q9Y2J2____MTTESG|0.0
P16234|Q9Y2J2_AAAHSTPVR|0.0
P16234|Q9Y2J2_AAHSTPVRR|0.0
P16234|Q9Y2J2_KQLEYQQLE|0.0
P16234|Q9Y2J2_QKSSSSKLS|0.0
P16234|Q9Y2J2_KSSSSKLSR|0.0
P16234|Q9Y2J2_SSKLSRSPL|0.0
P16234|Q9Y2J2_KLSRSPLKI|0.0
P16234|Q9Y2J2_DGSEYTCDV|0.116
P16234|Q9Y2J2_GSEYTCDVE|0.07
P16234|Q9Y2J2_VEKRSRGQV|0.0
P16234|Q9Y2J2_NVKFYPPDP|0.027
P16234|Q9Y2J2_HRGMTPAEA|0.0
P16234|Q9Y2J2_EQFESTIGF|0.0
P16234|Q9Y2J2_KKFLTLGSK|0.0
P16234|Q9Y2J2_LTLGSKFRY|0.0
P16234|Q9Y2J2_SKFRYSGRT|0.0
P16234|Q9Y2J2_TMSRSLDGE|0.0
P16234|Q9Y2J2_GTGQYATTK|0.0
P16234|Q9Y2J2_GISQTNLIT|0.0
P16234|Q9Y2J2_NLITTVTPE|0.0
P16234|Q9Y2J2_VTPISAIRH|0.0
P16234|Q9Y2J2_DGETTATES|0.0
P16234|Q9Y2J2_ETTATESDQ|0.0
P16234|Q9Y2J2_QTNISELKR|0.0
P16234|Q9Y2J2_KRLSTSPVR|0.0
P16234|Q9Y2J2_VVHASGDAS|0.0
P16234|Q9Y2J2_GDASYSAGD|0.0
P16234|Q9Y2J2_TETISFGSV|0.0
P16234|Q9Y2J2_ISFGSVSPG|0.0
P16234|Q9Y2J2_KTITYESSQ|0.001
P16234|Q9Y2J2_TYESSQVDP|0.0
P16234|Q9Y2J2_HITKTVKGG|0.0
P16234|Q9Y2J2_KGGISETRI|0.0
P16234|Q9Y2J2_HPDMSVTKV|0.0
P16234|Q9Y2J2_ETEITPEDG|0.0
P16234|Q9Y2J2-2_TRRASALID|0.0
P16234|Q9Y2J2-2_TMSRSLDGA|0.0
P16234|Q9Y2J2-2_LDGASVNEN|0.0
P16234|Q9Y2J2-2_NHEIYMKDS|0.0
P16234|Q9Y2J2-2_YMKDSMSAA|0.0
P16234|Q9Y2J2-2_KDSMSAAEV|0.0
P16234|Q9Y2J2-2_AEVGTGQYA|0.0
P16234|Q9Y2J2-2_GTGQYATTK|0.0
P16234|Q9Y2J2-2_DGETTATEE|0.0
P16234|Q9Y2J2-2_ETTATEELE|0.0
P16234|Q9Y2J2-2_ELEKTQDDL|0.0
P16234|Q9HCS5_AELNYLRTA|0.0
P16234|Q9HCS5_QVGKYFWPR|0.093
P16234|Q9HCS5_PENESNSLS|0.0
P16234|Q9HCS5_SRKLSKFGS|0.0
P16234|Q9HCS5_SKFGSIRYK|0.0
P16234|Q9HCS5_RSKTYPKRI|0.0
P16234|Q9HCS5_QPAESNSIS|0.0
P16234|Q9HCS5_AESNSISRI|0.0
P16234|Q9HCS5_NSPDTQRSK|0.0
P16234|Q9HCS5_QRSKSHAPW|0.0
P16234|Q9HCS5_QSGLYNSPS|0.137
P16234|Q9HCS5_GLYNSPSDR|0.0
P16234|Q9HCS5_DRTKSPKFP|0.0
P16234|Q9HCS5_RRNPSCGSD|0.0
P16234|Q9HCS5_PSCGSDNDS|0.0
P16234|Q9HCS5_SDNDSVQPV|0.0
P16234|Q9HCS5_KAHNSGEDS|0.0
P16234|Q9HCS5_HRSRSRSPD|0.004
P16234|Q9HCS5_SRSRSPDIQ|0.0
P16234|Q9HCS5_KEIPYTKIE|0.251
P16234|Q9HCS5_RRNGSKDSL|0.0
P16234|Q9HCS5_GSKDSLMEE|0.0
P16234|Q9HCM4_WLEMYGVDM|0.102
P16234|Q9HCM4_SRFRYSGKT|0.104
P16234|Q9HCM4_RFRYSGKTE|0.0
P16234|Q9HCM4_YSGKTEYQT|0.057
P16234|Q9HCM4_GKTEYQTTK|0.0
P16234|Q9HCM4_TEYQTTKTN|0.0
P16234|Q9HCM4_RRSTSFERR|0.0
P16234|Q9HCM4_ERRPSKRYS|0.001
P16234|Q9HCM4_SKRYSRRTL|0.322
P16234|Q9HCM4_SPSISSAPV|0.0
P16234|Q9HCM4_PSISSAPVP|0.0
P16234|Q9HCM4_PEVEYETLK|0.383
P16234|Q9HCM4_SPLLSPRSN|0.0
P16234|Q9HCM4_NVIESPGLN|0.0
P16234|Q9HCM4_TKEDSLLSH|0.0
P16234|Q9HCM4_LKEATDELD|0.007
P16234|Q9HCM4-2_WLEMYGVDM|0.0
P16234|Q9HCM4-2_AHRNYTDFV|0.002
P16234|Q9HCM4-2_HRNYTDFVH|0.211
P16234|Q9H2F5____MSKLSF|0.0
P16234|Q9H2F5_MSKLSFRAR|0.0
P16234|Q9H2F5_QRAISAQQV|0.0
P16234|Q9H2F5_CRGPSLIPS|0.0
P16234|Q9H2F5_SLIPSVKQE|0.0
P16234|Q9H2F5_GEIMSEVMA|0.0
P16234|Q9H2F5_SAAATPQQT|0.0
P16234|Q9H2F5_FRPRTPSLH|0.008
P16234|Q9H2F5_PRTPSLHDS|0.104
P16234|Q9H2F5_QNLASNQQK|0.0
P16234|Q9H2F5_NQQKSGFRL|0.0
P16234|Q9H2F5_PRTLSAVPS|0.0
P16234|Q52LR7_MSKLSFRAR|0.0
P16234|Q52LR7_QRAISAQQV|0.0
P16234|Q52LR7_NEDDYLIKA|0.053
P16234|Q52LR7_VEKRYHLGD|0.213
P16234|Q52LR7_KISRSEKEL|0.0
P16234|Q52LR7_EALITSQQP|0.0
P16234|Q52LR7_ALITSQQPT|0.0
P16234|Q52LR7_SQQPTPETL|0.0
P16234|Q52LR7_PTPETLPVI|0.131
P16234|Q52LR7_AGCQYYAPR|0.391
P16234|Q52LR7_GCQYYAPRL|0.264
P16234|Q52LR7_ALLNTSKNG|0.018
P16234|Q52LR7_AQGSSTSDC|0.0
P16234|Q52LR7_QGSSTSDCM|0.0
P16234|Q52LR7_APSPTALKL|0.0
P16234|P16422_ADVAYYFEK|0.494
P16234|P16422_DVAYYFEKD|0.567
P16234|Q9UNN8_QKHISAENT|0.005
P16234|Q9UNN8_KGSQTSRSY|0.14
P16234|Q9HCE0_KKYETPQRE|0.186
P16234|Q9HCE0_DSAVTPKVH|0.0
P16234|Q9HCE0_HGFQTPRVK|0.0
P16234|Q9HCE0_AVLRSSAIH|0.0
P16234|Q9HCE0_VLRSSAIHQ|0.0
P16234|Q9HCE0_QGRASKQTE|0.0
P16234|Q9HCE0_ASKQTESIP|0.0
P16234|Q9HCE0_LHNPSGVFH|0.0
P16234|Q9HCE0_ALLMSPVKN|0.0
P16234|Q9HCE0_ELLGTITAV|0.0
P16234|Q9HCE0_LGTITAVHP|0.0
P16234|Q9HCE0_SHSGTPGYL|0.0
P16234|Q9HCE0_PGYLTSPEL|0.0
P16234|Q9HCE0_GYLTSPELH|0.0
P16234|Q9HCE0_ALRESQQVA|0.0
P16234|Q9HCE0_ECRGSSGKK|0.0
P16234|Q9HCE0_AACQSLASV|0.0
P16234|Q9HCE0_QSLASVRHM|0.0
P16234|Q9HCE0_AAFLSVQVP|0.0
P16234|P21709_AADQSFTIR|0.364
P16234|P21709_DQSFTIRDL|0.291
P16234|P21709_WLKPYVDLQ|0.543
P16234|P21709_DLQAYEDPA|0.566
P16234|P21709_DFDGTYETQ|0.415
P16234|P21709_GTYETQGGK|0.388
P16234|P21709_RIFTTASDV|0.282
P16234|P21709_SDVWSFGIV|0.378
P16234|P21709_HSLRTIANF|0.0
P16234|P21709_LPSLSGSDG|0.0
P16234|P21709_YRTVSEWLE|0.441
P16234|Q5JZY3_AIVVTVVTI|0.472
P16234|Q5JZY3_PGLASAMKY|0.386
P16234|Q5JZY3_VCKISGFGR|0.283
P16234|P29317_PIYMYSVCN|0.436
P16234|P29317_EITVSSDFE|0.0
P16234|P29317_ITVSSDFEA|0.404
P16234|P29317_CWPESGECG|0.428
P16234|P29317_VTSRSFRTA|0.0
P16234|P29317_TASVSINQT|0.413
P16234|P29317_SINQTEPPK|0.028
P16234|P29317_DVYFSKSEQ|0.301
P16234|P29317_VISKYKPMM|0.392
P16234|P29317_MMIITEYME|0.543
P16234|P29317_DGEFSVLQL|0.159
P16234|P29317_ILVNSNLVC|0.423
P16234|P29317_VCKVSDFGL|0.532
P16234|P29317_DFGLSRVLE|0.012
P16234|P29317_TYTTSGGKI|0.019
P16234|P29317_EAISYRKFT|0.289
P16234|P29317_RAPDSLKTL|0.026
P16234|P29317_FRTVSEWLE|0.038
P16234|P29317_MQQYTEHFM|0.126
P16234|P29317_VVQMTNDDI|0.412
P16234|P29317_RIAYSLLGL|0.138
P16234|P29320_CPPHSSTQE|0.425
P16234|P29320_VSITTNQAA|0.175
P16234|P29320_SPVLTIKKD|0.365
P16234|P29320_ETSYTILRA|0.405
P16234|P29320_NVTISSLKP|0.008
P16234|P29320_VTISSLKPD|0.033
P16234|P29320_TVVIYVLIG|0.4
P16234|P29320_RFCGYKSKH|0.494
P16234|P29320_PGLRTYVDP|0.279
P16234|P29320_VDPHTYEDP|0.393
P16234|P29320_VAIKTLKVG|0.202
P16234|P29320_LKVGYTEKQ|0.423
P16234|P29320_SGMKYLSDM|0.446
P16234|P29320_SDMGYVHRD|0.494
P16234|P29320_DFGLSRVLE|0.013
P16234|P29320_AAYTTRGGK|0.424
P16234|P29320_TGVEYSSCD|0.424
P16234|P29320_KALETQSKN|0.0
P16234|P29320_LETQSKNGP|0.123
P16234|P54764_GVMGTCKET|0.234
P16234|P54764_MKLNTEIRD|0.195
P16234|P54764_NLEWSSPQN|0.0
P16234|P54764_LEWSSPQNT|0.403
P16234|P54764_SPQNTGGRQ|0.15
P16234|P54764_QGVRTYVDP|0.5
P16234|P54764_VDPFTYEDP|0.404
P16234|P54764_GEVCSGRLK|0.315
P16234|P54764_LSDMSYVHR|0.435
P16234|P54764_AAYTTRGGK|0.429
P16234|P54764_EAIAYRKFT|0.46
P16234|P54764_RNPNSLKRT|0.427
P16234|P54764_RIGITAITH|0.301
P16234|P54756__MRGSGPRG|0.059
P16234|P54756_MKLNTEVRD|0.36
P16234|P54756_EKNGTCQVC|0.278
P16234|P54756_FFKASPHIQ|0.101
P16234|P54756_PHIQSCGKC|0.253
P16234|P54756_PGVRTYIDP|0.426
P16234|P54756_IDPHTYEDP|0.534
P16234|P54756_EIEASCITI|0.0
P16234|P54756_ASCITIERV|0.223
P16234|P54756_VAIKTLKVG|0.243
P16234|P54756_LKVGYTEKQ|0.425
P16234|P54756_AGMKYLSDM|0.512
P16234|P54756_SDMGYVHRD|0.493
P16234|P54756_DFGLSRVLE|0.023
P16234|P54756_AAYTTRGGK|0.429
P16234|P54756_FRKFTSASD|0.167
P16234|P54756_WEVVSYGER|0.374
P16234|P54756_SCRVSNLLA|0.236
P16234|Q9UF33_NWLRTNWIS|0.0
P16234|Q9UF33_TNWISRDAA|0.23
P16234|Q9UF33_CPPHSLTYM|0.422
P16234|Q9UF33_VAIKTLKGG|0.414
P16234|Q9UF33_SGMKYLSDM|0.456
P16234|Q9UF33_SDMGYVHRD|0.505
P16234|Q9UF33_ILVNSNLVC|0.437
P16234|Q9UF33_VCKVSDFGL|0.562
P16234|Q9UF33_DFGLSRVLE|0.049
P16234|Q9UF33_EAIAYRKFS|0.273
P16234|Q9UF33-2__MKDSPFQV|0.0
P16234|Q9UF33-2_VTKLYWLNE|0.0
P16234|Q9UF33-2_AFCPSFLRA|0.0
P16234|Q15375_NWLRTNWIS|0.0
P16234|Q15375_TNWISKGNA|0.102
P16234|Q15375_SVKVYYKKC|0.563
P16234|Q15375_VKVYYKKCW|0.67
P16234|Q15375_DKEGSSRCE|0.3
P16234|Q15375_KEGSSRCEC|0.414
P16234|Q15375_STSASINNL|0.0
P16234|Q15375_DEELYFHFK|0.651
P16234|Q15375_PGTKTYIDP|0.3
P16234|Q15375_IDPETYEDP|0.385
P16234|Q15375_VAIKTLKVG|0.265
P16234|Q15375_LKVGYTEKQ|0.428
P16234|Q15375_AGMRYLADM|0.516
P16234|Q15375_ADMGYVHRD|0.451
P16234|Q15375_ILVNSNLVC|0.433
P16234|Q15375_VCKVSDFGL|0.553
P16234|Q15375_DFGLSRVIE|0.0
P16234|Q15375_EAVYTTTGG|0.614
P16234|Q15375_VYTTTGGKI|0.491
P16234|Q15375_EAIQYRKFT|0.43
P16234|Q15375-4_DEELYFHCT|0.375
P16234|P29322_NWLRTSWVP|0.234
P16234|P29322_WLRTSWVPR|0.063
P16234|P29322_VGPLSKRGF|0.396
P16234|P29322_GADSSSLVE|0.205
P16234|P29322_ADSSSLVEV|0.436
P16234|P29322_RAGQTSVSL|0.0
P16234|P29322_AGQTSVSLL|0.0
P16234|P29322_QTSVSLLWQ|0.158
P16234|P29322_EIKYYEKDK|0.522
P16234|P29322_TTRATVSGL|0.087
P16234|P29322_EGVVTRGRL|0.426
P16234|P29322_IVTEYMENG|0.509
P16234|P29322_DFGLSRVLE|0.017
P16234|P29322_PDAAYTTTG|0.54
P16234|P29322_SLRATATVS|0.0
P16234|P29322_RATATVSRC|0.325
P16234|P29322_TATVSRCPP|0.293
P16234|P29322-2_VVNITTNQA|0.0
P16234|P29322-2_VNITTNQAG|0.0
P16234|P54762_EMRFTVRDC|0.437
P16234|P54762_TEVRSFGPL|0.166
P16234|P54762_VSISSLWAH|0.0
P16234|P54762_KEAVYSDKL|0.398
P16234|P54762_KLQHYSTGR|0.532
P16234|P54762_LQHYSTGRG|0.113
P16234|P54762_TGRGSPGMK|0.508
P16234|P54762_IDPFTYEDP|0.364
P16234|P54762_FGEVYKGRL|0.564
P16234|P54762_AEMNYVHRD|0.503
P16234|P54762_ILVNSNLVC|0.431
P16234|P54762_VCKVSDFGL|0.556
P16234|P54762_DFGLSRYLQ|0.234
P16234|P54762_GLSRYLQDD|0.333
P16234|P54762_QDDTSDPTY|0.302
P16234|P54762_TSDPTYTSS|0.39
P16234|P54762_EAIAYRKFT|0.466
P16234|P54762_KILNSIHSM|0.0
P16234|P29323_DESFSQVDL|0.028
P16234|P29323_CPSGTFKAN|0.438
P16234|P29323_SGKMYFQTM|0.389
P16234|P29323_ERADSEYTD|0.339
P16234|P29323_ADSEYTDKL|0.518
P16234|P29323_DSEYTDKLQ|0.142
P16234|P29323_KLQHYTSGH|0.439
P16234|P29323_LQHYTSGHM|0.195
P16234|P29323_QHYTSGHMT|0.544
P16234|P29323_SGHMTPGMK|0.255
P16234|P29323_IDPFTYEDP|0.34
P16234|P29323_ADMNYVHRD|0.434
P16234|P29323_ILVNSNLVC|0.425
P16234|P29323_VCKVSDFGL|0.543
P16234|P29323_DFGLSRFLE|0.007
P16234|P29323_EDDTSDPTY|0.224
P16234|P29323_TSDPTYTSA|0.372
P16234|P29323_SDPTYTSAL|0.439
P16234|P29323_DPTYTSALG|0.094
P16234|P29323_EAIQYRKFT|0.416
P16234|P29323_APLSSGINL|0.068
P16234|P29323_TIPDYTSFN|0.501
P16234|P29323_RVGVTLAGH|0.0
P16234|P29323-2_NQIQSVEV_|0.0
P16234|P54753_DESFSRLDA|0.385
P16234|P54753_GACMSLISV|0.003
P16234|P54753_MSLISVRAF|0.295
P16234|P54753_AVEVSVPLK|0.111
P16234|P54753_RVHISHLLA|0.0
P16234|P54753_VNITTNQAA|0.34
P16234|P54753_SEVPTLRLH|0.208
P16234|P54753_SDSEYTEKL|0.447
P16234|P54753_DSEYTEKLQ|0.398
P16234|P54753_IDPFTYEDP|0.367
P16234|P54753_VAIKTLKVG|0.254
P16234|P54753_DGQFTVIQL|0.07
P16234|P54753_SEMNYVHRD|0.443
P16234|P54753_ILVNSNLVC|0.426
P16234|P54753_VCKVSDFGL|0.537
P16234|P54753_DFGLSRFLE|0.026
P16234|P54753_EDDPSDPTY|0.43
P16234|P54753_PSDPTYTSS|0.243
P16234|P54753_PTYTSSLGG|0.3
P16234|P54753_TYTSSLGGK|0.211
P16234|P54753_EAIAYRKFT|0.437
P16234|P54753_QIVNTLDKL|0.436
P16234|P54753_RNAASLKVI|0.0
P16234|P54753_TVPDYTTFT|0.438
P16234|P54753_RIGVTLAGH|0.032
P16234|P54760_LKWVTFPQV|0.527
P16234|P54760_GAPCTTPPS|0.5
P16234|P54760_APCTTPPSA|0.159
P16234|P54760_RSVVSRLNG|0.441
P16234|P54760_RLNGSSLHL|0.226
P16234|P54760_EDLTYALRC|0.408
P16234|P54760_LIAGTAVVG|0.35
P16234|P54760_EAEYSDKHG|0.354
P16234|P54760_KHGQYLIGH|0.497
P16234|P54760_IGHGTKVYI|0.316
P16234|P54760_IDVSYVKIE|0.702
P16234|P54760_DGQFTVIQL|0.099
P16234|P54760_ILVNSNLVC|0.435
P16234|P54760_VCKVSDFGL|0.546
P16234|P54760_DFGLSRFLE|0.039
P16234|P54760_SSDPTYTSS|0.286
P16234|P54760_DPTYTSSLG|0.312
P16234|P54760_PTYTSSLGG|0.338
P16234|P54760_TYTSSLGGK|0.251
P16234|P54760_PQVVSALDK|0.449
P16234|P54760_KMGRYEESF|0.526
P16234|P54760_KILASVQHM|0.388
P16234|P54760_TPGGTGGPA|0.031
P16234|O15197_FPSSSSSSS|0.0
P16234|O15197_PSSSSSSSS|0.0
P16234|O15197_SSSSSSSSS|0.0
P16234|O15197_QLQQYSSPG|0.374
P16234|O15197_LGVKYYIDP|0.181
P16234|O15197_VDPAYIKIE|0.01
P16234|Q8N5V2_IKRNSIFNR|0.206
P16234|Q8N5V2_QEIETRRQQ|0.0
P16234|Q8N5V2_SNPHSRFNL|0.0
P16234|Q8N5V2_SEASYYKSL|0.187
P16234|Q8N5V2_EASYYKSLN|0.494
P16234|Q8N5V2_SYYKSLNLL|0.422
P16234|Q8N5V2_NLLVSHFME|0.004
P16234|Q8N5V2_PGDKYQVFD|0.549
P16234|Q8N5V2_ASSQSEMKR|0.114
P16234|Q8N5V2_KRWMTSLAP|0.0
P16234|Q8N5V2_TKFVSFTSR|0.184
P16234|Q8N5V2_DPQRSQNKD|0.0
P16234|Q8N5V2-2_ESSSTPGNG|0.0
P16234|Q8N5V2-2_ALADSPTTL|0.0
P16234|O94989_RAAQSPGPP|0.0
P16234|O94989_PVGGYEEVP|0.345
P16234|O94989_PRRASPLRT|0.0
P16234|O94989_GPRNTLWQE|0.393
P16234|O94989_FEVVTSEAS|0.0
P16234|O94989_SEASYLRSL|0.069
P16234|O94989_SYLRSLRLL|0.0
P16234|O94989_LRLLTDTFV|0.0
P16234|O94989_RLMDTNVRF|0.315
P16234|O94989_TEGRSLESR|0.0
P16234|O94989_RSLESRAAP|0.0
P16234|O94989_AVGSSSGTP|0.0
P16234|O94989_VGSSSGTPN|0.0
P16234|O94989_SSSGTPNAP|0.0
P16234|P07099_REDDSIRPF|0.0
P16234|P07099_FKVETSDEE|0.0
P16234|P07099_KVETSDEEI|0.0
P16234|P07099_KKVISYWRN|0.332
P16234|P07099_NHGLSDEHV|0.0
P16234|P07099_NSVATARIF|0.0
P16234|P07099_VELLYPVKE|0.286
P16234|P07099_EKVFYSLMR|0.486
P16234|P07099_LMRESGYMH|0.0
P16234|P07099_RESGYMHIQ|0.0
P16234|P07099_TEFRYLEDG|0.0
P16234|P07099_NVMLYWTTG|0.079
P16234|P07099_RMKVYVPTG|0.07
P16234|P07099_ELLHTPEKW|0.0
P16234|P07099_KLISYSYMV|0.0
P16234|P07099_ISYSYMVRG|0.512
P16234|P07099_RKFLSVLER|0.0
P16234|P34913_DMKGYGESS|0.064
P16234|P34913_GYGESSAPP|0.0
P16234|P34913_EIEEYCMEV|0.268
P16234|P34913_NPNMSPLES|0.0
P16234|P34913_LFRASDESV|0.0
P16234|Q8IUS5_LRFHYVAAG|0.375
P16234|Q8IUS5_DLRGYGETD|0.098
P16234|Q8IUS5_HRQNYKLDC|0.003
P16234|Q8IUS5_DCLITDIKD|0.0
P16234|Q8IUS5_KHLFTSHST|0.0
P16234|O14944_FCRWYRNRK|0.441
P16234|Q9UHB6_RRQWTSLSL|0.0
P16234|Q9UHB6_KNKSSAIVE|0.004
P16234|Q9UHB6_KRSNTENLS|0.0
P16234|Q9UHB6_TENLSQHFR|0.0
P16234|Q9UHB6_FRKGTLTVL|0.0
P16234|Q9UHB6_PAEVTSHAA|0.0
P16234|Q9UHB6_AEVTSHAAS|0.0
P16234|Q9UHB6_SHAASGAKA|0.0
P16234|Q9UHB6_IHPRSRLRS|0.0
P16234|Q9UHB6_VQGRYPHIK|0.272
P16234|Q9UHB6_LKDHSTESK|0.0
P16234|Q9UHB6_CLGESRHEV|0.0
P16234|Q9UHB6_EVEKSEISE|0.0
P16234|Q9UHB6_KSEISENTD|0.0
P16234|Q9UHB6_NTDASGKIE|0.0
P16234|Q9UHB6_KIEKYNVPL|0.036
P16234|Q9UHB6_PGQLSSSTF|0.0
P16234|Q9UHB6_RLSETSIKD|0.0
P16234|Q9UHB6_RMAKYQAAV|0.479
P16234|Q9UHB6_SKQSSSTNY|0.206
P16234|Q9UHB6_SSTNYTNEL|0.431
P16234|Q9UHB6_STNYTNELK|0.0
P16234|Q9UHB6_ELKASGGEI|0.0
P16234|Q9UHB6_GEKISANEN|0.0
P16234|Q9UHB6_DSRDSQVKS|0.0
P16234|Q9UHB6_LSLGTYASL|0.114
P16234|Q9UHB6_SLGTYASLH|0.0
P16234|Q9UHB6_GTYASLHGR|0.015
P16234|Q9UHB6_HGRIYCKPH|0.312
P16234|Q9UHB6_SKGNYDEGF|0.411
P16234|Q9UHB6_DLWASKNEN|0.0
P16234|Q9UHB6_VLAASMEAK|0.0
P16234|Q9UHB6_WPPPTELGS|0.0
P16234|Q9UHB6_GSSGSALEE|0.0
P16234|Q9UHB6_LRRSSSLKE|0.0
P16234|Q9UHB6_RRSSSLKER|0.008
P16234|Q9UHB6_TVAASFQST|0.0
P16234|Q9UHB6_SFQSTSVKS|0.0
P16234|Q9UHB6_NAKASKKNG|0.0
P16234|Q9UHB6_TGKRSKEGH|0.0
P16234|Q9UHB6_KEGHSLEME|0.0
P16234|Q9UHB6_QEPKSLNWS|0.0
P16234|Q9UHB6_SLNWSSFVD|0.0
P16234|Q9UHB6_FVDNTFAEE|0.001
P16234|Q9UHB6_KRNRYYDED|0.389
P16234|Q9UHB6_RNRYYDEDE|0.435
P16234|Q9UHB6-4_ANENSLAVR|0.0
P16234|Q9UHB6-4_AVRSTPAED|0.0
P16234|Q9UHB6-4_AEDDSPGDS|0.0
P16234|Q9UHB6-4_PKPLSPDSR|0.0
P16234|Q9UHB6-4_LSPDSRASS|0.0
P16234|Q7L775__MWMTPKRS|0.001
P16234|Q7L775_LIVATRERD|0.0
P16234|Q7L775_AEHEYYERY|0.462
P16234|P01588_SGLRSLTTL|0.0
P16234|P01588_LRTITADTF|0.001
P16234|A6NHQ4_TQEFSPLCL|0.0
P16234|A6NHQ4_LAARSPVLR|0.0
P16234|A6NHQ4_FALDTPSLR|0.0
P16234|P19235_RFWCSLPTA|0.091
P16234|P19235_TADTSSFVP|0.005
P16234|P19235_ADTSSFVPL|0.484
P16234|P19235_EVDVSAGNG|0.389
P16234|P19235_NGAGSVQRV|0.0
P16234|P19235_QLWLYQNDG|0.506
P16234|P58107_AMAATLGAG|0.0
P16234|P58107_EVRRYLEGT|0.215
P16234|P58107_RVTFSGLRD|0.0
P16234|P58107_RDTVTPGEL|0.0
P16234|P58107_DQDLYERLE|0.413
P16234|P58107_NKGHSVEEA|0.0
P16234|P58107_ERAVTGYTD|0.095
P16234|P58107_YTDPYTGQQ|0.371
P16234|P58107_GQQISLFQA|0.0
P16234|P58107_AQIATGGVI|0.0
P16234|P58107_VDVAYRRGY|0.216
P16234|P58107_HENLTYLQL|0.17
P16234|P58107_ENLTYLQLL|0.261
P16234|P58107_RDPETGLYL|0.007
P16234|P58107_LLPLSSTQS|0.0
P16234|P58107_LEAETQRQA|0.0
P16234|P58107_GPELYGRLK|0.25
P16234|P58107_GKQVSVFQA|0.0
P16234|P58107_LLQPSGAKA|0.0
P16234|P58107_GLLPTGLGQ|0.0
P16234|P58107_GRELSEQLG|0.0
P16234|P58107_DTQTSQVLT|0.012
P16234|P58107_FFDPSARDQ|0.001
P16234|P58107_DQVTYQQLR|0.29
P16234|P58107_VSAVTTLVE|0.0
P16234|P58107_RKQVSARDL|0.007
P16234|P58107_LDELSQGTT|0.232
P16234|P58107_LSQGTTTVK|0.0
P16234|P58107_AEMDSVKRS|0.0
P16234|P58107_NRKLTVEEA|0.0
P16234|P58107_VDVAYRCGY|0.424
P16234|P58107_YRCGYFDEE|0.371
P16234|P58107_LADPSDDTK|0.0
P16234|P58107_PSDDTKGFF|0.002
P16234|P58107_YGAQSGGLE|0.0
P16234|P58107_IDQKTLHTL|0.0
P16234|P58107_KTLHTLRVG|0.0
P16234|P58107_REVMSLHEA|0.0
P16234|P58107_QVEITVGRF|0.0
P16234|P58107_RRQITASEL|0.0
P16234|P58107_YLEGTSCIA|0.313
P16234|P58107_QEKMSIYQA|0.295
P16234|P58107_YRRGYFDEE|0.29
P16234|P58107_HENLTYVQL|0.333
P16234|P58107_ENLTYVQLL|0.426
P16234|P58107_PDPDTGLYM|0.367
P16234|P58107_DTGLYMLQL|0.295
P16234|P58107_VHQLSEELR|0.0
P16234|P58107_VTPGSGALQ|0.001
P16234|P58107_DVLASGYVS|0.082
P16234|P58107_LASGYVSRA|0.082
P16234|P58107_SGYVSRAAR|0.326
P16234|P58107_TRRLTAIIE|0.285
P16234|P58107_DSGRSQREG|0.0
P16234|P58107_RQEQTLRDA|0.0
P16234|P58107_GRPVSVWDV|0.167
P16234|P58107_DVLFSSYLS|0.001
P16234|P58107_LFSSYLSEA|0.0
P16234|P58107_LSKVSFRGL|0.0
P16234|P58107_QVSASELHT|0.0
P16234|P58107_SELHTSGIL|0.0
P16234|P58107_ELHTSGILG|0.0
P16234|P58107_LGPETLRDL|0.0
P16234|P58107_LAQGTKTLQ|0.0
P16234|P58107_QGTKTLQEV|0.002
P16234|P58107_TEMDSVKRY|0.048
P16234|P58107_NLRLSVEEA|0.258
P16234|P58107_VDVAYQRGY|0.148
P16234|P58107_YQRGYFDEE|0.416
P16234|P58107_LAHPSDDTK|0.0
P16234|P58107_VMPGSGALQ|0.0
P16234|P58107_SGYVSGAAR|0.0
P16234|P07814_KDDVSISVE|0.105
P16234|P07814_RVATTAGLY|0.432
P16234|P07814_LNQHYQVNF|0.407
P16234|P07814_MKKGSQFGQ|0.0
P16234|P07814_QFGQSCCLR|0.0
P16234|P07814_KIDMSSNNG|0.0
P16234|P07814_IDMSSNNGC|0.0
P16234|P07814_DPTLYRCKI|0.161
P16234|P07814_VYPTYDFAC|0.429
P16234|P07814_YIWEYSRLN|0.414
P16234|P07814_RRGMTVEGL|0.0
P16234|P07814_KPVWYSPKV|0.283
P16234|P07814_PVWYSPKVF|0.226
P16234|P07814_CDQPYEPVS|0.394
P16234|P07814_YEPVSPYSC|0.37
P16234|P07814_PVSPYSCKE|0.305
P16234|P07814_VSPYSCKEA|0.053
P16234|P07814_RPTPSLNNN|0.0
P16234|P07814_NNNCTTSED|0.0
P16234|P07814_NNCTTSEDS|0.0
P16234|P07814_TSEDSLVLY|0.119
P16234|P07814_SLVLYNRVA|0.373
P16234|P07814_ISSNSSASI|0.0
P16234|P07814_SSNSSASIL|0.0
P16234|P07814_LESKSLYDE|0.0
P16234|P07814_SKSLYDEVA|0.281
P16234|P07814_ECLLSLKAQ|0.0
P16234|P07814_LKAQYKEKT|0.121
P16234|P07814_AQYKSLIGV|0.0
P16234|P07814_IGVEYKPVS|0.107
P16234|P07814_YKPVSATGA|0.018
P16234|P07814_RKDPSKNQG|0.0
P16234|P07814_AGGDYTTTI|0.01
P16234|P07814_GGDYTTTIE|0.407
P16234|P07814_LTTRTIGVM|0.0
P16234|P07814_LRDNYSPGW|0.251
P16234|P42566_AAQLSLTQL|0.0
P16234|P42566_RFHDTSSPL|0.0
P16234|P42566_TWVVSPAEK|0.0
P16234|P42566_DGFVSGLEV|0.0
P16234|P42566_PHVLTPEMI|0.0
P16234|P42566_SDRASLQKN|0.0
P16234|P42566_AELTSQESQ|0.0
P16234|P42566_QISTYEEEL|0.064
P16234|P42566_REELSRLQQ|0.0
P16234|P42566_SNLESEPIH|0.002
P16234|P42566_IHQESPARS|0.0
P16234|P42566_EKVCSELDN|0.0
P16234|P42566_FNVDSSSLT|0.003
P16234|P42566_NVDSSSLTG|0.0
P16234|P42566_DPFASDCFF|0.0
P16234|P42566_FRQSTDPFA|0.0
P16234|P42566_AANNSSITS|0.0
P16234|P42566_ANNSSITSV|0.0
P16234|P42566_FGNESFGGG|0.0
P16234|P42566_DPFRSATSS|0.0
P16234|P42566_IGTPTRPCP|0.019
P16234|P42566_SAYPSEEDM|0.484
P16234|Q9UBC2_VDPAYTGRV|0.197
P16234|Q9UBC2_FLKKSGLSD|0.0
P16234|Q9UBC2_KQGFYVALR|0.0
P16234|Q9UBC2_PLMVTPPSA|0.0
P16234|Q9UBC2_VWDLSDIDK|0.0
P16234|Q9UBC2_PPKDSLRST|0.0
P16234|Q9UBC2_HGSVSSLNS|0.0
P16234|Q9UBC2_SSLNSTGSL|0.0
P16234|Q9UBC2_DGYVSGQEV|0.0
P16234|Q9UBC2_PQVLSPDMV|0.0
P16234|Q9UBC2_MVPPSERGT|0.0
P16234|Q9UBC2_GPDSSGSLG|0.0
P16234|Q9UBC2_LDDISQEIA|0.0
P16234|Q9UBC2_REKYSLEQD|0.0
P16234|Q9UBC2_IRQKTSEVQ|0.0
P16234|Q9UBC2_RETSSLQEL|0.0
P16234|Q9UBC2_TQIQSQESD|0.0
P16234|Q9UBC2_RSKLSQLHE|0.0
P16234|Q9UBC2_QLHESRQEA|0.0
P16234|Q9UBC2_SLEQYDQVL|0.0
P16234|Q9UBC2_AHGASLTDL|0.0
P16234|Q9UBC2_LANLSEGVS|0.0
P16234|Q9UBC2_FSNNTQELH|0.0
P16234|Q9UBC2_DPFKSDPFK|0.0
P16234|Q9UBC2_DPFTSDPFT|0.0
P16234|Q9UBC2_DPFESSDPF|0.0
P16234|Q9UBC2_SDPFSSSSV|0.0
P16234|Q9UBC2_PFSSSSVSS|0.0
P16234|Q9UBC2_SSVSSKGSD|0.0
P16234|Q9UBC2_SKQDTPALP|0.0
P16234|Q9UBC2-4_AERGSFGAM|0.0
P16234|Q12929_QMNGYGSSP|0.439
P16234|Q12929_GYGSSPTFS|0.375
P16234|Q12929_AKALYEQRK|0.431
P16234|Q12929_QRKNYARDS|0.398
P16234|Q12929_YARDSVSSV|0.407
P16234|Q12929_RDSVSSVSD|0.001
P16234|Q12929_DSVSSVSDI|0.002
P16234|Q12929_VSDISQYRV|0.409
P16234|Q12929_DISQYRVEH|0.402
P16234|Q12929_LRMISNADP|0.011
P16234|Q12929_VDVRSRVAA|0.001
P16234|Q12929_AEAFSELSK|0.0
P16234|Q12929_FSELSKRKK|0.0
P16234|Q12929_FIPPYVPRF|0.44
P16234|Q12929_EQDLYQLAE|0.177
P16234|Q12929_KRLSTEHSS|0.0
P16234|Q12929_STEHSSVSE|0.004
P16234|Q12929_TEHSSVSEY|0.0
P16234|Q12929_HSSVSEYHP|0.388
P16234|Q12929_PADGYAFSS|0.444
P16234|Q12929_GYAFSSNIY|0.216
P16234|Q12929_YAFSSNIYT|0.0
P16234|Q12929_SNIYTRGSH|0.296
P16234|Q12929_YTRGSHLDQ|0.081
P16234|Q12929_AFKPTSNRH|0.0
P16234|Q12929_FKPTSNRHI|0.215
P16234|Q12929_EPLKTQPKK|0.0
P16234|Q12929_AKSKYDFVA|0.207
P16234|Q12929_ARNNSELSV|0.053
P16234|Q12929_VRNASGDSG|0.0
P16234|Q12929_ASGDSGFVP|0.112
P16234|Q12929_DPPYTHTIQ|0.303
P16234|Q12929_PYTHTIQKQ|0.121
P16234|Q12929_RPADTPPAP|0.014
P16234|Q12929_LPPSTPAPV|0.0
P16234|Q12929_PANITRQNS|0.083
P16234|Q12929_RQNSSSSDS|0.012
P16234|Q12929_DSGGSIVRD|0.041
P16234|Q12929_IVRDSQRHK|0.249
P16234|Q12929_DRRKSQMEE|0.001
P16234|Q12929_IHRLTIGRS|0.003
P16234|Q12929_VINITYDST|0.185
P16234|Q12929_INITYDSTP|0.38
P16234|Q12929_ITYDSTPED|0.098
P16234|Q12929_TYDSTPEDV|0.0
P16234|Q12929_FNPVTVNSL|0.424
P16234|Q12929_DELRTVCPE|0.297
P16234|Q12929_ARVYSQITV|0.253
P16234|Q12929_ALEDSSGSS|0.0
P16234|Q12929_DSSGSSELQ|0.0
P16234|Q12929_SSGSSELQE|0.022
P16234|Q12929_SAAASDSGV|0.0
P16234|Q12929_FDEGSSH__|0.0
P16234|Q12929_DEGSSH___|0.0
P16234|Q8TE68_AKSIYEQRK|0.0
P16234|Q8TE68_PPGRSRSLL|0.0
P16234|Q8TE68_GRSRSLLLL|0.0
P16234|Q8TE68_ALRATQEEL|0.0
P16234|Q8TE68_QRRPSVRAV|0.0
P16234|Q8TE68_RAVISTVER|0.0
P16234|Q8TE68_AVISTVERG|0.0
P16234|Q8TE68_ADSASPDLG|0.0
P16234|Q8TE68_EGLLTLRAK|0.0
P16234|Q8TE68_SEAEYTDVL|0.0
P16234|Q8TE68_QARNSSELS|0.0
P16234|Q8TE68_GQEGYVPYN|0.385
P16234|Q8TE68_GYVPYNILT|0.0
P16234|Q8TE68_ILTPYPGPR|0.0
P16234|Q8TE68_RLHHSQSPA|0.0
P16234|Q8TE68_HHSQSPARS|0.0
P16234|Q8TE68_SPARSLNST|0.0
P16234|Q8TE68_RSLNSTPPP|0.0
P16234|Q8TE68_SLNSTPPPP|0.0
P16234|Q8TE68_PRWDSCDSL|0.0
P16234|Q8TE68_DSCDSLNGL|0.0
P16234|Q8TE68_RSGPSRAVP|0.0
P16234|Q8TE68_EPQLSPGSD|0.0
P16234|Q8TE68_LSPGSDASE|0.0
P16234|Q8TE68_LGVLTGAQL|0.0
P16234|Q8TE68_LRAVSPEEG|0.0
P16234|Q8TE68_GARVYSQVT|0.344
P16234|Q8TE68_ARVYSQVTV|0.235
P16234|Q8TE68_YSQVTVQRS|0.006
P16234|Q9H6S3_ATNGSLGRS|0.052
P16234|Q9H6S3_SLGRSDGVA|0.0
P16234|Q9H6S3_VAKMSPKDL|0.0
P16234|Q9H6S3_RKKYSNSNV|0.15
P16234|Q9H6S3_VNDQSLRLL|0.001
P16234|Q9H6S3_LDIESQEEL|0.0
P16234|Q9H6S3_TVQRSQTVL|0.0
P16234|Q9H6S3_QRSQTVLNQ|0.0
P16234|Q9H6S3_MRPQTLKGH|0.053
P16234|Q9H6S3_RQRQSILPP|0.0
P16234|Q9H6S3_QVPLSEPGF|0.0
P16234|Q9H6S3_ARSVSCPLL|0.048
P16234|Q9H6S3_VSRQSIRNS|0.0
P16234|Q9H6S3_THRGYQPTP|0.419
P16234|Q9H6S3_GYQPTPAMA|0.428
P16234|Q9H6S3_VKILYDFTA|0.19
P16234|Q9H6S3_ANELSVLKD|0.38
P16234|Q9H6S3_GQAGYVPCN|0.362
P16234|Q9H6S3_LTYESGPDE|0.175
P16234|Q9H6S3_GVRVYSQLT|0.266
P16234|Q9H6S3_EKQQSGSEL|0.0
P16234|Q9H6S3_QQSGSELEE|0.0
P16234|Q8TE67____MSRPSS|0.0
P16234|Q8TE67_SRAIYLHRK|0.0
P16234|Q8TE67_HRKEYSQNL|0.0
P16234|Q8TE67_RKEYSQNLT|0.0
P16234|Q8TE67_SQNLTSEPT|0.0
P16234|Q8TE67_TLEHSLPPS|0.0
P16234|Q8TE67_SLPPSPRPL|0.0
P16234|Q8TE67_PRHTSAREP|0.0
P16234|Q8TE67_ILFKSLNFI|0.0
P16234|Q8TE67_LRRGSHRLG|0.0
P16234|Q8TE67_HRLGSTSHF|0.0
P16234|Q8TE67_RLGSTSHFP|0.0
P16234|Q8TE67_GDPNSRPSS|0.0
P16234|Q8TE67_SRPSSPKPA|0.0
P16234|Q8TE67_MQVLYEFEA|0.0
P16234|Q8TE67_LGSLTGSQL|0.0
P16234|Q8TE67_SLTGSQLLR|0.0
P16234|Q8TE67_PRILSRLEA|0.0
P16234|Q8TE67_MLGISP___|0.0
P16234|Q8TE67-3_ELEQSRPRL|0.0
P16234|Q9Y6I3_IVHNYSEAE|0.393
P16234|Q9Y6I3_VHNYSEAEI|0.27
P16234|Q9Y6I3_KENMYAVQT|0.412
P16234|Q9Y6I3_KDFQYVDRD|0.379
P16234|Q9Y6I3_DQPPSCGPE|0.0
P16234|Q9Y6I3_DRLRTALPT|0.0
P16234|Q9Y6I3_TALPTSGSS|0.0
P16234|Q9Y6I3_AFDMSGVRG|0.0
P16234|Q9Y6I3_AATPTPTPP|0.0
P16234|Q9Y6I3_PTPPTRKTP|0.014
P16234|Q9Y6I3_KTPESFLGP|0.0
P16234|Q9Y6I3_VDLDSLVSR|0.175
P16234|Q9Y6I3_GAKASNPFL|0.0
P16234|Q9Y6I3_QLRLSPVPP|0.0
P16234|Q9Y6I3_APPTYISPL|0.222
P16234|Q9Y6I3-1_PGVRSPVFA|0.0
P16234|Q9Y6I3-3_GGFDTEPDE|0.0
P16234|O95208____MTTSSI|0.0
P16234|O95208__MTTSSIRR|0.0
P16234|O95208_MTTSSIRRQ|0.0
P16234|O95208_QALKTKERM|0.0
P16234|O95208_TGMGSNQIT|0.0
P16234|O95208_QPNLSTSHS|0.0
P16234|O95208_NLSTSHSEQ|0.0
P16234|O95208_SEQEYGKAG|0.326
P16234|O95208_SYHGSPEAS|0.092
P16234|O95208_LGLASRPNG|0.0
P16234|O95208_QPCLTCDRA|0.028
P16234|O95208_ARPQTSGEE|0.0
P16234|O95208_RPQTSGEEE|0.0
P16234|O95208_ALAMSREVA|0.001
P16234|O95208_SRRDTVKIP|0.0
P16234|O95208_KEHGSLPQQ|0.0
P16234|O95208_VPKNSDPWA|0.0
P16234|O95208_QPASSAGKR|0.0
P16234|O95208_GKRASDAWG|0.0
P16234|O95208_NGTTSPDPF|0.0
P16234|O95208_SKPSSARKT|0.0
P16234|O95208_SARKTPESF|0.0
P16234|O95208_KTPESFLGP|0.0
P16234|O95208_NMVGSVGIP|0.0
P16234|O95208_GIPPSAAQA|0.0
P16234|O95208-2_SEQEYGKAG|0.002
P16234|O95208-2_SPASYHGST|0.0
P16234|O95208-2_SYHGSTSPR|0.0
P16234|O95208-2_YHGSTSPRV|0.0
P16234|O95208-2_HGSTSPRVS|0.0
P16234|O95208-2_SRRDTVKIP|0.0
P16234|Q9H201____MTTSAL|0.0
P16234|Q9H201___MTTSALR|0.0
P16234|Q9H201__MTTSALRR|0.0
P16234|Q9H201_VHNYSEAEI|0.113
P16234|Q9H201_TLLDYLLKT|0.421
P16234|Q9H201_RENLYTIQT|0.0
P16234|Q9H201_ENLYTIQTL|0.0
P16234|Q9H201_KDFQYIDRD|0.075
P16234|Q9H201_IGIGSGQLG|0.0
P16234|Q9H201_QLGFSRRYG|0.0
P16234|Q9H201_FSRRYGEDY|0.382
P16234|Q9H201_YGEDYSRSR|0.323
P16234|Q9H201_GEDYSRSRG|0.001
P16234|Q9H201_RSRGSPSSY|0.0
P16234|Q9H201_SPSSYNSSS|0.238
P16234|Q9H201_SSPRYTSDL|0.34
P16234|Q9H201_ARPQTSGEE|0.0
P16234|Q9H201_RPQTSGEEE|0.0
P16234|Q9H201_KEVRSWQGD|0.0
P16234|Q9H201_QGDGSPMAN|0.0
P16234|Q9H201_VLSRSQPWD|0.0
P16234|Q9H201_TPMLSSSEP|0.0
P16234|Q9H201_WALNSPHHK|0.0
P16234|Q9H201_QALPSGKPS|0.0
P16234|Q9H201_FGDPSPSSK|0.0
P16234|Q9H201_RACRTPESF|0.0
P16234|Q9H201_RTPESFLGP|0.0
P16234|Q9H201_LSAPSPTNP|0.0
P16234|Q96J88_RVVNSGLGA|0.0
P16234|Q96J88_ASPASRPTR|0.0
P16234|Q96J88_ASRPTRDPQ|0.231
P16234|Q96J88_QGELSPVED|0.0
P16234|Q96J88_PKGPSRESV|0.0
P16234|Q96J88_GQRRTSAYT|0.0
P16234|Q96J88_QRRTSAYTL|0.0
P16234|Q96J88_RLGGSQSET|0.0
P16234|Q96J88_PQSSTWKLP|0.0
P16234|P11678_LRSGSASPM|0.0
P16234|P11678_MDLLSYFKQ|0.0
P16234|P11678_DLLSYFKQP|0.0
P16234|P11678_EVSLSLRLR|0.0
P16234|P11678_QIITYRDFL|0.005
P16234|P11678_TLGHYRGYC|0.0
P16234|P11678_LSRISLSRI|0.0
P16234|P11678_RISLSRIIC|0.0
P16234|Q99645_IDLTSNLIS|0.0
P16234|P03372_MTLHTKASG|0.0
P16234|P03372_HTKASGMAL|0.0
P16234|P03372_KITDTLIHL|0.216
P16234|P03372_GSTSSHSLQ|0.0
P16234|P03372_TSSHSLQKY|0.131
P16234|P03372_GFPATV___|0.0
P16234|Q92731_AVMNYSIPS|0.441
P16234|Q92731_NRCASPVTG|0.0
P16234|Q92731_FFKRSIQGH|0.0
P16234|Q92731_NRRKSCQAC|0.084
P16234|Q92731_LMLLSHVRH|0.0
P16234|Q92731_VRHASNKGM|0.0
P16234|O75616_VPAVSMNRD|0.0
P16234|O75616_RNQLSPQLL|0.0
P16234|Q6P179_PEKLTPHLK|0.0
P16234|Q6P179_SCLESDFTS|0.161
P16234|Q6P179_GVCHSDPKM|0.075
P16234|Q6P179_ISDISENLK|0.037
P16234|Q6P179_RMIISGTTA|0.0
P16234|Q96RT1_LEELYLDAN|0.313
P16234|Q96RT1_ANRLTFIPG|0.088
P16234|Q96RT1_YLDVSKNNI|0.235
P16234|Q96RT1_SFNPSLWEE|0.025
P16234|Q96RT1_NLKRYPTPY|0.346
P16234|Q96RT1_YPTPYPDEL|0.452
P16234|Q96RT1_KTSESTTTV|0.0
P16234|Q96RT1_EREKYMIGN|0.0
P16234|Q96RT1_MIGNSVQKI|0.0
P16234|Q96RT1_VQKISEPEA|0.0
P16234|Q96RT1_VVALSNNKK|0.0
P16234|Q96RT1_CSSPSRMSD|0.0
P16234|Q96RT1_ENFNSLLQN|0.051
P16234|Q96RT1_VLGTSFLSI|0.0
P16234|Q96RT1_TSFLSINSK|0.0
P16234|Q96RT1_LSINSKEET|0.0
P16234|Q96RT1_NGNKYPNLE|0.0
P16234|Q96RT1_PNLESVNKV|0.0
P16234|Q96RT1_VNGHSEETS|0.001
P16234|Q96RT1_ETSQSPNRT|0.0
P16234|Q96RT1_EPHDSDCSV|0.0
P16234|Q96RT1_DSDCSVDLG|0.006
P16234|Q96RT1_DLGISKSTE|0.0
P16234|Q96RT1_ISKSTEDLS|0.0
P16234|Q96RT1_GPVGSVVKS|0.003
P16234|Q96RT1_SVVKSHSIT|0.0
P16234|Q96RT1_SHSITNMEI|0.0
P16234|Q96RT1_GLKIYDILS|0.305
P16234|Q96RT1_YDILSDNGP|0.0
P16234|Q96RT1_NIVRSKSAT|0.0
P16234|Q96RT1_LQVFTGSSS|0.0
P16234|Q96RT1_TGSSSSSDL|0.0
P16234|Q96RT1_GSSSSSDLI|0.0
P16234|Q96RT1_GPPQYNIQY|0.378
P16234|Q96RT1_NIQYSSSAA|0.0
P16234|Q96RT1_IQYSSSAAV|0.066
P16234|Q96RT1_QYSSSAAVK|0.344
P16234|Q96RT1_TLWHSKQNP|0.0
P16234|Q96RT1_PRSESTENQ|0.0
P16234|Q96RT1_ENQSYAKHS|0.358
P16234|Q96RT1_VRANTAYHL|0.424
P16234|Q96RT1_ANTAYHLHQ|0.347
P16234|Q96RT1_VTRSTIQRQ|0.0
P16234|Q96RT1_IQRQSSVSS|0.0
P16234|Q96RT1_QSSVSSTAS|0.0
P16234|Q96RT1_GDPGSTRRA|0.0
P16234|Q96RT1_DPGSTRRAQ|0.0
P16234|Q96RT1_GDYLSYREF|0.059
P16234|Q96RT1_SAGRTPPMM|0.0
P16234|Q96RT1_ARTYSIDGP|0.0
P16234|Q96RT1_SRPQSARPS|0.0
P16234|Q96RT1_SARPSINEI|0.0
P16234|Q96RT1_IPERTMSVS|0.0
P16234|Q96RT1_TMSVSDFNY|0.299
P16234|Q96RT1_SDFNYSRTS|0.259
P16234|Q96RT1_DFNYSRTSP|0.0
P16234|Q96RT1_NYSRTSPSK|0.0
P16234|Q96RT1_RTSPSKRPN|0.0
P16234|Q96RT1_GSEHSLLDP|0.0
P16234|Q96RT1_GQQNYSSAT|0.117
P16234|Q96RT1_PQANYSQIH|0.0
P16234|Q96RT1_QLIDYLMLK|0.537
P16234|Q96RT1_HQPPYTQPH|0.488
P16234|Q96RT1_QPPYTQPHC|0.412
P16234|Q96RT1_QPHCSPRQG|0.001
P16234|Q96RT1_QANGYSFIN|0.215
P16234|Q96RT1_ANGYSFINI|0.0
P16234|Q96RT1-8_MLSRSFNSN|0.0
P16234|Q96RT1-8_DLHGSQGSL|0.0
P16234|Q96RT1-8_GSQGSLALS|0.0
P16234|Q96RT1-8_SLALSVADR|0.0
P16234|Q96RT1-8_DRRGSGGHI|0.0
P16234|Q5QJE6_PESSTGSDA|0.0
P16234|Q5QJE6_TGKQSLIPR|0.0
P16234|Q5QJE6_LIPRTPKAR|0.0
P16234|Q5QJE6_RKRKSRTTG|0.0
P16234|Q5QJE6_RTTGSLPKG|0.0
P16234|Q5QJE6_LPKGTEPST|0.0
P16234|Q5QJE6_SEAESNYSV|0.0
P16234|Q5QJE6_AESNYSVSE|0.0
P16234|Q5QJE6_KVTPTKESY|0.0
P16234|Q5QJE6_LTDPSQESH|0.0
P16234|Q5QJE6_PSQESHTEA|0.0
P16234|Q5QJE6_EKKDSKIVP|0.0
P16234|Q5QJE6_KPNFYNNDF|0.418
P16234|Q5QJE6_FSHRSSENI|0.0
P16234|Q5QJE6_ANGITDEGK|0.0
P16234|Q5QJE6_INEKSSQLK|0.0
P16234|Q5QJE6_NEKSSQLKN|0.0
P16234|Q5QJE6_QQLVSQRHS|0.0
P16234|Q5QJE6_AVMKSLTQT|0.0
P16234|Q5QJE6_DCGGSDDEE|0.0
P16234|Q5QJE6_EDMNSEGNV|0.0
P16234|Q5QJE6_DTKLYTSAP|0.0
P16234|Q5QJE6_TKLYTSAPN|0.13
P16234|Q5QJE6_TGSLSCDNA|0.0
P16234|Q5QJE6_DFLNSTKAK|0.0
P16234|Q5QJE6_FLNSTKAKL|0.0
P16234|Q5QJE6_CVPPYSESK|0.412
P16234|Q5QJE6_VPPYSESKY|0.0
P16234|Q5QJE6_PADFYHSRI|0.0
P16234|Q5QJE6_DFYHSRIPK|0.0
P16234|Q5QJE6_RRKYSEIMA|0.0
P16234|Q8IUD2____MYGSAR|0.298
P16234|Q8IUD2__MYGSARSV|0.0
P16234|Q8IUD2_GSARSVGKV|0.0
P16234|Q8IUD2_STGGSSGSS|0.0
P16234|Q8IUD2_GSSGSSVGG|0.472
P16234|Q8IUD2_SSGSSVGGG|0.0
P16234|Q8IUD2_GSGKTLSME|0.0
P16234|Q8IUD2_SGPMYLSDH|0.262
P16234|Q8IUD2_SKLSSSMNS|0.0
P16234|Q8IUD2_FQQDSSSRT|0.0
P16234|Q8IUD2_NAPDSAKTK|0.0
P16234|Q8IUD2_ERVKSLQAD|0.083
P16234|Q8IUD2_EKEASLLDL|0.0
P16234|Q8IUD2_SLASSGLKK|0.0
P16234|Q8IUD2_EARASPEMS|0.0
P16234|Q8IUD2_EKKKSAQML|0.0
P16234|Q8IUD2_NLNDSSQQL|0.0
P16234|Q8IUD2_STQQSLAEK|0.0
P16234|Q8IUD2_MADNYEDDH|0.004
P16234|Q8IUD2_TPPASYNLD|0.001
P16234|Q8IUD2_PPASYNLDD|0.084
P16234|O15083_NLEGSPSRS|0.0
P16234|O15083_RLPRSPRLG|0.0
P16234|O15083_PMYLSDHEG|0.004
P16234|O15083_KLGSSMNSI|0.0
P16234|O15083_LPSKSLEDD|0.0
P16234|O15083_EEALSEKER|0.096
P16234|O15083_DKEASYYRD|0.21
P16234|P07992_VPQPSGPPA|0.002
P16234|P07992_SIIVSPRQR|0.0
P16234|P07992-3_LRPQSFKVK|0.001
P16234|P18074_HPEVTPLRF|0.001
P16234|P18074_SVNLTRRTL|0.0
P16234|P18074_LREASAARE|0.0
P16234|P18074_GAETSVALE|0.0
P16234|P18074_ALEKYQEAC|0.37
P16234|Q92889_VRKLYLWPR|0.366
P16234|Q92889_RIRKSHKRP|0.0
P16234|Q92889_KRKLTLTQM|0.0
P16234|Q92889_GRDETNLDL|0.0
P16234|Q92889_LVRGTASAD|0.0
P16234|Q92889_RGTASADVS|0.0
P16234|Q92889_VSTDTRKAG|0.0
P16234|Q92889_IEPVTLEVG|0.103
P16234|Q92889_NGRLYSQCI|0.456
P16234|Q92889_MSRYYKRPV|0.484
P16234|Q03468_IKQESGGDG|0.0
P16234|Q03468_RKLDSVKRQ|0.0
P16234|Q03468_LDHASLEED|0.0
P16234|Q03468_ELIRTGQMT|0.0
P16234|Q03468_TGQMTPFGT|0.0
P16234|Q03468_TPFGTQIPQ|0.009
P16234|Q03468_PAPVTPPAP|0.0
P16234|Q03468_ILITSYSYI|0.258
P16234|Q03468_LITSYSYIR|0.1
P16234|Q03468_SGDESIDEK|0.0
P16234|Q03468_TKHHSVAEE|0.0
P16234|Q03468_MDGASPDYV|0.047
P16234|Q03468_ASPDYVLVE|0.0
P16234|Q03468_KKRNSNFSV|0.0
P16234|Q03468_NSNFSVQHP|0.008
P16234|Q03468_QHPSSTSPT|0.0
P16234|Q03468_ADSSSGPLA|0.04
P16234|Q13216_VIVLYDLEN|0.388
P16234|Q13216_SPVSTKHCL|0.0
P16234|P50548_AVPQSAPPV|0.198
P16234|P50548_PPACSSSSS|0.0
P16234|P50548_PACSSSSSS|0.0
P16234|P50548_CSSSSSSLF|0.006
P16234|P50548_SSSSSSLFS|0.0
P16234|P50548_MAPETPPVP|0.076
P16234|P50548_SASSSSSSS|0.0
P16234|P50548_ASSSSSSSS|0.0
P16234|P50548_SSSSSSSSS|0.253
P16234|P50548_SSSSSSSSP|0.0
P16234|P50548_EVFKTPRAP|0.0
P16234|P50548_TAQLSLEHR|0.0
P16234|P11308__MASTIKEA|0.0
P16234|P11308_CAYGTPHLA|0.34
P16234|P11308_SSSDYGQTS|0.135
P16234|P11308_YGQTSKMSP|0.059
P16234|P11308_TSKMSPRVP|0.0
P16234|P11308_PDLPYEPPR|0.354
P16234|P11308_AAQPSPSTV|0.0
P16234|P11308_QPSPSTVPK|0.0
P16234|P11308_QLDPYQILG|0.367
P16234|P11308_PNMNYDKLS|0.323
P16234|P11308_HPPESSLYK|0.221
P16234|P11308-1_PNMNYDKLS|0.047
P16234|Q9UKR5_LVMVSIIAM|0.0
P16234|Q969X5_RFDIYRKVP|0.217
P16234|Q969X5_ASHDYILKI|0.0
P16234|Q969X5_VPTVYEDKS|0.431
P16234|Q969X5_ANKEYVAYS|0.404
P16234|Q969X5_EYVAYSHTG|0.401
P16234|Q969X5_RYDLSPITV|0.175
P16234|P84090_VCKMYEEHL|0.488
P16234|P84090_ADTQTYQPY|0.396
P16234|P84090_DTQTYQPYN|0.401
P16234|P84090_TYQPYNKDW|0.48
P16234|A8K979_IRRKSIAPA|0.0
P16234|A8K979_ICANSPIKA|0.0
P16234|A8K979_KSETSKSIV|0.0
P16234|A8K979_IVYKSPHTT|0.111
P16234|A8K979_VPSHSTGGL|0.0
P16234|A8K979_LTFSSPETS|0.0
P16234|A8K979_SPETSHICD|0.0
P16234|A8K979_RLRPSMRN_|0.02
P16234|O43414_KVLGSHLFS|0.0
P16234|O43414_NKGLSLQHI|0.0
P16234|Q86X53_PPVPSGQGK|0.0
P16234|Q86X53_AEPLTDTGS|0.0
P16234|Q86X53_TGSETPTAR|0.0
P16234|Q86X53_SETPTARRL|0.0
P16234|Q86X53_HTDGTTISK|0.0
P16234|Q86X53_GTTISKNKK|0.0
P16234|Q86X53_EGADSGEED|0.0
P16234|Q86X53_GADASEEDD|0.0
P16234|Q86X53_EKAHSILNF|0.0
P16234|Q5RHP9_PLPPTGKIT|0.0
P16234|Q5RHP9_TGKITRENR|0.0
P16234|Q5RHP9_DKKPSLPKS|0.0
P16234|Q5RHP9_KEREYVIPK|0.266
P16234|Q5RHP9_ETRLSPFTG|0.0
P16234|Q5RHP9_RMQVSEGSP|0.0
P16234|Q5RHP9_VSEGSPEEG|0.0
P16234|Q5RHP9_PEEGSLAKE|0.0
P16234|Q5RHP9_SLRKTDSER|0.0
P16234|Q5RHP9_RKTDSEREE|0.0
P16234|Q5RHP9_REEVTRANA|0.0
P16234|Q5RHP9_ERKTSGLGQ|0.001
P16234|Q6P6B1_SRFPSVTSN|0.0
P16234|Q6P6B1_PSVTSNEHF|0.0
P16234|Q6P6B1_TAEESESCF|0.0
P16234|Q6P6B1_GRESTVDGN|0.0
P16234|Q6P6B1_VEKDSLRAV|0.0
P16234|P27361_GMVSSAYDH|0.427
P16234|P27361_FEHQTYCQR|0.271
P16234|P27361_ETDLYKLLK|0.431
P16234|P27361_KYIHSANVL|0.073
P16234|P27361_DLKPSNLLI|0.0
P16234|P27361_IMLNSKGYT|0.0
P16234|P27361_NSKGYTKSI|0.144
P16234|P27361_SKGYTKSID|0.112
P16234|P27361_LGSPSQEDL|0.0
P16234|P28482_VGPRYTNLS|0.202
P16234|P28482_VCSAYDNVN|0.317
P16234|P28482_FEHQTYCQR|0.296
P16234|P28482_ETDLYKLLK|0.444
P16234|P28482_KYIHSANVL|0.112
P16234|P28482_SKGYTKSID|0.113
P16234|P28482_KARNYLLSL|0.019
P16234|P28482_DKMLTFNPH|0.384
P16234|P28482_PGYRS____|0.03
P16234|Q16659_KIVLTDPQS|0.0
P16234|Q16659_KYIHSANVL|0.162
P16234|Q16659_MDPHYSHKG|0.326
P16234|Q16659_SPNNYTKAI|0.431
P16234|Q16659_NWERYHDCQ|0.275
P16234|Q16659_DCQFSEHDW|0.118
P16234|Q16659_YKTRSSSYL|0.428
P16234|Q16659_RSSSYLDNL|0.431
P16234|Q16659_EVNHYYEPK|0.446
P16234|Q16659_VNHYYEPKL|0.404
P16234|Q16659_WKEQSKEKS|0.0
P16234|Q16659_LEEASQQLA|0.0
P16234|Q16659_EMLETEPVE|0.0
P16234|Q16659_SAMKSSPQI|0.234
P16234|P31152_SDARSMKHA|0.0
P16234|P31152_KYIHSANVL|0.0
P16234|P31152_SPNNYTKAI|0.301
P16234|P31152_EKILTFNPM|0.0
P16234|P31152_MSPYSCPED|0.0
P16234|P31152_PRAGSAPLA|0.0
P16234|P31152_FLEQSHSSM|0.0
P16234|P31152_EQSHSSMER|0.0
P16234|P31152_QSHSSMERA|0.0
P16234|P31152_FEADYGRSC|0.17
P16234|P31152_DYGRSCDYK|0.025
P16234|P31152_GAPPTATGL|0.0
P16234|P31152_GLADTGARE|0.0
P16234|Q13164_GEDGSAEPP|0.417
P16234|Q13164_HTAASVAAK|0.0
P16234|Q13164_YGVVSSARR|0.0
P16234|Q13164_GVVSSARRR|0.277
P16234|Q13164_AEHQYFMTE|0.256
P16234|Q13164_EYVATRWYR|0.053
P16234|Q13164_MVLGTPSPA|0.002
P16234|Q13164_LGTPSPAVI|0.0
P16234|Q13164_RQALSLLGR|0.0
P16234|Q13164_DGAISDNTK|0.0
P16234|Q13164_GLVLSDNDR|0.0
P16234|Q13164_SMSESPDVN|0.0
P16234|Q13164_TQQLSKSQV|0.0
P16234|Q13164_SLSASLLAD|0.0
P16234|Q8TD08_RSRVYQMIL|0.446
P16234|Q8TD08_PRQNSAPLL|0.001
P16234|Q96DZ1_KEDNYVIMT|0.106
P16234|Q96DZ1_EEKDYKGPN|0.317
P16234|Q96DZ1_SSCSYRIES|0.0
P16234|P41161_MDGFYDQQV|0.116
P16234|P41161_PNCQSSYMR|0.291
P16234|P41161_AGERYVYKF|0.349
P16234|Q96PL5_EMASSAGSW|0.0
P16234|Q96PL5_SSAGSWLSG|0.0
P16234|Q96PL5_GSWLSGCLI|0.0
P16234|Q96PL5_LMPEYKGRT|0.0
P16234|Q96PL5_VGNLSKEDT|0.0
P16234|Q96PL5_VGDKTKWIL|0.0
P16234|Q96PL5_LKAPSF___|0.0
P16234|Q5T6L9_VFSQSVMNV|0.0
P16234|Q5T6L9_IMLPYWEVA|0.0
P16234|Q5T6L9_DCLLSVFKE|0.0
P16234|Q5T6L9_LRMWSSIRL|0.0
P16234|Q5T6L9-3_ETPTSDTPL|0.0
P16234|Q8TAM6_FRKPSQADM|0.0
P16234|Q8TAM6_SRNAYSRYN|0.431
P16234|Q8TAM6_RNAYSRYNT|0.238
P16234|Q8TAM6_SRYNTISYR|0.28
P16234|Q8TAM6_NTISYRKIR|0.001
P16234|Q8TAM6_DEFESMMHL|0.0
P16234|Q7Z2K6_VDGCSGGGR|0.0
P16234|Q7Z2K6_SPGGSGGAS|0.0
P16234|Q7Z2K6_QARDYLEHI|0.231
P16234|Q7Z2K6_IGPRTTGSP|0.0
P16234|Q7Z2K6_GIIPSDTDF|0.008
P16234|Q7Z2K6_LAAASKYRH|0.0
P16234|Q7Z2K6_SIINYMVVM|0.062
P16234|Q7Z2K6_APEVSPRNP|0.0
P16234|Q96HE7_RFNNYRLFP|0.191
P16234|Q96HE7_KLLESDYFR|0.172
P16234|Q96HE7_LESDYFRYY|0.342
P16234|Q96HE7_SYKYSEEAN|0.304
P16234|Q96HE7_KRAFYRLIS|0.391
P16234|Q96HE7_LSARYLLQE|0.289
P16234|Q96HE7_DGILTEGEG|0.0
P16234|Q96HE7_HEIKSFPLH|0.114
P16234|Q96HE7_GKLQTQGLG|0.0
P16234|Q96HE7_SGPSYEFHL|0.101
P16234|Q86YB8_QERDYFRYY|0.421
P16234|Q86YB8_DYFRYYKVN|0.31
P16234|Q86YB8_YFRYYKVNL|0.001
P16234|Q86YB8_GKLQTQGLG|0.0
P16234|P30040_LPLDTVTFY|0.399
P16234|P30040_TVTFYKVIP|0.405
P16234|P30040_LAENSASSD|0.0
P16234|P30040_NSASSDDLL|0.0
P16234|P30040_YPVFYLFRD|0.438
P16234|P30040_PVPYTGAVK|0.359
P16234|P30040_ASEMTRIAR|0.0
P16234|P30040_ELQKSLNIL|0.0
P16234|P30040_LNILTAFQK|0.0
P16234|Q9BS26_ALADYIRQQ|0.008
P16234|Q9BS26_NIIGYFEQK|0.0
P16234|Q9BS26_APSEYRYTL|0.078
P16234|P11474_ALLEYEAGR|0.107
P16234|O95718_KLLLTLPLL|0.0
P16234|O95718-1_DERMSSHDG|0.001
P16234|P62508_RHIDSSCSS|0.0
P16234|P62508_HIDSSCSSF|0.0
P16234|P62508_DSSCSSFIK|0.0
P16234|P62508_SSCSSFIKT|0.173
P16234|P62508_VRKLYDDCS|0.38
P16234|P62508_EDPQTKCEY|0.276
P16234|P62508_YMLNSMPKR|0.027
P16234|P62508_KMLMTLPLL|0.0
P16234|P60508_KASLTYSQL|0.0
P16234|Q9YNA8_VAQKSIAIE|0.0
P16234|Q9HDB9_TKSKTKSKY|0.009
P16234|Q9HDB9_SKTKSKYAS|0.0
P16234|Q9HDB9_GVKQYGSNS|0.0
P16234|Q9HDB9_SNSPYIRTL|0.0
P16234|B6SEH9_YRDKSPQNR|0.0
P16234|Q9UQF0_DRPASPRSD|0.0
P16234|Q9UQF0_ASPRSDVND|0.0
P16234|Q9UQF0_DIKGTPPEE|0.0
P16234|Q96AP7_IAPRTLPWP|0.0
P16234|Q96AP7_LSSVTSARA|0.0
P16234|Q96AP7_SSVTSARAL|0.001
P16234|Q96AP7_ALTPTPSLS|0.0
P16234|Q96AP7_PQPISPIPG|0.0
P16234|Q96AP7_PGGVSSSGL|0.0
P16234|Q96AP7_VPAQSQAGS|0.0
P16234|Q96AP7_SQAGSLV__|0.0
P16234|Q5FWF5_DDKNSETEI|0.0
P16234|Q5FWF5_TRMSTRSSK|0.0
P16234|Q5FWF5_MSTRSSKAA|0.0
P16234|Q5FWF5_KNTVTVRGY|0.421
P16234|Q5FWF5_CACSSQCTQ|0.0
P16234|Q5FWF5_TLPKSPQPS|0.0
P16234|Q5FWF5_VPEQSDNEL|0.007
P16234|Q5FWF5_NKLDSQVSP|0.003
P16234|Q5FWF5_RTSFSPPAL|0.0
P16234|Q5FWF5_KLENSPVEN|0.002
P16234|Q5FWF5_VENVTAAST|0.0
P16234|Q5FWF5_PKCNSHLEI|0.0
P16234|Q5FWF5_CYSRTKTLL|0.094
P16234|Q56NI9_MAALTPRKR|0.0
P16234|Q56NI9_QNKWYLNPL|0.428
P16234|Q56NI9_YQPKYRHIK|0.284
P16234|Q56NI9_SLRKSSLEN|0.0
P16234|Q56NI9_SDVETVSEK|0.0
P16234|Q56NI9_LLSASSKNK|0.0
P16234|Q56NI9_IKDSSDDRV|0.0
P16234|Q56NI9_NKTISPKST|0.0
P16234|Q9H501____MSSKQE|0.005
P16234|Q9H501_QEIMSDQRF|0.0
P16234|Q9H501_FKLNYAVDK|0.404
P16234|Q9H501_IVQHTTDSS|0.0
P16234|Q9H501_VQHTTDSSL|0.0
P16234|Q9H501_RTLDSGTSE|0.0
P16234|Q9H501_LDSGTSEIV|0.0
P16234|Q9H501_DSGTSEIVK|0.0
P16234|Q9H501_REMQSVVQL|0.0
P16234|Q9H501_QLIMTRDSD|0.0
P16234|Q9H501_MTRDSDGYE|0.0
P16234|Q9H501_DSDGYENST|0.003
P16234|Q9H501_GYENSTDGE|0.0
P16234|Q9H501_YENSTDGEM|0.016
P16234|Q9H501_VELLSIPED|0.0
P16234|Q9H501_KDVASEVNL|0.0
P16234|Q9H501_KDKLTPWEQ|0.0
P16234|Q9H501_EDEDSKKHF|0.004
P16234|Q9H501_NLDPSDPNF|0.0
P16234|Q9H501_IEKESQRKS|0.0
P16234|Q9NQ30_QYSVTKSSN|0.129
P16234|B1AK53_HRVLSRDPS|0.0
P16234|B1AK53_SRDPSAELE|0.0
P16234|B1AK53_KQPDSGMSS|0.0
P16234|B1AK53_SKQPSTGDY|0.0
P16234|B1AK53_KQPSTGDYY|0.0
P16234|B1AK53_TGDYYRQLG|0.175
P16234|B1AK53_AARGSLEGP|0.0
P16234|B1AK53_SSSSTGSTK|0.0
P16234|B1AK53_SSTGSTKSF|0.0
P16234|B1AK53_FNMMSPTGD|0.0
P16234|B1AK53_SLKPTPQSK|0.0
P16234|B1AK53_FQPDSPLPS|0.0
P16234|B1AK53_SPALSPVRS|0.0
P16234|Q6ZVH7_LKLLTAAHG|0.0
P16234|Q6ZVH7_AAHGSSVNR|0.0
P16234|Q6ZVH7_AHGSSVNRR|0.0
P16234|Q6ZVH7_VNRRTRSGA|0.0
P16234|Q6ZVH7_RGGHTPILD|0.0
P16234|Q6ZVH7_LLMGTPILR|0.0
P16234|Q6ZVH7_EQMTSPAPP|0.0
P16234|Q6ZVH7_VRSLSLLLK|0.0
P16234|Q6ZVH7_MLFLSHWRR|0.0
P16234|Q6ZVH7_RRSAYTPAL|0.098
P16234|Q6ZVH7_EAARSPGPP|0.0
P16234|Q86US8_RVRISASEL|0.0
P16234|Q86US8_PQAGSRENM|0.0
P16234|Q86US8_DLEIYKPGL|0.0
P16234|Q86US8_DRDCSAVEN|0.0
P16234|Q86US8_VENGTQPVK|0.0
P16234|Q86US8_IIKRTKKPD|0.0
P16234|Q86US8_DLQIYQPGR|0.019
P16234|Q86US8_GRPGSAKRY|0.0
P16234|Q86US8_AKRYSRSDK|0.0
P16234|Q86US8_RYSRSDKRR|0.307
P16234|Q86US8_NRYRTRSTS|0.337
P16234|Q86US8_TRSTSSAGS|0.0
P16234|Q86US8_SSAGSNNSA|0.0
P16234|Q86US8_GSNNSAEGA|0.0
P16234|Q86US8_KKQVSVSST|0.0
P16234|Q86US8_ERNWSGRGE|0.0
P16234|Q86US8_TLRVTFDAE|0.0
P16234|Q86US8_MNKESPMVR|0.0
P16234|Q86US8_NSAGSPESA|0.0
P16234|Q86US8_FGSGSKGSR|0.0
P16234|Q86US8_GSKGSRSWG|0.0
P16234|Q86US8_LKTQTPQLH|0.0
P16234|Q86US8_EVSPTSWGD|0.0
P16234|Q86US8_VSPTSWGDS|0.0
P16234|Q86US8_SDNPYYYPR|0.354
P16234|Q86US8_NGRPYNQLA|0.14
P16234|Q86US8_LLAVYTRRK|0.0
P16234|Q86US8_DAVYYYMRS|0.36
P16234|Q86US8_AVYYYMRSL|0.426
P16234|Q86US8_SLAASNPIL|0.0
P16234|Q86US8_SHPRSSQGT|0.0
P16234|Q86US8_HPRSSQGTE|0.0
P16234|Q86US8_SSQGTESGK|0.0
P16234|Q86US8_LGSLSPSDL|0.0
P16234|Q86US8_AQLSSPEDQ|0.0
P16234|Q86US8_VVLLTDDRN|0.17
P16234|P10768_PQRMSIFGH|0.0
P16234|P10768_IFGHSMGGH|0.0
P16234|P10768_YKSVSAFAP|0.0
P16234|P10768_GTDQSKWKA|0.0
P16234|P10768_KWKAYDATH|0.259
P16234|P10768_SYPGSQLDI|0.0
P16234|P10768_LQEGYDHSY|0.203
P16234|P10768_YDHSYYFIA|0.137
P16234|P10768_DHSYYFIAT|0.401
P16234|Q8N693_PEYGTEAEN|0.402
P16234|Q8N693_LPPRSHVPH|0.0
P16234|Q9BSJ8__MERSPGEG|0.0
P16234|Q9BSJ8_GEGPSPSPM|0.0
P16234|Q9BSJ8_GPSPSPMDQ|0.0
P16234|Q9BSJ8_AVGLSVGFV|0.0
P16234|Q9BSJ8_GLALYLGWR|0.405
P16234|Q9BSJ8_AKTLYMSHR|0.552
P16234|Q9BSJ8_TLYMSHREL|0.0
P16234|Q9BSJ8_IRRPTLDIN|0.403
P16234|Q9BSJ8_IEGKSDPYA|0.547
P16234|Q9BSJ8_KSDPYALVR|0.399
P16234|Q9BSJ8_VRLGTQTFC|0.511
P16234|Q9BSJ8_LSLLSDAEK|0.0
P16234|Q9BSJ8_MVQLSIQDV|0.0
P16234|Q9BSJ8_IQDVTQESK|0.357
P16234|Q9BSJ8_VTQESKAVY|0.465
P16234|Q9BSJ8_FQLSSSGPN|0.0
P16234|Q9BSJ8_NSRLYMKLV|0.26
P16234|Q9BSJ8_QRGSSVDAP|0.0
P16234|Q9BSJ8_KSDPYVKLK|0.502
P16234|Q9BSJ8_LAGRSFRSH|0.0
P16234|Q9BSJ8_SPYATLTVG|0.091
P16234|Q9BSJ8_YATLTVGDS|0.092
P16234|Q9BSJ8_TVGDSSHKT|0.0
P16234|Q9BSJ8_VGDSSHKTK|0.149
P16234|Q9BSJ8_PHTESLELQ|0.0
P16234|Q9BSJ8_DRWFTLSSG|0.009
P16234|Q9BSJ8_SHSYSHSSS|0.0
P16234|Q9BSJ8_HSSSSLSEE|0.0
P16234|Q9BSJ8_HITSSAPEL|0.0
P16234|Q9BSJ8_LTLWYYSEE|0.397
P16234|Q9BSJ8_TLWYYSEER|0.432
P16234|Q9BSJ8_DPYVSLLLL|0.321
P16234|Q9BSJ8_KNRGTKRRT|0.0
P16234|Q9BSJ8_KLDVSVKSN|0.0
P16234|Q9BSJ8_VKSNSSFMS|0.0
P16234|Q9BSJ8_KSNSSFMSR|0.0
P16234|Q9BSJ8_SSFMSRERE|0.0
P16234|Q9BSJ8_DKGSS____|0.0
P16234|Q9BSJ8-2_LPMVTSELY|0.313
P16234|Q9BSJ8-2_PMVTSELYP|0.396
P16234|Q9BSJ8-2_TSELYPPQL|0.188
P16234|A0FGR8_DLQISFVGN|0.0
P16234|A0FGR8_GKDTYLKGL|0.0
P16234|A0FGR8_QIFQSRVIK|0.0
P16234|A0FGR8_KENLSPKWN|0.001
P16234|A0FGR8_VKRPSVSKE|0.0
P16234|A0FGR8_EGRKTSIKS|0.0
P16234|A0FGR8_GRKTSIKSH|0.0
P16234|A0FGR8_GGSNTAPST|0.0
P16234|A0FGR8_NTAPSTPVI|0.0
P16234|A0FGR8_LIAFSEDGS|0.0
P16234|A0FGR8_GSDPYVRMY|0.361
P16234|A0FGR8_GGFLSKDKG|0.0
P16234|A0FGR8_PQAMT____|0.0
P16234|A0FGR8-2_SRVPSEGRW|0.0
P16234|A0FGR8-2_TQPASAGRA|0.0
P16234|A0FGR8-2_GRKTSIKSH|0.0
P16234|A0FGR8-2_TAPSTPVIG|0.0
P16234|A0FGR8-2_LGRSSSSLL|0.0
P16234|A0FGR8-2_GRSSSSLLA|0.0
P16234|A0FGR9_YAKVSIGLQ|0.019
P16234|A0FGR9_STTTTTSAT|0.0
P16234|A0FGR9_PGPHSPGPI|0.0
P16234|A0FGR9_AVKNSRPLG|0.0
P16234|A0FGR9_RPLGSHRRK|0.004
P16234|Q9NY74_KHDDSPSPK|0.0
P16234|Q9NY74_DDSPSPKKT|0.0
P16234|Q9NY74_SARGSWPCG|0.0
P16234|Q9NY74_YTTDSDEIS|0.0
P16234|Q9NY74_RAKISCTKL|0.0
P16234|Q9NY74_TKLKTQSQE|0.0
P16234|Q9NY74_SGQLSQELP|0.0
P16234|Q9NY74_IEKLSNKTP|0.0
P16234|Q9NY74_LSNKTPRSL|0.0
P16234|Q9NY74_KTPRSLSSQ|0.0
P16234|Q9NY74_PRSLSSQVD|0.0
P16234|Q9NY74_RSLSSQVDT|0.0
P16234|Q9NY74_SQVDTPIMT|0.0
P16234|Q9NY74_SCVTSCTKE|0.0
P16234|Q9NY74_RANTSPDAR|0.0
P16234|Q9NY74_LNTRYSNEQ|0.0
P16234|Q9NY74_NTRYSNEQK|0.0
P16234|Q9NY74_ILNQSIKAP|0.0
P16234|Q9NY74_DLFGSANLG|0.0
P16234|Q9NY74_QLDNTWEAD|0.001
P16234|Q9NY74_MYGNSPRFL|0.0
P16234|Q9NY74_KKKLSTNQP|0.0
P16234|Q9NY74_KKLSTNQPC|0.179
P16234|Q9NY74_NRKCSPEEI|0.0
P16234|P24530_PPTKTLWPK|0.0
P16234|P24530_RTAGSPPRT|0.0
P16234|Q96CS3_ERDLTQEQT|0.04
P16234|Q96CS3_TQEQTEKLL|0.0
P16234|Q96CS3_NPPPSRPLQ|0.294
P16234|Q96CS3_HRIYSYVVS|0.01
P16234|Q96CS3_RIYSYVVSR|0.463
P16234|Q96CS3_SFMHSFEEK|0.0
P16234|Q96CS3_FYQGTYSQA|0.396
P16234|Q96CS3_DRRMTVVGR|0.02
P16234|Q96CS3_QDEAYLASL|0.187
P16234|Q96CS3_AYLASLRAD|0.0
P16234|Q96CS3_PPEPSPDDP|0.0
P16234|P62495_KLIKSLEAA|0.0
P16234|P62495_RGNGTSMIS|0.0
P16234|P62495_GNGTSMISL|0.0
P16234|P62495_TSMISLIIP|0.0
P16234|P62495_VNRLSVLGA|0.0
P16234|P62495_TALLSDDSK|0.097
P16234|P62495_KRHNYVRKV|0.446
P16234|P62495_DIMRYVLHC|0.268
P16234|P13804_RRAASLLRF|0.0
P16234|P13804_HANDSLAPI|0.0
P16234|P13804_LAPITLNTI|0.0
P16234|P13804_ITAATRLGG|0.0
P16234|P13804_GGEVSCLVA|0.0
P16234|P13804_QHDVYKGLL|0.327
P16234|P13804_PEELTPLIL|0.0
P16234|P13804_KSPDTFVRT|0.0
P16234|P13804_VRTIYAGNA|0.216
P16234|P13804_SVRGTSFDA|0.127
P16234|P13804_VRGTSFDAA|0.0
P16234|P13804_AAATSGGSA|0.0
P16234|P13804_EKASSTSPV|0.0
P16234|P13804_ASSTSPVEI|0.0
P16234|P13804_RGLKSGENF|0.0
P16234|P13804_FKLLYDLAD|0.361
P16234|P13804_AVGASRAAV|0.0
P16234|P38117_VIAVSCGPA|0.0
P16234|P38117_GGLETLRLK|0.0
P16234|P38117_PAVVTADLR|0.0
P16234|P38117_NEPRYATLP|0.41
P16234|Q16134_PLCATRWSS|0.021
P16234|Q16134_NHGNYIVRL|0.387
P16234|Q16134_KGIATNDVG|0.043
P16234|Q16134_KRIAYGARA|0.0
P16234|Q16134_GGFQSIPKL|0.0
P16234|Q16134_ENLQSKTIG|0.0
P16234|Q16134_LQSKTIGLH|0.0
P16234|Q16134_GLHVTEYED|0.335
P16234|Q16134_HVTEYEDNL|0.393
P16234|O95571_RRQLSQRGG|0.0
P16234|O95571_CTFTYLLGD|0.199
P16234|O95571_LRLLYAVNT|0.126
P16234|O95571_AKTLYHSVH|0.248
P16234|O95571_RLTLSCEEF|0.0
P16234|P51813_HRVPTFPDR|0.075
P16234|P51813_MDAPSSSTT|0.0
P16234|P51813_KIYGSQPNF|0.317
P16234|P51813_KSSSSSEDV|0.0
P16234|P51813_EDVASSNQK|0.393
P16234|P51813_DVASSNQKE|0.008
P16234|P51813_MVRNSSQVG|0.0
P16234|P51813_VRNSSQVGM|0.0
P16234|P51813_QVGMYTVSL|0.394
P16234|P51813_TVKHYHVHT|0.434
P16234|P51813_LAENYCFDS|0.501
P16234|P51813_HPVSTKANK|0.139
P16234|P51813_KELGSGQFG|0.0
P16234|P51813_WKGQYDVAV|0.433
P16234|P51813_DQYVSSVGT|0.236
P16234|Q9NVF9_AVPPSAPQP|0.0
P16234|Q9NVF9_QPRASFHLR|0.0
P16234|Q9NVF9_TDGITNKLV|0.0
P16234|Q9NVF9_HANGSLPKP|0.0
P16234|Q8TBG4_EISPYKFQK|0.002
P16234|Q8TBG4_YRGKYREDH|0.108
P16234|Q8TBG4_ADSASAYAD|0.115
P16234|Q8TBG4_SASAYADEV|0.011
P16234|Q8TBG4_DRILTVLEE|0.0
P16234|Q8TBG4_EAMGTKTES|0.0
P16234|Q8TBG4_TSENTPCKT|0.0
P16234|Q8TBG4_LLRDSTTDS|0.0
P16234|P14921_ELFPSPDME|0.0
P16234|P14921_KEMMSQALK|0.0
P16234|P14921_KATFSGFTK|0.0
P16234|P14921_DVKPYQVNG|0.416
P16234|P14921_YTSDYFISY|0.495
P16234|P14921_NDYPSVILR|0.342
P16234|P14921_QEVVTPDNM|0.0
P16234|P14921_DSFESIESY|0.11
P16234|P14921_SIESYDSCD|0.212
P16234|P14921_ESYDSCDRL|0.424
P16234|P14921_WSSQSSFNS|0.0
P16234|P14921_SSQSSFNSL|0.0
P16234|P14921_SSFNSLQRV|0.024
P16234|P14921_DSFDSEDYP|0.094
P16234|P14921_DSEDYPAAL|0.251
P16234|P14921_RGLRYYYDK|0.429
P16234|P14921_IIHKTAGKR|0.0
P16234|P14921_AGKRYVYRF|0.432
P16234|P14921-3____MSYFVD|0.019
P16234|P14921-3_YFVDSAGSS|0.0
P16234|P14921-3_SPVPYSAPR|0.004
P16234|P15036_PVANSYRGT|0.002
P16234|P15036_VANSYRGTL|0.392
P16234|P15036_SYRGTLKRQ|0.0
P16234|P15036_KATFSGFKK|0.0
P16234|P15036_CPASTPSVL|0.0
P16234|P15036_ASTPSVLSS|0.0
P16234|P15036_YCSVSQDFP|0.0
P16234|P15036_EDDCSQSLC|0.0
P16234|P15036_DCSQSLCLN|0.0
P16234|P50549_MDGFYDQQV|0.193
P16234|P50549_HSPCSEISS|0.0
P16234|P50549_AGERYVYKF|0.388
P16234|O00321_PDGDTYWGS|0.268
P16234|O00321_DGDTYWGSG|0.272
P16234|O00321_TYWGSGLGG|0.0
P16234|O00321_SDRASLARC|0.0
P16234|O00321_PGMNYEKLS|0.372
P16234|O00321_YEKLSRGLR|0.0
P16234|P41162_KAGCSIVEK|0.0
P16234|P41162_GGGGYQFPD|0.466
P16234|P41162_NIRSSGVVP|0.0
P16234|P41162_PPLDTHSPT|0.0
P16234|P41162_THSPTNDVQ|0.012
P16234|P41162_RPGMYPDPH|0.568
P16234|P41162_PDPHSPFAV|0.0
P16234|P41162_PFAVSPIPG|0.0
P16234|P41162_NVPISPALS|0.0
P16234|P41162_NYHLSPRTF|0.249
P16234|P41162_LSPRTFPRY|0.542
P16234|P41162_ERVESSEES|0.0
P16234|P41162_RVESSEESA|0.0
P16234|P41162_APVTTPTMA|0.269
P16234|P41162_VTTPTMASI|0.0
P16234|P41162_KEEHTQEEG|0.028
P16234|Q6ZN32_ESLTSPNLE|0.0
P16234|P43268_AGERYVYKF|0.175
P16234|Q9NYK6_LHTKSLRGH|0.0
P16234|Q9NYK6_RSKLSKSTY|0.0
P16234|Q9NYK6_KLSKSTYEE|0.261
P16234|Q9NYK6_SKSTYEEVK|0.4
P16234|Q9NYK6_EEVKTILSK|0.0
P16234|Q9NYK6_ANVQTQHPH|0.0
P16234|P58658_KDGEYGINF|0.0
P16234|P57679_SNAQTPSET|0.12
P16234|P57679_AQTPSETGS|0.0
P16234|P57679_SETGSPSRR|0.0
P16234|P57679_SSVHSATSD|0.0
P16234|P57679_VHSATSDDR|0.0
P16234|P57679_EAQQTRLQL|0.0
P16234|Q86UK5_CHFKTAVEA|0.0
P16234|Q86UK5_LKNLTSSGH|0.0
P16234|Q86UK5_KNLTSSGHL|0.0
P16234|Q86UK5_NLTSSGHLS|0.0
P16234|Q86UK5_ERKMSAVFK|0.0
P16234|Q86UK5_MVALTAECD|0.0
P16234|Q86UK5_TQIKSAIFK|0.0
P16234|Q86UK5_LQQQSKVRK|0.0
P16234|Q86UK5_KVRKSRSKS|0.0
P16234|Q86UK5_RKSRSKSKS|0.0
P16234|Q86UK5_MLTKSACTQ|0.0
P16234|Q86UK5_KSACTQILE|0.0
P16234|Q03112_QKLESENDL|0.0
P16234|Q03112_FATSSGLKQ|0.0
P16234|Q03112_VCHKSYTQF|0.002
P16234|Q03112_ADCRTQIKC|0.0
P16234|Q03112_GQMFSTTSS|0.0
P16234|Q03112_QMFSTTSSL|0.0
P16234|Q03112_MFSTTSSLN|0.0
P16234|Q03112_NKSQSPLMT|0.002
P16234|Q03112_SPLMTHPQI|0.0
P16234|Q03112_SKHPSVGDN|0.292
P16234|Q03112_RDLRSLPLK|0.0
P16234|Q03112_GSSESPFDL|0.0
P16234|Q03112_EKPLTPVPS|0.121
P16234|Q03112_SRPASDGSL|0.0
P16234|Q03112_KRKLTDPLE|0.0
P16234|Q03112_LRTHTGEQP|0.341
P16234|Q03112_DRSFSISSN|0.0
P16234|Q03112_NGNMSGTAT|0.359
P16234|Q03112_SSPHSELES|0.0
P16234|Q03112_SELESTGAI|0.0
P16234|Q03112_FIGNSNHGS|0.0
P16234|Q03112_TSQNSDLLD|0.0
P16234|Q03112_KSGLSALDH|0.0
P16234|Q03112_HFTDSLKMR|0.0
P16234|Q03112_AELSSFSTS|0.0
P16234|Q03112_LSSFSTSHV|0.0
P16234|Q03112_SSFSTSHVP|0.0
P16234|Q03112_KSQAYAMML|0.002
P16234|Q03112-9_PKEGSPYKA|0.0
P16234|Q03112-9_EGSPYKAPI|0.0
P16234|Q03112-9_KDPSYGWEV|0.0
P16234|P22794_LTSKSEQEL|0.0
P16234|P22794_RQPRSNGDF|0.0
P16234|P22794_DFLASGLWP|0.0
P16234|P22794_WPAESDTWK|0.0
P16234|P22794_TKQLTGPNL|0.0
P16234|P22794_TGVLTATRE|0.0
P16234|P34910_PWKPSKSTL|0.0
P16234|P34910_KPSKSTLLA|0.0
P16234|O60447_FRNPSGKQV|0.0
P16234|O60447_SSTLSWVKN|0.0
P16234|O60447_WVKNTVSHT|0.0
P16234|O60447_SHTVSQMAS|0.0
P16234|O60447_SQMASQVAS|0.0
P16234|O60447_KSLRSVNGS|0.0
P16234|O60447_SRRNSGSSL|0.0
P16234|O60447_RNSGSSLVS|0.0
P16234|O60447_NSGSSLVSS|0.0
P16234|O60447_SSNLSHLEE|0.0
P16234|O60447_HLARTTGRW|0.0
P16234|O60447_RRRESYSTT|0.0
P16234|Q96CN4_SSLVSSSSA|0.0
P16234|Q96CN4_LMQEYRLRE|0.0
P16234|Q96CN4_GLCIYQFEY|0.0
P16234|Q96CN4_VLKAYQVKY|0.001
P16234|Q96CN4_YQVKYNPKK|0.2
P16234|Q96CN4_RLRETETLG|0.0
P16234|Q96CN4_RETETLGAL|0.0
P16234|Q96CN4_RWKESPRKL|0.0
P16234|Q96CN4_QTQLSESRR|0.0
P16234|Q96CN4_FDGLSLARH|0.0
P16234|Q96CN4_DSLPSSDEE|0.0
P16234|Q96CN4_SLPSSDEEL|0.0
P16234|Q96CN4_LYPLSPRDA|0.105
P16234|Q96CN4_LAAPYSQGL|0.0
P16234|Q9UI08_SVMVYDDTS|0.013
P16234|Q9UI08_YDDTSKKWV|0.399
P16234|Q9UI08_RINIYHNTA|0.117
P16234|Q9UI08_QNGPSPDEM|0.0
P16234|Q9UI08_QRQESLERR|0.0
P16234|Q9UI08_ERRTSATGP|0.0
P16234|Q9UI08_GHPSSAASA|0.0
P16234|Q9UI08_PEDASGGSS|0.0
P16234|Q9UI08_GTSKSDANR|0.0
P16234|Q9UI08_ANRASSGGG|0.0
P16234|Q9UI08_NRASSGGGG|0.0
P16234|Q9UI08_RKAASQSDK|0.017
P16234|Q9UI08_KEDESQMED|0.0
P16234|Q9UI08_EDPSTSPSP|0.0
P16234|Q9UI08_TRAASQPPN|0.0
P16234|Q9UI08_EKPVSSILS|0.0
P16234|Q9UI08_KPVSSILSR|0.0
P16234|Q9UI08_ILSRTPSVA|0.0
P16234|Q9UI08_SPLQSQPHS|0.0
P16234|Q9UI08_SQPHSRMKP|0.0
P16234|Q01844_SGGFSGPGE|0.0
P16234|Q01844_ATVSYEDPP|0.04
P16234|Q01844_EDPPTAKAA|0.0
P16234|Q01844_KLKVSLARK|0.0
P16234|Q01844-4_MGLQSESLV|0.0
P16234|Q8N9H8_LVERYVAGF|0.0
P16234|Q8N9H8_VLMDSWCQP|0.0
P16234|Q8N9H8_LMWLSSHQE|0.0
P16234|Q8N9H8_MWLSSHQEG|0.0
P16234|Q8NHP7_MSDLTTLVD|0.0
P16234|Q8NHP7_DLKCTKQAV|0.0
P16234|Q8NHP7_FPQETRVSP|0.0
P16234|Q9NVH0_RSKTSPVTQ|0.0
P16234|Q9NVH0_RNKKSKMDG|0.0
P16234|Q9NVH0_GVGYSARKS|0.002
P16234|Q9NVH0_SARKSPLYD|0.0
P16234|Q9NVH0_GRPESPGDY|0.0
P16234|Q9NVH0_VQCHSQGGL|0.0
P16234|Q9NVH0_MQLESRWRQ|0.0
P16234|Q9NVH0_PIQLS____|0.0
P16234|Q9UQ84_NMLLSHGIK|0.0
P16234|Q9UQ84_DYLSSLRGI|0.0
P16234|Q9UQ84_VPEDYINGF|0.0
P16234|Q9UQ84_NTFLYQLVF|0.24
P16234|Q9UQ84_AHSRSHSWD|0.0
P16234|Q9UQ84_WHRNYSPRP|0.328
P16234|Q9UQ84_ERVISTKGL|0.0
P16234|Q9UQ84_RVISTKGLN|0.0
P16234|Q9UQ84_PRKSSIVKR|0.0
P16234|Q9UQ84_KSVSTPPRT|0.0
P16234|Q9UQ84_TPPRTRNKF|0.404
P16234|Q9UQ84_KNEESGAVV|0.002
P16234|Q9UQ84_VVPGTRSRF|0.0
P16234|Q9UQ84_FFCSSDSTD|0.0
P16234|Q9UQ84_CSSDSTDCV|0.0
P16234|Q9UQ84_KSEESSDDE|0.0
P16234|Q9UQ84_SSKDSDSEE|0.0
P16234|Q9UQ84_KDSDSEESD|0.002
P16234|Q9UQ84_SKKDTPLRN|0.0
P16234|Q9UQ84_SSADSLSTT|0.0
P16234|Q9UQ84_DSLSTTKIK|0.0
P16234|Q9UQ84_FKKDSEKLP|0.0
P16234|Q9UQ84_KKPLSPVRD|0.0
P16234|Q9UQ84_NIQLTPEAE|0.0
P16234|Q9NV70_GDLASSRGI|0.0
P16234|Q9NV70_DLASSRGIE|0.0
P16234|Q9NV70_PRKESAVKQ|0.163
P16234|Q9NV70_QETESLHGS|0.0
P16234|Q9NV70_SLHGSSGKL|0.0
P16234|Q9NV70_SGKLTGSTS|0.0
P16234|Q9NV70_LNKLSVQSS|0.0
P16234|Q9NV70_LSVQSSGNR|0.0
P16234|Q9NV70_SVQSSGNRR|0.005
P16234|Q9NV70_SQSSSLLDM|0.0
P16234|Q9NV70_MGNMSASDL|0.0
P16234|Q9NV70_LDGGTLSRQ|0.0
P16234|Q9NV70_HNCGTPLPV|0.114
P16234|Q9NV70_SYVIYSLGQ|0.421
P16234|Q9NV70_EEEVSYQLA|0.218
P16234|Q9NV70_EEVSYQLAF|0.424
P16234|Q9NV70-2_GLHGSSGKL|0.0
P16234|Q86VI1_LKWASGIFY|0.001
P16234|Q86VI1_FLEAYVSLR|0.0
P16234|Q86VI1_GMALSELGT|0.0
P16234|Q86VI1_LRSFSDALI|0.0
P16234|Q86VI1_LIRFSRDHF|0.006
P16234|Q86VI1_VVLQYLSAL|0.0
P16234|Q86VI1_ALPPSPRAS|0.0
P16234|Q2M3D2_GPLLSPGTL|0.0
P16234|Q2M3D2_ALVEYVRPL|0.314
P16234|Q2M3D2_ARTRSRVAG|0.0
P16234|Q2M3D2_GLRNTAARQ|0.0
P16234|Q17RC7_EEPQTPAQG|0.0
P16234|Q17RC7_PAQGSRRTS|0.0
P16234|Q17RC7_RSSCSLFRS|0.0
P16234|Q17RC7_EAHPSPPDD|0.0
P16234|Q17RC7_TLIRSYPDI|0.0
P16234|Q17RC7_LIRSYPDIR|0.001
P16234|Q96A65_TVSKSKDPS|0.0
P16234|Q96A65_SKDPSGLLI|0.0
P16234|Q96A65_GLLISVIRT|0.0
P16234|Q96A65_SVIRTLSTS|0.0
P16234|Q96A65_RTLSTSDDV|0.0
P16234|Q96A65_TLSTSDDVE|0.001
P16234|Q96A65_LEEAYEKCD|0.189
P16234|Q96A65_KGKISSLVK|0.0
P16234|Q96A65_GKISSLVKD|0.0
P16234|Q96A65_KFLDTSHYS|0.237
P16234|Q96A65_FLDTSHYST|0.058
P16234|Q96A65_DTSHYSTAG|0.491
P16234|Q96A65_TSHYSTAGS|0.0
P16234|Q96A65_DMKNTRTAS|0.004
P16234|Q96A65_TRTASEPSA|0.0
P16234|Q96A65_ASEPSAQLS|0.0
P16234|Q96A65_RRELYSRSG|0.004
P16234|Q96A65_CTAAYRGIV|0.024
P16234|Q96A65_LASRTKSAF|0.0
P16234|Q96A65_SNLSTSQML|0.0
P16234|Q96A65_NLSTSQMLS|0.0
P16234|Q96A65_SQMLSPAQD|0.0
P16234|Q96A65_FARQYYEML|0.527
P16234|Q96A65_ARQYYEMLY|0.485
P16234|Q96A65_YEMLYNTAD|0.411
P16234|Q96A65_HRSQTGVGE|0.0
P16234|O00471_GELKSDVFT|0.0
P16234|O00471_RGEISRMRE|0.0
P16234|O00471_HFKGYSHCV|0.141
P16234|O00471_FNLGTDKQT|0.032
P16234|O00471_TDKQTFLSK|0.0
P16234|O00471_HQKRSIGTG|0.0
P16234|Q8TAG9_ENSESLGTV|0.0
P16234|Q8TAG9_AKRYYSALK|0.402
P16234|Q8TAG9_WVSQYRFCQ|0.401
P16234|Q8TAG9_IKEISMSDL|0.0
P16234|Q8TAG9_EISMSDLKD|0.0
P16234|Q8TAG9_TFSVSLQKQ|0.154
P16234|Q8TAG9_GDEETFENY|0.413
P16234|Q8TAG9_EDNYSPIPV|0.137
P16234|Q8TAG9_SLKFSESLH|0.0
P16234|Q8TAG9_KFSESLHRS|0.0
P16234|Q8TAG9_VNGMSQHM_|0.0
P16234|Q9UPT5_HVISYYHVA|0.525
P16234|Q9UPT5_KAVEYFQDN|0.719
P16234|Q9UPT5_FQDNSPDSP|0.001
P16234|Q9UPT5_YQIRSSQLD|0.279
P16234|Q9UPT5_QIRSSQLDR|0.087
P16234|Q9UPT5_QLDRSIKGL|0.0
P16234|Q9UPT5_HKSSSSSGV|0.0
P16234|Q9UPT5_SGVPYSPAI|0.538
P16234|Q9UPT5_KRPGTIRKA|0.0
P16234|Q9UPT5_LKQYSQHGL|0.057
P16234|Q9UPT5_VKHLSEALN|0.003
P16234|Q9UPT5_PGLITSMET|0.0
P16234|Q9UPT5_GLITSMETI|0.0
P16234|Q8IYI6_AMAMSDSGA|0.224
P16234|Q8IYI6_DSGASRLRR|0.0
P16234|Q8IYI6_VKQLSQQSD|0.0
P16234|Q8IYI6_LSQQSDGDR|0.0
P16234|Q8IYI6_AGFFSTPGG|0.0
P16234|Q8IYI6_PGGASRDGS|0.0
P16234|Q8IYI6_VLEDTKRAL|0.296
P16234|Q8IYI6_EDKPSPPPV|0.0
P16234|Q8IYI6_VFELSPDRS|0.258
P16234|Q8IYI6_ATLLYIHKL|0.327
P16234|Q8IYI6_QVFDSKESL|0.169
P16234|Q8IYI6_DSKESLSTA|0.0
P16234|Q8IYI6_KESLSTAAE|0.08
P16234|Q8IYI6_ESLSTAAEC|0.0
P16234|Q8IYI6_RQNASFLYE|0.438
P16234|Q8NEV8_SFRSSFASL|0.0
P16234|Q8NEV8_GHFYSSGNR|0.0
P16234|Q8NEV8_NMSIYDILR|0.0
P16234|Q8NEV8_LRPGTPREG|0.0
P16234|Q8NEV8_PRTSTIYDM|0.0
P16234|Q8NEV8_TSTIYDMYR|0.451
P16234|Q8NEV8_DMYRTREPR|0.38
P16234|Q8NEV8_NTFGSTSLC|0.0
P16234|Q8NEV8_FGSTSLCFD|0.0
P16234|Q8NEV8_TGHFTARSL|0.0
P16234|Q8NEV8_FTARSLHFP|0.0
P16234|Q8NEV8_RHQQSPKRT|0.0
P16234|Q8NEV8_LRAPSPMEI|0.0
P16234|Q8NEV8_PADKYVYPR|0.342
P16234|Q8NEV8_DKYVYPRGF|0.305
P16234|Q8NEV8_SQNVYQRVS|0.296
P16234|Q8NEV8_FFSNTFGRS|0.0
P16234|Q8NEV8_QQDSSPVEV|0.063
P16234|Q8NEV8_FSQISDDRR|0.003
P16234|Q8NEV8_RNPQSPNLQ|0.0
P16234|Q8NEV8_PLAKSQPNI|0.0
P16234|Q8NEV8_DLNESISEE|0.0
P16234|Q8NEV8_NESISEEDK|0.0
P16234|Q8NEV8_KMDQTNKAG|0.0
P16234|Q8NEV8_SSKKSPRVF|0.0
P16234|Q8NEV8_TSKMYIPHT|0.021
P16234|Q8NEV8_QEHRTPPSF|0.0
P16234|Q8NEV8_PGHKTSCDS|0.0
P16234|Q8NEV8_TSCDSLDLS|0.0
P16234|Q8NEV8_PVVPSTTVF|0.0
P16234|Q8NEV8_FSRRSPSDK|0.0
P16234|Q8NEV8_ERNDSPVPT|0.0
P16234|Q8NEV8_VKCHSHSPF|0.0
P16234|Q8NEV8_CHSHSPFRN|0.0
P16234|Q8NEV8_RHHISCIEK|0.0
P16234|Q8NEV8_KLSKTESIS|0.0
P16234|Q8NEV8_NSKVSELDT|0.0
P16234|Q8NEV8_LDTIYCTLP|0.396
P16234|Q8NEV8_LPRKSSSFL|0.0
P16234|Q8NEV8_LNKFSPSSP|0.0
P16234|Q8NEV8_FSPSSPESA|0.0
P16234|Q8NEV8_VLSDSALEA|0.0
P16234|Q8NEV8_ERIISPVES|0.0
P16234|Q8NEV8_TFSVSGDED|0.0
P16234|Q8NEV8_SGTPSCENL|0.0
P16234|Q8NEV8_NLAKTPLGD|0.008
P16234|Q8NEV8_LQSETLHTS|0.0
P16234|Q8NEV8_ETLHTSLML|0.0
P16234|Q8NEV8_TRRSSWECT|0.0
P16234|Q8NEV8_ECTGSGRAI|0.0
P16234|Q8NEV8_AIPFTGSGK|0.0
P16234|Q8NEV8_PFTGSGKCP|0.0
P16234|Q8NEV8_AKDVSPRRH|0.001
P16234|Q8NEV8_IFPQSGSRS|0.0
P16234|Q8NEV8_SGAPSPITF|0.0
P16234|Q8NEV8_PAQKSRVSS|0.0
P16234|Q8NEV8_KSRVSSPLA|0.0
P16234|Q8NEV8_QQQRSASSL|0.0
P16234|Q8NEV8_EPHLYRSKS|0.028
P16234|Q8NEV8_YRSKSLKSI|0.0
P16234|Q8NEV8_KSLKSINVH|0.0
P16234|Q8NEV8_GNEFSVNNG|0.0
P16234|Q8NEV8_FRSFSELPS|0.0
P16234|Q8NEV8_RPIDYGIFG|0.0
P16234|Q9Y3B2_GSGTYTRHG|0.0
P16234|Q9Y3B2_TRHGYIFSS|0.0
P16234|Q9Y3B2_CLMKSSENG|0.0
P16234|Q9Y3B2_VHILYVGSM|0.0
P16234|Q9Y3B2_LYVGSMPLK|0.0
P16234|Q9Y3B2_KVEIYKSFR|0.261
P16234|Q01780_PRVLSATSA|0.0
P16234|Q01780_RVMQYHGCR|0.372
P16234|Q01780_DNSNTPFLP|0.022
P16234|Q01780_PQALSKERR|0.0
P16234|Q01780_HGADSDIEW|0.0
P16234|Q01780_SNKQYQLAD|0.128
P16234|Q01780_HYLLYIYDK|0.426
P16234|Q01780_LLYIYDKMR|0.226
P16234|Q01780_ESYGYVLPN|0.439
P16234|Q01780_GVKKSGPLP|0.0
P16234|Q01780_QKQASLFPD|0.0
P16234|Q01780_MFLPSLGHR|0.0
P16234|Q01780_STKIYEISN|0.041
P16234|Q01780_AAEQTAARE|0.213
P16234|Q01780_RERATSDPR|0.062
P16234|Q01780_ERATSDPRT|0.0
P16234|Q01780_DPRTTEQKQ|0.018
P16234|Q01780_EKEFTPYDY|0.506
P16234|Q01780_EFTPYDYSQ|0.503
P16234|Q01780_PNKQTPSGK|0.0
P16234|Q01780_KQTPSGKKC|0.0
P16234|Q01780_VGNKSMSFP|0.025
P16234|Q01780_NKSMSFPTG|0.0
P16234|Q01780_MSFPTGKSD|0.0
P16234|Q01780_PTGKSDRGF|0.0
P16234|Q9NQT5-2_VQAISSRL_|0.0
P16234|Q9NQT5-2_QAISSRL__|0.0
P16234|Q9NPD3_EIRGSRARA|0.0
P16234|Q9NPD3_ATFSTGERK|0.0
P16234|Q9NPD3_GDRKSCEMG|0.0
P16234|Q9NPD3_VREASILLG|0.0
P16234|Q9NQT4_LMSSTKGLY|0.015
P16234|Q5RKV6_LRPVYARAG|0.002
P16234|Q15024_DIELSDDPY|0.018
P16234|Q15024_CIRLSVENV|0.0
P16234|Q15024_PCIVTLCKI|0.0
P16234|Q15024_VGKGSLDPE|0.0
P16234|Q15024_LDPESIFEM|0.049
P16234|Q96B26_EPLEYYRRF|0.43
P16234|Q96B26_KKKSYLNIR|0.406
P16234|Q06265__MKETPLSN|0.005
P16234|Q06265_PVPLSIHHM|0.0
P16234|Q06265_DLEDSEKED|0.0
P16234|Q06265_GVEVSDIGS|0.0
P16234|Q06265_KKIRTQTTS|0.0
P16234|Q06265_EKAPSKKPV|0.388
P16234|Q06265-2_PIILSDSEE|0.0
P16234|Q06265-2_ILSDSEEEE|0.0
P16234|O43592_QAIETKVAL|0.0
P16234|O43592_RRVFSSTLQ|0.0
P16234|O43592_RNLLTPLME|0.0
P16234|O14980_SGQITQVKS|0.0
P16234|O14980_STLIYKFLN|0.001
P16234|O14980_FRNVSLKCL|0.003
P16234|O14980_LYRESPFST|0.0
P16234|O14980_RRQLYLPML|0.0
P16234|O14980_KDTDSINLY|0.0
P16234|O14980_THLDYVDTE|0.188
P16234|O14980_RFLVTVIKD|0.0
P16234|O14980_KQLGSILKT|0.0
P16234|O14980_SILKTNVRA|0.0
P16234|O14980_PEVLSTMAI|0.0
P16234|O14980_GGHITAEIP|0.0
P16234|O14980_DFEEYPEHR|0.38
P16234|P55060_HEFKSNELW|0.359
P16234|P55060_ALPLTNLFK|0.0
P16234|P55060_LFKATIELC|0.0
P16234|P55060_KLLQTDDEE|0.0
P16234|P55060_ELLKSQICD|0.0
P16234|P55060_FEDNSEEYI|0.197
P16234|P55060_NSEEYIRRD|0.074
P16234|P55060_DLEGSDIDT|0.0
P16234|P55060_SDIDTRRRA|0.0
P16234|P55060_IFSGYVNSM|0.419
P16234|P55060_DAAIYLVTS|0.425
P16234|P55060_PDLKSANVN|0.009
P16234|P55060_FKALTLPGS|0.0
P16234|P55060_TLPGSSENE|0.0
P16234|P55060_LPGSSENEY|0.0
P16234|P55060_SENEYIMKA|0.23
P16234|P55060_LWERTGNIP|0.0
P16234|P55060_KFIKSFLVF|0.0
P16234|P55060_FINLYCIKY|0.398
P16234|P55060_IQKVSGNVE|0.001
P16234|P55060_QTAFSQLAF|0.0
P16234|P55060_GRVPSMVST|0.0
P16234|Q9C0E2_FLLTYVLQR|0.373
P16234|Q9C0E2_LGRHYIAMF|0.018
P16234|Q9C0E2_LLKPTESWR|0.0
P16234|Q9C0E2_KPTESWRET|0.0
P16234|Q9C0E2_SFGRSAALE|0.0
P16234|Q9C0E2_DDMVYMEAY|0.38
P16234|Q9C0E2_YMEAYDKLL|0.128
P16234|Q9C0E2_QILGSPGEK|0.0
P16234|Q9C0E2_EKASSIPGY|0.121
P16234|Q9C0E2_SIPGYNRTD|0.227
P16234|Q9C0E2_NRTDSVIRL|0.037
P16234|Q9HAV4_DPNSTQRYR|0.158
P16234|Q9HAV4_VTFQTLPPQ|0.224
P16234|Q9HAV4_QFLRSSTQM|0.0
P16234|Q9HAV4_STQMTWGAL|0.0
P16234|Q9HAV4_FPSKTDSPS|0.0
P16234|Q9HAV4_FDFDSDEDF|0.384
P16234|Q9HAV4_RHACSSIIK|0.0
P16234|Q9HAV4_HACSSIIKM|0.0
P16234|Q9HAV4_QFKNYERQK|0.438
P16234|Q9HAV4_FVVGYTSSG|0.005
P16234|Q9HAV4_VGYTSSGNP|0.0
P16234|Q9HAV4_GYTSSGNPI|0.0
P16234|Q9HAV4_ALIRTHNTL|0.0
P16234|Q9HAV4_RTHNTLYAP|0.252
P16234|Q9HAV4_HNTLYAPEM|0.358
P16234|Q9HAV4_AEPFTKALD|0.0
P16234|Q9HAV4_PLFTYLHMR|0.119
P16234|Q9HAV4_KNLPSLFKK|0.0
P16234|Q9HAV4_LFKKTKPML|0.0
P16234|Q96QU8_IMLKTTSEE|0.0
P16234|Q96QU8_MLKTTSEEL|0.0
P16234|Q96QU8_LKTTSEELA|0.0
P16234|Q96QU8_GDLLSNLLQ|0.0
P16234|Q96QU8_VNGSSQNCV|0.0
P16234|Q96QU8_LRDLSSLLQ|0.0
P16234|Q96QU8_NDALTVVER|0.0
P16234|Q96QU8_HRQNTQQFV|0.0
P16234|Q96QU8_QQFVTLIST|0.0
P16234|Q96QU8_VTLISTTMD|0.0
P16234|Q96QU8_PLDDTKLII|0.0
P16234|Q96QU8_IIHQTLSVL|0.0
P16234|Q96QU8_SGESTKSRQ|0.0
P16234|Q9UIA9_CKQLYETTD|0.404
P16234|Q9UIA9_EFTNSPDCL|0.0
P16234|Q9UIA9_FLQDSVEYC|0.54
P16234|Q9UIA9_DSVEYCIIG|0.264
P16234|Q9UIA9_NQADTTHPL|0.0
P16234|Q9UIA9_KIASSFRDS|0.303
P16234|Q9UIA9_FDIFTLSCN|0.543
P16234|Q9UIA9_AKFLSHLVD|0.0
P16234|Q9UIA9_ENPQSLSDP|0.0
P16234|Q9UIA9_FRKIYIGDQ|0.386
P16234|Q9UIA9_TMVLSVFIG|0.0
P16234|Q9UIA9_LSIGYSSVR|0.27
P16234|Q9UIA9_SKMITMYGN|0.423
P16234|Q9UIA9_LNQESDRFL|0.0
P16234|Q9UIA9_YGVNSNDMM|0.445
P16234|Q9UIA9_NDMMS____|0.0
P16234|Q16394_IAESYQNIL|0.272
P16234|Q16394_AIEGSRFYT|0.397
P16234|Q16394_TNDYSMVLT|0.331
P16234|Q93063_LPADSPIPE|0.0
P16234|Q92935_RILASIEGS|0.0
P16234|Q92935_AVPLTVIDG|0.0
P16234|Q9UBQ6_MPLRYSNIM|0.0
P16234|Q9UBQ6_PLRYSNIMI|0.0
P16234|Q9UBQ6_NIMISQFGF|0.0
P16234|O43909__MTGYTMLR|0.438
P16234|O43909_TEHSYKELM|0.452
P16234|O43909_AVQDSKLDQ|0.0
P16234|O43909_FLLRSLSDS|0.002
P16234|O43909_LRSLSDSDL|0.106
P16234|Q99502_GSSESPSGP|0.0
P16234|Q99502_SDGKSRGRG|0.001
P16234|Q99502_PPPDSDLER|0.207
P16234|O00167_SKRSSDPSP|0.0
P16234|O00167_GLIGTPKRE|0.0
P16234|Q99504_ATQTYGLPP|0.311
P16234|Q99504_AQRLSSGDP|0.0
P16234|Q99504_QRLSSGDPS|0.007
P16234|Q99504_SLSQTTPSK|0.0
P16234|Q99504_LSQTTPSKD|0.0
P16234|Q99504_QTTPSKDTD|0.0
P16234|Q99504_PSKDTDDQS|0.005
P16234|Q99504_KADATSSQD|0.001
P16234|Q99504_DATSSQDSE|0.0
P16234|O95677__MEDSQDLN|0.071
P16234|O95677_LNEQSVKKT|0.0
P16234|O95677_SVKKTCTES|0.003
P16234|O95677_TCTESDVSQ|0.0
P16234|O95677_DVSQSQNSR|0.0
P16234|O95677_QSQNSRSME|0.0
P16234|O95677_QDLASPHTL|0.0
P16234|O95677_ASPHTLVGG|0.0
P16234|O95677_GGGDTPGSS|0.0
P16234|O95677_VITSSGYSP|0.0
P16234|O95677_SSGYSPRSA|0.0
P16234|O95677_YSPRSAHQY|0.057
P16234|O95677_AHQYSPQLY|0.088
P16234|O95677_IEGLTDSWL|0.0
P16234|O95677_ISTRSNCIN|0.0
P16234|Q5T1H1_MVFHSSFIN|0.0
P16234|Q5T1H1_INGKTCRRQ|0.0
P16234|Q5T1H1_ITCLTPIFQ|0.0
P16234|Q5T1H1_SAKHSLLSS|0.0
P16234|Q5T1H1_QTCATCSMT|0.0
P16234|Q5T1H1_VPSQTISSD|0.0
P16234|Q5T1H1_SQTISSDLM|0.0
P16234|Q5T1H1_QTISSDLMN|0.0
P16234|Q5T1H1_DLMNSDLTS|0.0
P16234|Q5T1H1_SDLTSKMTT|0.0
P16234|Q5T1H1_PDWPYFTDY|0.349
P16234|Q5T1H1_YFTDYMTSL|0.149
P16234|Q5T1H1_NGQKYTLLI|0.0
P16234|Q5T1H1_SRGATCISL|0.0
P16234|Q5T1H1_ATCISLPHG|0.0
P16234|Q5T1H1_LPHGYTCFC|0.426
P16234|Q92800_QREQSLHSF|0.0
P16234|Q92800_RCFKYDCFL|0.348
P16234|Q92800_TPNVYKRKN|0.438
P16234|Q92800_KEGDSDRDT|0.0
P16234|Q92800_KQKASPAPP|0.0
P16234|Q92800_LMNPSQKKK|0.0
P16234|Q92800_KYMSSFLFN|0.0
P16234|Q92800_NPNCYAKVV|0.39
P16234|Q15910_TGKKSEKGP|0.0
P16234|Q15910_VKSEYMRLR|0.166
P16234|Q15910_DDKESRPPR|0.0
P16234|Q15910_PPECTPNID|0.012
P16234|Q15910_QREQSLHSF|0.0
P16234|Q15910_PFHATPNTY|0.263
P16234|Q15910_ATPNTYKRK|0.384
P16234|Q15910_LPNNSSRPS|0.0
P16234|Q15910_PSTPTINVL|0.003
P16234|Q15910_NVLESKDTD|0.001
P16234|Q15910_AGTETGGEN|0.0
P16234|Q15910_KDETSSSSE|0.0
P16234|Q15910_DETSSSSEA|0.0
P16234|Q15910_TSSSSEANS|0.0
P16234|Q15910_SEANSRCQT|0.036
P16234|Q15910_RLIGTKTCR|0.002
P16234|Q15910_NPNCYAKVM|0.412
P16234|Q15910_RAIQTGEEL|0.0
P16234|Q15910-2_GEIISQDEA|0.0
P16234|Q86X51_QDCRSPHEV|0.0
P16234|Q86X51_TLVASALRR|0.0
P16234|Q86X51_RRRASGPGP|0.0
P16234|Q86X51_HRSTSTTPG|0.0
P16234|Q86X51_RRSLSGSAD|0.002
P16234|Q86X51_SLSGSADEN|0.0
P16234|Q86X51_FQSRSGSPD|0.0
P16234|Q86X51_PEVPSRASP|0.0
P16234|Q86X51_PSRASPPVW|0.0
P16234|Q86X51_MRASSPSPP|0.0
P16234|Q86X51_ASSPSPPGR|0.0
P16234|Q86X51_SPSRSPGLS|0.0
P16234|Q86X51_SPGLSPSSP|0.0
P16234|Q86X51_GLSPSSPSP|0.0
P16234|Q86X51_LSPSSPSPE|0.0
P16234|Q86X51_PSSPSPEFL|0.0
P16234|Q86X51_LGLRSISTP|0.0
P16234|Q86X51_LRSISTPSP|0.0
P16234|Q86X51_RSISTPSPE|0.0
P16234|P15311_KGFPTWLKL|0.0
P16234|P15311_EGILSDEIY|0.0
P16234|P15311_SDEIYCPPE|0.284
P16234|P15311_KFGDYNKEV|0.369
P16234|P15311_EVHKSGYLS|0.162
P16234|P15311_GYLSSERLI|0.244
P16234|P15311_DLEMYGINY|0.052
P16234|P15311_YGINYFEIK|0.443
P16234|P15311_GFPWSEIRN|0.0
P16234|P15311_IRNISFNDK|0.0
P16234|P15311_DFVFYAPRL|0.441
P16234|P15311_NHELYMRRR|0.259
P16234|P15311_RKPDTIEVQ|0.005
P16234|P15311_KRRETVERE|0.0
P16234|P15311_YEEKTKKAE|0.371
P16234|P15311_DQIKSQEQL|0.0
P16234|P15311_ELAEYTAKI|0.211
P16234|P15311_LAEYTAKIA|0.07
P16234|P15311_HLVMTAPPP|0.033
P16234|P15311_YEPVSYHVQ|0.371
P16234|P15311_EPVSYHVQE|0.444
P16234|P15311_HVQESLQDE|0.0
P16234|P15311_GAEPTGYSA|0.121
P16234|P15311_EPTGYSAEL|0.072
P16234|P15311_LLTLSSELS|0.0
P16234|P15311_ENKRTHNDI|0.0
P16234|P15311_GRDKYKTLR|0.237
P16234|P15311_RQGNTKQRI|0.0
P16234|P00742_LEVPYVDRN|0.358
P16234|P00742_FCAGYDTKQ|0.448
P16234|P03951_FTSVSGECV|0.0
P16234|P03951_GECVTQLLK|0.0
P16234|P03951_DKVVSGFSL|0.0
P16234|P03951_GGTASVRGE|0.0
P16234|P03951_DCWVTGWGY|0.291
P16234|P03951_TGWGYRKLR|0.0
P16234|P03951_RPGVYTNVV|0.349
P16234|P00748_KEHKYKAEE|0.154
P16234|P00748_FPFQYHRQL|0.157
P16234|P00748_HRQLYHKCT|0.218
P16234|P00748_QPWASEATY|0.122
P16234|P00748_PTTRTPPQS|0.0
P16234|P00748_RLRKSLSSM|0.0
P16234|P00748_RKSLSSMTR|0.0
P16234|P00748_LSSMTRVVG|0.0
P16234|P00488_GQSFYVQID|0.042
P16234|P00488_FRVEYVIGR|0.241
P16234|P00488_VIGRYPQEN|0.309
P16234|P00488_VPIVSELQS|0.0
P16234|P00488_KFRMYVAVW|0.104
P16234|P00488_DTCLYVMDR|0.348
P16234|P00488_KVRGTQVVG|0.0
P16234|P00488_QVVGSDMTV|0.0
P16234|P00488_GSDMTVTVE|0.0
P16234|P00488_DMTVTVEFT|0.403
P16234|P00488_IRPNSTVQW|0.079
P16234|P00488_RPNSTVQWE|0.024
P16234|P00488_IASMSSDSL|0.0
P16234|P00488_QRRPSM___|0.0
P16234|P05160_YECATGYYT|0.407
P16234|P05160_LLHGSNEIT|0.0
P16234|P05160_GEVKYPLCT|0.488
P16234|P05160_GQLKYPRCI|0.005
P16234|P05160_EPLRT____|0.0
P16234|Q96GY3_EAGKTPSDT|0.001
P16234|Q96GY3_QRSNTYVIK|0.004
P16234|Q96GY3_GSEVTNSKS|0.0
P16234|Q96GY3_EVTNSKSRD|0.001
P16234|Q96GY3_TNSKSRDVY|0.318
P16234|Q96GY3_EMQGTPDDE|0.0
P16234|Q96GY3_PSPSTLIYR|0.136
P16234|P55085_VSLTSKKHS|0.0
P16234|P55085_SKKHSRKSS|0.0
P16234|P55085_HSRKSSSYS|0.247
P16234|P55085_SRKSSSYSS|0.413
P16234|P55085_RKSSSYSSS|0.467
P16234|P55085_KSSSYSSSS|0.0
P16234|P55085_SSSYSSSST|0.0
P16234|P55085_SSYSSSSTT|0.001
P16234|P55085_SYSSSSTTV|0.053
P16234|P55085_YSSSSTTVK|0.09
P16234|P55085_SSSSTTVKT|0.0
P16234|P55085_SSSTTVKTS|0.0
P16234|P55085_VKTSY____|0.5
P16234|P13726_ESTGSAGEP|0.0
P16234|P13726_PLNVS____|0.01
P16234|P08709_ADGVSCTPT|0.0
P16234|P00451_RSYKSQYLN|0.432
P16234|P00451_IGRKYKKVR|0.011
P16234|P00451_RFMAYTDET|0.358
P16234|P00451_FMAYTDETF|0.027
P16234|P00451_NSQESSWGK|0.0
P16234|P00451_LFKVSISLL|0.0
P16234|P00451_KTNKTSNNS|0.0
P16234|P00451_TNKTSNNSA|0.0
P16234|P00451_TSNNSATNR|0.0
P16234|P00451_NNSATNRKT|0.057
P16234|P00451_LNHMSNKTT|0.0
P16234|P00451_TKKHTAHFS|0.0
P16234|P00451_QSPLSDCLT|0.0
P16234|P00451_QANRSPLPI|0.0
P16234|P00451_IAKVSSFPS|0.0
P16234|P00451_PIYLTRVLF|0.119
P16234|P00451_SSAKTPSKL|0.0
P16234|P00451_AKTPSKLLD|0.0
P16234|P00451_MEDPTFKEN|0.0
P16234|P00451_YIMDTLPGL|0.021
P16234|P00451_KKEEYKMAL|0.441
P16234|P23610_LARDYTGAL|0.0
P16234|P23610_GPGATPALP|0.0
P16234|Q7L5A8_AHQKSGFGI|0.0
P16234|Q7L5A8_FHTLTPEKP|0.0
P16234|O00519_QKLHSRELA|0.0
P16234|O00519_RDVESLALC|0.0
P16234|O00519_LPRLSAFLS|0.0
P16234|O00519_SAFLSNMKS|0.0
P16234|O00519_MKSRSAGKL|0.0
P16234|O00519_EIEVYRKTV|0.219
P16234|Q6GMR7_VVQAYINRI|0.097
P16234|Q6GMR7_GIVKYRFEE|0.0
P16234|Q6GMR7_AIAKTDATV|0.001
P16234|Q6GMR7_KTDATVVAL|0.0
P16234|Q6GMR7_GKHVSPLWE|0.0
P16234|Q0VG06_REPGSQPAG|0.0
P16234|Q0VG06_LRHPSLILL|0.0
P16234|Q9BTP7_KTRMSEQYF|0.355
P16234|P07148_KNIKSVTEL|0.0
P16234|A6NFH5_GTWKSISCE|0.0
P16234|A6NFH5_WKSISCENS|0.0
P16234|A6NFH5_SCENSEDYM|0.248
P16234|A6NFH5_NSEDYMKEL|0.183
P16234|A6NFH5_ITIKTKSIF|0.0
P16234|A6NFH5_YEKVSSNSV|0.0
P16234|A6NFH5_EKVSSNSVS|0.0
P16234|P12104_RSENYDKFM|0.0
P16234|P12104_VTFNYNLAD|0.002
P16234|P05413_AFLGTWKLV|0.0
P16234|P05413_DYMKSLGVG|0.002
P16234|P05413_TKPTTIIEK|0.0
P16234|P05413_TFKNTEISF|0.0
P16234|P05413_KLILTLTHG|0.001
P16234|P15090_AFVGTWKLV|0.0
P16234|P15090_DGKSTTIKR|0.0
P16234|P15090_GKSTTIKRK|0.0
P16234|Q01469_RLVDSKGFD|0.0
P16234|Q01469_GFDEYMKEL|0.375
P16234|Q01469_DCIITCDGK|0.102
P16234|Q01469_TLKTTQFSC|0.0
P16234|O15540_VVIRTLSTF|0.0
P16234|O15540_RTLSTFKNT|0.018
P16234|O15540_TFKNTEISF|0.0
P16234|O15540_KMVMTLTFG|0.0
P16234|O15540_VMTLTFGDV|0.468
P16234|O15540_AVRHYEKA_|0.018
P16234|Q0Z7S8_WKLVSSENF|0.0
P16234|Q0Z7S8_KPTVTISVD|0.0
P16234|Q0Z7S8_GKMMTIRTE|0.0
P16234|Q0Z7S8_MTIRTESSF|0.0
P16234|Q0Z7S8_IRTESSFQD|0.0
P16234|Q0Z7S8_RKVKSTITL|0.0
P16234|P12259_YSKLSEGAS|0.421
P16234|P12259_SEGASYLDH|0.142
P16234|P12259_EGASYLDHT|0.288
P16234|P12259_YLDHTFPAE|0.032
P16234|P12259_HHKVSAITL|0.004
P16234|P12259_GMQAYIDIK|0.286
P16234|P12259_RDIASGLIG|0.001
P16234|P12259_LICKSRSLD|0.0
P16234|P12259_TVMATRKMH|0.36
P16234|P12259_GRHLSQDTG|0.069
P16234|P12259_LSQDTGSPS|0.0
P16234|P12259_LLKQSNSSK|0.0
P16234|P12259_KEKHTHHAP|0.24
P16234|P12259_VFRKYLDST|0.348
P16234|P12259_KYLDSTFTK|0.366
P16234|P12259_YLDSTFTKR|0.383
P16234|P12259_DSTFTKRDP|0.126
P16234|P12259_AHGLSYEKS|0.448
P16234|P12259_SEGKTYEDD|0.423
P16234|P12259_YEDDSPEWF|0.337
P16234|P12259_KKSWYYEKK|0.336
P16234|P12259_KSWYYEKKS|0.432
P16234|P12259_FKGNSTRNV|0.0
P16234|P12259_SDASTIKEN|0.359
P16234|P12259_SSEMYVKSY|0.449
P16234|P12259_TIHYSEQGV|0.42
P16234|P12259_PPIISRFIR|0.0
P16234|P12259_TWNQSIALR|0.0
P16234|Q13158_ELLASLRRH|0.092
P16234|Q13158_IEDRYPRNL|0.584
P16234|Q13158_PRNLTERVR|0.329
P16234|Q13158_KENATVAHL|0.002
P16234|Q13158_GALRSCQMN|0.16
P16234|Q13158_LQNRSGAMS|0.0
P16234|O95864_DRKVYNITK|0.205
P16234|Q8N9I5_GLGDSSTWR|0.0
P16234|Q8N9I5_LGDSSTWRL|0.0
P16234|Q8N9I5_GDSSTWRLP|0.0
P16234|Q8N9I5_CLNRYVYMF|0.002
P16234|Q8N9I5_NRYVYMFLA|0.372
P16234|Q9UNN5_CHRLTVGRR|0.019
P16234|Q9UNN5_VGRRSSPAQ|0.0
P16234|Q9UNN5_TAEFSSRYG|0.009
P16234|Q9UNN5_AEFSSRYGD|0.0
P16234|Q9UNN5-2_LRIRTPSGE|0.0
P16234|Q9UNN5-2_IRTPSGEFL|0.0
P16234|P16930_YTDFYSSRQ|0.423
P16234|P16930_PIPISKAHE|0.0
P16234|P16930_QKWEYVPLG|0.206
P16234|P16930_SQAATICKS|0.0
P16234|P16930_SWKGTKPID|0.0
P16234|P16930_ALLPS____|0.0
P16234|Q6P587_REMRSAVLS|0.0
P16234|Q6P587_DIILTGTPK|0.227
P16234|Q96GK7_AHDVSARDW|0.001
P16234|Q6P2I3_AHDVSARDW|0.0
P16234|Q9BWQ8_PAVPSAPPS|0.0
P16234|Q9BWQ8_APPSYEEAT|0.39
P16234|Q9BWQ8_YEEATSGEG|0.266
P16234|O60667_ELGGSVTIK|0.0
P16234|O60667_RPRGSPRPR|0.0
P16234|O60667_PRPRSQNNI|0.0
P16234|O60667_QNNIYSACP|0.745
P16234|O60667_TSCEYVSLY|0.545
P16234|Q05397_SSTKTHLGT|0.018
P16234|Q05397_VKSDYMLEI|0.373
P16234|Q05397_FEILSPVYR|0.011
P16234|Q05397_RALPSIPKL|0.0
P16234|Q05397_AVSVSETDD|0.011
P16234|Q05397_SVSETDDYA|0.385
P16234|Q05397_DEEDTYTMP|0.156
P16234|Q05397_EDTYTMPST|0.537
P16234|Q05397_STRDYEIQR|0.405
P16234|Q05397_GIYMSPENP|0.341
P16234|Q05397_CKNCTSDSV|0.0
P16234|Q05397_KNCTSDSVR|0.092
P16234|Q05397_CTSDSVREK|0.504
P16234|Q05397_VRKYSLDLA|0.145
P16234|Q05397_YMEDSTYYK|0.405
P16234|Q05397_MEDSTYYKA|0.15
P16234|Q05397_KAQLSTILE|0.0
P16234|Q05397_QATVSWDSG|0.265
P16234|Q05397_DSGGSDEAP|0.0
P16234|Q05397_SRPGYPSPR|0.483
P16234|Q05397_AMAGSIYPG|0.581
P16234|Q05397_AGSIYPGQA|0.58
P16234|Q05397_QVLPTHLME|0.008
P16234|Q05397_ASLSSPADS|0.001
P16234|Q05397_NLDRSNDKV|0.0
P16234|Q05397_YENVTGLVK|0.452
P16234|Q05397_TLLATVDET|0.0
P16234|Q05397_TVDETIPLL|0.003
P16234|Q05397-2_NQHIYQPVG|0.422
P16234|Q05397-5_NQHIYQPVG|0.274
P16234|Q12830_APPSTSAPG|0.0
P16234|Q12830_PPSTSAPGR|0.0
P16234|Q12830_FRSHSTYSS|0.001
P16234|Q12830_RSHSTYSST|0.011
P16234|Q12830_HSTYSSTPG|0.0
P16234|Q12830_STYSSTPGR|0.0
P16234|Q12830_TYSSTPGRR|0.0
P16234|Q12830_QFLTTNIAR|0.0
P16234|Q12830_EPIGYDRSR|0.0
P16234|Q12830_IEEDTENEN|0.011
P16234|Q12830_FEDQSLEKD|0.0
P16234|Q12830_SDDKTPDDD|0.0
P16234|Q12830_TTNATSEET|0.0
P16234|Q12830_SEETSPSEG|0.0
P16234|Q12830_SEGRSPVGC|0.0
P16234|Q12830_GERESHTPV|0.0
P16234|Q12830_RESHTPVSI|0.0
P16234|Q12830_HTPVSIQEE|0.0
P16234|Q12830_KSEKSNGEL|0.0
P16234|Q12830_NGELSESPG|0.0
P16234|Q12830_QGEISRLST|0.0
P16234|Q12830_QEGKYRVYH|0.412
P16234|Q12830_KYRVYHNQY|0.413
P16234|Q12830_TLRLTITQL|0.001
P16234|Q12830_RLTITQLEN|0.0
P16234|Q12830_HRMTSIERE|0.0
P16234|Q12830_NYRKSLEGT|0.001
P16234|Q12830_NMDESDKRK|0.0
P16234|Q12830_ELLDSDSDK|0.0
P16234|Q12830_LDSDSDKPC|0.0
P16234|Q12830_SPVITKAKE|0.0
P16234|Q12830_EGCQSDSMR|0.0
P16234|Q12830_CQSDSMRQE|0.0
P16234|Q12830_RQEQSPNAN|0.0
P16234|Q12830_VLRMSDPSH|0.0
P16234|Q12830_TNKLYPKDR|0.152
P16234|Q12830_LDDVSIRSP|0.0
P16234|Q12830_SALHSSVPK|0.0
P16234|Q12830_ALHSSVPKS|0.0
P16234|Q12830_SVPKSTNDR|0.0
P16234|Q12830_DRDATPLSR|0.0
P16234|Q12830_ATPLSRAMD|0.0
P16234|Q12830_VSGESTGNC|0.0
P16234|Q12830_HLLSSSDAE|0.0
P16234|Q12830_LLSSSDAEG|0.0
P16234|Q12830_AEGNYRDSL|0.0
P16234|Q12830_NYRDSLETL|0.0
P16234|Q12830_DSLETLPST|0.0
P16234|Q12830_ESDSTQTTT|0.0
P16234|Q12830_SSPITSEEE|0.0
P16234|Q12830_SPITSEEES|0.0
P16234|Q12830_SEEESNLSN|0.0
P16234|Q12830_ESNLSNDFI|0.0
P16234|Q12830_SKRKTVITE|0.0
P16234|Q12830_KTVITEVTT|0.0
P16234|Q12830_ITEVTTMTS|0.0
P16234|Q12830_TEVTTMTST|0.0
P16234|Q12830_VATESKTVI|0.0
P16234|Q12830_VTKLSTPST|0.0
P16234|Q12830_TKLSTPSTG|0.0
P16234|Q12830_STGGSVDII|0.0
P16234|Q12830_DSLTTTGGT|0.0
P16234|Q12830_SMTVSKEYS|0.0
P16234|Q12830_SKEYSTRDK|0.0
P16234|Q12830_KKTRSGTAL|0.0
P16234|Q12830_TRSGTALPS|0.0
P16234|Q12830_TALPSYRKF|0.019
P16234|Q12830_YRLQTVKSL|0.0
P16234|Q12830_QTVKSLAGV|0.0
P16234|Q12830_LAGVSLMLR|0.0
P16234|Q12830_GVPETPKET|0.0
P16234|Q12830_TPKETPTPQ|0.0
P16234|Q12830_KETPTPQRK|0.0
P16234|Q12830_TVIATSTTS|0.0
P16234|Q12830_IATSTTSPT|0.0
P16234|Q12830_ATSTTSPTS|0.0
P16234|Q12830_PTSSTTSTI|0.0
P16234|Q12830_TSTISPAQK|0.0
P16234|Q12830_TVIRTPLQQ|0.002
P16234|Q12830_PLQQSTLGK|0.0
P16234|Q12830_AIIRTPVMV|0.0
P16234|Q12830_PNTVSSTPG|0.0
P16234|Q12830_TVSSTPGQK|0.0
P16234|Q12830_LTSATSTSN|0.0
P16234|Q12830_TSATSTSNI|0.0
P16234|Q12830_NIQSSASQP|0.0
P16234|Q12830_TPLATTATT|0.0
P16234|Q12830_TTATTASTT|0.0
P16234|Q12830_TTASTTTTT|0.0
P16234|Q12830_TTTVSTTAA|0.0
P16234|Q12830_TTVSTTAAG|0.0
P16234|Q12830_TVSTTAAGT|0.0
P16234|Q12830_QSKLSPQMQ|0.0
P16234|Q12830_SQPQSNVQG|0.002
P16234|Q12830_VQSPSQTRI|0.0
P16234|Q12830_SPSQTRIRP|0.0
P16234|Q12830_IRPSTPSQL|0.0
P16234|Q12830_PSQLSPGQQ|0.0
P16234|Q12830_VQTTTSQPI|0.0
P16234|Q12830_ASNQSEIIQ|0.0
P16234|Q12830_KQKKSMTPA|0.0
P16234|Q12830_KKSMTPAER|0.0
P16234|Q12830_QVMKYILDK|0.001
P16234|Q12830_APPPSPPPP|0.082
P16234|Q12830_GLLSTPTLP|0.0
P16234|Q12830_ISTTSKETK|0.0
P16234|Q12830_DAPDYYGVI|0.065
P16234|Q12830_VQRRYYEKL|0.19
P16234|Q12830_QRRYYEKLT|0.261
P16234|Q12830_YEKLTEFVA|0.217
P16234|Q12830_VADMTKIFD|0.003
P16234|Q12830-2_PPPTSGPIG|0.0
P16234|Q12830-2_GGLRSRHRG|0.0
P16234|Q12830-2_TVSSTPGQK|0.0
P16234|Q12830-4_TVSSTPGQK|0.0
P16234|Q12830-4_RIRPSTPSQ|0.0
P16234|Q12830-4_IRPSTPSQL|0.0
P16234|Q12830-4_PSQLSPGQQ|0.0
P16234|Q12830-4_QVQTTTSQP|0.0
P16234|Q12830-4_QTTTSQPIP|0.0
P16234|Q8TB05_RLKASESFH|0.0
P16234|Q8TB05_KASESFHSG|0.0
P16234|Q8TB05_ESFHSGGSG|0.0
P16234|Q8TB05_HSGGSGSPM|0.0
P16234|Q8IYN6____MSVNMD|0.0
P16234|Q8N5W9_GVLDSPDSG|0.027
P16234|Q8N5W9_GLPPSPSPS|0.0
P16234|Q8N5W9_PPSPSPSHW|0.0
P16234|Q8N5W9_SPSPSHWGL|0.009
P16234|Q8N5W9_PAAPSPASL|0.0
P16234|Q8N5W9_PSPASLPLA|0.0
P16234|Q8N5W9_TTIVYPKYP|0.425
P16234|Q8N5W9_VYPKYPKAV|0.472
P16234|Q8N5W9_PKAVYTTTL|0.43
P16234|Q8N5W9_TTLDYNCRK|0.408
P16234|Q8N5W9_RRFLSSVEL|0.0
P16234|Q8N5W9_ELPGSDDLS|0.142
P16234|Q969W3_TEGYSPPAA|0.0
P16234|Q969W3_GRRNTTPSV|0.0
P16234|Q969W3_RRNTTPSVP|0.0
P16234|Q969W3-2_AFCASSGSD|0.0
P16234|Q96BN8_ERGASEPRL|0.0
P16234|Q96BN8_TQKATCMKM|0.0
P16234|Q96BN8_AIELYNDKE|0.383
P16234|Q96BN8_VPFFSVLLF|0.031
P16234|Q96BN8_TIQVYRLSK|0.444
P16234|Q9H098_QKKKSDLEI|0.0
P16234|Q9H098-2_PRHPSAEGA|0.174
P16234|Q5VST6_ARYESAAVI|0.002
P16234|Q5VST6_VILHSPLTS|0.0
P16234|Q5VST6_KQFVSQELV|0.032
P16234|Q6PCB6_EPTYTVLAP|0.232
P16234|Q6PCB6_ADWQYSQRE|0.428
P16234|Q6PCB6_SYDYSGYGV|0.375
P16234|Q6PCB6_DYSGYGVSS|0.319
P16234|Q6ICB4_LNERSVAHY|0.0
P16234|Q6ICB4_GFLRTWGGP|0.0
P16234|Q6ICB4_GGPGTPPTP|0.0
P16234|Q6ICB4_GTPPTPSGT|0.0
P16234|Q6ICB4_PPTPSGTGR|0.0
P16234|Q6ICB4_NLLFSFESR|0.0
P16234|Q6ICB4_FSFESREGR|0.0
P16234|Q6ICB4_QRRSSWKSV|0.0
P16234|Q6ICB4_GHCLSKDSS|0.0
P16234|Q6ICB4_SKDSSPVGL|0.0
P16234|Q6ICB4_QGPASLLLG|0.0
P16234|Q6ICB4_QSPVSPETS|0.0
P16234|Q9BQ89_VHTLSPGAP|0.0
P16234|Q9BQ89_RVPGYLLRG|0.231
P16234|Q9BQ89_ARKPSAVER|0.0
P16234|Q9BQ89_QPLFSPETR|0.0
P16234|Q9BQ89_ETRRTVLTP|0.0
P16234|Q9BQ89_RTVLTPSRR|0.0
P16234|Q9BQ89_DSPVSPAEA|0.0
P16234|Q9BQ89_PPPATPPRP|0.0
P16234|Q9BQ89_PLPASPARP|0.0
P16234|Q9BQ89_RPCPSPGPA|0.0
P16234|Q9BQ89_KSDLSERFS|0.0
P16234|Q9BQ89_ARASSDIVS|0.0
P16234|Q9BQ89_AGPGSSEGG|0.0
P16234|Q9BQ89_GPGSSEGGC|0.0
P16234|Q9BQ89_CSRRSSVTV|0.0
P16234|Q9BQ89_SRRSSVTVE|0.0
P16234|Q8TC76_VKPVSPAGT|0.0
P16234|Q8TC76_KGPDYFRRQ|0.354
P16234|Q8TC76_PKRLSAVER|0.0
P16234|Q8TC76_RALGSPTLK|0.0
P16234|Q8TC76_LHRHSFAES|0.0
P16234|Q8TC76_SFAESLKVY|0.0
P16234|Q8TC76_QGRRSPQEG|0.0
P16234|Q8TC76_ASMKSPEAD|0.0
P16234|Q8TC76_SRRPSLQRS|0.0
P16234|Q8TC76_QRSKSDLSD|0.0
P16234|Q8TC76_KSDLSDRYF|0.0
P16234|Q8TC76_LSDRYFRVD|0.001
P16234|Q8TC76_SDIISLNFR|0.0
P16234|Q8TC76_LNFRSASMI|0.0
P16234|Q8TC76_FRSASMISS|0.0
P16234|Q1W6H9_PARRSAVER|0.0
P16234|Q1W6H9_DRAKYVRGR|0.292
P16234|Q1W6H9_LRPDSLIIY|0.0
P16234|Q1W6H9_SLIIYRQKC|0.0
P16234|Q1W6H9_GPRASLVKK|0.0
P16234|Q1W6H9_ETVPTTPGP|0.0
P16234|Q1W6H9_TVPTTPGPA|0.0
P16234|Q1W6H9_GLQRSQSDL|0.0
P16234|Q1W6H9_QRSQSDLSS|0.0
P16234|Q1W6H9_ATSGSGFSR|0.0
P16234|Q1W6H9_GSGFSRHSG|0.0
P16234|Q1W6H9_FSRHSGGDD|0.0
P16234|Q96PZ2_KIEHYFSPV|0.364
P16234|Q96PZ2_FSPVSKEQQ|0.373
P16234|Q96PZ2_QRFHSPKKN|0.277
P16234|Q96PZ2_KLKLTHSEN|0.001
P16234|Q96PZ2_KLTHSENSS|0.074
P16234|Q96PZ2_HSENSSLYM|0.407
P16234|Q96PZ2_SAAASQNPE|0.0
P16234|Q96PZ2_KKAESPEYV|0.385
P16234|Q96PZ2_ESPEYVHMY|0.451
P16234|Q96PZ2_YQNETRSII|0.399
P16234|Q96PZ2_VEMMSDEDL|0.151
P16234|Q6SJ93___MNSMKTE|0.0
P16234|Q6SJ93_NSMKTEENK|0.138
P16234|Q6SJ93_EENKSFSAM|0.0
P16234|Q6SJ93_KCSSTFKLK|0.0
P16234|Q6SJ93_VFTAYGKPS|0.0
P16234|Q6SJ93_SESIYSALS|0.0
P16234|Q6SJ93_KQNESATDE|0.0
P16234|Q6SJ93_RIRNYYFCS|0.455
P16234|Q6SJ93_IRNYYFCSL|0.364
P16234|Q6SJ93_YYFCSLPRK|0.0
P16234|Q6SJ93_LPRKYRQIN|0.45
P16234|Q6SJ93_IMHQYPNFK|0.0
P16234|Q6SJ93_RMNLSPAKQ|0.0
P16234|Q6SJ93_ENLDYAILK|0.0
P16234|Q6SJ93_TGLIYLIGH|0.0
P16234|Q6SJ93_NESLYKSLN|0.0
P16234|Q6SJ93_KLETYDEEK|0.0
P16234|Q9H1Q7_DSLLTAAQL|0.0
P16234|Q9H1Q7_DLSRYGRCS|0.0
P16234|Q9H1Q7_SMESYRENL|0.001
P16234|Q9H1Q7_RLIHTYKLD|0.0
P16234|Q9H1Q7_LIHTYKLDR|0.001
P16234|Q8IWE2____MSDDAG|0.0
P16234|Q8IWE2_IDSVSLEAE|0.0
P16234|Q8IWE2_QEQNYLAVD|0.0
P16234|Q8IWE2_DSPPSGGGW|0.0
P16234|Q8IWE2_AGWGSWGKS|0.0
P16234|Q8IWE2_SWGKSLLSS|0.0
P16234|Q8IWE2_SLLSSASAT|0.0
P16234|Q8IWE2_AQPNTENGV|0.0
P16234|Q8IWE2_RGMLSAITN|0.0
P16234|Q8IWE2_VLAESDPGF|0.0
P16234|Q8IWE2_GFKRTKTLM|0.0
P16234|Q8IWE2_KRTKTLMER|0.0
P16234|Q8IWE2_TVSLSQMLR|0.0
P16234|Q8IWE2_HVAATPDKL|0.0
P16234|Q8IWE2_EEKKTKTIE|0.0
P16234|Q8IWE2_KKTKTIEEV|0.0
P16234|Q8IWE2_SKKFTNSLT|0.0
P16234|Q9NRY5____MSDKDD|0.0
P16234|Q9NRY5_DDIETPLLT|0.0
P16234|Q9NRY5_DVPQTRWGY|0.436
P16234|Q9NRY5_TRWGYWGSW|0.48
P16234|Q9NRY5_ATVATVGQG|0.0
P16234|Q9NRY5_NRNATLSQV|0.0
P16234|Q9NRY5_KETFSLAEF|0.0
P16234|Q9Y4C2_VKMFSHQVQ|0.0
P16234|Q9Y4C2_IMKLYLLTQ|0.001
P16234|Q9Y4C2_LYLLTQMPH|0.298
P16234|A6NFQ2_MLRGSGLPA|0.0
P16234|A6NFQ2_LPAVSRENP|0.005
P16234|A6NFQ2-3_KHPITVEIN|0.0
P16234|Q9C073_APAGSPRAG|0.0
P16234|Q9C073_PLRATIPFQ|0.0
P16234|Q9C073_RRTFSLDTI|0.0
P16234|Q9C073_QTPLSWQEL|0.0
P16234|Q9C073_AHKRSASWG|0.0
P16234|Q9C073_ASWGSTDHR|0.0
P16234|Q9C073_SWGSTDHRK|0.004
P16234|Q9C073_ASPPSFPSG|0.0
P16234|Q9C073_PSFPSGSPV|0.0
P16234|Q9C073_VLRLSPCLH|0.0
P16234|Q9C073_MSLASPQPC|0.0
P16234|Q9C073_DKASSPGHP|0.0
P16234|Q9C073_LEDGSPSPV|0.0
P16234|Q9C073_DGSPSPVLA|0.0
P16234|Q9C073_AFAASPRPN|0.0
P16234|Q9C073_EEATSPGPD|0.0
P16234|Q9C073_RNCPSNPGS|0.001
P16234|Q9C073_SNPGSPLPP|0.0
P16234|Q9C073_LPPASPRPP|0.0
P16234|Q6P1L5_PMRATVPFQ|0.0
P16234|Q6P1L5_AAARTSPTV|0.0
P16234|Q6P1L5_RTSPTVATQ|0.0
P16234|Q6P1L5_PTVATQTGA|0.0
P16234|Q6P1L5_SPTRSAAPG|0.0
P16234|Q6P1L5_GARGSPPRP|0.0
P16234|Q6P1L5_LGTVSSPSS|0.0
P16234|Q6P1L5_GTVSSPSSS|0.0
P16234|Q6P1L5_HRRRSPEQS|0.0
P16234|Q6P1L5_SPEQSRSSP|0.0
P16234|Q6P1L5_QSRSSPEKR|0.0
P16234|Q6P1L5_PEKRSPSAP|0.0
P16234|Q6P1L5_KRSPSAPVC|0.0
P16234|Q6P1L5_TRQPSSSPS|0.0
P16234|Q6P1L5_RQPSSSPSS|0.0
P16234|Q6P1L5_SSSPSSIIR|0.0
P16234|Q6P1L5_SSPSSIIRR|0.0
P16234|Q6P1L5_LAAPYLAGH|0.0
P16234|Q6P1L5_KATQTESAW|0.0
P16234|Q6P1L5_AEEYSEKKK|0.0
P16234|Q6P1L5_KKKGSHKRS|0.0
P16234|Q6P1L5_ASWGSTDQL|0.0
P16234|Q6P1L5_SWGSTDQLK|0.0
P16234|Q6P1L5_KERQSPFHG|0.0
P16234|Q6P1L5_RFRNSVEGL|0.0
P16234|Q6P1L5_VQRSSSTRS|0.0
P16234|Q6P1L5_QRSSSTRSI|0.0
P16234|Q6P1L5_RSSSTRSID|0.0
P16234|Q6P1L5_IDTQTPGGA|0.0
P16234|Q6P1L5_ADRGSNNSS|0.0
P16234|Q6P1L5_SQSVSPTSF|0.0
P16234|Q6P1L5_PLPKYATSP|0.0
P16234|Q6P1L5_PKYATSPKP|0.0
P16234|Q6P1L5_FEECSPKQL|0.0
P16234|Q6P1L5_VSRGTSTVM|0.0
P16234|Q6P1L5_SRGTSTVMP|0.0
P16234|Q6P1L5_TVMPSASLL|0.0
P16234|Q9NWS6_GIEVSKKRT|0.0
P16234|Q9NWS6_SKKRTQSDT|0.0
P16234|Q9NWS6_KRTQSDTDD|0.0
P16234|Q9NWS6_TQSDTDDAG|0.007
P16234|Q9BPY3_KLLPSLKTK|0.0
P16234|Q9BPY3_KMEDSGKQL|0.004
P16234|Q9BPY3_KVISYGDDY|0.0
P16234|Q9BPY3_YGDDYADLP|0.0
P16234|Q9NZB2_GFQDYIEKH|0.001
P16234|Q9NZB2_RPPQTPLRL|0.0
P16234|Q9NZB2_QQIVSHVQN|0.0
P16234|Q9NZB2_IQDTSDLDA|0.0
P16234|Q9NZB2_RAIGYYSAT|0.0
P16234|Q9NZB2_AIGYYSATS|0.184
P16234|Q9NZB2_SKPMSFHPP|0.038
P16234|Q9NZB2_HPPHYLAAR|0.01
P16234|Q9NZB2_TEQNSYSNI|0.0
P16234|Q9NZB2_EQNSYSNIP|0.227
P16234|Q9NZB2_QNSYSNIPH|0.003
P16234|Q9NZB2_EGKHTPLYE|0.0
P16234|Q9NZB2_HTPLYERSS|0.408
P16234|Q9NZB2_NPAQSGSPN|0.0
P16234|Q9NZB2_EKTGSHSEP|0.0
P16234|Q9NZB2_TGSHSEPQA|0.0
P16234|Q9NZB2_KAEGSSTAS|0.0
P16234|Q9NZB2_AEGSSTASS|0.0
P16234|Q9NZB2_EGSSTASSG|0.0
P16234|Q9NZB2_SSTASSGSQ|0.0
P16234|Q9NZB2_STASSGSQL|0.0
P16234|Q9NZB2_ASSGSQLAE|0.0
P16234|Q9NZB2_EGKGSQMGT|0.0
P16234|Q9NZB2_PCLLSMPTR|0.0
P16234|Q9NZB2_PPEFSPVII|0.0
P16234|Q9NZB2_YKGKSPQTP|0.0
P16234|Q9NZB2_CVLRYMVQW|0.256
P16234|Q9NZB2_AQALSPKLY|0.0
P16234|Q9NZB2_FSRQSHTLP|0.0
P16234|Q9NZB2_RQSHTLPFP|0.0
P16234|Q9NZB2_VAAASGHCG|0.0
P16234|Q9NZB2_CGAFSGSDS|0.0
P16234|Q9NZB2_AFSGSDSSR|0.0
P16234|Q9NZB2_SGSDSSRTS|0.0
P16234|Q9NZB2_RTSKSQGGV|0.0
P16234|Q9NZB2_QPIPSQGGK|0.0
P16234|Q9NZB2_EIAGTVVGH|0.0
P16234|Q9NZB2_PVIRTFGRG|0.0
P16234|Q9NZB2_RGGRYYGRG|0.349
P16234|Q9NZB2_GGRYYGRGY|0.241
P16234|Q9NZB2_GRPPYAASA|0.445
P16234|Q9NZB2_KELKSKSGE|0.0
P16234|Q9NZB2_LKSKSGESK|0.0
P16234|Q9NZB2_KSGESKSSA|0.0
P16234|Q9NZB2_QMNGSTGDA|0.0
P16234|Q9NZB2_MNGSTGDAR|0.0
P16234|Q9NZB2_ARAPSHSES|0.0
P16234|Q9NZB2_APSHSESAL|0.0
P16234|Q9NZB2-6_PFQLYLQKN|0.399
P16234|Q9NZB2-6_HGHISGNKI|0.0
P16234|Q5T036_RAGGTRCPQ|0.0
P16234|Q5T036_VSKKTTKPP|0.0
P16234|Q5T036_SKKTTKPPT|0.0
P16234|Q96EK7_VPMCSDAES|0.03
P16234|Q96EK7_EVPVYTDSE|0.417
P16234|Q96EK7_VPVYTDSEP|0.392
P16234|Q96EK7_VPMCSDPEP|0.245
P16234|Q96EK7_VPMYTDSEP|0.356
P16234|Q96EK7_EVPMYTGSE|0.361
P16234|Q96EK7_VPMYTGSEP|0.398
P16234|Q96EK7_EVPMYTGPE|0.546
P16234|Q96EK7_VPMYTGPES|0.363
P16234|Q96EK7_PLQMTIPGG|0.0
P16234|Q96EK7_IPGGTPSLK|0.0
P16234|Q96EK7_GGTPSLKIL|0.0
P16234|Q96EK7_LQPDYINPR|0.25
P16234|Q96EK7_VRGLTTLVL|0.0
P16234|Q96EK7_VLVNSACGF|0.299
P16234|Q96EK7_AHWGSHHAG|0.0
P16234|Q96EK7_HRTGSGYSR|0.318
P16234|Q9NX05_ARTVSRQQQ|0.0
P16234|Q9NX05_AARGSVPLQ|0.0
P16234|Q9NX05_RDRGSWAQP|0.0
P16234|Q9NX05_HELDTFLAQ|0.0
P16234|Q9NX05_RGRGSFGMQ|0.0
P16234|Q9NX05_MQVVSVGGP|0.003
P16234|Q9NX05_GVSKSLELH|0.0
P16234|Q9NX05_GRSRSQVNG|0.0
P16234|Q9NX05_LPAPSQCAL|0.0
P16234|Q9NX05_QCALSRDSN|0.0
P16234|Q9NX05_LSRDSNECN|0.0
P16234|Q9NX05_NGNRYLPMN|0.186
P16234|Q96E09_EGGGSGGGG|0.0
P16234|Q96E09_AEAPSARRN|0.0
P16234|Q96E09_RRNSTTFPS|0.0
P16234|Q96E09_RNSTTFPSR|0.0
P16234|Q96E09_VRMHSSRLH|0.0
P16234|Q96E09_RMHSSRLHQ|0.0
P16234|Q96E09_KQCFSPSLQ|0.0
P16234|Q96E09_CFSPSLQSF|0.0
P16234|Q96E09_PSLQSFVSS|0.0
P16234|Q96E09_GLPPSPIPS|0.0
P16234|Q96E09_SPIPSPTTR|0.0
P16234|Q96E09_IPSPTTRFT|0.0
P16234|Q96E09_PSPTTRFTT|0.0
P16234|Q96E09_CIRPSVLGP|0.0
P16234|Q96E09_METEYQPKR|0.0
P16234|Q6P4D5_RRVNSAPLI|0.0
P16234|Q6P4D5-3_RNRRSLEIT|0.0
P16234|Q8N7J2_GTMPSIFGV|0.0
P16234|Q8N7J2_PVDASKAGG|0.021
P16234|Q8N7J2_VKEETPRAA|0.285
P16234|Q8N7J2_HPGDTGARG|0.213
P16234|Q8N7J2_KPALSKKNP|0.0
P16234|Q8N7J2_DNEETSSLS|0.018
P16234|Q8N7J2_TSSLSRLKP|0.0
P16234|Q8N944_VGSASFPGS|0.0
P16234|Q8N944_SFPGSPGSR|0.0
P16234|Q8N944_RMIDYRHFV|0.002
P16234|Q8N944_AVAKSIPRK|0.0
P16234|Q8N944_AEGKSLPSP|0.001
P16234|Q8N944_QNEASDFTR|0.0
P16234|Q8N944_ASDFTRFWD|0.0
P16234|Q8N944_RDPRSGSKA|0.0
P16234|Q8N944_PESVSTSDE|0.0
P16234|Q8N944_SDEGYYDSF|0.317
P16234|Q8N944_ELAITMGIV|0.0
P16234|Q8N944_TWPCSQKEP|0.0
P16234|Q86V42_ILRRSPSQK|0.0
P16234|Q86V42_RRSPSQKKA|0.0
P16234|Q86V42_FPIFSNLDV|0.0
P16234|Q86V42_DIQFSLKRL|0.0
P16234|Q86V42_QRSKSLFCL|0.0
P16234|Q86V42_VSAYSAPSR|0.0
P16234|Q9H5Z6_SPVKYCEKS|0.44
P16234|Q9H5Z6_LTSVSAKRT|0.0
P16234|Q9H5Z6_QGKRSQGHS|0.0
P16234|Q9H5Z6_SQGHSLELP|0.0
P16234|Q9H5Z6_LPEPSGSPT|0.0
P16234|Q9H5Z6_NRENSFQKL|0.0
P16234|Q96EY5_VVDKSPLPL|0.0
P16234|Q96EY5_PLGFSPVCD|0.0
P16234|Q96EY5_DSKASVSKK|0.103
P16234|Q96EY5_LDAASQPSK|0.0
P16234|Q96EY5_ERTASRLGS|0.0
P16234|Q96EY5_SRLGSRAST|0.0
P16234|Q96EY5_SRASTLRRN|0.0
P16234|Q96EY5_YEASSLYGI|0.0
P16234|Q96EY5_ASSLYGISA|0.091
P16234|Q96EY5_FEGKSCSPL|0.217
P16234|Q96EY5_IEEEYNYGF|0.079
P16234|Q96EY5_EEYNYGFVV|0.444
P16234|Q9H7P6_NRAPTGYDV|0.0
P16234|Q9H7P6_APPQYTFIG|0.327
P16234|Q9H7P6_MGIWYRMGR|0.251
P16234|Q9H7P6_NHDSSQPTT|0.0
P16234|Q9H7P6_PTTPSQSSA|0.145
P16234|Q9H7P6_SSAASTPAP|0.0
P16234|Q9H7P6_PRHISLTLP|0.0
P16234|Q9H7P6_HISLTLPAT|0.0
P16234|Q9H7P6_TLPATFRGR|0.001
P16234|Q9H7P6_HSNLYAISA|0.236
P16234|Q8IXS8_VPALYKVIQ|0.263
P16234|Q8IXS8_RDRQSNGCI|0.0
P16234|Q8IXS8_LSKPSIYHE|0.381
P16234|Q8IXS8_KPSIYHEPS|0.0
P16234|Q8IXS8_VPRISRTAI|0.0
P16234|Q8IXS8_TAITTASIR|0.0
P16234|Q8IXS8_GTKPSSSSQ|0.0
P16234|Q8IXS8_TKPSSSSQR|0.0
P16234|Q8IXS8_KPSSSSQRG|0.0
P16234|Q8IXS8_SQRGSLRKV|0.0
P16234|Q8IXS8_KSSESPRDS|0.0
P16234|Q8IXS8_SPRDSVVRK|0.013
P16234|Q8IXS8_VRKQYVQQP|0.224
P16234|Q8IXS8_PTDLSVDSV|0.0
P16234|Q8IXS8_LSVDSVELT|0.0
P16234|Q8IXS8_SVELTPMKK|0.0
P16234|Q8IXS8_SSSKSFDYV|0.0
P16234|Q8IXS8_NANRYSTVS|0.378
P16234|Q8IXS8_ANRYSTVSL|0.016
P16234|Q8IXS8_NRYSTVSLQ|0.0
P16234|Q8IXS8_KELLSPGAP|0.0
P16234|Q8IXS8_KQSRSPSFN|0.0
P16234|Q8IXS8_SRSPSFNMQ|0.0
P16234|O15255_SLRASLPLE|0.0
P16234|O15255_LRSCSLPRS|0.0
P16234|Q96TA1_GLVLYENKA|0.0
P16234|Q96TA1_AVINSAGYK|0.341
P16234|Q96TA1_YKILTSVDQ|0.065
P16234|Q96TA1_SVDQYLELI|0.0
P16234|Q96TA1_LIGNSLPGT|0.0
P16234|Q96TA1_SLPGTTAKS|0.0
P16234|Q96TA1_LPGTTAKSG|0.025
P16234|Q96TA1_AKSGSAPIL|0.0
P16234|Q96TA1_QIITSKEHL|0.0
P16234|Q96TA1_KLGEYMEKL|0.003
P16234|Q96TA1_SRLAYHPLK|0.359
P16234|Q96TA1_FDVSSTSVF|0.0
P16234|Q96TA1_VSSTSVFKQ|0.0
P16234|Q96TA1_DNAVYTFET|0.286
P16234|Q96TA1_YTFETLLHQ|0.028
P16234|Q96TA1_VLKKYDYDS|0.397
P16234|Q96TA1_YDYDSSSVR|0.366
P16234|Q96TA1_KHNLYRDSM|0.085
P16234|Q96TA1_SSPSSHPAL|0.0
P16234|Q14507_HMFIYSLWF|0.141
P16234|Q14507_MFIYSLWFK|0.0
P16234|Q14507_NEKGSDRYR|0.32
P16234|Q14507_HWEKYNNRY|0.433
P16234|Q14507_NNRYTESRS|0.0
P16234|Q14507_RYTESRSFS|0.171
P16234|P56851_MKQHYLSPS|0.386
P16234|P56851_QHYLSPSRE|0.065
P16234|P56851_YLSPSREFR|0.0
P16234|Q8WYN3_DDEVSSSES|0.0
P16234|Q8WYN3_DEVSSSESA|0.0
P16234|Q8WYN3_EVSSSESAD|0.0
P16234|Q8WYN3_HFTPSSILK|0.0
P16234|Q8WYN3_SVRQYTLGE|0.311
P16234|Q8WYN3_QPLPTKKRR|0.086
P16234|Q8WYN3_PAENSLSLA|0.0
P16234|Q8WYN3_ENSLSLAEK|0.001
P16234|Q6UXB0_MPMISVLGK|0.0
P16234|Q6UXB0_TCQTSRRVS|0.0
P16234|Q86XD5_LKRNSNAYG|0.007
P16234|Q86XD5_LAKSSFSGI|0.0
P16234|Q86XD5_KSSFSGISR|0.0
P16234|Q86XD5_GISRSMKDH|0.0
P16234|Q86XD5_KDHVTKPTA|0.0
P16234|Q86XD5_VTKPTAMGQ|0.0
P16234|Q86XD5_QPQHSHESV|0.0
P16234|Q86XD5_ATGSYLGPA|0.0
P16234|Q86XD5_SRKVSDVTS|0.0
P16234|Q96AQ9_AALATSSLV|0.0
P16234|Q4G0M1_VAGFYALAA|0.489
P16234|Q4G0M1_ALAATLHVA|0.0
P16234|Q8N9E0_NRVAYMNPI|0.23
P16234|Q8N9E0_EKLLSGNES|0.0
P16234|Q8N9E0_SGNESSSKK|0.0
P16234|Q8N9E0_SSSSSSSSD|0.0
P16234|Q8N9E0_KDVRSLSKK|0.071
P16234|Q8N9E0_VRSLSKKRK|0.133
P16234|Q8N9E0_RKKSYPDDK|0.392
P16234|Q8N9E0_DKPLSSESS|0.002
P16234|Q8N9E0_SSSESDYEE|0.195
P16234|Q5BKY9_NRVAYMNPI|0.0
P16234|Q5BKY9_AMARSRGPI|0.0
P16234|Q5BKY9_SESSSKKRQ|0.0
P16234|Q5BKY9_EKKKSGRYS|0.0
P16234|Q5BKY9_KSGRYSSSS|0.0
P16234|Q5BKY9_SGRYSSSSS|0.0
P16234|Q5BKY9_RYSSSSSSS|0.0
P16234|Q5BKY9_SSSSSSSSD|0.0
P16234|Q5BKY9_SSSSSSSDS|0.0
P16234|Q5BKY9_SSSSSSDSS|0.0
P16234|Q5BKY9_SSSSSDSSS|0.0
P16234|Q5BKY9_SSSDSSSSS|0.0
P16234|Q5BKY9_SDSSSSSSD|0.0
P16234|Q5BKY9_DSSSSSSDS|0.0
P16234|Q5BKY9_SSSSSSDSE|0.0
P16234|Q5BKY9_SSSSSDSED|0.0
P16234|Q5BKY9_SLSESEYIE|0.0
P16234|Q5BKY9_SESEYIEEV|0.0
P16234|Q8NC44_EEPHSDSEG|0.0
P16234|Q8NC44_IQRMYTRLE|0.003
P16234|Q8NC44_MQLDYSMKA|0.337
P16234|Q8NC44_VSRATTPQL|0.0
P16234|Q8NC44_SRATTPQLT|0.0
P16234|Q8NC44_TPQLTDVSE|0.0
P16234|Q8NC44_LTDVSEDLD|0.0
P16234|Q8NC44_PQALSRQAL|0.0
P16234|Q8NC44_NGAGSPPDG|0.0
P16234|Q9H6L5_QAPPSPPPP|0.0
P16234|Q9H6L5_DKEKSHKDD|0.0
P16234|Q9H6L5_HKDDSELDF|0.0
P16234|Q9H6L5_ELDFSALCP|0.0
P16234|Q9H6L5_CPKISLTVA|0.0
P16234|Q9H6L5_TFNLSEGYT|0.01
P16234|Q9H6L5_LSEGYTPQT|0.0
P16234|Q9H6L5_SEGYTPQTD|0.242
P16234|Q9H6L5_EEVFSRDLS|0.0
P16234|Q9H6L5_SRDLSDFPS|0.0
P16234|Q9H6L5_SDFPSLENG|0.0
P16234|Q9H6L5_NGMGTNDED|0.0
P16234|Q9H6L5_EDELSLGLP|0.0
P16234|Q9H6L5_QQALSQAAP|0.0
P16234|Q9H6L5_QNKKSSGFL|0.0
P16234|Q9H6L5_NKKSSGFLS|0.0
P16234|Q9H6L5_SGFLSNLLG|0.0
P16234|Q86VR2_PASGSTFRG|0.0
P16234|Q86VR2_ASGSTFRGR|0.0
P16234|Q86VR2_SVRGYMMSK|0.008
P16234|Q86VR2_GYMMSKQRE|0.0
P16234|Q86VR2_LDDSTVARE|0.0
P16234|Q86VR2_TFNLSRGQT|0.001
P16234|Q86VR2_EDDTSIGMP|0.0
P16234|Q86VR2_PSLMYRSPP|0.009
P16234|Q86VR2_APPASRDEA|0.0
P16234|Q86VR2_QSELSQLDP|0.0
P16234|Q9P2D6_QNKDSVIPT|0.0
P16234|Q9P2D6_PTLESVVFG|0.0
P16234|Q9P2D6_AGLSSPELK|0.0
P16234|Q9P2D6_IKQNSKDSV|0.0
P16234|Q9P2D6_KSTASNDLI|0.0
P16234|Q9P2D6_KLDISQDDS|0.0
P16234|Q9P2D6_HVVVSGDTI|0.0
P16234|Q9P2D6_HLNDSKTVL|0.0
P16234|Q9P2D6_KGFQSPDKS|0.0
P16234|Q9P2D6_SPDKSNNST|0.0
P16234|Q9P2D6_KSNNSTGTA|0.0
P16234|Q9P2D6_EETDYSALD|0.44
P16234|Q9P2D6_INAHYTSRD|0.0
P16234|Q9P2D6_NAHYTSRDE|0.002
P16234|Q9P2D6_EERLTKSEK|0.0
P16234|Q9P2D6_RLTKSEKIN|0.0
P16234|Q9P2D6_EKINSDYLR|0.003
P16234|Q9P2D6_INSDYLRDG|0.017
P16234|Q9P2D6_KKSGSLLQL|0.0
P16234|Q9P2D6-3_FQILYKNEE|0.0
P16234|Q9P2D6-3_KLDISQDDS|0.0
P16234|Q49AJ0_QRGYYQIRV|0.031
P16234|Q49AJ0_TLKVSSRIP|0.0
P16234|Q49AJ0_LKVSSRIPH|0.0
P16234|Q49AJ0_PHRLSASIA|0.0
P16234|Q49AJ0_TSRRSPGPE|0.0
P16234|Q49AJ0_SDKTTLHEL|0.0
P16234|Q49AJ0_PRTRSLHRA|0.002
P16234|Q49AJ0_ALEETPKGM|0.0
P16234|Q49AJ0_IMDDTAFNR|0.0
P16234|Q49AJ0_DEEVSERMF|0.0
P16234|Q49AJ0_ADFDTMTDR|0.0
P16234|Q49AJ0_FDTMTDRLL|0.0
P16234|Q49AJ0_ALPNTANTL|0.0
P16234|Q96C01_EAVESMVKS|0.0
P16234|Q96C01_CCEDSQASM|0.003
P16234|O94988_RSEGSIQAH|0.0
P16234|O94988_RRRQSKEQD|0.005
P16234|O94988_KRQKSSTKL|0.0
P16234|O94988_FEWMSDERK|0.0
P16234|O94988_QHFESPTMK|0.041
P16234|O94988_HPSLSDTKQ|0.0
P16234|O94988_DQEESFVSE|0.0
P16234|O94988_ENSDSDEAH|0.0
P16234|O94988_EAHLSPQAG|0.0
P16234|O94988_LDEDSDPML|0.0
P16234|O94988_SPRFYAYGQ|0.555
P16234|O94988_RFYAYGQSR|0.468
P16234|O94988_AYGQSRQYL|0.271
P16234|O94988_EVPPSPPNS|0.0
P16234|O94988_PNSHSFMRR|0.003
P16234|O94988_MRRRSSSLG|0.0
P16234|O94988_EEKKYRPSH|0.392
P16234|O94988_KLKISEEDL|0.0
P16234|O94988_MRQRSNTLP|0.0
P16234|O94988_QRSNTLPKS|0.0
P16234|O94988_PIIGSPSSK|0.0
P16234|O94988_GSPSSKRRS|0.0
P16234|O94988_SKRRSPLLQ|0.0
P16234|O94988_IEGETASFF|0.0
P16234|O94988_EEEGSEDDS|0.0
P16234|O94988_SKRDTDSKS|0.0
P16234|O94988_RDTDSKSM_|0.0
P16234|Q9NYF5_EREEYLLFD|0.219
P16234|Q9NYF5_EAQLSPQAG|0.0
P16234|Q9NYF5_IRRSSFSSK|0.0
P16234|Q9NYF5_SKPSYSDIA|0.466
P16234|Q9NYF5_PRSNTLPKS|0.188
P16234|Q9NYF5_PVLGSPSTK|0.0
P16234|Q9NYF5_VLEEYREYK|0.15
P16234|Q8NE31_EVLISKQDV|0.0
P16234|Q8NCU7_RRKESLLLG|0.0
P16234|Q8NCU7_PRAHTYGGG|0.012
P16234|Q8NCU7_RAHTYGGGG|0.0
P16234|Q8NCU7_RRAGSQSPA|0.0
P16234|Q8NCU7_AGSQSPARA|0.0
P16234|Q8NCU7_LRAESPAGG|0.0
P16234|Q8NCU7_LRQCSTVVG|0.0
P16234|Q8NCU7_RQCSTVVGR|0.047
P16234|Q8NCU7_VVGRSRKAS|0.0
P16234|A5PLN7_LDLGSLLAK|0.0
P16234|A5PLN7_LAPDSPSAS|0.0
P16234|A5PLN7_WTRRSLHLR|0.0
P16234|A5PLN7_VLRGTKLPT|0.0
P16234|A5PLN7_QTSRSRFPP|0.0
P16234|A5PLN7_PPLVTETRG|0.0
P16234|A5PLN7_LVTETRGQN|0.0
P16234|A5PLN7_RGQNTAVPG|0.0
P16234|A5PLN7_LSRPSTTHT|0.0
P16234|A5PLN7_TPRKSSLTQ|0.0
P16234|Q96BN6_ISRYTRKAV|0.0
P16234|Q96BN6_LEEISPTSD|0.0
P16234|Q96BN6_DELLYEQKL|0.0
P16234|Q96BN6_LYPRSPSAV|0.0
P16234|Q96BN6_KLHFSSSYA|0.0
P16234|Q96BN6_LHFSSSYAH|0.0
P16234|Q96BN6_AHKASSIAK|0.0
P16234|Q96BN6_HKASSIAKS|0.0
P16234|Q96BN6_QKLGYPPIA|0.0
P16234|Q96BN6_IAPFYCMKE|0.001
P16234|Q8WW52_PNRTYTQAM|0.0
P16234|Q8WW52_PQRVTFPVR|0.0
P16234|Q8WW52_QSERYSLTL|0.0
P16234|Q6UXP7_RYSLTIWTG|0.0
P16234|Q6UXP7_KQVFYDILE|0.0
P16234|Q9UHL3_ILSETLPGS|0.0
P16234|Q9UHL3_PKKKTRKPS|0.097
P16234|Q9UHL3_TRKPSKKSR|0.002
P16234|P0C7A2_EKPITYHWY|0.0
P16234|P0C7A2_TYHWYHWHP|0.0
P16234|P0C7A2_PGHIYPRVA|0.001
P16234|P0C7A2_ILSETLPGS|0.0
P16234|P0C7A2_PKKKTRKPS|0.0
P16234|P0C7A2_TRKPSKKSR|0.0
P16234|Q8IYX7_TQKQSYRGL|0.005
P16234|Q8IYX7_QKQSYRGLM|0.003
P16234|Q8IYX7_RFEGSSTTK|0.0
P16234|Q658L1_VPEEYKPKQ|0.037
P16234|Q658L1_DTVPTYKDD|0.0
P16234|Q658L1_YSVEYTPKR|0.261
P16234|Q8NDB6_RNPASPSKS|0.0
P16234|Q8NDB6_PASPSKSSP|0.0
P16234|C9JC47_AFRFSAGSG|0.0
P16234|C9JC47_FSAGSGCGR|0.0
P16234|C9JC47_CGRPSSNKM|0.0
P16234|C9JC47_GRPSSNKML|0.0
P16234|C9JC47_TQPPSPQLL|0.0
P16234|P0CG42_TQPPSPQLL|0.0
P16234|P0CG43_TQPPSPQLL|0.0
P16234|Q9Y3B6_QRLNTQITQ|0.0
P16234|Q9Y3B6_NTQITQWVG|0.0
P16234|Q9Y3B6_WVGPTNGNG|0.0
P16234|A6NKW6_SGYYSLNQS|0.001
P16234|A6NKW6_SLNQSFVEP|0.0
P16234|Q05DH4_QQAVSLQGV|0.0
P16234|Q05DH4_SCSGTTTPT|0.0
P16234|Q05DH4_TTTPTVEEK|0.0
P16234|Q05DH4_HMMLSQRWA|0.0
P16234|Q3B820_SSLQTPVNP|0.0
P16234|Q3B820_IREDSLSDS|0.016
P16234|Q3B820_EDPEYKKKF|0.492
P16234|Q3B820_FLPLYHDLV|0.002
P16234|Q3B820_ERRRSLKEK|0.0
P16234|Q3B820_EEELYRNLR|0.405
P16234|Q3B820_HLQNSSPLP|0.0
P16234|Q3B820_LQNSSPLPC|0.0
P16234|Q3B820_VRCPTPDFE|0.0
P16234|Q3B820_LPERYQKHL|0.066
P16234|Q3B820_DLHASPHAS|0.0
P16234|Q3B820_SPHASIKRE|0.0
P16234|Q3B820_WPYLSPRRK|0.429
P16234|Q3B820_RMREYQREL|0.0
P16234|Q3B820_ALGISDEFV|0.0
P16234|Q3B820_KVLEYFNNQ|0.0
P16234|Q3B820_EDKESFNEE|0.032
P16234|Q3B820_ANEESEEEK|0.0
P16234|Q3B820-3_QKLLTTRAK|0.001
P16234|Q96MY7_EDLESFFQD|0.0
P16234|Q96MY7_PFRMTLREA|0.0
P16234|Q96MY7_QMASSPIAS|0.0
P16234|Q96MY7_IASSSNRAN|0.0
P16234|Q96MY7_SRSLSGLAS|0.0
P16234|Q96MY7_SGLASLSAN|0.0
P16234|Q96MY7_LSANTLPVH|0.0
P16234|Q96MY7_RAKEYKKEL|0.001
P16234|Q96MY7_EQPASPRKV|0.0
P16234|Q96A26_LAAGSCFRL|0.0
P16234|Q96A26_KPQESPGAP|0.0
P16234|Q96A26_ILIWSGRFK|0.0
P16234|Q96A26_QRHETLTSL|0.0
P16234|Q5T6X4_RAVGSLLRL|0.0
P16234|Q96GL9_APTYYKEGG|0.43
P16234|Q96GL9_APQSYPVTW|0.336
P16234|P0C2L3_RSISTDV__|0.0
P16234|Q53FD0_KQDSYEQGD|0.0
P16234|Q53FD0_EQGDSSQQS|0.0
P16234|Q53FD0_REDETWGRS|0.0
P16234|Q53FD0_KGPASAKAE|0.0
P16234|Q6J272_PEPHYVPGY|0.402
P16234|A8MTA8_IPGYTGFVP|0.0
P16234|A8MTA8-2_KFFMSGTAG|0.0
P16234|A8MTA8-2_FMSGTAGIW|0.0
P16234|A8MTA8-2_AEALTRQCP|0.0
P16234|Q96KS9____MSVPQI|0.0
P16234|Q96KS9_TRRPSYLEW|0.0
P16234|Q9BTA0_TRRPSYLEW|0.0
P16234|Q92567_MNPVYSPVQ|0.411
P16234|Q92567_NPVYSPVQP|0.166
P16234|Q92567_ENRTYQASS|0.01
P16234|Q92567_RAQGTPAYS|0.309
P16234|Q92567_GTPAYSYVP|0.389
P16234|A1KXE4_AVPPYSSSP|0.068
P16234|A1KXE4_SPNPYQTAV|0.418
P16234|A1KXE4_TPTYSYVPP|0.393
P16234|A1KXE4_PTYSYVPPQ|0.362
P16234|Q9Y6X4_RVVLYVLNR|0.452
P16234|Q9Y6X4_LGLRYPLSS|0.376
P16234|Q9Y6X4_KRPMSGEYG|0.0
P16234|Q9Y6X4_MSGEYGPAS|0.001
P16234|Q9Y6X4_YGPASVPEY|0.015
P16234|Q9Y6X4_SVPEYEART|0.384
P16234|Q9Y6X4_RFQDSEFSS|0.0
P16234|Q9Y6X4_DSEFSSSQG|0.0
P16234|Q9Y6X4_SEFSSSQGE|0.0
P16234|Q9Y6X4_EFSSSQGED|0.0
P16234|Q9Y6X4_DEKTSQTSL|0.0
P16234|Q9Y6X4_TSQTSLTAS|0.0
P16234|Q9Y6X4_NKLESTARP|0.0
P16234|Q9Y6X4_KLESTARPS|0.0
P16234|Q9Y6X4_TARPSESSE|0.0
P16234|Q9Y6X4_RPSESSEEF|0.0
P16234|Q9Y6X4_PSESSEEFL|0.0
P16234|Q9Y6X4_EDESSDRDA|0.0
P16234|Q9Y6X4_IMDDSLKTS|0.0
P16234|Q9Y6X4_EEEDSTSEV|0.0
P16234|Q9Y6X4_EEDSTSEVL|0.0
P16234|Q9Y6X4_SSEDSTNLV|0.0
P16234|Q9Y6X4_APDKTPRIP|0.0
P16234|Q9Y6X4_MDEGTSDEK|0.0
P16234|Q9Y6X4_AHLGSSDNV|0.0
P16234|Q9Y6X4_VATMSNEER|0.0
P16234|Q9Y6X4_QKNQSEEQS|0.0
P16234|Q9Y6X4_SEEQSEASS|0.0
P16234|Q9Y6X4_QSEASSEQL|0.0
P16234|Q9Y6X4_SEASSEQLD|0.0
P16234|Q9Y6X4_AVDSSSEEI|0.0
P16234|Q9Y6X4_VDSSSEEIE|0.0
P16234|A1A519_VRVGTPPSD|0.0
P16234|A1A519_GTPPSDVST|0.0
P16234|A1A519_RNLLSDSEP|0.019
P16234|A1A519_HEERTESDS|0.0
P16234|A1A519_ERTESDSLP|0.0
P16234|A6NMN3_FEPVTRKPR|0.0
P16234|Q5VUB5_LPERSATLM|0.0
P16234|Q5VUB5_TLMVYEDVV|0.01
P16234|Q5VUB5_KRDQSTSMS|0.0
P16234|Q5VUB5_LSVTSHGRP|0.0
P16234|Q5VUB5_MLKLSYSTS|0.0
P16234|Q5VUB5_LKLSYSTSQ|0.001
P16234|Q5VUB5_KLSYSTSQE|0.0
P16234|Q5VUB5_EELLSCKEE|0.0
P16234|Q5VUB5_EEDKSQISF|0.0
P16234|Q5VUB5_NLTPSGTLG|0.0
P16234|Q5VUB5_TPSGTLGKD|0.0
P16234|Q5VUB5_DYHKSVEVF|0.0
P16234|Q5VUB5_EREGYESSG|0.189
P16234|Q5VUB5_GYESSGNDD|0.0
P16234|Q5VUB5_GNDDYRGSY|0.001
P16234|Q5VUB5_YRGSYNTVL|0.367
P16234|Q5VUB5_NTVLSQPLF|0.0
P16234|Q5VUB5_DRRPTECMM|0.0
P16234|Q5VUB5_MMSRSVDHL|0.0
P16234|Q5VUB5_LICCSSVDQ|0.0
P16234|Q5VUB5_ICCSSVDQV|0.0
P16234|Q5VUB5_QVNDSVYRK|0.004
P16234|Q5VUB5_NDSVYRKVL|0.0
P16234|Q5VUB5_IPAHYMKLP|0.0
P16234|Q5VUB5_GDHSYVSQP|0.0
P16234|Q5VUB5_HSYVSQPLV|0.0
P16234|Q5VUB5_AWFVSLDGR|0.0
P16234|Q5VUB5_HVRHSYIDL|0.0
P16234|Q5VUB5_VRHSYIDLQ|0.002
P16234|Q5VUB5_ADAPSEPAA|0.0
P16234|A8MVW0_KLQLSGPSD|0.0
P16234|A8MVW0_RDQATSMSQ|0.0
P16234|A8MVW0_DQATSMSQL|0.0
P16234|A8MVW0_ATSMSQLHL|0.0
P16234|A8MVW0_GPLHSAFSS|0.0
P16234|A8MVW0_RDLASSRDD|0.0
P16234|A8MVW0_PRSASRPAA|0.0
P16234|A8MVW0_AAEPSGARG|0.0
P16234|A8MVW0_KGARSAEGP|0.0
P16234|A8MVW0_ARPPSLGQA|0.0
P16234|A8MVW0_KDNVYRNVM|0.417
P16234|A8MVW0_IPAHYVRLG|0.0
P16234|A8MVW0_AWFVSLDGR|0.0
P16234|A8MVW0_LDGRSNSQV|0.0
P16234|A8MVW0_QVRHSYIDL|0.0
P16234|A8MVW0_VRHSYIDLQ|0.069
P16234|A8MVW0_TGLCSPEDN|0.0
P16234|A8MVW0_PEDNSLTPL|0.0
P16234|A8MVW0_RDSLTSPED|0.0
P16234|Q6P995_ERNITKLEV|0.0
P16234|Q6P995_KRDQTTSTT|0.0
P16234|Q6P995_TTSTTHINH|0.0
P16234|Q6P995_INHISTVKV|0.0
P16234|Q6P995_NHISTVKVA|0.0
P16234|Q6P995_AEDKSQLFN|0.0
P16234|Q6P995_NQNNYSRNP|0.44
P16234|Q6P995_NLSSSLGDA|0.0
P16234|Q6P995_DEKRYLTGN|0.0
P16234|Q6P995_NEEAYGRSH|0.07
P16234|Q6P995_GQLVYGQLM|0.137
P16234|Q6P995_NFTQTLPKM|0.0
P16234|Q6P995_QVRHSFIDL|0.0
P16234|Q6P995_AKRDSKTNI|0.055
P16234|Q8WUF8_NQKRYEALG|0.0
P16234|Q8WUF8_LKKVSIPVD|0.0
P16234|Q8WUF8_IHVQSSSDS|0.0
P16234|Q8WUF8_HVQSSSDSS|0.0
P16234|Q8WUF8_VQSSSDSSD|0.0
P16234|Q8WUF8_SSSDSSDEP|0.0
P16234|Q8WUF8_SSDSSDEPA|0.0
P16234|Q8WUF8_MMQLYIREN|0.044
P16234|Q8WUF8_TSWKSFPSI|0.0
P16234|Q8WUF8_VTRRSHRIK|0.0
P16234|Q8TBP5_LMVVSGAVL|0.0
P16234|Q8TBP5_AVLVYFVVR|0.489
P16234|Q8TBP5_NMELTPLEQ|0.0
P16234|Q3ZCQ3_GGSGSSSSN|0.0
P16234|Q3ZCQ3_SSNSSGDAL|0.0
P16234|Q3ZCQ3_YDIITTPAE|0.0
P16234|Q3ZCQ3_DIITTPAER|0.0
P16234|Q9NVM1_DPRSSTLEP|0.0
P16234|Q9NVM1_PRSSTLEPE|0.0
P16234|Q9NVM1_DEEDTVTRL|0.0
P16234|Q9NVM1_EDTVTRLGP|0.0
P16234|Q9NVM1_GPDDTLPGP|0.0
P16234|Q9NVM1_VNVFTSAEE|0.0
P16234|Q9NVM1_NVFTSAEEL|0.0
P16234|Q9NVM1_TLGPSPTAT|0.0
P16234|Q9NVM1_TATGTLGRM|0.0
P16234|Q8N128_AVAASGAAA|0.0
P16234|Q8N128_AFGESAGQM|0.0
P16234|Q8N128_TWGPYLWFY|0.0
P16234|Q8N128_YLWFYMLRA|0.0
P16234|Q8N128_LGISTPKYQ|0.0
P16234|Q8N128_PKYQYAIDE|0.0
P16234|Q8N128_AIDEYYRMK|0.0
P16234|Q8N128_IDEYYRMKK|0.0
P16234|Q8N128_AEKQYQQNK|0.0
P16234|Q8IX21_PGFPSSPAP|0.0
P16234|Q8IX21_GFPSSPAPG|0.0
P16234|Q8IX21_PAPGSSPPR|0.0
P16234|Q8IX21_APGSSPPRC|0.0
P16234|Q8IX21_DRKQSIIDF|0.0
P16234|Q8IX21_HMLDSPQKS|0.0
P16234|Q8IX21_SNIKYGGSR|0.0
P16234|Q8IX21_GSRLSITGT|0.0
P16234|Q8IX21_PPEKSPIIE|0.0
P16234|Q8IX21_KKHRSPERR|0.0
P16234|Q8IX21_ERRKSLFIH|0.0
P16234|Q8IX21_DRGKTNADS|0.0
P16234|Q8IX21_TNADSKKQT|0.224
P16234|Q8IX21_SSRSSLSRH|0.0
P16234|Q8IX21_RSSLSRHHP|0.0
P16234|Q8IX21_HPEESPLGA|0.0
P16234|Q8IX21_KRSSSDSWE|0.0
P16234|Q8IX21_SWEPTSAGS|0.008
P16234|Q8IX21_RKRNSVDSD|0.002
P16234|Q8IX21_PSDETDGSS|0.0
P16234|Q8IX21_ETDGSSAGL|0.0
P16234|Q8IX21_TDGSSAGLA|0.0
P16234|Q8IX21_IKKASNLQK|0.0
P16234|Q8IX21_LPLLSRVPS|0.0
P16234|Q8IX21_PSAGSSLVP|0.0
P16234|Q8IX21_ERSSSKECS|0.0
P16234|Q8IX21_SKECSGHST|0.0
P16234|Q8IX21_CSGHSTEST|0.0
P16234|Q8IX21_HSTESTKHK|0.268
P16234|Q8IX21_SEYGTPTKS|0.0
P16234|Q8IX21_TPTKSPPAA|0.0
P16234|Q8IX21_PCIPSPAAP|0.0
P16234|Q8IX21_PAAPSDKAP|0.013
P16234|Q8IX21_DKAPSEGES|0.0
P16234|Q8IX21_LRSQSSDYT|0.0
P16234|Q8IX21_RSQSSDYTG|0.006
P16234|Q8IX21_SSDYTGHVH|0.004
P16234|Q8IX21_EMEDTQRLD|0.002
P16234|Q8IXR5_RRPCSPASA|0.0
P16234|Q8IXR5_CSPASAPAP|0.0
P16234|Q8IXR5_APAPTSPKK|0.0
P16234|Q8IXR5_PAPTSPKKP|0.0
P16234|Q8IXR5_MTSRSRRLR|0.004
P16234|Q6ZUX3_LRALSLGDQ|0.0
P16234|Q6ZUX3_GLAASSRAS|0.0
P16234|Q6ZUX3_VPLHSTIPR|0.0
P16234|Q6ZUX3_IPRATSQRL|0.0
P16234|Q6ZUX3_KMQKSLGAI|0.0
P16234|Q6ZUX3_PKARTVAAT|0.0
P16234|Q6ZUX3_TVAATPSRV|0.0
P16234|Q6ZUX3_PREKTPASL|0.0
P16234|Q6ZUX3_KTPASLEPK|0.0
P16234|Q6ZUX3_KPLASPIRD|0.0
P16234|Q6ZUX3_KEIGTKIQV|0.0
P16234|Q6ZUX3_GTRDSTDML|0.0
P16234|Q6ZUX3_TRDSTDMLV|0.0
P16234|Q6ZUX3_LMANTKFDA|0.0
P16234|Q6ZUX3_WALESFAKM|0.0
P16234|Q6ZUX3_SIIITVADN|0.0
P16234|Q9Y4F4_DLCFSRKRV|0.0
P16234|Q9Y4F4_GKTGSVGSD|0.0
P16234|Q9Y4F4_GSVGSDLQF|0.0
P16234|Q9Y4F4_PLIISPKKS|0.0
P16234|Q9Y4F4_SDLESPDSA|0.0
P16234|Q9Y4F4_PTFGSKPCP|0.044
P16234|Q9Y4F4_TRLSSAKKK|0.0
P16234|Q9Y4F4_KEKNSWERM|0.0
P16234|Q9Y4F4_AAFHSEILN|0.0
P16234|Q9Y4F4_EILNTKLHE|0.0
P16234|Q9Y4F4_KNLRSGVSR|0.0
P16234|Q9Y4F4_RSGVSRAAV|0.0
P16234|Q9Y4F4_SSSVSRDAF|0.0
P16234|Q9Y4F4_DAFNSAERA|0.0
P16234|Q9Y4F4_VREVTRKSV|0.0
P16234|Q9Y4F4_ESAEYLKLI|0.331
P16234|Q9Y4F4_NQAASQPPH|0.0
P16234|Q6P0A1_LHAASEAEE|0.0
P16234|Q8N9Y4_VNLASSDIK|0.0
P16234|Q8N9Y4_NLASSDIKA|0.0
P16234|Q8N9Y4_LKRGSEDRP|0.0
P16234|Q8N9Y4_TTLVSMSPR|0.0
P16234|Q8N9Y4_LVSMSPRAL|0.0
P16234|A6NEQ2_PSAPTVAAP|0.0
P16234|A6NEQ2_RREASQAAA|0.0
P16234|A6NEQ2_ASLQSRSLA|0.0
P16234|A6NEQ2_LQSRSLAAL|0.0
P16234|Q5T1J6_LQNHSAVNR|0.0
P16234|Q6ZVS7_LHTQYHVNP|0.0
P16234|Q8NB25_MEVESLNKM|0.0
P16234|Q8NB25_MLQATQMTQ|0.0
P16234|Q8NB25_ATQMTQEVT|0.0
P16234|Q8NB25_NERLSQLEE|0.0
P16234|Q8NB25_LDVMTADHL|0.208
P16234|Q9ULE4_IAQLTKVIY|0.0
P16234|Q9ULE4_TKVIYALNT|0.0
P16234|Q9ULE4_LQHLTSHEA|0.0
P16234|Q9ULE4_QHLTSHEAT|0.0
P16234|Q9ULE4_ESPETKSEP|0.0
P16234|Q9ULE4_NQQLSKDYA|0.0
P16234|Q9ULE4_LSKDYARKA|0.0
P16234|Q9ULE4_MKGGTDMQT|0.0
P16234|Q9ULE4_TDMQTKKEA|0.0
P16234|Q9ULE4_GKGASRPED|0.0
P16234|Q9ULE4_HRNRSFSFN|0.0
P16234|Q9ULE4_SRVVSVPNL|0.0
P16234|Q9ULE4_APPITTSPS|0.0
P16234|Q9ULE4_PPITTSPSL|0.0
P16234|Q9ULE4_SLDPSPSCG|0.0
P16234|Q9ULE4_SCGRTYKPN|0.0
P16234|Q9ULE4_TATRTPDGE|0.0
P16234|Q9ULE4_PDGETAQAK|0.0
P16234|Q9ULE4_QKQGSPHQE|0.0
P16234|Q8N0U4_CKIETEHGT|0.0
P16234|Q8N0U4_SILQSVKGQ|0.0
P16234|Q8N0U4_DDVVTVTGL|0.0
P16234|Q8N0U4_FRRQSWFQS|0.0
P16234|A6NE01_IKYISSTIV|0.0
P16234|A6NE01_KYISSTIVN|0.002
P16234|A6NE01_STALSMLND|0.0
P16234|A6NE01_KHHISSGTI|0.0
P16234|A6NE01_HFQKSPISA|0.0
P16234|A6NE01_KSPISAKSE|0.0
P16234|A6NE01_ISAKSESST|0.0
P16234|A6NE01_LKEHYEKIS|0.0
P16234|A6NE01_MVIQTPMTL|0.0
P16234|A6NE01_QTPMTLSPR|0.001
P16234|A6NE01_PMTLSPRWK|0.0
P16234|A6NE01_VQRSYEGKE|0.001
P16234|A6NE01_DKAHTLGSP|0.0
P16234|A6NE01_HTLGSPLTL|0.0
P16234|A6NE01_GSPLTLKQV|0.002
P16234|A6NE01_QSIISRLSP|0.0
P16234|A6NE01_LAIISSLKS|0.0
P16234|A6NE01_AIISSLKSK|0.0
P16234|A6NE01_SSLKSKSVL|0.0
P16234|A6NE01_LIHPSAPDF|0.0
P16234|A6NE01_RALLTLMKP|0.0
P16234|A6NE01_SSLTTLLRT|0.0
P16234|A6NE01_TGKGYEARN|0.432
P16234|A6NE01_HMMLSRLDD|0.0
P16234|Q8IYM0_RAIRYMATV|0.053
P16234|Q8IYM0_RYMATVVEN|0.0
P16234|Q8IYM0_SPGPSERET|0.0
P16234|Q8IYM0_SERETLPRK|0.0
P16234|Q8IYM0_PRKETVMEE|0.0
P16234|Q8IYM0_VMEESQQEP|0.0
P16234|Q8IYM0_YRPRTRRVP|0.098
P16234|Q8IYM0_LPAASPRHI|0.0
P16234|Q8IYM0_TEVASSSYA|0.0
P16234|Q8IYM0_EVASSSYAI|0.0
P16234|Q8IYM0_PRLLTLDV_|0.0
P16234|Q9H8M7_GTKSSPGLS|0.0
P16234|Q9H8M7_TASISGSPA|0.0
P16234|Q9H8M7_DRECSGMKL|0.0
P16234|Q9H8M7_CKVGSYLKS|0.0
P16234|Q4G0A6_REFLSRKGL|0.0
P16234|Q4G0A6_RSDLSINNR|0.0
P16234|Q4G0A6_NPLKTSLEL|0.0
P16234|Q4G0A6_IYDLSDEDA|0.0
P16234|Q4G0A6_MGENSRPKS|0.0
P16234|Q4G0A6_RGMMSGPIA|0.0
P16234|Q4G0A6_GPIASSPQD|0.0
P16234|Q4G0A6_LRRSSPSSS|0.0
P16234|Q4G0A6_SSNSSPSRT|0.0
P16234|Q4G0A6_PHLPSKRLP|0.0
P16234|Q4G0A6_KRQGSQPAP|0.0
P16234|Q4G0A6_EVILSPVPS|0.0
P16234|Q4G0A6_TQQFSPTGK|0.0
P16234|Q4G0A6_TIDTTQTIS|0.0
P16234|A8MYZ0_SQVGSMLKT|0.0
P16234|A6NH52_LDFWSVKNV|0.0
P16234|Q9C0I3_SRRSTLVSR|0.001
P16234|Q9C0I3_SSPSSSNTV|0.0
P16234|Q9C0I3_TNSSSGSTG|0.0
P16234|Q9C0I3_SSSGSTGKR|0.0
P16234|Q9C0I3_FRTPSISFH|0.0
P16234|Q9C0I3_HKKGSEPKQ|0.0
P16234|Q9C0I3_NKKITRSLT|0.0
P16234|Q9C0I3_KITRSLTED|0.0
P16234|Q9C0I3_TRSLTEDFE|0.0
P16234|Q9C0I3_SSGKSEGDD|0.0
P16234|Q9C0I3_EGDDSGFTE|0.0
P16234|Q9C0I3_DSGFTEDQT|0.0
P16234|Q9C0I3_TEDQTRRSV|0.0
P16234|Q9C0I3_FSSHYKFSK|0.02
P16234|Q9C0I3_LVRASPSCS|0.0
P16234|Q9C0I3_CAIMSPGKY|0.0
P16234|Q9C0I3_KLGFYEQHK|0.025
P16234|Q9C0I3_TSHGYEANP|0.0
P16234|Q9C0I3_ASSLSPFRE|0.0
P16234|Q9C0I3_EEVNSLRKQ|0.0
P16234|Q9C0I3_GGIDSLPFR|0.0
P16234|Q9C0I3_KAFASRVDK|0.0
P16234|Q9C0I3_KAIHTPTED|0.0
P16234|Q9C0I3_ARQHSTFTG|0.0
P16234|Q9H7U1_MPNGTPVNL|0.0
P16234|Q9H7U1_TSKNSNVKS|0.0
P16234|Q9H7U1_LGKFTKGTL|0.0
P16234|Q9H7U1_FTKGTLLGR|0.0
P16234|Q9H7U1_GRTSYSSIN|0.0
P16234|Q9H7U1_LNGFYGNRS|0.0
P16234|Q9H7U1_RSAGSMQRP|0.0
P16234|Q9H7U1_SLAQSPDSS|0.0
P16234|Q9H7U1_KMVRSQSFS|0.0
P16234|Q9H7U1_TRSHSFNRA|0.0
P16234|Q9H7U1_KSSRSPFSG|0.0
P16234|Q9H7U1_GNKNSPADT|0.0
P16234|Q9H7U1_AKMRYLSDD|0.023
P16234|Q9H7U1_RTRITPEEM|0.0
P16234|Q9H7U1_PEEMSLKEE|0.0
P16234|Q9H7U1_DMFDSPKEN|0.0
P16234|Q9H7U1_EKAFSKTDE|0.0
P16234|Q9H7U1_NNLVSPDTD|0.0
P16234|Q9H7U1_LSRGSPYRE|0.0
P16234|Q9H7U1_DIQLSLPSS|0.0
P16234|Q9H7U1_LSLPSSPEP|0.0
P16234|Q9H7U1_SLPSSPEPE|0.0
P16234|Q9H7U1-3_GRNQSPPVG|0.0
P16234|Q9H7U1-3_TCKKSPIIT|0.0
P16234|Q9H7U1-3_PPSGSFKQK|0.0
P16234|Q9H7U1-3_KQTNSPQLE|0.0
P16234|P78312_LRQLSAAAK|0.0
P16234|P78312_KFQVTWELH|0.0
P16234|P78312_NFTDTMRHM|0.0
P16234|P78312_SSRLSMPDC|0.0
P16234|P78312_RSPPSVSSA|0.0
P16234|P78312_PPSVSSASS|0.0
P16234|P78312_ASSGSGSSS|0.0
P16234|P78312_SGSSSPITI|0.0
P16234|P78312_SSPITIQQH|0.0
P16234|P78312_TDSGSAPTF|0.0
P16234|P78312_GSAPTFCSD|0.0
P16234|P78312_VAPLSAKFA|0.0
P16234|P78312_SKADSPPPS|0.0
P16234|P78312_TLYATPPFT|0.0
P16234|P78312_CFGNTPEWN|0.0
P16234|P78312_SLWGSEVMN|0.0
P16234|P78312_PAALSPAAL|0.0
P16234|P78312_KTATTTPGF|0.0
P16234|P78312_TATTTPGFV|0.0
P16234|P78312_TKPVSSTRA|0.0
P16234|P78312_PETSSHSPS|0.0
P16234|P78312_TSSHSPSRH|0.0
P16234|P78312_SHSPSRHMN|0.0
P16234|P78312_KDEKSNPTP|0.0
P16234|P78312_KSNPTPMEP|0.0
P16234|P78312_PMEPTSPGE|0.0
P16234|P78312_RQRLSINWS|0.0
P16234|P78312_WSNFSLKKA|0.0
P16234|P78312-2_RVNNSIDDV|0.0
P16234|Q96PV7_TRRRSRPSG|0.0
P16234|Q96PV7_RSRPSGGAG|0.0
P16234|Q96PV7_SHSSSSSSS|0.001
P16234|Q96PV7_HSSSSSSSS|0.0
P16234|Q96PV7_SSSSSSSSS|0.0
P16234|Q96PV7_DWDPSSFLS|0.0
P16234|Q96PV7_WDPSSFLSA|0.003
P16234|Q96PV7_DRVNSFLSS|0.003
P16234|Q96PV7_RRLNTVPNL|0.006
P16234|Q96PV7_PEPVSSGGK|0.0
P16234|Q96PV7_EPVSSGGKP|0.0
P16234|Q96PV7_KRQGSQAKK|0.0
P16234|Q96PV7_KSEASPAPR|0.0
P16234|Q96PV7_KPASSLDDV|0.0
P16234|Q96PV7_AVNWTNFSL|0.0
P16234|Q7L0X2_QLRNSNMSI|0.0
P16234|Q7L0X2_SYLSSLSLK|0.0
P16234|Q7L0X2_DIMKTIRNI|0.0
P16234|Q5W0A0_EEEEYLGKE|0.017
P16234|Q5W0A0_GKEGYLEKE|0.196
P16234|Q5W0A0_EEVDYLGKK|0.001
P16234|Q5W0A0_GKKAYLEEE|0.0
P16234|Q5W0A0_EQETTTKLA|0.0
P16234|Q5W0A0_LEFASKENF|0.0
P16234|C9JLW8__MTSSPVSR|0.0
P16234|C9JLW8_SRVVYNGKR|0.173
P16234|C9JLW8_NGKRTSSPR|0.0
P16234|C9JLW8_VRFIYEAWQ|0.201
P16234|C9JLW8_LVEEYVEKV|0.0
P16234|C9JLW8_PIDLSDLKR|0.0
P16234|A6NMK8_LKRNSLESV|0.0
P16234|A6NMK8_QTSPSLRKH|0.0
P16234|Q6PEV8____MSDEAS|0.0
P16234|Q6PEV8_SSSGSSVGN|0.0
P16234|Q6PEV8_SSGSSVGNS|0.0
P16234|Q6PEV8_GNSASNSSA|0.0
P16234|Q6PEV8_SANMSRAHS|0.0
P16234|Q6PEV8_AHSDSNLSA|0.0
P16234|Q6PEV8_NLSASAAER|0.0
P16234|Q8TCP9____MTPESR|0.0
P16234|Q8TCP9_MTPESRDTT|0.0
P16234|Q8TCP9_SPGGTQEME|0.0
P16234|Q8TCP9_KVESSPQVL|0.0
P16234|Q8TCP9_VLSRSTTMN|0.0
P16234|Q8TCP9_LSRSTTMNE|0.0
P16234|Q8TCP9_SRSTTMNER|0.0
P16234|Q8TCP9_YKILSLSAF|0.0
P16234|Q8TCP9_ILSLSAFWI|0.0
P16234|Q8TCP9_FPLLSRKSI|0.0
P16234|Q8TCP9_NRLNSAPDM|0.0
P16234|P0CF97_RHLETQHAE|0.0
P16234|P0CF97_DIKLSTQFL|0.0
P16234|P0CF97_IKLSTQFLS|0.0
P16234|P0CF97_STAVSEKAL|0.0
P16234|P0CF97_FDDKSADKL|0.0
P16234|P0CF97_DKLKTIPND|0.0
P16234|P0CF97_TSDGTATMT|0.0
P16234|P0CF97_TGKHSRVIK|0.0
P16234|Q9H8W3_KVEKSGLEK|0.0
P16234|Q6ZU69_LLPKTSPQS|0.0
P16234|Q6ZU69_DPEETKAAR|0.0
P16234|Q6ZU69_PVGRSKTEK|0.0
P16234|Q6ZU69_GRSKTEKPT|0.0
P16234|Q9NSI2_LDVRSVTSV|0.0
P16234|Q9NSI2_VRSVTSVRR|0.0
P16234|Q9NSI2_RSVTSVRRG|0.0
P16234|Q9NSI2_GEAGSSARS|0.0
P16234|Q9NSI2_EAGSSARSV|0.001
P16234|Q9NSI2_RSVPSIRRG|0.0
P16234|Q9NSI2_RRRATVVVG|0.0
P16234|Q9NSI2_LEAGSRRQA|0.0
P16234|Q9NSI2_ASPAYRASP|0.0
P16234|Q9NSI2_AYRASPLVA|0.0
P16234|Q5JX69_MATGSGSNL|0.0
P16234|Q5JX69_TGSGSNLKL|0.0
P16234|Q96MK3_PWIRSYTLA|0.0
P16234|O75063_HRMMTGLRV|0.166
P16234|O75063_EGEPYAGYD|0.442
P16234|O75063_PYAGYDRHN|0.447
P16234|O75063_HDPISPVLS|0.011
P16234|Q8IXL6_SDPSSNLSS|0.0
P16234|Q8IXL6_FNVNSDTRL|0.0
P16234|Q8IXL6_LHDLSSQRI|0.0
P16234|Q8IXL6_HDLSSQRIT|0.0
P16234|Q8IXL6_QRITSVAMK|0.0
P16234|Q8IXL6_TFQNYGQAL|0.297
P16234|Q96ND0_VTVKYLRSH|0.001
P16234|Q96KR6_MAAGTSTFV|0.0
P16234|Q96KR6_AAGTSTFVV|0.0
P16234|Q96KR6_AGTSTFVVA|0.0
P16234|Q8NAA5___MGTRQTK|0.0
P16234|Q8TBF2_KRYNSLSIL|0.101
P16234|Q8TBF2-2_QRPASV___|0.0
P16234|Q8TBF2____MSTVDL|0.0
P16234|Q8TBF2-7_WTQASPEFG|0.0
P16234|Q8TBF2-7_QRPASV___|0.0
P16234|Q32MH5_LKSFSMVDS|0.0
P16234|Q32MH5_CDPSTSHVS|0.002
P16234|Q32MH5_DPSTSHVSG|0.0
P16234|Q32MH5_TQESSSLHS|0.0
P16234|Q32MH5_SSVASKVFR|0.0
P16234|Q32MH5_KEKCSLKHQ|0.0
P16234|Q32MH5_LKHQTRNQC|0.0
P16234|Q32MH5_TQNKSSSLS|0.0
P16234|Q32MH5_QNKSSSLST|0.0
P16234|Q32MH5_NKSSSLSTS|0.0
P16234|Q32MH5_SSILSQHKE|0.0
P16234|Q32MH5_INENYNPKF|0.0
P16234|Q32MH5_GKRGYRVPP|0.0
P16234|Q32MH5_TIQVTLFNP|0.0
P16234|Q32MH5_RLLRYLIHL|0.0
P16234|Q7L5A3_APDVSSEEE|0.0
P16234|Q7L5A3_PDVSSEEEG|0.0
P16234|Q7L5A3_RRRGSLGHP|0.0
P16234|Q7L5A3_RLKLSPLRS|0.0
P16234|Q7L5A3_PPSASPVPT|0.0
P16234|Q8WUB2_TIHLSKSMM|0.0
P16234|Q8WUB2_RYLCSIAKI|0.0
P16234|Q8WUB2_EREDSGSSD|0.0
P16234|Q8WUB2_SSDDSESHM|0.0
P16234|Q8WUB2_ESHMSEEKK|0.0
P16234|Q8IXS0_NCANSLRVS|0.0
P16234|Q8IXS0_QENLSHWNL|0.0
P16234|Q8IXS0_TERPSSSKA|0.0
P16234|Q8IXS0_ERPSSSKAT|0.0
P16234|Q8IXS0_SSKATPKVR|0.008
P16234|Q8IXS0_CQELSFKPT|0.0
P16234|Q8IXS0_NRPFSIQKL|0.0
P16234|Q9NTX9_RQSKSQVPH|0.0
P16234|Q9NTX9_GASKSGPSR|0.0
P16234|Q9NTX9_LEMRTEEKK|0.0
P16234|Q9NTX9_CGHATVSSE|0.0
P16234|Q96MZ4_VRRGSCPLL|0.0
P16234|Q96MZ4_WCRASGLPN|0.0
P16234|Q96MZ4_PVSRSWCPE|0.0
P16234|Q96MZ4_IPAVTPPKL|0.0
P16234|Q8IW50_ARKGSLKNG|0.0
P16234|Q8IW50_LKNGSMGSP|0.0
P16234|Q8IW50_GSMGSPVNQ|0.0
P16234|Q8IW50_PNKGYSSLD|0.001
P16234|Q8IW50_NKGYSSLDQ|0.0
P16234|Q8IW50_KGYSSLDQS|0.0
P16234|Q8IW50-2_VALDTDSDD|0.0
P16234|Q8IW50-5_AASISDGDC|0.0
P16234|Q8IW50-6_AASISDGDC|0.0
P16234|Q5XKK7_LRLSTPGPR|0.0
P16234|Q5XKK7_KRGPYMVTR|0.0
P16234|Q5XKK7_TRAPSIQAK|0.0
P16234|Q5XKK7_LGSRYSSGY|0.0
P16234|Q5XKK7_YSSGYSSAE|0.0
P16234|A4D161_AVDEYLEYR|0.101
P16234|A4D161_EYLEYRRIV|0.045
P16234|A4D161_TPEEYEEYK|0.194
P16234|A4D161_QCRAYLYVP|0.344
P16234|A4D161_RAYLYVPLN|0.257
P16234|A4D161_RLDDSGIGV|0.0
P16234|A4D161_EFLESPITA|0.0
P16234|A6H8Z2_SSESSSNEV|0.0
P16234|A6H8Z2_SESSSNEVP|0.0
P16234|Q5U5X8_HSSRYPSPA|0.003
P16234|Q5U5X8_TVNGYDTSG|0.0
P16234|Q5U5X8_SGQRYSPYP|0.005
P16234|Q5U5X8_RYSPYPQHT|0.064
P16234|Q5U5X8_HTAGYQGLL|0.0
P16234|Q5U5X8_SSSSTAAPA|0.0
P16234|Q5U5X8_GPAKSVLKS|0.0
P16234|Q5U5X8_VASKSPEAC|0.0
P16234|Q8WU58_AQRYSPYPT|0.015
P16234|Q8WU58_IANPSPISR|0.0
P16234|F5H4B4_EKFLSSSSP|0.0
P16234|F5H4B4_FLSSSSPRA|0.0
P16234|F5H4B4_IAQHYALLL|0.0
P16234|F5H4B4_YHPQSSSAN|0.0
P16234|F5H4B4_ANSPSEKTS|0.0
P16234|Q96M60_DDKWSCTLK|0.001
P16234|Q96M60_KWSCTLKKI|0.0
P16234|Q96M60_KIMLSDEME|0.0
P16234|Q96M60_DEMETEKNI|0.0
P16234|Q96M60_LSTTTIHGS|0.0
P16234|Q96M60_TIHGSKKAP|0.0
P16234|Q96M60_LAGISKAPK|0.0
P16234|Q96M60_SSPSSTDNY|0.225
P16234|Q96M60_STDNYNFEE|0.369
P16234|Q86W67_IVKVTVPPF|0.003
P16234|Q86W67_RLHASSPYF|0.0
P16234|Q86W67_LHASSPYFT|0.0
P16234|Q86W67_TADLSQAAF|0.011
P16234|P0C875_YDPFYMSKK|0.0
P16234|H3BQW9_GPERSPAAR|0.001
P16234|Q8IVF1_VKGPSGRSF|0.0
P16234|Q8IVF1_HGEGSLASS|0.0
P16234|Q8IVF1_GSLASSQAK|0.0
P16234|Q8IVF1_SLASSQAKA|0.0
P16234|Q8IVF1_PVLRSLARR|0.0
P16234|Q8IVF1_WQHTSNFDR|0.0
P16234|Q8IVF1_PPPATPRLE|0.0
P16234|Q8IVF1_LPGGSPVRE|0.0
P16234|Q8IVF1_FLLGSQHKL|0.0
P16234|A6NNL0_VKGPSGRSF|0.0
P16234|A6NNL0_PVLRSLARR|0.0
P16234|A6NNL0_WQHTSNFDR|0.0
P16234|A6NNL0_PPPATPRLE|0.0
P16234|A6NNL0_LPGGSPVRE|0.0
P16234|A6NNL0_FLLGSQHKL|0.0
P16234|A1L443_PRHGTARLD|0.0
P16234|A1L443_RLDSSPSEF|0.0
P16234|A1L443_GRVRTGMAR|0.444
P16234|Q5VZR2_PVLRSLARR|0.0
P16234|Q5VZR2_WQHTSNFDR|0.0
P16234|Q5VZR2_DGMTSDPGL|0.0
P16234|Q5VZR2_PRHGTARLD|0.0
P16234|Q5VZR2_RLDSSPSEF|0.0
P16234|Q5VZR2_GRVRTGMAR|0.447
P16234|A2RU67_SEVTTEGYP|0.003
P16234|A2RU67_TTEGYPSEP|0.003
P16234|A2RU67_SAVTSDQKS|0.0
P16234|Q5W0B7___MASGRLI|0.0
P16234|Q5W0B7_IYFNYLTRI|0.0
P16234|Q8N8J7_DVEDSQNHT|0.0
P16234|Q8N8J7_KKMGTLFGE|0.0
P16234|Q8N8J7_NMGFTRMYF|0.003
P16234|Q96D05_PRVRTTTQP|0.0
P16234|Q96D05_PPRGSIPRQ|0.0
P16234|A6NFZ4_VFCLYFKVA|0.0
P16234|Q86XJ0_GIIRYMCSS|0.0
P16234|Q86XJ0_RYMCSSVLQ|0.084
P16234|Q86XJ0_YMCSSVLQR|0.154
P16234|Q8N5C1_ANKLSERNL|0.0
P16234|Q5R3K3_YNTPSMKEW|0.0
P16234|Q5R3K3_ISSLYTFNP|0.002
P16234|Q5R3K3_PKGQYYSML|0.0
P16234|Q5VT28_SRLFSEK__|0.0
P16234|Q08E93_AMRETALWC|0.0
P16234|Q08E93_ALWCTGHIR|0.0
P16234|Q08E93_IRPRTHTHT|0.0
P16234|Q9Y421__MEAYEQVQ|0.403
P16234|Q9Y421_EAMGTSKKN|0.099
P16234|Q9Y421_AMGTSKKNE|0.0
P16234|Q9Y421_LTEHYDIPK|0.0
P16234|Q5RI15_DVENTPCAR|0.0
P16234|Q5RI15_KKILYEGTH|0.272
P16234|Q9H5I5_FGIKSVIQT|0.0
P16234|Q9H5I5_SVIQTDCSS|0.0
P16234|Q9H5I5_LWYATHYPT|0.424
P16234|Q9H5I5_YATHYPTDE|0.44
P16234|Q9H5I5_THYPTDERK|0.442
P16234|Q9H5I5_KADLYSTPQ|0.216
P16234|Q9H5I5_DLYSTPQYR|0.254
P16234|Q9H5I5_STPQYRWEP|0.009
P16234|Q9H5I5_SDESSEKRE|0.0
P16234|Q9H5I5_HPEGSLPDL|0.002
P16234|Q9H5I5_FALPYAKLR|0.369
P16234|Q9H5I5_GLRKSSPLL|0.0
P16234|Q9H5I5_PLLVYLRNN|0.437
P16234|Q9H5I5_YLFETDSEE|0.014
P16234|Q9H5I5_FETDSEEEE|0.0
P16234|Q9H5I5_LSRESGLDT|0.0
P16234|Q9H5I5_SKAVSFEHL|0.0
P16234|Q9H5I5_FEHLSFGSQ|0.0
P16234|Q9H5I5_LSFGSQDDS|0.0
P16234|Q9H5I5_RMAVSPDDS|0.0
P16234|Q9H5I5_ELTASELLL|0.0
P16234|Q9H5I5_RRKRSGSSS|0.0
P16234|Q9H5I5_FSRDTGAMQ|0.0
P16234|Q9H5I5_STESSKTPV|0.085
P16234|Q9H5I5_APSDSNSKP|0.395
P16234|Q9H5I5_SDSNSKPIK|0.005
P16234|Q9H5I5-4_YFINYFFYK|0.0
P16234|Q9H5I5-4_NYFFYKFGL|0.348
P16234|P98173-3_ESSVTAAPR|0.0
P16234|P58499_SAAYSIRSI|0.0
P16234|P58499_YRLLSGGGR|0.418
P16234|Q92520_SALDTAARS|0.004
P16234|Q92520_NVLMSGVKN|0.0
P16234|Q96BQ1_WLAASPTKE|0.0
P16234|Q96BQ1_CPANYFAFK|0.313
P16234|Q96BQ1_AFDMYSGDV|0.303
P16234|Q96BQ1_RKLFSDLGS|0.0
P16234|Q96BQ1_LGSSYAKQL|0.0
P16234|Q9ULQ0_IADSTELRV|0.0
P16234|Q9ULQ0_LSVMYLMVE|0.0
P16234|Q9ULQ0_ASPPSYTLD|0.0
P16234|Q9ULQ0_SLDIYNERD|0.021
P16234|Q9ULQ0_FIGFTLGQD|0.0
P16234|Q9ULQ0_LGQDTDTLV|0.0
P16234|Q9ULQ0_PIHESVKTL|0.0
P16234|Q9ULQ0_ESVKTLKQH|0.0
P16234|Q9ULQ0_KQHKYISIA|0.0
P16234|Q9ULQ0_HKYISIADV|0.0
P16234|Q9ULQ0_MSAIYQKVR|0.0
P16234|Q9ULQ0_DSEFSPVDN|0.0
P16234|Q8N2R8_KMKLTVSAQ|0.0
P16234|Q8N2R8_KLTVSAQGI|0.0
P16234|Q8N2R8_ALLLYQTSA|0.025
P16234|Q8N2R8_DLRVTRLLS|0.0
P16234|Q6ZT52_PGGGTKMKL|0.0
P16234|Q6ZT52_KMKLTLGPH|0.0
P16234|Q6ZT52_LAAFSDFKR|0.0
P16234|Q6ZT52_GAAASVPRA|0.0
P16234|Q8IYS8_GLFDSFRRD|0.0
P16234|Q8IYS8_TKPAYQNLS|0.0
P16234|Q5JRC9_PPMDTQNWV|0.0
P16234|Q5JRC9_GPPITRRRS|0.0
P16234|Q5JRC9_RRRSSLLRQ|0.0
P16234|Q5JRC9_TRRGSSLRS|0.0
P16234|Q5JRC9_SSLRSEPSE|0.0
P16234|Q5JRC9_RRTSSLRSE|0.0
P16234|Q5JRC9_KTRRTSSLG|0.0
P16234|Q5JRC9_TRRTSSLGP|0.0
P16234|Q5JRC9_RRTSSLGPE|0.0
P16234|Q5JRC9_EPPKTRRVS|0.0
P16234|Q5JRC9_TRRVSSLRP|0.0
P16234|Q5JRC9_RRVSSLRPE|0.0
P16234|Q5JRC9_SHQFSEPPK|0.0
P16234|Q5JRC9_QYRYTSEKL|0.0
P16234|Q5JRC9_YRYTSEKLR|0.0
P16234|Q5JRC9_SNSYTAQRV|0.0
P16234|Q5JRC9_RRGWTYDSV|0.0
P16234|Q5JRC9_RGWTYDSVK|0.0
P16234|Q8NA70_FSELSPVQP|0.0
P16234|Q8NA70_EPTKTGASH|0.0
P16234|Q8NA70_KTGASHLKE|0.0
P16234|Q8NA70_LRIKYWDRR|0.01
P16234|Q8NA70_LDGLYGPIA|0.031
P16234|Q8NA70_DSVKTPIQR|0.0
P16234|Q8NA70_AVQVYKYKE|0.439
P16234|Q5HY64_EPPKTRGSH|0.0
P16234|Q5HY64_TRVSSLPPE|0.0
P16234|Q5HY64_EPPETRVSH|0.0
P16234|Q5HY64_GRVSSLCPE|0.0
P16234|Q5HY64_EPTKTGASH|0.0
P16234|Q5HY64_KTGASHLKE|0.0
P16234|Q5HY64_VKMGYGAWY|0.012
P16234|Q5HY64_YGAWYLKPK|0.001
P16234|Q5HY64_RRGWTYDSV|0.0
P16234|Q5HY64_RGWTYDSVK|0.008
P16234|Q8NEM7_QETLSCLVV|0.0
P16234|Q8NEM7_GNEGYSLML|0.477
P16234|Q8NEM7_MWKRSPCNL|0.0
P16234|Q8NEM7_QYQKTKLTI|0.303
P16234|Q8NEM7_KTKLTILQS|0.0
P16234|Q8NEM7_TILQSLGDP|0.0
P16234|Q8NEM7_DPLYYGKIQ|0.4
P16234|Q8NEM7_SHSSSGSAS|0.0
P16234|Q8NEM7_SVQSSVLGK|0.0
P16234|Q8NEM7_SFLKSPTPP|0.115
P16234|Q8NEM7_PRKSSVDLN|0.007
P16234|Q3ZLR7_RTGSTGLKA|0.0
P16234|P0C7V6_LLRPTMQTL|0.091
P16234|P0C7V6_PEVKTMTRD|0.0
P16234|P0C7V6_VKTMTRDGE|0.386
P16234|P0C7V6_GLKATNVEG|0.0
P16234|Q14320__MAQYKGAA|0.358
P16234|Q14320_DKKFSAHYD|0.365
P16234|Q14320_FSAHYDAVE|0.0
P16234|Q14320_KRKISSLSF|0.0
P16234|Q14320_RKISSLSFT|0.0
P16234|Q14320_ISSLSFTLE|0.0
P16234|Q14320_SLSFTLEEE|0.0
P16234|Q14320_DVDTSFLPD|0.0
P16234|Q14320_ARGKSGPLF|0.0
P16234|Q14320_VRLLSDATV|0.0
P16234|Q14320_KWDKYTIR_|0.481
P16234|Q9Y247__MAQYKGTM|0.323
P16234|Q9Y247_QYKGTMREA|0.0
P16234|Q9Y247_DKRFSAHYD|0.313
P16234|Q9Y247_FSAHYDAVE|0.001
P16234|Q9Y247_KRKISCLSF|0.0
P16234|Q9Y247_ISCLSFALD|0.0
P16234|Q9Y247_DVDTSFLPD|0.0
P16234|Q9Y247_IFPASRWEA|0.0
P16234|Q9Y247_RWEAYDPEK|0.0
P16234|Q9Y247_KWDKYTIR_|0.429
P16234|Q6NSI3_LQSQSLDDL|0.0
P16234|Q6NSI3_RRRPSLSQE|0.0
P16234|Q6NSI3_AGAGTPLPW|0.0
P16234|Q6NSI3_LRCRSQPCV|0.0
P16234|Q14153_RPLGSKVWT|0.0
P16234|Q14153_SKVWTPVEK|0.0
P16234|Q14153_RRCYSGGSV|0.004
P16234|Q14153_TMQRSSSFS|0.0
P16234|Q14153_MQRSSSFSL|0.0
P16234|Q14153_ANVLSSPCD|0.0
P16234|Q14153_GVPGSAPCG|0.0
P16234|Q14153_QAGDTWSPD|0.0
P16234|Q14153_GDTWSPDLH|0.0
P16234|Q14153_DLQRSLSCS|0.0
P16234|Q14153_YCPPSANST|0.0
P16234|Q14153_PSANSTPAS|0.0
P16234|Q14153_ARRSSGLSR|0.0
P16234|Q14153_GLSRSRSQP|0.0
P16234|Q14153_EQRPSLDLA|0.0
P16234|Q14153_CQTFSSLSC|0.023
P16234|Q14153_QTFSSLSCL|0.0
P16234|Q14153_FSSLSCLSA|0.0
P16234|Q14153_LSAGTEDCG|0.0
P16234|Q14153_CGPQSPFAR|0.003
P16234|Q14153_LLSASGPGG|0.0
P16234|Q14153_APGNSLCSL|0.0
P16234|Q14153_NSLCSLDGE|0.0
P16234|Q9NYF3_ITLITEQLQ|0.0
P16234|Q9NYF3_LQKQTLDEL|0.0
P16234|Q9NYF3_RFSISLPLP|0.0
P16234|Q9NYF3_SKLWTPIKH|0.0
P16234|Q9NYF3_RFLPSARSS|0.0
P16234|Q9NYF3_NLPRSRSQP|0.0
P16234|Q9NYF3_QKPYSGGLC|0.184
P16234|Q6P444_TNSSSFGLS|0.0
P16234|Q6P444_DERISLGQL|0.0
P16234|Q6P444_KRQNSHWDP|0.0
P16234|Q6P444_WDPVSLISH|0.0
P16234|Q6P444_VSLISHALK|0.0
P16234|Q6P444_KENRSWESS|0.0
P16234|Q6P444_SSPFSSPET|0.0
P16234|Q6P444_GHHISQSEG|0.0
P16234|Q6P444_GISNTSLLN|0.0
P16234|Q6P444_ISNTSLLNS|0.0
P16234|Q9H019____MSGMEA|0.0
P16234|Q9H019_GMEATVTIP|0.0
P16234|Q9H019_EATVTIPIW|0.0
P16234|Q9H019_LPNISDLCL|0.0
P16234|Q9H019_EEETYARVR|0.162
P16234|Q9H019_ARVRSDTRP|0.0
P16234|Q9H019_KAACSSSEE|0.0
P16234|Q9H019_AACSSSEED|0.0
P16234|Q9H019_ACSSSEEDD|0.0
P16234|Q9H019_DDCVSLSKA|0.0
P16234|Q9H019_CVSLSKASS|0.0
P16234|Q9H019_LSKASSFAD|0.0
P16234|Q8N323_SHVFTECGL|0.0
P16234|Q8N323_DKENSLFHR|0.0
P16234|Q8N323_LFHRSKVGV|0.002
P16234|Q8N323_PGGYTLQGK|0.216
P16234|Q8N323_GKLIYLLGD|0.0
P16234|Q969Y0_FKVGSQLEV|0.005
P16234|Q969Y0_KVKVSVSLV|0.007
P16234|Q969Y0_LVHPSEGIR|0.0
P16234|Q969Y0_GTFPSGYYY|0.294
P16234|Q969Y0_LLDRSPKTV|0.0
P16234|Q6UWF7__MKISMINY|0.002
P16234|Q6UWF7_TPLISLKPL|0.0
P16234|Q6UWF7_LKPLTETEL|0.0
P16234|Q6UWF7_RARMSSPAL|0.0
P16234|Q6UWF7_MAGASGKVT|0.0
P16234|Q6UWF7_RVIFTGQFV|0.001
P16234|Q6UWF7_GKLIYLMGD|0.118
P16234|Q6UWF7_PLIGSMTYS|0.038
P16234|Q6UWF7_KEMEYLTRA|0.467
P16234|Q75VX8_DLIVSRCRL|0.0
P16234|Q75VX8_VRYFSSVEE|0.012
P16234|Q75VX8_MEAITFSVK|0.0
P16234|Q75VX8_AITFSVKVV|0.0
P16234|Q75VX8_AAGGTGGGG|0.0
P16234|Q75VX8_SPDTYSLYC|0.283
P16234|Q75VX8_RAVGTPGPG|0.0
P16234|Q75VX8_GPPASPRDG|0.0
P16234|Q9C0B6_LLSATLGGE|0.0
P16234|Q9C0B6_GGEESLTIF|0.0
P16234|Q76B58_LLSATLGGE|0.0
P16234|Q76B58_GGEESLTIF|0.0
P16234|Q76B58_IDRDSTLRR|0.0
P16234|Q76B58_DRDSTLRRL|0.0
P16234|Q76B58_LPMNYFLNT|0.419
P16234|Q76B58_WFDPSWRKR|0.0
P16234|Q76B58_RNLGYMKIN|0.0
P16234|Q9NP50_AKSSSSRFT|0.0
P16234|Q8N5J2_ALLPSQCGD|0.0
P16234|Q8N5J2_IRACSMPQE|0.0
P16234|Q8N5J2_GRGATSGRP|0.0
P16234|Q8N5J2_RGATSGRPA|0.0
P16234|Q8NBR6_AARRSLPDS|0.0
P16234|Q8NBR6_DLKDSGLES|0.0
P16234|Q8NBR6_QLMEYLGDY|0.0
P16234|Q8NBR6_PAQASPSSG|0.0
P16234|Q8NBR6-2_PAQASPSSG|0.0
P16234|Q9BSJ6_GALGSLCRQ|0.0
P16234|Q9BSJ6_KRLETPEPG|0.0
P16234|Q9BSJ6_AAARSAKSA|0.0
P16234|Q9BSJ6_RSAKSALGA|0.0
P16234|Q9BSJ6_ESCQSGTKW|0.0
P16234|Q9BSJ6_WLVETQVKA|0.001
P16234|Q9BSJ6_SGSPTHSLS|0.0
P16234|Q9BSJ6_SPTHSLSQK|0.008
P16234|Q9BSJ6_THSLSQKST|0.0
P16234|Q9BSJ6_STRLSGAAP|0.0
P16234|Q9BSJ6_APAHSAADP|0.0
P16234|Q9BSJ6_HHRLSVRMG|0.002
P16234|Q9BSJ6_VRMGSHAHP|0.0
P16234|Q9BSJ6_PLRRSRREA|0.0
P16234|Q9BSJ6_AAFRSPYSS|0.322
P16234|Q9BSJ6_DVYASP___|0.259
P16234|Q6ZS17_RVNRSQSFA|0.0
P16234|Q6ZS17_GVLGSHERG|0.0
P16234|Q6ZS17_FPVFSPPGP|0.0
P16234|Q6ZS17_QIRESKRNS|0.0
P16234|Q6ZS17_SKRNSRLGF|0.0
P16234|Q6ZS17_LGFLYDLDK|0.347
P16234|Q6ZS17_YTTGSPGSR|0.0
P16234|Q6ZS17_DDQPSAASS|0.0
P16234|Q6ZS17_TKRFSTYSQ|0.001
P16234|Q6ZS17_KRFSTYSQS|0.0
P16234|Q6ZS17_RFSTYSQSP|0.393
P16234|Q6ZS17_EQAFYNMLR|0.219
P16234|Q6ZS17_TARHSPAPR|0.0
P16234|Q6ZS17_GHAPYSRTL|0.073
P16234|Q6ZS17_SRTLSHISE|0.0
P16234|Q6ZS17_LSHISEASV|0.0
P16234|Q6ZS17_PSKHSDPTL|0.001
P16234|Q6ZS17_HSDPTLPGT|0.0
P16234|Q6ZS17_PGTDSLPCS|0.0
P16234|Q6ZS17_SLPCSPPVS|0.0
P16234|Q6ZS17_MAPRTPHPS|0.0
P16234|Q6ZS17_TPHPSPAHS|0.0
P16234|Q6ZS17_SLGPTFRER|0.0
P16234|Q6ZS17_RLEESLDAL|0.0
P16234|Q6ZS17-2_NRSQSFAGV|0.0
P16234|Q6ZS17-3_SPARTHSMM|0.0
P16234|Q6ZS17-3_ARTHSMMSL|0.0
P16234|Q9Y4F9_GIIRSQSFA|0.0
P16234|Q9Y4F9_FAGFSGLQE|0.292
P16234|Q9Y4F9_QERRSRCNS|0.0
P16234|Q9Y4F9_AARESLTEI|0.0
P16234|Q9Y4F9_PGDQYEIFM|0.0
P16234|Q9Y4F9_IFMKYGRQR|0.54
P16234|Q9Y4F9_NLEITWYPF|0.0
P16234|Q9Y4F9_EITWYPFDV|0.186
P16234|Q9Y4F9_RMSMYSQGT|0.38
P16234|Q9Y4F9_MSMYSQGTP|0.005
P16234|Q9Y4F9_GTPETPTFK|0.0
P16234|Q9Y4F9_KLHRSRSFS|0.0
P16234|Q9Y4F9_HRSRSFSDL|0.079
P16234|Q9Y4F9_SSRNSLGEG|0.0
P16234|Q9Y4F9_RRQSSGAGA|0.0
P16234|Q9Y4F9_KRLTSAEVP|0.0
P16234|Q9Y4F9_VPMATDRLL|0.0
P16234|Q9Y4F9_LSEGSVGGE|0.0
P16234|Q9Y4F9_VGGESEGCR|0.0
P16234|Q9Y4F9_FLDGSLEDA|0.0
P16234|Q9Y4F9_ARQVSMVQT|0.0
P16234|Q9Y4F9_SMVQTLQSL|0.0
P16234|Q9Y4F9_EVLRTLALL|0.0
P16234|Q9Y4F9_GRLAYEQLD|0.049
P16234|Q9Y4F9-2_QRRMSMYSQ|0.0
P16234|Q9Y4F9-2_RMSMYSQGT|0.0
P16234|Q9Y4F9-2_MSMYSQGTP|0.0
P16234|Q9Y4F9-2_YSQGTPETP|0.0
P16234|Q9Y4F9-2_GTPETPTFK|0.0
P16234|Q9Y4F9-2_PETPTFKDH|0.0
P16234|Q96MK2_SSAQSRRIA|0.0
P16234|Q96MK2_LRKGSVCAD|0.0
P16234|Q96MK2_WTPPSTPSF|0.0
P16234|Q96MK2_TPPSTPSFR|0.0
P16234|Q96MK2_QLDGTPRVC|0.0
P16234|Q5JRV8_EEVISSSTK|0.0
P16234|Q8IYT1_QRQLYKGEY|0.137
P16234|Q8IYT1_YKGEYDIFK|0.222
P16234|Q8IYT1_LGRSSHRRR|0.0
P16234|Q8IYT1_HRRRTGESR|0.0
P16234|Q8IYT1_RTGESRHKT|0.0
P16234|Q8IYT1_MAERSTNVA|0.0
P16234|Q8IYT1_AERSTNVAI|0.0
P16234|Q96KD3_KSKKTVKVT|0.0
P16234|Q96KD3_TVKVTRSYP|0.491
P16234|Q8NAN2_LTWYYSLSQ|0.254
P16234|Q8NAN2_TWYYSLSQI|0.096
P16234|Q8NAN2_KRAASDKGS|0.042
P16234|Q8NAN2_KDKGSQVCN|0.0
P16234|Q8NAN2_QVCNYANGG|0.389
P16234|Q8NAN2_EACGSIKLG|0.0
P16234|Q8NAN2_TLGASDPNS|0.001
P16234|Q8NAN2_QVILSESAN|0.0
P16234|Q8NAN2_ILSESANRI|0.0
P16234|Q8NAN2_RKILSALIV|0.0
P16234|Q8NAN2_RYSSTETLA|0.172
P16234|Q8NAN2_SSTETLAED|0.0
P16234|Q8NAN2_HVMSTGLLE|0.0
P16234|Q7L4E1_RKVPSVKKG|0.001
P16234|Q7L4E1_RRVQSPSSK|0.0
P16234|Q7L4E1_PSSKSNDTL|0.0
P16234|Q7L4E1_KSNDTLSGI|0.0
P16234|Q7L4E1_LSGISSIEP|0.0
P16234|Q7L4E1_SGISSIEPS|0.0
P16234|Q7L4E1_VNSSSPTAA|0.0
P16234|Q7L4E1_QRGDSGSTP|0.0
P16234|Q7L4E1_DSGSTPMPR|0.0
P16234|Q7L4E1_PETASEPLS|0.0
P16234|Q7L4E1_SEPESQRKE|0.0
P16234|Q7L4E1_EKLESLLHR|0.0
P16234|Q5RGS3_RRGESSEAV|0.0
P16234|Q5TZK3_RRGESSEAV|0.0
P16234|Q5TZJ5_MKNHSLRAG|0.0
P16234|Q5TZJ5_ENVGSFTDR|0.0
P16234|Q5TZJ5_VGSFTDRMT|0.0
P16234|Q5TZJ5_TDRMTPEKH|0.0
P16234|Q5TZJ5_LRDESPGTS|0.0
P16234|Q5TZJ5_ESPGTSQAK|0.0
P16234|Q5TZJ5_SPGTSQAKG|0.0
P16234|Q5TZJ5_NLGQTNEGL|0.0
P16234|Q5TZJ5_AAPKSGKAC|0.0
P16234|Q5VYP0_MKNHSLRAG|0.0
P16234|Q5VYP0_LQDESPGTS|0.0
P16234|Q5VYP0_ESPGTSQAK|0.0
P16234|Q5VYP0_SPGTSQAKG|0.0
P16234|Q5VYP0_NLGQTNEGL|0.0
P16234|Q5VYP0_AAPKSGKAC|0.0
P16234|Q5VU36_MKNHSLRAG|0.0
P16234|Q5VU36_LRDESPGTS|0.0
P16234|Q5VU36_ESPGTSQAK|0.0
P16234|Q5VU36_SPGTSQAKG|0.0
P16234|Q5VU36_AAPKSGKAC|0.0
P16234|Q8IWB4_MKNHSLRAG|0.0
P16234|Q8IWB4_LRDESPGTS|0.0
P16234|Q8IWB4_ESPGTSQAK|0.0
P16234|Q8IWB4_SPGTSQAKG|0.0
P16234|Q8IWB4_NLGQTNEGL|0.0
P16234|Q8IWB4_AAPKSGKAC|0.0
P16234|Q8IWB4_SKPLTYSLT|0.141
P16234|Q8IWB4_PLTYSLTGS|0.0
P16234|Q8IWB4_RVYSSSAEA|0.0
P16234|Q8IWB4_VYSSSAEAQ|0.0
P16234|Q8IWB4_ARHASKVNQ|0.0
P16234|P0DKV0_PPSPSPRKR|0.0
P16234|P0DKV0_MKNHSLRAC|0.0
P16234|P0DKV0_PLACSPPPP|0.0
P16234|P0DKV0_PKGFTPPPL|0.0
P16234|P0DKV0_KLGQTNEGL|0.0
P16234|P0DKV0_GSCKSQSPM|0.0
P16234|P0DKV0_CKSQSPMFP|0.0
P16234|P0DKV0_YAASSQQAT|0.0
P16234|B4DYI2_MKNHSLRAC|0.0
P16234|B4DYI2_PLACSPPPP|0.0
P16234|B4DYI2_PKGFTPPPL|0.0
P16234|B4DYI2_KLGQTNEGL|0.0
P16234|B4DYI2_AAPKSRKAC|0.0
P16234|B4DYI2_ASKSSLLPR|0.0
P16234|B4DYI2_RMSVSQDPR|0.0
P16234|B4DYI2_GSCKSQSPM|0.0
P16234|B4DYI2_CKSQSPMFP|0.0
P16234|B4DYI2_YAASSQQAT|0.0
P16234|P0C874_TVLKTFPEM|0.0
P16234|P0C874_HERSSNMLS|0.0
P16234|P0C874_SNMLSMENV|0.348
P16234|Q6ZUB0_TVLKTFPEM|0.0
P16234|Q6ZUB0_HERSSNMLS|0.0
P16234|Q6ZUB0_SNMLSMENV|0.107
P16234|Q8TAV0_FEALSQGQQ|0.0
P16234|Q8TAV0_QLYGTPKPC|0.422
P16234|Q8TAV0_KPCQYCNII|0.291
P16234|Q8TAV0_EKEQYSRLS|0.002
P16234|Q8TAV0_YSRLSGGGH|0.0
P16234|Q8TAV0_GGGHYNSQK|0.259
P16234|Q8TAV0_NSQKTLSTS|0.002
P16234|Q8TAV0_QKTLSTSSI|0.0
P16234|Q8TAV0_GDSFSPDLA|0.0
P16234|Q8TAV0_KSKKSEKSG|0.0
P16234|Q8TAV0-2_YNSFSPDLA|0.0
P16234|Q5HYJ3_ASALYACTK|0.286
P16234|Q5HYJ3_VKCTYCRSE|0.02
P16234|Q5HYJ3_TYCRSEFQQ|0.222
P16234|Q5HYJ3_FQQESKTNT|0.0
P16234|Q5HYJ3_KQFGTPKPC|0.0
P16234|Q5HYJ3_HSNSSSSSL|0.0
P16234|Q5HYJ3_SSSSSLTEK|0.0
P16234|Q5HYJ3_HHKISNLSP|0.0
P16234|Q5HYJ3_IQNETPKKK|0.0
P16234|Q5HYJ3_ESKPSNGDS|0.0
P16234|Q5HYJ3_SNGDSSSIN|0.0
P16234|Q5HYJ3_QRDQTILEK|0.0
P16234|Q5HYJ3_SILTSP___|0.0
P16234|Q4KMZ8_GIFGTVQYR|0.0
P16234|Q4KMZ8_DFIMTFNTS|0.0
P16234|Q4KMZ8_LQPLYTSG_|0.0
P16234|Q5JUQ0_DCWPSLEIR|0.0
P16234|Q5JUQ0_GCIQSIGGK|0.0
P16234|Q5JUQ0_DVKASIDPV|0.0
P16234|Q5JUQ0_VVLRYRTPH|0.0
P16234|Q5T0D9_QLRDSVDSA|0.0
P16234|Q6ZUI0_STIGSFEGF|0.0
P16234|Q6ZUI0_FQAVSLKQE|0.0
P16234|Q6ZUI0_TDHLSMEEE|0.0
P16234|Q8IXN7_VRVPTPSVQ|0.007
P16234|Q8IXN7_VPTPSVQSD|0.0
P16234|Q8IXN7_PNRQTGKMA|0.0
P16234|Q8IXN7_PGLSSPREK|0.0
P16234|Q8IXN7_AESVYTINS|0.003
P16234|Q8IXN7_YTINSGSTS|0.0
P16234|Q8TBF8_IARLSAEHK|0.0
P16234|Q8TBF8_ESIGSLRQV|0.0
P16234|Q96LP2_KNIKSTKNK|0.0
P16234|Q96LP2_YVDKSHAFL|0.07
P16234|Q96LP2_KLLESHIQT|0.0
P16234|Q96LP2_LLQLSSKVE|0.0
P16234|Q96LP2_LQLSSKVEN|0.0
P16234|Q96LP2_QKQETQLSK|0.0
P16234|Q96LZ7_LLLWYHKVR|0.006
P16234|Q96LZ7_VHKISPQHR|0.002
P16234|Q96LZ7_RRLPTIQSS|0.0
P16234|Q96LZ7_PTIQSSATS|0.0
P16234|Q96LZ7_TIQSSATSN|0.0
P16234|Q96LZ7_SSATSNSSE|0.0
P16234|Q96LZ7_ATSNSSEEA|0.0
P16234|Q96LZ7_TSNSSEEAE|0.0
P16234|Q96LZ7_EEAESEGGY|0.0
P16234|Q96LZ7_LKGRYCYTV|0.003
P16234|Q96LZ7_VSKLSWIEK|0.0
P16234|Q96LZ7_KMAATLFGK|0.002
P16234|Q96LZ7_QKIMTSLKR|0.0
P16234|Q96LZ7-2_HRGASSISQ|0.0
P16234|Q96LZ7-2_ASSISQPSI|0.0
P16234|Q96LZ7-2_QPSISLGHK|0.0
P16234|Q96TC7_NSLDYTQTS|0.001
P16234|Q96TC7_SLDYTQTSD|0.002
P16234|Q96TC7_VRERSDSTG|0.0
P16234|Q96TC7_ERSDSTGSS|0.0
P16234|Q96TC7_RSDSTGSSS|0.0
P16234|Q96TC7_DSTGSSSVY|0.0
P16234|Q96TC7_STGSSSVYF|0.0
P16234|Q96TC7_TGSSSVYFT|0.0
P16234|Q96TC7_EGGYTTANA|0.0
P16234|Q96TC7_NERDSDKES|0.0
P16234|Q96TC7_EDEVSCETV|0.0
P16234|Q96TC7_LVYGSRQDF|0.0
P16234|Q96TC7_KKTATALLE|0.0
P16234|Q96TC7_ALLESPLSA|0.0
P16234|Q96DB5_AAPGSRLPA|0.0
P16234|Q96DB5_PAGTSGSRG|0.0
P16234|Q96DB5_EQADYLYES|0.427
P16234|Q96DB5_SHKWYAICL|0.364
P16234|Q96DB5_DVGDYEGIK|0.234
P16234|Q96DB5_IANAYIIKE|0.408
P16234|Q96DB5_KALGYFHRA|0.173
P16234|Q96DB5_LTSFSEKN_|0.0
P16234|Q86UY5_LDGGSEAYW|0.0
P16234|Q86UY5_KGLDSSSLQ|0.0
P16234|Q86UY5_GLDSSSLQS|0.0
P16234|Q86UY5_LDSSSLQSG|0.0
P16234|Q86UY5_SSLQSGTYF|0.0
P16234|Q86UY5_LQSGTYFPV|0.0
P16234|Q86UY5_QSGTYFPVA|0.303
P16234|Q86UY5_FPVASEGSE|0.0
P16234|Q86UY5_LKEKSSATV|0.0
P16234|Q86UY5_KEKSSATVY|0.0
P16234|Q86UY5_KSSATVYFQ|0.0
P16234|Q86UY5_VYFQTVKHN|0.0
P16234|Q86UY5_EGEIYCAKS|0.0
P16234|Q86UY5_FRHLYASSK|0.407
P16234|Q86UY5_NGRLSSSSG|0.0
P16234|Q86UY5_ASDRTSSNP|0.0
P16234|Q86UY5_SNPFSGRSA|0.0
P16234|Q86UY5_RSAGSHPGT|0.0
P16234|Q86UY5_WGAPSPQAH|0.0
P16234|Q86UY5_QAHLSPRPH|0.0
P16234|Q86UY5_PAAVYSNLG|0.0
P16234|Q86UY5_AAVYSNLGA|0.361
P16234|Q86UY5_NLGAYRPTR|0.001
P16234|Q86UY5_AYRPTRLQL|0.0
P16234|Q86UY5_FLQASPHF_|0.0
P16234|Q5T0W9_SSMLSSLND|0.0
P16234|Q5T0W9_EEINYILKN|0.052
P16234|Q5T0W9_IVEASTRGV|0.0
P16234|Q5T0W9_VEASTRGVS|0.0
P16234|Q5T0W9_TRGVSVYIL|0.0
P16234|Q5T0W9_TYQHSVSSL|0.0
P16234|Q5T0W9_QHSVSSLAS|0.0
P16234|Q5T0W9_HSVSSLASV|0.0
P16234|Q5T0W9_LASVSSQRN|0.004
P16234|Q5T0W9_ASVSSQRNL|0.0
P16234|Q5T0W9_KLDSSYFKN|0.428
P16234|Q5T0W9_LDSSYFKNR|0.431
P16234|Q5T0W9_NRGIYTLNE|0.5
P16234|Q5T0W9_RGIYTLNEH|0.0
P16234|Q5T0W9_EHDKYNIRS|0.014
P16234|Q5T0W9_RSHGYKPHF|0.221
P16234|Q5T0W9_ETVPYLLLN|0.396
P16234|Q5T0W9_WKKPSDSLS|0.0
P16234|Q5T0W9_SREGYVSHH|0.502
P16234|Q5T0W9_EGYVSHHNT|0.0
P16234|Q5T0W9_SHHNTPAQS|0.0
P16234|Q5T0W9_AQRKTTNLA|0.392
P16234|Q5T0W9_QRKTTNLAD|0.0
P16234|Q5T0W9_ADRNSNVRR|0.014
P16234|Q5T0W9_SFNGTDNHI|0.0
P16234|Q5T0W9_QRMPTLEHT|0.0
P16234|Q5T0W9_RFEGYDNPE|0.053
P16234|Q5T0W9_ANALYTHSR|0.354
P16234|Q5T0W9_LYTHSRLRS|0.0
P16234|Q5T0W9_SRLRSSLVF|0.0
P16234|Q5T0W9_EVPDTPTNV|0.007
P16234|Q5T0W9_PLPESIPKL|0.0
P16234|Q5T0W9_PENHSVALN|0.0
P16234|Q5T0W9_TNGHTESNN|0.0
P16234|Q5T0W9_GHTESNNYI|0.001
P16234|Q5T0W9_ESNNYIYKT|0.292
P16234|Q5T0W9_NNYIYKTLG|0.341
P16234|Q5T0W9_LFDNSKANL|0.005
P16234|Q5T0W9_DPGNSKHYV|0.195
P16234|Q5T0W9_NSKHYVYST|0.523
P16234|Q5T0W9_KHYVYSTLT|0.469
P16234|Q5T0W9_HYVYSTLTR|0.025
P16234|Q5T0W9_YVYSTLTRN|0.05
P16234|Q5T0W9_KSSKSMHNV|0.0
P16234|Q5T0W9_TKRNSPSGT|0.0
P16234|Q5T0W9_SPSGTTTKS|0.0
P16234|Q5T0W9_TKSVSIAAL|0.0
P16234|Q5T0W9_NKEESNKEL|0.0
P16234|Q5T0W9_KGSPSFLKK|0.0
P16234|Q5T0W9_QKLRSLLSL|0.0
P16234|Q5T0W9_RSLLSLTPD|0.0
P16234|Q5T0W9_APAFYRLCS|0.384
P16234|Q5T0W9_RLCSSSDTL|0.0
P16234|Q5T0W9_LCSSSDTLV|0.0
P16234|Q5T0W9_SSSDTLVSE|0.0
P16234|Q5T0W9_DTLVSEGEE|0.0
P16234|Q5T0W9_RRKHSSSSN|0.0
P16234|Q5T0W9_HSSSSNSQG|0.035
P16234|Q5T0W9_SSSNSQGSI|0.0
P16234|Q5T0W9_NSQGSIHKS|0.0
P16234|Q5T0W9_SIHKSKEDV|0.0
P16234|Q5T0W9_KEDVTVSPS|0.0
P16234|Q5T0W9_GPVESKFLE|0.0
P16234|Q5T0W9_AGDASAPRF|0.084
P16234|Q5T0W9_EQIQYRDSR|0.006
P16234|Q5T0W9_QYRDSREIN|0.0
P16234|Q5T0W9_NAVVTPERR|0.0
P16234|Q5T0W9_ERRPTSSPR|0.0
P16234|Q5T0W9_RRPTSSPRP|0.0
P16234|Q5T0W9_PRPTSSELL|0.0
P16234|Q5T0W9_LRSHSTDRR|0.0
P16234|Q5T0W9_RSHSTDRRV|0.0
P16234|Q5T0W9_DRRVYSRFE|0.445
P16234|Q5T0W9_PEIKSATMG|0.0
P16234|Q5T0W9_IKSATMGNS|0.0
P16234|Q5T0W9_TMGNSYGRS|0.0
P16234|Q5T0W9_MGNSYGRSS|0.2
P16234|Q5T0W9_PLLNYNTGV|0.37
P16234|Q5T0W9_NTGVYRSYQ|0.559
P16234|Q9BQN1_SQAHTVVAV|0.0
P16234|Q9BQN1_LMEASSRRG|0.0
P16234|Q9BQN1_MEASSRRGV|0.0
P16234|Q9BQN1_EDPLSPRAL|0.0
P16234|Q9BQN1_GDPDSGVTP|0.0
P16234|Q9BQN1_DRRLSLNQS|0.0
P16234|Q9BQN1_LLMQYPKAQ|0.003
P16234|Q9H4H8_MALLSEGLD|0.0
P16234|Q9H4H8_AACLSPCGP|0.0
P16234|Q9H4H8_TELFSESRR|0.0
P16234|Q9H4H8_LFSESRRLA|0.0
P16234|Q9H4H8_EGGPYGCKD|0.428
P16234|Q9H4H8_TGNIYYARS|0.254
P16234|Q9H4H8_ARSGTKIIG|0.0
P16234|Q9H4H8_FRILYAQSK|0.269
P16234|Q9H4H8_RKPQSKELT|0.369
P16234|Q9H4H8_LARLSSTPR|0.0
P16234|Q9H4H8_ARLSSTPRK|0.001
P16234|Q9H4H8_RLSSTPRKA|0.0
P16234|Q9H4H8_HDCESSTVS|0.0
P16234|Q9H4H8_DCESSTVSE|0.0
P16234|Q9H4H8_CESSTVSEE|0.146
P16234|Q9H4H8_SSTVSEEDY|0.001
P16234|Q9H4H8_SEEDYFSSH|0.427
P16234|Q9H4H8_TRIASSQTT|0.0
P16234|Q9H4H8_RIASSQTTI|0.0
P16234|Q9H4H8_RGTQSTEGS|0.0
P16234|Q9H4H8_KMSVSRSSS|0.0
P16234|Q9H4H8_SRSSSLKSS|0.0
P16234|Q9H4H8_SSTGSPASI|0.0
P16234|Q9H4H8_HLELYLSDS|0.223
P16234|Q2M2I3__MAASQLAA|0.0
P16234|Q2M2I3_VPGASPGFL|0.0
P16234|Q2M2I3_VDAGSLSYW|0.015
P16234|Q2M2I3_GSLSYWPGQ|0.186
P16234|Q2M2I3_RRQVSGTVR|0.0
P16234|Q2M2I3_SRRRSVAPA|0.0
P16234|Q2M2I3_VAPASPPPP|0.0
P16234|Q2M2I3_ACRVSPATP|0.0
P16234|Q2M2I3_VSPATPGPA|0.0
P16234|Q2M2I3_GPALSDILR|0.0
P16234|Q2M2I3_QRARTPSGP|0.0
P16234|Q2M2I3_ARTPSGPPA|0.0
P16234|Q2M2I3_RPSRSMWDL|0.0
P16234|Q2M2I3_LRYLSPARR|0.0
P16234|Q8NEG4_DFLSSPERQ|0.0
P16234|Q8NEG4_RAAWSPYED|0.0
P16234|Q8NEG4_ARGKSKAKA|0.0
P16234|Q8NEG4_APAESGESL|0.0
P16234|Q8NEG4_ESGESLAYW|0.0
P16234|Q8NEG4_ESLAYWPDR|0.0
P16234|Q8NEG4_WPDRSDTEV|0.0
P16234|Q8NEG4_DRSDTEVPP|0.0
P16234|Q8NEG4_DTGFYRGVS|0.001
P16234|Q8NEG4_AGVKYFLEM|0.0
P16234|Q8NEG4_VGLHYSSTV|0.001
P16234|Q8NEG4_GLHYSSTVA|0.0
P16234|Q8NEG4_HYSSTVARK|0.001
P16234|Q8NEG4_INPKYALVS|0.001
P16234|Q8NEG4_PNENSSADI|0.0
P16234|Q8NEG4_NENSSADIS|0.0
P16234|Q8NEG4_ISGKTSPSS|0.0
P16234|Q8NEG4_SGKTSPSSA|0.0
P16234|A6ND36_EPLPSLEYW|0.001
P16234|A6ND36_PSLEYWPQK|0.099
P16234|A6ND36_IVDESNVKY|0.169
P16234|A6ND36_FQELYLMSH|0.01
P16234|A6ND36_AKISSEKQE|0.0
P16234|A6ND36_QRQLSVTQD|0.0
P16234|A6ND36_VSEEYFEVR|0.241
P16234|A6ND36_RRRHSEQVA|0.148
P16234|A6ND36_ANGPTPPPR|0.0
P16234|A6ND36_ITRGTFVGP|0.0
P16234|A6ND36_PWAQSRGRE|0.0
P16234|A6ND36_QAQRSTDKE|0.0
P16234|A6ND36_PRYRSAADS|0.357
P16234|A6ND36_PDPGSPRLA|0.0
P16234|A6ND36_EEHPSPFGI|0.0
P16234|A6ND36_SQWASSDSK|0.0
P16234|A6ND36_ASSDSKRRA|0.0
P16234|Q6ZRV2_MARRSQSSS|0.0
P16234|Q6ZRV2_RRSQSSSQG|0.0
P16234|Q6ZRV2_RSQSSSQGD|0.0
P16234|Q6ZRV2_SQSSSQGDN|0.0
P16234|Q6ZRV2_LAPGYLPPH|0.0
P16234|Q6ZRV2_LPPHYKEYY|0.0
P16234|Q6ZRV2_RMDAYALAP|0.404
P16234|Q6ZRV2_LRPLSRRLE|0.0
P16234|Q6ZRV2_HSFATEGAG|0.0
P16234|Q6ZRV2_QTFLSHGDD|0.0
P16234|Q6ZRV2_RDQLYQQQY|0.305
P16234|Q6ZRV2_YQQQYQWDP|0.322
P16234|Q6ZRV2_QRLDYVPSS|0.111
P16234|Q6ZRV2_RPNLTQRFP|0.0
P16234|Q6ZRV2_WRLASYLSG|0.0
P16234|Q6ZRV2_ASYLSGCHG|0.0
P16234|Q6ZRV2_DLLPSAFRV|0.0
P16234|Q6ZRV2_SRLRSSLIF|0.0
P16234|Q6ZRV2_IFSTSQAEG|0.0
P16234|Q6ZRV2_AAAATEKVQ|0.0
P16234|Q6ZRV2_HKEQTVSET|0.0
P16234|Q6ZRV2_EQTVSETLG|0.0
P16234|Q6ZRV2_QLLDTLGRS|0.0
P16234|Q6ZRV2_GRSGSDRLP|0.0
P16234|Q6ZRV2_AQSHSTSPQ|0.0
P16234|Q6ZRV2_QGLDSPLPL|0.0
P16234|Q6ZRV2_PTSAYPERK|0.0
P16234|Q6ZRV2_PTSAYPERR|0.0
P16234|Q6ZRV2_EEGPSGPME|0.0
P16234|Q6ZRV2_GQPESPRRL|0.0
P16234|Q6ZRV2_TEAATEERG|0.0
P16234|Q6ZRV2_FRSDSLGTQ|0.0
P16234|Q6ZRV2_DSLGTQGRL|0.0
P16234|Q6ZRV2_TLPASAEER|0.0
P16234|Q6ZRV2_RRMESMRKE|0.0
P16234|Q6ZRV2_EKRVYSRFE|0.0
P16234|Q6ZRV2_AEEGTRDSK|0.0
P16234|Q96G04_FPWQSLEAK|0.0
P16234|Q96G04_MAKESTQGH|0.0
P16234|Q96G04_AKESTQGHR|0.0
P16234|Q96G04_RPRAYIFSD|0.0
P16234|Q96G04_SDCHSRVLE|0.0
P16234|Q8N7N1_FPWQSLEAK|0.0
P16234|Q8N7N1_SSGGSVTLS|0.0
P16234|Q8N7N1_GGSVTLSKS|0.0
P16234|Q8N7N1_SVTLSKSTA|0.0
P16234|Q8N7N1_AYIFSDPHS|0.011
P16234|Q8N7N1_SDPHSRVLE|0.208
P16234|P0C5J1_FPWQSLEAK|0.0
P16234|P0C5J1_MAKESTQGH|0.0
P16234|P0C5J1_AKESTQGHR|0.0
P16234|P0C5J1_SSGGSVTLS|0.0
P16234|P0C5J1_GGSVTLSKS|0.0
P16234|P0C5J1_SVTLSKSTA|0.0
P16234|P0C5J1_AYIFSDPHS|0.0
P16234|Q9NVL1_LLLQSFKRR|0.0
P16234|Q9NVL1_FRWQSLEAK|0.0
P16234|Q9NVL1_MAKESTQGH|0.0
P16234|Q9NVL1_AKESTQGHR|0.0
P16234|Q9NVL1_LPAGSTSGL|0.0
P16234|Q9NVL1_AGSTSGLLN|0.0
P16234|Q96GI7____MSGARA|0.0
P16234|Q96GI7_PLPKSLSGL|0.0
P16234|Q96GI7_PKSLSGLLH|0.0
P16234|Q96GI7_LHSASGGGA|0.0
P16234|Q96GI7_QAASSPDCT|0.0
P16234|Q96GI7_PDCTYALEN|0.0
P16234|Q96GI7_QEQNSLHDR|0.0
P16234|Q96GI7_PRDLSLPVS|0.0
P16234|Q96GI7_WILESI___|0.0
P16234|Q8N5H3_NGLPSAEAP|0.0
P16234|Q8N5H3_ERVYSQRSR|0.171
P16234|Q9UBU6_GEAASGSGA|0.0
P16234|Q9UBU6_AASGSGAEL|0.0
P16234|Q9UBU6_AGISTPAPV|0.0
P16234|Q9UBU6_ATPVTRVGS|0.113
P16234|Q9UBU6_TRVGSAAPS|0.0
P16234|Q9UBU6_SAAPSRSPS|0.0
P16234|Q9UBU6_SRSPSETGR|0.0
P16234|Q9UBU6_AGREYVIPS|0.045
P16234|Q9UBU6_YVIPSLAHR|0.0
P16234|Q9UBU6_FIKATIVLS|0.0
P16234|Q9UBU6_TIVLSIMHL|0.0
P16234|Q9UBU6_LRVVTCDTS|0.0
P16234|Q9UBU6_VTCDTSVLI|0.0
P16234|Q9UBU6_TCDTSVLIA|0.0
P16234|Q9UBU6_SSNVSITTS|0.0
P16234|Q9UBU6_VSITTSTIR|0.0
P16234|Q86YD7_ATEMSDRGS|0.0
P16234|Q86YD7_LRKASLSSS|0.001
P16234|Q86YD7_ASLSSSSSL|0.02
P16234|Q86YD7_LSSSSSLGP|0.499
P16234|Q86YD7_LGLGSNLSF|0.035
P16234|A6NDY2_LRVASGPMP|0.0
P16234|A6NDY2_PVHTTSKRP|0.0
P16234|A6NDY2_VHTTSKRPR|0.0
P16234|A6NDY2_ASLSSSSSL|0.0
P16234|A6NDY2_KERQTGAAA|0.0
P16234|A6NDY2_KPTHSSPEG|0.0
P16234|A6NDY2_LGLGSNLSF|0.0
P16234|A6NDY2_RWSSSLLAA|0.0
P16234|A6NDY2_SPHVSEKSE|0.0
P16234|P0C7W9_ASLSSSSSL|0.0
P16234|P0C7W9_LGLGSNLSF|0.0
P16234|P0C7V4_ASLSSSSSL|0.0
P16234|P0C7V4_LGLGSNLSF|0.0
P16234|P0DV73_ASLSSSSSL|0.106
P16234|P0DV73_LGLGSNLSF|0.106
P16234|P0DV75_ASLSSSSSL|0.0
P16234|P0DV75_KPTHSSPEG|0.0
P16234|P0DV75_LGLGSNLSF|0.0
P16234|D6RGX4_SALASLSPL|0.0
P16234|D6RGX4_LASLSPLRK|0.0
P16234|D6RGX4_KPTHSSPEG|0.0
P16234|A8MXJ8_ASLSSSSSL|0.0
P16234|A8MXJ8_LGLGSNLSF|0.0
P16234|A6NKC0_LRVASGPMP|0.0
P16234|A6NKC0_PVHTTSKRP|0.0
P16234|A6NKC0_VHTTSKRPR|0.0
P16234|A6NKC0_ASLSSSSSL|0.0
P16234|A6NKC0_KERQTGAAA|0.0
P16234|A6NKC0_KPTHSSPEG|0.0
P16234|A6NKC0_LGLGSNLSF|0.0
P16234|A6NNJ1_ASLSSSSSL|0.0
P16234|A6NNJ1_KPTHSSPEG|0.0
P16234|A6NNJ1_LGLGSNLSF|0.0
P16234|Q658Y4_PYHLSDIMV|0.003
P16234|Q658Y4_KNVPSVNRL|0.0
P16234|Q658Y4_NRLKSTLDP|0.0
P16234|Q658Y4_RLKSTLDPQ|0.0
P16234|Q658Y4_ASSATDTDT|0.0
P16234|Q658Y4_SATDTDTNS|0.099
P16234|Q658Y4_DPADTASVS|0.0
P16234|Q658Y4_WFKLYIYHV|0.328
P16234|Q658Y4_CRKESLQNL|0.0
P16234|Q658Y4_RSPSSLLIA|0.0
P16234|Q9H5X1_MQRVSGLLS|0.0
P16234|Q9Y3D0_NPLIYQRSG|0.0
P16234|Q9Y3D0_ERPVTAGEE|0.0
P16234|Q9Y3D0_LSARS____|0.0
P16234|Q8NCA5_EGGGSEVFQ|0.0
P16234|Q8NCA5_IANEYEVRR|0.0
P16234|Q8NCA5_VTVQSFGWS|0.0
P16234|Q8NCA5_SFGWSDRAK|0.0
P16234|Q8NCA5_RQDLSKILR|0.0
P16234|Q8NCA5_GRGGYEHSS|0.306
P16234|Q8NCA5_GYEHSSYGG|0.091
P16234|Q8NCA5_YEHSSYGGR|0.0
P16234|Q8NCA5_EHSSYGGRG|0.0
P16234|Q8NCA5_TDGGSGGGG|0.0
P16234|Q8NCA5_GGGGYQDGG|0.4
P16234|Q8NCA5_QYNHSGFGQ|0.006
P16234|Q8NCA5_GRHYTS___|0.009
P16234|Q52LJ0_IIRTSSGTS|0.0
P16234|Q52LJ0-1_NSEVYQEVQ|0.0
P16234|Q52LJ0-1_RYALSPKTT|0.0
P16234|Q52LJ0-1_REDLSKIIR|0.0
P16234|Q52LJ0-1_KIIRTSSGT|0.0
P16234|Q52LJ0-1_IIRTSSGTS|0.0
P16234|Q52LJ0-1_TSSGTSREK|0.0
P16234|Q17RN3_RQLGSLLRE|0.0
P16234|Q17RN3_REVLTPESD|0.007
P16234|Q17RN3_LTPESDISI|0.0
P16234|Q17RN3_ESDISIAHV|0.261
P16234|Q17RN3_VRRGTCCAI|0.001
P16234|Q17RN3_PPMPTWRSR|0.0
P16234|Q9Y2M0___MMSEGKP|0.0
P16234|Q9Y2M0_RRSLSISKN|0.0
P16234|Q9Y2M0_TPKKSPPPK|0.0
P16234|Q9Y2M0_KTNLTPGQS|0.0
P16234|Q9Y2M0_GQSDSAKRE|0.0
P16234|Q9Y2M0_KISPYFKSN|0.0
P16234|Q9Y2M0_PYFKSNDVV|0.006
P16234|Q9Y2M0_LRNRSVKVI|0.0
P16234|Q9Y2M0_ICLGSLASK|0.0
P16234|Q9Y2M0_ASKLSRKYV|0.0
P16234|Q9Y2M0_LSRKYVKAK|0.242
P16234|Q9Y2M0_KAKKSIDKD|0.0
P16234|Q9Y2M0_IDNSSEIED|0.0
P16234|Q9Y2M0_KSALTPGFS|0.0
P16234|Q9Y2M0_TPGFSDNAI|0.0
P16234|Q9Y2M0_KIQLSDSEA|0.0
P16234|Q9Y2M0_KNHPSLRCH|0.0
P16234|Q9Y2M0_RELESLLSQ|0.0
P16234|O15360_FGVFSGHTL|0.0
P16234|O15360_HTLGSVIST|0.0
P16234|O15360_FFSHTLTQI|0.0
P16234|O15360_TQILTHSPV|0.0
P16234|O15360_VLKASDAVQ|0.0
P16234|O15360_PLLTSLYRR|0.0
P16234|O15360_QAFESCQLD|0.0
P16234|O15360_ASFGSTRGY|0.0
P16234|O15360_ESPRYLQVH|0.121
P16234|O15360_RQFASDFLS|0.0
P16234|O15360_KRKISWLAL|0.0
P16234|O15360_LFQLTESDL|0.0
P16234|Q8NB91_SKSDYAIWN|0.003
P16234|Q8NB91_EEENSVHIL|0.0
P16234|Q8NB91_DEKLSDNFQ|0.0
P16234|Q8NB91_AKRVTLTPD|0.0
P16234|Q8NB91_RVTLTPDSK|0.0
P16234|Q8NB91_SKGKSSVVA|0.001
P16234|Q8NB91_KGKSSVVAA|0.0
P16234|Q8NB91_AAALSDRRE|0.0
P16234|Q8NB91_YREITLKVA|0.0
P16234|Q00597_KEMDSNTVI|0.0
P16234|Q9BXW9_EDKESLTED|0.0
P16234|Q9BXW9_KTGESQNQL|0.0
P16234|Q9BXW9_DEEASMGAS|0.0
P16234|Q9BXW9_MQLISIAPE|0.0
P16234|Q9BXW9_DVLSSLRLD|0.0
P16234|Q9BXW9_MDKLSSIRL|0.0
P16234|Q9BXW9_DKLSSIRLE|0.0
P16234|Q9BXW9_RLQASQVKL|0.0
P16234|Q9BXW9_GSLLYKYAF|0.267
P16234|Q9BXW9_AADRSESPS|0.0
P16234|Q9BXW9_VKALYGLEE|0.0
P16234|Q9BXW9_PLLFSQDFA|0.014
P16234|Q9BXW9_QKLESMLTP|0.0
P16234|Q9BXW9_ESMLTPPIA|0.0
P16234|Q9BXW9_EKIASLARQ|0.0
P16234|Q9BXW9_ELINSPKDA|0.0
P16234|Q9BXW9_IEPGTAADS|0.0
P16234|Q9BXW9_LLKKTLELL|0.0
P16234|Q9BXW9_SQESTADES|0.0
P16234|Q96PS1_KWTGTFRVS|0.004
P16234|Q96PS1_VSDKSAFCK|0.0
P16234|Q96PS1_ILLLYATYK|0.0
P16234|Q96PS1_LYATYKKCT|0.0
P16234|Q9HB96_RRLKSPQAP|0.0
P16234|Q9HB96_ENRDSQQPG|0.0
P16234|Q9HB96_RRKDSEEEA|0.0
P16234|Q9HB96_EEAASPEGK|0.0
P16234|Q9HB96_PEHKSLESL|0.0
P16234|Q9HB96_TSMAYAKLM|0.0
P16234|Q9NPI8_ARFLSSLWE|0.0
P16234|Q9NPI8_RFLSSLWER|0.0
P16234|O15287_HLLQTLKRL|0.0
P16234|Q9NVI1_EEAGTLRRR|0.0
P16234|Q9NVI1_KGVLSGEEC|0.0
P16234|Q9NVI1_PPLVYQLLV|0.423
P16234|Q9NVI1_LVLSSKGSR|0.0
P16234|Q9NVI1_KTIETSPSL|0.0
P16234|Q9NVI1_ETSPSLSRM|0.0
P16234|Q9NVI1_SPSLSRMPN|0.0
P16234|Q9NVI1_RLMLYEGFY|0.336
P16234|Q9NVI1_YEGFYDVLR|0.273
P16234|Q9NVI1_ACILTQGDK|0.0
P16234|Q9NVI1_ELDKSADFS|0.0
P16234|Q9NVI1_DFSQSTSIG|0.0
P16234|Q9NVI1_YKKLSDILN|0.0
P16234|Q9NVI1_MANKTSDSL|0.0
P16234|Q9NVI1_EKGKSISLL|0.0
P16234|Q9NVI1_LEPSSPQFV|0.021
P16234|Q9NVI1_LFCKSLMNL|0.0
P16234|Q9NVI1_SEEASSQAT|0.0
P16234|Q9NVI1_AAVATAMAR|0.0
P16234|Q9NVI1_EGTASEHGG|0.0
P16234|Q9NW38__MAVTEASL|0.0
P16234|Q9NW38_VTEASLLRQ|0.0
P16234|Q9NW38_TSRQSFNII|0.013
P16234|Q8IYD8_CSSGTERPQ|0.0
P16234|Q8IYD8_QILESFARS|0.0
P16234|Q8IYD8_IMDGTKGMT|0.001
P16234|Q8IYD8_TKGMTRSKN|0.0
P16234|Q8IYD8_ANGISAIQQ|0.0
P16234|Q8IYD8_KRSIYKAIS|0.025
P16234|Q8IYD8_KAISSNRQV|0.218
P16234|Q8IYD8_THGVYEPEK|0.462
P16234|Q8IYD8_QRKSSIFSY|0.089
P16234|Q8IYD8_SVIESDEEC|0.0
P16234|Q8IYD8_SGYNSFNDE|0.032
P16234|Q8IYD8_SKSESLPVS|0.0
P16234|Q8IYD8_SLPVSDKTA|0.0
P16234|Q8IYD8_EELLSPGYS|0.0
P16234|Q8IYD8_GQLLTSNES|0.0
P16234|Q8IYD8_TSNESEDDE|0.0
P16234|Q8IYD8_SEVDSPLHA|0.0
P16234|Q8IYD8_KSLRSPMMN|0.0
P16234|Q8IYD8_DKRESNIAV|0.0
P16234|Q8IYD8_AVNPSTVKK|0.0
P16234|Q8IYD8_SKVRSTPRV|0.0
P16234|Q8IYD8_KVRSTPRVN|0.0
P16234|Q8IYD8_SKQTSLNLK|0.0
P16234|Q8IYD8_VQSTTPPFT|0.0
P16234|Q8IYD8_QKDGSALED|0.0
P16234|Q8IYD8_EMLNSVNKN|0.006
P16234|Q8TC84_HRAVSVNDE|0.003
P16234|Q12884_QSVRSVFAV|0.024
P16234|Q12884_KLGVYEVED|0.149
P16234|Q12884_EDQITAVRK|0.396
P16234|Q12884_NLEHYKNST|0.189
P16234|Q12884_HYKNSTVMA|0.125
P16234|Q12884_YKNSTVMAR|0.003
P16234|Q9Y4F1_PTPGSRLGA|0.0
P16234|Q9Y4F1_APENSGIST|0.0
P16234|Q9Y4F1_KPPPTPSGK|0.0
P16234|Q9Y4F1_TPAESDFQL|0.0
P16234|Q9Y4F1_QVLDYVKEG|0.221
P16234|Q9Y4F1_ERKHSKIHS|0.0
P16234|Q9Y4F1_SKIHSIRSL|0.0
P16234|Q9Y4F1_PGGQSCRRG|0.0
P16234|Q9Y4F1_DGAASAPTE|0.0
P16234|Q9Y4F1_TGSLTGSPH|0.0
P16234|Q9Y4F1_SPHLSELSV|0.0
P16234|Q9Y4F1_LSVNSQGGV|0.0
P16234|Q9Y4F1_ACPRTDDED|0.0
P16234|Q9Y4F1_EALKSLIFP|0.0
P16234|Q9Y4F1_WEGRSNAQI|0.0
P16234|Q9Y4F1_DVLLYTSRG|0.338
P16234|Q9Y4F1_LLYTSRGLT|0.0
P16234|Q9Y4F1_IVAASSRSE|0.0
P16234|Q9Y4F1_LAEKSSSPA|0.0
P16234|Q9Y4F1_EFLASSPPD|0.0
P16234|Q9Y4F1_EDDLSASRT|0.0
P16234|Q9Y4F1_WHRNTSVSM|0.0
P16234|Q9Y4F1_LHFKSHVYY|0.002
P16234|Q9Y4F1_SHKESLVY_|0.0
P16234|Q9Y4F1_ESLVY____|0.151
P16234|O94887_IEGTYRVLQ|0.513
P16234|O94887_LGAQTPVGV|0.0
P16234|O94887_PVGVSTLEP|0.0
P16234|O94887_VGVSTLEPG|0.0
P16234|O94887_EPGQTLLPR|0.004
P16234|O94887_AVFFSRGSS|0.0
P16234|O94887_SFRYSGRTQ|0.264
P16234|O94887_YFKDSGMKR|0.199
P16234|O94887_KRIPYERRH|0.341
P16234|O94887_VRALTADLP|0.378
P16234|O94887_LPKQSISFP|0.0
P16234|O94887_EGLRTPASP|0.0
P16234|O94887_RTPASPSSA|0.0
P16234|O94887_PASPSSANA|0.0
P16234|O94887_ASPSSANAF|0.0
P16234|O94887_ANAFYSLSP|0.337
P16234|O94887_FYSLSPSTL|0.0
P16234|O94887_LSPSTLVPS|0.0
P16234|O94887_TLVPSGLPE|0.0
P16234|O94887_EFKDSSSSL|0.276
P16234|O94887_DPQVSYVKS|0.174
P16234|O94887_PQVSYVKSP|0.363
P16234|O94887_AERRSGAVA|0.0
P16234|O94887_GPGLSTKSP|0.0
P16234|O94887_PGLSTKSPQ|0.0
P16234|O94887_LSTKSPQPS|0.0
P16234|O94887_SPQPSPSSR|0.0
P16234|O94887_ADEAYFIVK|0.391
P16234|O94887_AMPATLMTL|0.0
P16234|O94887_ATLMTLLFS|0.0
P16234|O94887_TLLFSNIDP|0.0
P16234|O94887_DEVLTELEK|0.0
P16234|O94887_LPGRTVCTR|0.0
P16234|O94887_RPPRSPNEV|0.0
P16234|O94887_HRANTTMHV|0.141
P16234|O94887_RANTTMHVC|0.138
P16234|O94887_HVCWYRNTS|0.388
P16234|O94887_GRAPSIVQD|0.0
P16234|O95363_LLGKSYPQD|0.009
P16234|O95363_DLKQTLTRL|0.087
P16234|O95363_DLVRTIGGD|0.016
P16234|Q9Y285_GAVKSLQAL|0.0
P16234|Q9Y285_RVDKSAADG|0.001
P16234|Q9Y285_GSAFSTSIS|0.0
P16234|Q9Y285_AFSTSISKQ|0.0
P16234|Q9Y285_PFKPYNFLA|0.213
P16234|Q9Y285_LPMDYVQRV|0.351
P16234|Q9Y285_RVKRTHSQG|0.04
P16234|Q9Y285_SQGGYGSQG|0.309
P16234|Q9Y285_GGYGSQGYK|0.0
P16234|Q9Y285_GSQGYKYNW|0.009
P16234|Q9Y285_KKPFTPVKY|0.349
P16234|Q9Y285_TPVKYFSID|0.183
P16234|Q9Y285_LQMVYDSPL|0.026
P16234|Q9Y285_MVYDSPLCR|0.159
P16234|Q9Y285_RPPPTQEAA|0.128
P16234|Q9NSD9_KEIISKEQG|0.0
P16234|Q9NSD9_DVVLYKIDV|0.012
P16234|Q9NSD9_PANRYDLLC|0.254
P16234|Q9NSD9_TKDRYDSFI|0.133
P16234|Q9NSD9_DRYDSFIEL|0.03
P16234|Q9NSD9_VAIGTHDLD|0.0
P16234|Q9NSD9_LDTLSGPFT|0.0
P16234|Q9NSD9_KTKEYTACE|0.4
P16234|Q9NSD9_VIYDSNGVV|0.27
P16234|Q9NSD9_LFEISDIVI|0.0
P16234|P25445_DVDLSKYIT|0.259
P16234|P25445_SKYITTIAG|0.399
P16234|P25445_AGVMTLSQV|0.0
P16234|P25445_VMTLSQVKG|0.203
P16234|P25445_EAYDTLIKD|0.342
P16234|P25445_ANLCTLAEK|0.044
P16234|P25445_EKIQTIILK|0.0
P16234|P25445_KDITSDSEN|0.506
P16234|P25445_ITSDSENSN|0.04
P16234|P25445_DSENSNFRN|0.0
P16234|P25445_NEIQSLV__|0.0
P16234|Q16658_HLGRYLAAD|0.429
P16234|Q16658_DGNVTCERE|0.0
P16234|Q16658_AHRRYFGGT|0.428
P16234|Q16658_EDRLSCFAQ|0.071
P16234|Q16658_QVNIYSVTR|0.169
P16234|Q16658_VNIYSVTRK|0.209
P16234|Q16658_IYSVTRKRY|0.359
P16234|Q16658_LEFRSGKVA|0.0
P16234|Q16658_PSGPSGTLK|0.0
P16234|Q16658_HTGKYWTLT|0.203
P16234|Q16658_SKNASCYFD|0.293
P16234|Q16658_NRSSYDVFQ|0.07
P16234|Q16658_STGKYWTVG|0.287
P16234|Q16658_SSGDTPVDF|0.005
P16234|Q16658_EFCDYNKVA|0.389
P16234|Q16658_ASAETVDPA|0.293
P16234|P48023_GKMMSYCTT|0.449
P16234|P48023_MSYCTTGQM|0.411
P16234|P49327_VDMVTDDDR|0.0
P16234|P49327_KAGLYGLPR|0.029
P16234|P49327_SPEGTCKAF|0.0
P16234|P49327_GYCRSEGVV|0.38
P16234|P49327_IRSLYQSAG|0.0
P16234|P49327_SLYQSAGVA|0.0
P16234|P49327_VAPESFEYI|0.052
P16234|P49327_ESFEYIEAH|0.0
P16234|P49327_LHFHSPNPE|0.0
P16234|P49327_AVPATAMPF|0.0
P16234|P49327_PFRGYAVLG|0.112
P16234|P49327_GMGLSLMRL|0.0
P16234|P49327_APRGTPLIS|0.0
P16234|P49327_TPLISPLIK|0.0
P16234|P49327_IVWKTLARA|0.0
P16234|P49327_ILPKTGTVS|0.0
P16234|P49327_PKTGTVSLE|0.0
P16234|P49327_TPNPTEPLF|0.0
P16234|P49327_DNWVSFMDT|0.0
P16234|P49327_SFMDTMLQM|0.0
P16234|P49327_KHGLYLPTR|0.327
P16234|P49327_RQKLYTLQD|0.009
P16234|P49327_DVVVSRWLR|0.001
P16234|P49327_KFCFTPHTE|0.0
P16234|P49327_PRLLSAACR|0.0
P16234|P49327_DPLLSGLLD|0.0
P16234|P49327_GLLDSPALK|0.0
P16234|P49327_ENMPSLKMK|0.0
P16234|P49327_GHLYSRIPG|0.0
P16234|P49327_PGLLSPHPL|0.0
P16234|P49327_SYTATDRHP|0.196
P16234|P49327_TEPQYGQGI|0.04
P16234|P49327_QGILSQDAW|0.0
P16234|P49327_DAWESLFSR|0.0
P16234|P49327_ESLFSRVSL|0.0
P16234|P49327_CRRPTPQDS|0.0
P16234|P49327_VDDTSFRWV|0.0
P16234|P49327_SNLSSTSHV|0.0
P16234|P49327_VMNVYRDGA|0.068
P16234|P49327_RGDLSSIRW|0.0
P16234|P49327_GDLSSIRWV|0.0
P16234|P49327_TSQDSLLGM|0.0
P16234|P49327_TTVGSAEKR|0.0
P16234|P49327_EKRAYLQAR|0.194
P16234|P49327_SFANSRDTS|0.0
P16234|P49327_LVLNSLAEE|0.0
P16234|P49327_PKLMSAISK|0.0
P16234|P49327_MSAISKTFC|0.0
P16234|P49327_TSNISSLEG|0.0
P16234|P49327_SNISSLEGA|0.0
P16234|P49327_KPKYSGTLN|0.0
P16234|P49327_KYSGTLNLD|0.0
P16234|P49327_GQSNYGFAN|0.401
P16234|P49327_NLVLSVREV|0.0
P16234|P49327_QELSSKADE|0.0
P16234|P49327_ASRLSIPTY|0.013
P16234|P49327_LSIPTYGLQ|0.0
P16234|P49327_SIPTYGLQC|0.333
P16234|P49327_RAKLTPGCE|0.0
P16234|P49327_RQELSFAAR|0.0
P16234|P49327_ARSFYYKLR|0.379
P16234|P49327_RSFYYKLRA|0.387
P16234|P49327_AAEQYTPKA|0.215
P16234|P49327_AEQYTPKAK|0.161
P16234|P49327_EPRVSVREG|0.0
P16234|Q14296_RVLLSAQTS|0.0
P16234|Q14296_SAQTSPARL|0.0
P16234|Q14296_EQAKSPGEL|0.0
P16234|Q14296_QLLGSRPRP|0.0
P16234|Q14296_VLLGSRALR|0.0
P16234|Q53R41_QKQKTSLLK|0.0
P16234|Q53R41_VNVLYVTQQ|0.082
P16234|Q53R41_VLYVTQQFA|0.136
P16234|Q53R41_DQHLYFSPL|0.0
P16234|Q53R41_HLYFSPLMG|0.0
P16234|Q53R41_LSSLSVLMV|0.0
P16234|Q53R41_VNISSLISR|0.0
P16234|Q53R41_NHPASFVKL|0.0
P16234|Q53R41_ELLLSYLKN|0.456
P16234|Q53R41_LLLSYLKNS|0.0
P16234|Q53R41_KLDHYGRQR|0.173
P16234|Q53R41_QHSNSLDLL|0.0
P16234|Q53R41_FISSTDYLS|0.0
P16234|Q53R41_DYLSTLLLD|0.001
P16234|Q53R41_LTPYYHKVD|0.0
P16234|Q53R41_EILGYRVIQ|0.0
P16234|Q9NYY8_FIFKSDVGF|0.0
P16234|Q9NYY8_VGFQTKGIS|0.0
P16234|Q9NYY8_CNSLSDVLD|0.0
P16234|Q9NYY8_LDAFSKAPT|0.0
P16234|Q9NYY8_PTFPSSNYF|0.0
P16234|Q9NYY8_KIMQYKYLL|0.07
P16234|Q9NYY8_NILQSCKDL|0.0
P16234|Q9NYY8_KDLQYHNLD|0.0
P16234|Q9NYY8_GLADYVAAT|0.077
P16234|Q9NYY8_VLPLSDVDT|0.002
P16234|Q9NYY8_EDAVTFLKT|0.0
P16234|Q14CZ7_LETFTPEDI|0.0
P16234|Q14CZ7_VLDQSQAFP|0.0
P16234|Q14CZ7_VPHFTNEEL|0.0
P16234|Q14CZ7_QGKESHLDT|0.0
P16234|Q14CZ7_QLLGYQVVQ|0.108
P16234|Q7L8L6_ATLKSLKLV|0.0
P16234|Q7L8L6_LTTSSAHPG|0.0
P16234|Q7L8L6_GLEFSKTSS|0.0
P16234|Q7L8L6_EFSKTSSSK|0.0
P16234|Q7L8L6_VIVDYLCKL|0.027
P16234|Q7L8L6_LCKLSSLPA|0.0
P16234|Q7L8L6_AEEFYSSLI|0.004
P16234|Q7L8L6_NREATPAEN|0.0
P16234|Q7L8L6_VADKSGAME|0.0
P16234|Q7L8L6_ACMQTPRMK|0.0
P16234|Q7L8L6_ARLGYRVVE|0.298
P16234|Q7L8L6_EKVFTSAL_|0.0
P16234|Q7L8L6_KVFTSAL__|0.0
P16234|Q14517_RPLFSPTSY|0.14
P16234|Q14517_FSPTSYSVS|0.19
P16234|Q14517_PTSYSVSLP|0.152
P16234|Q14517_IHVTSPQFK|0.0
P16234|Q14517_MPRVYTLRI|0.5
P16234|Q14517_PRVYTLRIR|0.547
P16234|Q14517_IDMETGMLK|0.048
P16234|Q14517_LKILSPLDR|0.0
P16234|Q14517_TTDKYTLNI|0.124
P16234|Q14517_TDKYTLNIT|0.54
P16234|Q14517_TLNITVYDL|0.496
P16234|Q14517_NITVYDLGI|0.096
P16234|Q14517_DLGQSGQVR|0.0
P16234|Q14517_VYNLTVRAK|0.408
P16234|Q14517_DKLMYKITS|0.537
P16234|Q14517_HVIATDKDE|0.19
P16234|Q14517_IEPKTGVVS|0.0
P16234|Q14517_TGALTVQNT|0.099
P16234|Q14517_HLKFTQDVY|0.402
P16234|Q14517_VKENSTEAE|0.0
P16234|Q14517_LAVITAIGN|0.0
P16234|Q14517_VNLPYYAVV|0.487
P16234|Q14517_RATKYEVNI|0.434
P16234|Q14517_NIGSSAAKG|0.0
P16234|Q14517_AAKGTSVVK|0.0
P16234|Q14517_KVLASDADE|0.0
P16234|Q14517_ADEGSNADI|0.0
P16234|Q14517_ADITYAIEA|0.324
P16234|Q14517_VPIGTEIDL|0.0
P16234|Q14517_VLQVYAASR|0.338
P16234|Q14517_LDRETISGY|0.181
P16234|Q14517_RETISGYTL|0.355
P16234|Q14517_TISGYTLTV|0.39
P16234|Q14517_ISGYTLTVQ|0.418
P16234|Q14517_SDNGSPPRV|0.0
P16234|Q14517_SVDESVMST|0.053
P16234|Q14517_ESVMSTHST|0.0
P16234|Q14517_SYVKYRLTE|0.42
P16234|Q14517_KYRLTENEN|0.432
P16234|Q14517_MRLRTYSTH|0.246
P16234|Q14517_LRTYSTHAV|0.285
P16234|Q14517_TAPGTLKTL|0.0
P16234|Q14517_RKMISRKKK|0.0
P16234|Q14517_LQRPYFDSK|0.064
P16234|Q14517_NKNIYSDIP|0.654
P16234|Q14517_KNIYSDIPP|0.001
P16234|Q14517_VRPISYTPS|0.391
P16234|Q14517_VAVCSVAPN|0.0
P16234|Q14517_PPSNSPSDS|0.0
P16234|Q14517_SNSPSDSDS|0.0
P16234|Q14517_SDSDSIQKP|0.0
P16234|Q14517_DPCLSKKPL|0.0
P16234|Q14517_EEKPSQPYS|0.0
P16234|Q14517_PSQPYSARE|0.177
P16234|Q14517_SQPYSARES|0.014
P16234|Q14517_SLGSSSRNR|0.0
P16234|Q14517_NLNQYLPNF|0.599
P16234|Q14517_LPNFYPLDM|0.243
P16234|Q14517_PHAPYPPGY|0.385
P16234|Q14517_YPPGYQRHF|0.363
P16234|O15205_RRSLSSYGI|0.0
P16234|O15205_DKEKTIHLT|0.0
P16234|O15205_TIHLTLKVV|0.0
P16234|O15205_RRSSSVAQV|0.0
P16234|O15205_MMADYGIRK|0.347
P16234|O15205_FLACYCIGG|0.0
P16234|Q9NYQ8_SPPSYRVTI|0.405
P16234|Q9NYQ8_LNARTGLIT|0.249
P16234|Q9NYQ8_YTLLSPTEK|0.0
P16234|Q9NYQ8_LDRESEPRY|0.24
P16234|Q9NYQ8_SEPRYILKV|0.461
P16234|Q9NYQ8_PGPVYRLVA|0.191
P16234|Q9NYQ8_RLVASDLDE|0.057
P16234|Q9NYQ8_RPLDTRRRS|0.088
P16234|Q9NYQ8_LDLGSGPSQ|0.0
P16234|Q9NYQ8_DGVFSMNSY|0.051
P16234|Q9NYQ8_SMNSYSGLI|0.001
P16234|Q9NYQ8_MNSYSGLIS|0.0
P16234|Q9NYQ8_PSLQSEEEV|0.0
P16234|Q9NYQ8_LRLIYNIVE|0.376
P16234|Q9NYQ8_GPLDYESKT|0.269
P16234|Q9NYQ8_EYTVSIQSN|0.155
P16234|Q9NYQ8_VSIQSNVSK|0.0
P16234|Q9NYQ8_QSNVSKDSP|0.0
P16234|Q9NYQ8_TGILYVNAS|0.414
P16234|Q9NYQ8_AQEWYQLQI|0.313
P16234|Q9NYQ8_QDTLTYSLA|0.292
P16234|Q9NYQ8_EMEHSVGVQ|0.0
P16234|Q9NYQ8_FTNETASVS|0.0
P16234|Q9NYQ8_TASVSLKLA|0.0
P16234|Q9NYQ8_LMVDSMGNT|0.23
P16234|Q9NYQ8_SMGNTSLVV|0.0
P16234|Q9NYQ8_EEMVYPGGA|0.576
P16234|Q9NYQ8_PNGLYGGFP|0.525
P16234|Q9NYQ8_GMRLSRAGP|0.0
P16234|Q9NYQ8_AGPSYAVCE|0.337
P16234|Q8TDW7_IVKGSVRGE|0.0
P16234|Q8TDW7_VISLSGRLN|0.0
P16234|Q8TDW7_EKNRYDLEI|0.296
P16234|Q8TDW7_EKEVYDVSI|0.235
P16234|Q8TDW7_ISEFSPPGV|0.0
P16234|Q8TDW7_EVNVTIRIG|0.0
P16234|Q8TDW7_SCRETRVAQ|0.033
P16234|Q8TDW7_IDKASGAIR|0.0
P16234|Q8TDW7_LGRFSIDDE|0.0
P16234|Q8TDW7_IDDESGVIT|0.0
P16234|Q8TDW7_HKLSYTVHS|0.022
P16234|Q8TDW7_YTVHSSIDS|0.055
P16234|Q8TDW7_SSIDSISMR|0.0
P16234|Q8TDW7_TGVLYTAER|0.456
P16234|Q8TDW7_PDMTTMGQF|0.0
P16234|Q8TDW7_SPPMSATAI|0.0
P16234|Q8TDW7_PMSATAIVR|0.0
P16234|Q8TDW7_SNIEYGVTI|0.195
P16234|Q8TDW7_EYGVTILAK|0.003
P16234|Q8TDW7_GNDRTSFLM|0.0
P16234|Q8TDW7_FLMDSKSGV|0.0
P16234|Q8TDW7_FNIDSNTGW|0.0
P16234|Q8TDW7_IDSNTGWIS|0.0
P16234|Q8TDW7_RIPVYSLMA|0.03
P16234|Q8TDW7_AEITYLIRS|0.153
P16234|Q8TDW7_LRLRTLQSN|0.0
P16234|Q8TDW7_IIMYTRANP|0.249
P16234|Q8TDW7_RAPLYFQTL|0.493
P16234|Q8TDW7_PSGGYQCTC|0.399
P16234|Q8TDW7_FRKNYSRNN|0.035
P16234|Q8TDW7_GRNVYQEVG|0.041
P16234|Q6V0I7_FAINSSTGA|0.004
P16234|Q6V0I7_FEVQSSKVP|0.0
P16234|Q6V0I7_GSYVSGISA|0.0
P16234|Q6V0I7_VSGISATDG|0.0
P16234|Q6V0I7_KVVASGGTV|0.0
P16234|Q6V0I7_ASGGTVTGD|0.0
P16234|Q6V0I7_CEEKTVGRL|0.267
P16234|Q6V0I7_IDPESGDLI|0.0
P16234|Q6V0I7_EVSNYTLTV|0.493
P16234|Q6V0I7_FRIDSVTGA|0.0
P16234|Q6V0I7_LVNASDADA|0.0
P16234|Q6V0I7_DADASKNAV|0.0
P16234|Q6V0I7_REKVSHYVL|0.268
P16234|Q6V0I7_DIVISRPLN|0.148
P16234|Q6V0I7_RIRVSAHDS|0.353
P16234|Q6V0I7_CPELTEIGS|0.0
P16234|Q6V0I7_ELNSYGFEE|0.302
P16234|Q6V0I7_EELSYMEFP|0.392
P16234|Q6V0I7_PNNNYIYVK|0.45
P16234|Q6V0I7_SDDWTLDVQ|0.0
P16234|Q6V0I7_IQRHSPLGF|0.0
P16234|Q6V0I7_FARQSPMPL|0.002
P16234|Q6V0I7_SSLTYQPSY|0.321
P16234|Q6V0I7_LGRRSKSPQ|0.0
P16234|Q6V0I7_RRSKSPQAM|0.0
P16234|Q6V0I7_SRPGSRLKQ|0.001
P16234|Q6V0I7_PLESSPPVG|0.0
P16234|Q6V0I7_KPMVYTSRM|0.375
P16234|Q6V0I7_PMVYTSRMP|0.039
P16234|Q6V0I7_MVYTSRMPK|0.402
P16234|Q6V0I7_MPKLSQVNE|0.0
P16234|Q6V0I7_DEDNYGARL|0.454
P16234|Q6V0I7_KDLASLPEK|0.0
P16234|Q6V0I7_EAEQYV___|0.501
P16234|Q5TGI0_QEIDSKDAI|0.0
P16234|Q5TGI0_NGVPSLSPF|0.0
P16234|Q5TGI0_VPSLSPFCL|0.0
P16234|Q5TGI0_PWIEYNHEK|0.375
P16234|Q5TGI0_SLFDSDVDM|0.398
P16234|Q96IV6_SIPDSPKRM|0.024
P16234|Q8TES7_HTRDTTGVS|0.0
P16234|Q8TES7_KSLPSPSSS|0.0
P16234|Q8TES7_LPSPSSSGH|0.0
P16234|Q8TES7_SPSSSGHQN|0.0
P16234|Q8TES7_QPPVTQSKT|0.0
P16234|Q8TES7_KSPSTVRDQ|0.001
P16234|Q8TES7_SIPLTPGDT|0.0
P16234|Q8TES7_TPGDTPIRK|0.0
P16234|Q8TES7_GSKQSPPMA|0.0
P16234|Q8TES7_PMASSPIQP|0.0
P16234|Q8TES7_LFPASPTRE|0.0
P16234|Q8TES7_AHRESSVPV|0.0
P16234|Q8TES7_SVPVTPSVP|0.0
P16234|Q8TES7_PVTPSVPPP|0.0
P16234|Q8TES7_PPPASQHST|0.0
P16234|Q8TES7_ASQHSTPAG|0.0
P16234|Q8TES7_SQHSTPAGL|0.0
P16234|Q8TES7_AKPPTEGAG|0.0
P16234|Q8TES7_EGAGSPAKA|0.0
P16234|Q8TES7_PAKASQASK|0.0
P16234|Q8TES7_SRKKSQGLA|0.0
P16234|Q8TES7_QLQCSPAEL|0.0
P16234|Q8TES7_HELSSRVEA|0.0
P16234|Q8TES7_ERAKSALLE|0.0
P16234|Q8TES7_KIRASELRA|0.0
P16234|Q8TES7_LTSHSA___|0.0
P16234|O95365_AFGASDDDL|0.0
P16234|O95365_DEGDSNPGL|0.0
P16234|O95365_AASLSEAAP|0.0
P16234|O95365_EPGDSPGFL|0.0
P16234|O95365_RHIRTHTGE|0.0
P16234|O95365_IRTHTGEKP|0.006
P16234|O95365_MRVHTGLRP|0.0
P16234|O95365_GATATPGAP|0.0
P16234|O95365_GGGDSGGGP|0.0
P16234|P22087_KPGFSPRGG|0.0
P16234|P22087_GESVYGEKR|0.44
P16234|P22087_QEQLTLEPY|0.417
P16234|P22087_TLEPYERDH|0.223
P16234|Q8WUP2_APMKTPEAG|0.0
P16234|Q8WUP2_AGRPSPWTT|0.0
P16234|Q8WUP2_LAGQSFYQK|0.001
P16234|Q8WUP2_FALGSQNEV|0.0
P16234|Q8WUP2_HENCYRCED|0.437
P16234|Q8WUP2-2_GGWITRSGD|0.0
P16234|Q8WUP2-2_WITRSGDRD|0.0
P16234|P23142_HRMATHQKD|0.0
P16234|P23142_LPYATESKE|0.0
P16234|P23142_GDNASLEAT|0.0
P16234|P23142_QEDPYLNDR|0.118
P16234|P23142_SSCGTGYEL|0.001
P16234|P23142_CGTGYELTE|0.41
P16234|P23142_CGRGYHLNE|0.0
P16234|P23142_IIKRYMDGM|0.0
P16234|P23142_MDGMTVGVV|0.255
P16234|P23142-4_RMGPSSAVP|0.0
P16234|P23142-4_EGFFTTRKV|0.0
P16234|P23142-4_GFFTTRKVS|0.0
P16234|P98095_ALGPSVAAA|0.307
P16234|P98095_EMAVTEQLA|0.0
P16234|P98095_PRRVSEAEM|0.0
P16234|P98095_RLNAYTGVV|0.449
P16234|Q9UBX5_YMRQTGPIS|0.209
P16234|Q9UBX5_PISATLVMT|0.0
P16234|Q53RD9__MVPSSPRA|0.0
P16234|Q53RD9_MVPSSPRAL|0.0
P16234|Q53RD9_HLPKTISFH|0.0
P16234|Q53RD9_PKTISFHYL|0.404
P16234|P35555_CGSRSIQHC|0.0
P16234|P35555_NGRCSNQLP|0.0
P16234|P35555_QLPQSITKM|0.0
P16234|P35555_CFLRYEDEE|0.418
P16234|P35555_KMIPSLCTH|0.0
P16234|P35555_SGNCYLDIR|0.27
P16234|P35555_GFSLSSSGR|0.0
P16234|P35555_FSLSSSGRR|0.0
P16234|P35555_SLSSSGRRC|0.0
P16234|P35555_NECQTKPGI|0.055
P16234|P35555_MDDNSLSPE|0.0
P16234|P35555_LTTLTNHNR|0.0
P16234|P35555_KEGISYLHF|0.41
P16234|P35555_PVAGTYSLQ|0.034
P16234|P35555_VAGTYSLQI|0.418
P16234|P35555_SLQISSTPL|0.0
P16234|P35555_QISSTPLYK|0.26
P16234|P35555_STPLYKKKE|0.429
P16234|P35555_LEDKYDKDY|0.362
P16234|P35555_YDKDYLSGE|0.358
P16234|P35555_KDYLSGELG|0.167
P16234|P35556_VCTKTLCCA|0.0
P16234|P35556_LCCATIGRA|0.0
P16234|P35556_CPPGYVFRT|0.012
P16234|P35556_ECCATLGAA|0.0
P16234|P35556_NECRTKPGI|0.0
P16234|P35556_CACPSGFSF|0.0
P16234|P35556_LMPGTYTLE|0.0
P16234|P35556_MPGTYTLEI|0.0
P16234|P35556_PGTYTLEIT|0.0
P16234|P35556_TLEITSIPL|0.0
P16234|P35556_LEITSIPLY|0.0
P16234|P35556_SIPLYKKKE|0.0
P16234|Q75N90_RFHAYCCPG|0.138
P16234|Q75N90_VSRGSGCSV|0.0
P16234|Q75N90_GSGCSVSCM|0.0
P16234|Q75N90_GCSVSCMNG|0.0
P16234|Q75N90_MNGGTCRGA|0.007
P16234|Q75N90_TLNQTIDIC|0.0
P16234|Q75N90_THVRSTCYG|0.002
P16234|Q75N90_HVRSTCYGA|0.002
P16234|Q75N90_RSTCYGAIE|0.0
P16234|Q75N90_RCHNTEGSY|0.003
P16234|Q96AE4_NDYGYGGQK|0.01
P16234|Q96AE4_MTEEYKVPD|0.02
P16234|Q96AE4_LPERSCMLT|0.0
P16234|Q96AE4_SCMLTGTPE|0.0
P16234|Q96AE4_GTPESVQSA|0.0
P16234|Q96AE4_ESVQSAKRL|0.0
P16234|Q96AE4_TGDPYKVQQ|0.0
P16234|Q96AE4_NEYGSRIGG|0.0
P16234|Q96AE4_KGGETIKSI|0.0
P16234|Q96AE4_QQIDYARQL|0.003
P16234|Q96AE4_AWEEYYKKM|0.423
P16234|Q96AE4_WEEYYKKMG|0.234
P16234|Q96AE4_AWAEYYRQQ|0.002
P16234|Q96AE4_WAEYYRQQA|0.382
P16234|Q96AE4-2_PQNDSFGTQ|0.0
P16234|Q96I24_AKIDSIPHL|0.0
P16234|Q96I24_HLNNSTPLV|0.0
P16234|Q96I24_LNNSTPLVD|0.0
P16234|Q96I24_LVDPSVYGY|0.0
P16234|Q96I24_DPSVYGYGV|0.221
P16234|Q96I24_SVYGYGVQK|0.001
P16234|Q96I24_VLTGTPESI|0.0
P16234|Q96I24_RGGETIKQL|0.0
P16234|Q96I24_SIEVSVPRF|0.0
P16234|Q96I24_RGDWSVGAP|0.0
P16234|Q96I24_VQEITYTVP|0.0
P16234|Q96I24_QEITYTVPA|0.0
P16234|Q96I24_EITYTVPAD|0.0
P16234|Q96I24_AFGQSPFSQ|0.0
P16234|Q96I24_QSPFSQPPA|0.0
P16234|Q96I24_FPPRSSGCF|0.0
P16234|Q96I24_PPRSSGCFP|0.0
P16234|Q96I24_AWEDYYKKQ|0.0
P16234|Q96I24_YKKQSHAAS|0.0
P16234|Q96I24_PPDYTMAWA|0.0
P16234|Q96I24_AWAEYYRQQ|0.0
P16234|P09467_KARGTGELT|0.0
P16234|P09467_IAHLYGIAG|0.031
P16234|P09467_LNEGYARDF|0.005
P16234|P09467_AVTEYIQRK|0.264
P16234|P09467_NSAPYGARY|0.331
P16234|P09467_YGARYVGSM|0.159
P16234|P09467_DVHRTLVYG|0.165
P16234|P09467_RTLVYGGIF|0.121
P16234|P09467_ANKKSPNGK|0.0
P16234|P09467_GGMATTGKE|0.0
P16234|P09467_GMATTGKEA|0.0
P16234|P09467_VILGSPDDV|0.0
P16234|O00757_TLTRYVMEK|0.282
P16234|O00757_QAKGTGELT|0.0
P16234|O00757_NSMLTAIKA|0.0
P16234|O00757_KGKIYSLNE|0.002
P16234|O00757_GYAKYFDAA|0.406
P16234|O00757_YGARYVGSM|0.197
P16234|O00757_RTLVYGGIF|0.263
P16234|O00757_GIFLYPANQ|0.0
P16234|Q9HCM7_ARAQSPSSG|0.0
P16234|Q9HCM7_AQSPSSGDE|0.0
P16234|Q9HCM7_QSPSSGDEP|0.0
P16234|Q9HCM7_PAPRTARPP|0.0
P16234|Q9HCM7_LEAGSPGQD|0.0
P16234|Q9HCM7_GDRDSDDDS|0.0
P16234|Q9HCM7_PLSDSSAHA|0.0
P16234|Q9HCM7_LSDSSAHAV|0.0
P16234|Q9HCM7_GLERSRELS|0.0
P16234|Q9HCM7_PKLDSPYFR|0.035
P16234|Q9HCM7_HGLPSPHEA|0.0
P16234|Q9HCM7_TRLLSRASP|0.0
P16234|Q9HCM7_ASPATPAGH|0.0
P16234|Q9HCM7_GHPVSGLLL|0.0
P16234|Q9HCM7_LRAQSELGR|0.0
P16234|Q9HCM7_RVKESRSPA|0.0
P16234|Q9HCM7_PARASPPHS|0.0
P16234|Q9HCM7_EPHGYSPER|0.196
P16234|Q9HCM7_PRSRTTPLG|0.0
P16234|Q9HCM7_RSRTTPLGG|0.0
P16234|Q9HCM7_EARDYSPSR|0.013
P16234|Q9HCM7_ARDYSPSRN|0.0
P16234|Q9HCM7_DYSPSRNPP|0.0
P16234|Q9HAH7_AQKESPGAP|0.0
P16234|Q9HAH7_PAFASPPDP|0.0
P16234|Q9HAH7_RLHRSPLTF|0.0
P16234|Q9HAH7_RSPLTFPAW|0.0
P16234|Q9HAH7_EAARTPGSD|0.0
P16234|Q9HAH7_DLPFSRPQL|0.0
P16234|Q9HAH7_VSPATPKAR|0.0
P16234|Q9HAH7_AAAATGPQG|0.0
P16234|Q9HAH7_FLGPSPPDR|0.0
P16234|Q9HAH7_AARLYGLEP|0.0
P16234|Q9HAH7_HPLLYSRLA|0.0
P16234|Q9HAH7_AAPGTPHLL|0.0
P16234|Q9HAH7_LLSKTPPGA|0.0
P16234|Q9HAH7_APRPSSPPR|0.0
P16234|Q9HAH7_PRPSSPPRG|0.0
P16234|Q9UKB1_RKRPSEGNY|0.0
P16234|Q9UKB1_QRVISEGML|0.0
P16234|Q9UKB1_TRSPSRTYT|0.0
P16234|Q9UKB1_SPSRTYTYI|0.0
P16234|Q9UKB1_PSRTYTYIS|0.395
P16234|Q9UKB1_SRTYTYISR|0.351
P16234|Q9UKB1_RTYTYISR_|0.417
P16234|Q9UKB1_YTYISR___|0.334
P16234|Q9UKB1-3_LMNTSVMED|0.0
P16234|Q9UKB1-3_NEDESPKKN|0.0
P16234|Q6PIJ6_KEAVTLYLR|0.446
P16234|Q6PIJ6_LRHLYMKWV|0.014
P16234|Q6PIJ6_CAGPTNSLK|0.0
P16234|Q6PIJ6_GPTNSLKYV|0.0
P16234|Q6PIJ6_VVKPTSITV|0.0
P16234|Q6PIJ6_TRRYSEREE|0.003
P16234|Q6PIJ6_SRELSVSGK|0.0
P16234|Q6PIJ6_KRYNSHQMG|0.0
P16234|Q6PIJ6_VGNSSSHNT|0.0
P16234|Q6PIJ6_HNTASQSPD|0.0
P16234|Q6PIJ6_TASQSPDFV|0.0
P16234|Q6PIJ6_DFVRTVNSG|0.0
P16234|Q6PIJ6_RTVNSGGSS|0.0
P16234|Q6PIJ6_EVDVSRQCA|0.0
P16234|Q6PIJ6_QCACSPGGS|0.0
P16234|Q6PIJ6_SPGGSEDSE|0.0
P16234|Q6PIJ6_GSEDSEAME|0.0
P16234|Q6PIJ6_TSRCSDEER|0.0
P16234|Q6PIJ6_EERPSTSRA|0.0
P16234|Q6PIJ6_ERPSTSRAC|0.0
P16234|Q6PIJ6_RPSTSRACV|0.0
P16234|Q6PIJ6_HDERTNGSG|0.0
P16234|Q6PIJ6_RTNGSGSGA|0.0
P16234|Q6PIJ6_NGSGSGATG|0.0
P16234|Q6PIJ6_GSGATGEDR|0.0
P16234|Q6PIJ6_TRARSRLSH|0.0
P16234|Q6PIJ6_RSRLSHVLL|0.0
P16234|Q6PIJ6_NCGITDLVL|0.0
P16234|Q6PIJ6_SWMDTIANI|0.0
P16234|Q6PIJ6_AEPNSFARY|0.434
P16234|Q6PIJ6_VEDDYI___|0.001
P16234|Q4G163_EAYVTLTSK|0.001
P16234|Q4G163_NGADSPPIV|0.0
P16234|Q4G163_HPLESPTQK|0.0
P16234|Q4G163_ASGFSRANN|0.0
P16234|Q4G163_EDSLSDQEG|0.0
P16234|Q4G163_LDILTELKY|0.0
P16234|Q4G163_TELKYRNLK|0.001
P16234|Q4G163_KFYITQLKT|0.008
P16234|Q4G163_GEVLTPLAS|0.0
P16234|Q4G163_VTHLSSKQE|0.0
P16234|Q4G163_THLSSKQEE|0.009
P16234|Q6PJ61_CGGGSRASS|0.0
P16234|Q6PJ61_AQRDSPPTK|0.0
P16234|Q6PJ61_RAPDSGLPS|0.0
P16234|Q6PJ61_SGLPSGGGG|0.0
P16234|Q6PJ61_AYPGSPGPG|0.0
P16234|Q6PJ61_TCDLYQLIS|0.0
P16234|Q6PJ61_ADEASEGDS|0.0
P16234|Q6PJ61_YRHVSHDFL|0.0
P16234|Q9UKT4_CIKDYERLS|0.076
P16234|Q9UKT4_SCIGSPIVS|0.0
P16234|Q9UKT4_STREYVMFR|0.355
P16234|Q9UKT4_SVQKSAAQT|0.0
P16234|Q9UKT4_SAAQTSLKK|0.0
P16234|Q9UKT4_AAQTSLKKD|0.0
P16234|Q9UKT4_QTKLSNQGD|0.0
P16234|Q9UKT4_KGSTYSRHN|0.114
P16234|Q9UKT4_IRCNSPAKY|0.272
P16234|Q9UKT4_SPAKYDCYL|0.287
P16234|Q9UKT4_PLPGTKKSK|0.0
P16234|Q8NHM5_DRQRYDENE|0.351
P16234|Q8NHM5_KDFNYEYVQ|0.4
P16234|Q8NHM5_DPDFTVRDV|0.0
P16234|Q8NHM5_LLVGSRRLV|0.0
P16234|Q8NHM5_MDVNTQKGT|0.0
P16234|Q8NHM5_TQKGTEMSM|0.0
P16234|Q8NHM5_KVKKYCLMS|0.053
P16234|Q8NHM5_PKPPTDGST|0.0
P16234|Q8NHM5_STSPTSTPS|0.0
P16234|Q8NHM5_SPTSTPSED|0.0
P16234|Q8NHM5_FLKRTLSNE|0.0
P16234|Q8NHM5_ESEESVKST|0.0
P16234|Q8NHM5_PKTPTGSPA|0.0
P16234|Q8NHM5_GSPATEVSA|0.09
P16234|Q8NHM5_ATEVSAKWT|0.0
P16234|Q8NHM5_LGPASAVKL|0.0
P16234|Q8NHM5_PGFKYASNL|0.007
P16234|Q8NHM5_FKYASNLPG|0.0
P16234|Q8NHM5_NLPGSLLKE|0.0
P16234|Q8NHM5_AKRRSECEE|0.0
P16234|Q8NHM5_LRRKSDDVH|0.0
P16234|Q8NHM5_PQELSGRKR|0.0
P16234|Q8NHM5_KRASSLQTS|0.0
P16234|Q8NHM5_SLQTSPGSS|0.0
P16234|Q8NHM5_TSPGSSSHL|0.0
P16234|Q8NHM5_PLGSSLSPW|0.0
P16234|Q8NHM5_RSSLTYFQQ|0.001
P16234|Q8NHM5_NKELSRELS|0.0
P16234|Q8NHM5_GLNGTPREL|0.0
P16234|Q8NHM5_QLGPSLRSP|0.0
P16234|Q9Y2K7_KTCRSLPSL|0.0
P16234|Q9Y2K7_LKFPTRPKV|0.0
P16234|Q9Y2K7_SPIVSGARR|0.0
P16234|Q9Y2K7_KIRGSYLTV|0.003
P16234|Q9Y2K7_YLTVTLQRP|0.375
P16234|Q9Y2K7_LQAITASSA|0.0
P16234|Q9Y2K7_ITASSANLR|0.0
P16234|Q9Y2K7_LAGCSWSAV|0.0
P16234|Q9Y2K7_RDLLTPPAD|0.0
P16234|Q9Y2K7-5_RGRISNSFR|0.0
P16234|Q9NXK8_TSLPSTLRT|0.0
P16234|Q8NEE6_HHWHSYMED|0.433
P16234|Q8NEE6_LVDETLKCD|0.042
P16234|Q8NEE6_VEKCSRITS|0.0
P16234|Q8NEE6_CKGITDSSL|0.0
P16234|Q8NEE6-3_QITDSAMEM|0.0
P16234|Q8N1E6_RANPSLFPS|0.0
P16234|Q8N1E6_SLFPSLQAR|0.0
P16234|Q9H469_PMEPSGGEQ|0.0
P16234|Q8N461___MSSPGID|0.0
P16234|Q8N461_ITSLSVSDC|0.0
P16234|Q8N461_SLSVSDCIN|0.0
P16234|Q8N461_RKLRSLDLS|0.0
P16234|Q9UF56_SSPASCCKE|0.0
P16234|Q9UF56_FRGPTPSPA|0.0
P16234|Q9UF56_VPACTPCKQ|0.0
P16234|Q9UF56_EKIASRSQN|0.0
P16234|Q9UF56_LSDTSIIAV|0.0
P16234|Q9UF56_KQLGSKCRE|0.0
P16234|Q9UF56_LDNETVMEI|0.0
P16234|Q9UF56_LERAYQMGW|0.008
P16234|Q96ME1_LRVFYARLA|0.25
P16234|Q96ME1_VVRLYLAVL|0.238
P16234|Q96ME1_NLLDSMARN|0.0
P16234|Q96ME1_CPQPSSVFW|0.0
P16234|Q96ME1_CHLFTGESL|0.0
P16234|Q96ME1_FTGESLATC|0.065
P16234|Q6PCT2_LMECTICNE|0.0
P16234|Q6PCT2_NEPPTPRKK|0.0
P16234|Q6PCT2_LLRGSDPGG|0.0
P16234|Q6PCT2_PAVPSPSPQ|0.0
P16234|Q6PCT2_VPSPSPQRE|0.006
P16234|Q6PCT2_PPPRSPEPD|0.0
P16234|Q6PCT2_PEPDTLPLA|0.0
P16234|Q6PCT2_SRRKSLTPP|0.003
P16234|Q6PCT2_RKSLTPPML|0.0
P16234|Q6PCT2_PPMLSGVVR|0.0
P16234|Q6PCT2_PPPDTKPGQ|0.0
P16234|Q6PCT2_KPGQTESRG|0.338
P16234|Q6PCT2_GQTESRGRL|0.0
P16234|Q9UKC9__MVFSNNDE|0.0
P16234|Q96IG2_VNGVTKSRF|0.0
P16234|Q96IG2_LRKLSLRGC|0.0
P16234|Q9UKT6_DEIHTEVSK|0.0
P16234|Q9UKT6_HTEVSKYLG|0.031
P16234|Q9UKT7_DRNSSEEGT|0.0
P16234|Q9UKT7_YLKATHPEL|0.0
P16234|Q9UKT7_FIRHSPKVN|0.35
P16234|Q9UKA2_INFPTNLIR|0.0
P16234|Q9UKA2_LSLKTSLID|0.0
P16234|Q9UKA2_SLKTSLIDM|0.0
P16234|Q9UKA2_LSLGSCVMI|0.0
P16234|Q9UKA2_MIEDYDVIA|0.0
P16234|Q9UKA2_DVIASMIGA|0.0
P16234|Q9UKA1_PYVGTSVKT|0.013
P16234|Q9UKA1_SLPESSAMC|0.0
P16234|Q9UKA1_LPESSAMCR|0.0
P16234|Q8N531_PRPRSAEDW|0.0
P16234|Q8N531_PRGPSAAAK|0.0
P16234|Q8N531_AKEGSPFLT|0.0
P16234|Q8N531_AFLSTPGGS|0.0
P16234|Q8N531_LTSPSPS__|0.0
P16234|Q9UJT9_STDHTPTKA|0.0
P16234|Q9UJT9_IRLASRPQK|0.0
P16234|Q9UJT9_TREASIKLS|0.0
P16234|Q9UJT9_LRYLSIAHC|0.0
P16234|Q9UK96_LGRCSLVCR|0.0
P16234|Q9UK96_SLDSTRWRQ|0.0
P16234|Q9UK96_LDLESSICF|0.0
P16234|Q9UK96_RERRTLSVG|0.0
P16234|Q9UK96_QSPTSPASS|0.0
P16234|Q9UK96_PASSSPKPG|0.0
P16234|Q9UK96_AEVGSDGER|0.0
P16234|Q9UK96_FRNLTYAVR|0.317
P16234|Q9UK96_VANNSISCN|0.0
P16234|Q9UK96_NNSISCNRQ|0.0
P16234|Q86XK2_GAQNSPYQL|0.001
P16234|Q86XK2_PTKNSMEGA|0.0
P16234|Q86XK2_VSGKSQDLS|0.0
P16234|Q86XK2_EVKAYANPT|0.348
P16234|Q8NCQ5_LGLQTLRGP|0.0
P16234|Q8NCQ5_WKKEYITKQ|0.0
P16234|Q8NCQ5_KEYITKQIA|0.0
P16234|Q8NCQ5_ETEEYLIVN|0.0
P16234|Q8NCQ5_NLVLYLSIA|0.0
P16234|Q8NCQ5_FGTEY____|0.003
P16234|Q8IX29_RNQMTPDFS|0.086
P16234|Q8NFZ0_AGPGSPGSA|0.0
P16234|Q8NFZ0_KRSWSSEEE|0.0
P16234|Q8NFZ0_RSWSSEEES|0.0
P16234|Q8NFZ0_RHHLSVPCT|0.0
P16234|Q8NFZ0_VRKKTLVGG|0.237
P16234|Q9UK22_LPGDSGVEF|0.0
P16234|Q9UK22_GVEFTHDES|0.0
P16234|O94952_VRWPSLMKH|0.0
P16234|O94952_KIVASFSKR|0.0
P16234|O94952_VASFSKRFF|0.0
P16234|O94952_KECEYLIGQ|0.0
P16234|O94952_TAALYGVVN|0.446
P16234|O75426_AILNYTKGL|0.0
P16234|O75426_ILNYTKGLY|0.0
P16234|O75426_LAHGYRRFL|0.0
P16234|O75426_CVEVYLQSS|0.313
P16234|O75426_VYLQSSGQR|0.025
P16234|O75426_HHSMTFKQI|0.004
P16234|O75426_PRSYTVQLA|0.427
P16234|Q8TCJ0_RRFNYVVKL|0.268
P16234|Q8TCJ0_AQKNYFNIL|0.0
P16234|Q8TCJ0_ADPDSCFTP|0.066
P16234|Q8TCJ0_DSCFTPVSP|0.304
P16234|Q8TCJ0-3_KGKRTILEM|0.258
P16234|Q8NI29_RGQDTQFWA|0.0
P16234|Q9NVF7_IDEIYRVLR|0.09
P16234|Q9NVF7_MAMEYFDEK|0.555
P16234|Q9NVF7_KLPGSDVSG|0.0
P16234|Q9NVF7_GAGVTVLRR|0.0
P16234|Q9NVF7_RREISELRT|0.0
P16234|Q9NVF7_EVMESAVGN|0.0
P16234|Q9NVF7_EAIDSLRKS|0.0
P16234|Q9NVF7_SLRKSKRLR|0.0
P16234|Q9UK99_SMALSNHYR|0.0
P16234|Q9UK99_NEVFYQCPD|0.329
P16234|Q9UK99_GPDEYEEME|0.467
P16234|Q8TB52_ADRKSYENL|0.335
P16234|Q8TB52_YENLSRDVD|0.0
P16234|Q8TB52_NGLVSVDEE|0.0
P16234|Q8TB52_ETTRSLAAA|0.0
P16234|Q8TB52_GMLNTSVPN|0.0
P16234|Q8TB52_NARESLEDQ|0.0
P16234|Q8TB52_DVCGSLLQS|0.0
P16234|Q8TB52_SLLQSRGMV|0.0
P16234|Q8TB52_KEGRSLRSV|0.0
P16234|Q5XUX0_SEPDTDPEE|0.0
P16234|Q5XUX0_KLEITGVSC|0.0
P16234|Q5XUX0_CRDVYAKLL|0.444
P16234|Q5XUX0_MKFIYTSQY|0.449
P16234|Q5XUX0_KFIYTSQYD|0.002
P16234|Q5XUX0_DNCLTYRRI|0.002
P16234|Q5XUX0_NCLTYRRIY|0.424
P16234|Q5XUX0_LFKGTYGSH|0.012
P16234|Q5XUX0_FKGTYGSHG|0.004
P16234|Q5XUX0_GTYGSHGLE|0.001
P16234|Q969P5_LDEKSGSFV|0.0
P16234|Q969P5_EKSGSFVSD|0.0
P16234|Q969P5_LHVLSEDRL|0.0
P16234|Q969P5_DHPCTANNP|0.0
P16234|Q969P5_SVSLSPQDF|0.0
P16234|Q7Z6M2_LLFLSVPQP|0.0
P16234|Q7Z6M2_VLRTYLELV|0.0
P16234|Q7Z6M2_LKWLSCGFM|0.0
P16234|Q7Z6M2_VTPTSLSSL|0.0
P16234|Q9NWN3_TCKASHITS|0.0
P16234|Q9NWN3_SPVESSLNV|0.0
P16234|Q9NWN3_PVESSLNVK|0.0
P16234|Q9NWN3_LNVKTKKNA|0.0
P16234|Q9NWN3_AFFASHQCS|0.0
P16234|Q9NWN3_SHQCSNRIG|0.0
P16234|Q9NWN3_RRKKSGDLK|0.0
P16234|Q9NWN3_AKLESECLK|0.0
P16234|Q9NWN3_SLCISITVS|0.0
P16234|Q9NWN3_SITVSKVDK|0.0
P16234|Q8N4B4_SGRPSRVHA|0.0
P16234|Q8N4B4_RGLLSCLSK|0.0
P16234|Q8N4B4_LSCLSKSNN|0.0
P16234|Q9UKT5_SEPRSGTNS|0.0
P16234|Q9UKT5_TFWQSVSKE|0.0
P16234|Q9UKT5_MPCFYLAHE|0.426
P16234|Q9UH90_LNSEYGCPL|0.007
P16234|Q9UH90_GCPLSMSRH|0.0
P16234|Q9UH90_PLSMSRHKL|0.0
P16234|Q9UH90_KAVDTSDLG|0.0
P16234|Q9UH90_DLPKSDLIK|0.0
P16234|Q9UH90_HNKSSSAFT|0.0
P16234|Q9UH90_EILKYIAGF|0.098
P16234|Q9UH90_LDSVSLAQL|0.0
P16234|Q8TF61_KRFRSLSSL|0.0
P16234|Q8TF61_FRSLSSLRA|0.346
P16234|Q8TF61_RSLSSLRAH|0.0
P16234|Q8TF61_HTYETLYIL|0.416
P16234|Q8TF61_AVPNTYAVS|0.484
P16234|Q8TF61_VPNTYAVSR|0.435
P16234|Q8TF61_PRRHSTEGE|0.0
P16234|Q8TF61_RRHSTEGEE|0.0
P16234|Q8TF61_EGDVSDVGS|0.0
P16234|Q8TF61_AERVSPSRS|0.0
P16234|Q8TF61_SPSRSNEVI|0.0
P16234|Q8TF61_NEVISPEIL|0.008
P16234|Q8TF61_GKKESKEEY|0.322
P16234|Q8TF61_SKEEYARST|0.324
P16234|Q6P3S6_ASGSYPSPK|0.0
P16234|Q6P3S6_RGGQSQIVI|0.0
P16234|Q6P3S6_PSLNSRPSP|0.0
P16234|Q6P3S6_PSPISATPP|0.0
P16234|Q6P3S6_LVPETREYR|0.0
P16234|Q6P3S6_REYRSQSPV|0.0
P16234|Q6P3S6_YRSQSPVRS|0.0
P16234|Q6P3S6_SPVRSMDEA|0.0
P16234|Q6P3S6_GRWGTLRPR|0.0
P16234|Q6P3S6_EGSLSPARG|0.0
P16234|Q6P3S6_PRRGSLPDQ|0.0
P16234|Q6P3S6_PHVASALAG|0.0
P16234|Q6P3S6_SSPGSPGSQ|0.0
P16234|Q9H4M3-2_RARASGDLP|0.0
P16234|Q9H4M3-2_LHLVSARRR|0.0
P16234|Q9H4M3-2_RRGHSLLGR|0.0
P16234|Q5MNV8_RRQDSAILE|0.0
P16234|Q5MNV8_VNGRTIELA|0.0
P16234|Q5MNV8_CKVFSTPVE|0.0
P16234|Q5MNV8_KEVLYLTMN|0.0
P16234|Q5MNV8_LTMNTPLST|0.0
P16234|Q5MNV8_NTPLST___|0.0
P16234|Q5FWF7_RASLTCRSW|0.0
P16234|Q5FWF7_LLRNYQKSK|0.003
P16234|Q9NRD1_AQSPYRAVV|0.0
P16234|Q9Y3I1_LLPESFICK|0.0
P16234|Q9Y3I1_FRDNTVRVQ|0.001
P16234|Q9NRD0_EGVNYFMSK|0.384
P16234|Q9UK97_EDCHSDTVR|0.0
P16234|Q9UK97_EENESPAET|0.0
P16234|Q9UK97_NGALYEAIK|0.169
P16234|Q9UK97_LEQLSLVCR|0.006
P16234|Q9UK97_HQVEYYRYI|0.004
P16234|Q9UK97_QVEYYRYIR|0.171
P16234|Q5XX13_KNAPYFRCE|0.408
P16234|Q5XX13_NRLFSGKGD|0.0
P16234|Q5XX13_IRDLSSGFS|0.0
P16234|Q5XX13_RDLSSGFSK|0.0
P16234|Q5XX13_ANKVSIPVP|0.0
P16234|Q5XX13_MVGKYERCL|0.254
P16234|Q5XX13_GQLETPGKL|0.0
P16234|Q5XX13_PQVGTATLS|0.0
P16234|Q5XX13_TATLSLKKE|0.0
P16234|Q5XX13_PRIYTALDP|0.176
P16234|Q5XX13_FVLLTVKEE|0.0
P16234|Q5XX13_KMKEYQARE|0.091
P16234|Q5XX13_IDNFTKQGK|0.0
P16234|Q5XX13-2_PIHLSKYIL|0.0
P16234|O95170_KNAPYFRCE|0.134
P16234|O95170_NRLFSGKAD|0.0
P16234|O95170_IRDLSSGFS|0.0
P16234|O95170_ANKVSIPVP|0.0
P16234|O95170_MVGKYERCL|0.0
P16234|Q9UKT8_QKNETLDHL|0.0
P16234|Q9UKT8_FDGKYIVCS|0.413
P16234|Q969U6_DPATSPCRI|0.0
P16234|Q969U6_PHQMTTAGP|0.0
P16234|Q969U6_HQMTTAGPV|0.0
P16234|Q969H0_RIRASNTKL|0.0
P16234|Q969H0_RASNTKLVC|0.0
P16234|Q969H0_CAVGSRNGT|0.007
P16234|Q969H0_SRNGTEETK|0.023
P16234|Q969H0_GTEETKLLV|0.0
P16234|Q8N3Y1_AARATRAEG|0.0
P16234|Q8N3Y1_SRSRSPLAR|0.0
P16234|Q8N3Y1_WDLRTGKYP|0.0
P16234|Q8N3Y1_RTGKYPVHR|0.433
P16234|Q8N3Y1_ADLDSFTTH|0.0
P16234|Q5XUX1_DDSRTWDDD|0.0
P16234|Q5XUX1_SDPESETDP|0.0
P16234|Q5XUX1_PESETDPDA|0.019
P16234|Q5XUX1_GLAFSRPSQ|0.0
P16234|Q5XUX1_FSRPSQLST|0.0
P16234|Q5XUX1_PSQLSTPAA|0.0
P16234|Q5XUX1_SPSASEPRA|0.0
P16234|Q5XUX1_EIKASSAVL|0.0
P16234|Q5XUX1_IKASSAVLC|0.0
P16234|Q5XUX1_DILVTGTYD|0.155
P16234|Q5XUX1_LVTGTYDKK|0.416
P16234|Q5XUX1_QLIRSFDVG|0.0
P16234|Q5XUX1_DVGHSFPIT|0.0
P16234|Q8WWV6_LQGSSFALP|0.0
P16234|Q8WWV6_HQRKYWCRL|0.394
P16234|Q8WWV6_DTVASTPGT|0.0
P16234|Q8WWV6_PIPESPPSK|0.0
P16234|Q8WWV6_RSSVTNRAR|0.0
P16234|Q8WWV6_RARASKDRR|0.0
P16234|Q8WWV6_APVSTMLAL|0.0
P16234|P30273_SYEKSDGVY|0.056
P16234|P30273_TGLSTRNQE|0.165
P16234|P30273_RNQETYETL|0.051
P16234|P30273_ETYETLKHE|0.0
P16234|P06734_PTSRSQGED|0.0
P16234|P06734_MMRGSGRWN|0.0
P16234|Q9Y324_KTRKYATMK|0.364
P16234|Q9Y324_RKYATMKRM|0.023
P16234|Q9Y324_KRMLSLRDQ|0.0
P16234|Q9Y324_VPIMYISNH|0.004
P16234|Q9Y6R7_KAIGYATAA|0.028
P16234|Q9Y6R7_IGYATAADC|0.0
P16234|Q9Y6R7_SRRVSYVGL|0.001
P16234|Q9Y6R7_RISVTQGAS|0.0
P16234|Q9Y6R7_TQGASKALL|0.0
P16234|P12314_SYRITSASV|0.001
P16234|P12314_YRITSASVN|0.027
P16234|P12314_ITSASVNDS|0.0
P16234|P12314_YNVLYYRNG|0.446
P16234|P12314_DLEISLDSG|0.002
P16234|P12314_KVISSLQED|0.209
P16234|Q92637_SYRITSASV|0.111
P16234|Q92637_YRITSASVN|0.161
P16234|Q92637_ITSASVNDS|0.0
P16234|Q92637_DKLVYNVLY|0.441
P16234|Q92637_NVLYYRNGK|0.492
P16234|Q92637_KVISSLQED|0.335
P16234|P12318_VALIYCRKK|0.397
P16234|P12318_QLEETNNDY|0.264
P16234|P12318_NDYETADGG|0.367
P16234|P12318_GGYMTLNPR|0.039
P16234|P12318_PRAPTDDDK|0.0
P16234|P31994-2_KKRISANPT|0.0
P16234|P31995_PRAPTDDDK|0.0
P16234|P08637_IPKATLKDS|0.162
P16234|P08637_TLKDSGSYF|0.019
P16234|P08637_KDSGSYFCR|0.387
P16234|P08637_DSGSYFCRG|0.441
P16234|O75015_IPKATLKDS|0.023
P16234|O75015_TLKDSGSYF|0.0
P16234|O75015_KDSGSYFCR|0.303
P16234|O75015_DSGSYFCRG|0.437
P16234|P55899_HASSSLTVK|0.0
P16234|O14526_FEVLYHSVK|0.143
P16234|O14526_GPISTKELA|0.0
P16234|O14526_LRRESTSQK|0.125
P16234|O14526_PRKFYVHIK|0.613
P16234|O14526_ATAGSLILP|0.0
P16234|O14526_GPGGTMKRH|0.0
P16234|O14526_PRTSSCAER|0.0
P16234|O14526_ERLQSEEQV|0.0
P16234|O14526_PLPDSPQPL|0.0
P16234|O14526_QPLASSPGP|0.0
P16234|O14526_PLASSPGPW|0.0
P16234|O14526_SRKVSCPLT|0.013
P16234|O14526_DLSRSLSPS|0.0
P16234|O14526_SRSLSPSPL|0.0
P16234|O14526_SLSPSPLGS|0.0
P16234|O14526_GHGVSRGPS|0.0
P16234|O14526_LARVTGELT|0.001
P16234|O14526_QPAATWNLE|0.0
P16234|O14526_EKRLTWRLP|0.001
P16234|Q0JRZ9_FDVLYHNMK|0.193
P16234|Q0JRZ9_RKRKTFALP|0.0
P16234|Q0JRZ9_PDADSLNIP|0.0
P16234|Q0JRZ9_DEEGYSIKP|0.001
P16234|Q0JRZ9_HPNNSHHTM|0.0
P16234|Q0JRZ9_ELKVSIGNI|0.0
P16234|Q0JRZ9_NEELTKSKP|0.0
P16234|Q0JRZ9_ARPTTPLSV|0.0
P16234|Q0JRZ9_PRPASRPKL|0.0
P16234|Q0JRZ9_RPKLTSGKL|0.0
P16234|Q0JRZ9_RAESSSSIS|0.0
P16234|Q0JRZ9_SAANTPTVG|0.0
P16234|Q0JRZ9_TVGVSRGPS|0.0
P16234|Q0JRZ9_PSPVSLGNQ|0.0
P16234|Q0JRZ9_PAASYYNVD|0.418
P16234|Q0JRZ9_NLATYWKCS|0.0
P16234|Q0JRZ9_KCSASTTDL|0.0
P16234|Q86WN1_EGHRSGEMD|0.0
P16234|Q86WN1_GEMDSRGRT|0.0
P16234|Q86WN1_LRKGTENLQ|0.0
P16234|Q86WN1_EVLQSVREL|0.395
P16234|Q86WN1_KALVSELSE|0.0
P16234|Q86WN1_TSQVSWEQD|0.0
P16234|Q86WN1_ERRLSEARL|0.179
P16234|Q86WN1_EARLSQRDL|0.0
P16234|O94868_LQKASVKLK|0.0
P16234|O94868_KARRSECNS|0.0
P16234|O94868_QDRYYQTDL|0.368
P16234|O94868_RKWATRVAR|0.209
P16234|O94868_PTSNSLLSM|0.0
P16234|O94868_EIQISPSPK|0.0
P16234|O94868_QISPSPKPH|0.001
P16234|O94868_PLPLYDQPP|0.416
P16234|O94868_QPPSSPYPS|0.013
P16234|O94868_PSSPYPSPD|0.0
P16234|O94868_SPYPSPDKR|0.12
P16234|O94868_PDKRSSLYF|0.376
P16234|O94868_RSSLYFPRS|0.033
P16234|O94868_PRSPSANEK|0.106
P16234|O94868_ANEKSLHAE|0.0
P16234|O94868_LHAESPGFS|0.0
P16234|O94868_SPGFSQASR|0.0
P16234|O94868_FSQASRHTP|0.0
P16234|O94868_ASRHTPETS|0.0
P16234|O94868_HTPETSYGK|0.28
P16234|O94868_TPETSYGKL|0.303
P16234|O94868_PETSYGKLR|0.222
P16234|O75072_YYKHYLSTK|0.127
P16234|O75072_KHYLSTKNG|0.001
P16234|O75072_AFRKSAKEL|0.0
P16234|O75072_KVEDSLELS|0.0
P16234|O75636_LNGRYAVSE|0.385
P16234|Q96LA6_IASPSHPTE|0.0
P16234|Q96LA6_GWSSSPKLQ|0.0
P16234|Q96LA6_EDTGSYWCE|0.234
P16234|Q96LA6_DTGSYWCEA|0.0
P16234|Q96LA6_QTMASKVLR|0.094
P16234|Q96LA6-3_TLNFTGRRS|0.0
P16234|Q96LA6-4_AENGYGPSP|0.0
P16234|Q96LA6-4_GYGPSPSGL|0.0
P16234|Q96LA6-4_GPSPSGLVS|0.0
P16234|Q96LA5_FHKISGESS|0.0
P16234|Q96LA5_ISGESSATN|0.0
P16234|Q96LA5_SGESSATNE|0.0
P16234|Q96LA5_ESSATNEPR|0.184
P16234|Q96LA5_SQVIYSSVK|0.019
P16234|Q96P31_HQKVYYKDG|0.443
P16234|Q96P31_QKVYYKDGK|0.339
P16234|Q96P31_DNSKYHCTA|0.0
P16234|Q96P31_HCTAYRKFY|0.349
P16234|Q96P31_GLVLSILVL|0.0
P16234|Q96P31_TSSHSPSEC|0.0
P16234|Q96P31_SHSPSECQE|0.0
P16234|Q96PJ5_GEKLTLTPG|0.0
P16234|Q96PJ5_KLTLTPGNT|0.0
P16234|Q96PJ5_TPGNTLEVR|0.167
P16234|Q96PJ5_GNILSISNK|0.0
P16234|Q96PJ5_ILSISNKSW|0.0
P16234|Q96PJ5_LGDETRLPP|0.0
P16234|Q96PJ5_LQSLYVDVH|0.445
P16234|Q96PJ5_GDLVYSEIQ|0.521
P16234|Q96PJ5_VSVVYSEVK|0.444
P16234|Q96PJ5_SEVKTQHPD|0.0
P16234|Q96RD9_CKAATMPYS|0.428
P16234|Q96RD9_VISDSPRSW|0.233
P16234|Q96RD9_LHCETQEDS|0.058
P16234|Q96RD9_LRHKSVRCE|0.0
